data_processed/toy_model/results_post.ecsv
# %ECSV 1.0
# ---
# datatype:
# - {name: Name, datatype: string}
# - {name: Significant, datatype: bool}
# - {name: 'Sigma [diff]', datatype: float64}
# - {name: KS-EDF, datatype: float64}
# - {name: KS-EDF Unc, datatype: float64}
# - {name: Var. Sub., datatype: float64}
# - {name: Var. Sub. Unc, datatype: int32}
# - {name: Wgt. Mean, datatype: float64}
# - {name: Wgt. Mean Unc, datatype: float64}
# schema: astropy-2.0
Name Significant "Sigma [diff]" KS-EDF "KS-EDF Unc" "Var. Sub." "Var. Sub. Unc" "Wgt. Mean" "Wgt. Mean Unc"
[from data line 305]
toy_5_2.356194490192345_4.71238898038469_2.356194490192345.ecsv True nan 0.10619994994994642 0.7221464034289004 nan 1 0.031703186713728175 0.0006597661226801813
toy_5_2.356194490192345_4.71238898038469_3.141592653589793.ecsv True nan 0.18628785035034667 0.6866446456525294 nan 1 0.019025688373184295 0.0005543825385345104
toy_5_2.356194490192345_4.71238898038469_4.71238898038469.ecsv True nan 0.13989380005004648 0.6751716543828862 nan 1 0.021254843014154756 0.0005476399249946497
toy_5_2.356194490192345_4.71238898038469_5.497787143782138.ecsv True nan 0.2346252502502466 0.6775306975001127 nan 1 0.02357711660764312 0.0005378061859188537
toy_5_2.356194490192345_5.497787143782138_0.7853981633974483.ecsv True nan 0.18238160035034667 0.7022907590243592 nan 1 0.02128725233917346 0.0006181480878559194
toy_5_2.356194490192345_5.497787143782138_1.5707963267948966.ecsv True nan 0.13989380005004648 0.684301471771434 nan 1 0.026868846886435448 0.0005922695350726314
toy_5_2.356194490192345_5.497787143782138_2.356194490192345.ecsv True nan 0.038812249749746286 0.7224078036580674 nan 1 0.032471304526975345 0.0006949768830605235
toy_5_2.356194490192345_5.497787143782138_4.71238898038469.ecsv True nan 0.13989380005004648 0.6583941548651823 nan 1 0.020858867841651765 0.0005490762851561316
toy_5_2.356194490192345_5.497787143782138_5.497787143782138.ecsv True nan 0.1486877502502466 0.6853659950593968 nan 1 0.028420231807243644 0.0006558675741579918
toy_5_3.141592653589793_3.9269908169872414_0.7853981633974483.ecsv True nan 0.13989380005004648 0.717334754272221 nan 1 0.0259816144391952 0.0006215452773900269
toy_5_3.141592653589793_3.9269908169872414_1.5707963267948966.ecsv True nan 0.09838744994994642 0.6886443846085544 nan 1 0.031579216056221625 0.0006632313534806829
toy_5_3.141592653589793_3.9269908169872414_4.71238898038469.ecsv True nan 0.2346252502502466 0.6560788308984222 nan 1 0.025528562824797645 0.0005409584236985795
toy_5_3.141592653589793_3.9269908169872414_5.497787143782138.ecsv True nan 0.1682190002502466 0.69277768134661 nan 1 0.023049942304194194 0.0005840132015657738
toy_5_3.141592653589793_4.71238898038469_0.0.ecsv True nan 0.13989380005004648 0.6904758760602793 nan 1 0.025546067209262988 0.0005749266555999617
toy_5_3.141592653589793_4.71238898038469_0.7853981633974483.ecsv True nan 0.10619994994994642 0.7211816776158413 nan 1 0.025985500920179476 0.0005827910681273261
toy_5_3.141592653589793_4.71238898038469_1.5707963267948966.ecsv True nan 0.10619994994994642 0.7221464034289004 nan 1 0.03170318671372819 0.0006597661226801813
toy_5_3.141592653589793_4.71238898038469_2.356194490192345.ecsv True nan 0.18628785035034667 0.6866446456525294 nan 1 0.019025688373184295 0.0005543825385345104
toy_5_3.141592653589793_4.71238898038469_3.9269908169872414.ecsv True nan 0.13989380005004648 0.6751716543828862 nan 1 0.021254843014154756 0.0005476399249946497
toy_5_3.141592653589793_4.71238898038469_4.71238898038469.ecsv True nan 0.2346252502502466 0.6775306975001127 nan 1 0.02357711660764312 0.0005378061859188537
toy_5_3.141592653589793_4.71238898038469_5.497787143782138.ecsv True nan 0.13989380005004648 0.6870147882462309 nan 1 0.024161192952363825 0.0005564994734487825
toy_5_3.141592653589793_5.497787143782138_0.7853981633974483.ecsv True nan 0.13989380005004648 0.7173347542722215 nan 1 0.025981614439195187 0.0006215452773900271
toy_5_3.141592653589793_5.497787143782138_1.5707963267948966.ecsv True nan 0.09838744994994642 0.6886443846085545 nan 1 0.031579216056221625 0.0006632313534806829
toy_5_3.141592653589793_5.497787143782138_4.71238898038469.ecsv True nan 0.2346252502502466 0.6560788308984222 nan 1 0.02552856282479765 0.0005409584236985796
toy_5_3.141592653589793_5.497787143782138_5.497787143782138.ecsv True nan 0.1682190002502466 0.69277768134661 nan 1 0.0230499423041942 0.0005840132015657738
toy_5_3.9269908169872414_0.0_0.0.ecsv True nan 0.042718499749746286 0.756244410563057 nan 1 0.019060238529289772 0.0006114691520609182
toy_5_3.9269908169872414_3.141592653589793_0.0.ecsv True nan 0.042718499749746286 0.756244410563057 nan 1 0.019060238529289772 0.0006114691520609182
toy_5_3.9269908169872414_3.9269908169872414_0.0.ecsv True nan 0.042718499749746286 0.7422669475832984 nan 1 0.02117611706661296 0.0006098438776554684
toy_5_3.9269908169872414_3.9269908169872414_0.7853981633974483.ecsv True nan 0.011468499749746286 0.7225850808458815 nan 1 0.030875715337774015 0.0006960206486200219
toy_5_3.9269908169872414_3.9269908169872414_1.5707963267948966.ecsv True nan 0.18628785035034667 0.6727299832034295 nan 1 0.019329767936084465 0.0005586448171489726
toy_5_3.9269908169872414_3.9269908169872414_3.9269908169872414.ecsv True nan 0.1721252502502466 0.6895347598892022 nan 1 0.025820413069660715 0.0006563718225166524
toy_5_3.9269908169872414_3.9269908169872414_4.71238898038469.ecsv True nan 0.2346252502502466 0.6645284090984124 nan 1 0.02584194483573815 0.0005552888603759124
toy_5_3.9269908169872414_3.9269908169872414_5.497787143782138.ecsv True nan 0.13989380005004648 0.7046727058090152 nan 1 0.024975449752259717 0.000597993913141915
toy_5_3.9269908169872414_4.71238898038469_0.0.ecsv True nan 0.10619994994994642 0.7211816776158413 nan 1 0.025985500920179476 0.0005827910681273261
toy_5_3.9269908169872414_4.71238898038469_0.7853981633974483.ecsv True nan 0.10619994994994642 0.7221464034289004 nan 1 0.031703186713728175 0.0006597661226801813
toy_5_3.9269908169872414_4.71238898038469_1.5707963267948966.ecsv True nan 0.18628785035034667 0.6866446456525294 nan 1 0.019025688373184288 0.0005543825385345104
toy_5_3.9269908169872414_4.71238898038469_3.141592653589793.ecsv True nan 0.13989380005004648 0.6751716543828862 nan 1 0.021254843014154756 0.0005476399249946497
toy_5_3.9269908169872414_4.71238898038469_3.9269908169872414.ecsv True nan 0.2346252502502466 0.6775306975001126 nan 1 0.02357711660764312 0.0005378061859188537
toy_5_3.9269908169872414_4.71238898038469_4.71238898038469.ecsv True nan 0.13989380005004648 0.6870147882462309 nan 1 0.024161192952363825 0.0005564994734487825
toy_5_3.9269908169872414_4.71238898038469_5.497787143782138.ecsv True nan 0.13989380005004648 0.6904758760602793 nan 1 0.02554606720926298 0.0005749266555999617
toy_5_3.9269908169872414_5.497787143782138_0.0.ecsv True nan 0.042718499749746286 0.7422669475832984 nan 1 0.021176117066612966 0.0006098438776554684
toy_5_3.9269908169872414_5.497787143782138_0.7853981633974483.ecsv True nan 0.011468499749746286 0.7225850808458815 nan 1 0.030875715337773994 0.0006960206486200217
toy_5_3.9269908169872414_5.497787143782138_1.5707963267948966.ecsv True nan 0.18628785035034667 0.6727299832034295 nan 1 0.019329767936084465 0.0005586448171489726
toy_5_3.9269908169872414_5.497787143782138_3.9269908169872414.ecsv True nan 0.1721252502502466 0.6895347598892022 nan 1 0.025820413069660722 0.0006563718225166524
toy_5_3.9269908169872414_5.497787143782138_4.71238898038469.ecsv True nan 0.2346252502502466 0.6645284090984124 nan 1 0.025841944835738158 0.0005552888603759124
toy_5_3.9269908169872414_5.497787143782138_5.497787143782138.ecsv True nan 0.13989380005004648 0.7046727058090152 nan 1 0.024975449752259724 0.000597993913141915
toy_5_4.71238898038469_0.0_5.497787143782138.ecsv True nan 0.10619994994994642 0.7132504816384451 nan 1 0.02951217985776635 0.0006939921546932047
toy_5_4.71238898038469_3.141592653589793_5.497787143782138.ecsv True nan 0.10619994994994642 0.713250481638445 nan 1 0.02951217985776635 0.0006939921546932047
toy_5_4.71238898038469_3.9269908169872414_0.0.ecsv True nan 0.042718499749746286 0.7496766430848408 nan 1 0.02827534558773439 0.0006823254191328168
toy_5_4.71238898038469_3.9269908169872414_0.7853981633974483.ecsv True nan 0.13452515015014654 0.7073660112517075 nan 1 0.022714522265752858 0.000603286477017888
toy_5_4.71238898038469_3.9269908169872414_1.5707963267948966.ecsv True nan 0.13989380005004648 0.6668293762977607 nan 1 0.02050770529002177 0.000557854446532158
toy_5_4.71238898038469_3.9269908169872414_3.9269908169872414.ecsv True nan 0.1760315002502466 0.6969570917736705 nan 1 0.023021218630112868 0.000598495409492725
toy_5_4.71238898038469_3.9269908169872414_4.71238898038469.ecsv True nan 0.10619994994994642 0.6776916927537637 nan 1 0.02688120376121507 0.0005811689593095978
toy_5_4.71238898038469_3.9269908169872414_5.497787143782138.ecsv True nan 0.011468499749746286 0.7126963624891395 nan 1 0.031840079272753785 0.0006900858806085145
toy_5_4.71238898038469_4.71238898038469_0.0.ecsv True nan 0.10619994994994642 0.7221464034289004 nan 1 0.031703186713728175 0.0006597661226801813
toy_5_4.71238898038469_4.71238898038469_0.7853981633974483.ecsv True nan 0.18628785035034667 0.6866446456525294 nan 1 0.019025688373184295 0.0005543825385345104
toy_5_4.71238898038469_4.71238898038469_2.356194490192345.ecsv True nan 0.13989380005004648 0.6751716543828862 nan 1 0.021254843014154756 0.0005476399249946497
toy_5_4.71238898038469_4.71238898038469_3.141592653589793.ecsv True nan 0.2346252502502466 0.6775306975001127 nan 1 0.02357711660764312 0.0005378061859188537
toy_5_4.71238898038469_4.71238898038469_3.9269908169872414.ecsv True nan 0.13989380005004648 0.6870147882462309 nan 1 0.024161192952363825 0.0005564994734487825
toy_5_4.71238898038469_4.71238898038469_4.71238898038469.ecsv True nan 0.13989380005004648 0.6904758760602793 nan 1 0.02554606720926298 0.0005749266555999617
toy_5_4.71238898038469_4.71238898038469_5.497787143782138.ecsv True nan 0.10619994994994642 0.7211816776158413 nan 1 0.025985500920179476 0.0005827910681273261
toy_5_4.71238898038469_5.497787143782138_0.0.ecsv True nan 0.042718499749746286 0.7496766430848408 nan 1 0.02827534558773439 0.0006823254191328168
toy_5_4.71238898038469_5.497787143782138_0.7853981633974483.ecsv True nan 0.13452515015014654 0.7073660112517074 nan 1 0.022714522265752844 0.0006032864770178879
toy_5_4.71238898038469_5.497787143782138_1.5707963267948966.ecsv True nan 0.13989380005004648 0.6668293762977607 nan 1 0.02050770529002177 0.000557854446532158
toy_5_4.71238898038469_5.497787143782138_3.9269908169872414.ecsv True nan 0.1760315002502466 0.6969570917736706 nan 1 0.02302121863011288 0.000598495409492725
toy_5_4.71238898038469_5.497787143782138_4.71238898038469.ecsv True nan 0.10619994994994642 0.6776916927537637 nan 1 0.02688120376121507 0.0005811689593095978
toy_5_4.71238898038469_5.497787143782138_5.497787143782138.ecsv True nan 0.011468499749746286 0.7126963624891395 nan 1 0.03184007927275378 0.0006900858806085144
toy_5_5.497787143782138_3.9269908169872414_1.5707963267948966.ecsv True nan 0.13989380005004648 0.6583941548651823 nan 1 0.020858867841651765 0.0005490762851561316
toy_5_5.497787143782138_3.9269908169872414_2.356194490192345.ecsv True nan 0.1486877502502466 0.6853659950593968 nan 1 0.02842023180724363 0.0006558675741579918
toy_5_5.497787143782138_3.9269908169872414_3.9269908169872414.ecsv True nan 0.09400025025024661 0.7022907590243592 nan 1 0.021307152393844682 0.0006181480878559194
toy_5_5.497787143782138_3.9269908169872414_4.71238898038469.ecsv True nan 0.13989380005004648 0.684301471771434 nan 1 0.026868846886435448 0.0005922695350726314
toy_5_5.497787143782138_3.9269908169872414_5.497787143782138.ecsv True nan 0.038812249749746286 0.7224078036580674 nan 1 0.032493804947439704 0.0006949768830605235
toy_5_5.497787143782138_4.71238898038469_0.0.ecsv True nan 0.18628785035034667 0.6866446456525294 nan 1 0.019025688373184295 0.0005543825385345104
toy_5_5.497787143782138_4.71238898038469_1.5707963267948966.ecsv True nan 0.13989380005004648 0.6751716543828862 nan 1 0.021254843014154756 0.0005476399249946497
toy_5_5.497787143782138_4.71238898038469_2.356194490192345.ecsv True nan 0.2346252502502466 0.6775306975001127 nan 1 0.02357711660764312 0.0005378061859188537
toy_5_5.497787143782138_4.71238898038469_3.141592653589793.ecsv True nan 0.13989380005004648 0.6870147882462309 nan 1 0.024161192952363825 0.0005564994734487825
toy_5_5.497787143782138_4.71238898038469_3.9269908169872414.ecsv True nan 0.13989380005004648 0.690475876060279 nan 1 0.02554606720926298 0.0005749266555999617
toy_5_5.497787143782138_4.71238898038469_4.71238898038469.ecsv True nan 0.10619994994994642 0.7211816776158413 nan 1 0.025985500920179476 0.0005827910681273261
toy_5_5.497787143782138_4.71238898038469_5.497787143782138.ecsv True nan 0.10619994994994642 0.7221464034289002 nan 1 0.031703186713728175 0.0006597661226801813
toy_5_5.497787143782138_5.497787143782138_1.5707963267948966.ecsv True nan 0.13989380005004648 0.6583941548651823 nan 1 0.020858867841651765 0.0005490762851561316
toy_5_5.497787143782138_5.497787143782138_2.356194490192345.ecsv True nan 0.1486877502502466 0.6853659950593968 nan 1 0.028420231807243644 0.0006558675741579918
toy_5_5.497787143782138_5.497787143782138_3.9269908169872414.ecsv True nan 0.09400025025024661 0.7022907590243592 nan 1 0.02130715239384469 0.0006181480878559194
toy_5_5.497787143782138_5.497787143782138_4.71238898038469.ecsv True nan 0.13989380005004648 0.684301471771434 nan 1 0.026868846886435448 0.0005922695350726314
toy_5_5.497787143782138_5.497787143782138_5.497787143782138.ecsv True nan 0.038812249749746286 0.7224078036580674 nan 1 0.032493804947439704 0.0006949768830605235
