data_processed/toy_model/results_post.ecsv
# %ECSV 1.0
# ---
# datatype:
# - {name: Name, datatype: string}
# - {name: Significant, datatype: bool}
# - {name: 'Sigma [diff]', datatype: float64}
# - {name: KS-EDF, datatype: float64}
# - {name: KS-EDF Unc, datatype: float64}
# - {name: Var. Sub., datatype: float64}
# - {name: Var. Sub. Unc, datatype: int32}
# - {name: Wgt. Mean, datatype: float64}
# - {name: Wgt. Mean Unc, datatype: float64}
# schema: astropy-2.0
Name Significant "Sigma [diff]" KS-EDF "KS-EDF Unc" "Var. Sub." "Var. Sub. Unc" "Wgt. Mean" "Wgt. Mean Unc"
[from data line 204]
toy_3_4.71238898038469_5.497787143782138_1.5707963267948966.ecsv True nan 0.01683714964964622 0.726949459156917 nan 1 0.02348953803021829 0.0005869151821862129
toy_3_4.71238898038469_5.497787143782138_2.356194490192345.ecsv True nan 0.01683714964964622 0.7640882395048822 nan 1 0.041300526404441776 0.0007750716063945255
toy_3_4.71238898038469_5.497787143782138_3.141592653589793.ecsv True nan 0.03636839964964622 0.7954164284348575 nan 1 0.027261572478895102 0.0007366758145932753
toy_3_4.71238898038469_5.497787143782138_3.9269908169872414.ecsv True nan 0.01683714964964622 0.7727063758857683 nan 1 0.032993760518259876 0.0007461501799735375
toy_3_4.71238898038469_5.497787143782138_4.71238898038469.ecsv True nan 0.01683714964964622 0.724687670415343 nan 1 0.031899802451499495 0.0006666494500773791
toy_3_4.71238898038469_5.497787143782138_5.497787143782138.ecsv True nan 0.01683714964964622 0.7539813876236091 nan 1 0.03754815841517063 0.0007853896421452717
toy_3_5.497787143782138_0.0_0.7853981633974483.ecsv True nan 0.03246214964964622 0.7621341301537908 nan 1 0.022363913700871985 0.0008000633678595323
toy_3_5.497787143782138_0.0_3.141592653589793.ecsv True nan 0.03246214964964622 0.8087983185304285 nan 1 0.019853231970506202 0.00076101315591148
toy_3_5.497787143782138_0.0_5.497787143782138.ecsv True nan 0.03246214964964622 0.7603776108567964 nan 1 0.021927491165118843 0.0008003546392230357
toy_3_5.497787143782138_3.141592653589793_0.7853981633974483.ecsv True nan 0.03246214964964622 0.7621341301537908 nan 1 0.02236391370087197 0.0008000633678595322
toy_3_5.497787143782138_3.141592653589793_3.141592653589793.ecsv True nan 0.03246214964964622 0.8087983185304285 nan 1 0.019853231970506202 0.00076101315591148
toy_3_5.497787143782138_3.141592653589793_5.497787143782138.ecsv True nan 0.03246214964964622 0.7603776108567964 nan 1 0.021927491165118856 0.0008003546392230358
toy_3_5.497787143782138_3.9269908169872414_0.0.ecsv True nan 0.03246214964964622 0.7778630548957056 nan 1 0.015374797659801195 0.0007317598012576395
toy_3_5.497787143782138_3.9269908169872414_0.7853981633974483.ecsv True nan 0.01683714964964622 0.7584972960038089 nan 1 0.02660364805412449 0.0007383950089878356
toy_3_5.497787143782138_3.9269908169872414_1.5707963267948966.ecsv True nan 0.062249749749746286 0.7302489138029357 nan 1 0.04393048301796813 0.0007219971364747898
toy_3_5.497787143782138_3.9269908169872414_2.356194490192345.ecsv True nan 0.01683714964964622 0.7674534586399895 nan 1 0.036047588936906946 0.0007536437829791925
toy_3_5.497787143782138_3.9269908169872414_3.141592653589793.ecsv True nan 0.03246214964964622 0.7981892845357852 nan 1 0.02496163722078923 0.0007479927858320264
toy_3_5.497787143782138_3.9269908169872414_3.9269908169872414.ecsv True nan 0.03246214964964622 0.7563072702642035 nan 1 0.030920920072390237 0.0007286432137034448
toy_3_5.497787143782138_3.9269908169872414_4.71238898038469.ecsv True nan 0.01683714964964622 0.7151717875008826 nan 1 0.022760632594215596 0.0005720135546396038
toy_3_5.497787143782138_3.9269908169872414_5.497787143782138.ecsv True nan 0.01683714964964622 0.7710217959292366 nan 1 0.028288519848415322 0.000765332461838334
toy_3_5.497787143782138_4.71238898038469_0.0.ecsv True nan 0.01683714964964622 0.7461153980417641 nan 1 0.020596375396390768 0.0005805923135326098
toy_3_5.497787143782138_4.71238898038469_0.7853981633974483.ecsv True nan 0.01683714964964622 0.7461289321997013 nan 1 0.02258328458297172 0.0005860435494796087
toy_3_5.497787143782138_4.71238898038469_1.5707963267948966.ecsv True nan 0.01683714964964622 0.7487225288731086 nan 1 0.03882180884293639 0.0006940473074612167
toy_3_5.497787143782138_4.71238898038469_2.356194490192345.ecsv True nan 0.01683714964964622 0.77270271345641 nan 1 0.038879198182112426 0.0006761747565418429
toy_3_5.497787143782138_4.71238898038469_3.141592653589793.ecsv True nan 0.01683714964964622 0.7776074439155243 nan 1 0.03480736380463674 0.0006913632005335587
toy_3_5.497787143782138_4.71238898038469_3.9269908169872414.ecsv True nan 0.01683714964964622 0.741378561705585 nan 1 0.031634092613927495 0.0006660180010532379
toy_3_5.497787143782138_4.71238898038469_4.71238898038469.ecsv True nan 0.01683714964964622 0.7331812769673683 nan 1 0.02412519241787635 0.000574872513104829
toy_3_5.497787143782138_4.71238898038469_5.497787143782138.ecsv True nan 0.01683714964964622 0.7541147170006103 nan 1 0.019652770498888916 0.0005892721368916163
toy_3_5.497787143782138_5.497787143782138_0.0.ecsv True nan 0.03246214964964622 0.7778630548957055 nan 1 0.01537479765980121 0.0007317598012576395
toy_3_5.497787143782138_5.497787143782138_0.7853981633974483.ecsv True nan 0.01683714964964622 0.7584972960038089 nan 1 0.02660364805412449 0.0007383950089878356
toy_3_5.497787143782138_5.497787143782138_1.5707963267948966.ecsv True nan 0.062249749749746286 0.7302489138029357 nan 1 0.04393048301796813 0.0007219971364747898
toy_3_5.497787143782138_5.497787143782138_2.356194490192345.ecsv True nan 0.01683714964964622 0.7674534586399895 nan 1 0.03604758893690696 0.0007536437829791925
toy_3_5.497787143782138_5.497787143782138_3.141592653589793.ecsv True nan 0.03246214964964622 0.7981892845357852 nan 1 0.024961637220789257 0.0007479927858320264
toy_3_5.497787143782138_5.497787143782138_3.9269908169872414.ecsv True nan 0.03246214964964622 0.7563072702642035 nan 1 0.030920920072390237 0.0007286432137034448
toy_3_5.497787143782138_5.497787143782138_4.71238898038469.ecsv True nan 0.01683714964964622 0.7151717875008826 nan 1 0.02276063259421561 0.000572013554639604
toy_3_5.497787143782138_5.497787143782138_5.497787143782138.ecsv True nan 0.01683714964964622 0.7710217959292366 nan 1 0.028288519848415336 0.000765332461838334
toy_5_0.0_3.9269908169872414_1.5707963267948966.ecsv True nan 0.2346252502502466 0.6560788308984222 nan 1 0.025528562824797645 0.0005409584236985795
toy_5_0.0_3.9269908169872414_2.356194490192345.ecsv True nan 0.1682190002502466 0.69277768134661 nan 1 0.023049942304194194 0.0005840132015657738
toy_5_0.0_3.9269908169872414_3.9269908169872414.ecsv True nan 0.13989380005004648 0.717334754272221 nan 1 0.025981614439195194 0.0006215452773900268
toy_5_0.0_3.9269908169872414_4.71238898038469.ecsv True nan 0.09838744994994642 0.6886443846085545 nan 1 0.031579216056221625 0.0006632313534806829
toy_5_0.0_4.71238898038469_0.7853981633974483.ecsv True nan 0.13989380005004648 0.6751716543828862 nan 1 0.021254843014154756 0.0005476399249946497
toy_5_0.0_4.71238898038469_1.5707963267948966.ecsv True nan 0.2346252502502466 0.6775306975001126 nan 1 0.023577116607643132 0.0005378061859188537
toy_5_0.0_4.71238898038469_2.356194490192345.ecsv True nan 0.13989380005004648 0.6870147882462307 nan 1 0.024161192952363818 0.0005564994734487824
toy_5_0.0_4.71238898038469_3.141592653589793.ecsv True nan 0.13989380005004648 0.6904758760602793 nan 1 0.025546067209262988 0.0005749266555999617
toy_5_0.0_4.71238898038469_3.9269908169872414.ecsv True nan 0.10619994994994642 0.7211816776158413 nan 1 0.025985500920179476 0.0005827910681273261
toy_5_0.0_4.71238898038469_4.71238898038469.ecsv True nan 0.10619994994994642 0.7221464034289004 nan 1 0.03170318671372819 0.0006597661226801813
toy_5_0.0_4.71238898038469_5.497787143782138.ecsv True nan 0.18628785035034667 0.6866446456525294 nan 1 0.019025688373184295 0.0005543825385345104
toy_5_0.0_5.497787143782138_1.5707963267948966.ecsv True nan 0.2346252502502466 0.6560788308984222 nan 1 0.025528562824797645 0.0005409584236985795
toy_5_0.0_5.497787143782138_2.356194490192345.ecsv True nan 0.1682190002502466 0.69277768134661 nan 1 0.023049942304194194 0.0005840132015657738
toy_5_0.0_5.497787143782138_3.9269908169872414.ecsv True nan 0.13989380005004648 0.717334754272221 nan 1 0.025981614439195187 0.0006215452773900267
toy_5_0.0_5.497787143782138_4.71238898038469.ecsv True nan 0.09838744994994642 0.6886443846085546 nan 1 0.031579216056221625 0.0006632313534806829
toy_5_0.7853981633974483_0.0_3.141592653589793.ecsv True nan 0.042718499749746286 0.756244410563057 nan 1 0.019060238529289772 0.0006114691520609182
toy_5_0.7853981633974483_3.141592653589793_3.141592653589793.ecsv True nan 0.042718499749746286 0.7562444105630569 nan 1 0.019060238529289772 0.0006114691520609182
toy_5_0.7853981633974483_3.9269908169872414_0.7853981633974483.ecsv True nan 0.1721252502502466 0.6895347598892022 nan 1 0.025820413069660715 0.0006563718225166524
toy_5_0.7853981633974483_3.9269908169872414_1.5707963267948966.ecsv True nan 0.2346252502502466 0.6645284090984124 nan 1 0.02584194483573815 0.0005552888603759124
toy_5_0.7853981633974483_3.9269908169872414_2.356194490192345.ecsv True nan 0.13989380005004648 0.7046727058090153 nan 1 0.024975449752259717 0.000597993913141915
toy_5_0.7853981633974483_3.9269908169872414_3.141592653589793.ecsv True nan 0.042718499749746286 0.7422669475832984 nan 1 0.02117611706661296 0.0006098438776554684
toy_5_0.7853981633974483_3.9269908169872414_3.9269908169872414.ecsv True nan 0.011468499749746286 0.7225850808458815 nan 1 0.030875715337774 0.0006960206486200217
toy_5_0.7853981633974483_3.9269908169872414_4.71238898038469.ecsv True nan 0.18628785035034667 0.6727299832034295 nan 1 0.019329767936084465 0.0005586448171489726
toy_5_0.7853981633974483_4.71238898038469_0.0.ecsv True nan 0.13989380005004648 0.6751716543828862 nan 1 0.021254843014154756 0.0005476399249946497
toy_5_0.7853981633974483_4.71238898038469_0.7853981633974483.ecsv True nan 0.2346252502502466 0.6775306975001126 nan 1 0.02357711660764312 0.0005378061859188537
toy_5_0.7853981633974483_4.71238898038469_1.5707963267948966.ecsv True nan 0.13989380005004648 0.6870147882462307 nan 1 0.024161192952363818 0.0005564994734487824
toy_5_0.7853981633974483_4.71238898038469_2.356194490192345.ecsv True nan 0.13989380005004648 0.6904758760602793 nan 1 0.025546067209262988 0.0005749266555999617
toy_5_0.7853981633974483_4.71238898038469_3.141592653589793.ecsv True nan 0.10619994994994642 0.7211816776158413 nan 1 0.025985500920179476 0.0005827910681273261
toy_5_0.7853981633974483_4.71238898038469_3.9269908169872414.ecsv True nan 0.10619994994994642 0.7221464034289004 nan 1 0.031703186713728175 0.0006597661226801813
toy_5_0.7853981633974483_4.71238898038469_4.71238898038469.ecsv True nan 0.18628785035034667 0.6866446456525294 nan 1 0.019025688373184295 0.0005543825385345104
toy_5_0.7853981633974483_5.497787143782138_0.7853981633974483.ecsv True nan 0.1721252502502466 0.6895347598892022 nan 1 0.025820413069660722 0.0006563718225166524
toy_5_0.7853981633974483_5.497787143782138_1.5707963267948966.ecsv True nan 0.2346252502502466 0.6645284090984125 nan 1 0.025841944835738158 0.0005552888603759124
toy_5_0.7853981633974483_5.497787143782138_2.356194490192345.ecsv True nan 0.13989380005004648 0.7046727058090153 nan 1 0.024975449752259717 0.000597993913141915
toy_5_0.7853981633974483_5.497787143782138_3.141592653589793.ecsv True nan 0.042718499749746286 0.7422669475832984 nan 1 0.021176117066612966 0.0006098438776554684
toy_5_0.7853981633974483_5.497787143782138_3.9269908169872414.ecsv True nan 0.011468499749746286 0.7225850808458815 nan 1 0.030875715337774 0.0006960206486200217
toy_5_0.7853981633974483_5.497787143782138_4.71238898038469.ecsv True nan 0.18628785035034667 0.6727299832034295 nan 1 0.01932976793608447 0.0005586448171489727
toy_5_1.5707963267948966_0.0_2.356194490192345.ecsv True nan 0.10619994994994642 0.713250481638445 nan 1 0.02951217985776635 0.0006939921546932047
toy_5_1.5707963267948966_3.141592653589793_2.356194490192345.ecsv True nan 0.10619994994994642 0.713250481638445 nan 1 0.029512179857766357 0.0006939921546932047
toy_5_1.5707963267948966_3.9269908169872414_0.7853981633974483.ecsv True nan 0.1760315002502466 0.6969570917736706 nan 1 0.02302121863011288 0.000598495409492725
toy_5_1.5707963267948966_3.9269908169872414_1.5707963267948966.ecsv True nan 0.10619994994994642 0.6776916927537637 nan 1 0.02688120376121507 0.0005811689593095978
toy_5_1.5707963267948966_3.9269908169872414_2.356194490192345.ecsv True nan 0.011468499749746286 0.7126963624891395 nan 1 0.031840079272753785 0.0006900858806085145
toy_5_1.5707963267948966_3.9269908169872414_3.141592653589793.ecsv True nan 0.042718499749746286 0.7496766430848408 nan 1 0.02827534558773439 0.0006823254191328168
toy_5_1.5707963267948966_3.9269908169872414_3.9269908169872414.ecsv True nan 0.13452515015014654 0.7073660112517074 nan 1 0.022736957493497703 0.000603286477017888
toy_5_1.5707963267948966_3.9269908169872414_4.71238898038469.ecsv True nan 0.13989380005004648 0.6668293762977607 nan 1 0.02050770529002177 0.000557854446532158
toy_5_1.5707963267948966_4.71238898038469_0.0.ecsv True nan 0.2346252502502466 0.6775306975001126 nan 1 0.02357711660764312 0.0005378061859188537
toy_5_1.5707963267948966_4.71238898038469_0.7853981633974483.ecsv True nan 0.13989380005004648 0.6870147882462307 nan 1 0.024161192952363818 0.0005564994734487824
toy_5_1.5707963267948966_4.71238898038469_1.5707963267948966.ecsv True nan 0.13989380005004648 0.690475876060279 nan 1 0.025546067209262988 0.0005749266555999617
toy_5_1.5707963267948966_4.71238898038469_2.356194490192345.ecsv True nan 0.10619994994994642 0.7211816776158413 nan 1 0.025985500920179483 0.0005827910681273262
toy_5_1.5707963267948966_4.71238898038469_3.141592653589793.ecsv True nan 0.10619994994994642 0.7221464034289004 nan 1 0.031703186713728175 0.0006597661226801813
toy_5_1.5707963267948966_4.71238898038469_3.9269908169872414.ecsv True nan 0.18628785035034667 0.6866446456525294 nan 1 0.019025688373184288 0.0005543825385345104
toy_5_1.5707963267948966_4.71238898038469_5.497787143782138.ecsv True nan 0.13989380005004648 0.6751716543828862 nan 1 0.021254843014154756 0.0005476399249946497
toy_5_1.5707963267948966_5.497787143782138_0.7853981633974483.ecsv True nan 0.1760315002502466 0.6969570917736705 nan 1 0.02302121863011288 0.000598495409492725
toy_5_1.5707963267948966_5.497787143782138_1.5707963267948966.ecsv True nan 0.10619994994994642 0.6776916927537637 nan 1 0.02688120376121507 0.0005811689593095978
toy_5_1.5707963267948966_5.497787143782138_2.356194490192345.ecsv True nan 0.011468499749746286 0.7126963624891395 nan 1 0.03184007927275378 0.0006900858806085144
toy_5_1.5707963267948966_5.497787143782138_3.141592653589793.ecsv True nan 0.042718499749746286 0.7496766430848408 nan 1 0.02827534558773439 0.0006823254191328168
toy_5_1.5707963267948966_5.497787143782138_3.9269908169872414.ecsv True nan 0.13452515015014654 0.7073660112517074 nan 1 0.022736957493497703 0.000603286477017888
toy_5_1.5707963267948966_5.497787143782138_4.71238898038469.ecsv True nan 0.13989380005004648 0.6668293762977607 nan 1 0.02050770529002177 0.000557854446532158
toy_5_2.356194490192345_3.9269908169872414_0.7853981633974483.ecsv True nan 0.18238160035034667 0.7022907590243592 nan 1 0.02128725233917346 0.0006181480878559194
toy_5_2.356194490192345_3.9269908169872414_1.5707963267948966.ecsv True nan 0.13989380005004648 0.684301471771434 nan 1 0.026868846886435448 0.0005922695350726314
toy_5_2.356194490192345_3.9269908169872414_2.356194490192345.ecsv True nan 0.038812249749746286 0.7224078036580674 nan 1 0.03247130452697534 0.0006949768830605237
toy_5_2.356194490192345_3.9269908169872414_4.71238898038469.ecsv True nan 0.13989380005004648 0.6583941548651822 nan 1 0.020858867841651765 0.0005490762851561316
toy_5_2.356194490192345_3.9269908169872414_5.497787143782138.ecsv True nan 0.1486877502502466 0.6853659950593968 nan 1 0.02842023180724363 0.0006558675741579918
toy_5_2.356194490192345_4.71238898038469_0.0.ecsv True nan 0.13989380005004648 0.6870147882462307 nan 1 0.024161192952363818 0.0005564994734487824
toy_5_2.356194490192345_4.71238898038469_0.7853981633974483.ecsv True nan 0.13989380005004648 0.6904758760602793 nan 1 0.025546067209262988 0.0005749266555999617
