data_processed/toy_model/results_post.ecsv
# %ECSV 1.0
# ---
# datatype:
# - {name: Name, datatype: string}
# - {name: Significant, datatype: bool}
# - {name: 'Sigma [diff]', datatype: float64}
# - {name: KS-EDF, datatype: float64}
# - {name: KS-EDF Unc, datatype: float64}
# - {name: Var. Sub., datatype: float64}
# - {name: Var. Sub. Unc, datatype: int32}
# - {name: Wgt. Mean, datatype: float64}
# - {name: Wgt. Mean Unc, datatype: float64}
# schema: astropy-2.0
Name Significant "Sigma [diff]" KS-EDF "KS-EDF Unc" "Var. Sub." "Var. Sub. Unc" "Wgt. Mean" "Wgt. Mean Unc"
toy_0_0.0_3.9269908169872414_0.7853981633974483.ecsv True nan -0.0036755505505539077 0.8503290544771058 nan 1 0.06358124514196627 0.0018095532035534204
toy_0_0.0_5.497787143782138_0.7853981633974483.ecsv True nan -0.0036755505505539077 0.8503290544771058 nan 1 0.06358124514196627 0.0018095532035534204
toy_0_1.5707963267948966_3.9269908169872414_3.9269908169872414.ecsv True nan 0.019761949449446092 0.8615273040076169 nan 1 0.07121431402763133 0.0019091987930905554
toy_0_1.5707963267948966_5.497787143782138_3.9269908169872414.ecsv True nan 0.019761949449446092 0.861527304007617 nan 1 0.07121431402763133 0.0019091987930905554
toy_0_3.141592653589793_3.9269908169872414_3.9269908169872414.ecsv True nan -0.0036755505505539077 0.8503290544771059 nan 1 0.0635812451419663 0.001809553203553421
toy_0_3.141592653589793_5.497787143782138_3.9269908169872414.ecsv True nan -0.0036755505505539077 0.8503290544771059 nan 1 0.0635812451419663 0.001809553203553421
toy_0_4.71238898038469_3.9269908169872414_0.7853981633974483.ecsv True nan 0.019761949449446092 0.8615273040076169 nan 1 0.07121431402763133 0.0019091987930905554
toy_0_4.71238898038469_5.497787143782138_0.7853981633974483.ecsv True nan 0.019761949449446092 0.861527304007617 nan 1 0.07121431402763133 0.0019091987930905554
toy_2_0.7853981633974483_3.9269908169872414_2.356194490192345.ecsv True nan 0.13256224974974629 0.8313727213730469 nan 1 0.06309683158103027 0.006772628524484033
toy_2_0.7853981633974483_5.497787143782138_2.356194490192345.ecsv True nan 0.13256224974974629 0.8313727213730469 nan 1 0.06309683158103027 0.006772628524484033
toy_2_1.5707963267948966_3.9269908169872414_2.356194490192345.ecsv True nan 0.12084349974974629 0.8284180038953948 nan 1 0.10145993525260337 0.008187750301162271
toy_2_1.5707963267948966_5.497787143782138_2.356194490192345.ecsv True nan 0.12084349974974629 0.8284180038953948 nan 1 0.10145993525260334 0.008187750301162271
toy_2_3.9269908169872414_3.9269908169872414_5.497787143782138.ecsv True nan 0.13256224974974629 0.8313727213730469 nan 1 0.06309683158103027 0.006772628524484032
toy_2_3.9269908169872414_5.497787143782138_5.497787143782138.ecsv True nan 0.13256224974974629 0.8313727213730469 nan 1 0.06309683158103029 0.006772628524484033
toy_2_4.71238898038469_3.9269908169872414_5.497787143782138.ecsv True nan 0.12084349974974629 0.8284180038953949 nan 1 0.10145993525260337 0.008187750301162271
toy_2_4.71238898038469_5.497787143782138_5.497787143782138.ecsv True nan 0.12084349974974629 0.8284180038953949 nan 1 0.10145993525260334 0.008187750301162271
toy_3_0.0_0.0_3.141592653589793.ecsv True nan 0.01683714964964622 0.7777550394401916 nan 1 0.01902529903012598 0.0007330997989203491
toy_3_0.0_3.141592653589793_3.141592653589793.ecsv True nan 0.01683714964964622 0.7777550394401916 nan 1 0.01902529903012598 0.0007330997989203491
toy_3_0.0_3.9269908169872414_0.0.ecsv True nan 0.01683714964964622 0.7731644208847672 nan 1 0.02541560562746603 0.0007380056526980369
toy_3_0.0_3.9269908169872414_0.7853981633974483.ecsv True nan 0.01683714964964622 0.76375860484543 nan 1 0.03615086707932688 0.0007656742774996667
toy_3_0.0_3.9269908169872414_1.5707963267948966.ecsv True nan 0.01683714964964622 0.7397277054827781 nan 1 0.04619973214667243 0.0007182544060727541
toy_3_0.0_3.9269908169872414_2.356194490192345.ecsv True nan 0.01683714964964622 0.7749353285143574 nan 1 0.04220457968716576 0.0008146457887095749
toy_3_0.0_3.9269908169872414_3.141592653589793.ecsv True nan 0.01683714964964622 0.7631444419871838 nan 1 0.022474536410974452 0.0007246833247421806
toy_3_0.0_3.9269908169872414_3.9269908169872414.ecsv True nan 0.03246214964964622 0.7502916694019897 nan 1 0.03042632046161009 0.0007421798757220088
toy_3_0.0_3.9269908169872414_4.71238898038469.ecsv True nan 0.01683714964964622 0.7327984838874029 nan 1 0.022041422285560636 0.0005951111779617696
toy_3_0.0_3.9269908169872414_5.497787143782138.ecsv True nan 0.01683714964964622 0.7625620236910218 nan 1 0.03737735178160362 0.0007989146169031055
toy_3_0.0_4.71238898038469_0.0.ecsv True nan 0.01683714964964622 0.7461289321997013 nan 1 0.02258328458297175 0.0005860435494796087
toy_3_0.0_4.71238898038469_0.7853981633974483.ecsv True nan 0.01683714964964622 0.7487225288731086 nan 1 0.03882180884293639 0.0006940473074612167
toy_3_0.0_4.71238898038469_1.5707963267948966.ecsv True nan 0.01683714964964622 0.7727027134564101 nan 1 0.038879198182112426 0.0006761747565418429
toy_3_0.0_4.71238898038469_2.356194490192345.ecsv True nan 0.01683714964964622 0.777607443915524 nan 1 0.034807363804636726 0.0006913632005335587
toy_3_0.0_4.71238898038469_3.141592653589793.ecsv True nan 0.01683714964964622 0.741378561705585 nan 1 0.03163409261392751 0.0006660180010532379
toy_3_0.0_4.71238898038469_3.9269908169872414.ecsv True nan 0.01683714964964622 0.7331812769673685 nan 1 0.02412519241787639 0.0005748725131048291
toy_3_0.0_4.71238898038469_4.71238898038469.ecsv True nan 0.01683714964964622 0.7541147170006103 nan 1 0.019652770498888916 0.0005892721368916163
toy_3_0.0_4.71238898038469_5.497787143782138.ecsv True nan 0.01683714964964622 0.7461153980417641 nan 1 0.020596375396390768 0.0005805923135326098
toy_3_0.0_5.497787143782138_0.0.ecsv True nan 0.01683714964964622 0.7731644208847672 nan 1 0.02541560562746603 0.0007380056526980369
toy_3_0.0_5.497787143782138_0.7853981633974483.ecsv True nan 0.01683714964964622 0.76375860484543 nan 1 0.036150867079326895 0.0007656742774996667
toy_3_0.0_5.497787143782138_1.5707963267948966.ecsv True nan 0.01683714964964622 0.7397277054827781 nan 1 0.04619973214667243 0.0007182544060727541
toy_3_0.0_5.497787143782138_2.356194490192345.ecsv True nan 0.01683714964964622 0.7749353285143574 nan 1 0.04220457968716576 0.0008146457887095749
toy_3_0.0_5.497787143782138_3.141592653589793.ecsv True nan 0.01683714964964622 0.7631444419871837 nan 1 0.022474536410974452 0.0007246833247421805
toy_3_0.0_5.497787143782138_3.9269908169872414.ecsv True nan 0.03246214964964622 0.7502916694019897 nan 1 0.03042632046161009 0.0007421798757220088
toy_3_0.0_5.497787143782138_4.71238898038469.ecsv True nan 0.01683714964964622 0.7327984838874029 nan 1 0.022041422285560636 0.0005951111779617696
toy_3_0.0_5.497787143782138_5.497787143782138.ecsv True nan 0.01683714964964622 0.7625620236910218 nan 1 0.03737735178160362 0.0007989146169031055
toy_3_0.7853981633974483_0.0_0.0.ecsv True nan 0.01683714964964622 0.7791190896987675 nan 1 0.03152951461744463 0.0007505745651921895
toy_3_0.7853981633974483_3.141592653589793_0.0.ecsv True nan 0.01683714964964622 0.7791190896987675 nan 1 0.03152951461744463 0.0007505745651921895
toy_3_0.7853981633974483_3.9269908169872414_0.0.ecsv True nan 0.01683714964964622 0.7755409717702844 nan 1 0.03577693050078316 0.0007638020194563284
toy_3_0.7853981633974483_3.9269908169872414_0.7853981633974483.ecsv True nan 0.01683714964964622 0.7730701439057167 nan 1 0.04639514604635964 0.0007900198796535314
toy_3_0.7853981633974483_3.9269908169872414_1.5707963267948966.ecsv True nan 0.01683714964964622 0.7425575569286677 nan 1 0.04398536109509392 0.000716934650109284
toy_3_0.7853981633974483_3.9269908169872414_2.356194490192345.ecsv True nan 0.03246214964964622 0.750536672802189 nan 1 0.025980692622630697 0.000714350214589127
toy_3_0.7853981633974483_3.9269908169872414_3.141592653589793.ecsv True nan 0.01683714964964622 0.7602985368046508 nan 1 0.031261884753123706 0.0007435545195939891
toy_3_0.7853981633974483_3.9269908169872414_3.9269908169872414.ecsv True nan 0.01683714964964622 0.7612184457663161 nan 1 0.03970299312230262 0.000790838322917186
toy_3_0.7853981633974483_3.9269908169872414_4.71238898038469.ecsv True nan 0.01683714964964622 0.7323350751817957 nan 1 0.02209157065707651 0.0005928361720289962
toy_3_0.7853981633974483_3.9269908169872414_5.497787143782138.ecsv True nan 0.01683714964964622 0.7565695423051096 nan 1 0.029608268261306955 0.0007292283017847691
toy_3_0.7853981633974483_4.71238898038469_0.0.ecsv True nan 0.01683714964964622 0.7487225288731086 nan 1 0.03882180884293639 0.0006940473074612167
toy_3_0.7853981633974483_4.71238898038469_0.7853981633974483.ecsv True nan 0.01683714964964622 0.7727027134564101 nan 1 0.038879198182112426 0.0006761747565418429
toy_3_0.7853981633974483_4.71238898038469_1.5707963267948966.ecsv True nan 0.01683714964964622 0.7776074439155242 nan 1 0.03480736380463674 0.0006913632005335587
toy_3_0.7853981633974483_4.71238898038469_2.356194490192345.ecsv True nan 0.01683714964964622 0.741378561705585 nan 1 0.031634092613927495 0.0006660180010532379
toy_3_0.7853981633974483_4.71238898038469_3.141592653589793.ecsv True nan 0.01683714964964622 0.7331812769673682 nan 1 0.024125192417876334 0.000574872513104829
toy_3_0.7853981633974483_4.71238898038469_3.9269908169872414.ecsv True nan 0.01683714964964622 0.7541147170006103 nan 1 0.019652770498888916 0.0005892721368916163
toy_3_0.7853981633974483_4.71238898038469_4.71238898038469.ecsv True nan 0.01683714964964622 0.7461153980417641 nan 1 0.020596375396390768 0.0005805923135326098
toy_3_0.7853981633974483_4.71238898038469_5.497787143782138.ecsv True nan 0.01683714964964622 0.7461289321997013 nan 1 0.022583284582971735 0.0005860435494796087
toy_3_0.7853981633974483_5.497787143782138_0.0.ecsv True nan 0.01683714964964622 0.7755409717702844 nan 1 0.03577693050078316 0.0007638020194563284
toy_3_0.7853981633974483_5.497787143782138_0.7853981633974483.ecsv True nan 0.01683714964964622 0.7730701439057169 nan 1 0.04639514604635962 0.0007900198796535312
toy_3_0.7853981633974483_5.497787143782138_1.5707963267948966.ecsv True nan 0.01683714964964622 0.7425575569286677 nan 1 0.043985361095093906 0.0007169346501092839
toy_3_0.7853981633974483_5.497787143782138_2.356194490192345.ecsv True nan 0.03246214964964622 0.7505366728021892 nan 1 0.025980692622630697 0.000714350214589127
toy_3_0.7853981633974483_5.497787143782138_3.141592653589793.ecsv True nan 0.01683714964964622 0.7602985368046509 nan 1 0.031261884753123706 0.0007435545195939891
toy_3_0.7853981633974483_5.497787143782138_3.9269908169872414.ecsv True nan 0.01683714964964622 0.7612184457663161 nan 1 0.03970299312230262 0.000790838322917186
toy_3_0.7853981633974483_5.497787143782138_4.71238898038469.ecsv True nan 0.01683714964964622 0.7323350751817955 nan 1 0.022091570657076523 0.0005928361720289963
toy_3_0.7853981633974483_5.497787143782138_5.497787143782138.ecsv True nan 0.01683714964964622 0.7565695423051096 nan 1 0.02960826826130704 0.0007292283017847691
toy_3_1.5707963267948966_0.0_0.0.ecsv True nan 0.03636839964964622 0.8091975451106079 nan 1 0.02028007727976415 0.0007496032430791805
toy_3_1.5707963267948966_0.0_0.7853981633974483.ecsv True nan 0.03636839964964622 0.7541527924145092 nan 1 0.03180895430713586 0.0007922928746758294
toy_3_1.5707963267948966_0.0_5.497787143782138.ecsv True nan 0.03636839964964622 0.7534287126356218 nan 1 0.03024476744681444 0.0007912970969670304
toy_3_1.5707963267948966_3.141592653589793_0.0.ecsv True nan 0.03636839964964622 0.8091975451106079 nan 1 0.02028007727976415 0.0007496032430791805
toy_3_1.5707963267948966_3.141592653589793_0.7853981633974483.ecsv True nan 0.03636839964964622 0.7541527924145092 nan 1 0.03180895430713586 0.0007922928746758294
toy_3_1.5707963267948966_3.141592653589793_5.497787143782138.ecsv True nan 0.03636839964964622 0.7534287126356218 nan 1 0.030244767446814452 0.0007912970969670304
toy_3_1.5707963267948966_3.9269908169872414_0.0.ecsv True nan 0.03636839964964622 0.7954164284348575 nan 1 0.027261572478895074 0.0007366758145932752
toy_3_1.5707963267948966_3.9269908169872414_0.7853981633974483.ecsv True nan 0.01683714964964622 0.7727063758857683 nan 1 0.032993760518259876 0.0007461501799735375
toy_3_1.5707963267948966_3.9269908169872414_1.5707963267948966.ecsv True nan 0.01683714964964622 0.724687670415343 nan 1 0.031899802451499495 0.0006666494500773791
toy_3_1.5707963267948966_3.9269908169872414_2.356194490192345.ecsv True nan 0.01683714964964622 0.7539813876236091 nan 1 0.037548158415170604 0.0007853896421452717
toy_3_1.5707963267948966_3.9269908169872414_3.141592653589793.ecsv True nan 0.03636839964964622 0.7902020261148833 nan 1 0.020322699394844185 0.000753030846995701
toy_3_1.5707963267948966_3.9269908169872414_3.9269908169872414.ecsv True nan 0.03246214964964622 0.7669920123985977 nan 1 0.02728041947977393 0.0007410511804067024
toy_3_1.5707963267948966_3.9269908169872414_4.71238898038469.ecsv True nan 0.01683714964964622 0.726949459156917 nan 1 0.023489538030218277 0.0005869151821862129
toy_3_1.5707963267948966_3.9269908169872414_5.497787143782138.ecsv True nan 0.01683714964964622 0.7640882395048822 nan 1 0.041300526404441776 0.0007750716063945255
toy_3_1.5707963267948966_4.71238898038469_0.0.ecsv True nan 0.01683714964964622 0.7727027134564101 nan 1 0.038879198182112426 0.0006761747565418429
toy_3_1.5707963267948966_4.71238898038469_0.7853981633974483.ecsv True nan 0.01683714964964622 0.777607443915524 nan 1 0.034807363804636726 0.0006913632005335587
toy_3_1.5707963267948966_4.71238898038469_1.5707963267948966.ecsv True nan 0.01683714964964622 0.741378561705585 nan 1 0.031634092613927495 0.0006660180010532379
toy_3_1.5707963267948966_4.71238898038469_2.356194490192345.ecsv True nan 0.01683714964964622 0.7331812769673685 nan 1 0.02412519241787639 0.0005748725131048291
toy_3_1.5707963267948966_4.71238898038469_3.141592653589793.ecsv True nan 0.01683714964964622 0.7541147170006103 nan 1 0.019652770498888916 0.0005892721368916163
toy_3_1.5707963267948966_4.71238898038469_3.9269908169872414.ecsv True nan 0.01683714964964622 0.7461153980417641 nan 1 0.020596375396390768 0.0005805923135326098
toy_3_1.5707963267948966_4.71238898038469_4.71238898038469.ecsv True nan 0.01683714964964622 0.7461289321997013 nan 1 0.022583284582971735 0.0005860435494796087
toy_3_1.5707963267948966_4.71238898038469_5.497787143782138.ecsv True nan 0.01683714964964622 0.7487225288731086 nan 1 0.03882180884293639 0.0006940473074612167
toy_3_1.5707963267948966_5.497787143782138_0.0.ecsv True nan 0.03636839964964622 0.7954164284348575 nan 1 0.027261572478895074 0.0007366758145932752
toy_3_1.5707963267948966_5.497787143782138_0.7853981633974483.ecsv True nan 0.01683714964964622 0.7727063758857683 nan 1 0.03299376051825986 0.0007461501799735374
toy_3_1.5707963267948966_5.497787143782138_1.5707963267948966.ecsv True nan 0.01683714964964622 0.724687670415343 nan 1 0.031899802451499495 0.0006666494500773791
toy_3_1.5707963267948966_5.497787143782138_2.356194490192345.ecsv True nan 0.01683714964964622 0.7539813876236091 nan 1 0.037548158415170604 0.0007853896421452717
toy_3_1.5707963267948966_5.497787143782138_3.141592653589793.ecsv True nan 0.03636839964964622 0.7902020261148833 nan 1 0.0203226993948442 0.000753030846995701
toy_3_1.5707963267948966_5.497787143782138_3.9269908169872414.ecsv True nan 0.03246214964964622 0.7669920123985977 nan 1 0.02728041947977393 0.0007410511804067024
toy_3_1.5707963267948966_5.497787143782138_4.71238898038469.ecsv True nan 0.01683714964964622 0.726949459156917 nan 1 0.023489538030218277 0.0005869151821862129
toy_3_1.5707963267948966_5.497787143782138_5.497787143782138.ecsv True nan 0.01683714964964622 0.7640882395048822 nan 1 0.041300526404441776 0.0007750716063945255
toy_3_2.356194490192345_0.0_0.0.ecsv True nan 0.03246214964964622 0.8087983185304285 nan 1 0.019853231970506202 0.0007610131559114797
toy_3_2.356194490192345_0.0_2.356194490192345.ecsv True nan 0.03246214964964622 0.7603776108567964 nan 1 0.021927491165118856 0.0008003546392230358
toy_3_2.356194490192345_0.0_3.9269908169872414.ecsv True nan 0.03246214964964622 0.7621341301537908 nan 1 0.022363913700871985 0.0008000633678595323
toy_3_2.356194490192345_3.141592653589793_0.0.ecsv True nan 0.03246214964964622 0.8087983185304283 nan 1 0.019853231970506202 0.0007610131559114797
toy_3_2.356194490192345_3.141592653589793_2.356194490192345.ecsv True nan 0.03246214964964622 0.7603776108567964 nan 1 0.021927491165118856 0.0008003546392230358
