data_processed/toy_model/results_post.ecsv
# %ECSV 1.0
# ---
# datatype:
# - {name: Name, datatype: string}
# - {name: Significant, datatype: bool}
# - {name: 'Sigma [diff]', datatype: float64}
# - {name: KS-EDF, datatype: float64}
# - {name: KS-EDF Unc, datatype: float64}
# - {name: Var. Sub., datatype: float64}
# - {name: Var. Sub. Unc, datatype: int32}
# - {name: Wgt. Mean, datatype: float64}
# - {name: Wgt. Mean Unc, datatype: float64}
# schema: astropy-2.0
Name Significant "Sigma [diff]" KS-EDF "KS-EDF Unc" "Var. Sub." "Var. Sub. Unc" "Wgt. Mean" "Wgt. Mean Unc"
[from data line 104]
toy_3_2.356194490192345_3.9269908169872414_0.0.ecsv True nan 0.03246214964964622 0.7974933040018053 nan 1 0.025061956747618033 0.0007473882554070584
toy_3_2.356194490192345_3.9269908169872414_0.7853981633974483.ecsv True nan 0.03246214964964622 0.7563072702642035 nan 1 0.030923840308129336 0.000728643213703445
toy_3_2.356194490192345_3.9269908169872414_1.5707963267948966.ecsv True nan 0.01683714964964622 0.7151717875008826 nan 1 0.022760632594215388 0.0005720135546396022
toy_3_2.356194490192345_3.9269908169872414_2.356194490192345.ecsv True nan 0.01683714964964622 0.7710217959292366 nan 1 0.028291591671459657 0.000765332461838334
toy_3_2.356194490192345_3.9269908169872414_3.141592653589793.ecsv True nan 0.03246214964964622 0.7770754544231592 nan 1 0.015501910649645859 0.0007309923600387203
toy_3_2.356194490192345_3.9269908169872414_3.9269908169872414.ecsv True nan 0.01683714964964622 0.7584972960038089 nan 1 0.02660364805412449 0.0007383950089878356
toy_3_2.356194490192345_3.9269908169872414_4.71238898038469.ecsv True nan 0.062249749749746286 0.7302489138029357 nan 1 0.04393048301796813 0.0007219971364747898
toy_3_2.356194490192345_3.9269908169872414_5.497787143782138.ecsv True nan 0.01683714964964622 0.7674534586399897 nan 1 0.036047588936906974 0.0007536437829791926
toy_3_2.356194490192345_4.71238898038469_0.0.ecsv True nan 0.01683714964964622 0.777607443915524 nan 1 0.034807363804636726 0.0006913632005335587
toy_3_2.356194490192345_4.71238898038469_0.7853981633974483.ecsv True nan 0.01683714964964622 0.741378561705585 nan 1 0.031634092613927495 0.0006660180010532379
toy_3_2.356194490192345_4.71238898038469_1.5707963267948966.ecsv True nan 0.01683714964964622 0.7331812769673685 nan 1 0.02412519241787639 0.0005748725131048291
toy_3_2.356194490192345_4.71238898038469_2.356194490192345.ecsv True nan 0.01683714964964622 0.7541147170006103 nan 1 0.019652770498888916 0.0005892721368916163
toy_3_2.356194490192345_4.71238898038469_3.141592653589793.ecsv True nan 0.01683714964964622 0.7461153980417641 nan 1 0.020596375396390768 0.0005805923135326098
toy_3_2.356194490192345_4.71238898038469_3.9269908169872414.ecsv True nan 0.01683714964964622 0.7461289321997013 nan 1 0.02258328458297175 0.0005860435494796087
toy_3_2.356194490192345_4.71238898038469_4.71238898038469.ecsv True nan 0.01683714964964622 0.7487225288731086 nan 1 0.03882180884293639 0.0006940473074612167
toy_3_2.356194490192345_4.71238898038469_5.497787143782138.ecsv True nan 0.01683714964964622 0.77270271345641 nan 1 0.038879198182112426 0.0006761747565418429
toy_3_2.356194490192345_5.497787143782138_0.0.ecsv True nan 0.03246214964964622 0.7974933040018054 nan 1 0.025061956747618033 0.0007473882554070584
toy_3_2.356194490192345_5.497787143782138_0.7853981633974483.ecsv True nan 0.03246214964964622 0.7563072702642036 nan 1 0.03092384030812932 0.0007286432137034448
toy_3_2.356194490192345_5.497787143782138_1.5707963267948966.ecsv True nan 0.01683714964964622 0.7151717875008826 nan 1 0.022760632594215388 0.0005720135546396022
toy_3_2.356194490192345_5.497787143782138_2.356194490192345.ecsv True nan 0.01683714964964622 0.7710217959292366 nan 1 0.028291591671459684 0.0007653324618383341
toy_3_2.356194490192345_5.497787143782138_3.141592653589793.ecsv True nan 0.03246214964964622 0.7771775175039173 nan 1 0.01548067829826956 0.0007311823831957619
toy_3_2.356194490192345_5.497787143782138_3.9269908169872414.ecsv True nan 0.01683714964964622 0.7584972960038089 nan 1 0.02660364805412449 0.0007383950089878356
toy_3_2.356194490192345_5.497787143782138_4.71238898038469.ecsv True nan 0.062249749749746286 0.7302489138029357 nan 1 0.04393048301796813 0.0007219971364747898
toy_3_2.356194490192345_5.497787143782138_5.497787143782138.ecsv True nan 0.01683714964964622 0.7674534586399897 nan 1 0.03604758893690696 0.0007536437829791925
toy_3_3.141592653589793_0.0_0.0.ecsv True nan 0.01683714964964622 0.7777550394401916 nan 1 0.01902529903012598 0.0007330997989203491
toy_3_3.141592653589793_3.141592653589793_0.0.ecsv True nan 0.01683714964964622 0.7777550394401916 nan 1 0.01902529903012598 0.0007330997989203491
toy_3_3.141592653589793_3.9269908169872414_0.0.ecsv True nan 0.01683714964964622 0.7631444419871838 nan 1 0.022474536410974452 0.0007246833247421806
toy_3_3.141592653589793_3.9269908169872414_0.7853981633974483.ecsv True nan 0.03246214964964622 0.7502916694019897 nan 1 0.03042632046161009 0.0007421798757220088
toy_3_3.141592653589793_3.9269908169872414_1.5707963267948966.ecsv True nan 0.01683714964964622 0.7327984838874029 nan 1 0.02204142228556058 0.0005951111779617692
toy_3_3.141592653589793_3.9269908169872414_2.356194490192345.ecsv True nan 0.01683714964964622 0.7625620236910218 nan 1 0.03737735178160362 0.0007989146169031055
toy_3_3.141592653589793_3.9269908169872414_3.141592653589793.ecsv True nan 0.01683714964964622 0.7731644208847672 nan 1 0.02546648527833814 0.000738005652698037
toy_3_3.141592653589793_3.9269908169872414_3.9269908169872414.ecsv True nan 0.01683714964964622 0.7637586048454299 nan 1 0.03615086707932687 0.0007656742774996667
toy_3_3.141592653589793_3.9269908169872414_4.71238898038469.ecsv True nan 0.01683714964964622 0.7397277054827781 nan 1 0.04619973214667243 0.0007182544060727541
toy_3_3.141592653589793_3.9269908169872414_5.497787143782138.ecsv True nan 0.01683714964964622 0.7749353285143574 nan 1 0.04220457968716576 0.0008146457887095749
toy_3_3.141592653589793_4.71238898038469_0.0.ecsv True nan 0.01683714964964622 0.741378561705585 nan 1 0.03163409261392751 0.0006660180010532379
toy_3_3.141592653589793_4.71238898038469_0.7853981633974483.ecsv True nan 0.01683714964964622 0.7331812769673683 nan 1 0.02412519241787635 0.000574872513104829
toy_3_3.141592653589793_4.71238898038469_1.5707963267948966.ecsv True nan 0.01683714964964622 0.7541147170006103 nan 1 0.019652770498888916 0.0005892721368916163
toy_3_3.141592653589793_4.71238898038469_2.356194490192345.ecsv True nan 0.01683714964964622 0.7461153980417641 nan 1 0.020596375396390768 0.0005805923135326098
toy_3_3.141592653589793_4.71238898038469_3.141592653589793.ecsv True nan 0.01683714964964622 0.7461289321997013 nan 1 0.02258328458297172 0.0005860435494796087
toy_3_3.141592653589793_4.71238898038469_3.9269908169872414.ecsv True nan 0.01683714964964622 0.7487225288731086 nan 1 0.03882180884293639 0.0006940473074612167
toy_3_3.141592653589793_4.71238898038469_4.71238898038469.ecsv True nan 0.01683714964964622 0.77270271345641 nan 1 0.038879198182112426 0.0006761747565418429
toy_3_3.141592653589793_4.71238898038469_5.497787143782138.ecsv True nan 0.01683714964964622 0.7776074439155243 nan 1 0.03480736380463674 0.0006913632005335587
toy_3_3.141592653589793_5.497787143782138_0.0.ecsv True nan 0.01683714964964622 0.7631444419871837 nan 1 0.022474536410974466 0.0007246833247421806
toy_3_3.141592653589793_5.497787143782138_0.7853981633974483.ecsv True nan 0.03246214964964622 0.7502916694019897 nan 1 0.03042632046161009 0.0007421798757220088
toy_3_3.141592653589793_5.497787143782138_1.5707963267948966.ecsv True nan 0.01683714964964622 0.7327984838874029 nan 1 0.02204142228556058 0.0005951111779617692
toy_3_3.141592653589793_5.497787143782138_2.356194490192345.ecsv True nan 0.01683714964964622 0.7625620236910218 nan 1 0.0373773517816038 0.0007989146169031055
toy_3_3.141592653589793_5.497787143782138_3.141592653589793.ecsv True nan 0.01683714964964622 0.7731644208847672 nan 1 0.025466485278338155 0.000738005652698037
toy_3_3.141592653589793_5.497787143782138_3.9269908169872414.ecsv True nan 0.01683714964964622 0.7637586048454299 nan 1 0.036150867079326895 0.0007656742774996667
toy_3_3.141592653589793_5.497787143782138_4.71238898038469.ecsv True nan 0.01683714964964622 0.7397277054827781 nan 1 0.046199732146672445 0.0007182544060727542
toy_3_3.141592653589793_5.497787143782138_5.497787143782138.ecsv True nan 0.01683714964964622 0.7749353285143574 nan 1 0.042204579687165775 0.0008146457887095749
toy_3_3.9269908169872414_0.0_3.141592653589793.ecsv True nan 0.01683714964964622 0.7791190896987675 nan 1 0.03152951461744462 0.0007505745651921895
toy_3_3.9269908169872414_3.141592653589793_3.141592653589793.ecsv True nan 0.01683714964964622 0.7791190896987675 nan 1 0.03152951461744463 0.0007505745651921895
toy_3_3.9269908169872414_3.9269908169872414_0.0.ecsv True nan 0.01683714964964622 0.7602985368046508 nan 1 0.03126188475312368 0.0007435545195939891
toy_3_3.9269908169872414_3.9269908169872414_0.7853981633974483.ecsv True nan 0.01683714964964622 0.7612184457663161 nan 1 0.03970299312230262 0.000790838322917186
toy_3_3.9269908169872414_3.9269908169872414_1.5707963267948966.ecsv True nan 0.01683714964964622 0.7323350751817955 nan 1 0.02209157065707651 0.000592836172028996
toy_3_3.9269908169872414_3.9269908169872414_2.356194490192345.ecsv True nan 0.01683714964964622 0.7565695423051099 nan 1 0.029608268261306914 0.0007292283017847691
toy_3_3.9269908169872414_3.9269908169872414_3.141592653589793.ecsv True nan 0.01683714964964622 0.7765488625995736 nan 1 0.03585667145218607 0.0007668833351580811
toy_3_3.9269908169872414_3.9269908169872414_3.9269908169872414.ecsv True nan 0.01683714964964622 0.7730701439057169 nan 1 0.04639514604635961 0.0007900198796535312
toy_3_3.9269908169872414_3.9269908169872414_4.71238898038469.ecsv True nan 0.01683714964964622 0.7425575569286677 nan 1 0.04398536109509392 0.000716934650109284
toy_3_3.9269908169872414_3.9269908169872414_5.497787143782138.ecsv True nan 0.03246214964964622 0.750536672802189 nan 1 0.025980692622630697 0.000714350214589127
toy_3_3.9269908169872414_4.71238898038469_0.0.ecsv True nan 0.01683714964964622 0.7331812769673685 nan 1 0.02412519241787639 0.0005748725131048291
toy_3_3.9269908169872414_4.71238898038469_0.7853981633974483.ecsv True nan 0.01683714964964622 0.7541147170006103 nan 1 0.019652770498888916 0.0005892721368916163
toy_3_3.9269908169872414_4.71238898038469_1.5707963267948966.ecsv True nan 0.01683714964964622 0.7461153980417641 nan 1 0.020596375396390768 0.0005805923135326098
toy_3_3.9269908169872414_4.71238898038469_2.356194490192345.ecsv True nan 0.01683714964964622 0.7461289321997013 nan 1 0.02258328458297175 0.0005860435494796087
toy_3_3.9269908169872414_4.71238898038469_3.141592653589793.ecsv True nan 0.01683714964964622 0.7487225288731086 nan 1 0.03882180884293639 0.0006940473074612167
toy_3_3.9269908169872414_4.71238898038469_3.9269908169872414.ecsv True nan 0.01683714964964622 0.77270271345641 nan 1 0.03887919818211241 0.0006761747565418428
toy_3_3.9269908169872414_4.71238898038469_4.71238898038469.ecsv True nan 0.01683714964964622 0.777607443915524 nan 1 0.03480736380463674 0.0006913632005335587
toy_3_3.9269908169872414_4.71238898038469_5.497787143782138.ecsv True nan 0.01683714964964622 0.741378561705585 nan 1 0.031634092613927495 0.0006660180010532379
toy_3_3.9269908169872414_5.497787143782138_0.0.ecsv True nan 0.01683714964964622 0.7612938172461364 nan 1 0.03132121739829989 0.0007464673595709644
toy_3_3.9269908169872414_5.497787143782138_0.7853981633974483.ecsv True nan 0.01683714964964622 0.7612184457663161 nan 1 0.03970299312230263 0.000790838322917186
toy_3_3.9269908169872414_5.497787143782138_1.5707963267948966.ecsv True nan 0.01683714964964622 0.7323350751817955 nan 1 0.022091570657076523 0.000592836172028996
toy_3_3.9269908169872414_5.497787143782138_2.356194490192345.ecsv True nan 0.01683714964964622 0.7565695423051099 nan 1 0.02960826826130701 0.0007292283017847691
toy_3_3.9269908169872414_5.497787143782138_3.141592653589793.ecsv True nan 0.01683714964964622 0.7772848660958382 nan 1 0.035763949078975926 0.000767650829973866
toy_3_3.9269908169872414_5.497787143782138_3.9269908169872414.ecsv True nan 0.01683714964964622 0.7730701439057169 nan 1 0.04639514604635961 0.0007900198796535312
toy_3_3.9269908169872414_5.497787143782138_4.71238898038469.ecsv True nan 0.01683714964964622 0.7425575569286677 nan 1 0.043985361095093906 0.0007169346501092839
toy_3_3.9269908169872414_5.497787143782138_5.497787143782138.ecsv True nan 0.03246214964964622 0.750536672802189 nan 1 0.02598069262263071 0.000714350214589127
toy_3_4.71238898038469_0.0_2.356194490192345.ecsv True nan 0.03636839964964622 0.7534287126356218 nan 1 0.03024476744681444 0.0007912970969670304
toy_3_4.71238898038469_0.0_3.141592653589793.ecsv True nan 0.03636839964964622 0.8091975451106079 nan 1 0.020280077279764136 0.0007496032430791805
toy_3_4.71238898038469_0.0_3.9269908169872414.ecsv True nan 0.03636839964964622 0.7541527924145092 nan 1 0.03180895430713586 0.0007922928746758294
toy_3_4.71238898038469_3.141592653589793_2.356194490192345.ecsv True nan 0.03636839964964622 0.7534287126356218 nan 1 0.03024476744681444 0.0007912970969670304
toy_3_4.71238898038469_3.141592653589793_3.141592653589793.ecsv True nan 0.03636839964964622 0.8091975451106079 nan 1 0.02028007727976415 0.0007496032430791805
toy_3_4.71238898038469_3.141592653589793_3.9269908169872414.ecsv True nan 0.03636839964964622 0.7541527924145092 nan 1 0.03180895430713586 0.0007922928746758294
toy_3_4.71238898038469_3.9269908169872414_0.0.ecsv True nan 0.03636839964964622 0.7902020261148833 nan 1 0.02032269939484417 0.000753030846995701
toy_3_4.71238898038469_3.9269908169872414_0.7853981633974483.ecsv True nan 0.03246214964964622 0.7669920123985977 nan 1 0.02728041947977393 0.0007410511804067024
toy_3_4.71238898038469_3.9269908169872414_1.5707963267948966.ecsv True nan 0.01683714964964622 0.726949459156917 nan 1 0.02348953803021829 0.0005869151821862129
toy_3_4.71238898038469_3.9269908169872414_2.356194490192345.ecsv True nan 0.01683714964964622 0.7640882395048822 nan 1 0.041300526404441776 0.0007750716063945255
toy_3_4.71238898038469_3.9269908169872414_3.141592653589793.ecsv True nan 0.03636839964964622 0.7954164284348575 nan 1 0.027261572478895088 0.0007366758145932753
toy_3_4.71238898038469_3.9269908169872414_3.9269908169872414.ecsv True nan 0.01683714964964622 0.7727063758857683 nan 1 0.032993760518259876 0.0007461501799735375
toy_3_4.71238898038469_3.9269908169872414_4.71238898038469.ecsv True nan 0.01683714964964622 0.7246876704153429 nan 1 0.031899802451499495 0.0006666494500773791
toy_3_4.71238898038469_3.9269908169872414_5.497787143782138.ecsv True nan 0.01683714964964622 0.7539813876236091 nan 1 0.037548158415170604 0.0007853896421452717
toy_3_4.71238898038469_4.71238898038469_0.0.ecsv True nan 0.01683714964964622 0.7541147170006103 nan 1 0.019652770498888916 0.0005892721368916163
toy_3_4.71238898038469_4.71238898038469_0.7853981633974483.ecsv True nan 0.01683714964964622 0.7461153980417641 nan 1 0.020596375396390768 0.0005805923135326098
toy_3_4.71238898038469_4.71238898038469_1.5707963267948966.ecsv True nan 0.01683714964964622 0.7461289321997013 nan 1 0.022583284582971735 0.0005860435494796087
toy_3_4.71238898038469_4.71238898038469_2.356194490192345.ecsv True nan 0.01683714964964622 0.7487225288731086 nan 1 0.03882180884293639 0.0006940473074612167
toy_3_4.71238898038469_4.71238898038469_3.141592653589793.ecsv True nan 0.01683714964964622 0.7727027134564101 nan 1 0.038879198182112426 0.0006761747565418429
toy_3_4.71238898038469_4.71238898038469_3.9269908169872414.ecsv True nan 0.01683714964964622 0.7776074439155242 nan 1 0.03480736380463674 0.0006913632005335587
toy_3_4.71238898038469_4.71238898038469_4.71238898038469.ecsv True nan 0.01683714964964622 0.741378561705585 nan 1 0.031634092613927495 0.0006660180010532379
toy_3_4.71238898038469_4.71238898038469_5.497787143782138.ecsv True nan 0.01683714964964622 0.7331812769673683 nan 1 0.02412519241787635 0.000574872513104829
toy_3_4.71238898038469_5.497787143782138_0.0.ecsv True nan 0.03636839964964622 0.7902020261148833 nan 1 0.0203226993948442 0.000753030846995701
