data_processed/toy_model/varsub_results.ecsv
# %ECSV 1.0
# ---
# datatype:
# - {name: Name, datatype: string}
# - {name: Statistic, datatype: float64}
# - {name: p_value, datatype: float64}
# - {name: Statistic_x, datatype: float64}
# - {name: Statistic_sgn, datatype: int32}
# - {name: Statistic_diff, datatype: float64}
# - {name: Significant, datatype: bool}
# - {name: 'Sigma [meas]', datatype: float64}
# - {name: 'Sigma [obsv]', datatype: float64}
# - {name: 'Sigma [true]', datatype: float64}
# - {name: 'Sigma [diff]', datatype: float64}
# - {name: FWHM, datatype: float64}
# schema: astropy-2.0
Name Statistic p_value Statistic_x Statistic_sgn Statistic_diff Significant "Sigma [meas]" "Sigma [obsv]" "Sigma [true]" "Sigma [diff]" FWHM
[from data line 1265]
toy_2_2.356194490192345_4.71238898038469_0.7853981633974483.ecsv 0.28125 0.04015913370107313 0.23828125 -1 0.18823119994994642 False 0.6312847589982881 0.44737461092003067 nan nan nan
toy_2_2.356194490192345_4.71238898038469_1.5707963267948966.ecsv 0.25 0.09121667778611445 0.328125 -1 0.07787474974974629 False 0.627562582329886 0.3980324499594946 nan nan nan
toy_2_2.356194490192345_4.71238898038469_2.356194490192345.ecsv 0.28125 0.04015913370107313 0.3984375 -1 0.04808714964964622 False 0.6656423997141907 0.37239256309840363 nan nan nan
toy_2_2.356194490192345_4.71238898038469_3.141592653589793.ecsv 0.22916666666666666 0.14908984823440422 0.25390625 -1 0.10375609984984635 False 0.6592573728531659 0.42937275000541536 nan nan nan
toy_2_2.356194490192345_4.71238898038469_3.9269908169872414.ecsv 0.21875 0.18745875395425074 0.328125 -1 0.07787474974974629 False 0.5537789837973008 0.30372230248064996 nan nan nan
toy_2_2.356194490192345_4.71238898038469_4.71238898038469.ecsv 0.25 0.09121667778611445 0.23828125 -1 0.18823119994994642 False 0.5364162565135435 0.2556537506297188 nan nan nan
toy_2_2.356194490192345_4.71238898038469_5.497787143782138.ecsv 0.28125 0.04015913370107313 0.23828125 -1 0.18823119994994642 False 0.5250625337093954 0.20177277038660912 nan nan nan
toy_2_2.356194490192345_5.497787143782138_0.0.ecsv 0.125 0.8286885228523674 0.01953125 -1 0.06958130005004648 False 0.514421498649404 0.21037260887840925 nan nan nan
toy_2_2.356194490192345_5.497787143782138_0.7853981633974483.ecsv 0.21875 0.18745875395425074 0.33984375 -1 0.08959349974974629 False 0.5885159789011132 0.28015832492333587 nan nan nan
toy_2_2.356194490192345_5.497787143782138_1.5707963267948966.ecsv 0.34375 0.005727514922936569 0.37109375 -1 0.12084349974974629 False 0.6125425337635197 0.274237924993622 nan nan nan
toy_2_2.356194490192345_5.497787143782138_2.356194490192345.ecsv 0.3125 0.01597349864347013 0.3984375 -1 0.14818724974974629 False 0.6776832365792447 0.35412571205103494 nan nan nan
toy_2_2.356194490192345_5.497787143782138_3.141592653589793.ecsv 0.22916666666666666 0.14908984823440422 0.25390625 -1 0.10375609984984635 False 0.6620709716520604 0.4337602943941206 nan nan nan
toy_2_2.356194490192345_5.497787143782138_3.9269908169872414.ecsv 0.22916666666666666 0.14908984823440422 0.25390625 -1 0.10375609984984635 False 0.5775781800305326 0.2964086657914715 nan nan nan
toy_2_2.356194490192345_5.497787143782138_4.71238898038469.ecsv 0.2604166666666667 0.07017152271060623 0.234375 -1 0.18432494994994642 False 0.5241863972988436 0.18455414640654946 nan nan nan
toy_2_2.356194490192345_5.497787143782138_5.497787143782138.ecsv 0.19791666666666666 0.28652125169284315 0.00390625 -1 0.15405640015014654 False 0.5588701447722351 0.20585901618709795 nan nan nan
toy_2_3.141592653589793_0.0_0.0.ecsv 0.1875 0.3481084162384742 0.37109375 -1 0.02074339964964622 False 0.6552150144317666 0.4626911140079994 nan nan nan
toy_2_3.141592653589793_0.0_0.7853981633974483.ecsv 0.1875 0.3481084162384742 0.27734375 -1 0.027093499749746286 False 0.5799638540466892 0.2633445512018355 nan nan nan
toy_2_3.141592653589793_0.0_1.5707963267948966.ecsv 0.21875 0.18745875395425074 0.23828125 -1 0.08813109984984635 False 0.4849655582777852 0.20216432223358788 nan nan nan
toy_2_3.141592653589793_0.0_2.356194490192345.ecsv 0.15625 0.5777121277951264 0.27734375 -1 0.027093499749746286 False 0.5681026622857503 0.27369557989029053 nan nan nan
toy_2_3.141592653589793_0.0_3.141592653589793.ecsv 0.15625 0.5777121277951264 0.23828125 -1 -0.011969000250253714 False 0.6694248099895596 0.46654373501488994 nan nan nan
toy_2_3.141592653589793_0.0_3.9269908169872414.ecsv 0.15625 0.5777121277951264 0.27734375 -1 0.027093499749746286 False 0.5543783778178184 0.2540718344478425 nan nan nan
toy_2_3.141592653589793_0.0_4.71238898038469.ecsv 0.21875 0.18745875395425074 0.23828125 -1 0.08813109984984635 False 0.4849655582777852 0.20216432223358788 nan nan nan
toy_2_3.141592653589793_0.0_5.497787143782138.ecsv 0.21875 0.18745875395425074 0.37109375 -1 0.02074339964964622 False 0.5776179053281196 0.26335719058088036 nan nan nan
toy_2_3.141592653589793_0.7853981633974483_0.0.ecsv 0.1875 0.3481084162384742 0.37109375 -1 0.02074339964964622 False 0.595124348680601 0.3096585159500254 nan nan nan
toy_2_3.141592653589793_0.7853981633974483_0.7853981633974483.ecsv 0.10416666666666667 0.9473983842706821 0.25390625 -1 0.003655999749746286 False 0.5820515829612373 0.2677071853705523 nan nan nan
toy_2_3.141592653589793_0.7853981633974483_1.5707963267948966.ecsv 0.09375 0.9794100966906152 0.08028034866454614 1 -0.16996990158570757 False 0.5403393181838329 0.2413894632921444 nan nan nan
toy_2_3.141592653589793_0.7853981633974483_2.356194490192345.ecsv 0.11458333333333333 0.8964991989309539 0.1865853674151554 1 -0.0636648828350983 False 0.5836660246288943 0.2794609474684345 nan nan nan
toy_2_3.141592653589793_0.7853981633974483_3.141592653589793.ecsv 0.15625 0.5777121277951264 0.33984375 -1 -0.010506600350353779 False 0.6456192562030936 0.4464922437435525 nan nan nan
toy_2_3.141592653589793_0.7853981633974483_3.9269908169872414.ecsv 0.19791666666666666 0.28652125169284315 0.25390625 -1 0.10375609984984635 False 0.5362137181108126 0.24839252597619224 nan nan nan
toy_2_3.141592653589793_0.7853981633974483_4.71238898038469.ecsv 0.21875 0.18745875395425074 0.23828125 -1 0.08813109984984635 False 0.532161078981773 0.26612682183700453 nan nan nan
toy_2_3.141592653589793_0.7853981633974483_5.497787143782138.ecsv 0.1875 0.3481084162384742 0.23828125 -1 0.08813109984984635 False 0.6039823696573563 0.3047387499799139 nan nan nan
toy_2_3.141592653589793_1.5707963267948966_0.0.ecsv 0.10416666666666667 0.9473983842706821 -0.2265625 -1 0.12378785035034667 False 0.5181474917662403 0.2533472702713682 nan nan nan
toy_2_3.141592653589793_1.5707963267948966_0.7853981633974483.ecsv 0.15625 0.5777121277951264 -0.4030347150054019 1 -0.25288456485525534 False 0.6066092282936912 0.3185335528151656 nan nan nan
toy_2_3.141592653589793_1.5707963267948966_1.5707963267948966.ecsv 0.125 0.8286885228523674 -0.4550594062568253 1 -0.20480915600657867 False 0.604853471165143 0.32667846581449206 nan nan nan
toy_2_3.141592653589793_1.5707963267948966_2.356194490192345.ecsv 0.07291666666666667 0.9992392457338773 -0.10537079087556356 1 -0.15542084092561714 False 0.5732410615690866 0.3305239084936152 nan nan nan
toy_2_3.141592653589793_1.5707963267948966_3.141592653589793.ecsv 0.15625 0.5777121277951264 0.23828125 -1 -0.011969000250253714 False 0.6089407278580885 0.42222726073781514 nan nan nan
toy_2_3.141592653589793_1.5707963267948966_3.9269908169872414.ecsv 0.21875 0.18745875395425074 0.23828125 -1 0.08813109984984635 False 0.48496555827778515 0.20216432223358788 nan nan nan
toy_2_3.141592653589793_1.5707963267948966_4.71238898038469.ecsv 0.21875 0.18745875395425074 0.23828125 -1 0.08813109984984635 False 0.5310062223042245 0.27698678129943227 nan nan nan
toy_2_3.141592653589793_1.5707963267948966_5.497787143782138.ecsv 0.1875 0.3481084162384742 0.23828125 -1 0.08813109984984635 False 0.5307611074019825 0.3371483460825786 nan nan nan
toy_2_3.141592653589793_2.356194490192345_0.0.ecsv 0.1875 0.3481084162384742 0.37109375 -1 0.02074339964964622 False 0.595124348680601 0.3096585159500254 nan nan nan
toy_2_3.141592653589793_2.356194490192345_0.7853981633974483.ecsv 0.10416666666666667 0.9473983842706821 0.25390625 -1 0.003655999749746286 False 0.5820515829612372 0.2677071853705523 nan nan nan
toy_2_3.141592653589793_2.356194490192345_1.5707963267948966.ecsv 0.09375 0.9794100966906152 0.08028034866454598 1 -0.16996990158570774 False 0.5403393181838329 0.24138946329214442 nan nan nan
toy_2_3.141592653589793_2.356194490192345_2.356194490192345.ecsv 0.11458333333333333 0.8964991989309539 0.18658536741515536 1 -0.06366488283509836 False 0.5836660246288943 0.2794609474684345 nan nan nan
toy_2_3.141592653589793_2.356194490192345_3.141592653589793.ecsv 0.15625 0.5777121277951264 0.33984375 -1 -0.010506600350353779 False 0.6456192562030936 0.44649224374355245 nan nan nan
toy_2_3.141592653589793_2.356194490192345_3.9269908169872414.ecsv 0.19791666666666666 0.28652125169284315 0.25390625 -1 0.10375609984984635 False 0.5362137181108126 0.2483925259761922 nan nan nan
toy_2_3.141592653589793_2.356194490192345_4.71238898038469.ecsv 0.21875 0.18745875395425074 0.23828125 -1 0.08813109984984635 False 0.532161078981773 0.2661268218370046 nan nan nan
toy_2_3.141592653589793_2.356194490192345_5.497787143782138.ecsv 0.1875 0.3481084162384742 0.23828125 -1 0.08813109984984635 False 0.6039823696573563 0.3047387499799139 nan nan nan
toy_2_3.141592653589793_3.141592653589793_0.0.ecsv 0.1875 0.3481084162384742 0.37109375 -1 0.02074339964964622 False 0.6552150144317666 0.46269111400799945 nan nan nan
toy_2_3.141592653589793_3.141592653589793_0.7853981633974483.ecsv 0.1875 0.3481084162384742 0.27734375 -1 0.027093499749746286 False 0.5799638540466892 0.2633445512018355 nan nan nan
toy_2_3.141592653589793_3.141592653589793_1.5707963267948966.ecsv 0.21875 0.18745875395425074 0.23828125 -1 0.08813109984984635 False 0.4849655582777852 0.20216432223358788 nan nan nan
toy_2_3.141592653589793_3.141592653589793_2.356194490192345.ecsv 0.15625 0.5777121277951264 0.27734375 -1 0.027093499749746286 False 0.5681026622857503 0.2736955798902906 nan nan nan
toy_2_3.141592653589793_3.141592653589793_3.141592653589793.ecsv 0.15625 0.5777121277951264 0.23828125 -1 -0.011969000250253714 False 0.6694248099895596 0.46654373501488994 nan nan nan
toy_2_3.141592653589793_3.141592653589793_3.9269908169872414.ecsv 0.15625 0.5777121277951264 0.27734375 -1 0.027093499749746286 False 0.5543783778178184 0.2540718344478425 nan nan nan
toy_2_3.141592653589793_3.141592653589793_4.71238898038469.ecsv 0.21875 0.18745875395425074 0.23828125 -1 0.08813109984984635 False 0.4849655582777852 0.20216432223358788 nan nan nan
toy_2_3.141592653589793_3.141592653589793_5.497787143782138.ecsv 0.21875 0.18745875395425074 0.37109375 -1 0.02074339964964622 False 0.5776179053281196 0.26335719058088036 nan nan nan
toy_2_3.141592653589793_3.9269908169872414_0.0.ecsv 0.21875 0.18745875395425074 0.37109375 -1 0.02074339964964622 False 0.6407690737400947 0.4585667296784703 nan nan nan
toy_2_3.141592653589793_3.9269908169872414_0.7853981633974483.ecsv 0.34375 0.005727514922936569 0.37109375 -1 0.12084349974974629 False 0.6512699022508508 0.335179228234569 nan nan nan
toy_2_3.141592653589793_3.9269908169872414_1.5707963267948966.ecsv 0.28125 0.04015913370107313 0.23828125 -1 0.18823119994994642 False 0.61832680573932 0.2759353738744633 nan nan nan
toy_2_3.141592653589793_3.9269908169872414_2.356194490192345.ecsv 0.25 0.09121667778611445 0.23828125 -1 0.18823119994994642 False 0.6350419233753306 0.35553947336920805 nan nan nan
toy_2_3.141592653589793_3.9269908169872414_3.141592653589793.ecsv 0.1875 0.3481084162384742 0.37109375 -1 0.02074339964964622 False 0.5971810222554097 0.34148456215246 nan nan nan
toy_2_3.141592653589793_3.9269908169872414_3.9269908169872414.ecsv 0.1875 0.3481084162384742 0.328125 -1 0.07787474974974629 False 0.6001611961118735 0.27347493086752755 nan nan nan
toy_2_3.141592653589793_3.9269908169872414_4.71238898038469.ecsv 0.25 0.09121667778611445 0.23828125 -1 0.18823119994994642 False 0.5196546721132813 0.17711447474314493 nan nan nan
toy_2_3.141592653589793_3.9269908169872414_5.497787143782138.ecsv 0.25 0.09121667778611445 0.23828125 -1 0.18823119994994642 False 0.5349018528116736 0.21905696178588316 nan nan nan
toy_2_3.141592653589793_4.71238898038469_0.0.ecsv 0.28125 0.04015913370107313 0.23828125 -1 0.18823119994994642 False 0.6312847589982882 0.4473746109200307 nan nan nan
toy_2_3.141592653589793_4.71238898038469_0.7853981633974483.ecsv 0.25 0.09121667778611445 0.328125 -1 0.07787474974974629 False 0.627562582329886 0.3980324499594947 nan nan nan
toy_2_3.141592653589793_4.71238898038469_1.5707963267948966.ecsv 0.28125 0.04015913370107313 0.3984375 -1 0.04808714964964622 False 0.6656423997141908 0.37239256309840363 nan nan nan
toy_2_3.141592653589793_4.71238898038469_2.356194490192345.ecsv 0.22916666666666666 0.14908984823440422 0.25390625 -1 0.10375609984984635 False 0.6592573728531659 0.4293727500054154 nan nan nan
toy_2_3.141592653589793_4.71238898038469_3.141592653589793.ecsv 0.21875 0.18745875395425074 0.328125 -1 0.07787474974974629 False 0.5537789837973008 0.30372230248064996 nan nan nan
toy_2_3.141592653589793_4.71238898038469_3.9269908169872414.ecsv 0.25 0.09121667778611445 0.23828125 -1 0.18823119994994642 False 0.5364162565135435 0.25565375062971873 nan nan nan
toy_2_3.141592653589793_4.71238898038469_4.71238898038469.ecsv 0.28125 0.04015913370107313 0.23828125 -1 0.18823119994994642 False 0.5250625337093954 0.20177277038660918 nan nan nan
toy_2_3.141592653589793_4.71238898038469_5.497787143782138.ecsv 0.21875 0.18745875395425074 0.23828125 -1 0.08813109984984635 False 0.48496555827778515 0.20216432223358788 nan nan nan
toy_2_3.141592653589793_5.497787143782138_0.0.ecsv 0.21875 0.18745875395425074 0.37109375 -1 0.02074339964964622 False 0.6407690737400947 0.45856672967847034 nan nan nan
toy_2_3.141592653589793_5.497787143782138_0.7853981633974483.ecsv 0.34375 0.005727514922936569 0.37109375 -1 0.12084349974974629 False 0.6512699022508509 0.335179228234569 nan nan nan
toy_2_3.141592653589793_5.497787143782138_1.5707963267948966.ecsv 0.28125 0.04015913370107313 0.23828125 -1 0.18823119994994642 False 0.6183268057393202 0.2759353738744635 nan nan nan
toy_2_3.141592653589793_5.497787143782138_2.356194490192345.ecsv 0.25 0.09121667778611445 0.23828125 -1 0.18823119994994642 False 0.6350419233753306 0.355539473369208 nan nan nan
toy_2_3.141592653589793_5.497787143782138_3.141592653589793.ecsv 0.1875 0.3481084162384742 0.37109375 -1 0.02074339964964622 False 0.5971810222554097 0.34148456215246 nan nan nan
toy_2_3.141592653589793_5.497787143782138_3.9269908169872414.ecsv 0.1875 0.3481084162384742 0.328125 -1 0.07787474974974629 False 0.6001611961118736 0.27347493086752755 nan nan nan
toy_2_3.141592653589793_5.497787143782138_4.71238898038469.ecsv 0.25 0.09121667778611445 0.23828125 -1 0.18823119994994642 False 0.5196546721132813 0.17711447474314496 nan nan nan
toy_2_3.141592653589793_5.497787143782138_5.497787143782138.ecsv 0.25 0.09121667778611445 0.23828125 -1 0.18823119994994642 False 0.5349018528116735 0.21905696178588316 nan nan nan
toy_2_3.9269908169872414_0.0_0.0.ecsv 0.25 0.09121667778611445 0.328125 -1 0.07787474974974629 False 0.6713934894699163 0.47770562636261465 nan nan nan
toy_2_3.9269908169872414_0.0_0.7853981633974483.ecsv 0.3125 0.01597349864347013 0.37109375 -1 0.12084349974974629 False 0.6444601157525005 0.327944647623503 nan nan nan
toy_2_3.9269908169872414_0.0_1.5707963267948966.ecsv 0.22916666666666666 0.14908984823440422 0.25390625 -1 0.10375609984984635 False 0.4849655582777852 0.20216432223358788 nan nan nan
toy_2_3.9269908169872414_0.0_2.356194490192345.ecsv 0.17708333333333334 0.41777426615289587 -0.1171875 -1 0.1330627502502466 False 0.5510456273782549 0.20922532297720323 nan nan nan
toy_2_3.9269908169872414_0.0_3.141592653589793.ecsv 0.125 0.8286885228523674 0.328125 -1 -0.02222535035035378 False 0.6182076700475202 0.3690336906556479 nan nan nan
toy_2_3.9269908169872414_0.0_3.9269908169872414.ecsv 0.17708333333333334 0.41777426615289587 -0.1171875 -1 0.1330627502502466 False 0.5560273307151908 0.21083078030142766 nan nan nan
toy_2_3.9269908169872414_0.0_4.71238898038469.ecsv 0.21875 0.18745875395425074 0.23828125 -1 0.08813109984984635 False 0.4849655582777852 0.20216432223358785 nan nan nan
toy_2_3.9269908169872414_0.0_5.497787143782138.ecsv 0.3125 0.01597349864347013 0.328125 -1 0.07787474974974629 False 0.6358847879042566 0.3222632644417826 nan nan nan
