data_processed/toy_model/varsub_results.ecsv
# %ECSV 1.0
# ---
# datatype:
# - {name: Name, datatype: string}
# - {name: Statistic, datatype: float64}
# - {name: p_value, datatype: float64}
# - {name: Statistic_x, datatype: float64}
# - {name: Statistic_sgn, datatype: int32}
# - {name: Statistic_diff, datatype: float64}
# - {name: Significant, datatype: bool}
# - {name: 'Sigma [meas]', datatype: float64}
# - {name: 'Sigma [obsv]', datatype: float64}
# - {name: 'Sigma [true]', datatype: float64}
# - {name: 'Sigma [diff]', datatype: float64}
# - {name: FWHM, datatype: float64}
# schema: astropy-2.0
Name Statistic p_value Statistic_x Statistic_sgn Statistic_diff Significant "Sigma [meas]" "Sigma [obsv]" "Sigma [true]" "Sigma [diff]" FWHM
[from data line 337]
toy_0_3.9269908169872414_1.5707963267948966_0.7853981633974483.ecsv 0.1472532482334169 0.03726443199039013 0.41015625 1 -0.1403943005505539 False 0.6353615842281877 0.3349105861320136 nan nan nan
toy_0_3.9269908169872414_1.5707963267948966_1.5707963267948966.ecsv 0.1527765601164279 0.02757256376824117 0.421875 1 -0.1286755505505539 False 0.6117354741269275 0.3186960382476222 nan nan nan
toy_0_3.9269908169872414_1.5707963267948966_2.356194490192345.ecsv 0.12473917693885782 0.11317810823083348 0.421875 1 -0.028575450450453843 False 0.6124973860729251 0.3135771596849593 nan nan nan
toy_0_3.9269908169872414_1.5707963267948966_3.141592653589793.ecsv 0.10604758815381109 0.2474778969634563 0.421875 1 -0.028575450450453843 False 0.6087682560096208 0.30095474160137436 nan nan nan
toy_0_3.9269908169872414_1.5707963267948966_3.9269908169872414.ecsv 0.0803422699935123 0.5795201450100607 0.36328125 1 -0.08716920045045384 False 0.6049651550970703 0.31075343872984607 nan nan nan
toy_0_3.9269908169872414_1.5707963267948966_4.71238898038469.ecsv 0.06866441058371762 0.7632384799140923 0.421875 1 -0.028575450450453843 False 0.596721785588949 0.2859288005303991 nan nan nan
toy_0_3.9269908169872414_1.5707963267948966_5.497787143782138.ecsv 0.10823937858357735 0.22733215543617286 0.3840633274217666 1 -0.06638712302868727 False 0.6038346453058503 0.29227274955681437 nan nan nan
toy_0_3.9269908169872414_2.356194490192345_0.0.ecsv 0.0897055987094738 0.4397819196263004 0.546875 -1 -0.0036755505505539077 False 0.6507367477648902 0.3295421110415264 nan nan nan
toy_0_3.9269908169872414_2.356194490192345_0.7853981633974483.ecsv 0.13408497133138117 0.07296416000146465 0.421875 1 -0.1286755505505539 False 0.6259861813073797 0.2845272784233072 nan nan nan
toy_0_3.9269908169872414_2.356194490192345_1.5707963267948966.ecsv 0.18675807893952412 0.003401019113663526 0.37890625 1 -0.07154420045045384 False 0.5714240341762167 0.22643839381164793 nan nan nan
toy_0_3.9269908169872414_2.356194490192345_2.356194490192345.ecsv 0.1044870333678175 0.2626340685771537 0.3879826415672334 1 -0.062467808883220455 False 0.6272901027183672 0.28255165190164205 nan nan nan
toy_0_3.9269908169872414_2.356194490192345_3.141592653589793.ecsv 0.1177429818870439 0.1540213987363483 0.546875 -1 -0.0036755505505539077 False 0.6619607714630601 0.33481363285853927 nan nan nan
toy_0_3.9269908169872414_2.356194490192345_3.9269908169872414.ecsv 0.10604758815381109 0.2474778969634563 0.421875 1 -0.028575450450453843 False 0.6244015896900564 0.2713951344211431 nan nan nan
toy_0_3.9269908169872414_2.356194490192345_4.71238898038469.ecsv 0.07099647560098894 0.7276272269199805 0.36328125 1 -0.08716920045045384 False 0.5755740195428046 0.2374457415028212 nan nan nan
toy_0_3.9269908169872414_2.356194490192345_5.497787143782138.ecsv 0.13471620697515385 0.07077783140077663 0.328125 1 -0.12232545045045384 False 0.6028099241593224 0.25848985291229815 nan nan nan
toy_0_3.9269908169872414_3.141592653589793_0.0.ecsv 0.12708877627956724 0.10164890612991566 0.546875 -1 -0.0036755505505539077 False 0.6727746860202153 0.3837977775660176 nan nan nan
toy_0_3.9269908169872414_3.141592653589793_0.7853981633974483.ecsv 0.1382756746330943 0.05929334963215995 0.5390625 -1 -0.011488050550553908 False 0.6149069973698734 0.2579598951222241 nan nan nan
toy_0_3.9269908169872414_3.141592653589793_1.5707963267948966.ecsv 0.12254738650909154 0.1250838416045315 0.109375 -1 0.059324949949946415 False 0.5521426408126524 0.20198135638324727 nan nan nan
toy_0_3.9269908169872414_3.141592653589793_2.356194490192345.ecsv 0.12708877627956724 0.10164890612991566 0.546875 -1 -0.0036755505505539077 False 0.6291255416915794 0.26019649427797936 nan nan nan
toy_0_3.9269908169872414_3.141592653589793_3.141592653589793.ecsv 0.13268222545633077 0.07807331291751343 0.54296875 -1 -0.007581800550553908 False 0.6908158667619804 0.38194385856332796 nan nan nan
toy_0_3.9269908169872414_3.141592653589793_3.9269908169872414.ecsv 0.12708877627956724 0.10164890612991566 0.546875 -1 -0.0036755505505539077 False 0.6267576079456759 0.2560051526929433 nan nan nan
toy_0_3.9269908169872414_3.141592653589793_4.71238898038469.ecsv 0.12254738650909154 0.1250838416045315 0.109375 -1 0.059324949949946415 False 0.5521426408126524 0.20198135638324727 nan nan nan
toy_0_3.9269908169872414_3.141592653589793_5.497787143782138.ecsv 0.14578036506461398 0.04026228162806532 0.546875 -1 -0.0036755505505539077 False 0.6153664858413931 0.25389100511653556 nan nan nan
toy_0_3.9269908169872414_3.9269908169872414_0.0.ecsv 0.1364345706720906 0.06499275413868705 0.546875 -1 -0.0036755505505539077 False 0.6567438727192645 0.3395819955735856 nan nan nan
toy_0_3.9269908169872414_3.9269908169872414_0.7853981633974483.ecsv 0.15058476968666165 0.03103159431811841 0.109375 -1 0.15942505005004648 False 0.6494332972120843 0.27302818639458226 nan nan nan
toy_0_3.9269908169872414_3.9269908169872414_1.5707963267948966.ecsv 0.18503971524258736 0.003806989103331531 0.5546875 -1 0.004136949449446092 False 0.6400301451636948 0.2580458137857391 nan nan nan
toy_0_3.9269908169872414_3.9269908169872414_2.356194490192345.ecsv 0.20185513141975417 0.0011664549734579682 0.546875 -1 -0.0036755505505539077 False 0.6747941963892888 0.29555817008868057 nan nan nan
toy_0_3.9269908169872414_3.9269908169872414_3.141592653589793.ecsv 0.15512615945713734 0.02416490935579006 0.546875 -1 -0.0036755505505539077 False 0.6679774013569926 0.33755653104454253 nan nan nan
toy_0_3.9269908169872414_3.9269908169872414_3.9269908169872414.ecsv 0.17381774824218407 0.007913395703844089 0.546875 -1 -0.0036755505505539077 False 0.6547278724004152 0.27972726448346197 nan nan nan
toy_0_3.9269908169872414_3.9269908169872414_4.71238898038469.ecsv 0.15058476968666165 0.03103159431811841 0.109375 -1 0.15942505005004648 False 0.602336568714956 0.2129532595894329 nan nan nan
toy_0_3.9269908169872414_3.9269908169872414_5.497787143782138.ecsv 0.1644719538496607 0.014050395172507146 0.546875 -1 -0.0036755505505539077 False 0.6468327693985688 0.27178965330309157 nan nan nan
toy_0_3.9269908169872414_4.71238898038469_0.0.ecsv 0.15058476968666165 0.03103159431811841 0.109375 -1 0.15942505005004648 False 0.6356191917068258 0.3218011739580294 nan nan nan
toy_0_3.9269908169872414_4.71238898038469_0.7853981633974483.ecsv 0.15993056407918502 0.0182861615744103 0.109375 -1 0.15942505005004648 False 0.6476474784366465 0.3271106059156638 nan nan nan
toy_0_3.9269908169872414_4.71238898038469_1.5707963267948966.ecsv 0.17565885220318775 0.007043574252713065 0.5390625 -1 -0.011488050550553908 False 0.6704413298932012 0.3341308653727617 nan nan nan
toy_0_3.9269908169872414_4.71238898038469_2.356194490192345.ecsv 0.18316354263470744 0.004316746862476577 0.546875 -1 -0.0036755505505539077 False 0.680058404273554 0.36735217725441843 nan nan nan
toy_0_3.9269908169872414_4.71238898038469_3.141592653589793.ecsv 0.15475793866493662 0.02470610680557759 0.24609375 -1 0.09594359984984635 False 0.648847459861642 0.3139192674354769 nan nan nan
toy_0_3.9269908169872414_4.71238898038469_3.9269908169872414.ecsv 0.15451245813680278 0.024995431507513467 0.171875 -1 0.12182494994994642 False 0.6368572744880037 0.2963813523123942 nan nan nan
toy_0_3.9269908169872414_4.71238898038469_4.71238898038469.ecsv 0.15451245813680278 0.024995431507513467 0.171875 -1 0.12182494994994642 False 0.6170091206807884 0.25903452719748615 nan nan nan
toy_0_3.9269908169872414_4.71238898038469_5.497787143782138.ecsv 0.15475793866493662 0.02470610680557759 0.24609375 -1 0.09594359984984635 False 0.6340881869382529 0.30084314997190914 nan nan nan
toy_0_3.9269908169872414_5.497787143782138_0.0.ecsv 0.1364345706720906 0.06499275413868705 0.546875 -1 -0.0036755505505539077 False 0.6567438727192645 0.33958199557358565 nan nan nan
toy_0_3.9269908169872414_5.497787143782138_0.7853981633974483.ecsv 0.15058476968666165 0.03103159431811841 0.109375 -1 0.15942505005004648 False 0.6494332972120843 0.27302818639458226 nan nan nan
toy_0_3.9269908169872414_5.497787143782138_1.5707963267948966.ecsv 0.18503971524258736 0.003806989103331531 0.5546875 -1 0.004136949449446092 False 0.6400301451636948 0.2580458137857392 nan nan nan
toy_0_3.9269908169872414_5.497787143782138_2.356194490192345.ecsv 0.20185513141975417 0.0011664549734579682 0.546875 -1 -0.0036755505505539077 False 0.6747941963892888 0.29555817008868057 nan nan nan
toy_0_3.9269908169872414_5.497787143782138_3.141592653589793.ecsv 0.15512615945713734 0.02416490935579006 0.546875 -1 -0.0036755505505539077 False 0.6679774013569926 0.3375565310445425 nan nan nan
toy_0_3.9269908169872414_5.497787143782138_3.9269908169872414.ecsv 0.17381774824218407 0.007913395703844089 0.546875 -1 -0.0036755505505539077 False 0.6547278724004152 0.2797272644834619 nan nan nan
toy_0_3.9269908169872414_5.497787143782138_4.71238898038469.ecsv 0.15058476968666165 0.03103159431811841 0.109375 -1 0.15942505005004648 False 0.602336568714956 0.2129532595894329 nan nan nan
toy_0_3.9269908169872414_5.497787143782138_5.497787143782138.ecsv 0.1644719538496607 0.014050395172507146 0.546875 -1 -0.0036755505505539077 False 0.6468327693985688 0.2717896533030916 nan nan nan
toy_0_4.71238898038469_0.0_0.0.ecsv 0.1177429818870439 0.1540213987363483 0.546875 -1 -0.0036755505505539077 False 0.68461226988653 0.3841775421715897 nan nan nan
toy_0_4.71238898038469_0.0_0.7853981633974483.ecsv 0.1364345706720906 0.06499275413868705 0.546875 -1 -0.0036755505505539077 False 0.6332391616081583 0.2646823401584293 nan nan nan
toy_0_4.71238898038469_0.0_1.5707963267948966.ecsv 0.12254738650909154 0.1250838416045315 0.109375 -1 0.059324949949946415 False 0.5521426408126524 0.20198135638324727 nan nan nan
toy_0_4.71238898038469_0.0_2.356194490192345.ecsv 0.10839718749452053 0.22601990060911187 0.546875 -1 -0.0036755505505539077 False 0.6258349793893256 0.2603698442449098 nan nan nan
toy_0_4.71238898038469_0.0_3.141592653589793.ecsv 0.09905139310199716 0.32089655960214586 0.546875 -1 -0.0036755505505539077 False 0.6798216242274318 0.37111569928073995 nan nan nan
toy_0_4.71238898038469_0.0_3.9269908169872414.ecsv 0.1177429818870439 0.1540213987363483 0.546875 -1 -0.0036755505505539077 False 0.6201806959493655 0.2471102693041741 nan nan nan
toy_0_4.71238898038469_0.0_4.71238898038469.ecsv 0.12254738650909154 0.1250838416045315 0.109375 -1 0.059324949949946415 False 0.5521426408126524 0.20198135638324727 nan nan nan
toy_0_4.71238898038469_0.0_5.497787143782138.ecsv 0.14578036506461398 0.04026228162806532 0.546875 -1 -0.0036755505505539077 False 0.6267791004573092 0.2616900037818093 nan nan nan
toy_0_4.71238898038469_0.7853981633974483_0.0.ecsv 0.10839718749452053 0.22601990060911187 0.546875 -1 -0.0036755505505539077 False 0.6537652352393732 0.32839305902333993 nan nan nan
toy_0_4.71238898038469_0.7853981633974483_0.7853981633974483.ecsv 0.11602461819010713 0.16589644724373542 0.328125 1 -0.12232545045045384 False 0.6130619683373422 0.2704614695071186 nan nan nan
toy_0_4.71238898038469_0.7853981633974483_1.5707963267948966.ecsv 0.1680664901544774 0.011337707633133538 0.37890625 1 -0.07154420045045384 False 0.5820970103196776 0.2357643303982491 nan nan nan
toy_0_4.71238898038469_0.7853981633974483_2.356194490192345.ecsv 0.1563886307446827 0.022482045924718978 0.4370022026709329 1 -0.11354834787962098 False 0.6194729479097127 0.26779741668920215 nan nan nan
toy_0_4.71238898038469_0.7853981633974483_3.141592653589793.ecsv 0.10264592940681384 0.2814119345816943 0.37890625 1 -0.07154420045045384 False 0.6573161331754639 0.3392389335785071 nan nan nan
toy_0_4.71238898038469_0.7853981633974483_3.9269908169872414.ecsv 0.13408497133138117 0.07296416000146465 0.42324330779534625 1 -0.12730724275520766 False 0.613733179858809 0.2660641459065289 nan nan nan
toy_0_4.71238898038469_0.7853981633974483_4.71238898038469.ecsv 0.08968806438603566 0.4401318362001093 0.36328125 1 -0.08716920045045384 False 0.5713921067334435 0.23175311340642699 nan nan nan
toy_0_4.71238898038469_0.7853981633974483_5.497787143782138.ecsv 0.09905139310199716 0.32089655960214586 0.546875 -1 -0.0036755505505539077 False 0.6310317763326004 0.2907756970895459 nan nan nan
toy_0_4.71238898038469_1.5707963267948966_0.0.ecsv 0.10823937858357735 0.22733215543617286 0.3840633274217663 1 -0.06638712302868754 False 0.6038346453058503 0.2922727495568144 nan nan nan
toy_0_4.71238898038469_1.5707963267948966_0.7853981633974483.ecsv 0.11199172379933721 0.1957338279889266 0.37890625 1 -0.07154420045045384 False 0.6004778116430102 0.29209984875397205 nan nan nan
toy_0_4.71238898038469_1.5707963267948966_1.5707963267948966.ecsv 0.1472532482334169 0.03726443199039013 0.41015625 1 -0.1403943005505539 False 0.6353615842281877 0.3349105861320136 nan nan nan
toy_0_4.71238898038469_1.5707963267948966_2.356194490192345.ecsv 0.1527765601164279 0.02757256376824117 0.421875 1 -0.1286755505505539 False 0.6117354741269276 0.31869603824762216 nan nan nan
toy_0_4.71238898038469_1.5707963267948966_3.141592653589793.ecsv 0.12473917693885782 0.11317810823083348 0.421875 1 -0.028575450450453843 False 0.6124973860729251 0.3135771596849593 nan nan nan
toy_0_4.71238898038469_1.5707963267948966_3.9269908169872414.ecsv 0.10604758815381109 0.2474778969634563 0.421875 1 -0.028575450450453843 False 0.6087682560096208 0.30095474160137436 nan nan nan
toy_0_4.71238898038469_1.5707963267948966_4.71238898038469.ecsv 0.0803422699935123 0.5795201450100607 0.36328125 1 -0.08716920045045384 False 0.6049651550970703 0.31075343872984607 nan nan nan
toy_0_4.71238898038469_1.5707963267948966_5.497787143782138.ecsv 0.06866441058371762 0.7632384799140923 0.421875 1 -0.028575450450453843 False 0.596721785588949 0.2859288005303991 nan nan nan
toy_0_4.71238898038469_2.356194490192345_0.0.ecsv 0.10839718749452053 0.22601990060911187 0.546875 -1 -0.0036755505505539077 False 0.6537652352393732 0.32839305902333993 nan nan nan
toy_0_4.71238898038469_2.356194490192345_0.7853981633974483.ecsv 0.11602461819010713 0.16589644724373542 0.328125 1 -0.12232545045045384 False 0.6130619683373422 0.2704614695071186 nan nan nan
toy_0_4.71238898038469_2.356194490192345_1.5707963267948966.ecsv 0.1680664901544774 0.011337707633133538 0.37890625 1 -0.07154420045045384 False 0.5820970103196776 0.2357643303982491 nan nan nan
toy_0_4.71238898038469_2.356194490192345_2.356194490192345.ecsv 0.1563886307446827 0.022482045924718978 0.43700220267093304 1 -0.11354834787962087 False 0.6194729479097129 0.2677974166892022 nan nan nan
toy_0_4.71238898038469_2.356194490192345_3.141592653589793.ecsv 0.10264592940681384 0.2814119345816943 0.37890625 1 -0.07154420045045384 False 0.6573161331754639 0.3392389335785071 nan nan nan
toy_0_4.71238898038469_2.356194490192345_3.9269908169872414.ecsv 0.13408497133138117 0.07296416000146465 0.4232433077953462 1 -0.12730724275520772 False 0.613733179858809 0.2660641459065289 nan nan nan
toy_0_4.71238898038469_2.356194490192345_4.71238898038469.ecsv 0.08968806438603566 0.4401318362001093 0.36328125 1 -0.08716920045045384 False 0.5713921067334435 0.23175311340642699 nan nan nan
toy_0_4.71238898038469_2.356194490192345_5.497787143782138.ecsv 0.09905139310199716 0.32089655960214586 0.546875 -1 -0.0036755505505539077 False 0.6310317763326004 0.2907756970895459 nan nan nan
toy_0_4.71238898038469_3.141592653589793_0.0.ecsv 0.1177429818870439 0.1540213987363483 0.546875 -1 -0.0036755505505539077 False 0.6846122698865301 0.3841775421715897 nan nan nan
toy_0_4.71238898038469_3.141592653589793_0.7853981633974483.ecsv 0.1364345706720906 0.06499275413868705 0.546875 -1 -0.0036755505505539077 False 0.6332391616081583 0.2646823401584293 nan nan nan
toy_0_4.71238898038469_3.141592653589793_1.5707963267948966.ecsv 0.12254738650909154 0.1250838416045315 0.109375 -1 0.059324949949946415 False 0.5521426408126524 0.20198135638324724 nan nan nan
