data_processed/toy_model/varsub_results.ecsv
# %ECSV 1.0
# ---
# datatype:
# - {name: Name, datatype: string}
# - {name: Statistic, datatype: float64}
# - {name: p_value, datatype: float64}
# - {name: Statistic_x, datatype: float64}
# - {name: Statistic_sgn, datatype: int32}
# - {name: Statistic_diff, datatype: float64}
# - {name: Significant, datatype: bool}
# - {name: 'Sigma [meas]', datatype: float64}
# - {name: 'Sigma [obsv]', datatype: float64}
# - {name: 'Sigma [true]', datatype: float64}
# - {name: 'Sigma [diff]', datatype: float64}
# - {name: FWHM, datatype: float64}
# schema: astropy-2.0
Name Statistic p_value Statistic_x Statistic_sgn Statistic_diff Significant "Sigma [meas]" "Sigma [obsv]" "Sigma [true]" "Sigma [diff]" FWHM
[from data line 2026]
toy_3_5.497787143782138_3.9269908169872414_1.5707963267948966.ecsv 0.16367247117665448 6.835070723928604e-05 0.3125 -1 0.062249749749746286 True 0.5514669601256047 0.24447443164716387 nan nan nan
toy_3_5.497787143782138_3.9269908169872414_2.356194490192345.ecsv 0.17451225566813158 1.672485947680601e-05 0.3671875 -1 0.01683714964964622 True 0.5998642706298568 0.28823466108072676 nan nan nan
toy_3_5.497787143782138_3.9269908169872414_3.141592653589793.ecsv 0.2023886140889616 2.94426802775133e-07 0.3828125 -1 0.03246214964964622 True 0.6387162640387019 0.40141081739004414 nan nan nan
toy_3_5.497787143782138_3.9269908169872414_3.9269908169872414.ecsv 0.17717853005534817 1.1668242981288667e-05 0.3828125 -1 0.03246214964964622 True 0.585536522391472 0.28946314087839004 nan nan nan
toy_3_5.497787143782138_3.9269908169872414_4.71238898038469.ecsv 0.14510049096224922 0.0006145581701055715 0.3671875 -1 0.01683714964964622 True 0.5313407735502853 0.24243409275900416 nan nan nan
toy_3_5.497787143782138_3.9269908169872414_5.497787143782138.ecsv 0.1787139363404005 9.45994163319253e-06 0.3671875 -1 0.01683714964964622 True 0.6044228170724144 0.3146107468709546 nan nan nan
toy_3_5.497787143782138_4.71238898038469_0.0.ecsv 0.1703105749958627 2.916412634720538e-05 0.3671875 -1 0.01683714964964622 True 0.57231155780294 0.3289444449097933 nan nan nan
toy_3_5.497787143782138_4.71238898038469_0.7853981633974483.ecsv 0.16190721365132485 8.509392189962651e-05 0.3671875 -1 0.01683714964964622 True 0.5723292020028984 0.32244236065574566 nan nan nan
toy_3_5.497787143782138_4.71238898038469_1.5707963267948966.ecsv 0.1787139363404005 9.45994163319253e-06 0.3671875 -1 0.01683714964964622 True 0.5757063116224721 0.3110936316805386 nan nan nan
toy_3_5.497787143782138_4.71238898038469_2.356194490192345.ecsv 0.1913189783572072 1.5755721752520837e-06 0.3671875 -1 0.01683714964964622 True 0.6065655903385113 0.3358970308825449 nan nan nan
toy_3_5.497787143782138_4.71238898038469_3.141592653589793.ecsv 0.19552065902947613 8.431595222003471e-07 0.3671875 -1 0.01683714964964622 True 0.6128014921919196 0.3780982289549267 nan nan nan
toy_3_5.497787143782138_4.71238898038469_3.9269908169872414.ecsv 0.17451225566813158 1.672485947680601e-05 0.3671875 -1 0.01683714964964622 True 0.5661223399199593 0.30492025721771726 nan nan nan
toy_3_5.497787143782138_4.71238898038469_4.71238898038469.ecsv 0.15350385230678704 0.00023502429590029815 0.3671875 -1 0.01683714964964622 True 0.5553441427577217 0.29712801071597594 nan nan nan
toy_3_5.497787143782138_4.71238898038469_5.497787143782138.ecsv 0.17451225566813158 1.672485947680601e-05 0.3671875 -1 0.01683714964964622 True 0.5827017576742999 0.34512594363950827 nan nan nan
toy_3_5.497787143782138_5.497787143782138_0.0.ecsv 0.16457348803854147 6.094528922169517e-05 0.3828125 -1 0.03246214964964622 True 0.6131258143085213 0.36581420304943574 nan nan nan
toy_3_5.497787143782138_5.497787143782138_0.7853981633974483.ecsv 0.1787139363404005 9.45994163319253e-06 0.3671875 -1 0.01683714964964622 True 0.5883625413339106 0.28961821335302124 nan nan nan
toy_3_5.497787143782138_5.497787143782138_1.5707963267948966.ecsv 0.16367247117665448 6.835070723928604e-05 0.3125 -1 0.062249749749746286 True 0.5514669601256047 0.24447443164716387 nan nan nan
toy_3_5.497787143782138_5.497787143782138_2.356194490192345.ecsv 0.17451225566813158 1.672485947680601e-05 0.3671875 -1 0.01683714964964622 True 0.5998642706298568 0.28823466108072676 nan nan nan
toy_3_5.497787143782138_5.497787143782138_3.141592653589793.ecsv 0.2023886140889616 2.94426802775133e-07 0.3828125 -1 0.03246214964964622 True 0.6387162640387019 0.40141081739004414 nan nan nan
toy_3_5.497787143782138_5.497787143782138_3.9269908169872414.ecsv 0.17717853005534817 1.1668242981288667e-05 0.3828125 -1 0.03246214964964622 True 0.585536522391472 0.28946314087839004 nan nan nan
toy_3_5.497787143782138_5.497787143782138_4.71238898038469.ecsv 0.14510049096224922 0.0006145581701055715 0.3671875 -1 0.01683714964964622 True 0.5313407735502853 0.24243409275900418 nan nan nan
toy_3_5.497787143782138_5.497787143782138_5.497787143782138.ecsv 0.1787139363404005 9.45994163319253e-06 0.3671875 -1 0.01683714964964622 True 0.6044228170724144 0.3146107468709546 nan nan nan
toy_4_0.0_0.0_0.0.ecsv 0.12348480655338462 0.050105729098992434 0.33203125 -1 -0.01831910035035378 False 0.5737481668527233 0.3851563838825872 nan nan nan
toy_4_0.0_0.0_0.7853981633974483.ecsv 0.11129683954170587 0.09937430597772744 0.3359375 -1 -0.014412850350353779 False 0.529006440702232 0.28094384522743504 nan nan nan
toy_4_0.0_0.0_1.5707963267948966.ecsv 0.061936126639729895 0.729586560830986 -0.18359375 -1 -0.033443599849853456 False 0.4352249009643591 0.22390789339267028 nan nan nan
toy_4_0.0_0.0_2.356194490192345.ecsv 0.11286876625892511 0.09137611480420565 0.11412115064497819 1 -0.13612909960527553 False 0.5135486938609237 0.26399489823564165 nan nan nan
toy_4_0.0_0.0_3.141592653589793.ecsv 0.09676205236065755 0.2048632936587594 0.15625 1 -0.09400025025025371 False 0.5650681098817443 0.35988931210383907 nan nan nan
toy_4_0.0_0.0_3.9269908169872414.ecsv 0.10365860408479548 0.14721421518185618 0.15699926381866053 1 -0.09325098643159319 False 0.5058343883140602 0.25352674863719693 nan nan nan
toy_4_0.0_0.0_4.71238898038469.ecsv 0.061936126639729895 0.729586560830986 -0.18359375 -1 -0.033443599849853456 False 0.4352249009643592 0.22390789339267028 nan nan nan
toy_4_0.0_0.0_5.497787143782138.ecsv 0.09750373609343001 0.19790415357077817 0.3359375 -1 -0.014412850350353779 False 0.5242271472340557 0.27822797760528756 nan nan nan
toy_4_0.0_0.7853981633974483_0.0.ecsv 0.08433054740687441 0.3500496746270096 0.1015625 1 -0.04858765015015365 False 0.5393280215182475 0.3224324348328044 nan nan nan
toy_4_0.0_0.7853981633974483_0.7853981633974483.ecsv 0.12191287983616539 0.0549504516805788 0.17398006177132908 1 -0.07627018847892464 False 0.5346481960216775 0.2827639548144069 nan nan nan
toy_4_0.0_0.7853981633974483_1.5707963267948966.ecsv 0.08528255936237339 0.33693630771962685 0.11361975256249546 1 -0.13663049768775826 False 0.4862062433928114 0.26149738584274573 nan nan nan
toy_4_0.0_0.7853981633974483_2.356194490192345.ecsv 0.08986550063651962 0.27845911577088667 0.15625 1 -0.09400025025025371 False 0.5117240002989112 0.27779749961898953 nan nan nan
toy_4_0.0_0.7853981633974483_3.141592653589793.ecsv 0.12826700614379807 0.0375839559253848 0.109375 1 -0.14087525025025371 False 0.5475827249426829 0.3389069531210237 nan nan nan
toy_4_0.0_0.7853981633974483_3.9269908169872414.ecsv 0.11745170753307134 0.07096031911146893 0.15625 1 -0.09400025025025371 False 0.523598155407016 0.2658530846876444 nan nan nan
toy_4_0.0_0.7853981633974483_4.71238898038469.ecsv 0.11055515580893341 0.10338013283361452 0.1582798572812114 1 -0.0919703929690423 False 0.46291813602347265 0.23562027363566765 nan nan nan
toy_4_0.0_0.7853981633974483_5.497787143782138.ecsv 0.11055515580893341 0.10338013283361452 0.15625 1 -0.09400025025025371 False 0.5044368138579085 0.2741789800263485 nan nan nan
toy_4_0.0_1.5707963267948966_0.0.ecsv 0.10365860408479548 0.14721421518185618 0.15917195041538756 1 -0.09107829983486615 False 0.48591603717571746 0.287190036598921 nan nan nan
toy_4_0.0_1.5707963267948966_0.7853981633974483.ecsv 0.1359938008523828 0.02306124928368866 0.078125 1 -0.17212525025025371 False 0.537307620425711 0.3333057823877727 nan nan nan
toy_4_0.0_1.5707963267948966_1.5707963267948966.ecsv 0.08692090551834837 0.3150636936483912 -0.49191083158527626 1 -0.24166058133502966 False 0.5140025728118168 0.3200386817670552 nan nan nan
toy_4_0.0_1.5707963267948966_2.356194490192345.ecsv 0.08743012121547573 0.3085414309476246 0.171875 1 -0.07837525025025371 False 0.5018850203006037 0.3372190782679358 nan nan nan
toy_4_0.0_1.5707963267948966_3.141592653589793.ecsv 0.13516355786793602 0.024334313747938676 0.109375 1 -0.14087525025025371 False 0.515909399984039 0.3218294564245535 nan nan nan
toy_4_0.0_1.5707963267948966_3.9269908169872414.ecsv 0.11055515580893341 0.10338013283361452 0.15625 1 -0.09400025025025371 False 0.48469007768484135 0.24840435372412217 nan nan nan
toy_4_0.0_1.5707963267948966_4.71238898038469.ecsv 0.10365860408479548 0.14721421518185618 0.15625 1 -0.09400025025025371 False 0.48459854203949226 0.2856090758723732 nan nan nan
toy_4_0.0_1.5707963267948966_5.497787143782138.ecsv 0.10365860408479548 0.14721421518185618 0.15625 1 -0.09400025025025371 False 0.49084355299342786 0.2806360548269126 nan nan nan
toy_4_0.0_2.356194490192345_0.0.ecsv 0.08433054740687441 0.3500496746270096 0.1015625 1 -0.04858765015015365 False 0.5393280215182474 0.3224324348328044 nan nan nan
toy_4_0.0_2.356194490192345_0.7853981633974483.ecsv 0.12191287983616539 0.0549504516805788 0.173980061771329 1 -0.07627018847892472 False 0.5346481960216775 0.2827639548144069 nan nan nan
toy_4_0.0_2.356194490192345_1.5707963267948966.ecsv 0.08528255936237339 0.33693630771962685 0.11361975256249537 1 -0.13663049768775834 False 0.4862062433928114 0.26149738584274573 nan nan nan
toy_4_0.0_2.356194490192345_2.356194490192345.ecsv 0.08986550063651962 0.27845911577088667 0.15625 1 -0.09400025025025371 False 0.5117240002989112 0.2777974996189896 nan nan nan
toy_4_0.0_2.356194490192345_3.141592653589793.ecsv 0.12826700614379807 0.0375839559253848 0.109375 1 -0.14087525025025371 False 0.5475827249426829 0.33890695312102365 nan nan nan
toy_4_0.0_2.356194490192345_3.9269908169872414.ecsv 0.11745170753307134 0.07096031911146893 0.15625 1 -0.09400025025025371 False 0.523598155407016 0.2658530846876444 nan nan nan
toy_4_0.0_2.356194490192345_4.71238898038469.ecsv 0.11055515580893341 0.10338013283361452 0.1582798572812114 1 -0.0919703929690423 False 0.46291813602347265 0.23562027363566765 nan nan nan
toy_4_0.0_2.356194490192345_5.497787143782138.ecsv 0.11055515580893341 0.10338013283361452 0.15625 1 -0.09400025025025371 False 0.5044368138579085 0.27417898002634844 nan nan nan
toy_4_0.0_3.141592653589793_0.0.ecsv 0.12348480655338462 0.050105729098992434 0.33203125 -1 -0.01831910035035378 False 0.5737481668527233 0.3851563838825872 nan nan nan
toy_4_0.0_3.141592653589793_0.7853981633974483.ecsv 0.11129683954170587 0.09937430597772744 0.3359375 -1 -0.014412850350353779 False 0.529006440702232 0.28094384522743504 nan nan nan
toy_4_0.0_3.141592653589793_1.5707963267948966.ecsv 0.061936126639729895 0.729586560830986 -0.18359375 -1 -0.033443599849853456 False 0.4352249009643591 0.22390789339267028 nan nan nan
toy_4_0.0_3.141592653589793_2.356194490192345.ecsv 0.11286876625892511 0.09137611480420565 0.11412115064497823 1 -0.13612909960527547 False 0.5135486938609237 0.26399489823564165 nan nan nan
toy_4_0.0_3.141592653589793_3.141592653589793.ecsv 0.09676205236065755 0.2048632936587594 0.15625 1 -0.09400025025025371 False 0.5650681098817444 0.35988931210383907 nan nan nan
toy_4_0.0_3.141592653589793_3.9269908169872414.ecsv 0.10365860408479548 0.14721421518185618 0.15699926381866042 1 -0.0932509864315933 False 0.5058343883140602 0.2535267486371969 nan nan nan
toy_4_0.0_3.141592653589793_4.71238898038469.ecsv 0.061936126639729895 0.729586560830986 -0.18359375 -1 -0.033443599849853456 False 0.4352249009643591 0.22390789339267028 nan nan nan
toy_4_0.0_3.141592653589793_5.497787143782138.ecsv 0.09750373609343001 0.19790415357077817 0.3359375 -1 -0.014412850350353779 False 0.5242271472340557 0.2782279776052875 nan nan nan
toy_4_0.0_3.9269908169872414_0.0.ecsv 0.13727791000166048 0.021188089170761478 0.33203125 -1 -0.01831910035035378 False 0.5637237138284781 0.3715586053558185 nan nan nan
toy_4_0.0_3.9269908169872414_0.7853981633974483.ecsv 0.09750373609343001 0.19790415357077817 0.3359375 -1 -0.014412850350353779 False 0.5244696070849532 0.29600828573468585 nan nan nan
toy_4_0.0_3.9269908169872414_1.5707963267948966.ecsv 0.09534510433386838 0.2185522242525749 -0.09375 -1 0.056400150150146544 False 0.48758310230133856 0.23967341540831952 nan nan nan
toy_4_0.0_3.9269908169872414_2.356194490192345.ecsv 0.1388830464382576 0.01905534676457824 0.3359375 -1 -0.014412850350353779 False 0.5453619606939757 0.2989450027008445 nan nan nan
toy_4_0.0_3.9269908169872414_3.141592653589793.ecsv 0.11129683954170587 0.09937430597772744 0.3359375 -1 -0.014412850350353779 False 0.5353885201491104 0.31763504860629765 nan nan nan
toy_4_0.0_3.9269908169872414_3.9269908169872414.ecsv 0.11129683954170587 0.09937430597772744 0.3359375 -1 -0.014412850350353779 False 0.5131021819707116 0.27537820521775175 nan nan nan
toy_4_0.0_3.9269908169872414_4.71238898038469.ecsv 0.10928211656611501 0.1105578314136324 0.28515625 -1 -0.06519410035035378 False 0.48206043112036634 0.248991502714148 nan nan nan
toy_4_0.0_3.9269908169872414_5.497787143782138.ecsv 0.11771738528809432 0.0698955065848222 0.34765625 -1 -0.0026941003503537786 False 0.5323920883266694 0.2915091830752382 nan nan nan
toy_4_0.0_4.71238898038469_0.0.ecsv 0.14127414623346432 0.01624689269563292 0.25390625 -1 0.003655999749746286 False 0.5346042179056085 0.3510524515552117 nan nan nan
toy_4_0.0_4.71238898038469_0.7853981633974483.ecsv 0.10440028781756794 0.14185893455983975 0.3359375 -1 -0.014412850350353779 False 0.5113494005408173 0.3125804862369801 nan nan nan
toy_4_0.0_4.71238898038469_1.5707963267948966.ecsv 0.10679138761277467 0.1257944209388603 0.25390625 -1 0.003655999749746286 False 0.5134729600681572 0.30631813282881315 nan nan nan
toy_4_0.0_4.71238898038469_2.356194490192345.ecsv 0.15957270161067139 0.004344822440839228 0.3359375 -1 -0.014412850350353779 False 0.5535774601656849 0.36944490209813685 nan nan nan
toy_4_0.0_4.71238898038469_3.141592653589793.ecsv 0.10945923506946366 0.10952940719316068 0.29296875 -1 -0.05738160035035378 False 0.4971130611117949 0.28901989428410707 nan nan nan
toy_4_0.0_4.71238898038469_3.9269908169872414.ecsv 0.10279515138097083 0.1536064088304639 0.33203125 -1 -0.01831910035035378 False 0.5045376495309684 0.3197131744797211 nan nan nan
toy_4_0.0_4.71238898038469_4.71238898038469.ecsv 0.11129683954170587 0.09937430597772744 0.3359375 -1 -0.014412850350353779 False 0.5044570504886559 0.3075300895905457 nan nan nan
toy_4_0.0_4.71238898038469_5.497787143782138.ecsv 0.10392428183981846 0.14526177482151045 0.34765625 -1 -0.0026941003503537786 False 0.5069462406757513 0.3116489959745299 nan nan nan
toy_4_0.0_5.497787143782138_0.0.ecsv 0.13727791000166048 0.021188089170761478 0.33203125 -1 -0.01831910035035378 False 0.5637237138284781 0.3715586053558185 nan nan nan
toy_4_0.0_5.497787143782138_0.7853981633974483.ecsv 0.09750373609343001 0.19790415357077817 0.3359375 -1 -0.014412850350353779 False 0.5244696070849532 0.2960082857346859 nan nan nan
toy_4_0.0_5.497787143782138_1.5707963267948966.ecsv 0.09534510433386838 0.2185522242525749 -0.09375 -1 0.056400150150146544 False 0.48758310230133856 0.23967341540831955 nan nan nan
toy_4_0.0_5.497787143782138_2.356194490192345.ecsv 0.1388830464382576 0.01905534676457824 0.3359375 -1 -0.014412850350353779 False 0.5453619606939757 0.29894500270084456 nan nan nan
toy_4_0.0_5.497787143782138_3.141592653589793.ecsv 0.11129683954170587 0.09937430597772744 0.3359375 -1 -0.014412850350353779 False 0.5353885201491103 0.3176350486062976 nan nan nan
toy_4_0.0_5.497787143782138_3.9269908169872414.ecsv 0.11129683954170587 0.09937430597772744 0.3359375 -1 -0.014412850350353779 False 0.5131021819707116 0.2753782052177518 nan nan nan
toy_4_0.0_5.497787143782138_4.71238898038469.ecsv 0.10928211656611501 0.1105578314136324 0.28515625 -1 -0.06519410035035378 False 0.4820604311203665 0.24899150271414802 nan nan nan
toy_4_0.0_5.497787143782138_5.497787143782138.ecsv 0.11771738528809432 0.0698955065848222 0.34765625 -1 -0.0026941003503537786 False 0.5323920883266694 0.29150918307523827 nan nan nan
toy_4_0.7853981633974483_0.0_0.0.ecsv 0.09750373609343001 0.19790415357077817 0.3359375 -1 -0.014412850350353779 False 0.5565790613684551 0.3509463558171133 nan nan nan
