data_processed/toy_model/varsub_results.ecsv
# %ECSV 1.0
# ---
# datatype:
# - {name: Name, datatype: string}
# - {name: Statistic, datatype: float64}
# - {name: p_value, datatype: float64}
# - {name: Statistic_x, datatype: float64}
# - {name: Statistic_sgn, datatype: int32}
# - {name: Statistic_diff, datatype: float64}
# - {name: Significant, datatype: bool}
# - {name: 'Sigma [meas]', datatype: float64}
# - {name: 'Sigma [obsv]', datatype: float64}
# - {name: 'Sigma [true]', datatype: float64}
# - {name: 'Sigma [diff]', datatype: float64}
# - {name: FWHM, datatype: float64}
# schema: astropy-2.0
Name Statistic p_value Statistic_x Statistic_sgn Statistic_diff Significant "Sigma [meas]" "Sigma [obsv]" "Sigma [true]" "Sigma [diff]" FWHM
[from data line 2613]
toy_5_0.0_4.71238898038469_3.9269908169872414.ecsv 0.20721444173197995 1.0323499594534322e-05 0.15625 -1 0.10619994994994642 True 0.5625180195537501 0.3553965931033891 nan nan nan
toy_5_0.0_4.71238898038469_4.71238898038469.ecsv 0.21302839522035205 5.156624730908166e-06 0.15625 -1 0.10619994994994642 True 0.5637543243108384 0.35559954596286397 nan nan nan
toy_5_0.0_4.71238898038469_5.497787143782138.ecsv 0.16773737633303354 0.0006847289839829277 -0.1640625 -1 0.18628785035034667 True 0.5174981928443437 0.32581743827663184 nan nan nan
toy_5_0.0_5.497787143782138_0.0.ecsv 0.11374148785815238 0.050097525210139195 -0.15625 -1 0.09400025025024661 False 0.5405507444279587 0.333692640715461 nan nan nan
toy_5_0.0_5.497787143782138_0.7853981633974483.ecsv 0.14342155980984198 0.005808813058059119 -0.015625 -1 0.13452515015014654 False 0.5248840022315338 0.26569920151769955 nan nan nan
toy_5_0.0_5.497787143782138_1.5707963267948966.ecsv 0.1957471412051908 3.8312348431048216e-05 -0.015625 -1 0.2346252502502466 True 0.47619632773354564 0.2042525855364769 nan nan nan
toy_5_0.0_5.497787143782138_2.356194490192345.ecsv 0.19115379673647695 6.341204403034711e-05 -0.08203125 -1 0.1682190002502466 True 0.5256086243259893 0.24510381569899595 nan nan nan
toy_5_0.0_5.497787143782138_3.141592653589793.ecsv 0.14987793909803418 0.0034025291444502773 -0.05859375 -1 0.1916565002502466 False 0.5419880428257939 0.3100153600998143 nan nan nan
toy_5_0.0_5.497787143782138_3.9269908169872414.ecsv 0.2101696004111525 7.270993294490677e-06 0.08984375 -1 0.13989380005004648 True 0.5575774922651215 0.26842279365328203 nan nan nan
toy_5_0.0_5.497787143782138_4.71238898038469.ecsv 0.20335988693305923 1.6179621459254794e-05 0.1484375 -1 0.09838744994994642 True 0.5201486313033696 0.23383869888710093 nan nan nan
toy_5_0.0_5.497787143782138_5.497787143782138.ecsv 0.13179365283309777 0.014337374104251132 -0.015625 -1 0.13452515015014654 False 0.528037474867251 0.28717689464781543 nan nan nan
toy_5_0.7853981633974483_0.0_0.0.ecsv 0.10619298471026596 0.08004405303858432 0.26171875 -1 0.011468499749746286 False 0.6085913876733351 0.4336716187387667 nan nan nan
toy_5_0.7853981633974483_0.0_0.7853981633974483.ecsv 0.10037903122189387 0.11234710677786565 0.26171875 -1 0.011468499749746286 False 0.528866600181799 0.26554260453201434 nan nan nan
toy_5_0.7853981633974483_0.0_1.5707963267948966.ecsv 0.15305794680714377 0.0025918349620625684 -0.16015625 -1 0.09009400025024661 False 0.4334352476212311 0.19727710816099922 nan nan nan
toy_5_0.7853981633974483_0.0_2.356194490192345.ecsv 0.16025311576512913 0.0013706867379167692 -0.15625 -1 0.09400025025024661 False 0.5272358047466311 0.24928343301937647 nan nan nan
toy_5_0.7853981633974483_0.0_3.141592653589793.ecsv 0.16661313118334833 0.00076157519218809 0.29296875 -1 0.042718499749746286 True 0.6068188516367463 0.4127318297863853 nan nan nan
toy_5_0.7853981633974483_0.0_3.9269908169872414.ecsv 0.1580046254657587 0.0016779197152463625 -0.12890625 -1 0.12134400025024661 False 0.5298961372314164 0.24721039587812746 nan nan nan
toy_5_0.7853981633974483_0.0_4.71238898038469.ecsv 0.15331491712707182 0.0025349990707799696 0.0234375 -1 0.17358765015014654 False 0.4334352476212311 0.19727710816099922 nan nan nan
toy_5_0.7853981633974483_0.0_5.497787143782138.ecsv 0.0962996273930361 0.14090116584298623 -0.15625 -1 0.09400025025024661 False 0.5283191151426792 0.26922353314018677 nan nan nan
toy_5_0.7853981633974483_0.7853981633974483_0.0.ecsv 0.10465116279069768 0.08773764651239523 -0.707310978446256 1 -0.35696062809590934 False 0.5868611342483798 0.396192027308003 nan nan nan
toy_5_0.7853981633974483_0.7853981633974483_0.7853981633974483.ecsv 0.059006809713478096 0.692111664440709 0.08984375 -1 -0.06030640015015365 False 0.5298352809874799 0.2810292614793262 nan nan nan
toy_5_0.7853981633974483_0.7853981633974483_1.5707963267948966.ecsv 0.10102145702171399 0.10831988284205378 -0.16796875 -1 0.08228150025024661 False 0.4766458474752551 0.23961704330904132 nan nan nan
toy_5_0.7853981633974483_0.7853981633974483_2.356194490192345.ecsv 0.11091481433894385 0.059931991418783345 0.140625 -1 -0.00952515015015365 False 0.5266321322488041 0.2831674307633704 nan nan nan
toy_5_0.7853981633974483_0.7853981633974483_3.141592653589793.ecsv 0.11714634459719903 0.04012716004265732 0.08984375 -1 0.039793699949946415 False 0.5543775424919789 0.3228037413876351 nan nan nan
toy_5_0.7853981633974483_0.7853981633974483_3.9269908169872414.ecsv 0.10918026467942953 0.06674956351076508 -0.05859375 -1 0.09155640015014654 False 0.5073922253732098 0.23981843928117014 nan nan nan
toy_5_0.7853981633974483_0.7853981633974483_4.71238898038469.ecsv 0.1095978414493126 0.06505238238121738 -0.1640625 -1 0.08618775025024661 False 0.4663834196695084 0.21368616551917707 nan nan nan
toy_5_0.7853981633974483_0.7853981633974483_5.497787143782138.ecsv 0.05014133367596043 0.8551461041963692 -0.2109375 -1 0.03931275025024661 False 0.5382598077705717 0.2885976441091 nan nan nan
toy_5_0.7853981633974483_1.5707963267948966_0.0.ecsv 0.10465116279069768 0.08773764651239523 -0.6616107184025659 1 -0.31126036805221924 False 0.5512226725378974 0.37582424022187916 nan nan nan
toy_5_0.7853981633974483_1.5707963267948966_0.7853981633974483.ecsv 0.07644867017859437 0.36932962480823894 0.08984375 -1 0.039793699949946415 False 0.5093304949048592 0.3094101419378045 nan nan nan
toy_5_0.7853981633974483_1.5707963267948966_1.5707963267948966.ecsv 0.08226262366696646 0.28543043800118295 0.08984375 -1 0.039793699949946415 False 0.5036509267493756 0.30823844773968184 nan nan nan
toy_5_0.7853981633974483_1.5707963267948966_2.356194490192345.ecsv 0.10272388539123731 0.0982104369679363 -0.015625 -1 0.13452515015014654 False 0.4952661065797498 0.3270016258304937 nan nan nan
toy_5_0.7853981633974483_1.5707963267948966_3.141592653589793.ecsv 0.0962996273930361 0.14090116584298623 -0.15625 -1 0.09400025025024661 False 0.4890722264498667 0.2933164034166088 nan nan nan
toy_5_0.7853981633974483_1.5707963267948966_3.9269908169872414.ecsv 0.07946807143774894 0.323922208966675 -0.015625 -1 0.03442505005004648 False 0.4836614874733123 0.27489078996330396 nan nan nan
toy_5_0.7853981633974483_1.5707963267948966_4.71238898038469.ecsv 0.08415777977643582 0.26124841024281137 -0.19140625 -1 0.05884400025024661 False 0.49322604121305014 0.2827077211146747 nan nan nan
toy_5_0.7853981633974483_1.5707963267948966_5.497787143782138.ecsv 0.11046511627906977 0.06163997077817212 -0.5243583181335068 1 -0.27410806788326014 False 0.5444268110024354 0.3583982994423641 nan nan nan
toy_5_0.7853981633974483_2.356194490192345_0.0.ecsv 0.10465116279069768 0.08773764651239523 -0.7073109784462561 1 -0.35696062809590945 False 0.5868611342483798 0.396192027308003 nan nan nan
toy_5_0.7853981633974483_2.356194490192345_0.7853981633974483.ecsv 0.059006809713478096 0.692111664440709 0.08984375 -1 -0.06030640015015365 False 0.5298352809874798 0.2810292614793262 nan nan nan
toy_5_0.7853981633974483_2.356194490192345_1.5707963267948966.ecsv 0.10102145702171399 0.10831988284205378 -0.16796875 -1 0.08228150025024661 False 0.4766458474752552 0.23961704330904132 nan nan nan
toy_5_0.7853981633974483_2.356194490192345_2.356194490192345.ecsv 0.11091481433894385 0.059931991418783345 0.140625 -1 -0.00952515015015365 False 0.5266321322488041 0.2831674307633705 nan nan nan
toy_5_0.7853981633974483_2.356194490192345_3.141592653589793.ecsv 0.11714634459719903 0.04012716004265732 0.08984375 -1 0.039793699949946415 False 0.5543775424919789 0.3228037413876351 nan nan nan
toy_5_0.7853981633974483_2.356194490192345_3.9269908169872414.ecsv 0.10918026467942953 0.06674956351076508 -0.05859375 -1 0.09155640015014654 False 0.5073922253732097 0.23981843928117016 nan nan nan
toy_5_0.7853981633974483_2.356194490192345_4.71238898038469.ecsv 0.1095978414493126 0.06505238238121738 -0.1640625 -1 0.08618775025024661 False 0.4663834196695085 0.21368616551917707 nan nan nan
toy_5_0.7853981633974483_2.356194490192345_5.497787143782138.ecsv 0.05014133367596043 0.8551461041963692 -0.2109375 -1 0.03931275025024661 False 0.5382598077705718 0.2885976441091 nan nan nan
toy_5_0.7853981633974483_3.141592653589793_0.0.ecsv 0.10619298471026596 0.08004405303858432 0.26171875 -1 0.011468499749746286 False 0.6085913876733351 0.4336716187387667 nan nan nan
toy_5_0.7853981633974483_3.141592653589793_0.7853981633974483.ecsv 0.10037903122189387 0.11234710677786565 0.26171875 -1 0.011468499749746286 False 0.528866600181799 0.26554260453201434 nan nan nan
toy_5_0.7853981633974483_3.141592653589793_1.5707963267948966.ecsv 0.15305794680714377 0.0025918349620625684 -0.16015625 -1 0.09009400025024661 False 0.4334352476212311 0.19727710816099925 nan nan nan
toy_5_0.7853981633974483_3.141592653589793_2.356194490192345.ecsv 0.16025311576512913 0.0013706867379167692 -0.15625 -1 0.09400025025024661 False 0.527235804746631 0.24928343301937628 nan nan nan
toy_5_0.7853981633974483_3.141592653589793_3.141592653589793.ecsv 0.16661313118334833 0.00076157519218809 0.29296875 -1 0.042718499749746286 True 0.6068188516367462 0.4127318297863853 nan nan nan
toy_5_0.7853981633974483_3.141592653589793_3.9269908169872414.ecsv 0.1580046254657587 0.0016779197152463625 -0.12890625 -1 0.12134400025024661 False 0.5298961372314166 0.24721039587812788 nan nan nan
toy_5_0.7853981633974483_3.141592653589793_4.71238898038469.ecsv 0.15331491712707182 0.0025349990707799696 0.0234375 -1 0.17358765015014654 False 0.4334352476212311 0.19727710816099925 nan nan nan
toy_5_0.7853981633974483_3.141592653589793_5.497787143782138.ecsv 0.0962996273930361 0.14090116584298623 -0.15625 -1 0.09400025025024661 False 0.5283191151426792 0.26922353314018677 nan nan nan
toy_5_0.7853981633974483_3.9269908169872414_0.0.ecsv 0.11428754978799949 0.04836429433026638 0.29296875 -1 -0.05738160035035378 False 0.5547380458096509 0.34179243838166695 nan nan nan
toy_5_0.7853981633974483_3.9269908169872414_0.7853981633974483.ecsv 0.16927919825260182 0.0005911275729575912 -0.078125 -1 0.1721252502502466 True 0.5213268603182976 0.2558403638351492 nan nan nan
toy_5_0.7853981633974483_3.9269908169872414_1.5707963267948966.ecsv 0.1957471412051908 3.8312348431048216e-05 -0.015625 -1 0.2346252502502466 True 0.4877719925259556 0.21671099119497542 nan nan nan
toy_5_0.7853981633974483_3.9269908169872414_2.356194490192345.ecsv 0.2043556469227804 1.4416869510472047e-05 0.08984375 -1 0.13989380005004648 True 0.5411904771021686 0.2583522886272994 nan nan nan
toy_5_0.7853981633974483_3.9269908169872414_3.141592653589793.ecsv 0.1782410381600925 0.00024489568567294726 0.29296875 -1 0.042718499749746286 True 0.5893078411734405 0.3797894565566803 nan nan nan
toy_5_0.7853981633974483_3.9269908169872414_3.9269908169872414.ecsv 0.20503019401259154 1.3331120590330176e-05 0.26171875 -1 0.011468499749746286 True 0.5643161430040107 0.28248997755895444 nan nan nan
toy_5_0.7853981633974483_3.9269908169872414_4.71238898038469.ecsv 0.16773737633303354 0.0006847289839829277 -0.1640625 -1 0.18628785035034667 True 0.49888790373666153 0.24177019623709212 nan nan nan
toy_5_0.7853981633974483_3.9269908169872414_5.497787143782138.ecsv 0.13744699987151485 0.00932936538101435 0.15625 -1 0.0060998498498463505 False 0.5247023650038073 0.2799192465399111 nan nan nan
toy_5_0.7853981633974483_4.71238898038469_0.0.ecsv 0.16947192599254787 0.000580350146285266 0.08984375 -1 0.13989380005004648 True 0.5021755401012653 0.2998193946437688 nan nan nan
toy_5_0.7853981633974483_4.71238898038469_0.7853981633974483.ecsv 0.18411923422844662 0.00013397583591047378 -0.015625 -1 0.2346252502502466 True 0.5053428106235045 0.2872214939519236 nan nan nan
toy_5_0.7853981633974483_4.71238898038469_1.5707963267948966.ecsv 0.19272773994603623 5.3429877764413406e-05 0.08984375 -1 0.13989380005004648 True 0.5179892175160475 0.2910778919214329 nan nan nan
toy_5_0.7853981633974483_4.71238898038469_2.356194490192345.ecsv 0.19854169343440833 2.8028064552789312e-05 0.08984375 -1 0.13989380005004648 True 0.5225709957652491 0.29038573873071216 nan nan nan
toy_5_0.7853981633974483_4.71238898038469_3.141592653589793.ecsv 0.20721444173197995 1.0323499594534322e-05 0.15625 -1 0.10619994994994642 True 0.5625180195537501 0.3553965931033891 nan nan nan
toy_5_0.7853981633974483_4.71238898038469_3.9269908169872414.ecsv 0.21302839522035205 5.156624730908166e-06 0.15625 -1 0.10619994994994642 True 0.5637543243108384 0.35559954596286397 nan nan nan
toy_5_0.7853981633974483_4.71238898038469_4.71238898038469.ecsv 0.16773737633303354 0.0006847289839829277 -0.1640625 -1 0.18628785035034667 True 0.5174981928443437 0.3258174382766319 nan nan nan
toy_5_0.7853981633974483_4.71238898038469_5.497787143782138.ecsv 0.16086342027495823 0.0012968718286619637 -0.015625 -1 0.13452515015014654 False 0.5017891737925751 0.30469438056403697 nan nan nan
toy_5_0.7853981633974483_5.497787143782138_0.0.ecsv 0.11428754978799949 0.04836429433026638 0.29296875 -1 -0.05738160035035378 False 0.5547380458096509 0.3417924383816669 nan nan nan
toy_5_0.7853981633974483_5.497787143782138_0.7853981633974483.ecsv 0.16927919825260182 0.0005911275729575912 -0.078125 -1 0.1721252502502466 True 0.5213268603182976 0.2558403638351492 nan nan nan
toy_5_0.7853981633974483_5.497787143782138_1.5707963267948966.ecsv 0.1957471412051908 3.8312348431048216e-05 -0.015625 -1 0.2346252502502466 True 0.4877719925259557 0.21671099119497542 nan nan nan
toy_5_0.7853981633974483_5.497787143782138_2.356194490192345.ecsv 0.2043556469227804 1.4416869510472047e-05 0.08984375 -1 0.13989380005004648 True 0.5411904771021686 0.2583522886272994 nan nan nan
toy_5_0.7853981633974483_5.497787143782138_3.141592653589793.ecsv 0.1782410381600925 0.00024489568567294726 0.29296875 -1 0.042718499749746286 True 0.5893078411734405 0.3797894565566803 nan nan nan
toy_5_0.7853981633974483_5.497787143782138_3.9269908169872414.ecsv 0.20503019401259154 1.3331120590330176e-05 0.26171875 -1 0.011468499749746286 True 0.5643161430040107 0.28248997755895444 nan nan nan
toy_5_0.7853981633974483_5.497787143782138_4.71238898038469.ecsv 0.16773737633303354 0.0006847289839829277 -0.1640625 -1 0.18628785035034667 True 0.49888790373666153 0.24177019623709217 nan nan nan
toy_5_0.7853981633974483_5.497787143782138_5.497787143782138.ecsv 0.13744699987151485 0.00932936538101435 0.15625 -1 0.0060998498498463505 False 0.5247023650038073 0.2799192465399111 nan nan nan
toy_5_1.5707963267948966_0.0_0.0.ecsv 0.1084735962996274 0.06970819870285248 0.29296875 -1 -0.05738160035035378 False 0.6064248819224595 0.4171464023223685 nan nan nan
toy_5_1.5707963267948966_0.0_0.7853981633974483.ecsv 0.12427727097520236 0.024683968827909127 -0.16796875 -1 0.08228150025024661 False 0.5221091832776508 0.24795579418519242 nan nan nan
toy_5_1.5707963267948966_0.0_1.5707963267948966.ecsv 0.15029551586791726 0.003284144789046583 -0.1640625 -1 0.08618775025024661 False 0.4334352476212311 0.19727710816099922 nan nan nan
toy_5_1.5707963267948966_0.0_2.356194490192345.ecsv 0.1665167673133753 0.0007684535990231696 0.15625 -1 0.10619994994994642 True 0.5523130993841696 0.2755718910264548 nan nan nan
toy_5_1.5707963267948966_0.0_3.141592653589793.ecsv 0.1622446357445715 0.0011431630284738277 0.28515625 -1 0.034905999749746286 False 0.6157462751808033 0.44014037562149166 nan nan nan
toy_5_1.5707963267948966_0.0_3.9269908169872414.ecsv 0.14335731722985995 0.005839199391088667 0.29296875 -1 0.042718499749746286 False 0.5438220857502466 0.2742689418475542 nan nan nan
toy_5_1.5707963267948966_0.0_4.71238898038469.ecsv 0.15331491712707182 0.0025349990707799696 0.0234375 -1 0.17358765015014654 False 0.4334352476212311 0.19727710816099922 nan nan nan
