data_processed/toy_model/wgm_results.ecsv
# %ECSV 1.0
# ---
# datatype:
# - {name: Name, datatype: string}
# - {name: Statistic, datatype: float64}
# - {name: p_value, datatype: float64}
# - {name: Statistic_x, datatype: float64}
# - {name: Statistic_sgn, datatype: int32}
# - {name: Statistic_diff, datatype: float64}
# - {name: Significant, datatype: bool}
# - {name: 'Sigma [meas]', datatype: float64}
# - {name: 'Sigma [obsv]', datatype: float64}
# - {name: 'Sigma [true]', datatype: float64}
# - {name: 'Sigma [diff]', datatype: float64}
# - {name: FWHM, datatype: float64}
# - {name: 'Average [inner]', datatype: float64}
# - {name: 'Average [outer]', datatype: float64}
# - {name: 'Average [diff]', datatype: float64}
# - {name: 'Avg Unc [inner]', datatype: float64}
# - {name: 'Avg Unc [outer]', datatype: float64}
# - {name: 'Avg Unc [diff]', datatype: float64}
# schema: astropy-2.0
Name Statistic p_value Statistic_x Statistic_sgn Statistic_diff Significant "Sigma [meas]" "Sigma [obsv]" "Sigma [true]" "Sigma [diff]" FWHM "Average [inner]" "Average [outer]" "Average [diff]" "Avg Unc [inner]" "Avg Unc [outer]" "Avg Unc [diff]"
[from data line 2874]
toy_5_3.141592653589793_5.497787143782138_1.5707963267948966.ecsv 0.20335988693305923 1.6179621459254794e-05 0.1484375 -1 0.09838744994994642 True 0.5201486313033695 0.23383869888710093 nan nan nan 0.05715829749113851 0.025579081434916884 0.031579216056221625 0.0006481690357367165 0.00014054440348855432 0.0006632313534806829
toy_5_3.141592653589793_5.497787143782138_2.356194490192345.ecsv 0.13179365283309777 0.014337374104251132 -0.015625 -1 0.13452515015014654 False 0.528037474867251 0.28717689464781543 nan nan nan 0.04210126216629913 0.025579081434916884 0.016522180731382244 0.0005584779905735828 0.00014054440348855432 0.0005758909578271398
toy_5_3.141592653589793_5.497787143782138_3.141592653589793.ecsv 0.11374148785815238 0.050097525210139195 -0.15625 -1 0.09400025025024661 False 0.5418726450125024 0.3344896798794687 nan nan nan 0.04097695302813949 0.025579081434916884 0.015397871593222603 0.0005695665225708019 0.00014054440348855432 0.0005866504521308659
toy_5_3.141592653589793_5.497787143782138_3.9269908169872414.ecsv 0.14342155980984198 0.005808813058059119 -0.015625 -1 0.13452515015014654 False 0.5248840022315338 0.26569920151769955 nan nan nan 0.044045640460296964 0.025579081434916884 0.01846655902538008 0.0005950192713990492 0.00014054440348855432 0.000611392396655543
toy_5_3.141592653589793_5.497787143782138_4.71238898038469.ecsv 0.1957471412051908 3.8312348431048216e-05 -0.015625 -1 0.2346252502502466 True 0.47619632773354564 0.2042525855364769 nan nan nan 0.051107644259714535 0.025579081434916884 0.02552856282479765 0.0005223823186311903 0.00014054440348855432 0.0005409584236985796
toy_5_3.141592653589793_5.497787143782138_5.497787143782138.ecsv 0.19115379673647695 6.341204403034711e-05 -0.08203125 -1 0.1682190002502466 True 0.5256086243259893 0.24510381569899595 nan nan nan 0.048629023739111085 0.025579081434916884 0.0230499423041942 0.0005668497951407865 0.00014054440348855432 0.0005840132015657738
toy_5_3.9269908169872414_0.0_0.0.ecsv 0.16661313118334833 0.00076157519218809 0.29296875 -1 0.042718499749746286 True 0.6068188516367463 0.4127318297863853 nan nan nan 0.044639319964206656 0.025579081434916884 0.019060238529289772 0.0005950981386041674 0.00014054440348855432 0.0006114691520609182
toy_5_3.9269908169872414_0.0_0.7853981633974483.ecsv 0.1580046254657587 0.0016779197152463625 -0.12890625 -1 0.12134400025024661 False 0.5298961372314165 0.24721039587812763 nan nan nan 0.04487750748488327 0.025579081434916884 0.019298426049966386 0.0006017509963086403 0.00014054440348855432 0.0006179457831479997
toy_5_3.9269908169872414_0.0_1.5707963267948966.ecsv 0.15331491712707182 0.0025349990707799696 0.0234375 -1 0.17358765015014654 False 0.4334352476212311 0.19727710816099922 nan nan nan 0.04510139305517103 0.025579081434916884 0.019522311620254147 0.0005011265895019004 0.00014054440348855432 0.0005204618987570173
toy_5_3.9269908169872414_0.0_2.356194490192345.ecsv 0.0962996273930361 0.14090116584298623 -0.15625 -1 0.09400025025024661 False 0.5283191151426792 0.2692235331401868 nan nan nan 0.038181347080755365 0.025579081434916884 0.012602265645838481 0.000601963835753822 0.00014054440348855432 0.0006181530465082316
toy_5_3.9269908169872414_0.0_3.141592653589793.ecsv 0.10619298471026596 0.08004405303858432 0.26171875 -1 0.011468499749746286 False 0.6085913876733351 0.4336716187387667 nan nan nan 0.03954073932377733 0.025579081434916884 0.013961657888860446 0.000598318940447661 0.00014054440348855432 0.0006146041684290509
toy_5_3.9269908169872414_0.0_3.9269908169872414.ecsv 0.10037903122189387 0.11234710677786565 0.26171875 -1 0.011468499749746286 False 0.5288666001817991 0.2655426045320145 nan nan nan 0.03888957666158273 0.025579081434916884 0.013310495226665844 0.0006018478282999271 0.00014054440348855432 0.0006180400778115382
toy_5_3.9269908169872414_0.0_4.71238898038469.ecsv 0.15305794680714377 0.0025918349620625684 -0.16015625 -1 0.09009400025024661 False 0.4334352476212311 0.19727710816099922 nan nan nan 0.04510139305517115 0.025579081434916884 0.019522311620254265 0.0005011265895019017 0.00014054440348855432 0.0005204618987570185
toy_5_3.9269908169872414_0.0_5.497787143782138.ecsv 0.16025311576512913 0.0013706867379167692 -0.15625 -1 0.09400025025024661 False 0.5272358047466311 0.24928343301937658 nan nan nan 0.045109517767411275 0.025579081434916884 0.01953043633249439 0.0006002335738870435 0.00014054440348855432 0.0006164682251123463
toy_5_3.9269908169872414_0.7853981633974483_0.0.ecsv 0.11714634459719903 0.04012716004265732 0.08984375 -1 0.039793699949946415 False 0.554377542491979 0.3228037413876352 nan nan nan 0.042017936287260416 0.025579081434916884 0.016438854852343532 0.000589886577173076 0.00014054440348855432 0.0006063983041540608
toy_5_3.9269908169872414_0.7853981633974483_0.7853981633974483.ecsv 0.10918026467942953 0.06674956351076508 -0.05859375 -1 0.09155640015014654 False 0.5073922253732098 0.23981843928117014 nan nan nan 0.04101395941083629 0.025579081434916884 0.015434877975919407 0.0005677967069487911 0.00014054440348855432 0.0005849323292260781
toy_5_3.9269908169872414_0.7853981633974483_1.5707963267948966.ecsv 0.1095978414493126 0.06505238238121738 -0.1640625 -1 0.08618775025024661 False 0.46638341966950847 0.21368616551917705 nan nan nan 0.03314267475520095 0.025579081434916884 0.0075635933202840636 0.0005282769201514754 0.00014054440348855432 0.0005466527542386316
toy_5_3.9269908169872414_0.7853981633974483_2.356194490192345.ecsv 0.05014133367596043 0.8551461041963692 -0.2109375 -1 0.03931275025024661 False 0.5382598077705718 0.2885976441091 nan nan nan 0.03698912810147227 0.025579081434916884 0.011410046666555387 0.0006632976729609874 0.00014054440348855432 0.0006780239909526908
toy_5_3.9269908169872414_0.7853981633974483_3.141592653589793.ecsv 0.10465116279069768 0.08773764651239523 -0.7073109784462559 1 -0.3569606280959092 False 0.5868611342483798 0.396192027308003 nan nan nan 0.03791355665013231 0.025579081434916884 0.012334475215215426 0.0005954598976590101 0.00014054440348855432 0.0006118212313021119
toy_5_3.9269908169872414_0.7853981633974483_3.9269908169872414.ecsv 0.059006809713478096 0.692111664440709 0.08984375 -1 -0.06030640015015365 False 0.5298352809874799 0.2810292614793262 nan nan nan 0.03679086922310955 0.025579081434916884 0.011211787788192665 0.0005795550463875879 0.00014054440348855432 0.000596352899838068
toy_5_3.9269908169872414_0.7853981633974483_4.71238898038469.ecsv 0.10102145702171399 0.10831988284205378 -0.16796875 -1 0.08228150025024661 False 0.4766458474752551 0.2396170433090413 nan nan nan 0.04112681186057223 0.025579081434916884 0.015547730425655347 0.0005336479128451181 0.00014054440348855432 0.000551844927706964
toy_5_3.9269908169872414_0.7853981633974483_5.497787143782138.ecsv 0.11091481433894385 0.059931991418783345 0.140625 -1 -0.00952515015015365 False 0.5266321322488041 0.2831674307633704 nan nan nan 0.0493911554395039 0.025579081434916884 0.023812074004587014 0.0006521530231453298 0.00014054440348855432 0.0006671253967205466
toy_5_3.9269908169872414_1.5707963267948966_0.0.ecsv 0.0962996273930361 0.14090116584298623 -0.15625 -1 0.09400025025024661 False 0.4890722264498667 0.29331640341660886 nan nan nan 0.03829909680334758 0.025579081434916884 0.012720015368430697 0.000525328037213434 0.00014054440348855432 0.0005438035270522551
toy_5_3.9269908169872414_1.5707963267948966_0.7853981633974483.ecsv 0.07946807143774894 0.323922208966675 -0.015625 -1 0.03442505005004648 False 0.4836614874733123 0.274890789963304 nan nan nan 0.0377900907493184 0.025579081434916884 0.012211009314401514 0.0005168737111299427 0.00014054440348855432 0.0005356408895978658
toy_5_3.9269908169872414_1.5707963267948966_1.5707963267948966.ecsv 0.08415777977643582 0.26124841024281137 -0.19140625 -1 0.05884400025024661 False 0.49322604121305014 0.2827077211146747 nan nan nan 0.033755045836415136 0.025579081434916884 0.008175964401498252 0.0005275331141480587 0.00014054440348855432 0.0005459339849054117
toy_5_3.9269908169872414_1.5707963267948966_2.356194490192345.ecsv 0.11046511627906977 0.06163997077817212 -0.5243583181335068 1 -0.27410806788326014 False 0.5444268110024354 0.3583982994423641 nan nan nan 0.04048327858220675 0.025579081434916884 0.014904197147289869 0.0006383078389080903 0.00014054440348855432 0.0006535974499364806
toy_5_3.9269908169872414_1.5707963267948966_3.141592653589793.ecsv 0.10465116279069768 0.08773764651239523 -0.6616107184025659 1 -0.31126036805221924 False 0.5512226725378974 0.37582424022187916 nan nan nan 0.03776364362035325 0.025579081434916884 0.012184562185436364 0.0005639869227874817 0.00014054440348855432 0.0005812348737190898
toy_5_3.9269908169872414_1.5707963267948966_3.9269908169872414.ecsv 0.07644867017859437 0.36932962480823894 0.08984375 -1 0.039793699949946415 False 0.5093304949048592 0.3094101419378045 nan nan nan 0.039583960347101786 0.025579081434916884 0.014004878912184902 0.0005524127846965768 0.00014054440348855432 0.0005700110648471484
toy_5_3.9269908169872414_1.5707963267948966_4.71238898038469.ecsv 0.08226262366696646 0.28543043800118295 0.08984375 -1 0.039793699949946415 False 0.5036509267493756 0.30823844773968184 nan nan nan 0.03953914932429437 0.025579081434916884 0.013960067889377488 0.0005356095211505755 0.00014054440348855432 0.0005537420775948875
toy_5_3.9269908169872414_1.5707963267948966_5.497787143782138.ecsv 0.10272388539123731 0.0982104369679363 -0.015625 -1 0.13452515015014654 False 0.4952661065797498 0.3270016258304937 nan nan nan 0.04105207525627316 0.025579081434916884 0.015472993821356279 0.0005171563814515531 0.00014054440348855432 0.0005359136611694256
toy_5_3.9269908169872414_2.356194490192345_0.0.ecsv 0.11714634459719903 0.04012716004265732 0.08984375 -1 0.039793699949946415 False 0.554377542491979 0.32280374138763523 nan nan nan 0.042017936287260416 0.025579081434916884 0.016438854852343532 0.000589886577173076 0.00014054440348855432 0.0006063983041540608
toy_5_3.9269908169872414_2.356194490192345_0.7853981633974483.ecsv 0.10918026467942953 0.06674956351076508 -0.05859375 -1 0.09155640015014654 False 0.5073922253732098 0.23981843928117014 nan nan nan 0.04101395941083629 0.025579081434916884 0.015434877975919407 0.0005677967069487911 0.00014054440348855432 0.0005849323292260781
toy_5_3.9269908169872414_2.356194490192345_1.5707963267948966.ecsv 0.1095978414493126 0.06505238238121738 -0.1640625 -1 0.08618775025024661 False 0.46638341966950847 0.21368616551917707 nan nan nan 0.03314267475520095 0.025579081434916884 0.0075635933202840636 0.0005282769201514754 0.00014054440348855432 0.0005466527542386316
toy_5_3.9269908169872414_2.356194490192345_2.356194490192345.ecsv 0.05014133367596043 0.8551461041963692 -0.2109375 -1 0.03931275025024661 False 0.5382598077705718 0.2885976441091 nan nan nan 0.03698912810147227 0.025579081434916884 0.011410046666555387 0.0006632976729609874 0.00014054440348855432 0.0006780239909526908
toy_5_3.9269908169872414_2.356194490192345_3.141592653589793.ecsv 0.10465116279069768 0.08773764651239523 -0.7073109784462559 1 -0.3569606280959092 False 0.5868611342483798 0.39619202730800307 nan nan nan 0.03791355665013231 0.025579081434916884 0.012334475215215426 0.0005954598976590101 0.00014054440348855432 0.0006118212313021119
toy_5_3.9269908169872414_2.356194490192345_3.9269908169872414.ecsv 0.059006809713478096 0.692111664440709 0.08984375 -1 -0.06030640015015365 False 0.5298352809874799 0.2810292614793262 nan nan nan 0.03679086922310955 0.025579081434916884 0.011211787788192665 0.0005795550463875879 0.00014054440348855432 0.000596352899838068
toy_5_3.9269908169872414_2.356194490192345_4.71238898038469.ecsv 0.10102145702171399 0.10831988284205378 -0.16796875 -1 0.08228150025024661 False 0.4766458474752551 0.23961704330904132 nan nan nan 0.04112681186057223 0.025579081434916884 0.015547730425655347 0.0005336479128451181 0.00014054440348855432 0.000551844927706964
toy_5_3.9269908169872414_2.356194490192345_5.497787143782138.ecsv 0.11091481433894385 0.059931991418783345 0.140625 -1 -0.00952515015015365 False 0.5266321322488041 0.2831674307633704 nan nan nan 0.0493911554395039 0.025579081434916884 0.023812074004587014 0.0006521530231453298 0.00014054440348855432 0.0006671253967205466
toy_5_3.9269908169872414_3.141592653589793_0.0.ecsv 0.16661313118334833 0.00076157519218809 0.29296875 -1 0.042718499749746286 True 0.6068188516367463 0.4127318297863853 nan nan nan 0.044639319964206656 0.025579081434916884 0.019060238529289772 0.0005950981386041674 0.00014054440348855432 0.0006114691520609182
toy_5_3.9269908169872414_3.141592653589793_0.7853981633974483.ecsv 0.1580046254657587 0.0016779197152463625 -0.12890625 -1 0.12134400025024661 False 0.5298961372314166 0.2472103958781278 nan nan nan 0.04487750748488327 0.025579081434916884 0.019298426049966386 0.0006017509963086403 0.00014054440348855432 0.0006179457831479997
toy_5_3.9269908169872414_3.141592653589793_1.5707963267948966.ecsv 0.15331491712707182 0.0025349990707799696 0.0234375 -1 0.17358765015014654 False 0.4334352476212311 0.19727710816099922 nan nan nan 0.04510139305517111 0.025579081434916884 0.019522311620254224 0.0005011265895019014 0.00014054440348855432 0.0005204618987570183
toy_5_3.9269908169872414_3.141592653589793_2.356194490192345.ecsv 0.0962996273930361 0.14090116584298623 -0.15625 -1 0.09400025025024661 False 0.5283191151426792 0.2692235331401868 nan nan nan 0.038181347080755365 0.025579081434916884 0.012602265645838481 0.000601963835753822 0.00014054440348855432 0.0006181530465082316
toy_5_3.9269908169872414_3.141592653589793_3.141592653589793.ecsv 0.10619298471026596 0.08004405303858432 0.26171875 -1 0.011468499749746286 False 0.6085913876733351 0.43367161873876675 nan nan nan 0.03954073932377734 0.025579081434916884 0.013961657888860453 0.000598318940447661 0.00014054440348855432 0.0006146041684290509
toy_5_3.9269908169872414_3.141592653589793_3.9269908169872414.ecsv 0.10037903122189387 0.11234710677786565 0.26171875 -1 0.011468499749746286 False 0.5288666001817992 0.2655426045320145 nan nan nan 0.03888957666158273 0.025579081434916884 0.013310495226665844 0.0006018478282999271 0.00014054440348855432 0.0006180400778115382
toy_5_3.9269908169872414_3.141592653589793_4.71238898038469.ecsv 0.15305794680714377 0.0025918349620625684 -0.16015625 -1 0.09009400025024661 False 0.4334352476212311 0.19727710816099925 nan nan nan 0.04510139305517115 0.025579081434916884 0.019522311620254265 0.0005011265895019017 0.00014054440348855432 0.0005204618987570185
toy_5_3.9269908169872414_3.141592653589793_5.497787143782138.ecsv 0.16025311576512913 0.0013706867379167692 -0.15625 -1 0.09400025025024661 False 0.5272358047466311 0.2492834330193766 nan nan nan 0.04510951776741127 0.025579081434916884 0.019530436332494384 0.0006002335738870435 0.00014054440348855432 0.0006164682251123463
toy_5_3.9269908169872414_3.9269908169872414_0.0.ecsv 0.1782410381600925 0.00024489568567294726 0.29296875 -1 0.042718499749746286 True 0.5893078411734405 0.3797894565566803 nan nan nan 0.04675519850152984 0.025579081434916884 0.02117611706661296 0.0005934280291340344 0.00014054440348855432 0.0006098438776554684
toy_5_3.9269908169872414_3.9269908169872414_0.7853981633974483.ecsv 0.20503019401259154 1.3331120590330176e-05 0.26171875 -1 0.011468499749746286 True 0.5643161430040107 0.2824899775589544 nan nan nan 0.0564547967726909 0.025579081434916884 0.030875715337774015 0.0006816832211177582 0.00014054440348855432 0.0006960206486200219
toy_5_3.9269908169872414_3.9269908169872414_1.5707963267948966.ecsv 0.16773737633303354 0.0006847289839829277 -0.1640625 -1 0.18628785035034667 True 0.49888790373666153 0.24177019623709214 nan nan nan 0.04490884937100135 0.025579081434916884 0.019329767936084465 0.0005406767078166541 0.00014054440348855432 0.0005586448171489726
