data_processed/toy_model/wgm_results.ecsv
# %ECSV 1.0
# ---
# datatype:
# - {name: Name, datatype: string}
# - {name: Statistic, datatype: float64}
# - {name: p_value, datatype: float64}
# - {name: Statistic_x, datatype: float64}
# - {name: Statistic_sgn, datatype: int32}
# - {name: Statistic_diff, datatype: float64}
# - {name: Significant, datatype: bool}
# - {name: 'Sigma [meas]', datatype: float64}
# - {name: 'Sigma [obsv]', datatype: float64}
# - {name: 'Sigma [true]', datatype: float64}
# - {name: 'Sigma [diff]', datatype: float64}
# - {name: FWHM, datatype: float64}
# - {name: 'Average [inner]', datatype: float64}
# - {name: 'Average [outer]', datatype: float64}
# - {name: 'Average [diff]', datatype: float64}
# - {name: 'Avg Unc [inner]', datatype: float64}
# - {name: 'Avg Unc [outer]', datatype: float64}
# - {name: 'Avg Unc [diff]', datatype: float64}
# schema: astropy-2.0
Name Statistic p_value Statistic_x Statistic_sgn Statistic_diff Significant "Sigma [meas]" "Sigma [obsv]" "Sigma [true]" "Sigma [diff]" FWHM "Average [inner]" "Average [outer]" "Average [diff]" "Avg Unc [inner]" "Avg Unc [outer]" "Avg Unc [diff]"
[from data line 2725]
toy_5_1.5707963267948966_3.141592653589793_3.9269908169872414.ecsv 0.14335731722985995 0.005839199391088667 0.29296875 -1 0.042718499749746286 False 0.5438220857502466 0.2742689418475542 nan nan nan 0.05360892097395522 0.025579081434916884 0.028029839539038336 0.0006729411591602184 0.00014054440348855432 0.0006874609320127595
toy_5_1.5707963267948966_3.141592653589793_4.71238898038469.ecsv 0.15331491712707182 0.0025349990707799696 0.0234375 -1 0.17358765015014654 False 0.4334352476212311 0.19727710816099922 nan nan nan 0.04510139305517104 0.025579081434916884 0.019522311620254154 0.0005011265895019005 0.00014054440348855432 0.0005204618987570174
toy_5_1.5707963267948966_3.141592653589793_5.497787143782138.ecsv 0.14448156237954515 0.005328995264822872 -0.1640625 -1 0.08618775025024661 False 0.5174713724879003 0.2425002080001332 nan nan nan 0.046246359366732034 0.025579081434916884 0.02066727793181515 0.0006608489158956678 0.00014054440348855432 0.0006756286102530243
toy_5_1.5707963267948966_3.9269908169872414_0.0.ecsv 0.12154696132596685 0.029831741877983906 0.28515625 -1 0.034905999749746286 False 0.5529683838004207 0.32385302176879166 nan nan nan 0.04726901147904633 0.025579081434916884 0.021689930044129446 0.0006499373496949246 0.00014054440348855432 0.0006649596137213268
toy_5_1.5707963267948966_3.9269908169872414_0.7853981633974483.ecsv 0.17647436721058718 0.0002924070071022423 -0.07421875 -1 0.1760315002502466 True 0.5311051665795453 0.26350585571876567 nan nan nan 0.048600300065029765 0.025579081434916884 0.02302121863011288 0.0005817594226412762 0.00014054440348855432 0.000598495409492725
toy_5_1.5707963267948966_3.9269908169872414_1.5707963267948966.ecsv 0.20140048824360787 2.0264049223333815e-05 0.15625 -1 0.10619994994994642 True 0.5055586421191272 0.22258179107290063 nan nan nan 0.05246028519613195 0.025579081434916884 0.02688120376121507 0.000563918992332274 0.00014054440348855432 0.0005811689593095978
toy_5_1.5707963267948966_3.9269908169872414_2.356194490192345.ecsv 0.19340228703584736 4.9627101469790575e-05 0.26171875 -1 0.011468499749746286 True 0.5515973307577955 0.27752470490572206 nan nan nan 0.05741916070767067 0.025579081434916884 0.031840079272753785 0.0006756225227619897 0.00014054440348855432 0.0006900858806085145
toy_5_1.5707963267948966_3.9269908169872414_3.141592653589793.ecsv 0.1840549916484646 0.00013487933407448576 0.29296875 -1 0.042718499749746286 True 0.5986138817141061 0.38837258623789095 nan nan nan 0.05385442702265127 0.025579081434916884 0.02827534558773439 0.000667693977989034 0.00014054440348855432 0.0006823254191328168
toy_5_1.5707963267948966_3.9269908169872414_3.9269908169872414.ecsv 0.17249132725170244 0.00043333703765547087 -0.015625 -1 0.13452515015014654 True 0.5446927428082962 0.28987565424188544 nan nan nan 0.04831603892841459 0.025579081434916884 0.022736957493497703 0.0005866871772935737 0.00014054440348855432 0.000603286477017888
toy_5_1.5707963267948966_3.9269908169872414_4.71238898038469.ecsv 0.16947192599254787 0.000580350146285266 0.08984375 -1 0.13989380005004648 True 0.490902156531762 0.2394472134412023 nan nan nan 0.046086786724938655 0.025579081434916884 0.02050770529002177 0.0005398600320117677 0.00014054440348855432 0.000557854446532158
toy_5_1.5707963267948966_3.9269908169872414_5.497787143782138.ecsv 0.15765129127585764 0.0017316559757168438 -0.078125 -1 0.1721252502502466 False 0.519345799451591 0.2654937271881026 nan nan nan 0.05165904577046029 0.025579081434916884 0.02607996433554341 0.0006469274088524658 0.00014054440348855432 0.0006620179768529848
toy_5_1.5707963267948966_4.71238898038469_0.0.ecsv 0.18411923422844662 0.00013397583591047378 -0.015625 -1 0.2346252502502466 True 0.5053428106235045 0.2872214939519236 nan nan nan 0.04915619804256 0.025579081434916884 0.02357711660764312 0.0005191172933553948 0.00014054440348855432 0.0005378061859188537
toy_5_1.5707963267948966_4.71238898038469_0.7853981633974483.ecsv 0.19272773994603623 5.3429877764413406e-05 0.08984375 -1 0.13989380005004648 True 0.5179892175160475 0.29107789192143296 nan nan nan 0.0497402743872807 0.025579081434916884 0.024161192952363818 0.0005384597799249433 0.00014054440348855432 0.0005564994734487824
toy_5_1.5707963267948966_4.71238898038469_1.5707963267948966.ecsv 0.19854169343440833 2.8028064552789312e-05 0.08984375 -1 0.13989380005004648 True 0.522570995765249 0.29038573873071216 nan nan nan 0.05112514864417987 0.025579081434916884 0.025546067209262988 0.0005574835692353662 0.00014054440348855432 0.0005749266555999617
toy_5_1.5707963267948966_4.71238898038469_2.356194490192345.ecsv 0.20721444173197995 1.0323499594534322e-05 0.15625 -1 0.10619994994994642 True 0.5625180195537501 0.3553965931033891 nan nan nan 0.05156458235509637 0.025579081434916884 0.025985500920179483 0.000565590576068092 0.00014054440348855432 0.0005827910681273262
toy_5_1.5707963267948966_4.71238898038469_3.141592653589793.ecsv 0.21302839522035205 5.156624730908166e-06 0.15625 -1 0.10619994994994642 True 0.5637543243108385 0.35559954596286397 nan nan nan 0.05728226814864506 0.025579081434916884 0.031703186713728175 0.0006446228411129151 0.00014054440348855432 0.0006597661226801813
toy_5_1.5707963267948966_4.71238898038469_3.9269908169872414.ecsv 0.16773737633303354 0.0006847289839829277 -0.1640625 -1 0.18628785035034667 True 0.5174981928443437 0.32581743827663184 nan nan nan 0.04460476980810117 0.025579081434916884 0.019025688373184288 0.0005362716379597324 0.00014054440348855432 0.0005543825385345104
toy_5_1.5707963267948966_4.71238898038469_4.71238898038469.ecsv 0.16086342027495823 0.0012968718286619637 -0.015625 -1 0.13452515015014654 False 0.5017891737925751 0.30469438056403697 nan nan nan 0.04529403320044931 0.025579081434916884 0.019714951765532424 0.0005194632760114029 0.00014054440348855432 0.0005381401531910182
toy_5_1.5707963267948966_4.71238898038469_5.497787143782138.ecsv 0.16947192599254787 0.000580350146285266 0.08984375 -1 0.13989380005004648 True 0.5021755401012653 0.29981939464376883 nan nan nan 0.04683392444907164 0.025579081434916884 0.021254843014154756 0.0005292983639651572 0.00014054440348855432 0.0005476399249946497
toy_5_1.5707963267948966_5.497787143782138_0.0.ecsv 0.12154696132596685 0.029831741877983906 0.28515625 -1 0.034905999749746286 False 0.5529683838004207 0.32385302176879166 nan nan nan 0.04726901147904633 0.025579081434916884 0.021689930044129446 0.0006499373496949246 0.00014054440348855432 0.0006649596137213268
toy_5_1.5707963267948966_5.497787143782138_0.7853981633974483.ecsv 0.17647436721058718 0.0002924070071022423 -0.07421875 -1 0.1760315002502466 True 0.5311051665795452 0.2635058557187657 nan nan nan 0.048600300065029765 0.025579081434916884 0.02302121863011288 0.0005817594226412762 0.00014054440348855432 0.000598495409492725
toy_5_1.5707963267948966_5.497787143782138_1.5707963267948966.ecsv 0.20140048824360787 2.0264049223333815e-05 0.15625 -1 0.10619994994994642 True 0.5055586421191272 0.22258179107290063 nan nan nan 0.05246028519613195 0.025579081434916884 0.02688120376121507 0.000563918992332274 0.00014054440348855432 0.0005811689593095978
toy_5_1.5707963267948966_5.497787143782138_2.356194490192345.ecsv 0.19340228703584736 4.9627101469790575e-05 0.26171875 -1 0.011468499749746286 True 0.5515973307577955 0.27752470490572206 nan nan nan 0.05741916070767066 0.025579081434916884 0.03184007927275378 0.0006756225227619896 0.00014054440348855432 0.0006900858806085144
toy_5_1.5707963267948966_5.497787143782138_3.141592653589793.ecsv 0.1840549916484646 0.00013487933407448576 0.29296875 -1 0.042718499749746286 True 0.5986138817141061 0.3883725862378909 nan nan nan 0.05385442702265127 0.025579081434916884 0.02827534558773439 0.000667693977989034 0.00014054440348855432 0.0006823254191328168
toy_5_1.5707963267948966_5.497787143782138_3.9269908169872414.ecsv 0.17249132725170244 0.00043333703765547087 -0.015625 -1 0.13452515015014654 True 0.5446927428082962 0.28987565424188544 nan nan nan 0.04831603892841459 0.025579081434916884 0.022736957493497703 0.0005866871772935737 0.00014054440348855432 0.000603286477017888
toy_5_1.5707963267948966_5.497787143782138_4.71238898038469.ecsv 0.16947192599254787 0.000580350146285266 0.08984375 -1 0.13989380005004648 True 0.490902156531762 0.23944721344120232 nan nan nan 0.046086786724938655 0.025579081434916884 0.02050770529002177 0.0005398600320117677 0.00014054440348855432 0.000557854446532158
toy_5_1.5707963267948966_5.497787143782138_5.497787143782138.ecsv 0.15765129127585764 0.0017316559757168438 -0.078125 -1 0.1721252502502466 False 0.519345799451591 0.2654937271881026 nan nan nan 0.05165904577046029 0.025579081434916884 0.02607996433554341 0.0006469274088524658 0.00014054440348855432 0.0006620179768529848
toy_5_2.356194490192345_0.0_0.0.ecsv 0.11200693819863805 0.05595155945394819 0.26171875 -1 0.011468499749746286 False 0.5701792353168718 0.354636860560545 nan nan nan 0.03849906998295684 0.025579081434916884 0.012919988548039954 0.0005665382237910458 0.00014054440348855432 0.0005837107917181819
toy_5_2.356194490192345_0.0_0.7853981633974483.ecsv 0.13866760889117308 0.008482508862973906 -0.1640625 -1 0.08618775025024661 False 0.5149384372545912 0.2361701788855153 nan nan nan 0.03993777777619584 0.025579081434916884 0.014358696341278954 0.0005667431883138671 0.00014054440348855432 0.0005839097283417369
toy_5_2.356194490192345_0.0_1.5707963267948966.ecsv 0.15029551586791726 0.003284144789046583 -0.1640625 -1 0.08618775025024661 False 0.4334352476212311 0.19727710816099922 nan nan nan 0.0451013930551711 0.025579081434916884 0.019522311620254217 0.000501126589501901 0.00014054440348855432 0.000520461898757018
toy_5_2.356194490192345_0.0_2.356194490192345.ecsv 0.13172941025311577 0.01440607101705199 0.29296875 -1 0.042718499749746286 False 0.5330038895780334 0.274836708119761 nan nan nan 0.04110512597992034 0.025579081434916884 0.015526044545003455 0.0005759467117049929 0.00014054440348855432 0.0005928468133301788
toy_5_2.356194490192345_0.0_3.141592653589793.ecsv 0.11961968392650649 0.03401406105234767 0.3515625 -1 0.0012121496496462214 False 0.5787535802150157 0.3965585830656395 nan nan nan 0.03895258729164613 0.025579081434916884 0.013373505856729244 0.0005734984155798831 0.00014054440348855432 0.0005904685952907148
toy_5_2.356194490192345_0.0_3.9269908169872414.ecsv 0.13754336374148785 0.009260043213447255 0.29296875 -1 0.042718499749746286 False 0.5312280904803975 0.27777397134965043 nan nan nan 0.040505194461645556 0.025579081434916884 0.014926113026728673 0.0005726363309376593 0.00014054440348855432 0.0005896313228295272
toy_5_2.356194490192345_0.0_4.71238898038469.ecsv 0.15084157779776436 0.003135263202065753 0.01953125 -1 0.16968140015014654 False 0.4334352476212311 0.19727710816099925 nan nan nan 0.04510139305517103 0.025579081434916884 0.019522311620254147 0.0005011265895019004 0.00014054440348855432 0.0005204618987570173
toy_5_2.356194490192345_0.0_5.497787143782138.ecsv 0.1414300398303996 0.006817778202653119 -0.16015625 -1 0.09009400025024661 False 0.5049821460498389 0.22579841608125978 nan nan nan 0.039588686037181416 0.025579081434916884 0.014009604602264532 0.0005619405579923182 0.00014054440348855432 0.0005792494454625498
toy_5_2.356194490192345_0.7853981633974483_0.0.ecsv 0.08467172041629192 0.25495731190906346 -0.15625 -1 0.09400025025024661 False 0.541395478610427 0.30544099104148875 nan nan nan 0.036271996763872244 0.025579081434916884 0.01069291532895536 0.0005692060835011418 0.00014054440348855432 0.0005863005158164731
toy_5_2.356194490192345_0.7853981633974483_0.7853981633974483.ecsv 0.06671591931131954 0.5402194216722903 -0.19140625 -1 0.05884400025024661 False 0.5291347007184161 0.2692790613506763 nan nan nan 0.03936598886032179 0.025579081434916884 0.013786907425404907 0.0006622064782436934 0.00014054440348855432 0.0006769565341880295
toy_5_2.356194490192345_0.7853981633974483_1.5707963267948966.ecsv 0.08415777977643582 0.26124841024281137 -0.19140625 -1 0.05884400025024661 False 0.4927561186507309 0.24607259290210384 nan nan nan 0.03692558125052083 0.025579081434916884 0.011346499815603948 0.0005689390460271928 0.00014054440348855432 0.0005860412676990296
toy_5_2.356194490192345_0.7853981633974483_2.356194490192345.ecsv 0.07940382885776692 0.3248528360160227 0.29296875 -1 -0.05738160035035378 False 0.5439827500297452 0.2923472616608929 nan nan nan 0.03746040303174185 0.025579081434916884 0.011881321596824965 0.0006039659830296218 0.00014054440348855432 0.0006201029253348923
toy_5_2.356194490192345_0.7853981633974483_3.141592653589793.ecsv 0.11782089168701015 0.038372242676386455 0.26171875 -1 0.011468499749746286 False 0.5526286146137934 0.3400193372075706 nan nan nan 0.037132500936402545 0.025579081434916884 0.01155341950148566 0.0005707177288763942 0.00014054440348855432 0.0005877681987023311
toy_5_2.356194490192345_0.7853981633974483_3.9269908169872414.ecsv 0.09690993190286522 0.13628039797098304 -0.015625 -1 0.03442505005004648 False 0.5226549978565573 0.28528970083210686 nan nan nan 0.04679869892263528 0.025579081434916884 0.021219617487718397 0.0006481505329908767 0.00014054440348855432 0.0006632132709531008
toy_5_2.356194490192345_0.7853981633974483_4.71238898038469.ecsv 0.13118334832326867 0.015001778910175092 -0.15625 -1 0.09400025025024661 False 0.4576103948156625 0.21817141393930162 nan nan nan 0.037801089673690336 0.025579081434916884 0.012222008238773452 0.0005239619856564985 0.00014054440348855432 0.0005424840013908745
toy_5_2.356194490192345_0.7853981633974483_5.497787143782138.ecsv 0.07487472696903508 0.3945473310067661 -0.08203125 -1 0.06811890015014654 False 0.5227190176744154 0.25299255646260693 nan nan nan 0.03723648343283834 0.025579081434916884 0.011657401997921459 0.0005937297562757638 0.00014054440348855432 0.0006101374868332805
toy_5_2.356194490192345_1.5707963267948966_0.0.ecsv 0.08415777977643582 0.26124841024281137 -0.19140625 -1 0.05884400025024661 False 0.49322604121305014 0.28270772111467474 nan nan nan 0.03375504583641514 0.025579081434916884 0.008175964401498259 0.0005275331141480587 0.00014054440348855432 0.0005459339849054117
toy_5_2.356194490192345_1.5707963267948966_0.7853981633974483.ecsv 0.11046511627906977 0.06163997077817212 -0.5243583181335065 1 -0.2741080678832599 False 0.5444268110024354 0.3583982994423641 nan nan nan 0.040483278582206746 0.025579081434916884 0.014904197147289862 0.0006383078389080903 0.00014054440348855432 0.0006535974499364806
toy_5_2.356194490192345_1.5707963267948966_1.5707963267948966.ecsv 0.10465116279069768 0.08773764651239523 -0.6616107184025657 1 -0.311260368052219 False 0.5512226725378974 0.37582424022187916 nan nan nan 0.03776364362035325 0.025579081434916884 0.012184562185436364 0.0005639869227874817 0.00014054440348855432 0.0005812348737190898
toy_5_2.356194490192345_1.5707963267948966_2.356194490192345.ecsv 0.07644867017859437 0.36932962480823894 0.08984375 -1 0.039793699949946415 False 0.5093304949048592 0.3094101419378045 nan nan nan 0.039583960347101786 0.025579081434916884 0.014004878912184902 0.0005524127846965768 0.00014054440348855432 0.0005700110648471484
toy_5_2.356194490192345_1.5707963267948966_3.141592653589793.ecsv 0.08226262366696646 0.28543043800118295 0.08984375 -1 0.039793699949946415 False 0.5036509267493756 0.30823844773968184 nan nan nan 0.03953914932429437 0.025579081434916884 0.013960067889377488 0.0005356095211505755 0.00014054440348855432 0.0005537420775948875
toy_5_2.356194490192345_1.5707963267948966_3.9269908169872414.ecsv 0.10272388539123731 0.0982104369679363 -0.015625 -1 0.13452515015014654 False 0.4952661065797498 0.3270016258304937 nan nan nan 0.04105207525627316 0.025579081434916884 0.015472993821356279 0.0005171563814515531 0.00014054440348855432 0.0005359136611694256
