data_processed/toy_model/wgm_results.ecsv
# %ECSV 1.0
# ---
# datatype:
# - {name: Name, datatype: string}
# - {name: Statistic, datatype: float64}
# - {name: p_value, datatype: float64}
# - {name: Statistic_x, datatype: float64}
# - {name: Statistic_sgn, datatype: int32}
# - {name: Statistic_diff, datatype: float64}
# - {name: Significant, datatype: bool}
# - {name: 'Sigma [meas]', datatype: float64}
# - {name: 'Sigma [obsv]', datatype: float64}
# - {name: 'Sigma [true]', datatype: float64}
# - {name: 'Sigma [diff]', datatype: float64}
# - {name: FWHM, datatype: float64}
# - {name: 'Average [inner]', datatype: float64}
# - {name: 'Average [outer]', datatype: float64}
# - {name: 'Average [diff]', datatype: float64}
# - {name: 'Avg Unc [inner]', datatype: float64}
# - {name: 'Avg Unc [outer]', datatype: float64}
# - {name: 'Avg Unc [diff]', datatype: float64}
# schema: astropy-2.0
Name Statistic p_value Statistic_x Statistic_sgn Statistic_diff Significant "Sigma [meas]" "Sigma [obsv]" "Sigma [true]" "Sigma [diff]" FWHM "Average [inner]" "Average [outer]" "Average [diff]" "Avg Unc [inner]" "Avg Unc [outer]" "Avg Unc [diff]"
[from data line 406]
toy_0_4.71238898038469_1.5707963267948966_4.71238898038469.ecsv 0.0803422699935123 0.5795201450100607 0.36328125 1 -0.08716920045045384 False 0.6049651550970703 0.31075343872984607 nan nan nan 0.11437527956799184 0.06187903704760876 0.05249624252038308 0.001707807338373781 0.0001830740741053514 0.0017175919252292932
toy_0_4.71238898038469_1.5707963267948966_5.497787143782138.ecsv 0.06866441058371762 0.7632384799140923 0.421875 1 -0.028575450450453843 False 0.596721785588949 0.2859288005303991 nan nan nan 0.12167392563620925 0.06187903704760876 0.05979488858860049 0.0017031114955834024 0.0001830740741053514 0.001712922906320616
toy_0_4.71238898038469_2.356194490192345_0.0.ecsv 0.10839718749452053 0.22601990060911187 0.546875 -1 -0.0036755505505539077 False 0.6537652352393732 0.32839305902333993 nan nan nan 0.1518979239282066 0.06187903704760876 0.09001888688059785 0.0023368986295394982 0.0001830740741053514 0.002344058728221867
toy_0_4.71238898038469_2.356194490192345_0.7853981633974483.ecsv 0.11602461819010713 0.16589644724373542 0.328125 1 -0.12232545045045384 False 0.6130619683373422 0.2704614695071186 nan nan nan 0.11348650935536819 0.06187903704760876 0.05160747230775943 0.0018177918085222652 0.0001830740741053514 0.0018269874591086222
toy_0_4.71238898038469_2.356194490192345_1.5707963267948966.ecsv 0.1680664901544774 0.011337707633133538 0.37890625 1 -0.07154420045045384 False 0.5820970103196776 0.2357643303982491 nan nan nan 0.0843353630881759 0.06187903704760876 0.02245632604056713 0.0012978095604548883 0.0001830740741053514 0.001310658526015698
toy_0_4.71238898038469_2.356194490192345_2.356194490192345.ecsv 0.1563886307446827 0.022482045924718978 0.43700220267093304 1 -0.11354834787962087 False 0.6194729479097129 0.2677974166892022 nan nan nan 0.10633755580661719 0.06187903704760876 0.04445851875900843 0.001859450595282675 0.0001830740741053514 0.0018684412307874783
toy_0_4.71238898038469_2.356194490192345_3.141592653589793.ecsv 0.10264592940681384 0.2814119345816943 0.37890625 1 -0.07154420045045384 False 0.6573161331754639 0.3392389335785071 nan nan nan 0.14960593004914308 0.06187903704760876 0.08772689300153431 0.0022699637922184374 0.0001830740741053514 0.002277334348441669
toy_0_4.71238898038469_2.356194490192345_3.9269908169872414.ecsv 0.13408497133138117 0.07296416000146465 0.4232433077953462 1 -0.12730724275520772 False 0.613733179858809 0.2660641459065289 nan nan nan 0.11362449469729737 0.06187903704760876 0.0517454576496886 0.0018473997022933173 0.0001830740741053514 0.001856448700245436
toy_0_4.71238898038469_2.356194490192345_4.71238898038469.ecsv 0.08968806438603566 0.4401318362001093 0.36328125 1 -0.08716920045045384 False 0.5713921067334435 0.23175311340642699 nan nan nan 0.11474468917740643 0.06187903704760876 0.05286565212979767 0.0016581307029016252 0.0001830740741053514 0.001668206685190588
toy_0_4.71238898038469_2.356194490192345_5.497787143782138.ecsv 0.09905139310199716 0.32089655960214586 0.546875 -1 -0.0036755505505539077 False 0.6310317763326004 0.2907756970895459 nan nan nan 0.12077434845819472 0.06187903704760876 0.05889531141058596 0.0018796464173102964 0.0001830740741053514 0.00188854091052245
toy_0_4.71238898038469_3.141592653589793_0.0.ecsv 0.1177429818870439 0.1540213987363483 0.546875 -1 -0.0036755505505539077 False 0.6846122698865301 0.3841775421715897 nan nan nan 0.16140682040540769 0.06187903704760876 0.09952778335779892 0.0023815669985167674 0.0001830740741053514 0.0023885932020822837
toy_0_4.71238898038469_3.141592653589793_0.7853981633974483.ecsv 0.1364345706720906 0.06499275413868705 0.546875 -1 -0.0036755505505539077 False 0.6332391616081583 0.2646823401584293 nan nan nan 0.16157590258185853 0.06187903704760876 0.09969686553424977 0.002366574239710445 0.0001830740741053514 0.0023736448236142244
toy_0_4.71238898038469_3.141592653589793_1.5707963267948966.ecsv 0.12254738650909154 0.1250838416045315 0.109375 -1 0.059324949949946415 False 0.5521426408126524 0.20198135638324724 nan nan nan 0.09215149775079462 0.06187903704760876 0.030272460703185858 0.0011376728117382052 0.0001830740741053514 0.00115230878811968
toy_0_4.71238898038469_3.141592653589793_2.356194490192345.ecsv 0.10839718749452053 0.22601990060911187 0.546875 -1 -0.0036755505505539077 False 0.6258349793893256 0.2603698442449098 nan nan nan 0.15815039999678496 0.06187903704760876 0.0962713629491762 0.0023356161128775706 0.0001830740741053514 0.0023427801312421244
toy_0_4.71238898038469_3.141592653589793_3.141592653589793.ecsv 0.09905139310199716 0.32089655960214586 0.546875 -1 -0.0036755505505539077 False 0.6798216242274319 0.37111569928074006 nan nan nan 0.1526295423807475 0.06187903704760876 0.09075050533313873 0.00231524888891933 0.0001830740741053514 0.0023224757338348497
toy_0_4.71238898038469_3.141592653589793_3.9269908169872414.ecsv 0.1177429818870439 0.1540213987363483 0.546875 -1 -0.0036755505505539077 False 0.6201806959493655 0.2471102693041741 nan nan nan 0.16091536236918588 0.06187903704760876 0.09903632532157712 0.0023347522003473536 0.0001830740741053514 0.0023419188614545
toy_0_4.71238898038469_3.141592653589793_4.71238898038469.ecsv 0.12254738650909154 0.1250838416045315 0.109375 -1 0.059324949949946415 False 0.5521426408126524 0.20198135638324727 nan nan nan 0.09215149775079459 0.06187903704760876 0.03027246070318583 0.0011376728117382048 0.0001830740741053514 0.0011523087881196794
toy_0_4.71238898038469_3.141592653589793_5.497787143782138.ecsv 0.14578036506461398 0.04026228162806532 0.546875 -1 -0.0036755505505539077 False 0.6267791004573092 0.2616900037818093 nan nan nan 0.16091594667357328 0.06187903704760876 0.09903690962596452 0.0023642533438561018 0.0001830740741053514 0.002371330847972145
toy_0_4.71238898038469_3.9269908169872414_0.0.ecsv 0.14578036506461398 0.04026228162806532 0.546875 -1 -0.0036755505505539077 False 0.6706207046630471 0.3523393935148846 nan nan nan 0.15568947164867686 0.06187903704760876 0.0938104346010681 0.0021833006014597748 0.0001830740741053514 0.002190962718291698
toy_0_4.71238898038469_3.9269908169872414_0.7853981633974483.ecsv 0.205607476635514 0.0008828061646681009 0.5703125 -1 0.019761949449446092 True 0.6811441242200872 0.3124459385802386 nan nan nan 0.1330933510752401 0.06187903704760876 0.07121431402763133 0.0019004009879309424 0.0001830740741053514 0.0019091987930905554
toy_0_4.71238898038469_3.9269908169872414_1.5707963267948966.ecsv 0.17381774824218407 0.007913395703844089 0.546875 -1 -0.0036755505505539077 False 0.6433234201180179 0.25156708071194445 nan nan nan 0.10684544853337771 0.06187903704760876 0.04496641148576895 0.0013413496912307043 0.0001830740741053514 0.001353785474428736
toy_0_4.71238898038469_3.9269908169872414_2.356194490192345.ecsv 0.13964335186126844 0.05535421437911583 0.203125 -1 0.15307494994994642 False 0.647697965905773 0.27631817857135293 nan nan nan 0.13488224412264385 0.06187903704760876 0.07300320707503509 0.0018721918787510097 0.0001830740741053514 0.0018811216195320194
toy_0_4.71238898038469_3.9269908169872414_3.141592653589793.ecsv 0.1513738142413775 0.02977812612205747 0.54296875 -1 -0.007581800550553908 False 0.6623682213514847 0.3304992308911129 nan nan nan 0.15674869176932912 0.06187903704760876 0.09486965472172036 0.002215740077292736 0.0001830740741053514 0.0022232904008992506
toy_0_4.71238898038469_3.9269908169872414_3.9269908169872414.ecsv 0.14123897529413829 0.050994393742388566 0.109375 -1 0.15942505005004648 False 0.6402580175563499 0.2448281496426046 nan nan nan 0.1328018791423366 0.06187903704760876 0.07092284209472784 0.001830173293182138 0.0001830740741053514 0.0018393070433417808
toy_0_4.71238898038469_3.9269908169872414_4.71238898038469.ecsv 0.15051463239290913 0.031133614344973283 0.08984375 -1 0.13989380005004648 False 0.6047319180027938 0.22536595976523896 nan nan nan 0.13441104559892594 0.06187903704760876 0.07253200855131718 0.0017275574808522905 0.0001830740741053514 0.0017372308327502836
toy_0_4.71238898038469_3.9269908169872414_5.497787143782138.ecsv 0.15512615945713734 0.02416490935579006 0.546875 -1 -0.0036755505505539077 False 0.6502145112103518 0.26880932846030603 nan nan nan 0.13866318987686296 0.06187903704760876 0.0767841528292542 0.0018766782949731584 0.0001830740741053514 0.0018855867891542125
toy_0_4.71238898038469_4.71238898038469_0.0.ecsv 0.15993056407918502 0.0182861615744103 0.109375 -1 0.15942505005004648 False 0.6476474784366465 0.3271106059156638 nan nan nan 0.09765703698515966 0.06187903704760876 0.0357779999375509 0.001229740790165192 0.0001830740741053514 0.0012432934197548228
toy_0_4.71238898038469_4.71238898038469_0.7853981633974483.ecsv 0.17565885220318775 0.007043574252713065 0.5390625 -1 -0.011488050550553908 False 0.6704413298932012 0.3341308653727618 nan nan nan 0.09594560959033244 0.06187903704760876 0.034066572542723675 0.0012504934027630537 0.0001830740741053514 0.001263823511002803
toy_0_4.71238898038469_4.71238898038469_1.5707963267948966.ecsv 0.18316354263470744 0.004316746862476577 0.546875 -1 -0.0036755505505539077 False 0.680058404273554 0.3673521772544183 nan nan nan 0.09875482259100272 0.06187903704760876 0.03687578554339396 0.001243375192846322 0.0001830740741053514 0.0012567808030023214
toy_0_4.71238898038469_4.71238898038469_2.356194490192345.ecsv 0.15475793866493662 0.02470610680557759 0.24609375 -1 0.09594359984984635 False 0.648847459861642 0.3139192674354769 nan nan nan 0.0938779113243992 0.06187903704760876 0.031998874276790434 0.0012248360414202587 0.0001830740741053514 0.0012384423462444996
toy_0_4.71238898038469_4.71238898038469_3.141592653589793.ecsv 0.15451245813680278 0.024995431507513467 0.171875 -1 0.12182494994994642 False 0.6368572744880037 0.2963813523123942 nan nan nan 0.1626330020943687 0.06187903704760876 0.10075396504675994 0.0020295295909552166 0.0001830740741053514 0.002037769976511672
toy_0_4.71238898038469_4.71238898038469_3.9269908169872414.ecsv 0.15451245813680278 0.024995431507513467 0.171875 -1 0.12182494994994642 False 0.6170091206807884 0.2590345271974862 nan nan nan 0.13831525366402456 0.06187903704760876 0.0764362166164158 0.0017180661142019416 0.0001830740741053514 0.0017277926060087453
toy_0_4.71238898038469_4.71238898038469_4.71238898038469.ecsv 0.15475793866493662 0.02470610680557759 0.24609375 -1 0.09594359984984635 False 0.6340881869382529 0.3008431499719092 nan nan nan 0.13549894457931802 0.06187903704760876 0.07361990753170926 0.0017446000432188539 0.0001830740741053514 0.0017541794171089678
toy_0_4.71238898038469_4.71238898038469_5.497787143782138.ecsv 0.15058476968666165 0.03103159431811841 0.109375 -1 0.15942505005004648 False 0.6356191917068258 0.32180117395802943 nan nan nan 0.13700666335851813 0.06187903704760876 0.07512762631090937 0.0017388385157078733 0.0001830740741053514 0.0017484494560377464
toy_0_4.71238898038469_5.497787143782138_0.0.ecsv 0.14578036506461398 0.04026228162806532 0.546875 -1 -0.0036755505505539077 False 0.670620704663047 0.3523393935148846 nan nan nan 0.1556894716486767 0.06187903704760876 0.09381043460106793 0.0021833006014597726 0.0001830740741053514 0.002190962718291696
toy_0_4.71238898038469_5.497787143782138_0.7853981633974483.ecsv 0.205607476635514 0.0008828061646681009 0.5703125 -1 0.019761949449446092 True 0.6811441242200874 0.3124459385802386 nan nan nan 0.1330933510752401 0.06187903704760876 0.07121431402763133 0.0019004009879309424 0.0001830740741053514 0.0019091987930905554
toy_0_4.71238898038469_5.497787143782138_1.5707963267948966.ecsv 0.17381774824218407 0.007913395703844089 0.546875 -1 -0.0036755505505539077 False 0.6433234201180179 0.25156708071194445 nan nan nan 0.10684544853337771 0.06187903704760876 0.04496641148576895 0.0013413496912307043 0.0001830740741053514 0.001353785474428736
toy_0_4.71238898038469_5.497787143782138_2.356194490192345.ecsv 0.13964335186126844 0.05535421437911583 0.203125 -1 0.15307494994994642 False 0.647697965905773 0.27631817857135293 nan nan nan 0.13488224412264385 0.06187903704760876 0.07300320707503509 0.0018721918787510102 0.0001830740741053514 0.0018811216195320198
toy_0_4.71238898038469_5.497787143782138_3.141592653589793.ecsv 0.1513738142413775 0.02977812612205747 0.54296875 -1 -0.007581800550553908 False 0.6623682213514847 0.3304992308911129 nan nan nan 0.15674869176932946 0.06187903704760876 0.0948696547217207 0.0022157400772927402 0.0001830740741053514 0.002223290400899255
toy_0_4.71238898038469_5.497787143782138_3.9269908169872414.ecsv 0.14123897529413829 0.050994393742388566 0.109375 -1 0.15942505005004648 False 0.6402580175563499 0.2448281496426046 nan nan nan 0.1328018791423366 0.06187903704760876 0.07092284209472784 0.001830173293182138 0.0001830740741053514 0.0018393070433417808
toy_0_4.71238898038469_5.497787143782138_4.71238898038469.ecsv 0.15051463239290913 0.031133614344973283 0.08984375 -1 0.13989380005004648 False 0.6047319180027938 0.225365959765239 nan nan nan 0.13441104559892594 0.06187903704760876 0.07253200855131718 0.0017275574808522905 0.0001830740741053514 0.0017372308327502836
toy_0_4.71238898038469_5.497787143782138_5.497787143782138.ecsv 0.15512615945713734 0.02416490935579006 0.546875 -1 -0.0036755505505539077 False 0.6502145112103518 0.26880932846030603 nan nan nan 0.13866318987686296 0.06187903704760876 0.0767841528292542 0.0018766782949731584 0.0001830740741053514 0.0018855867891542125
toy_0_5.497787143782138_0.0_0.0.ecsv 0.1644719538496607 0.014050395172507146 0.546875 -1 -0.0036755505505539077 False 0.6974745014993396 0.3859383176003546 nan nan nan 0.13216985107900314 0.06187903704760876 0.07029081403139438 0.001938790004935174 0.0001830740741053514 0.0019474143883226455
toy_0_5.497787143782138_0.0_0.7853981633974483.ecsv 0.18503971524258736 0.003806989103331531 0.5546875 -1 0.004136949449446092 False 0.6517374549921292 0.2820947495438675 nan nan nan 0.12969239675030578 0.06187903704760876 0.06781335970269702 0.0019029649524954324 0.0001830740741053514 0.0019117509584241027
toy_0_5.497787143782138_0.0_1.5707963267948966.ecsv 0.12254738650909154 0.1250838416045315 0.109375 -1 0.059324949949946415 False 0.5521426408126524 0.20198135638324727 nan nan nan 0.09215149775079459 0.06187903704760876 0.03027246070318583 0.0011376728117382048 0.0001830740741053514 0.0011523087881196794
toy_0_5.497787143782138_0.0_2.356194490192345.ecsv 0.1364170363486525 0.06510876550787803 0.36328125 1 -0.08716920045045384 False 0.6125922786814828 0.23897934127003717 nan nan nan 0.11656744752378614 0.06187903704760876 0.05468841047617738 0.0017968281329689454 0.0001830740741053514 0.0018061305202111497
toy_0_5.497787143782138_0.0_3.141592653589793.ecsv 0.10222510564429871 0.2859446947365562 0.4296875 1 -0.12086305055055391 False 0.660542780276922 0.34427590388638213 nan nan nan 0.11452864236133051 0.06187903704760876 0.052649605313721745 0.00187361557474698 0.0001830740741053514 0.0018825385622993193
toy_0_5.497787143782138_0.0_3.9269908169872414.ecsv 0.11974189475899072 0.141462063514282 0.33351660926050153 1 -0.11693384118995231 False 0.6124279825410024 0.23987089283262558 nan nan nan 0.11917557873344349 0.06187903704760876 0.05729654168583473 0.0018126527763956506 0.0001830740741053514 0.0018218743656971499
toy_0_5.497787143782138_0.0_4.71238898038469.ecsv 0.12254738650909154 0.1250838416045315 0.109375 -1 0.059324949949946415 False 0.5521426408126524 0.20198135638324727 nan nan nan 0.09215149775079579 0.06187903704760876 0.030272460703187024 0.00113767281173822 0.0001830740741053514 0.0011523087881196944
