data_processed/toy_model/wgm_results.ecsv
# %ECSV 1.0
# ---
# datatype:
# - {name: Name, datatype: string}
# - {name: Statistic, datatype: float64}
# - {name: p_value, datatype: float64}
# - {name: Statistic_x, datatype: float64}
# - {name: Statistic_sgn, datatype: int32}
# - {name: Statistic_diff, datatype: float64}
# - {name: Significant, datatype: bool}
# - {name: 'Sigma [meas]', datatype: float64}
# - {name: 'Sigma [obsv]', datatype: float64}
# - {name: 'Sigma [true]', datatype: float64}
# - {name: 'Sigma [diff]', datatype: float64}
# - {name: FWHM, datatype: float64}
# - {name: 'Average [inner]', datatype: float64}
# - {name: 'Average [outer]', datatype: float64}
# - {name: 'Average [diff]', datatype: float64}
# - {name: 'Avg Unc [inner]', datatype: float64}
# - {name: 'Avg Unc [outer]', datatype: float64}
# - {name: 'Avg Unc [diff]', datatype: float64}
# schema: astropy-2.0
Name Statistic p_value Statistic_x Statistic_sgn Statistic_diff Significant "Sigma [meas]" "Sigma [obsv]" "Sigma [true]" "Sigma [diff]" FWHM "Average [inner]" "Average [outer]" "Average [diff]" "Avg Unc [inner]" "Avg Unc [outer]" "Avg Unc [diff]"
[from data line 2574]
toy_5_0.0_0.7853981633974483_4.71238898038469.ecsv 0.09578568675318001 0.1448810673515843 -0.19140625 -1 0.05884400025024661 False 0.48676278510055804 0.23777553500986842 nan nan nan 0.03826733210920382 0.025579081434916884 0.012688250674286937 0.000634314883932506 0.00014054440348855432 0.0006496984695458826
toy_5_0.0_0.7853981633974483_5.497787143782138.ecsv 0.054284980084800205 0.7831065754145998 0.34375 -1 -0.006600350350353779 False 0.548397334781598 0.2940858932777218 nan nan nan 0.03512664136667957 0.025579081434916884 0.009547559931762685 0.0006108667182857143 0.00014054440348855432 0.0006268260339688451
toy_5_0.0_1.5707963267948966_0.0.ecsv 0.07644867017859437 0.36932962480823894 0.08984375 -1 0.039793699949946415 False 0.5093304949048592 0.3094101419378045 nan nan nan 0.039583960347101786 0.025579081434916884 0.014004878912184902 0.0005524127846965768 0.00014054440348855432 0.0005700110648471484
toy_5_0.0_1.5707963267948966_0.7853981633974483.ecsv 0.08226262366696646 0.28543043800118295 0.08984375 -1 0.039793699949946415 False 0.5036509267493756 0.30823844773968184 nan nan nan 0.03953914932429437 0.025579081434916884 0.013960067889377488 0.0005356095211505755 0.00014054440348855432 0.0005537420775948875
toy_5_0.0_1.5707963267948966_1.5707963267948966.ecsv 0.10272388539123731 0.0982104369679363 -0.015625 -1 0.13452515015014654 False 0.4952661065797498 0.3270016258304937 nan nan nan 0.04105207525627316 0.025579081434916884 0.015472993821356279 0.0005171563814515531 0.00014054440348855432 0.0005359136611694256
toy_5_0.0_1.5707963267948966_2.356194490192345.ecsv 0.0962996273930361 0.14090116584298623 -0.15625 -1 0.09400025025024661 False 0.4890722264498667 0.2933164034166088 nan nan nan 0.038299096803347574 0.025579081434916884 0.01272001536843069 0.0005253280372134339 0.00014054440348855432 0.000543803527052255
toy_5_0.0_1.5707963267948966_3.141592653589793.ecsv 0.07946807143774894 0.323922208966675 -0.015625 -1 0.03442505005004648 False 0.4836614874733123 0.27489078996330396 nan nan nan 0.0377900907493184 0.025579081434916884 0.012211009314401514 0.0005168737111299427 0.00014054440348855432 0.0005356408895978658
toy_5_0.0_1.5707963267948966_3.9269908169872414.ecsv 0.08415777977643582 0.26124841024281137 -0.19140625 -1 0.05884400025024661 False 0.49322604121305014 0.2827077211146747 nan nan nan 0.03375504583641516 0.025579081434916884 0.008175964401498273 0.0005275331141480587 0.00014054440348855432 0.0005459339849054117
toy_5_0.0_1.5707963267948966_4.71238898038469.ecsv 0.11046511627906977 0.06163997077817212 -0.5243583181335061 1 -0.2741080678832595 False 0.5444268110024354 0.3583982994423641 nan nan nan 0.040483278582206746 0.025579081434916884 0.014904197147289862 0.0006383078389080903 0.00014054440348855432 0.0006535974499364806
toy_5_0.0_1.5707963267948966_5.497787143782138.ecsv 0.10465116279069768 0.08773764651239523 -0.6616107184025657 1 -0.311260368052219 False 0.5512226725378974 0.37582424022187927 nan nan nan 0.03776364362035325 0.025579081434916884 0.012184562185436364 0.0005639869227874817 0.00014054440348855432 0.0005812348737190898
toy_5_0.0_2.356194490192345_0.0.ecsv 0.08521778234613903 0.24838174088486983 0.29296875 -1 -0.05738160035035378 False 0.5471530690744381 0.3372489960905152 nan nan nan 0.03874178008046203 0.025579081434916884 0.013162698645545146 0.0005713255065451646 0.00014054440348855432 0.0005883583633985689
toy_5_0.0_2.356194490192345_0.7853981633974483.ecsv 0.07365411794937685 0.4147838886429397 -0.015625 -1 0.03442505005004648 False 0.5320428976674122 0.2932425318673612 nan nan nan 0.03867198171181114 0.025579081434916884 0.013092900276894255 0.000570405883333085 0.00014054440348855432 0.0005874654041668757
toy_5_0.0_2.356194490192345_1.5707963267948966.ecsv 0.1079275343697803 0.07207836486164758 -0.15625 -1 0.09400025025024661 False 0.4729133747266701 0.24463755885742322 nan nan nan 0.04215701551473405 0.025579081434916884 0.01657793407981717 0.0005213033031065625 0.00014054440348855432 0.0005399165335325138
toy_5_0.0_2.356194490192345_2.356194490192345.ecsv 0.0962996273930361 0.14090116584298623 -0.15625 -1 0.09400025025024661 False 0.5082771826325474 0.24406446282585628 nan nan nan 0.03957220197748602 0.025579081434916884 0.013993120542569133 0.0005888352139475813 0.00014054440348855432 0.0006053756177255964
toy_5_0.0_2.356194490192345_3.141592653589793.ecsv 0.12296029808557112 0.027059666427565857 0.08984375 -1 0.039793699949946415 False 0.533529627532268 0.2963070494124219 nan nan nan 0.04188978390509101 0.025579081434916884 0.016310702470174125 0.0005694749851430957 0.00014054440348855432 0.0005865615807872884
toy_5_0.0_2.356194490192345_3.9269908169872414.ecsv 0.07252987279969164 0.43395604432347895 -0.19140625 -1 0.05884400025024661 False 0.5136380109963247 0.248387699583129 nan nan nan 0.03694875355400401 0.025579081434916884 0.011369672119087126 0.0005636671677561073 0.00014054440348855432 0.0005809246124568533
toy_5_0.0_2.356194490192345_4.71238898038469.ecsv 0.09578568675318001 0.1448810673515843 -0.19140625 -1 0.05884400025024661 False 0.48676278510055804 0.23777553500986842 nan nan nan 0.03826733210920382 0.025579081434916884 0.012688250674286937 0.000634314883932506 0.00014054440348855432 0.0006496984695458826
toy_5_0.0_2.356194490192345_5.497787143782138.ecsv 0.054284980084800205 0.7831065754145998 0.34375 -1 -0.006600350350353779 False 0.548397334781598 0.2940858932777218 nan nan nan 0.035126641366679576 0.025579081434916884 0.009547559931762692 0.0006108667182857144 0.00014054440348855432 0.0006268260339688452
toy_5_0.0_3.141592653589793_0.0.ecsv 0.10256327894128228 0.09913244851436027 0.15625 -1 0.0060998498498463505 False 0.5672177849772878 0.37408498524997785 nan nan nan 0.03995480507856781 0.025579081434916884 0.014375723643650924 0.0005742266175986086 0.00014054440348855432 0.0005911758940541235
toy_5_0.0_3.141592653589793_0.7853981633974483.ecsv 0.1084735962996274 0.06970819870285248 0.29296875 -1 -0.05738160035035378 False 0.530960989322459 0.2679201261729499 nan nan nan 0.03911611429062369 0.025579081434916884 0.013537032855706808 0.0005992917904355657 0.00014054440348855432 0.0006155512809144496
toy_5_0.0_3.141592653589793_1.5707963267948966.ecsv 0.15084157779776436 0.003135263202065753 0.01953125 -1 0.16968140015014654 False 0.4334352476212311 0.19727710816099922 nan nan nan 0.04510139305517102 0.025579081434916884 0.019522311620254133 0.0005011265895019003 0.00014054440348855432 0.0005204618987570172
toy_5_0.0_3.141592653589793_2.356194490192345.ecsv 0.13699730181164074 0.009660101420237098 -0.15625 -1 0.09400025025024661 False 0.5213708132053406 0.23626901194447106 nan nan nan 0.043177415036875874 0.025579081434916884 0.01759833360195899 0.0005966816744278927 0.00014054440348855432 0.0006130103995447609
toy_5_0.0_3.141592653589793_3.141592653589793.ecsv 0.12581909289477067 0.02213841062935368 0.15625 -1 0.0060998498498463505 False 0.5607983077667359 0.334110222043777 nan nan nan 0.04360629680081089 0.025579081434916884 0.01802721536589401 0.0005749399262872551 0.00014054440348855432 0.0005918687761583204
toy_5_0.0_3.141592653589793_3.9269908169872414.ecsv 0.14171913144031864 0.0066620169315900835 -0.16796875 -1 0.08228150025024661 False 0.521138949418826 0.23415597910446773 nan nan nan 0.04303146914600195 0.025579081434916884 0.017452387711085066 0.0005976631820764516 0.00014054440348855432 0.0006139658040654245
toy_5_0.0_3.141592653589793_4.71238898038469.ecsv 0.15331491712707182 0.0025349990707799696 0.0234375 -1 0.17358765015014654 False 0.4334352476212311 0.19727710816099922 nan nan nan 0.04510139305517123 0.025579081434916884 0.01952231162025435 0.0005011265895019027 0.00014054440348855432 0.0005204618987570195
toy_5_0.0_3.141592653589793_5.497787143782138.ecsv 0.10661056148014904 0.07806101940650881 0.34375 -1 -0.006600350350353779 False 0.5337730963759877 0.2728824934172331 nan nan nan 0.03908212275806404 0.025579081434916884 0.013503041323147155 0.0005983205768398881 0.00014054440348855432 0.0006146057614617439
toy_5_0.0_3.9269908169872414_0.0.ecsv 0.11374148785815238 0.050097525210139195 -0.15625 -1 0.09400025025024661 False 0.5405507444279587 0.333692640715461 nan nan nan 0.04108116271462572 0.025579081434916884 0.015502081279708833 0.0005691262224462255 0.00014054440348855432 0.0005862229835377185
toy_5_0.0_3.9269908169872414_0.7853981633974483.ecsv 0.14342155980984198 0.005808813058059119 -0.015625 -1 0.13452515015014654 False 0.5248840022315338 0.26569920151769955 nan nan nan 0.04404564046029695 0.025579081434916884 0.018466559025380067 0.0005950192713990492 0.00014054440348855432 0.000611392396655543
toy_5_0.0_3.9269908169872414_1.5707963267948966.ecsv 0.1957471412051908 3.8312348431048216e-05 -0.015625 -1 0.2346252502502466 True 0.47619632773354564 0.20425258553647688 nan nan nan 0.05110764425971453 0.025579081434916884 0.025528562824797645 0.0005223823186311902 0.00014054440348855432 0.0005409584236985795
toy_5_0.0_3.9269908169872414_2.356194490192345.ecsv 0.19115379673647695 6.341204403034711e-05 -0.08203125 -1 0.1682190002502466 True 0.5256086243259893 0.24510381569899597 nan nan nan 0.04862902373911108 0.025579081434916884 0.023049942304194194 0.0005668497951407865 0.00014054440348855432 0.0005840132015657738
toy_5_0.0_3.9269908169872414_3.141592653589793.ecsv 0.14987793909803418 0.0034025291444502773 -0.05859375 -1 0.1916565002502466 False 0.541988042825794 0.3100153600998143 nan nan nan 0.04500867628868362 0.025579081434916884 0.01942959485376674 0.0005700506496733831 0.00014054440348855432 0.0005871204923565518
toy_5_0.0_3.9269908169872414_3.9269908169872414.ecsv 0.2101696004111525 7.270993294490677e-06 0.08984375 -1 0.13989380005004648 True 0.5575774922651215 0.268422793653282 nan nan nan 0.05156069587411208 0.025579081434916884 0.025981614439195194 0.0006054467792414885 0.00014054440348855432 0.0006215452773900268
toy_5_0.0_3.9269908169872414_4.71238898038469.ecsv 0.20335988693305923 1.6179621459254794e-05 0.1484375 -1 0.09838744994994642 True 0.5201486313033695 0.2338386988871009 nan nan nan 0.05715829749113851 0.025579081434916884 0.031579216056221625 0.0006481690357367165 0.00014054440348855432 0.0006632313534806829
toy_5_0.0_3.9269908169872414_5.497787143782138.ecsv 0.13179365283309777 0.014337374104251132 -0.015625 -1 0.13452515015014654 False 0.528037474867251 0.28717689464781543 nan nan nan 0.042101262166299114 0.025579081434916884 0.01652218073138223 0.0005584779905735829 0.00014054440348855432 0.0005758909578271398
toy_5_0.0_4.71238898038469_0.0.ecsv 0.16086342027495823 0.0012968718286619637 -0.015625 -1 0.13452515015014654 False 0.501789173792575 0.30469438056403697 nan nan nan 0.04529403320044931 0.025579081434916884 0.019714951765532424 0.0005194632760114029 0.00014054440348855432 0.0005381401531910182
toy_5_0.0_4.71238898038469_0.7853981633974483.ecsv 0.16947192599254787 0.000580350146285266 0.08984375 -1 0.13989380005004648 True 0.5021755401012653 0.2998193946437688 nan nan nan 0.04683392444907164 0.025579081434916884 0.021254843014154756 0.0005292983639651572 0.00014054440348855432 0.0005476399249946497
toy_5_0.0_4.71238898038469_1.5707963267948966.ecsv 0.18411923422844662 0.00013397583591047378 -0.015625 -1 0.2346252502502466 True 0.5053428106235045 0.2872214939519236 nan nan nan 0.049156198042560016 0.025579081434916884 0.023577116607643132 0.0005191172933553948 0.00014054440348855432 0.0005378061859188537
toy_5_0.0_4.71238898038469_2.356194490192345.ecsv 0.19272773994603623 5.3429877764413406e-05 0.08984375 -1 0.13989380005004648 True 0.5179892175160475 0.29107789192143296 nan nan nan 0.0497402743872807 0.025579081434916884 0.024161192952363818 0.0005384597799249433 0.00014054440348855432 0.0005564994734487824
toy_5_0.0_4.71238898038469_3.141592653589793.ecsv 0.19854169343440833 2.8028064552789312e-05 0.08984375 -1 0.13989380005004648 True 0.5225709957652491 0.29038573873071216 nan nan nan 0.05112514864417987 0.025579081434916884 0.025546067209262988 0.0005574835692353662 0.00014054440348855432 0.0005749266555999617
toy_5_0.0_4.71238898038469_3.9269908169872414.ecsv 0.20721444173197995 1.0323499594534322e-05 0.15625 -1 0.10619994994994642 True 0.5625180195537501 0.3553965931033891 nan nan nan 0.05156458235509636 0.025579081434916884 0.025985500920179476 0.0005655905760680919 0.00014054440348855432 0.0005827910681273261
toy_5_0.0_4.71238898038469_4.71238898038469.ecsv 0.21302839522035205 5.156624730908166e-06 0.15625 -1 0.10619994994994642 True 0.5637543243108384 0.35559954596286397 nan nan nan 0.05728226814864507 0.025579081434916884 0.03170318671372819 0.0006446228411129151 0.00014054440348855432 0.0006597661226801813
toy_5_0.0_4.71238898038469_5.497787143782138.ecsv 0.16773737633303354 0.0006847289839829277 -0.1640625 -1 0.18628785035034667 True 0.5174981928443437 0.32581743827663184 nan nan nan 0.04460476980810118 0.025579081434916884 0.019025688373184295 0.0005362716379597324 0.00014054440348855432 0.0005543825385345104
toy_5_0.0_5.497787143782138_0.0.ecsv 0.11374148785815238 0.050097525210139195 -0.15625 -1 0.09400025025024661 False 0.5405507444279587 0.333692640715461 nan nan nan 0.041081162714625724 0.025579081434916884 0.01550208127970884 0.0005691262224462255 0.00014054440348855432 0.0005862229835377185
toy_5_0.0_5.497787143782138_0.7853981633974483.ecsv 0.14342155980984198 0.005808813058059119 -0.015625 -1 0.13452515015014654 False 0.5248840022315338 0.26569920151769955 nan nan nan 0.044045640460296964 0.025579081434916884 0.01846655902538008 0.0005950192713990492 0.00014054440348855432 0.000611392396655543
toy_5_0.0_5.497787143782138_1.5707963267948966.ecsv 0.1957471412051908 3.8312348431048216e-05 -0.015625 -1 0.2346252502502466 True 0.47619632773354564 0.2042525855364769 nan nan nan 0.05110764425971453 0.025579081434916884 0.025528562824797645 0.0005223823186311902 0.00014054440348855432 0.0005409584236985795
toy_5_0.0_5.497787143782138_2.356194490192345.ecsv 0.19115379673647695 6.341204403034711e-05 -0.08203125 -1 0.1682190002502466 True 0.5256086243259893 0.24510381569899595 nan nan nan 0.04862902373911108 0.025579081434916884 0.023049942304194194 0.0005668497951407865 0.00014054440348855432 0.0005840132015657738
toy_5_0.0_5.497787143782138_3.141592653589793.ecsv 0.14987793909803418 0.0034025291444502773 -0.05859375 -1 0.1916565002502466 False 0.5419880428257939 0.3100153600998143 nan nan nan 0.04500867628868362 0.025579081434916884 0.01942959485376674 0.0005700506496733831 0.00014054440348855432 0.0005871204923565518
toy_5_0.0_5.497787143782138_3.9269908169872414.ecsv 0.2101696004111525 7.270993294490677e-06 0.08984375 -1 0.13989380005004648 True 0.5575774922651215 0.26842279365328203 nan nan nan 0.05156069587411207 0.025579081434916884 0.025981614439195187 0.0006054467792414884 0.00014054440348855432 0.0006215452773900267
toy_5_0.0_5.497787143782138_4.71238898038469.ecsv 0.20335988693305923 1.6179621459254794e-05 0.1484375 -1 0.09838744994994642 True 0.5201486313033696 0.23383869888710093 nan nan nan 0.05715829749113851 0.025579081434916884 0.031579216056221625 0.0006481690357367165 0.00014054440348855432 0.0006632313534806829
toy_5_0.0_5.497787143782138_5.497787143782138.ecsv 0.13179365283309777 0.014337374104251132 -0.015625 -1 0.13452515015014654 False 0.528037474867251 0.28717689464781543 nan nan nan 0.04210126216629913 0.025579081434916884 0.016522180731382244 0.0005584779905735828 0.00014054440348855432 0.0005758909578271398
toy_5_0.7853981633974483_0.0_0.0.ecsv 0.10619298471026596 0.08004405303858432 0.26171875 -1 0.011468499749746286 False 0.6085913876733351 0.4336716187387667 nan nan nan 0.03954073932377733 0.025579081434916884 0.013961657888860446 0.000598318940447661 0.00014054440348855432 0.0006146041684290509
