data_processed/toy_model/background_models/inner_3.ecsv
# %ECSV 1.0
# ---
# datatype:
# - {name: x, datatype: float64}
# - {name: y, datatype: float64}
# - {name: RM, datatype: float64}
# - {name: RM_uncert, datatype: float64}
# - {name: interpolation_raw, datatype: float64}
# - {name: interpolation_unc, datatype: float64}
# schema: astropy-2.0
x y RM RM_uncert interpolation_raw interpolation_unc
-1.383177570093458 0.6355140186915884 0.1171875 0.3423265984407288 0.0 0.0
0.9345794392523361 0.03738317757009302 0.40234375 0.6343057228182637 0.0 0.0
-0.22429906542056077 -1.2710280373831777 0.30078125 0.5484352742120077 0.0 0.0
1.08411214953271 0.8598130841121492 0.3671875 0.6059599821770412 0.0 0.0
1.6448598130841123 -0.22429906542056077 -0.11328125 0.3365728004459065 0.0 0.0
0.8971962616822431 -0.7850467289719627 0.2890625 0.5376453291901642 0.0 0.0
-0.7102803738317758 -0.7102803738317758 0.36328125 0.6027281725620597 0.0 0.0
-1.1962616822429908 0.3738317757009346 0.33984375 0.582961190818051 0.0 0.0
-0.1869158878504673 0.5233644859813085 0.3359375 0.5796011559684815 0.0 0.0
-0.03738317757009346 0.3738317757009346 0.3359375 0.5796011559684815 0.0 0.0
-0.5607476635514019 -1.3084112149532712 0.2109375 0.4592793267718459 0.0 0.0
-0.26168224299065423 0.14953271028037385 -0.1171875 0.3423265984407288 0.0 0.0
-1.6448598130841123 0.7476635514018692 0.3203125 0.5659615711335886 0.0 0.0
-1.0093457943925235 -1.457943925233645 0.10546875 0.3247595264191645 0.0 0.0
0.6728971962616823 1.3084112149532707 0.34765625 0.5896238207535377 0.0 0.0
0.03738317757009302 -0.6355140186915889 0.30859375 0.5555121510822243 0.0 0.0
0.44859813084112155 1.2710280373831777 0.28515625 0.5340002340823456 0.0 0.0
1.1214953271028039 -0.6728971962616823 0.11328125 0.3365728004459065 0.0 0.0
-0.5607476635514019 -1.869158878504673 0.203125 0.45069390943299864 0.0 0.0
-0.44859813084112155 -1.869158878504673 -0.22265625 0.47186465220442186 0.0 0.0
-0.3738317757009346 0.6728971962616823 0.27734375 0.5266343608235224 0.0 0.0
1.009345794392523 0.0 0.296875 0.5448623679425842 0.0 0.0
0.14953271028037385 -1.3084112149532712 -0.0234375 0.15309310892394862 0.0 0.0
0.6728971962616823 -1.5700934579439254 0.40234375 0.6343057228182637 0.0 0.0
0.44859813084112155 -0.2990654205607477 0.23828125 0.4881406047441659 0.0 0.0
0.2990654205607477 1.869158878504673 -0.1640625 0.4050462936504913 0.0 0.0
-1.046728971962617 0.44859813084112155 0.17578125 0.4192627457812106 0.0 0.0
-0.2990654205607477 1.4953271028037385 -0.23828125 0.4881406047441659 0.0 0.0
0.5607476635514015 -0.33644859813084116 0.37109375 0.6091746465505602 0.0 0.0
-1.7570093457943927 -0.14953271028037385 -0.12109375 0.34798527267687634 0.0 0.0
0.41121495327102764 -1.6822429906542058 -0.31640625 0.5625 0.0 0.0
0.14953271028037385 -0.11214953271028039 0.2265625 0.4759858191164943 0.0 0.0
-0.14953271028037385 -1.4953271028037385 -0.22265625 0.47186465220442186 0.0 0.0
1.4953271028037385 0.0 0.328125 0.57282196186948 0.0 0.0
0.44859813084112155 -1.457943925233645 -0.015625 0.125 0.0 0.0
-1.4953271028037385 -1.046728971962617 0.33984375 0.582961190818051 0.0 0.0
0.8598130841121492 -0.5233644859813085 0.22265625 0.47186465220442186 0.0 0.0
-0.8224299065420562 -0.11214953271028039 0.25 0.5 0.0 0.0
1.869158878504673 0.7102803738317753 0.0546875 0.23385358667337133 0.0 0.0
-0.7850467289719627 -0.44859813084112155 0.37890625 0.6155536126122565 0.0 0.0
0.5233644859813085 1.1962616822429908 0.0390625 0.19764235376052372 0.0 0.0
1.5700934579439254 0.18691588785046687 0.2109375 0.4592793267718459 0.0 0.0
1.7196261682242993 -0.1869158878504673 0.30859375 0.5555121510822243 0.0 0.0
-1.1588785046728973 0.22429906542056077 0.32421875 0.5694020986965187 0.0 0.0
-0.97196261682243 -1.383177570093458 0.1171875 0.3423265984407288 0.0 0.0
-1.7196261682242993 0.22429906542056077 0.4140625 0.6434768838116876 0.0 0.0
1.5327102803738315 -0.33644859813084116 0.37890625 0.6155536126122565 0.0 0.0
-1.8317757009345796 -0.7476635514018692 0.24609375 0.49607837082461076 0.0 0.0
-0.2990654205607477 -0.8598130841121496 -0.015625 0.125 0.0 0.0
-1.6448598130841123 -0.97196261682243 0.1875 0.4330127018922193 0.0 0.0
-1.2336448598130842 0.48598130841121456 0.1953125 0.4419417382415922 0.0 0.0
-0.3738317757009346 -0.5981308411214954 0.20703125 0.4550068680800324 0.0 0.0
0.3364485981308407 1.6448598130841123 -0.1796875 0.42389562394532926 0.0 0.0
-0.14953271028037385 -0.22429906542056077 0.38671875 0.6218671481916375 0.0 0.0
-0.8598130841121496 1.1588785046728969 0.2890625 0.5376453291901642 0.0 0.0
0.3738317757009346 1.5327102803738315 -0.44140625 0.6643841132959156 0.0 0.0
-0.7102803738317758 -1.7570093457943927 0.3203125 0.5659615711335886 0.0 0.0
-1.532710280373832 -0.7850467289719627 0.296875 0.5448623679425842 0.0 0.0
-0.26168224299065423 -1.1588785046728973 0.36328125 0.6027281725620597 0.0 0.0
-0.485981308411215 -1.046728971962617 -0.19921875 0.44633927678392815 0.0 0.0
-0.8971962616822431 0.14953271028037385 0.046875 0.21650635094610965 0.0 0.0
-1.3084112149532712 0.6728971962616823 0.234375 0.4841229182759271 0.0 0.0
-0.8971962616822431 1.2710280373831777 -0.26953125 0.5191639914323797 0.0 0.0
1.4205607476635516 0.6728971962616823 -0.08203125 0.28641098093474 0.0 0.0
0.18691588785046687 -0.3738317757009346 0.3671875 0.6059599821770412 0.0 0.0
-1.1214953271028039 -0.14953271028037385 0.34765625 0.5896238207535377 0.0 0.0
-1.4953271028037385 0.8971962616822431 0.39453125 0.6281172263200556 0.0 0.0
-0.7476635514018692 0.5233644859813085 0.1875 0.4330127018922193 0.0 0.0
-0.7476635514018692 1.3084112149532707 -0.37109375 0.6091746465505602 0.0 0.0
-1.7570093457943927 -0.07476635514018692 0.39453125 0.6281172263200556 0.0 0.0
0.0 -1.9813084112149535 0.1171875 0.3423265984407288 0.0 0.0
1.3084112149532707 -1.1214953271028039 0.29296875 0.5412658773652742 0.0 0.0
-0.97196261682243 0.0 0.08203125 0.28641098093474 0.0 0.0
-0.03738317757009346 0.41121495327102764 -0.1171875 0.3423265984407288 0.0 0.0
-0.33644859813084116 -1.8317757009345796 0.1796875 0.42389562394532926 0.0 0.0
0.18691588785046687 -0.14953271028037385 0.3515625 0.5929270612815711 0.0 0.0
-0.5981308411214954 -1.0841121495327104 -0.32421875 0.5694020986965187 0.0 0.0
0.48598130841121456 0.2990654205607477 0.3984375 0.6312190586476298 0.0 0.0
0.22429906542056077 -0.485981308411215 -0.21875 0.46770717334674267 0.0 0.0
-1.0841121495327104 -0.8224299065420562 0.3203125 0.5659615711335886 0.0 0.0
0.3738317757009346 -0.485981308411215 -0.05078125 0.22534695471649932 0.0 0.0
-0.2990654205607477 -1.3457943925233646 0.3828125 0.6187184335382291 0.0 0.0
0.3738317757009346 1.2336448598130838 0.05078125 0.22534695471649932 0.0 0.0
0.7476635514018692 -0.7476635514018692 0.3515625 0.5929270612815711 0.0 0.0
-1.3084112149532712 1.4579439252336446 0.34375 0.5863019699779287 0.0 0.0
0.0 0.41121495327102764 -0.30078125 0.5484352742120077 0.0 0.0
-0.03738317757009346 -1.046728971962617 0.10546875 0.3247595264191645 0.0 0.0
0.07476635514018692 1.4579439252336446 0.375 0.6123724356957945 0.0 0.0
1.1962616822429908 1.2336448598130838 -0.140625 0.375 0.0 0.0
1.2336448598130838 -0.5981308411214954 -0.1640625 0.4050462936504913 0.0 0.0
-1.0093457943925235 -0.9345794392523366 0.328125 0.57282196186948 0.0 0.0
1.7943925233644862 0.14953271028037385 0.15625 0.39528470752104744 0.0 0.0
1.2710280373831777 -1.046728971962617 -0.265625 0.5153882032022076 0.0 0.0
-1.0093457943925235 0.7476635514018692 0.2890625 0.5376453291901642 0.0 0.0
-0.485981308411215 -1.1962616822429908 0.1640625 0.4050462936504913 0.0 0.0
0.03738317757009302 0.2616822429906538 0.0703125 0.2651650429449553 0.0 0.0
1.5700934579439254 0.11214953271027994 0.234375 0.4841229182759271 0.0 0.0
-0.07476635514018692 0.5981308411214954 0.1875 0.4330127018922193 0.0 0.0
-0.8598130841121496 1.1214953271028039 0.27734375 0.5266343608235224 0.0 0.0
0.03738317757009302 0.22429906542056077 -0.22265625 0.47186465220442186 0.0 0.0
1.2710280373831777 -0.485981308411215 0.3359375 0.5796011559684815 0.0 0.0
0.8224299065420562 0.5607476635514015 -0.1328125 0.3644344934278313 0.0 0.0
-1.1962616822429908 -1.2336448598130842 -0.0703125 0.2651650429449553 0.0 0.0
-0.7102803738317758 -0.5981308411214954 0.21484375 0.46351240544347894 0.0 0.0
-0.07476635514018692 -1.7570093457943927 0.3125 0.5590169943749475 0.0 0.0
1.5700934579439254 1.1588785046728969 -0.3125 0.5590169943749475 0.0 0.0
-0.4112149532710281 0.7102803738317753 0.2890625 0.5376453291901642 0.0 0.0
0.97196261682243 0.6728971962616823 0.34765625 0.5896238207535377 0.0 0.0
1.046728971962617 0.03738317757009302 0.37890625 0.6155536126122565 0.0 0.0
-0.7102803738317758 -0.3738317757009346 0.20703125 0.4550068680800324 0.0 0.0
-0.3738317757009346 -0.5607476635514019 0.09375 0.30618621784789724 0.0 0.0
0.8224299065420562 0.8971962616822431 -0.18359375 0.42847841252506524 0.0 0.0
-1.1214953271028039 1.5700934579439254 0.37109375 0.6091746465505602 0.0 0.0
-1.457943925233645 -0.8971962616822431 0.359375 0.5994789404140899 0.0 0.0
-1.1962616822429908 0.5981308411214954 0.15234375 0.3903123748998999 0.0 0.0
0.18691588785046687 1.08411214953271 0.25 0.5 0.0 0.0
1.009345794392523 1.7196261682242993 0.328125 0.57282196186948 0.0 0.0
1.4953271028037385 -0.03738317757009346 0.328125 0.57282196186948 0.0 0.0
0.41121495327102764 0.07476635514018692 0.359375 0.5994789404140899 0.0 0.0
0.9345794392523361 1.1962616822429908 0.30078125 0.5484352742120077 0.0 0.0
1.3084112149532707 1.009345794392523 -0.08203125 0.28641098093474 0.0 0.0
0.5607476635514015 0.5607476635514015 0.24609375 0.49607837082461076 0.0 0.0
-1.457943925233645 0.22429906542056077 0.43359375 0.6584783595532961 0.0 0.0
1.4579439252336446 1.2336448598130838 0.078125 0.2795084971874737 0.0 0.0
-1.1962616822429908 -0.2990654205607477 0.38671875 0.6218671481916375 0.0 0.0
1.3457943925233646 -0.22429906542056077 0.421875 0.649519052838329 0.0 0.0
-0.5233644859813085 0.07476635514018692 0.0859375 0.29315098498896436 0.0 0.0
0.0 1.2710280373831777 0.1328125 0.3644344934278313 0.0 0.0
-0.3738317757009346 0.2616822429906538 0.25 0.5 0.0 0.0
-1.1214953271028039 0.18691588785046687 0.2265625 0.4759858191164943 0.0 0.0
-1.0093457943925235 1.7196261682242993 0.375 0.6123724356957945 0.0 0.0
0.5607476635514015 -0.7102803738317758 -0.27734375 0.5266343608235224 0.0 0.0
1.3084112149532707 -0.8598130841121496 0.3359375 0.5796011559684815 0.0 0.0
0.8224299065420562 1.4579439252336446 0.3984375 0.6312190586476298 0.0 0.0
1.1214953271028039 0.5607476635514015 0.21875 0.46770717334674267 0.0 0.0
1.1588785046728969 1.1962616822429908 0.25 0.5 0.0 0.0
0.48598130841121456 1.9065420560747661 0.22265625 0.47186465220442186 0.0 0.0
-0.1869158878504673 0.5981308411214954 0.33984375 0.582961190818051 0.0 0.0
-0.6355140186915889 0.3738317757009346 0.2734375 0.5229125165837972 0.0 0.0
-1.5700934579439254 1.046728971962617 0.4140625 0.6434768838116876 0.0 0.0
1.7570093457943923 -0.6355140186915889 -0.15234375 0.3903123748998999 0.0 0.0
-0.7102803738317758 -0.03738317757009346 0.3828125 0.6187184335382291 0.0 0.0
-1.532710280373832 0.14953271028037385 -0.26171875 0.5115845482420281 0.0 0.0
-0.7102803738317758 -1.383177570093458 0.1484375 0.385275875185561 0.0 0.0
-1.1588785046728973 -0.6728971962616823 0.39453125 0.6281172263200556 0.0 0.0
-1.457943925233645 -0.07476635514018692 0.41796875 0.6465050270492876 0.0 0.0
-1.0841121495327104 0.5607476635514015 0.26171875 0.5115845482420281 0.0 0.0
-0.14953271028037385 -0.1869158878504673 0.29296875 0.5412658773652742 0.0 0.0
0.03738317757009302 1.3831775700934577 0.2265625 0.4759858191164943 0.0 0.0
1.3084112149532707 0.7102803738317753 0.37109375 0.6091746465505602 0.0 0.0
-1.1962616822429908 0.2990654205607477 0.11328125 0.3365728004459065 0.0 0.0
1.046728971962617 -0.2990654205607477 0.3359375 0.5796011559684815 0.0 0.0
-1.1214953271028039 1.4579439252336446 0.34765625 0.5896238207535377 0.0 0.0
0.3364485981308407 1.6822429906542054 -0.0859375 0.29315098498896436 0.0 0.0
0.8224299065420562 -0.5233644859813085 0.328125 0.57282196186948 0.0 0.0
1.2336448598130838 -1.3084112149532712 0.10546875 0.3247595264191645 0.0 0.0
1.6074766355140184 -0.5233644859813085 -0.1484375 0.385275875185561 0.0 0.0
-0.44859813084112155 -0.11214953271028039 -0.12890625 0.3590351654086268 0.0 0.0
0.03738317757009302 -1.2710280373831777 0.08203125 0.28641098093474 0.0 0.0
-1.3457943925233646 1.1588785046728969 0.3515625 0.5929270612815711 0.0 0.0
0.3364485981308407 1.1962616822429908 -0.1796875 0.42389562394532926 0.0 0.0
1.8317757009345792 -0.44859813084112155 0.2109375 0.4592793267718459 0.0 0.0
-1.0093457943925235 1.6074766355140184 0.390625 0.625 0.0 0.0
-0.33644859813084116 -1.4953271028037385 0.09765625 0.3125 0.0 0.0
-0.6355140186915889 -1.7943925233644862 0.3359375 0.5796011559684815 0.0 0.0
0.2990654205607477 0.6355140186915884 -0.15234375 0.3903123748998999 0.0 0.0
-0.5981308411214954 -1.6074766355140189 0.33203125 0.5762215285808054 0.0 0.0
-1.046728971962617 -0.9345794392523366 0.30078125 0.5484352742120077 0.0 0.0
0.03738317757009302 0.11214953271027994 0.171875 0.414578098794425 0.0 0.0
-0.97196261682243 -1.1588785046728973 0.40234375 0.6343057228182637 0.0 0.0
0.18691588785046687 -1.7196261682242993 -0.3671875 0.6059599821770412 0.0 0.0
1.3831775700934577 -0.7476635514018692 0.11328125 0.3365728004459065 0.0 0.0
-0.7476635514018692 1.6074766355140184 0.01171875 0.10825317547305482 0.0 0.0
-0.33644859813084116 -0.2990654205607477 0.1328125 0.3644344934278313 0.0 0.0
-0.6355140186915889 -1.6448598130841123 0.24609375 0.49607837082461076 0.0 0.0
-0.03738317757009346 -1.6822429906542058 0.4140625 0.6434768838116876 0.0 0.0
-0.14953271028037385 0.48598130841121456 -0.03125 0.1767766952966369 0.0 0.0
-0.6355140186915889 -0.22429906542056077 0.37109375 0.6091746465505602 0.0 0.0
0.6728971962616823 1.009345794392523 0.203125 0.45069390943299864 0.0 0.0
1.08411214953271 0.7102803738317753 0.20703125 0.4550068680800324 0.0 0.0
1.08411214953271 0.0 0.3046875 0.5519850541454905 0.0 0.0
-0.5981308411214954 0.44859813084112155 0.05078125 0.22534695471649932 0.0 0.0
-1.383177570093458 -1.2336448598130842 0.38671875 0.6218671481916375 0.0 0.0
-1.3457943925233646 0.6355140186915884 -0.05078125 0.22534695471649932 0.0 0.0
-0.7476635514018692 0.0 0.28515625 0.5340002340823456 0.0 0.0
1.9065420560747661 -0.5233644859813085 0.33203125 0.5762215285808054 0.0 0.0
-0.3738317757009346 1.94392523364486 -0.0703125 0.2651650429449553 0.0 0.0
-1.1214953271028039 1.046728971962617 0.3671875 0.6059599821770412 0.0 0.0
-0.3738317757009346 -0.3738317757009346 -0.03125 0.1767766952966369 0.0 0.0
-1.6448598130841123 0.11214953271027994 0.02734375 0.16535945694153692 0.0 0.0
1.4205607476635516 0.7476635514018692 0.3671875 0.6059599821770412 0.0 0.0
-1.6822429906542058 0.3364485981308407 0.37109375 0.6091746465505602 0.0 0.0
-0.3738317757009346 -1.383177570093458 0.0 0.0 0.0 0.0
1.046728971962617 -0.8971962616822431 0.34375 0.5863019699779287 0.0 0.0
0.8971962616822431 -1.0841121495327104 0.08984375 0.29973947020704494 0.0 0.0
1.046728971962617 -0.8224299065420562 0.375 0.6123724356957945 0.0 0.0
1.046728971962617 0.6355140186915884 0.27734375 0.5266343608235224 0.0 0.0
0.22429906542056077 -1.5700934579439254 -0.390625 0.625 0.0 0.0
-0.97196261682243 0.41121495327102764 -0.12109375 0.34798527267687634 0.0 0.0
