data_processed/toy_model/background_models/inner_2.ecsv
# %ECSV 1.0
# ---
# datatype:
# - {name: x, datatype: float64}
# - {name: y, datatype: float64}
# - {name: RM, datatype: float64}
# - {name: RM_uncert, datatype: float64}
# - {name: interpolation_raw, datatype: float64}
# - {name: interpolation_unc, datatype: float64}
# schema: astropy-2.0
x y RM RM_uncert interpolation_raw interpolation_unc
0.18691588785046687 -0.11214953271028039 0.296875 0.5448623679425842 0.0 0.0
0.5233644859813085 1.1214953271028039 0.03515625 0.1875 0.0 0.0
-0.8598130841121496 0.7102803738317753 0.484375 0.6959705453537527 0.0 0.0
1.4579439252336446 1.046728971962617 -0.25390625 0.5038911092686593 0.0 0.0
-0.5233644859813085 0.5233644859813085 0.34765625 0.5896238207535377 0.0 0.0
-0.5607476635514019 -0.5233644859813085 0.4921875 0.701560760020114 0.0 0.0
1.9065420560747661 -0.3738317757009346 0.3671875 0.6059599821770412 0.0 0.0
0.03738317757009302 1.6448598130841123 0.3203125 0.5659615711335886 0.0 0.0
-1.869158878504673 -0.07476635514018692 0.3203125 0.5659615711335886 0.0 0.0
-1.3457943925233646 1.1214953271028039 0.45703125 0.676040864149498 0.0 0.0
-0.26168224299065423 -1.2336448598130842 0.5234375 0.7234898064243891 0.0 0.0
0.7850467289719623 1.6822429906542054 0.44921875 0.6702378309227255 0.0 0.0
-1.1962616822429908 -0.3738317757009346 0.484375 0.6959705453537527 0.0 0.0
0.7102803738317753 1.869158878504673 -0.14453125 0.3801726581436387 0.0 0.0
-1.3457943925233646 1.4579439252336446 0.4921875 0.701560760020114 0.0 0.0
1.3084112149532707 -1.2336448598130842 0.44921875 0.6702378309227255 0.0 0.0
0.44859813084112155 0.8598130841121492 -0.29296875 0.5412658773652742 0.0 0.0
-0.9345794392523366 0.0 0.1875 0.4330127018922193 0.0 0.0
-0.11214953271028039 0.6355140186915884 0.46875 0.6846531968814576 0.0 0.0
-1.9065420560747666 0.5607476635514015 0.45703125 0.676040864149498 0.0 0.0
-0.22429906542056077 -1.4205607476635516 0.47265625 0.6875 0.0 0.0
-1.383177570093458 0.44859813084112155 0.421875 0.649519052838329 0.0 0.0
-0.33644859813084116 1.5327102803738315 -0.06640625 0.2576941016011038 0.0 0.0
-1.4205607476635516 0.48598130841121456 0.46875 0.6846531968814576 0.0 0.0
1.08411214953271 -1.0093457943925235 0.43359375 0.6584783595532961 0.0 0.0
0.14953271028037385 0.6355140186915884 -0.015625 0.125 0.0 0.0
0.07476635514018692 -0.6728971962616823 0.30859375 0.5555121510822243 0.0 0.0
0.7476635514018692 -1.4205607476635516 0.40625 0.6373774391990981 0.0 0.0
0.3364485981308407 -0.33644859813084116 0.26171875 0.5115845482420281 0.0 0.0
-1.0841121495327104 -0.3738317757009346 0.3515625 0.5929270612815711 0.0 0.0
0.0 1.6822429906542054 0.546875 0.739509972887452 0.0 0.0
1.2710280373831777 1.1214953271028039 -0.06640625 0.2576941016011038 0.0 0.0
1.6074766355140184 0.14953271028037385 0.36328125 0.6027281725620597 0.0 0.0
1.7570093457943923 0.2616822429906538 0.37109375 0.6091746465505602 0.0 0.0
-0.97196261682243 -0.22429906542056077 0.47265625 0.6875 0.0 0.0
1.4205607476635516 0.6355140186915884 0.15625 0.39528470752104744 0.0 0.0
-1.1962616822429908 0.14953271028037385 0.26953125 0.5191639914323797 0.0 0.0
0.5233644859813085 -0.33644859813084116 0.48828125 0.6987712429686843 0.0 0.0
1.5327102803738315 0.5233644859813085 0.5390625 0.7342087577794206 0.0 0.0
0.5607476635514015 -1.0093457943925235 0.47265625 0.6875 0.0 0.0
0.7476635514018692 1.2710280373831777 0.46484375 0.6817945071647321 0.0 0.0
1.5700934579439254 -1.1588785046728973 0.28515625 0.5340002340823456 0.0 0.0
-0.22429906542056077 0.7850467289719623 0.2734375 0.5229125165837972 0.0 0.0
