data_processed/toy_model/background_models/inner_4.ecsv
# %ECSV 1.0
# ---
# datatype:
# - {name: x, datatype: float64}
# - {name: y, datatype: float64}
# - {name: RM, datatype: float64}
# - {name: RM_uncert, datatype: float64}
# - {name: interpolation_raw, datatype: float64}
# - {name: interpolation_unc, datatype: float64}
# schema: astropy-2.0
x y RM RM_uncert interpolation_raw interpolation_unc
-0.07476635514018692 -1.1588785046728973 0.29296875 0.5412658773652742 0.0 0.0
0.5607476635514015 -0.26168224299065423 0.28125 0.5303300858899106 0.0 0.0
1.7943925233644862 -0.7102803738317758 -0.2109375 0.4592793267718459 0.0 0.0
0.44859813084112155 -0.5981308411214954 -0.34375 0.5863019699779287 0.0 0.0
1.6448598130841123 -0.33644859813084116 0.34375 0.5863019699779287 0.0 0.0
1.046728971962617 0.7476635514018692 0.11328125 0.3365728004459065 0.0 0.0
1.981308411214953 -0.1869158878504673 0.21484375 0.46351240544347894 0.0 0.0
-0.7850467289719627 1.6822429906542054 0.359375 0.5994789404140899 0.0 0.0
1.2710280373831777 -0.7102803738317758 -0.15625 0.39528470752104744 0.0 0.0
0.97196261682243 -0.5607476635514019 -0.03125 0.1767766952966369 0.0 0.0
1.1962616822429908 0.8598130841121492 0.390625 0.625 0.0 0.0
-0.8971962616822431 -1.6822429906542058 0.12109375 0.34798527267687634 0.0 0.0
0.41121495327102764 1.6822429906542054 -0.04296875 0.2072890493972125 0.0 0.0
-0.44859813084112155 -1.457943925233645 0.34375 0.5863019699779287 0.0 0.0
1.8317757009345792 -0.33644859813084116 0.3984375 0.6312190586476298 0.0 0.0
1.009345794392523 1.08411214953271 0.16796875 0.409839907768875 0.0 0.0
0.2616822429906538 -1.046728971962617 0.3359375 0.5796011559684815 0.0 0.0
-1.9065420560747666 0.2990654205607477 0.40234375 0.6343057228182637 0.0 0.0
-0.7476635514018692 1.1214953271028039 0.29296875 0.5412658773652742 0.0 0.0
-0.7476635514018692 -0.7102803738317758 0.390625 0.625 0.0 0.0
1.08411214953271 0.8224299065420562 0.18359375 0.42847841252506524 0.0 0.0
-0.26168224299065423 0.6728971962616823 0.35546875 0.596212000885591 0.0 0.0
-0.5233644859813085 1.08411214953271 0.23046875 0.480071609241788 0.0 0.0
0.8971962616822431 1.1214953271028039 0.2265625 0.4759858191164943 0.0 0.0
-0.6728971962616823 0.2990654205607477 0.375 0.6123724356957945 0.0 0.0
-0.1869158878504673 -1.3084112149532712 0.37109375 0.6091746465505602 0.0 0.0
-0.11214953271028039 1.1214953271028039 -0.1484375 0.385275875185561 0.0 0.0
-0.8598130841121496 1.7570093457943923 0.3984375 0.6312190586476298 0.0 0.0
-1.94392523364486 -0.3738317757009346 -0.0703125 0.2651650429449553 0.0 0.0
-1.1962616822429908 1.5327102803738315 0.37109375 0.6091746465505602 0.0 0.0
-1.3084112149532712 1.1962616822429908 0.30859375 0.5555121510822243 0.0 0.0
-0.6728971962616823 1.5700934579439254 0.17578125 0.4192627457812106 0.0 0.0
0.18691588785046687 0.2616822429906538 0.33203125 0.5762215285808054 0.0 0.0
0.5607476635514015 -0.4112149532710281 0.33203125 0.5762215285808054 0.0 0.0
-0.44859813084112155 1.1214953271028039 0.28125 0.5303300858899106 0.0 0.0
-0.8224299065420562 -1.7196261682242993 -0.07421875 0.2724311839712921 0.0 0.0
0.5981308411214954 -0.4112149532710281 0.1796875 0.42389562394532926 0.0 0.0
1.009345794392523 -1.3084112149532712 0.2890625 0.5376453291901642 0.0 0.0
1.1962616822429908 -0.3738317757009346 -0.25 0.5 0.0 0.0
-0.8971962616822431 -0.14953271028037385 0.10546875 0.3247595264191645 0.0 0.0
1.3084112149532707 -1.2710280373831777 0.0078125 0.08838834764831845 0.0 0.0
0.9345794392523361 -1.457943925233645 0.37890625 0.6155536126122565 0.0 0.0
1.6074766355140184 -0.5981308411214954 -0.13671875 0.369754986443726 0.0 0.0
0.44859813084112155 1.6074766355140184 -0.03515625 0.1875 0.0 0.0
0.14953271028037385 -1.532710280373832 0.1953125 0.4419417382415922 0.0 0.0
0.5981308411214954 0.0 0.34375 0.5863019699779287 0.0 0.0
1.4953271028037385 0.03738317757009302 0.1953125 0.4419417382415922 0.0 0.0
-1.6074766355140189 1.046728971962617 0.30859375 0.5555121510822243 0.0 0.0
0.14953271028037385 -0.7102803738317758 0.33984375 0.582961190818051 0.0 0.0
-1.3084112149532712 -0.3738317757009346 0.35546875 0.596212000885591 0.0 0.0
-1.1962616822429908 -0.8224299065420562 0.19921875 0.44633927678392815 0.0 0.0
-0.44859813084112155 0.07476635514018692 -0.12109375 0.34798527267687634 0.0 0.0
-0.26168224299065423 0.6355140186915884 0.3984375 0.6312190586476298 0.0 0.0
-0.11214953271028039 -0.03738317757009346 0.37109375 0.6091746465505602 0.0 0.0
1.4953271028037385 -1.1214953271028039 -0.23828125 0.4881406047441659 0.0 0.0
0.5233644859813085 0.03738317757009302 0.33984375 0.582961190818051 0.0 0.0
0.9345794392523361 0.5607476635514015 0.23828125 0.4881406047441659 0.0 0.0
1.08411214953271 -0.485981308411215 -0.2265625 0.4759858191164943 0.0 0.0
0.0 -1.532710280373832 0.375 0.6123724356957945 0.0 0.0
0.7850467289719623 -1.532710280373832 0.08203125 0.28641098093474 0.0 0.0
0.8224299065420562 -0.03738317757009346 0.3671875 0.6059599821770412 0.0 0.0
-0.3738317757009346 0.5981308411214954 0.203125 0.45069390943299864 0.0 0.0
-0.9345794392523366 1.046728971962617 0.375 0.6123724356957945 0.0 0.0
0.6728971962616823 -1.7196261682242993 0.37109375 0.6091746465505602 0.0 0.0
-0.6728971962616823 1.5327102803738315 -0.15625 0.39528470752104744 0.0 0.0
1.4953271028037385 -0.4112149532710281 0.19140625 0.4375 0.0 0.0
0.3364485981308407 0.7476635514018692 0.23046875 0.480071609241788 0.0 0.0
-1.0841121495327104 -0.44859813084112155 0.1953125 0.4419417382415922 0.0 0.0
1.1962616822429908 -0.485981308411215 0.3671875 0.6059599821770412 0.0 0.0
-0.5607476635514019 0.2990654205607477 0.11328125 0.3365728004459065 0.0 0.0
