data_processed/toy_model/background_models/outer_2.ecsv
# %ECSV 1.0
# ---
# datatype:
# - {name: x, datatype: float64}
# - {name: y, datatype: float64}
# - {name: RM, datatype: float64}
# - {name: RM_uncert, datatype: float64}
# - {name: interpolation_raw, datatype: float64}
# - {name: interpolation_unc, datatype: float64}
# schema: astropy-2.0
x y RM RM_uncert interpolation_raw interpolation_unc
2.841121495327103 -0.33644859813084116 0.52734375 0.7261843774138906 0.0 0.0
-2.05607476635514 -1.94392523364486 0.2578125 0.5077524002897476 0.0 0.0
-0.6355140186915889 -2.5046728971962615 0.28125 0.5303300858899106 0.0 0.0
2.2803738317757007 -1.532710280373832 -0.0703125 0.2651650429449553 0.0 0.0
-2.3925233644859816 3.102803738317757 0.44140625 0.6643841132959156 0.0 0.0
-1.4205607476635516 1.7570093457943923 0.40625 0.6373774391990981 0.0 0.0
-0.2990654205607477 2.766355140186916 0.39453125 0.6281172263200556 0.0 0.0
-0.5981308411214954 -2.3925233644859816 -0.09375 0.30618621784789724 0.0 0.0
3.7009345794392523 2.6915887850467293 0.23828125 0.4881406047441659 0.0 0.0
0.5981308411214954 -2.6168224299065423 0.38671875 0.6218671481916375 0.0 0.0
0.07476635514018692 -3.850467289719626 0.1953125 0.4419417382415922 0.0 0.0
2.6168224299065423 3.2897196261682247 0.3828125 0.6187184335382291 0.0 0.0
2.2429906542056077 0.8224299065420562 -0.26171875 0.5115845482420281 0.0 0.0
-2.5794392523364484 -3.588785046728972 -0.13671875 0.369754986443726 0.0 0.0
3.813084112149533 3.02803738317757 0.52734375 0.7261843774138906 0.0 0.0
-1.8317757009345796 -3.4766355140186915 -0.31640625 0.5625 0.0 0.0
-3.02803738317757 -0.9345794392523366 0.46484375 0.6817945071647321 0.0 0.0
1.981308411214953 1.6448598130841123 0.40234375 0.6343057228182637 0.0 0.0
-3.7383177570093458 1.4205607476635516 0.25 0.5 0.0 0.0
-3.102803738317757 -1.3457943925233646 0.21875 0.46770717334674267 0.0 0.0
3.02803738317757 -0.97196261682243 0.40625 0.6373774391990981 0.0 0.0
2.168224299065421 -3.663551401869159 0.43359375 0.6584783595532961 0.0 0.0
3.5887850467289724 3.4766355140186915 0.44140625 0.6643841132959156 0.0 0.0
2.6542056074766354 -1.383177570093458 -0.10546875 0.3247595264191645 0.0 0.0
-3.7009345794392523 2.7289719626168223 0.09375 0.30618621784789724 0.0 0.0
3.140186915887851 -1.4205607476635516 -0.03125 0.1767766952966369 0.0 0.0
3.177570093457944 1.2336448598130838 0.5 0.7071067811865476 0.0 0.0
2.5420560747663554 -0.6728971962616823 0.11328125 0.3365728004459065 0.0 0.0
-1.1962616822429908 2.953271028037383 0.09765625 0.3125 0.0 0.0
2.803738317757009 -0.14953271028037385 0.21484375 0.46351240544347894 0.0 0.0
-3.9626168224299065 1.3457943925233646 0.53125 0.7288689868556626 0.0 0.0
-3.663551401869159 0.8598130841121492 0.15234375 0.3903123748998999 0.0 0.0
-3.3271028037383177 1.6074766355140184 0.1875 0.4330127018922193 0.0 0.0
-1.1588785046728973 -2.2803738317757007 0.3125 0.5590169943749475 0.0 0.0
-1.0841121495327104 -3.364485981308411 -0.328125 0.57282196186948 0.0 0.0
-1.1588785046728973 3.4392523364485985 0.4921875 0.701560760020114 0.0 0.0
-3.4018691588785046 1.94392523364486 0.45703125 0.676040864149498 0.0 0.0
1.2336448598130838 -2.990654205607477 0.421875 0.649519052838329 0.0 0.0
3.02803738317757 -3.289719626168224 0.28125 0.5303300858899106 0.0 0.0
3.3644859813084116 -0.7850467289719627 0.33984375 0.582961190818051 0.0 0.0
3.4392523364485985 2.4672897196261685 0.4140625 0.6434768838116876 0.0 0.0
2.91588785046729 0.6355140186915884 0.11328125 0.3365728004459065 0.0 0.0
-1.532710280373832 -2.018691588785047 0.44140625 0.6643841132959156 0.0 0.0
-0.26168224299065423 -2.6168224299065423 -0.26953125 0.5191639914323797 0.0 0.0
3.925233644859813 2.093457943925234 0.41015625 0.6404344228724749 0.0 0.0
-0.4112149532710281 -3.2523364485981308 -0.18359375 0.42847841252506524 0.0 0.0
0.6728971962616823 -3.0654205607476634 0.49609375 0.7043392293490403 0.0 0.0
-1.457943925233645 2.018691588785047 -0.03515625 0.1875 0.0 0.0
3.7009345794392523 3.2523364485981308 -0.0703125 0.2651650429449553 0.0 0.0
3.4018691588785046 3.2149532710280377 0.35546875 0.596212000885591 0.0 0.0
-2.5046728971962615 -1.046728971962617 0.39453125 0.6281172263200556 0.0 0.0
-2.91588785046729 2.6542056074766354 0.41796875 0.6465050270492876 0.0 0.0
-3.514018691588785 3.5887850467289724 0.3359375 0.5796011559684815 0.0 0.0
-3.8130841121495327 -3.177570093457944 -0.1328125 0.3644344934278313 0.0 0.0
-2.130841121495327 -2.3925233644859816 0.1171875 0.3423265984407288 0.0 0.0
-3.4018691588785046 2.5794392523364484 0.5390625 0.7342087577794206 0.0 0.0
-0.1869158878504673 3.5514018691588785 0.41015625 0.6404344228724749 0.0 0.0
2.018691588785047 -2.018691588785047 0.5 0.7071067811865476 0.0 0.0
2.766355140186916 -1.94392523364486 0.484375 0.6959705453537527 0.0 0.0
-2.5046728971962615 -3.7757009345794392 -0.08984375 0.29973947020704494 0.0 0.0
-2.91588785046729 1.4205607476635516 0.46875 0.6846531968814576 0.0 0.0
-3.8130841121495327 -0.485981308411215 0.5 0.7071067811865476 0.0 0.0
-1.9065420560747666 2.018691588785047 0.30078125 0.5484352742120077 0.0 0.0
1.8317757009345792 3.738317757009346 0.3125 0.5590169943749475 0.0 0.0
2.5420560747663554 3.7009345794392523 0.421875 0.649519052838329 0.0 0.0
-1.0841121495327104 2.6168224299065423 0.55078125 0.7421463804398698 0.0 0.0
1.94392523364486 -3.439252336448598 0.41015625 0.6404344228724749 0.0 0.0
1.4579439252336446 3.065420560747664 0.484375 0.6959705453537527 0.0 0.0
3.102803738317757 0.5981308411214954 0.15234375 0.3903123748998999 0.0 0.0
0.5607476635514015 2.4672897196261685 0.46484375 0.6817945071647321 0.0 0.0
-1.94392523364486 2.7289719626168223 0.01953125 0.13975424859373686 0.0 0.0
0.7850467289719623 -2.05607476635514 0.484375 0.6959705453537527 0.0 0.0
2.05607476635514 -3.4766355140186915 0.0390625 0.19764235376052372 0.0 0.0
1.2336448598130838 2.093457943925234 0.22265625 0.47186465220442186 0.0 0.0
-0.33644859813084116 2.5420560747663554 0.3671875 0.6059599821770412 0.0 0.0
2.5794392523364484 -2.7289719626168223 0.46484375 0.6817945071647321 0.0 0.0
-0.2990654205607477 -2.3177570093457946 0.30859375 0.5555121510822243 0.0 0.0
-2.6168224299065423 3.850467289719626 -0.1171875 0.3423265984407288 0.0 0.0
-2.803738317757009 -1.383177570093458 0.4765625 0.6903350635742038 0.0 0.0
-2.990654205607477 3.4392523364485985 -0.21484375 0.46351240544347894 0.0 0.0
3.102803738317757 -4.0 0.4453125 0.667317390751957 0.0 0.0
1.4953271028037385 -3.588785046728972 0.47265625 0.6875 0.0 0.0
1.7943925233644862 -1.94392523364486 0.5078125 0.7126096406869612 0.0 0.0
-3.289719626168224 -2.5794392523364484 0.37109375 0.6091746465505602 0.0 0.0
-3.663551401869159 -2.4299065420560746 -0.0625 0.25 0.0 0.0
3.5887850467289724 -1.6074766355140189 0.453125 0.673145600891813 0.0 0.0
-2.6542056074766354 2.5794392523364484 0.4609375 0.6789237807000135 0.0 0.0
3.7009345794392523 3.813084112149533 0.34375 0.5863019699779287 0.0 0.0
-0.485981308411215 3.4766355140186915 -0.00390625 0.0625 0.0 0.0
3.5140186915887854 -3.925233644859813 -0.21875 0.46770717334674267 0.0 0.0
2.91588785046729 -0.8971962616822431 0.42578125 0.6525191568069094 0.0 0.0
-1.532710280373832 -3.364485981308411 -0.28125 0.5303300858899106 0.0 0.0
-2.3551401869158877 3.5514018691588785 0.20703125 0.4550068680800324 0.0 0.0
2.2803738317757007 0.2616822429906538 0.36328125 0.6027281725620597 0.0 0.0
-1.6074766355140189 3.2897196261682247 -0.15625 0.39528470752104744 0.0 0.0
-2.5420560747663554 -2.018691588785047 0.38671875 0.6218671481916375 0.0 0.0
-3.7009345794392523 3.102803738317757 0.47265625 0.6875 0.0 0.0
2.205607476635514 1.009345794392523 0.49609375 0.7043392293490403 0.0 0.0
-3.850467289719626 1.2336448598130838 0.20703125 0.4550068680800324 0.0 0.0
-2.953271028037383 1.4953271028037385 0.34765625 0.5896238207535377 0.0 0.0
2.168224299065421 3.4018691588785046 0.29296875 0.5412658773652742 0.0 0.0
-3.102803738317757 -2.878504672897196 0.1796875 0.42389562394532926 0.0 0.0
-2.953271028037383 -3.4018691588785046 -0.296875 0.5448623679425842 0.0 0.0
2.2429906542056077 -3.7009345794392523 0.5078125 0.7126096406869612 0.0 0.0
-3.439252336448598 0.14953271028037385 -0.078125 0.2795084971874737 0.0 0.0
2.5046728971962615 -1.0841121495327104 0.1328125 0.3644344934278313 0.0 0.0
2.3177570093457946 3.2523364485981308 0.46875 0.6846531968814576 0.0 0.0
-3.1401869158878504 -0.5607476635514019 0.25390625 0.5038911092686593 0.0 0.0
2.5794392523364484 -0.33644859813084116 -0.1171875 0.3423265984407288 0.0 0.0
-3.4018691588785046 -1.532710280373832 0.2421875 0.4921254921257382 0.0 0.0
1.3084112149532707 -3.7757009345794392 0.171875 0.414578098794425 0.0 0.0
-0.5981308411214954 3.02803738317757 -0.0625 0.25 0.0 0.0
2.5420560747663554 -1.4205607476635516 -0.09375 0.30618621784789724 0.0 0.0
2.878504672897196 -3.7009345794392523 0.0703125 0.2651650429449553 0.0 0.0
-1.1588785046728973 3.6635514018691593 0.2421875 0.4921254921257382 0.0 0.0
1.7570093457943923 -2.803738317757009 0.37109375 0.6091746465505602 0.0 0.0
3.3271028037383177 -3.1401869158878504 0.4921875 0.701560760020114 0.0 0.0
3.140186915887851 2.803738317757009 -0.078125 0.2795084971874737 0.0 0.0
-2.878504672897196 -1.7196261682242993 0.42578125 0.6525191568069094 0.0 0.0
-1.6074766355140189 2.018691588785047 0.41015625 0.6404344228724749 0.0 0.0
3.102803738317757 0.44859813084112155 0.51953125 0.7207851621669248 0.0 0.0
2.168224299065421 3.102803738317757 0.515625 0.7180703308172536 0.0 0.0
3.738317757009346 3.02803738317757 0.421875 0.649519052838329 0.0 0.0
-2.6915887850467293 -0.97196261682243 0.44140625 0.6643841132959156 0.0 0.0
-3.02803738317757 1.869158878504673 0.4375 0.6614378277661477 0.0 0.0
2.093457943925234 1.8317757009345792 0.0546875 0.23385358667337133 0.0 0.0
-1.2710280373831777 -2.05607476635514 -0.0859375 0.29315098498896436 0.0 0.0
-3.663551401869159 3.2897196261682247 0.3046875 0.5519850541454905 0.0 0.0
-2.168224299065421 -1.3084112149532712 0.4453125 0.667317390751957 0.0 0.0
3.6635514018691593 -2.953271028037383 0.45703125 0.676040864149498 0.0 0.0
2.6168224299065423 -3.4018691588785046 -0.25 0.5 0.0 0.0
-2.990654205607477 0.2616822429906538 0.17578125 0.4192627457812106 0.0 0.0
3.2149532710280377 2.130841121495327 0.4765625 0.6903350635742038 0.0 0.0
-3.1401869158878504 2.766355140186916 -0.140625 0.375 0.0 0.0
2.766355140186916 1.1962616822429908 0.5078125 0.7126096406869612 0.0 0.0
-3.514018691588785 3.88785046728972 0.38671875 0.6218671481916375 0.0 0.0
1.981308411214953 3.4392523364485985 0.23046875 0.480071609241788 0.0 0.0
3.813084112149533 -1.0093457943925235 0.19921875 0.44633927678392815 0.0 0.0
2.91588785046729 1.3084112149532707 0.08984375 0.29973947020704494 0.0 0.0
-2.6168224299065423 0.97196261682243 0.4765625 0.6903350635742038 0.0 0.0
-4.0 -3.4766355140186915 0.4140625 0.6434768838116876 0.0 0.0
-2.2803738317757007 2.5794392523364484 0.40625 0.6373774391990981 0.0 0.0
2.5420560747663554 3.177570093457944 0.5 0.7071067811865476 0.0 0.0
3.7009345794392523 -3.102803738317757 0.46484375 0.6817945071647321 0.0 0.0
3.925233644859813 -1.4205607476635516 0.46484375 0.6817945071647321 0.0 0.0
1.6822429906542054 -1.7570093457943927 0.4296875 0.6555055301063447 0.0 0.0
-2.205607476635514 -3.3271028037383177 -0.2578125 0.5077524002897476 0.0 0.0
1.4953271028037385 1.6074766355140184 0.3828125 0.6187184335382291 0.0 0.0
1.9065420560747661 -0.8224299065420562 -0.0703125 0.2651650429449553 0.0 0.0
