data_processed/toy_model/background_models/outer_4.ecsv
# %ECSV 1.0
# ---
# datatype:
# - {name: x, datatype: float64}
# - {name: y, datatype: float64}
# - {name: RM, datatype: float64}
# - {name: RM_uncert, datatype: float64}
# - {name: interpolation_raw, datatype: float64}
# - {name: interpolation_unc, datatype: float64}
# schema: astropy-2.0
x y RM RM_uncert interpolation_raw interpolation_unc
-1.6822429906542058 -3.663551401869159 -0.203125 0.45069390943299864 0.0 0.0
-2.2803738317757007 -3.0654205607476634 0.453125 0.673145600891813 0.0 0.0
-1.4953271028037385 -2.6168224299065423 0.0703125 0.2651650429449553 0.0 0.0
-3.8878504672897196 1.6074766355140184 -0.25390625 0.5038911092686593 0.0 0.0
0.7476635514018692 1.9065420560747661 -0.1796875 0.42389562394532926 0.0 0.0
1.94392523364486 -2.130841121495327 0.18359375 0.42847841252506524 0.0 0.0
-3.7009345794392523 -2.990654205607477 0.16015625 0.40019526483955303 0.0 0.0
1.3831775700934577 1.6074766355140184 -0.1953125 0.4419417382415922 0.0 0.0
3.925233644859813 3.925233644859813 0.12109375 0.34798527267687634 0.0 0.0
-1.5700934579439254 -1.9065420560747666 0.1171875 0.3423265984407288 0.0 0.0
0.5981308411214954 3.88785046728972 -0.18359375 0.42847841252506524 0.0 0.0
-1.2710280373831777 1.7196261682242993 0.24609375 0.49607837082461076 0.0 0.0
-3.02803738317757 0.2990654205607477 -0.12109375 0.34798527267687634 0.0 0.0
-2.3551401869158877 2.953271028037383 0.09375 0.30618621784789724 0.0 0.0
2.7289719626168223 -0.07476635514018692 0.3359375 0.5796011559684815 0.0 0.0
3.4766355140186915 0.6728971962616823 -0.25390625 0.5038911092686593 0.0 0.0
-2.3177570093457946 -0.97196261682243 0.296875 0.5448623679425842 0.0 0.0
-3.588785046728972 -3.364485981308411 -0.03125 0.1767766952966369 0.0 0.0
-3.588785046728972 0.8971962616822431 -0.1015625 0.31868871959954903 0.0 0.0
3.3644859813084116 0.5981308411214954 0.3125 0.5590169943749475 0.0 0.0
-3.8878504672897196 3.5140186915887854 0.29296875 0.5412658773652742 0.0 0.0
-0.8971962616822431 2.2429906542056077 0.4140625 0.6434768838116876 0.0 0.0
-2.7289719626168223 -2.093457943925234 0.265625 0.5153882032022076 0.0 0.0
-3.0654205607476634 0.48598130841121456 0.31640625 0.5625 0.0 0.0
-1.3084112149532712 2.3177570093457946 0.3671875 0.6059599821770412 0.0 0.0
0.0 -2.990654205607477 -0.0859375 0.29315098498896436 0.0 0.0
-3.925233644859813 3.850467289719626 0.16796875 0.409839907768875 0.0 0.0
2.7289719626168223 3.3644859813084116 0.2890625 0.5376453291901642 0.0 0.0
1.4953271028037385 -2.2429906542056077 0.3125 0.5590169943749475 0.0 0.0
1.6074766355140184 2.3177570093457946 0.15625 0.39528470752104744 0.0 0.0
0.3738317757009346 3.177570093457944 0.03125 0.1767766952966369 0.0 0.0
-2.2803738317757007 2.3551401869158877 0.30078125 0.5484352742120077 0.0 0.0
-0.9345794392523366 -3.2149532710280373 -0.19140625 0.4375 0.0 0.0
2.3925233644859816 -0.7102803738317758 0.33984375 0.582961190818051 0.0 0.0
-0.9345794392523366 -2.766355140186916 -0.4140625 0.6434768838116876 0.0 0.0
-0.3738317757009346 -3.1401869158878504 -0.1640625 0.4050462936504913 0.0 0.0
-3.9626168224299065 -1.6074766355140189 0.31640625 0.5625 0.0 0.0
0.6728971962616823 2.91588785046729 0.32421875 0.5694020986965187 0.0 0.0
-2.205607476635514 1.5327102803738315 0.34375 0.5863019699779287 0.0 0.0
1.4205607476635516 -3.2523364485981308 -0.2265625 0.4759858191164943 0.0 0.0
1.7196261682242993 1.3084112149532707 0.203125 0.45069390943299864 0.0 0.0
-0.7476635514018692 -3.177570093457944 0.28515625 0.5340002340823456 0.0 0.0
-2.3551401869158877 -0.44859813084112155 0.23828125 0.4881406047441659 0.0 0.0
3.02803738317757 2.018691588785047 -0.1953125 0.4419417382415922 0.0 0.0
3.6261682242990654 -2.093457943925234 -0.1484375 0.385275875185561 0.0 0.0
2.7289719626168223 -2.803738317757009 0.31640625 0.5625 0.0 0.0
-2.2803738317757007 0.0 0.3125 0.5590169943749475 0.0 0.0
3.850467289719626 2.878504672897196 0.36328125 0.6027281725620597 0.0 0.0
-2.168224299065421 -1.5700934579439254 0.29296875 0.5412658773652742 0.0 0.0
-3.7009345794392523 3.2149532710280377 0.3046875 0.5519850541454905 0.0 0.0
-2.3551401869158877 -1.383177570093458 0.19921875 0.44633927678392815 0.0 0.0
-2.841121495327103 2.3551401869158877 0.00390625 0.0625 0.0 0.0
2.3551401869158877 -0.8598130841121496 0.296875 0.5448623679425842 0.0 0.0
3.3644859813084116 -3.177570093457944 0.40234375 0.6343057228182637 0.0 0.0
3.3644859813084116 -0.7102803738317758 0.14453125 0.3801726581436387 0.0 0.0
3.813084112149533 1.2336448598130838 0.3125 0.5590169943749475 0.0 0.0
3.065420560747664 3.962616822429907 0.16015625 0.40019526483955303 0.0 0.0
-2.018691588785047 -1.2710280373831777 0.28515625 0.5340002340823456 0.0 0.0
-1.6074766355140189 1.94392523364486 0.36328125 0.6027281725620597 0.0 0.0
3.7757009345794392 -1.457943925233645 0.390625 0.625 0.0 0.0
3.4392523364485985 -1.1588785046728973 0.27734375 0.5266343608235224 0.0 0.0
0.97196261682243 2.2429906542056077 0.1796875 0.42389562394532926 0.0 0.0
-2.766355140186916 0.48598130841121456 0.32421875 0.5694020986965187 0.0 0.0
-1.3457943925233646 1.94392523364486 0.1640625 0.4050462936504913 0.0 0.0
-2.4672897196261685 -0.4112149532710281 0.37890625 0.6155536126122565 0.0 0.0
1.7570093457943923 -3.02803738317757 0.25390625 0.5038911092686593 0.0 0.0
1.2336448598130838 2.5420560747663554 0.171875 0.414578098794425 0.0 0.0
3.3271028037383177 -3.8130841121495327 -0.234375 0.4841229182759271 0.0 0.0
2.803738317757009 3.02803738317757 0.33984375 0.582961190818051 0.0 0.0
3.6261682242990654 2.953271028037383 0.296875 0.5448623679425842 0.0 0.0
3.3644859813084116 2.130841121495327 0.02734375 0.16535945694153692 0.0 0.0
1.869158878504673 -3.102803738317757 -0.109375 0.33071891388307384 0.0 0.0
3.3644859813084116 -3.7757009345794392 -0.34765625 0.5896238207535377 0.0 0.0
-1.1588785046728973 -2.803738317757009 0.24609375 0.49607837082461076 0.0 0.0
3.7009345794392523 1.6822429906542054 0.25390625 0.5038911092686593 0.0 0.0
-0.6728971962616823 3.7757009345794392 0.1796875 0.42389562394532926 0.0 0.0
-0.97196261682243 -1.8317757009345796 0.375 0.6123724356957945 0.0 0.0
-0.11214953271028039 -3.9626168224299065 -0.30859375 0.5555121510822243 0.0 0.0
-2.766355140186916 -0.26168224299065423 -0.03125 0.1767766952966369 0.0 0.0
2.7289719626168223 -2.3551401869158877 -0.296875 0.5448623679425842 0.0 0.0
2.878504672897196 2.05607476635514 0.3984375 0.6312190586476298 0.0 0.0
3.5140186915887854 1.046728971962617 -0.0234375 0.15309310892394862 0.0 0.0
-3.9626168224299065 -0.9345794392523366 0.37109375 0.6091746465505602 0.0 0.0
2.093457943925234 -3.364485981308411 0.37890625 0.6155536126122565 0.0 0.0
-2.7289719626168223 -1.6074766355140189 0.046875 0.21650635094610965 0.0 0.0
-3.5514018691588785 -2.093457943925234 -0.046875 0.21650635094610965 0.0 0.0
-0.33644859813084116 -3.177570093457944 -0.078125 0.2795084971874737 0.0 0.0
-3.8130841121495327 0.97196261682243 0.2578125 0.5077524002897476 0.0 0.0
3.3271028037383177 0.5607476635514015 0.3125 0.5590169943749475 0.0 0.0
-3.0654205607476634 -2.5046728971962615 0.3359375 0.5796011559684815 0.0 0.0
1.3831775700934577 3.738317757009346 0.28125 0.5303300858899106 0.0 0.0
-4.0 -0.22429906542056077 0.2890625 0.5376453291901642 0.0 0.0
3.5140186915887854 -1.869158878504673 -0.09375 0.30618621784789724 0.0 0.0
-1.2710280373831777 -2.018691588785047 -0.26953125 0.5191639914323797 0.0 0.0
3.850467289719626 -0.26168224299065423 0.36328125 0.6027281725620597 0.0 0.0
2.7289719626168223 0.6355140186915884 0.140625 0.375 0.0 0.0
-3.850467289719626 -2.7289719626168223 0.078125 0.2795084971874737 0.0 0.0
0.18691588785046687 2.6168224299065423 -0.1328125 0.3644344934278313 0.0 0.0
-0.2990654205607477 3.738317757009346 0.05859375 0.24206145913796356 0.0 0.0
-1.1962616822429908 -2.6915887850467293 0.14453125 0.3801726581436387 0.0 0.0
0.11214953271027994 2.803738317757009 -0.18359375 0.42847841252506524 0.0 0.0
1.4205607476635516 -1.532710280373832 0.40234375 0.6343057228182637 0.0 0.0
3.738317757009346 1.5327102803738315 0.015625 0.125 0.0 0.0
3.7009345794392523 -1.3084112149532712 0.39453125 0.6281172263200556 0.0 0.0
-0.14953271028037385 3.5514018691588785 0.1640625 0.4050462936504913 0.0 0.0
2.4299065420560746 1.2336448598130838 0.19140625 0.4375 0.0 0.0
-1.383177570093458 -3.8878504672897196 -0.32421875 0.5694020986965187 0.0 0.0
-2.766355140186916 2.990654205607477 -0.08984375 0.29973947020704494 0.0 0.0
0.07476635514018692 2.803738317757009 -0.125 0.3535533905932738 0.0 0.0
2.6168224299065423 2.91588785046729 0.375 0.6123724356957945 0.0 0.0
-1.6448598130841123 2.6542056074766354 0.296875 0.5448623679425842 0.0 0.0
-0.07476635514018692 2.2803738317757007 0.19140625 0.4375 0.0 0.0
0.7476635514018692 -3.0654205607476634 0.31640625 0.5625 0.0 0.0
-2.2803738317757007 -1.2710280373831777 0.3671875 0.6059599821770412 0.0 0.0
-1.3084112149532712 -2.2429906542056077 -0.265625 0.5153882032022076 0.0 0.0
1.94392523364486 -3.514018691588785 0.41796875 0.6465050270492876 0.0 0.0
2.7289719626168223 1.7943925233644862 0.12109375 0.34798527267687634 0.0 0.0
0.22429906542056077 3.6261682242990654 0.31640625 0.5625 0.0 0.0
1.6074766355140184 3.140186915887851 0.3671875 0.6059599821770412 0.0 0.0
-2.2429906542056077 -0.22429906542056077 0.1640625 0.4050462936504913 0.0 0.0
-3.588785046728972 -0.8224299065420562 0.265625 0.5153882032022076 0.0 0.0
-2.5046728971962615 -0.22429906542056077 0.3515625 0.5929270612815711 0.0 0.0
-3.588785046728972 -2.130841121495327 0.28515625 0.5340002340823456 0.0 0.0
2.05607476635514 -0.5233644859813085 0.3671875 0.6059599821770412 0.0 0.0
0.44859813084112155 -3.7757009345794392 -0.203125 0.45069390943299864 0.0 0.0
-2.5794392523364484 -0.9345794392523366 0.37890625 0.6155536126122565 0.0 0.0
2.3177570093457946 -1.4953271028037385 -0.125 0.3535533905932738 0.0 0.0
-2.3551401869158877 -3.7383177570093458 0.3046875 0.5519850541454905 0.0 0.0
1.6822429906542054 2.6542056074766354 0.0390625 0.19764235376052372 0.0 0.0
-2.6542056074766354 -1.4205607476635516 0.3671875 0.6059599821770412 0.0 0.0
1.981308411214953 0.5981308411214954 0.21875 0.46770717334674267 0.0 0.0
3.813084112149533 -0.6355140186915889 0.2578125 0.5077524002897476 0.0 0.0
-3.663551401869159 0.5233644859813085 0.265625 0.5153882032022076 0.0 0.0
1.7943925233644862 1.7943925233644862 0.375 0.6123724356957945 0.0 0.0
2.168224299065421 -3.663551401869159 0.32421875 0.5694020986965187 0.0 0.0
2.130841121495327 -1.1214953271028039 0.20703125 0.4550068680800324 0.0 0.0
-1.7943925233644862 3.5140186915887854 0.109375 0.33071891388307384 0.0 0.0
1.009345794392523 -2.018691588785047 0.11328125 0.3365728004459065 0.0 0.0
3.4018691588785046 1.5327102803738315 0.390625 0.625 0.0 0.0
-0.6728971962616823 -2.2429906542056077 -0.34765625 0.5896238207535377 0.0 0.0
0.5607476635514015 -3.4018691588785046 0.35546875 0.596212000885591 0.0 0.0
-0.33644859813084116 3.065420560747664 -0.21875 0.46770717334674267 0.0 0.0
3.3271028037383177 -1.7943925233644862 0.19140625 0.4375 0.0 0.0
-1.7570093457943927 -3.02803738317757 -0.3203125 0.5659615711335886 0.0 0.0
-0.3738317757009346 3.140186915887851 -0.265625 0.5153882032022076 0.0 0.0
-3.289719626168224 -1.457943925233645 0.1328125 0.3644344934278313 0.0 0.0
3.2897196261682247 1.5700934579439254 0.15625 0.39528470752104744 0.0 0.0
-1.869158878504673 -0.9345794392523366 0.203125 0.45069390943299864 0.0 0.0
-0.03738317757009346 -3.6261682242990654 -0.3359375 0.5796011559684815 0.0 0.0
-3.364485981308411 2.766355140186916 0.40625 0.6373774391990981 0.0 0.0
1.6448598130841123 2.2429906542056077 0.25 0.5 0.0 0.0
-0.2990654205607477 2.6915887850467293 0.328125 0.57282196186948 0.0 0.0
2.4299065420560746 1.3457943925233646 0.21875 0.46770717334674267 0.0 0.0
-1.383177570093458 2.6168224299065423 0.28515625 0.5340002340823456 0.0 0.0
2.953271028037383 2.91588785046729 0.3046875 0.5519850541454905 0.0 0.0
2.6542056074766354 0.8598130841121492 0.34375 0.5863019699779287 0.0 0.0
-2.766355140186916 0.03738317757009302 0.17578125 0.4192627457812106 0.0 0.0
-2.2429906542056077 -0.5607476635514019 0.36328125 0.6027281725620597 0.0 0.0
-3.1401869158878504 -1.1214953271028039 -0.03515625 0.1875 0.0 0.0
3.88785046728972 -0.22429906542056077 0.30078125 0.5484352742120077 0.0 0.0
-0.5607476635514019 -2.7289719626168223 -0.3359375 0.5796011559684815 0.0 0.0
2.2429906542056077 -3.439252336448598 0.05859375 0.24206145913796356 0.0 0.0
-0.6728971962616823 -2.093457943925234 -0.12109375 0.34798527267687634 0.0 0.0
-3.289719626168224 0.48598130841121456 -0.0703125 0.2651650429449553 0.0 0.0
2.168224299065421 3.102803738317757 0.40625 0.6373774391990981 0.0 0.0
-2.205607476635514 -2.168224299065421 -0.37890625 0.6155536126122565 0.0 0.0
-3.588785046728972 -3.02803738317757 0.11328125 0.3365728004459065 0.0 0.0
0.03738317757009302 -3.102803738317757 -0.01171875 0.10825317547305482 0.0 0.0
-3.925233644859813 3.065420560747664 0.03125 0.1767766952966369 0.0 0.0
-1.7570093457943927 -2.91588785046729 -0.37890625 0.6155536126122565 0.0 0.0
-2.5794392523364484 2.5046728971962615 0.234375 0.4841229182759271 0.0 0.0
-2.953271028037383 0.18691588785046687 0.2578125 0.5077524002897476 0.0 0.0
3.177570093457944 2.91588785046729 0.21875 0.46770717334674267 0.0 0.0
2.4672897196261685 1.6822429906542054 0.31640625 0.5625 0.0 0.0
-3.02803738317757 3.177570093457944 0.20703125 0.4550068680800324 0.0 0.0
2.168224299065421 -0.3738317757009346 -0.27734375 0.5266343608235224 0.0 0.0
1.6448598130841123 -3.4766355140186915 0.24609375 0.49607837082461076 0.0 0.0
3.813084112149533 -3.7757009345794392 -0.3125 0.5590169943749475 0.0 0.0
1.3084112149532707 2.05607476635514 0.30859375 0.5555121510822243 0.0 0.0
2.91588785046729 2.4299065420560746 0.10546875 0.3247595264191645 0.0 0.0
-2.5420560747663554 -2.205607476635514 -0.390625 0.625 0.0 0.0
-3.663551401869159 0.44859813084112155 0.04296875 0.2072890493972125 0.0 0.0
0.22429906542056077 2.4672897196261685 0.35546875 0.596212000885591 0.0 0.0
0.14953271028037385 2.990654205607477 -0.1484375 0.385275875185561 0.0 0.0
0.6355140186915884 -2.2803738317757007 0.15625 0.39528470752104744 0.0 0.0
-2.2803738317757007 -0.1869158878504673 0.1328125 0.3644344934278313 0.0 0.0
3.3644859813084116 3.5887850467289724 0.17578125 0.4192627457812106 0.0 0.0
1.4579439252336446 2.5046728971962615 -0.0390625 0.19764235376052372 0.0 0.0
-2.953271028037383 1.6448598130841123 -0.1953125 0.4419417382415922 0.0 0.0
2.6542056074766354 2.168224299065421 0.2578125 0.5077524002897476 0.0 0.0
2.168224299065421 -0.5607476635514019 -0.0390625 0.19764235376052372 0.0 0.0
-2.878504672897196 -0.2990654205607477 0.34765625 0.5896238207535377 0.0 0.0
2.5046728971962615 -1.6448598130841123 -0.109375 0.33071891388307384 0.0 0.0
-3.2523364485981308 1.2710280373831777 0.3671875 0.6059599821770412 0.0 0.0
2.5794392523364484 1.6822429906542054 0.2421875 0.4921254921257382 0.0 0.0
1.08411214953271 3.4766355140186915 0.19140625 0.4375 0.0 0.0
2.205607476635514 1.981308411214953 0.390625 0.625 0.0 0.0
-3.514018691588785 2.05607476635514 0.4140625 0.6434768838116876 0.0 0.0
-3.3271028037383177 0.6728971962616823 0.12109375 0.34798527267687634 0.0 0.0
-3.4018691588785046 -0.97196261682243 0.36328125 0.6027281725620597 0.0 0.0
-3.2149532710280373 1.7196261682242993 0.3046875 0.5519850541454905 0.0 0.0
-1.4205607476635516 -3.3271028037383177 -0.3125 0.5590169943749475 0.0 0.0
3.925233644859813 -1.6074766355140189 0.3046875 0.5519850541454905 0.0 0.0
3.4766355140186915 -2.990654205607477 0.37109375 0.6091746465505602 0.0 0.0
-3.177570093457944 -2.3925233644859816 0.34375 0.5863019699779287 0.0 0.0
-3.6261682242990654 2.6168224299065423 0.07421875 0.2724311839712921 0.0 0.0
3.850467289719626 -1.6448598130841123 0.29296875 0.5412658773652742 0.0 0.0
-3.102803738317757 -0.7476635514018692 0.2890625 0.5376453291901642 0.0 0.0
2.05607476635514 0.8224299065420562 0.25 0.5 0.0 0.0
-3.3271028037383177 -2.5794392523364484 0.3046875 0.5519850541454905 0.0 0.0
-0.1869158878504673 -3.7383177570093458 -0.3515625 0.5929270612815711 0.0 0.0
-2.841121495327103 -3.7383177570093458 0.4375 0.6614378277661477 0.0 0.0
-2.130841121495327 1.08411214953271 0.1953125 0.4419417382415922 0.0 0.0
1.5700934579439254 1.6448598130841123 0.1484375 0.385275875185561 0.0 0.0
-3.1401869158878504 2.2429906542056077 0.01953125 0.13975424859373686 0.0 0.0
