data_processed/toy_model/background_models/outer_6.ecsv
# %ECSV 1.0
# ---
# datatype:
# - {name: x, datatype: float64}
# - {name: y, datatype: float64}
# - {name: RM, datatype: float64}
# - {name: RM_uncert, datatype: float64}
# - {name: interpolation_raw, datatype: float64}
# - {name: interpolation_unc, datatype: float64}
# schema: astropy-2.0
x y RM RM_uncert interpolation_raw interpolation_unc
[from data line 216]
-2.3925233644859816 3.177570093457944 0.203125 0.45069390943299864 0.0 0.0
-3.9626168224299065 -0.485981308411215 0.09765625 0.3125 0.0 0.0
0.07476635514018692 2.5794392523364484 0.11328125 0.3365728004459065 0.0 0.0
2.018691588785047 0.5981308411214954 0.2421875 0.4921254921257382 0.0 0.0
-3.364485981308411 -2.4299065420560746 0.09375 0.30618621784789724 0.0 0.0
-3.3271028037383177 3.5140186915887854 0.32421875 0.5694020986965187 0.0 0.0
1.1962616822429908 -2.093457943925234 -0.09375 0.30618621784789724 0.0 0.0
-1.457943925233645 -2.168224299065421 -0.1796875 0.42389562394532926 0.0 0.0
2.6542056074766354 1.046728971962617 0.26171875 0.5115845482420281 0.0 0.0
-2.5420560747663554 3.962616822429907 -0.36328125 0.6027281725620597 0.0 0.0
3.813084112149533 1.2710280373831777 0.26953125 0.5191639914323797 0.0 0.0
-1.7943925233644862 -4.0 -0.5 0.7071067811865476 0.0 0.0
3.4018691588785046 -2.3551401869158877 0.30859375 0.5555121510822243 0.0 0.0
1.981308411214953 -0.4112149532710281 0.25390625 0.5038911092686593 0.0 0.0
1.7570093457943923 -1.1588785046728973 0.2578125 0.5077524002897476 0.0 0.0
-3.925233644859813 -3.7383177570093458 -0.1015625 0.31868871959954903 0.0 0.0
-0.6728971962616823 2.953271028037383 -0.390625 0.625 0.0 0.0
-2.05607476635514 2.4672897196261685 0.140625 0.375 0.0 0.0
2.6168224299065423 -1.4953271028037385 0.1171875 0.3423265984407288 0.0 0.0
1.3831775700934577 2.841121495327103 -0.05078125 0.22534695471649932 0.0 0.0
-3.588785046728972 -3.364485981308411 -0.1171875 0.3423265984407288 0.0 0.0
-0.5607476635514019 -2.878504672897196 -0.5078125 0.7126096406869612 0.0 0.0
3.4766355140186915 -2.168224299065421 0.07421875 0.2724311839712921 0.0 0.0
2.2803738317757007 -2.5794392523364484 -0.2734375 0.5229125165837972 0.0 0.0
2.3551401869158877 -0.7476635514018692 0.30078125 0.5484352742120077 0.0 0.0
1.4205607476635516 3.850467289719626 0.28125 0.5303300858899106 0.0 0.0
-2.3551401869158877 1.1962616822429908 0.21875 0.46770717334674267 0.0 0.0
-2.5420560747663554 1.4205607476635516 -0.09765625 0.3125 0.0 0.0
-1.1588785046728973 -2.4299065420560746 0.04296875 0.2072890493972125 0.0 0.0
3.3271028037383177 -2.018691588785047 -0.16015625 0.40019526483955303 0.0 0.0
-0.8224299065420562 -2.953271028037383 -0.015625 0.125 0.0 0.0
3.6635514018691593 1.6448598130841123 0.04296875 0.2072890493972125 0.0 0.0
-3.7009345794392523 1.94392523364486 0.14453125 0.3801726581436387 0.0 0.0
1.046728971962617 3.2897196261682247 0.21484375 0.46351240544347894 0.0 0.0
2.7289719626168223 2.3925233644859816 0.12890625 0.3590351654086268 0.0 0.0
-3.5514018691588785 2.130841121495327 0.03125 0.1767766952966369 0.0 0.0
-1.7943925233644862 -2.2429906542056077 -0.09765625 0.3125 0.0 0.0
1.1588785046728969 3.065420560747664 -0.40234375 0.6343057228182637 0.0 0.0
2.018691588785047 1.3457943925233646 -0.015625 0.125 0.0 0.0
-0.5607476635514019 2.130841121495327 0.3125 0.5590169943749475 0.0 0.0
1.7570093457943923 -2.953271028037383 0.1875 0.4330127018922193 0.0 0.0
-1.3084112149532712 3.02803738317757 0.00390625 0.0625 0.0 0.0
3.850467289719626 -2.2803738317757007 -0.23828125 0.4881406047441659 0.0 0.0
2.766355140186916 1.4205607476635516 0.16015625 0.40019526483955303 0.0 0.0
0.14953271028037385 3.3271028037383177 0.1953125 0.4419417382415922 0.0 0.0
-3.7009345794392523 1.1588785046728969 0.3359375 0.5796011559684815 0.0 0.0
3.7757009345794392 -1.1214953271028039 0.31640625 0.5625 0.0 0.0
-0.8224299065420562 -1.869158878504673 -0.37890625 0.6155536126122565 0.0 0.0
-2.766355140186916 -1.2710280373831777 0.1015625 0.31868871959954903 0.0 0.0
-3.1401869158878504 1.6822429906542054 0.2890625 0.5376453291901642 0.0 0.0
-3.7383177570093458 2.803738317757009 0.18359375 0.42847841252506524 0.0 0.0
1.6074766355140184 -3.364485981308411 0.22265625 0.47186465220442186 0.0 0.0
1.6074766355140184 3.4766355140186915 0.1953125 0.4419417382415922 0.0 0.0
1.981308411214953 3.140186915887851 -0.37890625 0.6155536126122565 0.0 0.0
2.841121495327103 0.7476635514018692 0.0546875 0.23385358667337133 0.0 0.0
2.3177570093457946 -0.1869158878504673 0.12109375 0.34798527267687634 0.0 0.0
2.803738317757009 0.14953271028037385 0.28515625 0.5340002340823456 0.0 0.0
-3.9626168224299065 -2.3177570093457946 -0.359375 0.5994789404140899 0.0 0.0
-2.5420560747663554 3.7757009345794392 -0.51953125 0.7207851621669248 0.0 0.0
0.2990654205607477 -3.850467289719626 0.2421875 0.4921254921257382 0.0 0.0
3.3271028037383177 0.8598130841121492 0.3125 0.5590169943749475 0.0 0.0
-3.8130841121495327 -3.8130841121495327 -0.26171875 0.5115845482420281 0.0 0.0
-0.07476635514018692 -3.663551401869159 -0.40234375 0.6343057228182637 0.0 0.0
2.168224299065421 3.02803738317757 0.28515625 0.5340002340823456 0.0 0.0
-1.6448598130841123 -2.018691588785047 0.33203125 0.5762215285808054 0.0 0.0
-3.6261682242990654 -3.177570093457944 0.27734375 0.5266343608235224 0.0 0.0
1.4205607476635516 -1.9065420560747666 0.28515625 0.5340002340823456 0.0 0.0
-2.05607476635514 -2.6542056074766354 -0.3984375 0.6312190586476298 0.0 0.0
-0.485981308411215 -2.4672897196261685 -0.3125 0.5590169943749475 0.0 0.0
-3.663551401869159 -1.869158878504673 -0.484375 0.6959705453537527 0.0 0.0
-1.1962616822429908 -2.6542056074766354 0.00390625 0.0625 0.0 0.0
-3.7757009345794392 -1.9813084112149535 0.296875 0.5448623679425842 0.0 0.0
2.3177570093457946 -3.364485981308411 0.12890625 0.3590351654086268 0.0 0.0
-1.6074766355140189 3.5514018691588785 0.35546875 0.596212000885591 0.0 0.0
2.953271028037383 1.2336448598130838 0.01171875 0.10825317547305482 0.0 0.0
3.4766355140186915 -0.6355140186915889 0.28515625 0.5340002340823456 0.0 0.0
-1.7943925233644862 -1.3457943925233646 -0.08203125 0.28641098093474 0.0 0.0
-1.6448598130841123 -3.02803738317757 0.078125 0.2795084971874737 0.0 0.0
3.065420560747664 1.2336448598130838 0.32421875 0.5694020986965187 0.0 0.0
2.2429906542056077 -3.9626168224299065 0.19921875 0.44633927678392815 0.0 0.0
3.3644859813084116 -0.8598130841121496 0.24609375 0.49607837082461076 0.0 0.0
-1.457943925233645 3.102803738317757 0.27734375 0.5266343608235224 0.0 0.0
3.102803738317757 0.6355140186915884 -0.20703125 0.4550068680800324 0.0 0.0
-1.7196261682242993 1.1962616822429908 0.14453125 0.3801726581436387 0.0 0.0
-0.14953271028037385 2.205607476635514 0.27734375 0.5266343608235224 0.0 0.0
-2.3177570093457946 -3.6261682242990654 -0.48828125 0.6987712429686843 0.0 0.0
-3.7009345794392523 -2.3925233644859816 -0.37109375 0.6091746465505602 0.0 0.0
0.22429906542056077 3.065420560747664 -0.3984375 0.6312190586476298 0.0 0.0
-0.44859813084112155 3.738317757009346 -0.23046875 0.480071609241788 0.0 0.0
3.5514018691588785 -2.841121495327103 0.26953125 0.5191639914323797 0.0 0.0
1.6448598130841123 1.5700934579439254 0.2890625 0.5376453291901642 0.0 0.0
2.2803738317757007 -0.9345794392523366 0.08203125 0.28641098093474 0.0 0.0
-2.803738317757009 -0.4112149532710281 0.2578125 0.5077524002897476 0.0 0.0
2.6168224299065423 -0.11214953271028039 0.21484375 0.46351240544347894 0.0 0.0
-3.850467289719626 -2.3925233644859816 -0.2734375 0.5229125165837972 0.0 0.0
0.5607476635514015 -3.1401869158878504 -0.1953125 0.4419417382415922 0.0 0.0
2.5420560747663554 3.140186915887851 0.21875 0.46770717334674267 0.0 0.0
2.168224299065421 -2.5420560747663554 -0.19140625 0.4375 0.0 0.0
1.94392523364486 -3.4766355140186915 0.26171875 0.5115845482420281 0.0 0.0
-2.5046728971962615 -0.14953271028037385 -0.03125 0.1767766952966369 0.0 0.0
-1.869158878504673 3.6635514018691593 0.10546875 0.3247595264191645 0.0 0.0
2.2803738317757007 -3.289719626168224 -0.12890625 0.3590351654086268 0.0 0.0
-2.3551401869158877 -2.766355140186916 -0.15234375 0.3903123748998999 0.0 0.0
2.766355140186916 1.08411214953271 0.3359375 0.5796011559684815 0.0 0.0
-0.5607476635514019 -3.2523364485981308 -0.37890625 0.6155536126122565 0.0 0.0
0.44859813084112155 3.6261682242990654 0.21875 0.46770717334674267 0.0 0.0
2.2429906542056077 0.2616822429906538 0.1953125 0.4419417382415922 0.0 0.0
3.2523364485981308 -2.6915887850467293 -0.03125 0.1767766952966369 0.0 0.0
3.4018691588785046 -1.1214953271028039 0.01171875 0.10825317547305482 0.0 0.0
-0.5607476635514019 -3.1401869158878504 0.0625 0.25 0.0 0.0
3.962616822429907 1.5327102803738315 -0.04296875 0.2072890493972125 0.0 0.0
-3.850467289719626 -1.1962616822429908 0.3046875 0.5519850541454905 0.0 0.0
1.08411214953271 1.8317757009345792 0.25390625 0.5038911092686593 0.0 0.0
-2.5794392523364484 1.1214953271028039 0.03515625 0.1875 0.0 0.0
-2.6168224299065423 3.738317757009346 -0.48046875 0.6931585316505886 0.0 0.0
-2.878504672897196 3.02803738317757 -0.20703125 0.4550068680800324 0.0 0.0
2.205607476635514 3.065420560747664 0.24609375 0.49607837082461076 0.0 0.0
0.3738317757009346 3.5514018691588785 0.17578125 0.4192627457812106 0.0 0.0
2.5046728971962615 3.4392523364485985 0.1953125 0.4419417382415922 0.0 0.0
-3.4766355140186915 -2.91588785046729 0.08203125 0.28641098093474 0.0 0.0
-0.8598130841121496 -3.364485981308411 -0.45703125 0.676040864149498 0.0 0.0
3.7757009345794392 2.878504672897196 -0.109375 0.33071891388307384 0.0 0.0
-3.7009345794392523 2.5046728971962615 0.26171875 0.5115845482420281 0.0 0.0
3.4766355140186915 2.3925233644859816 0.328125 0.57282196186948 0.0 0.0
-2.3925233644859816 1.2710280373831777 0.26171875 0.5115845482420281 0.0 0.0
-1.7570093457943927 3.850467289719626 -0.328125 0.57282196186948 0.0 0.0
3.4392523364485985 -2.168224299065421 0.2421875 0.4921254921257382 0.0 0.0
-3.6261682242990654 1.4205607476635516 0.31640625 0.5625 0.0 0.0
2.4299065420560746 -1.0093457943925235 0.15234375 0.3903123748998999 0.0 0.0
0.6728971962616823 -2.205607476635514 0.1328125 0.3644344934278313 0.0 0.0
-1.6822429906542058 3.7757009345794392 -0.3984375 0.6312190586476298 0.0 0.0
1.94392523364486 0.6355140186915884 0.0234375 0.15309310892394862 0.0 0.0
-2.3177570093457946 -0.4112149532710281 0.0234375 0.15309310892394862 0.0 0.0
2.6915887850467293 -3.588785046728972 -0.30078125 0.5484352742120077 0.0 0.0
-3.02803738317757 -3.514018691588785 -0.3046875 0.5519850541454905 0.0 0.0
2.4672897196261685 2.4299065420560746 0.27734375 0.5266343608235224 0.0 0.0
1.6448598130841123 2.2803738317757007 0.12890625 0.3590351654086268 0.0 0.0
3.177570093457944 -0.14953271028037385 -0.37109375 0.6091746465505602 0.0 0.0
-1.2710280373831777 -3.1401869158878504 0.08984375 0.29973947020704494 0.0 0.0
-0.6728971962616823 2.130841121495327 0.0859375 0.29315098498896436 0.0 0.0
-1.6448598130841123 3.962616822429907 0.2421875 0.4921254921257382 0.0 0.0
-0.5981308411214954 -2.841121495327103 -0.3828125 0.6187184335382291 0.0 0.0
0.2616822429906538 -2.953271028037383 -0.4921875 0.701560760020114 0.0 0.0
-1.9813084112149535 0.8971962616822431 0.078125 0.2795084971874737 0.0 0.0
-0.3738317757009346 3.88785046728972 -0.46484375 0.6817945071647321 0.0 0.0
1.4953271028037385 -3.2523364485981308 -0.47265625 0.6875 0.0 0.0
3.2897196261682247 0.48598130841121456 0.27734375 0.5266343608235224 0.0 0.0
-3.4018691588785046 3.2897196261682247 0.328125 0.57282196186948 0.0 0.0
-1.7943925233644862 1.1588785046728969 0.359375 0.5994789404140899 0.0 0.0
-3.7009345794392523 -3.5514018691588785 0.08203125 0.28641098093474 0.0 0.0
1.6074766355140184 2.3177570093457946 0.0703125 0.2651650429449553 0.0 0.0
-2.841121495327103 -4.0 -0.16015625 0.40019526483955303 0.0 0.0
2.4299065420560746 3.6261682242990654 0.234375 0.4841229182759271 0.0 0.0
1.3457943925233646 3.2523364485981308 -0.19921875 0.44633927678392815 0.0 0.0
0.97196261682243 3.177570093457944 0.23828125 0.4881406047441659 0.0 0.0
-2.2803738317757007 -3.4766355140186915 -0.48046875 0.6931585316505886 0.0 0.0
0.03738317757009302 -2.130841121495327 0.21875 0.46770717334674267 0.0 0.0
3.140186915887851 -1.2336448598130842 0.08984375 0.29973947020704494 0.0 0.0
-1.94392523364486 -2.6168224299065423 -0.44140625 0.6643841132959156 0.0 0.0
-3.7757009345794392 -3.4766355140186915 0.27734375 0.5266343608235224 0.0 0.0
-2.878504672897196 -3.4018691588785046 -0.28515625 0.5340002340823456 0.0 0.0
-3.02803738317757 -1.9813084112149535 -0.23828125 0.4881406047441659 0.0 0.0
-0.6355140186915889 3.738317757009346 0.078125 0.2795084971874737 0.0 0.0
-2.766355140186916 -3.177570093457944 -0.24609375 0.49607837082461076 0.0 0.0
2.91588785046729 -1.8317757009345796 0.26953125 0.5191639914323797 0.0 0.0
-3.5514018691588785 -1.0093457943925235 0.25390625 0.5038911092686593 0.0 0.0
-2.6168224299065423 3.2523364485981308 0.06640625 0.2576941016011038 0.0 0.0
2.5794392523364484 3.2897196261682247 0.04296875 0.2072890493972125 0.0 0.0
-2.953271028037383 -2.205607476635514 -0.50390625 0.7098635432250342 0.0 0.0
1.3831775700934577 2.990654205607477 0.30859375 0.5555121510822243 0.0 0.0
-2.3177570093457946 -0.8598130841121496 0.015625 0.125 0.0 0.0
-3.7383177570093458 2.168224299065421 0.1953125 0.4419417382415922 0.0 0.0
-1.7570093457943927 -1.94392523364486 0.28515625 0.5340002340823456 0.0 0.0
2.205607476635514 2.990654205607477 0.3203125 0.5659615711335886 0.0 0.0
2.953271028037383 -2.130841121495327 -0.1484375 0.385275875185561 0.0 0.0
1.1214953271028039 -1.94392523364486 0.3203125 0.5659615711335886 0.0 0.0
0.22429906542056077 -3.4018691588785046 0.16796875 0.409839907768875 0.0 0.0
-3.7383177570093458 1.3084112149532707 0.08203125 0.28641098093474 0.0 0.0
2.766355140186916 2.766355140186916 -0.1015625 0.31868871959954903 0.0 0.0
2.4672897196261685 -0.3738317757009346 0.1953125 0.4419417382415922 0.0 0.0
-1.457943925233645 3.3271028037383177 0.29296875 0.5412658773652742 0.0 0.0
-3.8130841121495327 0.9345794392523361 0.1796875 0.42389562394532926 0.0 0.0
3.925233644859813 2.6915887850467293 0.28125 0.5303300858899106 0.0 0.0
1.3084112149532707 -3.8130841121495327 0.06640625 0.2576941016011038 0.0 0.0
-1.6822429906542058 -2.168224299065421 -0.25390625 0.5038911092686593 0.0 0.0
3.6261682242990654 3.813084112149533 0.28515625 0.5340002340823456 0.0 0.0
2.3177570093457946 0.2990654205607477 0.19140625 0.4375 0.0 0.0
0.41121495327102764 -3.7757009345794392 -0.3125 0.5590169943749475 0.0 0.0
1.3084112149532707 -2.168224299065421 0.23046875 0.480071609241788 0.0 0.0
-3.8878504672897196 -3.289719626168224 -0.44921875 0.6702378309227255 0.0 0.0
-3.102803738317757 -3.7757009345794392 -0.28125 0.5303300858899106 0.0 0.0
-3.2149532710280373 -3.850467289719626 0.22265625 0.47186465220442186 0.0 0.0
-3.7009345794392523 -0.5981308411214954 0.29296875 0.5412658773652742 0.0 0.0
-1.8317757009345796 -1.4205607476635516 0.3203125 0.5659615711335886 0.0 0.0
-2.4299065420560746 3.4018691588785046 0.21875 0.46770717334674267 0.0 0.0
-0.11214953271028039 2.130841121495327 0.31640625 0.5625 0.0 0.0
-2.953271028037383 -2.4299065420560746 0.2734375 0.5229125165837972 0.0 0.0
2.990654205607477 2.5420560747663554 0.29296875 0.5412658773652742 0.0 0.0
-3.439252336448598 -0.03738317757009346 0.18359375 0.42847841252506524 0.0 0.0
0.5981308411214954 -2.205607476635514 0.1015625 0.31868871959954903 0.0 0.0
-2.91588785046729 1.7943925233644862 0.19921875 0.44633927678392815 0.0 0.0
-3.850467289719626 -2.878504672897196 0.296875 0.5448623679425842 0.0 0.0
2.803738317757009 1.6448598130841123 0.171875 0.414578098794425 0.0 0.0
3.88785046728972 3.4392523364485985 0.0 0.0 0.0 0.0
0.8598130841121492 2.990654205607477 0.28515625 0.5340002340823456 0.0 0.0
2.841121495327103 -2.7289719626168223 0.26953125 0.5191639914323797 0.0 0.0
2.6168224299065423 -3.364485981308411 -0.3046875 0.5519850541454905 0.0 0.0
2.878504672897196 0.2616822429906538 -0.47265625 0.6875 0.0 0.0
-4.0 -1.4205607476635516 0.30859375 0.5555121510822243 0.0 0.0
2.3551401869158877 2.6168224299065423 0.30078125 0.5484352742120077 0.0 0.0
2.130841121495327 -3.850467289719626 -0.2578125 0.5077524002897476 0.0 0.0
-1.2336448598130842 1.6074766355140184 0.328125 0.57282196186948 0.0 0.0
1.2336448598130838 -2.6168224299065423 0.2734375 0.5229125165837972 0.0 0.0
