data_processed/toy_model/background_models/outer_4.ecsv
# %ECSV 1.0
# ---
# datatype:
# - {name: x, datatype: float64}
# - {name: y, datatype: float64}
# - {name: RM, datatype: float64}
# - {name: RM_uncert, datatype: float64}
# - {name: interpolation_raw, datatype: float64}
# - {name: interpolation_unc, datatype: float64}
# schema: astropy-2.0
x y RM RM_uncert interpolation_raw interpolation_unc
[from data line 644]
-0.5607476635514019 3.5887850467289724 0.38671875 0.6218671481916375 0.0 0.0
1.1962616822429908 -2.5794392523364484 0.078125 0.2795084971874737 0.0 0.0
-1.7570093457943927 2.6542056074766354 0.3984375 0.6312190586476298 0.0 0.0
-0.9345794392523366 -3.925233644859813 -0.3203125 0.5659615711335886 0.0 0.0
2.3925233644859816 -2.130841121495327 -0.32421875 0.5694020986965187 0.0 0.0
-3.1401869158878504 3.813084112149533 -0.24609375 0.49607837082461076 0.0 0.0
3.962616822429907 2.7289719626168223 0.22265625 0.47186465220442186 0.0 0.0
-1.1962616822429908 -2.6542056074766354 0.08984375 0.29973947020704494 0.0 0.0
-1.7943925233644862 -2.2429906542056077 -0.01171875 0.10825317547305482 0.0 0.0
0.8598130841121492 -3.588785046728972 -0.01171875 0.10825317547305482 0.0 0.0
2.2429906542056077 0.9345794392523361 0.1640625 0.4050462936504913 0.0 0.0
-3.02803738317757 -3.4766355140186915 -0.3046875 0.5519850541454905 0.0 0.0
-1.6448598130841123 1.1588785046728969 0.18359375 0.42847841252506524 0.0 0.0
0.8598130841121492 3.5514018691588785 0.26953125 0.5191639914323797 0.0 0.0
-1.383177570093458 -3.0654205607476634 0.1796875 0.42389562394532926 0.0 0.0
-2.205607476635514 1.981308411214953 0.3359375 0.5796011559684815 0.0 0.0
3.140186915887851 -0.7102803738317758 0.25390625 0.5038911092686593 0.0 0.0
3.925233644859813 -1.3084112149532712 0.1796875 0.42389562394532926 0.0 0.0
2.168224299065421 -1.046728971962617 0.29296875 0.5412658773652742 0.0 0.0
-0.4112149532710281 -3.2149532710280373 -0.359375 0.5994789404140899 0.0 0.0
1.6448598130841123 2.5794392523364484 0.1328125 0.3644344934278313 0.0 0.0
-2.093457943925234 2.990654205607477 0.0 0.0 0.0 0.0
2.6915887850467293 -0.485981308411215 -0.02734375 0.16535945694153692 0.0 0.0
0.03738317757009302 3.925233644859813 0.3828125 0.6187184335382291 0.0 0.0
0.11214953271027994 -2.91588785046729 -0.0703125 0.2651650429449553 0.0 0.0
-1.2710280373831777 3.813084112149533 -0.31640625 0.5625 0.0 0.0
3.2149532710280377 0.3364485981308407 0.30859375 0.5555121510822243 0.0 0.0
1.1962616822429908 -2.803738317757009 0.3359375 0.5796011559684815 0.0 0.0
-0.1869158878504673 3.6635514018691593 0.21875 0.46770717334674267 0.0 0.0
-3.177570093457944 -1.2710280373831777 0.3125 0.5590169943749475 0.0 0.0
-2.5420560747663554 -1.6074766355140189 0.18359375 0.42847841252506524 0.0 0.0
2.990654205607477 -0.7850467289719627 -0.04296875 0.2072890493972125 0.0 0.0
-3.9626168224299065 -0.6728971962616823 0.35546875 0.596212000885591 0.0 0.0
-2.878504672897196 -3.3271028037383177 0.26171875 0.5115845482420281 0.0 0.0
-3.289719626168224 2.953271028037383 0.375 0.6123724356957945 0.0 0.0
-3.177570093457944 -3.588785046728972 0.40234375 0.6343057228182637 0.0 0.0
3.88785046728972 2.3551401869158877 0.3671875 0.6059599821770412 0.0 0.0
2.2429906542056077 0.14953271028037385 0.046875 0.21650635094610965 0.0 0.0
-0.11214953271028039 3.6635514018691593 0.34375 0.5863019699779287 0.0 0.0
-0.2990654205607477 2.3177570093457946 0.41796875 0.6465050270492876 0.0 0.0
-1.4205607476635516 -2.3177570093457946 -0.328125 0.57282196186948 0.0 0.0
-1.5700934579439254 -1.7943925233644862 -0.27734375 0.5266343608235224 0.0 0.0
-3.514018691588785 -0.8598130841121496 0.2734375 0.5229125165837972 0.0 0.0
-3.9626168224299065 -1.1962616822429908 0.30859375 0.5555121510822243 0.0 0.0
3.065420560747664 -2.6168224299065423 0.26171875 0.5115845482420281 0.0 0.0
-3.8878504672897196 2.2429906542056077 0.40234375 0.6343057228182637 0.0 0.0
-0.9345794392523366 -2.05607476635514 0.38671875 0.6218671481916375 0.0 0.0
2.953271028037383 0.7850467289719623 0.3515625 0.5929270612815711 0.0 0.0
1.3084112149532707 -3.9626168224299065 0.33203125 0.5762215285808054 0.0 0.0
-2.3177570093457946 -2.5794392523364484 -0.16015625 0.40019526483955303 0.0 0.0
0.44859813084112155 3.3644859813084116 0.1015625 0.31868871959954903 0.0 0.0
-3.8878504672897196 2.018691588785047 -0.10546875 0.3247595264191645 0.0 0.0
3.102803738317757 -2.91588785046729 -0.0078125 0.08838834764831845 0.0 0.0
-0.7102803738317758 -3.588785046728972 0.140625 0.375 0.0 0.0
-3.102803738317757 -1.0841121495327104 -0.08203125 0.28641098093474 0.0 0.0
-3.102803738317757 -3.925233644859813 -0.31640625 0.5625 0.0 0.0
-1.6448598130841123 1.981308411214953 0.359375 0.5994789404140899 0.0 0.0
-1.1214953271028039 -2.018691588785047 -0.06640625 0.2576941016011038 0.0 0.0
1.6448598130841123 -2.3551401869158877 -0.15234375 0.3903123748998999 0.0 0.0
-1.9065420560747666 -3.3271028037383177 -0.20703125 0.4550068680800324 0.0 0.0
1.4205607476635516 3.177570093457944 -0.171875 0.414578098794425 0.0 0.0
2.6542056074766354 -3.5514018691588785 -0.20703125 0.4550068680800324 0.0 0.0
1.7943925233644862 1.4579439252336446 0.01953125 0.13975424859373686 0.0 0.0
1.1214953271028039 3.2523364485981308 0.07421875 0.2724311839712921 0.0 0.0
0.8598130841121492 -3.289719626168224 -0.1328125 0.3644344934278313 0.0 0.0
-1.0093457943925235 -2.6168224299065423 -0.41015625 0.6404344228724749 0.0 0.0
3.5140186915887854 0.3738317757009346 -0.1171875 0.3423265984407288 0.0 0.0
-1.3457943925233646 3.4766355140186915 0.40234375 0.6343057228182637 0.0 0.0
0.41121495327102764 -3.0654205607476634 0.16796875 0.409839907768875 0.0 0.0
-2.4299065420560746 0.5233644859813085 0.35546875 0.596212000885591 0.0 0.0
-3.4018691588785046 -2.5794392523364484 0.25390625 0.5038911092686593 0.0 0.0
-1.457943925233645 -3.4018691588785046 -0.390625 0.625 0.0 0.0
2.2429906542056077 -3.925233644859813 0.3515625 0.5929270612815711 0.0 0.0
1.869158878504673 -2.3177570093457946 -0.17578125 0.4192627457812106 0.0 0.0
1.6448598130841123 -1.869158878504673 0.37890625 0.6155536126122565 0.0 0.0
0.0 2.5794392523364484 0.15625 0.39528470752104744 0.0 0.0
-3.5514018691588785 -2.05607476635514 -0.0625 0.25 0.0 0.0
-2.6168224299065423 -1.5700934579439254 0.41015625 0.6404344228724749 0.0 0.0
1.5700934579439254 -3.102803738317757 0.32421875 0.5694020986965187 0.0 0.0
2.766355140186916 -2.2803738317757007 -0.0390625 0.19764235376052372 0.0 0.0
-1.6074766355140189 1.4579439252336446 -0.078125 0.2795084971874737 0.0 0.0
2.2803738317757007 0.07476635514018692 -0.00390625 0.0625 0.0 0.0
2.2429906542056077 -3.663551401869159 0.296875 0.5448623679425842 0.0 0.0
3.2897196261682247 3.3271028037383177 0.15234375 0.3903123748998999 0.0 0.0
0.22429906542056077 2.841121495327103 -0.41796875 0.6465050270492876 0.0 0.0
-2.018691588785047 -1.869158878504673 0.1875 0.4330127018922193 0.0 0.0
2.5420560747663554 -2.841121495327103 -0.14453125 0.3801726581436387 0.0 0.0
-0.7850467289719627 -2.803738317757009 -0.26171875 0.5115845482420281 0.0 0.0
-1.2710280373831777 -2.803738317757009 -0.296875 0.5448623679425842 0.0 0.0
0.7850467289719623 -2.2803738317757007 0.37109375 0.6091746465505602 0.0 0.0
-1.1962616822429908 -3.8130841121495327 -0.3828125 0.6187184335382291 0.0 0.0
-1.457943925233645 -2.953271028037383 -0.30859375 0.5555121510822243 0.0 0.0
0.6355140186915884 -2.7289719626168223 -0.23828125 0.4881406047441659 0.0 0.0
3.5887850467289724 -3.850467289719626 -0.03515625 0.1875 0.0 0.0
-1.046728971962617 -3.0654205607476634 -0.40625 0.6373774391990981 0.0 0.0
2.5420560747663554 -1.5700934579439254 0.27734375 0.5266343608235224 0.0 0.0
0.14953271028037385 3.6261682242990654 0.2109375 0.4592793267718459 0.0 0.0
2.3551401869158877 -2.4299065420560746 -0.14453125 0.3801726581436387 0.0 0.0
3.02803738317757 -2.878504672897196 0.375 0.6123724356957945 0.0 0.0
-1.4205607476635516 2.6542056074766354 0.0546875 0.23385358667337133 0.0 0.0
-3.364485981308411 2.803738317757009 0.26171875 0.5115845482420281 0.0 0.0
0.97196261682243 2.168224299065421 0.44140625 0.6643841132959156 0.0 0.0
2.3551401869158877 1.5700934579439254 0.2578125 0.5077524002897476 0.0 0.0
-3.7009345794392523 -1.1962616822429908 0.2109375 0.4592793267718459 0.0 0.0
2.168224299065421 -0.7102803738317758 0.09375 0.30618621784789724 0.0 0.0
-1.383177570093458 -1.7943925233644862 0.08984375 0.29973947020704494 0.0 0.0
3.2523364485981308 2.6542056074766354 0.33984375 0.582961190818051 0.0 0.0
-0.1869158878504673 -3.8130841121495327 -0.3046875 0.5519850541454905 0.0 0.0
0.07476635514018692 -2.7289719626168223 0.2890625 0.5376453291901642 0.0 0.0
-0.8224299065420562 3.4392523364485985 0.1796875 0.42389562394532926 0.0 0.0
-1.0093457943925235 3.738317757009346 0.3515625 0.5929270612815711 0.0 0.0
-3.7009345794392523 -0.2990654205607477 0.390625 0.625 0.0 0.0
2.91588785046729 -1.7943925233644862 0.37890625 0.6155536126122565 0.0 0.0
2.6542056074766354 1.4579439252336446 0.16796875 0.409839907768875 0.0 0.0
1.2710280373831777 -2.168224299065421 0.2734375 0.5229125165837972 0.0 0.0
3.065420560747664 0.03738317757009302 0.1796875 0.42389562394532926 0.0 0.0
1.3457943925233646 2.803738317757009 0.171875 0.414578098794425 0.0 0.0
2.4672897196261685 1.6074766355140184 0.30078125 0.5484352742120077 0.0 0.0
-2.5046728971962615 -2.953271028037383 0.01171875 0.10825317547305482 0.0 0.0
-3.439252336448598 0.3738317757009346 0.3203125 0.5659615711335886 0.0 0.0
-2.205607476635514 -0.11214953271028039 0.3046875 0.5519850541454905 0.0 0.0
3.4766355140186915 3.2523364485981308 0.375 0.6123724356957945 0.0 0.0
3.7009345794392523 3.738317757009346 0.375 0.6123724356957945 0.0 0.0
-1.1962616822429908 -2.4672897196261685 0.40234375 0.6343057228182637 0.0 0.0
-0.03738317757009346 -3.0654205607476634 -0.20703125 0.4550068680800324 0.0 0.0
-2.093457943925234 2.6168224299065423 0.28125 0.5303300858899106 0.0 0.0
3.962616822429907 -3.0654205607476634 0.390625 0.625 0.0 0.0
2.205607476635514 2.130841121495327 0.10546875 0.3247595264191645 0.0 0.0
2.3177570093457946 0.03738317757009302 -0.08984375 0.29973947020704494 0.0 0.0
-0.8598130841121496 3.065420560747664 -0.02734375 0.16535945694153692 0.0 0.0
3.6261682242990654 3.7009345794392523 0.34375 0.5863019699779287 0.0 0.0
0.11214953271027994 -4.0 0.2421875 0.4921254921257382 0.0 0.0
-2.4299065420560746 -2.018691588785047 0.31640625 0.5625 0.0 0.0
-2.5420560747663554 3.88785046728972 -0.390625 0.625 0.0 0.0
-1.383177570093458 1.869158878504673 0.2734375 0.5229125165837972 0.0 0.0
1.6074766355140184 3.102803738317757 0.07421875 0.2724311839712921 0.0 0.0
0.2990654205607477 -2.803738317757009 0.1171875 0.3423265984407288 0.0 0.0
-1.7570093457943927 -0.97196261682243 0.3515625 0.5929270612815711 0.0 0.0
2.6542056074766354 0.2990654205607477 0.4296875 0.6555055301063447 0.0 0.0
-0.33644859813084116 2.2803738317757007 0.26953125 0.5191639914323797 0.0 0.0
-2.018691588785047 0.5607476635514015 0.33984375 0.582961190818051 0.0 0.0
-2.205607476635514 0.2616822429906538 0.34375 0.5863019699779287 0.0 0.0
-0.7102803738317758 2.6542056074766354 0.31640625 0.5625 0.0 0.0
3.925233644859813 1.08411214953271 0.34765625 0.5896238207535377 0.0 0.0
2.093457943925234 3.102803738317757 0.12890625 0.3590351654086268 0.0 0.0
1.869158878504673 -2.018691588785047 0.3046875 0.5519850541454905 0.0 0.0
2.6168224299065423 -0.7850467289719627 -0.19921875 0.44633927678392815 0.0 0.0
-1.3457943925233646 -2.093457943925234 -0.1875 0.4330127018922193 0.0 0.0
1.9065420560747661 2.3925233644859816 0.06640625 0.2576941016011038 0.0 0.0
3.140186915887851 -3.925233644859813 0.4296875 0.6555055301063447 0.0 0.0
2.766355140186916 1.5327102803738315 0.3984375 0.6312190586476298 0.0 0.0
-4.0 -3.7383177570093458 0.21875 0.46770717334674267 0.0 0.0
3.3271028037383177 3.3271028037383177 0.12890625 0.3590351654086268 0.0 0.0
-1.457943925233645 -1.9065420560747666 0.26953125 0.5191639914323797 0.0 0.0
2.4299065420560746 -0.07476635514018692 0.20703125 0.4550068680800324 0.0 0.0
-3.7383177570093458 -2.841121495327103 0.02734375 0.16535945694153692 0.0 0.0
1.1962616822429908 -2.2803738317757007 0.19921875 0.44633927678392815 0.0 0.0
-2.5420560747663554 -3.7757009345794392 -0.3203125 0.5659615711335886 0.0 0.0
0.9345794392523361 2.5046728971962615 0.09375 0.30618621784789724 0.0 0.0
0.8598130841121492 -3.7383177570093458 0.41796875 0.6465050270492876 0.0 0.0
1.6448598130841123 3.4766355140186915 0.3828125 0.6187184335382291 0.0 0.0
2.2803738317757007 3.962616822429907 -0.06640625 0.2576941016011038 0.0 0.0
-1.4953271028037385 -1.5700934579439254 0.33203125 0.5762215285808054 0.0 0.0
-2.130841121495327 -3.4018691588785046 -0.078125 0.2795084971874737 0.0 0.0
-0.6728971962616823 2.093457943925234 -0.17578125 0.4192627457812106 0.0 0.0
0.7850467289719623 2.3925233644859816 0.2578125 0.5077524002897476 0.0 0.0
-1.9065420560747666 -1.1588785046728973 0.4375 0.6614378277661477 0.0 0.0
-2.5420560747663554 2.6542056074766354 0.22265625 0.47186465220442186 0.0 0.0
2.766355140186916 -0.97196261682243 0.359375 0.5994789404140899 0.0 0.0
-0.44859813084112155 -2.6542056074766354 -0.296875 0.5448623679425842 0.0 0.0
3.4392523364485985 0.07476635514018692 0.34375 0.5863019699779287 0.0 0.0
-1.9813084112149535 -3.1401869158878504 -0.22265625 0.47186465220442186 0.0 0.0
0.5233644859813085 3.4392523364485985 0.3046875 0.5519850541454905 0.0 0.0
1.7196261682242993 -1.9813084112149535 -0.16015625 0.40019526483955303 0.0 0.0
2.6542056074766354 3.5140186915887854 0.234375 0.4841229182759271 0.0 0.0
0.7102803738317753 -3.514018691588785 -0.18359375 0.42847841252506524 0.0 0.0
2.3551401869158877 -2.6542056074766354 0.36328125 0.6027281725620597 0.0 0.0
-2.093457943925234 2.168224299065421 0.30078125 0.5484352742120077 0.0 0.0
2.990654205607477 0.5233644859813085 0.25 0.5 0.0 0.0
-1.457943925233645 1.8317757009345792 0.4453125 0.667317390751957 0.0 0.0
-0.22429906542056077 -4.0 0.32421875 0.5694020986965187 0.0 0.0
2.3551401869158877 -3.4766355140186915 0.34375 0.5863019699779287 0.0 0.0
-0.1869158878504673 2.841121495327103 -0.2578125 0.5077524002897476 0.0 0.0
1.2710280373831777 -1.6822429906542058 0.17578125 0.4192627457812106 0.0 0.0
-2.3177570093457946 1.7943925233644862 0.3125 0.5590169943749475 0.0 0.0
-1.046728971962617 1.8317757009345792 0.1875 0.4330127018922193 0.0 0.0
3.4392523364485985 2.018691588785047 0.07421875 0.2724311839712921 0.0 0.0
3.88785046728972 -2.6168224299065423 0.23046875 0.480071609241788 0.0 0.0
-2.7289719626168223 -2.91588785046729 0.23046875 0.480071609241788 0.0 0.0
3.102803738317757 -1.0093457943925235 0.2578125 0.5077524002897476 0.0 0.0
-1.2336448598130842 -2.2429906542056077 0.12890625 0.3590351654086268 0.0 0.0
3.7757009345794392 -2.168224299065421 0.4140625 0.6434768838116876 0.0 0.0
-3.0654205607476634 -1.046728971962617 0.30078125 0.5484352742120077 0.0 0.0
3.7757009345794392 0.8598130841121492 0.4453125 0.667317390751957 0.0 0.0
3.850467289719626 3.02803738317757 0.31640625 0.5625 0.0 0.0
-2.6542056074766354 -0.22429906542056077 -0.109375 0.33071891388307384 0.0 0.0
2.3177570093457946 3.88785046728972 -0.11328125 0.3365728004459065 0.0 0.0
-3.663551401869159 -0.7476635514018692 0.38671875 0.6218671481916375 0.0 0.0
0.8598130841121492 2.5420560747663554 -0.28515625 0.5340002340823456 0.0 0.0
1.869158878504673 -1.6448598130841123 0.19140625 0.4375 0.0 0.0
0.07476635514018692 2.7289719626168223 -0.09765625 0.3125 0.0 0.0
2.5794392523364484 -1.6074766355140189 -0.14453125 0.3801726581436387 0.0 0.0
2.5420560747663554 -3.7383177570093458 -0.171875 0.414578098794425 0.0 0.0
3.02803738317757 0.14953271028037385 -0.15625 0.39528470752104744 0.0 0.0
1.3457943925233646 -2.878504672897196 0.12109375 0.34798527267687634 0.0 0.0
-2.990654205607477 -0.485981308411215 -0.28515625 0.5340002340823456 0.0 0.0
-0.33644859813084116 2.018691588785047 -0.1796875 0.42389562394532926 0.0 0.0
2.5794392523364484 3.88785046728972 0.1796875 0.42389562394532926 0.0 0.0
2.953271028037383 -1.94392523364486 0.22265625 0.47186465220442186 0.0 0.0
3.962616822429907 0.18691588785046687 0.25 0.5 0.0 0.0
0.8971962616822431 -2.3551401869158877 0.3671875 0.6059599821770412 0.0 0.0
3.850467289719626 -2.766355140186916 0.375 0.6123724356957945 0.0 0.0
0.7102803738317753 2.878504672897196 0.30859375 0.5555121510822243 0.0 0.0
-1.7570093457943927 2.6168224299065423 0.359375 0.5994789404140899 0.0 0.0
