data_processed/toy_model/background_models/outer_5.ecsv
# %ECSV 1.0
# ---
# datatype:
# - {name: x, datatype: float64}
# - {name: y, datatype: float64}
# - {name: RM, datatype: float64}
# - {name: RM_uncert, datatype: float64}
# - {name: interpolation_raw, datatype: float64}
# - {name: interpolation_unc, datatype: float64}
# schema: astropy-2.0
x y RM RM_uncert interpolation_raw interpolation_unc
2.2803738317757007 3.738317757009346 0.234375 0.4841229182759271 0.0 0.0
-2.205607476635514 1.9065420560747661 0.2109375 0.4592793267718459 0.0 0.0
3.5140186915887854 0.2990654205607477 -0.32421875 0.5694020986965187 0.0 0.0
-3.4766355140186915 -2.4672897196261685 0.171875 0.414578098794425 0.0 0.0
2.6915887850467293 -2.841121495327103 0.3125 0.5590169943749475 0.0 0.0
-1.2336448598130842 2.766355140186916 0.15234375 0.3903123748998999 0.0 0.0
-1.6822429906542058 1.9065420560747661 0.25390625 0.5038911092686593 0.0 0.0
3.2149532710280377 2.5794392523364484 0.234375 0.4841229182759271 0.0 0.0
-0.8598130841121496 3.5140186915887854 0.12109375 0.34798527267687634 0.0 0.0
-2.990654205607477 0.41121495327102764 0.03515625 0.1875 0.0 0.0
3.4766355140186915 1.4953271028037385 0.08984375 0.29973947020704494 0.0 0.0
-2.4299065420560746 2.3925233644859816 0.3203125 0.5659615711335886 0.0 0.0
-2.6168224299065423 0.8224299065420562 0.17578125 0.4192627457812106 0.0 0.0
1.7570093457943923 -1.94392523364486 0.20703125 0.4550068680800324 0.0 0.0
-1.4205607476635516 -3.7383177570093458 -0.140625 0.375 0.0 0.0
-2.6168224299065423 1.94392523364486 -0.1171875 0.3423265984407288 0.0 0.0
-0.8598130841121496 2.6542056074766354 0.13671875 0.369754986443726 0.0 0.0
2.6915887850467293 3.813084112149533 -0.25390625 0.5038911092686593 0.0 0.0
3.102803738317757 0.8971962616822431 0.28125 0.5303300858899106 0.0 0.0
3.813084112149533 2.4672897196261685 0.21484375 0.46351240544347894 0.0 0.0
-1.6448598130841123 -3.9626168224299065 -0.45703125 0.676040864149498 0.0 0.0
-2.130841121495327 -0.5607476635514019 0.15234375 0.3903123748998999 0.0 0.0
3.4392523364485985 1.2336448598130838 0.19921875 0.44633927678392815 0.0 0.0
-3.5514018691588785 3.140186915887851 0.2265625 0.4759858191164943 0.0 0.0
2.766355140186916 3.850467289719626 0.1953125 0.4419417382415922 0.0 0.0
-2.841121495327103 2.3551401869158877 -0.08203125 0.28641098093474 0.0 0.0
-2.6168224299065423 -1.1214953271028039 0.21875 0.46770717334674267 0.0 0.0
-0.44859813084112155 -3.1401869158878504 -0.30859375 0.5555121510822243 0.0 0.0
-3.588785046728972 -1.6822429906542058 0.13671875 0.369754986443726 0.0 0.0
-2.3925233644859816 1.3084112149532707 0.12890625 0.3590351654086268 0.0 0.0
-2.803738317757009 -3.2149532710280373 -0.22265625 0.47186465220442186 0.0 0.0
2.3925233644859816 -3.5514018691588785 0.1953125 0.4419417382415922 0.0 0.0
-1.383177570093458 -2.5794392523364484 0.09765625 0.3125 0.0 0.0
-0.07476635514018692 3.88785046728972 0.296875 0.5448623679425842 0.0 0.0
-0.6728971962616823 -3.1401869158878504 0.33203125 0.5762215285808054 0.0 0.0
1.1962616822429908 3.925233644859813 0.296875 0.5448623679425842 0.0 0.0
1.869158878504673 3.5887850467289724 0.30078125 0.5484352742120077 0.0 0.0
1.3457943925233646 -3.6261682242990654 0.28515625 0.5340002340823456 0.0 0.0
2.803738317757009 -1.6822429906542058 -0.25 0.5 0.0 0.0
2.990654205607477 3.5140186915887854 0.20703125 0.4550068680800324 0.0 0.0
2.2803738317757007 -0.26168224299065423 0.30078125 0.5484352742120077 0.0 0.0
-0.6728971962616823 3.102803738317757 -0.19140625 0.4375 0.0 0.0
2.05607476635514 -3.0654205607476634 0.203125 0.45069390943299864 0.0 0.0
2.5046728971962615 2.91588785046729 0.26171875 0.5115845482420281 0.0 0.0
-2.6542056074766354 0.3738317757009346 0.109375 0.33071891388307384 0.0 0.0
3.2149532710280377 1.3831775700934577 0.32421875 0.5694020986965187 0.0 0.0
0.97196261682243 1.869158878504673 0.171875 0.414578098794425 0.0 0.0
-1.6074766355140189 -1.6822429906542058 0.24609375 0.49607837082461076 0.0 0.0
-2.990654205607477 2.3551401869158877 0.09375 0.30618621784789724 0.0 0.0
-2.766355140186916 -1.4953271028037385 -0.30859375 0.5555121510822243 0.0 0.0
-3.1401869158878504 -2.990654205607477 0.1171875 0.3423265984407288 0.0 0.0
-1.1588785046728973 -3.364485981308411 -0.43359375 0.6584783595532961 0.0 0.0
0.7850467289719623 -3.925233644859813 0.19921875 0.44633927678392815 0.0 0.0
3.6635514018691593 0.3364485981308407 0.27734375 0.5266343608235224 0.0 0.0
2.4299065420560746 -3.7757009345794392 -0.3359375 0.5796011559684815 0.0 0.0
2.990654205607477 -1.0841121495327104 -0.05859375 0.24206145913796356 0.0 0.0
0.44859813084112155 3.738317757009346 -0.15234375 0.3903123748998999 0.0 0.0
2.5794392523364484 0.03738317757009302 0.34375 0.5863019699779287 0.0 0.0
-3.177570093457944 2.3925233644859816 0.1796875 0.42389562394532926 0.0 0.0
3.065420560747664 0.3364485981308407 0.27734375 0.5266343608235224 0.0 0.0
2.4672897196261685 -2.3177570093457946 -0.05859375 0.24206145913796356 0.0 0.0
0.7102803738317753 -3.2149532710280373 0.16015625 0.40019526483955303 0.0 0.0
-2.5420560747663554 -2.168224299065421 -0.4453125 0.667317390751957 0.0 0.0
1.009345794392523 3.2897196261682247 0.27734375 0.5266343608235224 0.0 0.0
-2.4299065420560746 -0.22429906542056077 0.13671875 0.369754986443726 0.0 0.0
-3.2523364485981308 1.6448598130841123 0.125 0.3535533905932738 0.0 0.0
-3.588785046728972 1.009345794392523 0.26953125 0.5191639914323797 0.0 0.0
3.3271028037383177 2.803738317757009 0.16015625 0.40019526483955303 0.0 0.0
2.953271028037383 0.11214953271027994 0.01171875 0.10825317547305482 0.0 0.0
-2.205607476635514 0.5607476635514015 -0.234375 0.4841229182759271 0.0 0.0
-0.22429906542056077 -2.5794392523364484 -0.375 0.6123724356957945 0.0 0.0
-2.4672897196261685 2.093457943925234 0.109375 0.33071891388307384 0.0 0.0
3.850467289719626 1.4953271028037385 0.29296875 0.5412658773652742 0.0 0.0
3.925233644859813 -3.0654205607476634 0.25390625 0.5038911092686593 0.0 0.0
-1.0093457943925235 3.3644859813084116 0.1484375 0.385275875185561 0.0 0.0
2.841121495327103 -0.3738317757009346 0.23046875 0.480071609241788 0.0 0.0
3.925233644859813 0.7102803738317753 -0.39453125 0.6281172263200556 0.0 0.0
2.953271028037383 -2.093457943925234 -0.2265625 0.4759858191164943 0.0 0.0
-1.9065420560747666 2.990654205607477 0.2578125 0.5077524002897476 0.0 0.0
-2.130841121495327 -0.11214953271028039 0.2734375 0.5229125165837972 0.0 0.0
-3.1401869158878504 -3.7009345794392523 0.234375 0.4841229182759271 0.0 0.0
0.18691588785046687 -3.4018691588785046 0.20703125 0.4550068680800324 0.0 0.0
-3.7757009345794392 1.1962616822429908 0.1015625 0.31868871959954903 0.0 0.0
-0.1869158878504673 2.953271028037383 0.3125 0.5590169943749475 0.0 0.0
-2.205607476635514 0.6355140186915884 -0.3046875 0.5519850541454905 0.0 0.0
0.97196261682243 3.2897196261682247 0.2265625 0.4759858191164943 0.0 0.0
-0.2990654205607477 3.102803738317757 -0.296875 0.5448623679425842 0.0 0.0
1.4953271028037385 3.738317757009346 0.08984375 0.29973947020704494 0.0 0.0
-3.177570093457944 2.841121495327103 -0.08203125 0.28641098093474 0.0 0.0
-3.8130841121495327 -3.514018691588785 0.078125 0.2795084971874737 0.0 0.0
-3.4766355140186915 0.2990654205607477 0.26171875 0.5115845482420281 0.0 0.0
-3.588785046728972 0.8598130841121492 -0.26953125 0.5191639914323797 0.0 0.0
3.88785046728972 3.7757009345794392 0.0 0.0 0.0 0.0
-2.130841121495327 -0.1869158878504673 0.07421875 0.2724311839712921 0.0 0.0
-3.8878504672897196 -2.2429906542056077 -0.19921875 0.44633927678392815 0.0 0.0
-3.9626168224299065 3.177570093457944 0.265625 0.5153882032022076 0.0 0.0
0.3738317757009346 -3.6261682242990654 -0.33984375 0.582961190818051 0.0 0.0
-0.6355140186915889 2.7289719626168223 0.125 0.3535533905932738 0.0 0.0
-3.3271028037383177 3.5514018691588785 0.23828125 0.4881406047441659 0.0 0.0
-0.7476635514018692 2.6168224299065423 0.171875 0.414578098794425 0.0 0.0
2.3551401869158877 -0.6728971962616823 0.2109375 0.4592793267718459 0.0 0.0
3.102803738317757 -1.6448598130841123 0.2734375 0.5229125165837972 0.0 0.0
2.05607476635514 -1.457943925233645 0.22265625 0.47186465220442186 0.0 0.0
2.5046728971962615 -2.878504672897196 -0.23828125 0.4881406047441659 0.0 0.0
-3.5514018691588785 3.177570093457944 -0.078125 0.2795084971874737 0.0 0.0
2.803738317757009 -1.046728971962617 0.234375 0.4841229182759271 0.0 0.0
-1.383177570093458 3.02803738317757 0.28125 0.5303300858899106 0.0 0.0
3.4392523364485985 -3.5514018691588785 -0.26953125 0.5191639914323797 0.0 0.0
-0.3738317757009346 -3.289719626168224 -0.07421875 0.2724311839712921 0.0 0.0
3.738317757009346 3.5514018691588785 0.09765625 0.3125 0.0 0.0
0.97196261682243 -3.0654205607476634 -0.28515625 0.5340002340823456 0.0 0.0
-1.5700934579439254 -3.3271028037383177 -0.48046875 0.6931585316505886 0.0 0.0
-2.841121495327103 2.130841121495327 0.16796875 0.409839907768875 0.0 0.0
2.130841121495327 -0.6355140186915889 -0.31640625 0.5625 0.0 0.0
2.6542056074766354 -0.5607476635514019 -0.03125 0.1767766952966369 0.0 0.0
3.140186915887851 3.065420560747664 0.2734375 0.5229125165837972 0.0 0.0
-0.14953271028037385 -3.0654205607476634 -0.1796875 0.42389562394532926 0.0 0.0
-3.439252336448598 1.94392523364486 0.1796875 0.42389562394532926 0.0 0.0
-3.439252336448598 -2.3925233644859816 -0.140625 0.375 0.0 0.0
-2.130841121495327 -3.925233644859813 -0.19921875 0.44633927678392815 0.0 0.0
3.2523364485981308 2.5420560747663554 0.34375 0.5863019699779287 0.0 0.0
-1.532710280373832 -3.8130841121495327 -0.45703125 0.676040864149498 0.0 0.0
-0.2990654205607477 2.6542056074766354 0.22265625 0.47186465220442186 0.0 0.0
-2.953271028037383 -2.91588785046729 -0.296875 0.5448623679425842 0.0 0.0
-0.4112149532710281 -2.168224299065421 -0.2421875 0.4921254921257382 0.0 0.0
1.1962616822429908 2.878504672897196 -0.08984375 0.29973947020704494 0.0 0.0
1.5327102803738315 -3.02803738317757 0.12109375 0.34798527267687634 0.0 0.0
3.813084112149533 -2.2429906542056077 0.17578125 0.4192627457812106 0.0 0.0
2.3177570093457946 2.3925233644859816 0.16015625 0.40019526483955303 0.0 0.0
-2.3551401869158877 -3.4018691588785046 -0.265625 0.5153882032022076 0.0 0.0
-1.3084112149532712 -3.9626168224299065 0.31640625 0.5625 0.0 0.0
-2.205607476635514 2.841121495327103 0.0078125 0.08838834764831845 0.0 0.0
-1.9813084112149535 -2.766355140186916 -0.49609375 0.7043392293490403 0.0 0.0
2.3551401869158877 -2.3925233644859816 -0.0234375 0.15309310892394862 0.0 0.0
1.046728971962617 -2.841121495327103 -0.24609375 0.49607837082461076 0.0 0.0
-2.6542056074766354 -3.5514018691588785 -0.421875 0.649519052838329 0.0 0.0
3.02803738317757 -1.0841121495327104 0.12109375 0.34798527267687634 0.0 0.0
0.2990654205607477 3.738317757009346 -0.203125 0.45069390943299864 0.0 0.0
3.2149532710280377 -0.2990654205607477 0.20703125 0.4550068680800324 0.0 0.0
-0.33644859813084116 -3.289719626168224 0.26953125 0.5191639914323797 0.0 0.0
2.841121495327103 1.009345794392523 0.0703125 0.2651650429449553 0.0 0.0
0.6728971962616823 -3.4018691588785046 0.12890625 0.3590351654086268 0.0 0.0
2.093457943925234 1.5327102803738315 0.18359375 0.42847841252506524 0.0 0.0
-2.3551401869158877 0.97196261682243 0.04296875 0.2072890493972125 0.0 0.0
1.7943925233644862 2.953271028037383 -0.0078125 0.08838834764831845 0.0 0.0
3.02803738317757 -3.925233644859813 0.16796875 0.409839907768875 0.0 0.0
2.168224299065421 1.08411214953271 0.16796875 0.409839907768875 0.0 0.0
-2.2429906542056077 -3.8130841121495327 0.04296875 0.2072890493972125 0.0 0.0
3.6261682242990654 3.88785046728972 0.28125 0.5303300858899106 0.0 0.0
-3.2523364485981308 2.130841121495327 0.33203125 0.5762215285808054 0.0 0.0
3.2897196261682247 -1.6074766355140189 0.23046875 0.480071609241788 0.0 0.0
2.205607476635514 -1.7570093457943927 0.13671875 0.369754986443726 0.0 0.0
-3.02803738317757 2.3177570093457946 -0.15234375 0.3903123748998999 0.0 0.0
-2.205607476635514 3.2897196261682247 -0.35546875 0.596212000885591 0.0 0.0
-2.6168224299065423 3.140186915887851 0.23046875 0.480071609241788 0.0 0.0
3.2149532710280377 -3.0654205607476634 0.01171875 0.10825317547305482 0.0 0.0
1.2336448598130838 1.9065420560747661 0.19921875 0.44633927678392815 0.0 0.0
3.2897196261682247 3.7009345794392523 -0.1953125 0.4419417382415922 0.0 0.0
-0.5233644859813085 2.5794392523364484 -0.1328125 0.3644344934278313 0.0 0.0
-1.4953271028037385 -3.0654205607476634 -0.20703125 0.4550068680800324 0.0 0.0
3.6261682242990654 -0.44859813084112155 0.1171875 0.3423265984407288 0.0 0.0
2.2429906542056077 -1.046728971962617 0.234375 0.4841229182759271 0.0 0.0
0.11214953271027994 -3.7009345794392523 0.21875 0.46770717334674267 0.0 0.0
3.4018691588785046 -0.33644859813084116 -0.05859375 0.24206145913796356 0.0 0.0
1.009345794392523 -2.205607476635514 0.12109375 0.34798527267687634 0.0 0.0
0.18691588785046687 -2.2429906542056077 -0.25390625 0.5038911092686593 0.0 0.0
-3.663551401869159 -4.0 0.16796875 0.409839907768875 0.0 0.0
1.7943925233644862 -3.4766355140186915 0.3046875 0.5519850541454905 0.0 0.0
2.205607476635514 -2.6915887850467293 0.02734375 0.16535945694153692 0.0 0.0
3.5140186915887854 3.065420560747664 0.11328125 0.3365728004459065 0.0 0.0
-0.6728971962616823 3.02803738317757 -0.4765625 0.6903350635742038 0.0 0.0
3.177570093457944 2.766355140186916 0.1640625 0.4050462936504913 0.0 0.0
-3.4766355140186915 3.850467289719626 0.0078125 0.08838834764831845 0.0 0.0
3.140186915887851 2.953271028037383 0.1953125 0.4419417382415922 0.0 0.0
-1.0093457943925235 -3.3271028037383177 -0.4609375 0.6789237807000135 0.0 0.0
0.5233644859813085 2.803738317757009 -0.08203125 0.28641098093474 0.0 0.0
3.813084112149533 -3.588785046728972 0.25390625 0.5038911092686593 0.0 0.0
-3.102803738317757 1.6822429906542054 0.3125 0.5590169943749475 0.0 0.0
-2.3177570093457946 2.7289719626168223 -0.28515625 0.5340002340823456 0.0 0.0
-1.046728971962617 2.093457943925234 -0.19921875 0.44633927678392815 0.0 0.0
2.6915887850467293 -0.44859813084112155 -0.296875 0.5448623679425842 0.0 0.0
0.18691588785046687 2.4672897196261685 -0.02734375 0.16535945694153692 0.0 0.0
3.850467289719626 -2.803738317757009 0.23046875 0.480071609241788 0.0 0.0
1.3084112149532707 -3.588785046728972 0.2265625 0.4759858191164943 0.0 0.0
2.91588785046729 2.05607476635514 0.2421875 0.4921254921257382 0.0 0.0
1.3084112149532707 -2.878504672897196 0.2890625 0.5376453291901642 0.0 0.0
2.205607476635514 -0.8971962616822431 0.23046875 0.480071609241788 0.0 0.0
1.2336448598130838 -1.8317757009345796 0.15625 0.39528470752104744 0.0 0.0
2.990654205607477 2.803738317757009 -0.28125 0.5303300858899106 0.0 0.0
-2.3551401869158877 -0.8971962616822431 0.234375 0.4841229182759271 0.0 0.0
-2.2803738317757007 -4.0 -0.47265625 0.6875 0.0 0.0
2.2429906542056077 -3.925233644859813 0.265625 0.5153882032022076 0.0 0.0
2.5046728971962615 -3.5514018691588785 -0.33984375 0.582961190818051 0.0 0.0
-2.841121495327103 -1.9813084112149535 0.17578125 0.4192627457812106 0.0 0.0
3.925233644859813 2.205607476635514 0.2421875 0.4921254921257382 0.0 0.0
1.4205607476635516 3.4766355140186915 0.31640625 0.5625 0.0 0.0
0.5233644859813085 2.990654205607477 0.1484375 0.385275875185561 0.0 0.0
2.6168224299065423 -1.6448598130841123 -0.2890625 0.5376453291901642 0.0 0.0
2.168224299065421 -1.4205607476635516 0.1015625 0.31868871959954903 0.0 0.0
2.7289719626168223 -3.2523364485981308 0.29296875 0.5412658773652742 0.0 0.0
-4.0 -3.102803738317757 -0.25 0.5 0.0 0.0
2.018691588785047 3.140186915887851 -0.328125 0.57282196186948 0.0 0.0
3.7757009345794392 3.850467289719626 0.109375 0.33071891388307384 0.0 0.0
2.3177570093457946 0.8224299065420562 -0.4765625 0.6903350635742038 0.0 0.0
2.3551401869158877 1.869158878504673 -0.1015625 0.31868871959954903 0.0 0.0
3.102803738317757 -2.6915887850467293 0.31640625 0.5625 0.0 0.0
2.5794392523364484 2.205607476635514 0.06640625 0.2576941016011038 0.0 0.0
1.4953271028037385 -3.514018691588785 0.2421875 0.4921254921257382 0.0 0.0
-3.588785046728972 1.7570093457943923 0.32421875 0.5694020986965187 0.0 0.0
3.738317757009346 -1.7570093457943927 0.3046875 0.5519850541454905 0.0 0.0
3.102803738317757 0.2616822429906538 0.04296875 0.2072890493972125 0.0 0.0
-2.766355140186916 -3.8878504672897196 0.2578125 0.5077524002897476 0.0 0.0
-3.0654205607476634 2.5794392523364484 0.26171875 0.5115845482420281 0.0 0.0
1.8317757009345792 2.91588785046729 -0.16796875 0.409839907768875 0.0 0.0
