data_processed/toy_model/background_models/outer_4.ecsv
# %ECSV 1.0
# ---
# datatype:
# - {name: x, datatype: float64}
# - {name: y, datatype: float64}
# - {name: RM, datatype: float64}
# - {name: RM_uncert, datatype: float64}
# - {name: interpolation_raw, datatype: float64}
# - {name: interpolation_unc, datatype: float64}
# schema: astropy-2.0
x y RM RM_uncert interpolation_raw interpolation_unc
[from data line 859]
1.08411214953271 -3.4766355140186915 0.38671875 0.6218671481916375 0.0 0.0
3.4018691588785046 -1.6074766355140189 0.1484375 0.385275875185561 0.0 0.0
-1.9813084112149535 -1.8317757009345796 -0.00390625 0.0625 0.0 0.0
1.08411214953271 3.3644859813084116 0.078125 0.2795084971874737 0.0 0.0
-3.588785046728972 0.14953271028037385 0.15625 0.39528470752104744 0.0 0.0
1.7570093457943923 1.7570093457943923 0.03515625 0.1875 0.0 0.0
-3.4018691588785046 -3.4766355140186915 -0.19140625 0.4375 0.0 0.0
3.3271028037383177 -0.2990654205607477 -0.07421875 0.2724311839712921 0.0 0.0
2.05607476635514 0.0 -0.26171875 0.5115845482420281 0.0 0.0
-0.6355140186915889 -3.850467289719626 0.37109375 0.6091746465505602 0.0 0.0
2.841121495327103 3.7757009345794392 0.1171875 0.3423265984407288 0.0 0.0
1.6074766355140184 2.205607476635514 0.34375 0.5863019699779287 0.0 0.0
3.5887850467289724 -3.02803738317757 0.22265625 0.47186465220442186 0.0 0.0
1.94392523364486 -0.6355140186915889 0.40234375 0.6343057228182637 0.0 0.0
-3.7009345794392523 3.88785046728972 0.40625 0.6373774391990981 0.0 0.0
-3.850467289719626 3.02803738317757 0.1953125 0.4419417382415922 0.0 0.0
2.093457943925234 -2.2803738317757007 -0.17578125 0.4192627457812106 0.0 0.0
-3.514018691588785 3.813084112149533 0.359375 0.5994789404140899 0.0 0.0
-2.6542056074766354 0.07476635514018692 0.4453125 0.667317390751957 0.0 0.0
3.4392523364485985 2.2429906542056077 0.2890625 0.5376453291901642 0.0 0.0
-3.663551401869159 0.6728971962616823 -0.02734375 0.16535945694153692 0.0 0.0
1.4579439252336446 1.6822429906542054 0.35546875 0.596212000885591 0.0 0.0
-2.2429906542056077 0.8598130841121492 0.171875 0.414578098794425 0.0 0.0
-3.1401869158878504 1.8317757009345792 0.12890625 0.3590351654086268 0.0 0.0
1.3457943925233646 -1.7943925233644862 0.3828125 0.6187184335382291 0.0 0.0
1.5327102803738315 -1.4205607476635516 0.0234375 0.15309310892394862 0.0 0.0
-0.8598130841121496 3.4392523364485985 0.25390625 0.5038911092686593 0.0 0.0
1.2710280373831777 3.813084112149533 0.32421875 0.5694020986965187 0.0 0.0
-2.6168224299065423 1.1962616822429908 0.3984375 0.6312190586476298 0.0 0.0
0.2990654205607477 -3.102803738317757 -0.0234375 0.15309310892394862 0.0 0.0
-2.130841121495327 1.2336448598130838 0.390625 0.625 0.0 0.0
2.7289719626168223 -1.457943925233645 0.35546875 0.596212000885591 0.0 0.0
-3.102803738317757 -0.1869158878504673 0.34375 0.5863019699779287 0.0 0.0
1.3457943925233646 -2.168224299065421 0.40234375 0.6343057228182637 0.0 0.0
-3.1401869158878504 1.9065420560747661 0.23046875 0.480071609241788 0.0 0.0
3.3271028037383177 3.140186915887851 0.421875 0.649519052838329 0.0 0.0
2.803738317757009 -1.3457943925233646 0.34375 0.5863019699779287 0.0 0.0
2.3177570093457946 -1.046728971962617 -0.05078125 0.22534695471649932 0.0 0.0
-1.532710280373832 -3.439252336448598 -0.390625 0.625 0.0 0.0
1.08411214953271 3.738317757009346 0.18359375 0.42847841252506524 0.0 0.0
0.22429906542056077 -3.5514018691588785 0.11328125 0.3365728004459065 0.0 0.0
3.6261682242990654 1.1214953271028039 -0.1328125 0.3644344934278313 0.0 0.0
1.9065420560747661 -2.3925233644859816 -0.1953125 0.4419417382415922 0.0 0.0
-0.1869158878504673 2.6168224299065423 0.3515625 0.5929270612815711 0.0 0.0
-3.9626168224299065 3.925233644859813 0.2578125 0.5077524002897476 0.0 0.0
3.813084112149533 -3.663551401869159 0.0625 0.25 0.0 0.0
-2.6915887850467293 1.046728971962617 0.3046875 0.5519850541454905 0.0 0.0
1.2336448598130838 -3.102803738317757 0.2578125 0.5077524002897476 0.0 0.0
2.6168224299065423 -2.2429906542056077 -0.26953125 0.5191639914323797 0.0 0.0
3.813084112149533 -0.3738317757009346 0.09765625 0.3125 0.0 0.0
-0.26168224299065423 3.5887850467289724 0.31640625 0.5625 0.0 0.0
1.3457943925233646 -1.7570093457943927 0.32421875 0.5694020986965187 0.0 0.0
0.44859813084112155 2.6168224299065423 0.37890625 0.6155536126122565 0.0 0.0
3.6261682242990654 -1.6448598130841123 0.3828125 0.6187184335382291 0.0 0.0
-3.02803738317757 -3.588785046728972 -0.1953125 0.4419417382415922 0.0 0.0
