data_processed/toy_model/background_models/outer_4.ecsv
# %ECSV 1.0
# ---
# datatype:
# - {name: x, datatype: float64}
# - {name: y, datatype: float64}
# - {name: RM, datatype: float64}
# - {name: RM_uncert, datatype: float64}
# - {name: interpolation_raw, datatype: float64}
# - {name: interpolation_unc, datatype: float64}
# schema: astropy-2.0
x y RM RM_uncert interpolation_raw interpolation_unc
[from data line 214]
-0.07476635514018692 3.6635514018691593 0.3359375 0.5796011559684815 0.0 0.0
-1.4953271028037385 -2.018691588785047 0.2109375 0.4592793267718459 0.0 0.0
1.9065420560747661 1.046728971962617 -0.21484375 0.46351240544347894 0.0 0.0
3.3644859813084116 -0.14953271028037385 0.31640625 0.5625 0.0 0.0
-3.1401869158878504 -0.03738317757009346 0.1328125 0.3644344934278313 0.0 0.0
2.2803738317757007 0.7850467289719623 -0.31640625 0.5625 0.0 0.0
0.3738317757009346 2.2429906542056077 -0.19140625 0.4375 0.0 0.0
-2.91588785046729 -3.289719626168224 -0.15625 0.39528470752104744 0.0 0.0
-1.94392523364486 1.7570093457943923 0.2421875 0.4921254921257382 0.0 0.0
0.11214953271027994 2.766355140186916 -0.3203125 0.5659615711335886 0.0 0.0
3.5140186915887854 1.5700934579439254 0.40625 0.6373774391990981 0.0 0.0
3.5140186915887854 0.8971962616822431 0.3046875 0.5519850541454905 0.0 0.0
0.5607476635514015 -2.953271028037383 0.29296875 0.5412658773652742 0.0 0.0
3.738317757009346 -2.6542056074766354 -0.21484375 0.46351240544347894 0.0 0.0
2.766355140186916 1.1588785046728969 0.40234375 0.6343057228182637 0.0 0.0
-3.02803738317757 1.1962616822429908 0.3046875 0.5519850541454905 0.0 0.0
-2.878504672897196 3.065420560747664 -0.1015625 0.31868871959954903 0.0 0.0
-2.205607476635514 -2.3551401869158877 0.12109375 0.34798527267687634 0.0 0.0
-2.841121495327103 -3.5514018691588785 -0.12890625 0.3590351654086268 0.0 0.0
3.5514018691588785 2.7289719626168223 -0.0234375 0.15309310892394862 0.0 0.0
2.5420560747663554 0.6728971962616823 0.046875 0.21650635094610965 0.0 0.0
1.08411214953271 -2.5046728971962615 0.40234375 0.6343057228182637 0.0 0.0
-0.4112149532710281 -3.588785046728972 0.35546875 0.596212000885591 0.0 0.0
-2.168224299065421 -2.953271028037383 -0.1484375 0.385275875185561 0.0 0.0
-0.11214953271028039 2.841121495327103 0.02734375 0.16535945694153692 0.0 0.0
3.5514018691588785 0.5233644859813085 0.27734375 0.5266343608235224 0.0 0.0
2.841121495327103 -0.14953271028037385 0.00390625 0.0625 0.0 0.0
-4.0 -0.8224299065420562 0.328125 0.57282196186948 0.0 0.0
0.7476635514018692 -3.7757009345794392 0.296875 0.5448623679425842 0.0 0.0
3.065420560747664 2.3551401869158877 0.30859375 0.5555121510822243 0.0 0.0
-2.6915887850467293 -1.5700934579439254 0.20703125 0.4550068680800324 0.0 0.0
-0.8224299065420562 2.990654205607477 -0.41015625 0.6404344228724749 0.0 0.0
2.3925233644859816 1.6074766355140184 0.25390625 0.5038911092686593 0.0 0.0
-2.130841121495327 -2.803738317757009 -0.296875 0.5448623679425842 0.0 0.0
-0.485981308411215 -3.102803738317757 -0.07421875 0.2724311839712921 0.0 0.0
-1.383177570093458 1.9065420560747661 0.3359375 0.5796011559684815 0.0 0.0
1.7570093457943923 2.6542056074766354 -0.0625 0.25 0.0 0.0
2.205607476635514 -2.766355140186916 0.15625 0.39528470752104744 0.0 0.0
-3.289719626168224 1.9065420560747661 0.37109375 0.6091746465505602 0.0 0.0
1.7943925233644862 2.990654205607477 0.265625 0.5153882032022076 0.0 0.0
0.3738317757009346 -2.2803738317757007 0.359375 0.5994789404140899 0.0 0.0
1.6074766355140184 -3.7009345794392523 0.31640625 0.5625 0.0 0.0
-3.925233644859813 1.4579439252336446 -0.28125 0.5303300858899106 0.0 0.0
-0.8598130841121496 3.2149532710280377 -0.06640625 0.2576941016011038 0.0 0.0
0.48598130841121456 2.3925233644859816 0.41796875 0.6465050270492876 0.0 0.0
-0.26168224299065423 -2.5046728971962615 -0.421875 0.649519052838329 0.0 0.0
-2.2803738317757007 -1.1214953271028039 0.2890625 0.5376453291901642 0.0 0.0
-2.5420560747663554 -3.8130841121495327 -0.3828125 0.6187184335382291 0.0 0.0
-2.5046728971962615 0.48598130841121456 0.3203125 0.5659615711335886 0.0 0.0
1.5700934579439254 -1.2710280373831777 0.06640625 0.2576941016011038 0.0 0.0
-2.205607476635514 -0.44859813084112155 -0.04296875 0.2072890493972125 0.0 0.0
3.5887850467289724 -1.3084112149532712 0.24609375 0.49607837082461076 0.0 0.0
3.6261682242990654 -1.7570093457943927 0.13671875 0.369754986443726 0.0 0.0
-2.5794392523364484 1.046728971962617 0.3671875 0.6059599821770412 0.0 0.0
-2.2803738317757007 2.3551401869158877 0.30078125 0.5484352742120077 0.0 0.0
-3.4766355140186915 -1.9065420560747666 -0.42578125 0.6525191568069094 0.0 0.0
-2.953271028037383 3.5140186915887854 -0.43359375 0.6584783595532961 0.0 0.0
-2.990654205607477 2.766355140186916 0.28515625 0.5340002340823456 0.0 0.0
-2.766355140186916 -2.803738317757009 -0.21484375 0.46351240544347894 0.0 0.0
-3.289719626168224 -0.26168224299065423 0.38671875 0.6218671481916375 0.0 0.0
-2.130841121495327 0.8224299065420562 0.11328125 0.3365728004459065 0.0 0.0
1.3457943925233646 -3.5514018691588785 0.12890625 0.3590351654086268 0.0 0.0
3.177570093457944 -2.6542056074766354 0.3359375 0.5796011559684815 0.0 0.0
2.878504672897196 -0.44859813084112155 0.31640625 0.5625 0.0 0.0
2.5794392523364484 -2.6915887850467293 0.3515625 0.5929270612815711 0.0 0.0
-0.7850467289719627 2.5420560747663554 0.0390625 0.19764235376052372 0.0 0.0
1.4205607476635516 -2.3551401869158877 0.31640625 0.5625 0.0 0.0
3.5140186915887854 -0.3738317757009346 0.203125 0.45069390943299864 0.0 0.0
3.88785046728972 0.5233644859813085 0.328125 0.57282196186948 0.0 0.0
-0.44859813084112155 -3.850467289719626 -0.125 0.3535533905932738 0.0 0.0
0.22429906542056077 3.5887850467289724 0.3828125 0.6187184335382291 0.0 0.0
-3.9626168224299065 3.2149532710280377 0.32421875 0.5694020986965187 0.0 0.0
-0.3738317757009346 -2.2803738317757007 0.2421875 0.4921254921257382 0.0 0.0
3.6635514018691593 0.3364485981308407 0.36328125 0.6027281725620597 0.0 0.0
-1.1588785046728973 1.7570093457943923 0.3359375 0.5796011559684815 0.0 0.0
1.7570093457943923 2.953271028037383 -0.1328125 0.3644344934278313 0.0 0.0
-2.018691588785047 -1.9813084112149535 0.21875 0.46770717334674267 0.0 0.0
1.5327102803738315 -2.6542056074766354 -0.1875 0.4330127018922193 0.0 0.0
3.102803738317757 1.08411214953271 0.03125 0.1767766952966369 0.0 0.0
1.981308411214953 -1.9065420560747666 0.1015625 0.31868871959954903 0.0 0.0
-3.9626168224299065 1.981308411214953 -0.0859375 0.29315098498896436 0.0 0.0
-3.102803738317757 -2.3925233644859816 0.34765625 0.5896238207535377 0.0 0.0
2.3551401869158877 2.803738317757009 0.2578125 0.5077524002897476 0.0 0.0
-1.6448598130841123 -2.168224299065421 -0.15625 0.39528470752104744 0.0 0.0
-0.5607476635514019 2.841121495327103 -0.18359375 0.42847841252506524 0.0 0.0
0.18691588785046687 -3.588785046728972 -0.09765625 0.3125 0.0 0.0
1.1588785046728969 3.5887850467289724 0.3828125 0.6187184335382291 0.0 0.0
-3.364485981308411 3.4392523364485985 0.32421875 0.5694020986965187 0.0 0.0
1.7943925233644862 -2.093457943925234 0.05859375 0.24206145913796356 0.0 0.0
1.981308411214953 -2.05607476635514 0.31640625 0.5625 0.0 0.0
-0.1869158878504673 -2.990654205607477 -0.11328125 0.3365728004459065 0.0 0.0
3.925233644859813 0.18691588785046687 0.22265625 0.47186465220442186 0.0 0.0
-3.102803738317757 -3.289719626168224 -0.04296875 0.2072890493972125 0.0 0.0
-1.1962616822429908 3.88785046728972 0.03125 0.1767766952966369 0.0 0.0
-3.8878504672897196 -2.6915887850467293 0.39453125 0.6281172263200556 0.0 0.0
0.5607476635514015 -3.3271028037383177 0.3125 0.5590169943749475 0.0 0.0
3.102803738317757 3.962616822429907 0.21484375 0.46351240544347894 0.0 0.0
0.3364485981308407 -3.364485981308411 -0.06640625 0.2576941016011038 0.0 0.0
1.6822429906542054 2.6168224299065423 0.125 0.3535533905932738 0.0 0.0
-3.7009345794392523 -1.1962616822429908 0.2109375 0.4592793267718459 0.0 0.0
