data_processed/toy_model/background_models/outer_1.ecsv
# %ECSV 1.0
# ---
# datatype:
# - {name: x, datatype: float64}
# - {name: y, datatype: float64}
# - {name: RM, datatype: float64}
# - {name: RM_uncert, datatype: float64}
# - {name: interpolation_raw, datatype: float64}
# - {name: interpolation_unc, datatype: float64}
# schema: astropy-2.0
x y RM RM_uncert interpolation_raw interpolation_unc
3.7009345794392523 -3.289719626168224 0.5078125 0.7126096406869612 0.0 0.0
-0.03738317757009346 2.6168224299065423 0.40625 0.6373774391990981 0.0 0.0
0.2616822429906538 2.5794392523364484 0.11328125 0.3365728004459065 0.0 0.0
2.91588785046729 -2.3177570093457946 0.125 0.3535533905932738 0.0 0.0
-3.02803738317757 1.3457943925233646 0.4609375 0.6789237807000135 0.0 0.0
-2.953271028037383 -2.4299065420560746 0.46875 0.6846531968814576 0.0 0.0
-1.457943925233645 -1.8317757009345796 0.359375 0.5994789404140899 0.0 0.0
-3.2523364485981308 -0.1869158878504673 0.46484375 0.6817945071647321 0.0 0.0
-3.514018691588785 2.093457943925234 0.453125 0.673145600891813 0.0 0.0
2.878504672897196 1.009345794392523 0.21484375 0.46351240544347894 0.0 0.0
-1.046728971962617 3.3644859813084116 0.51171875 0.7153451963912248 0.0 0.0
0.3738317757009346 -3.9626168224299065 0.20703125 0.4550068680800324 0.0 0.0
2.3551401869158877 0.7850467289719623 -0.125 0.3535533905932738 0.0 0.0
-1.0841121495327104 2.3551401869158877 0.46875 0.6846531968814576 0.0 0.0
3.4766355140186915 -0.6728971962616823 0.5703125 0.7551903733496608 0.0 0.0
2.3177570093457946 -3.663551401869159 -0.01171875 0.10825317547305482 0.0 0.0
0.7102803738317753 -3.289719626168224 -0.02734375 0.16535945694153692 0.0 0.0
-3.02803738317757 3.813084112149533 0.00390625 0.0625 0.0 0.0
-2.3177570093457946 0.18691588785046687 -0.05859375 0.24206145913796356 0.0 0.0
1.3831775700934577 -3.2523364485981308 0.125 0.3535533905932738 0.0 0.0
3.2149532710280377 2.766355140186916 0.37109375 0.6091746465505602 0.0 0.0
1.869158878504673 3.738317757009346 0.14453125 0.3801726581436387 0.0 0.0
-0.07476635514018692 2.841121495327103 0.1953125 0.4419417382415922 0.0 0.0
-2.4299065420560746 0.3364485981308407 0.1015625 0.31868871959954903 0.0 0.0
3.738317757009346 3.102803738317757 0.41796875 0.6465050270492876 0.0 0.0
0.5607476635514015 -2.05607476635514 0.3125 0.5590169943749475 0.0 0.0
-0.1869158878504673 3.3271028037383177 0.42578125 0.6525191568069094 0.0 0.0
3.6635514018691593 3.88785046728972 0.3046875 0.5519850541454905 0.0 0.0
-0.7476635514018692 -3.289719626168224 -0.3125 0.5590169943749475 0.0 0.0
2.5420560747663554 -0.7850467289719627 0.0703125 0.2651650429449553 0.0 0.0
-0.485981308411215 3.2149532710280377 0.50390625 0.7098635432250342 0.0 0.0
-0.7102803738317758 -3.6261682242990654 0.3828125 0.6187184335382291 0.0 0.0
-3.4018691588785046 3.88785046728972 0.44140625 0.6643841132959156 0.0 0.0
-2.205607476635514 -1.2710280373831777 0.40234375 0.6343057228182637 0.0 0.0
-0.6728971962616823 2.5794392523364484 0.40234375 0.6343057228182637 0.0 0.0
3.738317757009346 3.177570093457944 -0.2109375 0.4592793267718459 0.0 0.0
-2.878504672897196 -1.6448598130841123 0.4296875 0.6555055301063447 0.0 0.0
-3.02803738317757 -2.5420560747663554 0.39453125 0.6281172263200556 0.0 0.0
-3.7383177570093458 -3.289719626168224 -0.078125 0.2795084971874737 0.0 0.0
3.925233644859813 2.803738317757009 0.4765625 0.6903350635742038 0.0 0.0
-1.8317757009345796 2.5046728971962615 0.36328125 0.6027281725620597 0.0 0.0
0.44859813084112155 2.018691588785047 0.41796875 0.6465050270492876 0.0 0.0
-2.2803738317757007 -1.9813084112149535 -0.08203125 0.28641098093474 0.0 0.0
-2.130841121495327 -1.1214953271028039 0.41015625 0.6404344228724749 0.0 0.0
-3.4766355140186915 1.3831775700934577 0.44921875 0.6702378309227255 0.0 0.0
-3.3271028037383177 -1.8317757009345796 0.19140625 0.4375 0.0 0.0
3.7009345794392523 0.5233644859813085 0.41796875 0.6465050270492876 0.0 0.0
3.962616822429907 1.1962616822429908 0.38671875 0.6218671481916375 0.0 0.0
2.766355140186916 -0.1869158878504673 0.171875 0.414578098794425 0.0 0.0
-1.2336448598130842 3.7009345794392523 -0.0390625 0.19764235376052372 0.0 0.0
1.046728971962617 2.5794392523364484 0.46875 0.6846531968814576 0.0 0.0
-3.4018691588785046 -1.1214953271028039 0.484375 0.6959705453537527 0.0 0.0
0.44859813084112155 3.738317757009346 0.04296875 0.2072890493972125 0.0 0.0
-3.0654205607476634 3.02803738317757 0.46484375 0.6817945071647321 0.0 0.0
0.2990654205607477 -3.8130841121495327 0.5390625 0.7342087577794206 0.0 0.0
-1.2710280373831777 3.177570093457944 0.2421875 0.4921254921257382 0.0 0.0
-2.5420560747663554 2.6915887850467293 0.14453125 0.3801726581436387 0.0 0.0
-3.1401869158878504 1.3084112149532707 0.53125 0.7288689868556626 0.0 0.0
2.3551401869158877 0.3364485981308407 0.2421875 0.4921254921257382 0.0 0.0
2.803738317757009 0.8224299065420562 0.5078125 0.7126096406869612 0.0 0.0
-2.6168224299065423 -3.7757009345794392 -0.2890625 0.5376453291901642 0.0 0.0
-2.878504672897196 2.205607476635514 0.49609375 0.7043392293490403 0.0 0.0
2.6915887850467293 -1.4205607476635516 0.14453125 0.3801726581436387 0.0 0.0
1.009345794392523 -2.6168224299065423 -0.078125 0.2795084971874737 0.0 0.0
-3.8130841121495327 2.168224299065421 0.44140625 0.6643841132959156 0.0 0.0
-3.6261682242990654 2.018691588785047 0.51953125 0.7207851621669248 0.0 0.0
1.2710280373831777 -2.2803738317757007 0.45703125 0.676040864149498 0.0 0.0
3.6635514018691593 2.2429906542056077 0.46875 0.6846531968814576 0.0 0.0
1.2710280373831777 -2.5420560747663554 0.2109375 0.4592793267718459 0.0 0.0
3.813084112149533 2.6542056074766354 0.4765625 0.6903350635742038 0.0 0.0
-2.841121495327103 1.981308411214953 0.42578125 0.6525191568069094 0.0 0.0
1.3457943925233646 -3.2523364485981308 0.43359375 0.6584783595532961 0.0 0.0
1.6074766355140184 1.6448598130841123 0.21484375 0.46351240544347894 0.0 0.0
2.990654205607477 -1.869158878504673 0.24609375 0.49607837082461076 0.0 0.0
-2.4299065420560746 -2.2429906542056077 -0.2890625 0.5376453291901642 0.0 0.0
-3.2149532710280373 2.205607476635514 0.23828125 0.4881406047441659 0.0 0.0
3.3271028037383177 -1.7943925233644862 0.30078125 0.5484352742120077 0.0 0.0
-3.177570093457944 3.5140186915887854 -0.015625 0.125 0.0 0.0
-1.1214953271028039 -2.766355140186916 0.08203125 0.28641098093474 0.0 0.0
3.6261682242990654 1.009345794392523 -0.015625 0.125 0.0 0.0
1.5327102803738315 2.205607476635514 0.453125 0.673145600891813 0.0 0.0
2.3551401869158877 1.1588785046728969 0.44140625 0.6643841132959156 0.0 0.0
3.88785046728972 3.02803738317757 0.33203125 0.5762215285808054 0.0 0.0
2.5794392523364484 -1.869158878504673 0.234375 0.4841229182759271 0.0 0.0
-1.7943925233644862 2.05607476635514 0.0234375 0.15309310892394862 0.0 0.0
3.3271028037383177 1.7570093457943923 0.03125 0.1767766952966369 0.0 0.0
3.6635514018691593 -3.8130841121495327 0.37890625 0.6155536126122565 0.0 0.0
1.869158878504673 -1.8317757009345796 0.46875 0.6846531968814576 0.0 0.0
-4.0 -1.6448598130841123 0.48828125 0.6987712429686843 0.0 0.0
-1.869158878504673 -2.05607476635514 0.4375 0.6614378277661477 0.0 0.0
3.5140186915887854 -2.093457943925234 0.37109375 0.6091746465505602 0.0 0.0
-3.7009345794392523 -3.663551401869159 0.05859375 0.24206145913796356 0.0 0.0
-2.130841121495327 3.813084112149533 0.00390625 0.0625 0.0 0.0
-0.26168224299065423 2.878504672897196 0.22265625 0.47186465220442186 0.0 0.0
1.7196261682242993 -1.3457943925233646 0.36328125 0.6027281725620597 0.0 0.0
-2.5794392523364484 -1.94392523364486 -0.2734375 0.5229125165837972 0.0 0.0
-3.177570093457944 0.2616822429906538 0.3515625 0.5929270612815711 0.0 0.0
-3.4018691588785046 0.11214953271027994 0.015625 0.125 0.0 0.0
-3.850467289719626 3.813084112149533 0.26171875 0.5115845482420281 0.0 0.0
1.94392523364486 1.1588785046728969 0.390625 0.625 0.0 0.0
-3.177570093457944 -1.0841121495327104 -0.22265625 0.47186465220442186 0.0 0.0
1.6074766355140184 -3.102803738317757 0.484375 0.6959705453537527 0.0 0.0
1.4579439252336446 1.4953271028037385 0.0078125 0.08838834764831845 0.0 0.0
-3.5514018691588785 1.3831775700934577 0.296875 0.5448623679425842 0.0 0.0
1.6448598130841123 2.6542056074766354 0.37109375 0.6091746465505602 0.0 0.0
-3.0654205607476634 -0.3738317757009346 0.3984375 0.6312190586476298 0.0 0.0
-2.4672897196261685 -3.102803738317757 -0.296875 0.5448623679425842 0.0 0.0
2.093457943925234 -1.9813084112149535 0.40625 0.6373774391990981 0.0 0.0
-3.439252336448598 2.168224299065421 0.19140625 0.4375 0.0 0.0
3.2897196261682247 -2.990654205607477 0.44921875 0.6702378309227255 0.0 0.0
0.18691588785046687 -4.0 0.14453125 0.3801726581436387 0.0 0.0
2.6542056074766354 1.1962616822429908 0.4375 0.6614378277661477 0.0 0.0
1.7943925233644862 3.2523364485981308 0.1171875 0.3423265984407288 0.0 0.0
-1.046728971962617 3.140186915887851 0.37109375 0.6091746465505602 0.0 0.0
-1.383177570093458 2.205607476635514 0.4296875 0.6555055301063447 0.0 0.0
-0.22429906542056077 3.6261682242990654 0.49609375 0.7043392293490403 0.0 0.0
2.4299065420560746 0.8971962616822431 -0.15625 0.39528470752104744 0.0 0.0
-3.2523364485981308 -3.439252336448598 0.33203125 0.5762215285808054 0.0 0.0
3.5514018691588785 2.5420560747663554 0.49609375 0.7043392293490403 0.0 0.0
0.5233644859813085 3.850467289719626 -0.1015625 0.31868871959954903 0.0 0.0
-2.841121495327103 -2.6168224299065423 0.3203125 0.5659615711335886 0.0 0.0
3.2523364485981308 0.18691588785046687 0.48046875 0.6931585316505886 0.0 0.0
1.6448598130841123 3.2523364485981308 0.33984375 0.582961190818051 0.0 0.0
-4.0 -0.2990654205607477 0.50390625 0.7098635432250342 0.0 0.0
-1.7570093457943927 -1.6448598130841123 0.5078125 0.7126096406869612 0.0 0.0
-3.2149532710280373 -1.9813084112149535 0.1015625 0.31868871959954903 0.0 0.0
0.18691588785046687 -3.177570093457944 0.23046875 0.480071609241788 0.0 0.0
2.953271028037383 -0.6728971962616823 0.3984375 0.6312190586476298 0.0 0.0
-0.5607476635514019 3.140186915887851 -0.08203125 0.28641098093474 0.0 0.0
1.009345794392523 2.3551401869158877 0.43359375 0.6584783595532961 0.0 0.0
3.4766355140186915 -1.7943925233644862 0.359375 0.5994789404140899 0.0 0.0
-0.6355140186915889 -3.7009345794392523 0.42578125 0.6525191568069094 0.0 0.0
-2.5420560747663554 3.065420560747664 0.4609375 0.6789237807000135 0.0 0.0
1.4953271028037385 -2.3551401869158877 0.4453125 0.667317390751957 0.0 0.0
0.14953271028037385 -2.018691588785047 -0.19140625 0.4375 0.0 0.0
-0.7102803738317758 -3.8878504672897196 -0.140625 0.375 0.0 0.0
-0.7476635514018692 -2.7289719626168223 -0.16015625 0.40019526483955303 0.0 0.0
-0.6355140186915889 -2.6168224299065423 0.1015625 0.31868871959954903 0.0 0.0
2.3177570093457946 -1.4205607476635516 0.28125 0.5303300858899106 0.0 0.0
2.5420560747663554 -3.7757009345794392 0.03515625 0.1875 0.0 0.0
-0.5233644859813085 3.738317757009346 0.5234375 0.7234898064243891 0.0 0.0
1.1214953271028039 3.6261682242990654 0.37109375 0.6091746465505602 0.0 0.0
-2.6542056074766354 -0.5233644859813085 0.4765625 0.6903350635742038 0.0 0.0
1.4205607476635516 -2.4299065420560746 0.36328125 0.6027281725620597 0.0 0.0
1.6448598130841123 -3.663551401869159 -0.01171875 0.10825317547305482 0.0 0.0
-3.7757009345794392 -2.6542056074766354 0.3125 0.5590169943749475 0.0 0.0
1.8317757009345792 1.6822429906542054 0.37109375 0.6091746465505602 0.0 0.0
-3.02803738317757 -1.046728971962617 0.28515625 0.5340002340823456 0.0 0.0
2.130841121495327 3.065420560747664 0.46875 0.6846531968814576 0.0 0.0
3.738317757009346 -3.9626168224299065 0.078125 0.2795084971874737 0.0 0.0
-1.532710280373832 3.4018691588785046 0.1484375 0.385275875185561 0.0 0.0
-0.03738317757009346 3.5514018691588785 0.22265625 0.47186465220442186 0.0 0.0
0.6355140186915884 -3.1401869158878504 0.41015625 0.6404344228724749 0.0 0.0
-0.7850467289719627 3.7009345794392523 0.484375 0.6959705453537527 0.0 0.0
-2.766355140186916 -2.168224299065421 0.4609375 0.6789237807000135 0.0 0.0
-2.018691588785047 1.5327102803738315 0.49609375 0.7043392293490403 0.0 0.0
0.9345794392523361 2.841121495327103 0.3671875 0.6059599821770412 0.0 0.0
2.018691588785047 3.6635514018691593 0.5078125 0.7126096406869612 0.0 0.0
2.953271028037383 0.5607476635514015 0.43359375 0.6584783595532961 0.0 0.0
-2.766355140186916 2.91588785046729 0.5390625 0.7342087577794206 0.0 0.0
1.6448598130841123 2.4299065420560746 0.53125 0.7288689868556626 0.0 0.0
-1.7943925233644862 1.3457943925233646 0.421875 0.649519052838329 0.0 0.0
1.6448598130841123 1.981308411214953 0.44921875 0.6702378309227255 0.0 0.0
2.6542056074766354 -2.5046728971962615 -0.2109375 0.4592793267718459 0.0 0.0
2.841121495327103 -2.05607476635514 0.21484375 0.46351240544347894 0.0 0.0
1.7943925233644862 -3.7757009345794392 0.09765625 0.3125 0.0 0.0
-3.7757009345794392 1.5700934579439254 0.4609375 0.6789237807000135 0.0 0.0
2.3177570093457946 -1.3457943925233646 -0.02734375 0.16535945694153692 0.0 0.0
2.6915887850467293 3.6635514018691593 0.2734375 0.5229125165837972 0.0 0.0
3.177570093457944 0.97196261682243 0.4375 0.6614378277661477 0.0 0.0
2.130841121495327 -1.5700934579439254 -0.11328125 0.3365728004459065 0.0 0.0
1.4205607476635516 -2.5794392523364484 0.0390625 0.19764235376052372 0.0 0.0
-0.07476635514018692 -2.953271028037383 0.41796875 0.6465050270492876 0.0 0.0
-3.364485981308411 -1.0841121495327104 0.546875 0.739509972887452 0.0 0.0
-2.205607476635514 -4.0 -0.1875 0.4330127018922193 0.0 0.0
-0.7850467289719627 2.168224299065421 0.3125 0.5590169943749475 0.0 0.0
-3.7757009345794392 3.6635514018691593 0.3671875 0.6059599821770412 0.0 0.0
0.48598130841121456 -3.925233644859813 0.046875 0.21650635094610965 0.0 0.0
-3.6261682242990654 -2.3551401869158877 0.45703125 0.676040864149498 0.0 0.0
1.1214953271028039 2.205607476635514 0.46875 0.6846531968814576 0.0 0.0
-0.3738317757009346 -2.841121495327103 -0.265625 0.5153882032022076 0.0 0.0
-3.9626168224299065 2.018691588785047 0.02734375 0.16535945694153692 0.0 0.0
3.4766355140186915 0.5981308411214954 -0.1640625 0.4050462936504913 0.0 0.0
-0.5233644859813085 2.3551401869158877 -0.09765625 0.3125 0.0 0.0
1.7196261682242993 -1.2336448598130842 0.0546875 0.23385358667337133 0.0 0.0
-1.532710280373832 -1.3457943925233646 0.43359375 0.6584783595532961 0.0 0.0
2.2429906542056077 -2.018691588785047 0.46484375 0.6817945071647321 0.0 0.0
-1.6822429906542058 2.3925233644859816 0.51953125 0.7207851621669248 0.0 0.0
-3.514018691588785 -1.1962616822429908 0.47265625 0.6875 0.0 0.0
-1.046728971962617 1.94392523364486 0.4765625 0.6903350635742038 0.0 0.0
-2.6542056074766354 -3.850467289719626 -0.25390625 0.5038911092686593 0.0 0.0
-0.6355140186915889 2.4672897196261685 -0.203125 0.45069390943299864 0.0 0.0
3.177570093457944 1.1962616822429908 0.4609375 0.6789237807000135 0.0 0.0
-3.3271028037383177 0.7476635514018692 0.203125 0.45069390943299864 0.0 0.0
-2.91588785046729 -2.3177570093457946 0.5 0.7071067811865476 0.0 0.0
-0.9345794392523366 3.738317757009346 0.484375 0.6959705453537527 0.0 0.0
0.3738317757009346 -3.4018691588785046 0.0 0.0 0.0 0.0
-3.2149532710280373 1.6822429906542054 0.51953125 0.7207851621669248 0.0 0.0
-3.4766355140186915 -1.3084112149532712 0.4765625 0.6903350635742038 0.0 0.0
-2.3551401869158877 -0.7850467289719627 0.01171875 0.10825317547305482 0.0 0.0
-2.3551401869158877 1.869158878504673 0.40234375 0.6343057228182637 0.0 0.0
-0.14953271028037385 3.962616822429907 0.16796875 0.409839907768875 0.0 0.0
-1.4953271028037385 -3.850467289719626 -0.29296875 0.5412658773652742 0.0 0.0
1.2336448598130838 2.3925233644859816 0.03515625 0.1875 0.0 0.0
2.018691588785047 -1.3084112149532712 0.390625 0.625 0.0 0.0
0.07476635514018692 3.925233644859813 0.42578125 0.6525191568069094 0.0 0.0
3.3644859813084116 -0.5981308411214954 0.5546875 0.7447734554883115 0.0 0.0
3.6261682242990654 0.8224299065420562 0.32421875 0.5694020986965187 0.0 0.0
1.8317757009345792 -3.1401869158878504 -0.0234375 0.15309310892394862 0.0 0.0
-2.766355140186916 -1.869158878504673 -0.0703125 0.2651650429449553 0.0 0.0
2.018691588785047 2.3551401869158877 0.15625 0.39528470752104744 0.0 0.0
1.2336448598130838 2.2429906542056077 0.05078125 0.22534695471649932 0.0 0.0
1.6448598130841123 1.9065420560747661 0.22265625 0.47186465220442186 0.0 0.0
2.018691588785047 2.4299065420560746 0.46875 0.6846531968814576 0.0 0.0
3.4018691588785046 -0.4112149532710281 0.09765625 0.3125 0.0 0.0
