data_processed/toy_model/background_models/outer_5.ecsv
# %ECSV 1.0
# ---
# datatype:
# - {name: x, datatype: float64}
# - {name: y, datatype: float64}
# - {name: RM, datatype: float64}
# - {name: RM_uncert, datatype: float64}
# - {name: interpolation_raw, datatype: float64}
# - {name: interpolation_unc, datatype: float64}
# schema: astropy-2.0
x y RM RM_uncert interpolation_raw interpolation_unc
2.018691588785047 1.046728971962617 -0.20703125 0.4550068680800324 0.0 0.0
1.009345794392523 -2.7289719626168223 -0.12109375 0.34798527267687634 0.0 0.0
2.3925233644859816 -1.5700934579439254 -0.36328125 0.6027281725620597 0.0 0.0
-0.4112149532710281 2.168224299065421 0.09375 0.30618621784789724 0.0 0.0
0.97196261682243 1.8317757009345792 0.25 0.5 0.0 0.0
-1.94392523364486 -1.0093457943925235 0.22265625 0.47186465220442186 0.0 0.0
-2.018691588785047 1.7196261682242993 0.1328125 0.3644344934278313 0.0 0.0
2.2803738317757007 -0.8224299065420562 0.2109375 0.4592793267718459 0.0 0.0
-3.2149532710280373 -1.457943925233645 -0.0234375 0.15309310892394862 0.0 0.0
1.3084112149532707 3.5887850467289724 0.046875 0.21650635094610965 0.0 0.0
-3.4766355140186915 -2.168224299065421 -0.03125 0.1767766952966369 0.0 0.0
3.2897196261682247 3.925233644859813 0.2734375 0.5229125165837972 0.0 0.0
-2.5794392523364484 -1.2336448598130842 -0.05859375 0.24206145913796356 0.0 0.0
-1.6822429906542058 -3.663551401869159 -0.2890625 0.5376453291901642 0.0 0.0
2.878504672897196 0.14953271028037385 -0.02734375 0.16535945694153692 0.0 0.0
-0.5233644859813085 2.205607476635514 0.234375 0.4841229182759271 0.0 0.0
2.4299065420560746 -2.766355140186916 0.30859375 0.5555121510822243 0.0 0.0
-2.7289719626168223 -3.4766355140186915 -0.40234375 0.6343057228182637 0.0 0.0
0.41121495327102764 -3.588785046728972 -0.26171875 0.5115845482420281 0.0 0.0
-0.26168224299065423 -4.0 0.2578125 0.5077524002897476 0.0 0.0
-1.3457943925233646 -2.841121495327103 -0.359375 0.5994789404140899 0.0 0.0
-2.5046728971962615 -1.4205607476635516 0.234375 0.4841229182759271 0.0 0.0
3.88785046728972 -0.2990654205607477 0.2890625 0.5376453291901642 0.0 0.0
-0.26168224299065423 2.3551401869158877 0.23046875 0.480071609241788 0.0 0.0
-0.5233644859813085 2.093457943925234 0.3359375 0.5796011559684815 0.0 0.0
-3.588785046728972 -3.4766355140186915 0.02734375 0.16535945694153692 0.0 0.0
2.878504672897196 1.869158878504673 0.14453125 0.3801726581436387 0.0 0.0
3.2897196261682247 3.4018691588785046 0.30859375 0.5555121510822243 0.0 0.0
-3.7757009345794392 2.3177570093457946 0.125 0.3535533905932738 0.0 0.0
-1.8317757009345796 3.962616822429907 -0.1953125 0.4419417382415922 0.0 0.0
-3.5514018691588785 2.018691588785047 0.26171875 0.5115845482420281 0.0 0.0
2.878504672897196 1.2336448598130838 0.28125 0.5303300858899106 0.0 0.0
0.11214953271027994 -2.6168224299065423 0.28515625 0.5340002340823456 0.0 0.0
-1.9813084112149535 1.1962616822429908 -0.078125 0.2795084971874737 0.0 0.0
0.07476635514018692 -3.850467289719626 0.0 0.0 0.0 0.0
-2.3925233644859816 -2.093457943925234 -0.00390625 0.0625 0.0 0.0
0.11214953271027994 -2.2803738317757007 -0.421875 0.649519052838329 0.0 0.0
-2.3551401869158877 0.97196261682243 0.04296875 0.2072890493972125 0.0 0.0
2.3925233644859816 1.6822429906542054 0.359375 0.5994789404140899 0.0 0.0
-3.1401869158878504 -0.485981308411215 0.28515625 0.5340002340823456 0.0 0.0
-0.8971962616822431 2.5794392523364484 0.24609375 0.49607837082461076 0.0 0.0
3.5887850467289724 -1.532710280373832 0.1328125 0.3644344934278313 0.0 0.0
3.813084112149533 0.7102803738317753 -0.15234375 0.3903123748998999 0.0 0.0
0.18691588785046687 2.878504672897196 -0.4765625 0.6903350635742038 0.0 0.0
-2.130841121495327 0.48598130841121456 0.20703125 0.4550068680800324 0.0 0.0
3.850467289719626 0.97196261682243 0.23828125 0.4881406047441659 0.0 0.0
2.841121495327103 3.5140186915887854 0.24609375 0.49607837082461076 0.0 0.0
2.6168224299065423 -2.018691588785047 -0.14453125 0.3801726581436387 0.0 0.0
0.44859813084112155 -3.7009345794392523 -0.4140625 0.6434768838116876 0.0 0.0
-3.588785046728972 3.5887850467289724 -0.19140625 0.4375 0.0 0.0
2.093457943925234 0.44859813084112155 0.2421875 0.4921254921257382 0.0 0.0
-3.2149532710280373 -2.878504672897196 -0.13671875 0.369754986443726 0.0 0.0
1.869158878504673 3.102803738317757 0.21875 0.46770717334674267 0.0 0.0
2.5420560747663554 -4.0 0.03125 0.1767766952966369 0.0 0.0
-1.6822429906542058 -1.0841121495327104 -0.125 0.3535533905932738 0.0 0.0
2.803738317757009 -2.5794392523364484 -0.10546875 0.3247595264191645 0.0 0.0
-3.5514018691588785 -2.6542056074766354 -0.2578125 0.5077524002897476 0.0 0.0
-0.07476635514018692 2.4672897196261685 -0.32421875 0.5694020986965187 0.0 0.0
-3.364485981308411 2.953271028037383 0.2734375 0.5229125165837972 0.0 0.0
-0.8598130841121496 -3.588785046728972 -0.40234375 0.6343057228182637 0.0 0.0
1.4579439252336446 1.6074766355140184 -0.12109375 0.34798527267687634 0.0 0.0
0.6355140186915884 -3.9626168224299065 -0.33203125 0.5762215285808054 0.0 0.0
2.953271028037383 -3.8878504672897196 0.21875 0.46770717334674267 0.0 0.0
3.140186915887851 1.6074766355140184 0.1171875 0.3423265984407288 0.0 0.0
-3.3271028037383177 -3.7757009345794392 0.1640625 0.4050462936504913 0.0 0.0
-2.4299065420560746 -2.3925233644859816 -0.40625 0.6373774391990981 0.0 0.0
3.962616822429907 -2.130841121495327 0.2578125 0.5077524002897476 0.0 0.0
3.850467289719626 3.88785046728972 0.0703125 0.2651650429449553 0.0 0.0
3.177570093457944 -1.6448598130841123 0.3125 0.5590169943749475 0.0 0.0
2.018691588785047 -3.5514018691588785 0.19140625 0.4375 0.0 0.0
-2.2803738317757007 -3.6261682242990654 -0.4765625 0.6903350635742038 0.0 0.0
-1.4205607476635516 -1.532710280373832 0.19921875 0.44633927678392815 0.0 0.0
3.2149532710280377 -3.2149532710280373 0.18359375 0.42847841252506524 0.0 0.0
0.44859813084112155 -3.0654205607476634 0.09765625 0.3125 0.0 0.0
0.5233644859813085 2.7289719626168223 0.26953125 0.5191639914323797 0.0 0.0
-1.383177570093458 -2.6542056074766354 0.15625 0.39528470752104744 0.0 0.0
-1.4205607476635516 -1.869158878504673 0.3203125 0.5659615711335886 0.0 0.0
0.8598130841121492 3.6261682242990654 0.1171875 0.3423265984407288 0.0 0.0
-1.3084112149532712 3.4018691588785046 -0.0703125 0.2651650429449553 0.0 0.0
-2.990654205607477 1.1214953271028039 0.3515625 0.5929270612815711 0.0 0.0
3.02803738317757 -3.663551401869159 -0.296875 0.5448623679425842 0.0 0.0
-0.3738317757009346 3.4766355140186915 0.06640625 0.2576941016011038 0.0 0.0
0.44859813084112155 -3.4766355140186915 -0.4296875 0.6555055301063447 0.0 0.0
3.850467289719626 2.093457943925234 0.33984375 0.582961190818051 0.0 0.0
1.94392523364486 1.3831775700934577 -0.3984375 0.6312190586476298 0.0 0.0
2.4672897196261685 -1.1214953271028039 0.1015625 0.31868871959954903 0.0 0.0
2.3925233644859816 1.1214953271028039 0.28125 0.5303300858899106 0.0 0.0
-2.093457943925234 2.130841121495327 0.14453125 0.3801726581436387 0.0 0.0
1.3457943925233646 -1.9813084112149535 0.203125 0.45069390943299864 0.0 0.0
3.738317757009346 -1.6074766355140189 0.1875 0.4330127018922193 0.0 0.0
-3.5514018691588785 0.8224299065420562 -0.09765625 0.3125 0.0 0.0
-3.663551401869159 -1.2336448598130842 0.30078125 0.5484352742120077 0.0 0.0
-0.5981308411214954 -2.4299065420560746 -0.21875 0.46770717334674267 0.0 0.0
1.9065420560747661 1.8317757009345792 0.22265625 0.47186465220442186 0.0 0.0
-0.26168224299065423 3.7757009345794392 -0.26953125 0.5191639914323797 0.0 0.0
-3.2523364485981308 -1.9065420560747666 -0.0390625 0.19764235376052372 0.0 0.0
-0.5981308411214954 -3.8878504672897196 -0.23828125 0.4881406047441659 0.0 0.0
-0.7850467289719627 2.3551401869158877 -0.3359375 0.5796011559684815 0.0 0.0
-0.4112149532710281 3.02803738317757 0.15625 0.39528470752104744 0.0 0.0
2.5794392523364484 -3.177570093457944 0.2890625 0.5376453291901642 0.0 0.0
2.093457943925234 1.009345794392523 0.20703125 0.4550068680800324 0.0 0.0
-1.046728971962617 -1.94392523364486 0.17578125 0.4192627457812106 0.0 0.0
-0.6728971962616823 2.6915887850467293 0.265625 0.5153882032022076 0.0 0.0
3.7009345794392523 1.9065420560747661 0.2578125 0.5077524002897476 0.0 0.0
0.7102803738317753 2.5046728971962615 0.29296875 0.5412658773652742 0.0 0.0
