data_processed/toy_model/background_models/outer_1.ecsv
# %ECSV 1.0
# ---
# datatype:
# - {name: x, datatype: float64}
# - {name: y, datatype: float64}
# - {name: RM, datatype: float64}
# - {name: RM_uncert, datatype: float64}
# - {name: interpolation_raw, datatype: float64}
# - {name: interpolation_unc, datatype: float64}
# schema: astropy-2.0
x y RM RM_uncert interpolation_raw interpolation_unc
[from data line 216]
0.7102803738317753 2.803738317757009 0.4375 0.6614378277661477 0.0 0.0
-3.9626168224299065 -3.5514018691588785 0.48828125 0.6987712429686843 0.0 0.0
-0.7850467289719627 2.3925233644859816 -0.2109375 0.4592793267718459 0.0 0.0
3.102803738317757 -2.018691588785047 0.16015625 0.40019526483955303 0.0 0.0
-1.8317757009345796 3.925233644859813 -0.1015625 0.31868871959954903 0.0 0.0
0.3364485981308407 -2.953271028037383 -0.2265625 0.4759858191164943 0.0 0.0
0.8598130841121492 2.4299065420560746 0.109375 0.33071891388307384 0.0 0.0
-3.588785046728972 -0.6728971962616823 0.40234375 0.6343057228182637 0.0 0.0
2.766355140186916 -3.439252336448598 0.18359375 0.42847841252506524 0.0 0.0
-2.990654205607477 -1.0841121495327104 0.05859375 0.24206145913796356 0.0 0.0
1.869158878504673 2.093457943925234 0.484375 0.6959705453537527 0.0 0.0
-3.0654205607476634 0.7476635514018692 0.5234375 0.7234898064243891 0.0 0.0
-1.3457943925233646 1.5700934579439254 0.51171875 0.7153451963912248 0.0 0.0
-1.6074766355140189 -3.5514018691588785 -0.3046875 0.5519850541454905 0.0 0.0
3.3644859813084116 -2.5420560747663554 0.3515625 0.5929270612815711 0.0 0.0
-0.6728971962616823 -4.0 -0.03125 0.1767766952966369 0.0 0.0
-3.7009345794392523 -0.03738317757009346 0.49609375 0.7043392293490403 0.0 0.0
-2.168224299065421 0.8598130841121492 0.390625 0.625 0.0 0.0
-1.3457943925233646 -1.7570093457943927 0.52734375 0.7261843774138906 0.0 0.0
0.7476635514018692 -2.6168224299065423 0.2265625 0.4759858191164943 0.0 0.0
3.102803738317757 0.6355140186915884 -0.01171875 0.10825317547305482 0.0 0.0
1.981308411214953 -2.3551401869158877 -0.15234375 0.3903123748998999 0.0 0.0
-0.3738317757009346 3.102803738317757 -0.16796875 0.409839907768875 0.0 0.0
1.3084112149532707 2.803738317757009 0.453125 0.673145600891813 0.0 0.0
3.065420560747664 0.44859813084112155 0.453125 0.673145600891813 0.0 0.0
-1.2336448598130842 -1.8317757009345796 0.0859375 0.29315098498896436 0.0 0.0
3.5140186915887854 -0.33644859813084116 0.1328125 0.3644344934278313 0.0 0.0
2.6542056074766354 3.5140186915887854 0.34375 0.5863019699779287 0.0 0.0
-2.093457943925234 3.7757009345794392 0.01953125 0.13975424859373686 0.0 0.0
-3.8878504672897196 -0.44859813084112155 0.13671875 0.369754986443726 0.0 0.0
0.22429906542056077 3.3644859813084116 0.390625 0.625 0.0 0.0
-3.8130841121495327 3.3644859813084116 -0.0234375 0.15309310892394862 0.0 0.0
3.3271028037383177 -0.14953271028037385 0.546875 0.739509972887452 0.0 0.0
-3.289719626168224 -2.6915887850467293 -0.109375 0.33071891388307384 0.0 0.0
2.5420560747663554 0.3738317757009346 0.44140625 0.6643841132959156 0.0 0.0
-2.841121495327103 3.4018691588785046 -0.07421875 0.2724311839712921 0.0 0.0
3.2523364485981308 1.7196261682242993 0.3828125 0.6187184335382291 0.0 0.0
-3.7383177570093458 0.03738317757009302 0.4453125 0.667317390751957 0.0 0.0
3.925233644859813 0.7850467289719623 -0.0625 0.25 0.0 0.0
-2.990654205607477 0.2990654205607477 -0.11328125 0.3365728004459065 0.0 0.0
-0.485981308411215 2.2429906542056077 0.3671875 0.6059599821770412 0.0 0.0
3.102803738317757 -2.5794392523364484 0.4375 0.6614378277661477 0.0 0.0
1.9065420560747661 -0.9345794392523366 -0.0625 0.25 0.0 0.0
-3.663551401869159 3.850467289719626 0.40625 0.6373774391990981 0.0 0.0
-3.4766355140186915 1.94392523364486 0.46875 0.6846531968814576 0.0 0.0
-1.2336448598130842 -3.02803738317757 0.20703125 0.4550068680800324 0.0 0.0
0.3738317757009346 3.177570093457944 0.140625 0.375 0.0 0.0
-1.6074766355140189 -1.9813084112149535 0.45703125 0.676040864149498 0.0 0.0
-3.588785046728972 -0.3738317757009346 0.4609375 0.6789237807000135 0.0 0.0
-2.05607476635514 0.22429906542056077 0.3046875 0.5519850541454905 0.0 0.0
1.009345794392523 2.6542056074766354 0.515625 0.7180703308172536 0.0 0.0
2.3551401869158877 -1.1962616822429908 0.29296875 0.5412658773652742 0.0 0.0
3.925233644859813 -2.766355140186916 0.5078125 0.7126096406869612 0.0 0.0
1.08411214953271 -4.0 -0.00390625 0.0625 0.0 0.0
1.869158878504673 -2.5420560747663554 0.26953125 0.5191639914323797 0.0 0.0
-1.2710280373831777 -2.05607476635514 -0.0859375 0.29315098498896436 0.0 0.0
2.3177570093457946 -1.9813084112149535 0.375 0.6123724356957945 0.0 0.0
2.878504672897196 -2.018691588785047 0.1171875 0.3423265984407288 0.0 0.0
1.4205607476635516 -3.5514018691588785 0.39453125 0.6281172263200556 0.0 0.0
-1.7196261682242993 -1.5700934579439254 0.25390625 0.5038911092686593 0.0 0.0
2.3177570093457946 -0.5981308411214954 0.41796875 0.6465050270492876 0.0 0.0
-1.5700934579439254 -1.3457943925233646 0.39453125 0.6281172263200556 0.0 0.0
1.046728971962617 -1.7196261682242993 0.52734375 0.7261843774138906 0.0 0.0
-3.1401869158878504 1.3831775700934577 -0.203125 0.45069390943299864 0.0 0.0
1.6822429906542054 -1.3084112149532712 0.1015625 0.31868871959954903 0.0 0.0
-3.9626168224299065 -3.850467289719626 -0.03125 0.1767766952966369 0.0 0.0
-2.6542056074766354 -0.7102803738317758 0.51171875 0.7153451963912248 0.0 0.0
2.7289719626168223 2.6168224299065423 0.41796875 0.6465050270492876 0.0 0.0
-1.6448598130841123 3.7009345794392523 0.00390625 0.0625 0.0 0.0
-3.7383177570093458 2.5794392523364484 0.4609375 0.6789237807000135 0.0 0.0
-1.383177570093458 2.5794392523364484 0.52734375 0.7261843774138906 0.0 0.0
2.91588785046729 -2.093457943925234 -0.06640625 0.2576941016011038 0.0 0.0
-2.878504672897196 -2.4299065420560746 0.05078125 0.22534695471649932 0.0 0.0
1.7196261682242993 -2.2429906542056077 0.27734375 0.5266343608235224 0.0 0.0
-2.05607476635514 -0.6728971962616823 0.4609375 0.6789237807000135 0.0 0.0
-3.9626168224299065 0.18691588785046687 0.44140625 0.6643841132959156 0.0 0.0
2.5046728971962615 -1.7196261682242993 -0.1796875 0.42389562394532926 0.0 0.0
3.5514018691588785 2.3925233644859816 0.4296875 0.6555055301063447 0.0 0.0
0.6728971962616823 -2.168224299065421 0.49609375 0.7043392293490403 0.0 0.0
-1.9065420560747666 2.3925233644859816 0.140625 0.375 0.0 0.0
3.6261682242990654 0.3738317757009346 0.4765625 0.6903350635742038 0.0 0.0
-1.7570093457943927 -2.6542056074766354 -0.11328125 0.3365728004459065 0.0 0.0
-2.205607476635514 3.2149532710280377 0.23046875 0.480071609241788 0.0 0.0
3.4766355140186915 2.4672897196261685 0.44140625 0.6643841132959156 0.0 0.0
-2.3551401869158877 2.5420560747663554 0.50390625 0.7098635432250342 0.0 0.0
-2.2429906542056077 2.7289719626168223 0.51171875 0.7153451963912248 0.0 0.0
3.4018691588785046 0.03738317757009302 0.3984375 0.6312190586476298 0.0 0.0
-1.046728971962617 -2.803738317757009 -0.21875 0.46770717334674267 0.0 0.0
-2.953271028037383 0.07476635514018692 0.40625 0.6373774391990981 0.0 0.0
-2.3177570093457946 0.8598130841121492 0.1640625 0.4050462936504913 0.0 0.0
-1.94392523364486 -2.5794392523364484 -0.27734375 0.5266343608235224 0.0 0.0
-2.878504672897196 2.766355140186916 0.53515625 0.7315437444199766 0.0 0.0
0.9345794392523361 2.4299065420560746 0.18359375 0.42847841252506524 0.0 0.0
3.4392523364485985 -2.130841121495327 0.37109375 0.6091746465505602 0.0 0.0
0.7102803738317753 3.925233644859813 0.4921875 0.701560760020114 0.0 0.0
0.97196261682243 -3.177570093457944 0.3203125 0.5659615711335886 0.0 0.0
3.2149532710280377 2.093457943925234 0.44921875 0.6702378309227255 0.0 0.0
-2.878504672897196 1.08411214953271 0.45703125 0.676040864149498 0.0 0.0
0.14953271028037385 -3.3271028037383177 0.4296875 0.6555055301063447 0.0 0.0
2.2429906542056077 1.94392523364486 0.4765625 0.6903350635742038 0.0 0.0
0.2616822429906538 -2.91588785046729 -0.3046875 0.5519850541454905 0.0 0.0
0.41121495327102764 -3.925233644859813 -0.08203125 0.28641098093474 0.0 0.0
2.093457943925234 -3.7009345794392523 0.4375 0.6614378277661477 0.0 0.0
-1.7943925233644862 -1.7943925233644862 0.44140625 0.6643841132959156 0.0 0.0
-2.3925233644859816 1.869158878504673 0.4453125 0.667317390751957 0.0 0.0
3.7757009345794392 -2.91588785046729 0.37890625 0.6155536126122565 0.0 0.0
-1.1214953271028039 -3.2523364485981308 -0.140625 0.375 0.0 0.0
-2.3925233644859816 -3.364485981308411 -0.015625 0.125 0.0 0.0
-2.7289719626168223 1.5327102803738315 0.39453125 0.6281172263200556 0.0 0.0
-2.3925233644859816 2.205607476635514 0.453125 0.673145600891813 0.0 0.0
0.07476635514018692 2.018691588785047 0.33203125 0.5762215285808054 0.0 0.0
-3.439252336448598 3.065420560747664 0.51171875 0.7153451963912248 0.0 0.0
-3.925233644859813 3.177570093457944 0.484375 0.6959705453537527 0.0 0.0
1.7196261682242993 3.7757009345794392 0.5 0.7071067811865476 0.0 0.0
-4.0 1.08411214953271 0.5078125 0.7126096406869612 0.0 0.0
-3.1401869158878504 -2.2429906542056077 0.23046875 0.480071609241788 0.0 0.0
0.7850467289719623 -3.588785046728972 0.0546875 0.23385358667337133 0.0 0.0
2.803738317757009 1.94392523364486 0.51953125 0.7207851621669248 0.0 0.0
-2.05607476635514 3.850467289719626 -0.0625 0.25 0.0 0.0
-3.6261682242990654 1.9065420560747661 0.046875 0.21650635094610965 0.0 0.0
-1.6448598130841123 2.5794392523364484 0.5234375 0.7234898064243891 0.0 0.0
3.5514018691588785 -2.3177570093457946 0.40625 0.6373774391990981 0.0 0.0
-2.168224299065421 -1.7570093457943927 0.0625 0.25 0.0 0.0
3.850467289719626 0.9345794392523361 0.48828125 0.6987712429686843 0.0 0.0
-0.33644859813084116 -3.663551401869159 0.53515625 0.7315437444199766 0.0 0.0
1.4579439252336446 -2.6168224299065423 0.10546875 0.3247595264191645 0.0 0.0
3.02803738317757 3.5514018691588785 0.12109375 0.34798527267687634 0.0 0.0
1.08411214953271 -1.6822429906542058 0.453125 0.673145600891813 0.0 0.0
2.6542056074766354 -2.093457943925234 -0.19921875 0.44633927678392815 0.0 0.0
3.850467289719626 2.018691588785047 0.4296875 0.6555055301063447 0.0 0.0
-2.5420560747663554 -3.8878504672897196 -0.3203125 0.5659615711335886 0.0 0.0
3.4018691588785046 -0.5981308411214954 0.53125 0.7288689868556626 0.0 0.0
-1.7943925233644862 0.9345794392523361 0.46875 0.6846531968814576 0.0 0.0
-1.869158878504673 1.3084112149532707 0.203125 0.45069390943299864 0.0 0.0
1.4953271028037385 2.130841121495327 0.18359375 0.42847841252506524 0.0 0.0
-1.9813084112149535 -1.9813084112149535 0.515625 0.7180703308172536 0.0 0.0
-2.2803738317757007 3.88785046728972 0.3359375 0.5796011559684815 0.0 0.0
1.3084112149532707 -2.05607476635514 0.44140625 0.6643841132959156 0.0 0.0
-3.177570093457944 1.9065420560747661 0.11328125 0.3365728004459065 0.0 0.0
-1.5700934579439254 3.065420560747664 0.40234375 0.6343057228182637 0.0 0.0
-2.2429906542056077 1.6074766355140184 -0.046875 0.21650635094610965 0.0 0.0
0.6728971962616823 -2.05607476635514 0.52734375 0.7261843774138906 0.0 0.0
-3.850467289719626 -1.1588785046728973 0.53515625 0.7315437444199766 0.0 0.0
2.3551401869158877 -0.14953271028037385 0.54296875 0.7368641326594747 0.0 0.0
3.5140186915887854 -2.3177570093457946 0.4453125 0.667317390751957 0.0 0.0
-0.5981308411214954 -2.168224299065421 -0.08203125 0.28641098093474 0.0 0.0
0.7476635514018692 -3.4766355140186915 -0.1171875 0.3423265984407288 0.0 0.0
-3.289719626168224 -2.130841121495327 0.33984375 0.582961190818051 0.0 0.0
-2.130841121495327 -1.7196261682242993 0.4609375 0.6789237807000135 0.0 0.0
-3.0654205607476634 1.046728971962617 0.25 0.5 0.0 0.0
-3.0654205607476634 0.8598130841121492 0.03515625 0.1875 0.0 0.0
-2.130841121495327 -2.05607476635514 -0.09765625 0.3125 0.0 0.0
1.6822429906542054 2.2429906542056077 0.4609375 0.6789237807000135 0.0 0.0
1.08411214953271 2.841121495327103 0.4140625 0.6434768838116876 0.0 0.0
3.065420560747664 -2.130841121495327 0.01171875 0.10825317547305482 0.0 0.0
2.841121495327103 -1.3457943925233646 0.4765625 0.6903350635742038 0.0 0.0
2.3551401869158877 -3.850467289719626 -0.1953125 0.4419417382415922 0.0 0.0
3.88785046728972 -2.05607476635514 0.4921875 0.701560760020114 0.0 0.0
-0.44859813084112155 -3.8878504672897196 -0.2265625 0.4759858191164943 0.0 0.0
-3.0654205607476634 1.2336448598130838 0.4921875 0.701560760020114 0.0 0.0
1.981308411214953 2.766355140186916 0.37109375 0.6091746465505602 0.0 0.0
-3.2523364485981308 -2.4672897196261685 0.41796875 0.6465050270492876 0.0 0.0
2.803738317757009 -0.8971962616822431 0.0859375 0.29315098498896436 0.0 0.0
-3.177570093457944 0.7102803738317753 0.5078125 0.7126096406869612 0.0 0.0
-3.8130841121495327 -0.5233644859813085 0.48046875 0.6931585316505886 0.0 0.0
1.869158878504673 3.4392523364485985 0.4375 0.6614378277661477 0.0 0.0
-3.514018691588785 -2.5794392523364484 0.1640625 0.4050462936504913 0.0 0.0
-2.6542056074766354 -1.4953271028037385 0.4609375 0.6789237807000135 0.0 0.0
-2.766355140186916 2.130841121495327 0.44140625 0.6643841132959156 0.0 0.0
-3.4766355140186915 -2.841121495327103 -0.0625 0.25 0.0 0.0
-1.869158878504673 1.2710280373831777 0.453125 0.673145600891813 0.0 0.0
-0.1869158878504673 -2.4299065420560746 -0.2734375 0.5229125165837972 0.0 0.0
3.6261682242990654 -0.9345794392523366 -0.078125 0.2795084971874737 0.0 0.0
-0.26168224299065423 2.5420560747663554 0.203125 0.45069390943299864 0.0 0.0
3.5887850467289724 -1.532710280373832 0.328125 0.57282196186948 0.0 0.0
-3.4018691588785046 -1.5700934579439254 0.46484375 0.6817945071647321 0.0 0.0
0.5607476635514015 2.3177570093457946 0.4453125 0.667317390751957 0.0 0.0
0.03738317757009302 -3.3271028037383177 0.45703125 0.676040864149498 0.0 0.0
-3.0654205607476634 3.6261682242990654 -0.12890625 0.3590351654086268 0.0 0.0
-0.9345794392523366 3.5887850467289724 0.09765625 0.3125 0.0 0.0
3.2523364485981308 3.02803738317757 0.53125 0.7288689868556626 0.0 0.0
-2.5046728971962615 2.953271028037383 0.4296875 0.6555055301063447 0.0 0.0
-1.94392523364486 3.3644859813084116 0.44140625 0.6643841132959156 0.0 0.0
2.130841121495327 1.5327102803738315 0.4609375 0.6789237807000135 0.0 0.0
2.766355140186916 -0.9345794392523366 0.23828125 0.4881406047441659 0.0 0.0
1.1962616822429908 -3.289719626168224 0.47265625 0.6875 0.0 0.0
-3.8878504672897196 -2.91588785046729 0.18359375 0.42847841252506524 0.0 0.0
-2.5420560747663554 2.2803738317757007 0.359375 0.5994789404140899 0.0 0.0
-2.766355140186916 0.0 0.265625 0.5153882032022076 0.0 0.0
-0.485981308411215 -3.02803738317757 0.02734375 0.16535945694153692 0.0 0.0
-2.3551401869158877 -1.4205607476635516 -0.00390625 0.0625 0.0 0.0
-0.8598130841121496 2.5420560747663554 0.359375 0.5994789404140899 0.0 0.0
-0.8598130841121496 2.4672897196261685 -0.3203125 0.5659615711335886 0.0 0.0
3.5140186915887854 -0.5607476635514019 0.4609375 0.6789237807000135 0.0 0.0
-1.7196261682242993 3.4392523364485985 0.5078125 0.7126096406869612 0.0 0.0
-2.3551401869158877 0.44859813084112155 0.5078125 0.7126096406869612 0.0 0.0
3.02803738317757 -2.093457943925234 0.0703125 0.2651650429449553 0.0 0.0
-1.4953271028037385 2.130841121495327 0.01171875 0.10825317547305482 0.0 0.0
3.4766355140186915 -2.4299065420560746 0.453125 0.673145600891813 0.0 0.0
3.4018691588785046 2.7289719626168223 -0.04296875 0.2072890493972125 0.0 0.0
-0.22429906542056077 2.2803738317757007 0.34765625 0.5896238207535377 0.0 0.0
3.02803738317757 2.5420560747663554 0.53515625 0.7315437444199766 0.0 0.0
3.7009345794392523 0.3364485981308407 0.4921875 0.701560760020114 0.0 0.0
1.94392523364486 -2.3551401869158877 -0.08984375 0.29973947020704494 0.0 0.0
-0.485981308411215 -3.8878504672897196 -0.30859375 0.5555121510822243 0.0 0.0
-1.8317757009345796 3.813084112149533 0.5390625 0.7342087577794206 0.0 0.0
2.093457943925234 0.6355140186915884 0.43359375 0.6584783595532961 0.0 0.0
-2.018691588785047 -1.0093457943925235 0.17578125 0.4192627457812106 0.0 0.0
2.990654205607477 -0.11214953271028039 0.4921875 0.701560760020114 0.0 0.0
-1.3457943925233646 -2.093457943925234 -0.078125 0.2795084971874737 0.0 0.0
1.7196261682242993 -1.1214953271028039 0.54296875 0.7368641326594747 0.0 0.0
-2.5794392523364484 1.981308411214953 0.3984375 0.6312190586476298 0.0 0.0
-2.5420560747663554 3.738317757009346 -0.2734375 0.5229125165837972 0.0 0.0
-2.6915887850467293 3.2523364485981308 0.34375 0.5863019699779287 0.0 0.0
-3.7383177570093458 -0.07476635514018692 0.3984375 0.6312190586476298 0.0 0.0
