data_processed/toy_model/background_models/outer_6.ecsv
# %ECSV 1.0
# ---
# datatype:
# - {name: x, datatype: float64}
# - {name: y, datatype: float64}
# - {name: RM, datatype: float64}
# - {name: RM_uncert, datatype: float64}
# - {name: interpolation_raw, datatype: float64}
# - {name: interpolation_unc, datatype: float64}
# schema: astropy-2.0
x y RM RM_uncert interpolation_raw interpolation_unc
-0.2990654205607477 2.2803738317757007 0.33984375 0.582961190818051 0.0 0.0
-3.102803738317757 -1.9813084112149535 -0.28515625 0.5340002340823456 0.0 0.0
2.841121495327103 -3.850467289719626 0.265625 0.5153882032022076 0.0 0.0
-1.2336448598130842 2.6542056074766354 0.24609375 0.49607837082461076 0.0 0.0
2.3925233644859816 -0.7850467289719627 0.27734375 0.5266343608235224 0.0 0.0
-1.3084112149532712 3.2897196261682247 0.21484375 0.46351240544347894 0.0 0.0
-1.1588785046728973 -2.6915887850467293 -0.1484375 0.385275875185561 0.0 0.0
1.046728971962617 -3.925233644859813 -0.26171875 0.5115845482420281 0.0 0.0
-3.588785046728972 1.2336448598130838 0.21875 0.46770717334674267 0.0 0.0
2.841121495327103 -3.289719626168224 -0.44140625 0.6643841132959156 0.0 0.0
-2.4672897196261685 -2.878504672897196 -0.32421875 0.5694020986965187 0.0 0.0
2.5420560747663554 -3.7383177570093458 -0.2578125 0.5077524002897476 0.0 0.0
-3.663551401869159 -1.2710280373831777 0.22265625 0.47186465220442186 0.0 0.0
-0.03738317757009346 2.803738317757009 -0.0546875 0.23385358667337133 0.0 0.0
-0.22429906542056077 2.3551401869158877 0.2578125 0.5077524002897476 0.0 0.0
-3.8130841121495327 3.850467289719626 0.1171875 0.3423265984407288 0.0 0.0
1.7943925233644862 -3.588785046728972 -0.09765625 0.3125 0.0 0.0
-2.7289719626168223 0.2616822429906538 0.05078125 0.22534695471649932 0.0 0.0
3.5887850467289724 1.94392523364486 0.2421875 0.4921254921257382 0.0 0.0
-0.9345794392523366 1.981308411214953 0.05859375 0.24206145913796356 0.0 0.0
1.981308411214953 -3.514018691588785 0.23046875 0.480071609241788 0.0 0.0
-1.7196261682242993 3.065420560747664 0.19140625 0.4375 0.0 0.0
1.9065420560747661 0.6355140186915884 -0.0859375 0.29315098498896436 0.0 0.0
2.093457943925234 -1.1214953271028039 0.1328125 0.3644344934278313 0.0 0.0
-2.7289719626168223 -2.168224299065421 0.078125 0.2795084971874737 0.0 0.0
-3.850467289719626 -3.7383177570093458 0.26171875 0.5115845482420281 0.0 0.0
-3.9626168224299065 -1.8317757009345796 0.23046875 0.480071609241788 0.0 0.0
2.953271028037383 -3.102803738317757 0.28515625 0.5340002340823456 0.0 0.0
1.7570093457943923 1.981308411214953 0.30078125 0.5484352742120077 0.0 0.0
3.7009345794392523 0.11214953271027994 0.31640625 0.5625 0.0 0.0
2.841121495327103 0.22429906542056077 -0.28515625 0.5340002340823456 0.0 0.0
-3.8130841121495327 -2.953271028037383 0.21875 0.46770717334674267 0.0 0.0
-0.6728971962616823 2.205607476635514 -0.1796875 0.42389562394532926 0.0 0.0
1.981308411214953 -1.869158878504673 0.12890625 0.3590351654086268 0.0 0.0
2.3177570093457946 -3.4766355140186915 0.0859375 0.29315098498896436 0.0 0.0
2.953271028037383 3.813084112149533 -0.1953125 0.4419417382415922 0.0 0.0
-2.2803738317757007 0.8971962616822431 0.1328125 0.3644344934278313 0.0 0.0
-1.0841121495327104 -2.841121495327103 -0.23828125 0.4881406047441659 0.0 0.0
-3.2149532710280373 -1.1214953271028039 0.0 0.0 0.0 0.0
2.168224299065421 -3.2523364485981308 -0.17578125 0.4192627457812106 0.0 0.0
-0.7476635514018692 -3.4018691588785046 -0.5078125 0.7126096406869612 0.0 0.0
-3.4766355140186915 0.0 0.26171875 0.5115845482420281 0.0 0.0
1.7943925233644862 -2.953271028037383 0.2265625 0.4759858191164943 0.0 0.0
3.738317757009346 -0.2990654205607477 0.265625 0.5153882032022076 0.0 0.0
1.5700934579439254 -3.663551401869159 0.33203125 0.5762215285808054 0.0 0.0
-2.766355140186916 -2.5420560747663554 0.1953125 0.4419417382415922 0.0 0.0
3.177570093457944 1.7943925233644862 0.15625 0.39528470752104744 0.0 0.0
-1.9065420560747666 -2.953271028037383 -0.41015625 0.6404344228724749 0.0 0.0
2.205607476635514 -2.6168224299065423 0.3046875 0.5519850541454905 0.0 0.0
1.94392523364486 0.9345794392523361 0.25 0.5 0.0 0.0
-2.205607476635514 -1.383177570093458 0.25390625 0.5038911092686593 0.0 0.0
3.962616822429907 -3.289719626168224 0.05078125 0.22534695471649932 0.0 0.0
2.803738317757009 -0.7850467289719627 0.2421875 0.4921254921257382 0.0 0.0
-3.102803738317757 -2.4672897196261685 -0.0546875 0.23385358667337133 0.0 0.0
1.9065420560747661 3.4018691588785046 0.2421875 0.4921254921257382 0.0 0.0
-2.093457943925234 1.869158878504673 0.26171875 0.5115845482420281 0.0 0.0
-0.33644859813084116 3.065420560747664 -0.3046875 0.5519850541454905 0.0 0.0
3.88785046728972 0.3738317757009346 0.3359375 0.5796011559684815 0.0 0.0
-2.3551401869158877 -0.6355140186915889 0.23828125 0.4881406047441659 0.0 0.0
0.03738317757009302 -2.130841121495327 0.21875 0.46770717334674267 0.0 0.0
-4.0 -1.2336448598130842 0.20703125 0.4550068680800324 0.0 0.0
1.4205607476635516 -3.4766355140186915 0.30078125 0.5484352742120077 0.0 0.0
1.7943925233644862 -2.5794392523364484 -0.2578125 0.5077524002897476 0.0 0.0
-1.94392523364486 -1.0841121495327104 0.0234375 0.15309310892394862 0.0 0.0
-1.046728971962617 2.5794392523364484 0.3203125 0.5659615711335886 0.0 0.0
2.168224299065421 0.44859813084112155 0.08203125 0.28641098093474 0.0 0.0
3.02803738317757 -3.8130841121495327 -0.328125 0.57282196186948 0.0 0.0
1.009345794392523 2.953271028037383 0.2265625 0.4759858191164943 0.0 0.0
2.990654205607477 2.6542056074766354 0.2421875 0.4921254921257382 0.0 0.0
-0.5981308411214954 -2.4672897196261685 -0.109375 0.33071891388307384 0.0 0.0
-3.7383177570093458 3.140186915887851 0.3359375 0.5796011559684815 0.0 0.0
-1.1214953271028039 2.093457943925234 -0.25390625 0.5038911092686593 0.0 0.0
0.9345794392523361 -4.0 -0.20703125 0.4550068680800324 0.0 0.0
2.6542056074766354 2.130841121495327 0.21484375 0.46351240544347894 0.0 0.0
1.7943925233644862 1.8317757009345792 0.359375 0.5994789404140899 0.0 0.0
-1.0841121495327104 3.738317757009346 0.26171875 0.5115845482420281 0.0 0.0
-3.8878504672897196 -0.5607476635514019 0.25 0.5 0.0 0.0
1.9065420560747661 0.8971962616822431 0.28515625 0.5340002340823456 0.0 0.0
-1.1214953271028039 2.168224299065421 -0.41796875 0.6465050270492876 0.0 0.0
0.6355140186915884 -2.018691588785047 0.02734375 0.16535945694153692 0.0 0.0
-1.6822429906542058 2.093457943925234 0.07421875 0.2724311839712921 0.0 0.0
3.6635514018691593 2.5046728971962615 0.2578125 0.5077524002897476 0.0 0.0
-3.2523364485981308 -2.878504672897196 -0.14453125 0.3801726581436387 0.0 0.0
-2.6915887850467293 0.8598130841121492 0.0859375 0.29315098498896436 0.0 0.0
-3.3271028037383177 -2.2803738317757007 -0.2265625 0.4759858191164943 0.0 0.0
2.990654205607477 -4.0 0.296875 0.5448623679425842 0.0 0.0
2.6915887850467293 0.03738317757009302 0.28515625 0.5340002340823456 0.0 0.0
-2.2429906542056077 -1.6074766355140189 0.29296875 0.5412658773652742 0.0 0.0
-2.093457943925234 0.6728971962616823 -0.3046875 0.5519850541454905 0.0 0.0
2.4672897196261685 -1.532710280373832 0.13671875 0.369754986443726 0.0 0.0
-4.0 3.3271028037383177 0.234375 0.4841229182759271 0.0 0.0
-2.205607476635514 -2.4672897196261685 -0.2109375 0.4592793267718459 0.0 0.0
-3.6261682242990654 -1.0093457943925235 0.27734375 0.5266343608235224 0.0 0.0
3.7009345794392523 -2.803738317757009 0.10546875 0.3247595264191645 0.0 0.0
-1.3457943925233646 -3.364485981308411 -0.4921875 0.701560760020114 0.0 0.0
-1.9065420560747666 1.6074766355140184 0.10546875 0.3247595264191645 0.0 0.0
-3.6261682242990654 2.5420560747663554 0.2578125 0.5077524002897476 0.0 0.0
-0.26168224299065423 2.766355140186916 -0.17578125 0.4192627457812106 0.0 0.0
-2.953271028037383 -2.990654205607477 -0.3359375 0.5796011559684815 0.0 0.0
3.88785046728972 0.0 0.02734375 0.16535945694153692 0.0 0.0
3.4392523364485985 3.4018691588785046 0.3203125 0.5659615711335886 0.0 0.0
