data_processed/toy_model/background_models/outer_6.ecsv
# %ECSV 1.0
# ---
# datatype:
# - {name: x, datatype: float64}
# - {name: y, datatype: float64}
# - {name: RM, datatype: float64}
# - {name: RM_uncert, datatype: float64}
# - {name: interpolation_raw, datatype: float64}
# - {name: interpolation_unc, datatype: float64}
# schema: astropy-2.0
x y RM RM_uncert interpolation_raw interpolation_unc
[from data line 646]
-1.7943925233644862 -3.2523364485981308 -0.359375 0.5994789404140899 0.0 0.0
0.3738317757009346 2.841121495327103 -0.0390625 0.19764235376052372 0.0 0.0
2.841121495327103 -0.26168224299065423 -0.20703125 0.4550068680800324 0.0 0.0
3.962616822429907 1.869158878504673 0.08203125 0.28641098093474 0.0 0.0
1.6074766355140184 3.02803738317757 -0.30859375 0.5555121510822243 0.0 0.0
0.3738317757009346 3.5140186915887854 0.109375 0.33071891388307384 0.0 0.0
-4.0 -2.093457943925234 0.23046875 0.480071609241788 0.0 0.0
-1.6074766355140189 -3.7757009345794392 -0.0546875 0.23385358667337133 0.0 0.0
-2.953271028037383 -3.8130841121495327 -0.5234375 0.7234898064243891 0.0 0.0
1.5700934579439254 -1.7196261682242993 -0.25 0.5 0.0 0.0
1.3457943925233646 -1.532710280373832 0.21484375 0.46351240544347894 0.0 0.0
-2.841121495327103 0.18691588785046687 0.203125 0.45069390943299864 0.0 0.0
3.177570093457944 0.14953271028037385 0.2265625 0.4759858191164943 0.0 0.0
1.981308411214953 -0.97196261682243 -0.3359375 0.5796011559684815 0.0 0.0
-2.766355140186916 -0.03738317757009346 0.26171875 0.5115845482420281 0.0 0.0
-3.925233644859813 -0.8598130841121496 0.27734375 0.5266343608235224 0.0 0.0
3.177570093457944 0.48598130841121456 0.29296875 0.5412658773652742 0.0 0.0
-3.8878504672897196 1.6822429906542054 -0.3671875 0.6059599821770412 0.0 0.0
-3.4018691588785046 -0.2990654205607477 0.20703125 0.4550068680800324 0.0 0.0
3.6261682242990654 3.6635514018691593 0.109375 0.33071891388307384 0.0 0.0
-2.766355140186916 3.4018691588785046 -0.45703125 0.676040864149498 0.0 0.0
2.803738317757009 -3.0654205607476634 -0.265625 0.5153882032022076 0.0 0.0
1.4953271028037385 3.4392523364485985 -0.046875 0.21650635094610965 0.0 0.0
-3.8130841121495327 2.018691588785047 -0.21875 0.46770717334674267 0.0 0.0
2.766355140186916 -3.7757009345794392 0.1953125 0.4419417382415922 0.0 0.0
-1.0093457943925235 1.7570093457943923 0.34375 0.5863019699779287 0.0 0.0
-2.91588785046729 -0.7102803738317758 0.21875 0.46770717334674267 0.0 0.0
3.2149532710280377 1.5327102803738315 -0.296875 0.5448623679425842 0.0 0.0
2.4672897196261685 -0.485981308411215 0.171875 0.414578098794425 0.0 0.0
-0.8224299065420562 2.4299065420560746 -0.484375 0.6959705453537527 0.0 0.0
2.5420560747663554 -0.7102803738317758 -0.05859375 0.24206145913796356 0.0 0.0
-3.925233644859813 2.6915887850467293 0.1484375 0.385275875185561 0.0 0.0
3.6261682242990654 -1.94392523364486 0.19140625 0.4375 0.0 0.0
2.4299065420560746 -2.7289719626168223 0.23046875 0.480071609241788 0.0 0.0
3.6261682242990654 -3.102803738317757 0.26171875 0.5115845482420281 0.0 0.0
3.4392523364485985 1.2336448598130838 0.19921875 0.44633927678392815 0.0 0.0
-2.803738317757009 -3.9626168224299065 0.08203125 0.28641098093474 0.0 0.0
-2.7289719626168223 1.6074766355140184 0.20703125 0.4550068680800324 0.0 0.0
-0.3738317757009346 2.4299065420560746 -0.07421875 0.2724311839712921 0.0 0.0
2.3551401869158877 2.3551401869158877 0.30859375 0.5555121510822243 0.0 0.0
2.3925233644859816 0.22429906542056077 0.125 0.3535533905932738 0.0 0.0
-3.5514018691588785 0.6728971962616823 0.23828125 0.4881406047441659 0.0 0.0
-2.91588785046729 -2.130841121495327 -0.2578125 0.5077524002897476 0.0 0.0
2.018691588785047 -4.0 -0.1015625 0.31868871959954903 0.0 0.0
0.3738317757009346 -3.6261682242990654 -0.33984375 0.582961190818051 0.0 0.0
-3.9626168224299065 2.803738317757009 0.2265625 0.4759858191164943 0.0 0.0
-2.803738317757009 -1.6448598130841123 0.26171875 0.5115845482420281 0.0 0.0
3.102803738317757 -3.663551401869159 -0.31640625 0.5625 0.0 0.0
-1.7943925233644862 -1.94392523364486 0.296875 0.5448623679425842 0.0 0.0
-1.0841121495327104 -2.018691588785047 -0.08203125 0.28641098093474 0.0 0.0
-2.6542056074766354 -3.289719626168224 -0.08984375 0.29973947020704494 0.0 0.0
2.6915887850467293 -1.6074766355140189 -0.30078125 0.5484352742120077 0.0 0.0
-2.2429906542056077 -0.9345794392523366 0.1484375 0.385275875185561 0.0 0.0
0.07476635514018692 -2.3177570093457946 -0.15625 0.39528470752104744 0.0 0.0
0.3364485981308407 -3.177570093457944 -0.0703125 0.2651650429449553 0.0 0.0
-0.2990654205607477 2.205607476635514 -0.33984375 0.582961190818051 0.0 0.0
-0.22429906542056077 -2.093457943925234 0.23828125 0.4881406047441659 0.0 0.0
-3.588785046728972 2.2429906542056077 0.1875 0.4330127018922193 0.0 0.0
3.3644859813084116 -0.7850467289719627 0.14453125 0.3801726581436387 0.0 0.0
-3.6261682242990654 2.5794392523364484 0.26171875 0.5115845482420281 0.0 0.0
-1.3457943925233646 1.7943925233644862 0.07421875 0.2724311839712921 0.0 0.0
-0.1869158878504673 2.2429906542056077 0.22265625 0.47186465220442186 0.0 0.0
3.3271028037383177 -3.7009345794392523 -0.2265625 0.4759858191164943 0.0 0.0
1.9065420560747661 2.5794392523364484 -0.33203125 0.5762215285808054 0.0 0.0
-0.2990654205607477 3.2523364485981308 0.109375 0.33071891388307384 0.0 0.0
-1.9065420560747666 -3.102803738317757 -0.24609375 0.49607837082461076 0.0 0.0
-0.8598130841121496 -2.3551401869158877 0.01171875 0.10825317547305482 0.0 0.0
-2.953271028037383 2.5794392523364484 0.13671875 0.369754986443726 0.0 0.0
3.813084112149533 0.2616822429906538 0.25390625 0.5038911092686593 0.0 0.0
-1.9065420560747666 1.7196261682242993 -0.0390625 0.19764235376052372 0.0 0.0
1.6822429906542054 -3.514018691588785 0.28515625 0.5340002340823456 0.0 0.0
0.11214953271027994 2.2803738317757007 0.234375 0.4841229182759271 0.0 0.0
0.6728971962616823 -2.4299065420560746 0.1171875 0.3423265984407288 0.0 0.0
2.7289719626168223 3.5887850467289724 0.26171875 0.5115845482420281 0.0 0.0
-3.663551401869159 3.813084112149533 0.1953125 0.4419417382415922 0.0 0.0
-2.168224299065421 2.5794392523364484 0.21875 0.46770717334674267 0.0 0.0
1.7570093457943923 1.046728971962617 -0.48828125 0.6987712429686843 0.0 0.0
3.5514018691588785 -1.2710280373831777 0.05859375 0.24206145913796356 0.0 0.0
