data_processed/toy_model/background_models/outer_1.ecsv
# %ECSV 1.0
# ---
# datatype:
# - {name: x, datatype: float64}
# - {name: y, datatype: float64}
# - {name: RM, datatype: float64}
# - {name: RM_uncert, datatype: float64}
# - {name: interpolation_raw, datatype: float64}
# - {name: interpolation_unc, datatype: float64}
# schema: astropy-2.0
x y RM RM_uncert interpolation_raw interpolation_unc
[from data line 432]
-2.3925233644859816 2.878504672897196 0.15625 0.39528470752104744 0.0 0.0
-3.2149532710280373 -2.205607476635514 -0.0703125 0.2651650429449553 0.0 0.0
3.5887850467289724 -2.803738317757009 0.453125 0.673145600891813 0.0 0.0
-3.588785046728972 1.9065420560747661 0.12890625 0.3590351654086268 0.0 0.0
3.2523364485981308 1.6822429906542054 0.08984375 0.29973947020704494 0.0 0.0
2.841121495327103 -0.1869158878504673 -0.1015625 0.31868871959954903 0.0 0.0
0.11214953271027994 -3.9626168224299065 0.29296875 0.5412658773652742 0.0 0.0
-1.5700934579439254 2.6915887850467293 0.375 0.6123724356957945 0.0 0.0
-0.1869158878504673 -3.9626168224299065 0.24609375 0.49607837082461076 0.0 0.0
1.3831775700934577 2.953271028037383 0.47265625 0.6875 0.0 0.0
-3.102803738317757 -2.3551401869158877 0.390625 0.625 0.0 0.0
3.88785046728972 -1.1214953271028039 0.4296875 0.6555055301063447 0.0 0.0
1.7570093457943923 1.9065420560747661 0.40625 0.6373774391990981 0.0 0.0
-0.8971962616822431 2.168224299065421 0.25 0.5 0.0 0.0
2.2429906542056077 -1.6822429906542058 0.484375 0.6959705453537527 0.0 0.0
2.130841121495327 -0.5981308411214954 -0.2109375 0.4592793267718459 0.0 0.0
2.4299065420560746 -0.97196261682243 0.51171875 0.7153451963912248 0.0 0.0
2.3551401869158877 -2.953271028037383 -0.30078125 0.5484352742120077 0.0 0.0
1.8317757009345792 2.878504672897196 0.06640625 0.2576941016011038 0.0 0.0
-1.4953271028037385 -3.7383177570093458 0.03515625 0.1875 0.0 0.0
-3.588785046728972 1.3457943925233646 0.39453125 0.6281172263200556 0.0 0.0
-0.7476635514018692 -2.5420560747663554 0.2890625 0.5376453291901642 0.0 0.0
-1.9065420560747666 -2.4672897196261685 -0.21484375 0.46351240544347894 0.0 0.0
-3.289719626168224 -3.364485981308411 0.2109375 0.4592793267718459 0.0 0.0
1.7943925233644862 -1.1214953271028039 0.3984375 0.6312190586476298 0.0 0.0
-3.4018691588785046 -0.14953271028037385 0.3515625 0.5929270612815711 0.0 0.0
-0.2990654205607477 3.2523364485981308 0.3046875 0.5519850541454905 0.0 0.0
0.7102803738317753 -2.91588785046729 0.43359375 0.6584783595532961 0.0 0.0
3.6261682242990654 -2.990654205607477 0.38671875 0.6218671481916375 0.0 0.0
-3.925233644859813 1.08411214953271 0.28515625 0.5340002340823456 0.0 0.0
3.7757009345794392 0.8224299065420562 0.33984375 0.582961190818051 0.0 0.0
2.2803738317757007 -3.6261682242990654 0.2734375 0.5229125165837972 0.0 0.0
3.813084112149533 1.4953271028037385 0.33984375 0.582961190818051 0.0 0.0
-3.364485981308411 -1.1588785046728973 0.5234375 0.7234898064243891 0.0 0.0
-1.2710280373831777 -2.841121495327103 0.046875 0.21650635094610965 0.0 0.0
3.2897196261682247 0.2616822429906538 0.375 0.6123724356957945 0.0 0.0
-2.3925233644859816 1.2336448598130838 0.44140625 0.6643841132959156 0.0 0.0
-1.532710280373832 2.878504672897196 0.33984375 0.582961190818051 0.0 0.0
1.2336448598130838 3.6635514018691593 0.4453125 0.667317390751957 0.0 0.0
2.05607476635514 -2.205607476635514 0.28515625 0.5340002340823456 0.0 0.0
-0.14953271028037385 3.738317757009346 0.48828125 0.6987712429686843 0.0 0.0
-0.1869158878504673 -2.5794392523364484 -0.20703125 0.4550068680800324 0.0 0.0
0.6728971962616823 3.850467289719626 0.46484375 0.6817945071647321 0.0 0.0
-3.102803738317757 -3.7757009345794392 -0.0859375 0.29315098498896436 0.0 0.0
-1.0093457943925235 1.7943925233644862 0.42578125 0.6525191568069094 0.0 0.0
2.2429906542056077 -1.9065420560747666 0.1640625 0.4050462936504913 0.0 0.0
-3.3271028037383177 0.03738317757009302 0.46875 0.6846531968814576 0.0 0.0
0.7476635514018692 2.3177570093457946 0.26171875 0.5115845482420281 0.0 0.0
-1.2336448598130842 3.2523364485981308 0.52734375 0.7261843774138906 0.0 0.0
3.3271028037383177 2.990654205607477 0.51953125 0.7207851621669248 0.0 0.0
-0.4112149532710281 3.2897196261682247 -0.06640625 0.2576941016011038 0.0 0.0
3.6261682242990654 -2.2429906542056077 0.41015625 0.6404344228724749 0.0 0.0
1.4579439252336446 3.2523364485981308 0.3984375 0.6312190586476298 0.0 0.0
-1.6822429906542058 -1.1588785046728973 0.3515625 0.5929270612815711 0.0 0.0
-1.532710280373832 -2.5420560747663554 0.1171875 0.3423265984407288 0.0 0.0
2.7289719626168223 0.6728971962616823 0.2421875 0.4921254921257382 0.0 0.0
1.8317757009345792 3.065420560747664 0.30859375 0.5555121510822243 0.0 0.0
-1.9065420560747666 -2.7289719626168223 -0.17578125 0.4192627457812106 0.0 0.0
2.5046728971962615 -3.2149532710280373 -0.03515625 0.1875 0.0 0.0
-2.4672897196261685 1.4953271028037385 0.01171875 0.10825317547305482 0.0 0.0
3.3644859813084116 0.9345794392523361 0.45703125 0.676040864149498 0.0 0.0
2.168224299065421 2.6915887850467293 0.4140625 0.6434768838116876 0.0 0.0
-0.7476635514018692 2.803738317757009 0.08984375 0.29973947020704494 0.0 0.0
2.990654205607477 1.869158878504673 0.25390625 0.5038911092686593 0.0 0.0
-3.02803738317757 -0.6728971962616823 0.484375 0.6959705453537527 0.0 0.0
2.6168224299065423 -0.14953271028037385 0.50390625 0.7098635432250342 0.0 0.0
1.3831775700934577 3.6635514018691593 0.4453125 0.667317390751957 0.0 0.0
-0.5981308411214954 -2.093457943925234 -0.109375 0.33071891388307384 0.0 0.0
-2.841121495327103 -1.2336448598130842 0.4609375 0.6789237807000135 0.0 0.0
1.5327102803738315 1.94392523364486 0.19921875 0.44633927678392815 0.0 0.0
2.093457943925234 1.981308411214953 0.4140625 0.6434768838116876 0.0 0.0
-2.2803738317757007 0.2990654205607477 -0.05078125 0.22534695471649932 0.0 0.0
2.5046728971962615 0.2990654205607477 0.30078125 0.5484352742120077 0.0 0.0
-3.850467289719626 2.5046728971962615 0.21875 0.46770717334674267 0.0 0.0
-3.850467289719626 1.5700934579439254 0.03125 0.1767766952966369 0.0 0.0
3.5514018691588785 3.3644859813084116 0.52734375 0.7261843774138906 0.0 0.0
1.1962616822429908 -1.6822429906542058 0.3515625 0.5929270612815711 0.0 0.0
3.5514018691588785 -1.1214953271028039 0.37890625 0.6155536126122565 0.0 0.0
2.2803738317757007 -3.0654205607476634 -0.31640625 0.5625 0.0 0.0
-3.7757009345794392 3.925233644859813 0.48828125 0.6987712429686843 0.0 0.0
-2.2803738317757007 -2.05607476635514 0.375 0.6123724356957945 0.0 0.0
-3.364485981308411 2.5794392523364484 0.4765625 0.6903350635742038 0.0 0.0
3.5887850467289724 2.05607476635514 0.1171875 0.3423265984407288 0.0 0.0
-2.2429906542056077 -0.8971962616822431 0.45703125 0.676040864149498 0.0 0.0
3.925233644859813 1.046728971962617 0.47265625 0.6875 0.0 0.0
-2.91588785046729 1.046728971962617 0.5 0.7071067811865476 0.0 0.0
2.766355140186916 2.766355140186916 0.09375 0.30618621784789724 0.0 0.0
-2.168224299065421 -0.7476635514018692 0.00390625 0.0625 0.0 0.0
-3.514018691588785 1.046728971962617 0.2890625 0.5376453291901642 0.0 0.0
-0.5607476635514019 -3.588785046728972 0.5078125 0.7126096406869612 0.0 0.0
-3.8130841121495327 -1.6074766355140189 0.390625 0.625 0.0 0.0
3.6635514018691593 1.94392523364486 0.5234375 0.7234898064243891 0.0 0.0
3.4018691588785046 2.4299065420560746 0.46484375 0.6817945071647321 0.0 0.0
-1.9065420560747666 0.8224299065420562 0.46484375 0.6817945071647321 0.0 0.0
3.065420560747664 -1.7196261682242993 -0.09765625 0.3125 0.0 0.0
-0.5607476635514019 2.990654205607477 0.015625 0.125 0.0 0.0
-0.07476635514018692 3.7757009345794392 0.421875 0.649519052838329 0.0 0.0
2.990654205607477 -2.3925233644859816 0.3203125 0.5659615711335886 0.0 0.0
1.9065420560747661 1.869158878504673 0.48828125 0.6987712429686843 0.0 0.0
2.5046728971962615 -1.4953271028037385 0.453125 0.673145600891813 0.0 0.0
-3.7757009345794392 -1.9813084112149535 0.4921875 0.701560760020114 0.0 0.0
