data_processed/toy_model/background_models/outer_3.ecsv
# %ECSV 1.0
# ---
# datatype:
# - {name: x, datatype: float64}
# - {name: y, datatype: float64}
# - {name: RM, datatype: float64}
# - {name: RM_uncert, datatype: float64}
# - {name: interpolation_raw, datatype: float64}
# - {name: interpolation_unc, datatype: float64}
# schema: astropy-2.0
x y RM RM_uncert interpolation_raw interpolation_unc
2.6542056074766354 -3.6261682242990654 0.03515625 0.1875 0.0 0.0
-2.205607476635514 3.5514018691588785 0.390625 0.625 0.0 0.0
2.5794392523364484 -1.7943925233644862 -0.13671875 0.369754986443726 0.0 0.0
3.88785046728972 1.9065420560747661 0.1796875 0.42389562394532926 0.0 0.0
2.6915887850467293 -1.6074766355140189 -0.21484375 0.46351240544347894 0.0 0.0
1.1214953271028039 -3.177570093457944 0.28515625 0.5340002340823456 0.0 0.0
3.850467289719626 3.177570093457944 -0.13671875 0.369754986443726 0.0 0.0
-0.07476635514018692 -3.7757009345794392 -0.3828125 0.6187184335382291 0.0 0.0
3.7757009345794392 2.878504672897196 -0.0234375 0.15309310892394862 0.0 0.0
0.7102803738317753 -3.1401869158878504 0.328125 0.57282196186948 0.0 0.0
-2.205607476635514 3.6261682242990654 0.35546875 0.596212000885591 0.0 0.0
0.07476635514018692 3.4018691588785046 0.38671875 0.6218671481916375 0.0 0.0
-2.130841121495327 -0.26168224299065423 0.25390625 0.5038911092686593 0.0 0.0
-2.3551401869158877 0.3738317757009346 0.27734375 0.5266343608235224 0.0 0.0
1.4205607476635516 2.3925233644859816 0.203125 0.45069390943299864 0.0 0.0
-3.4018691588785046 3.925233644859813 0.328125 0.57282196186948 0.0 0.0
1.6822429906542054 2.3925233644859816 0.30078125 0.5484352742120077 0.0 0.0
-1.1962616822429908 -2.2803738317757007 -0.01953125 0.13975424859373686 0.0 0.0
3.7757009345794392 -3.102803738317757 0.21875 0.46770717334674267 0.0 0.0
2.05607476635514 -3.02803738317757 0.484375 0.6959705453537527 0.0 0.0
-3.925233644859813 3.3644859813084116 0.171875 0.414578098794425 0.0 0.0
1.7570093457943923 3.4392523364485985 0.37890625 0.6155536126122565 0.0 0.0
-0.8598130841121496 -2.91588785046729 -0.1640625 0.4050462936504913 0.0 0.0
-1.5700934579439254 3.177570093457944 0.37109375 0.6091746465505602 0.0 0.0
3.6261682242990654 -0.14953271028037385 -0.2265625 0.4759858191164943 0.0 0.0
-2.2429906542056077 -0.485981308411215 0.28515625 0.5340002340823456 0.0 0.0
-0.8224299065420562 -3.588785046728972 -0.33203125 0.5762215285808054 0.0 0.0
3.177570093457944 0.8971962616822431 0.30859375 0.5555121510822243 0.0 0.0
-3.439252336448598 -4.0 0.30078125 0.5484352742120077 0.0 0.0
2.91588785046729 3.88785046728972 0.234375 0.4841229182759271 0.0 0.0
3.177570093457944 -1.7943925233644862 -0.046875 0.21650635094610965 0.0 0.0
2.3551401869158877 -2.841121495327103 -0.328125 0.57282196186948 0.0 0.0
2.05607476635514 -0.11214953271028039 0.09375 0.30618621784789724 0.0 0.0
-2.5420560747663554 -1.6448598130841123 0.4140625 0.6434768838116876 0.0 0.0
-0.5607476635514019 2.2803738317757007 -0.0234375 0.15309310892394862 0.0 0.0
0.18691588785046687 -2.91588785046729 -0.3515625 0.5929270612815711 0.0 0.0
-2.7289719626168223 -3.7383177570093458 -0.375 0.6123724356957945 0.0 0.0
-2.953271028037383 -1.94392523364486 -0.1796875 0.42389562394532926 0.0 0.0
3.4392523364485985 -3.514018691588785 -0.05078125 0.22534695471649932 0.0 0.0
3.140186915887851 -3.02803738317757 0.07421875 0.2724311839712921 0.0 0.0
-3.364485981308411 3.7009345794392523 0.1171875 0.3423265984407288 0.0 0.0
-3.9626168224299065 2.2803738317757007 0.36328125 0.6027281725620597 0.0 0.0
-3.7009345794392523 1.3084112149532707 0.16796875 0.409839907768875 0.0 0.0
-3.850467289719626 -0.5607476635514019 0.328125 0.57282196186948 0.0 0.0
-2.130841121495327 2.878504672897196 0.32421875 0.5694020986965187 0.0 0.0
1.94392523364486 2.7289719626168223 0.23828125 0.4881406047441659 0.0 0.0
-3.289719626168224 2.5046728971962615 0.3984375 0.6312190586476298 0.0 0.0
0.9345794392523361 2.3925233644859816 0.015625 0.125 0.0 0.0
3.177570093457944 2.841121495327103 0.00390625 0.0625 0.0 0.0
3.850467289719626 -1.1214953271028039 0.296875 0.5448623679425842 0.0 0.0
-0.5607476635514019 3.925233644859813 -0.328125 0.57282196186948 0.0 0.0
3.2149532710280377 2.5794392523364484 0.3203125 0.5659615711335886 0.0 0.0
1.3457943925233646 -2.841121495327103 0.01953125 0.13975424859373686 0.0 0.0
-2.7289719626168223 -2.018691588785047 0.43359375 0.6584783595532961 0.0 0.0
1.1588785046728969 1.9065420560747661 0.359375 0.5994789404140899 0.0 0.0
-1.869158878504673 2.130841121495327 -0.19921875 0.44633927678392815 0.0 0.0
3.3644859813084116 2.168224299065421 -0.14453125 0.3801726581436387 0.0 0.0
-3.02803738317757 3.7009345794392523 0.19921875 0.44633927678392815 0.0 0.0
3.4766355140186915 3.4392523364485985 0.41796875 0.6465050270492876 0.0 0.0
3.140186915887851 0.2616822429906538 0.1171875 0.3423265984407288 0.0 0.0
1.4953271028037385 2.5420560747663554 -0.1484375 0.385275875185561 0.0 0.0
2.3177570093457946 3.4392523364485985 -0.14453125 0.3801726581436387 0.0 0.0
-3.663551401869159 3.2523364485981308 0.234375 0.4841229182759271 0.0 0.0
-1.532710280373832 -2.803738317757009 -0.390625 0.625 0.0 0.0
-3.850467289719626 0.5981308411214954 0.19921875 0.44633927678392815 0.0 0.0
-2.878504672897196 0.14953271028037385 0.33984375 0.582961190818051 0.0 0.0
-3.514018691588785 1.3457943925233646 0.22265625 0.47186465220442186 0.0 0.0
-3.102803738317757 -1.2710280373831777 0.33984375 0.582961190818051 0.0 0.0
-2.3551401869158877 -1.869158878504673 -0.3046875 0.5519850541454905 0.0 0.0
-4.0 -2.4672897196261685 -0.31640625 0.5625 0.0 0.0
-1.046728971962617 -2.91588785046729 -0.1796875 0.42389562394532926 0.0 0.0
1.1214953271028039 -2.2803738317757007 0.3671875 0.6059599821770412 0.0 0.0
2.130841121495327 1.1214953271028039 0.35546875 0.596212000885591 0.0 0.0
-2.4672897196261685 0.03738317757009302 0.078125 0.2795084971874737 0.0 0.0
2.841121495327103 0.7850467289719623 0.3828125 0.6187184335382291 0.0 0.0
1.3457943925233646 -3.02803738317757 -0.05859375 0.24206145913796356 0.0 0.0
2.2429906542056077 -1.6822429906542058 0.375 0.6123724356957945 0.0 0.0
-2.953271028037383 -0.03738317757009346 0.21875 0.46770717334674267 0.0 0.0
-0.1869158878504673 -2.953271028037383 0.09765625 0.3125 0.0 0.0
2.91588785046729 2.5794392523364484 0.18359375 0.42847841252506524 0.0 0.0
-3.439252336448598 0.07476635514018692 0.16796875 0.409839907768875 0.0 0.0
2.6168224299065423 -1.3457943925233646 -0.1328125 0.3644344934278313 0.0 0.0
2.3551401869158877 -3.102803738317757 -0.390625 0.625 0.0 0.0
0.6728971962616823 3.2149532710280377 0.40234375 0.6343057228182637 0.0 0.0
3.738317757009346 -2.3177570093457946 0.234375 0.4841229182759271 0.0 0.0
2.093457943925234 -2.4672897196261685 -0.12109375 0.34798527267687634 0.0 0.0
1.1214953271028039 -1.9065420560747666 0.08984375 0.29973947020704494 0.0 0.0
3.88785046728972 0.7102803738317753 -0.24609375 0.49607837082461076 0.0 0.0
-3.588785046728972 -1.2710280373831777 0.3046875 0.5519850541454905 0.0 0.0
-1.0093457943925235 -3.850467289719626 -0.09375 0.30618621784789724 0.0 0.0
2.6542056074766354 -1.3457943925233646 -0.1171875 0.3423265984407288 0.0 0.0
1.4579439252336446 -3.2523364485981308 -0.3984375 0.6312190586476298 0.0 0.0
-1.9065420560747666 1.3457943925233646 0.23828125 0.4881406047441659 0.0 0.0
2.990654205607477 2.5794392523364484 0.27734375 0.5266343608235224 0.0 0.0
-2.05607476635514 -0.3738317757009346 0.41015625 0.6404344228724749 0.0 0.0
2.2429906542056077 1.9065420560747661 0.33984375 0.582961190818051 0.0 0.0
