data_processed/proc_rms.ecsv
# %ECSV 1.0
# ---
# datatype:
# - {name: ra_dec_obj.ra, unit: deg, datatype: float64}
# - {name: ra_dec_obj.dec, unit: deg, datatype: float64}
# - {name: 'H-alpha flux [Error]', unit: R, datatype: float32}
# - {name: H-alpha flux, unit: R, datatype: float32}
# - {name: faraday_depth_radmm, unit: rad / m2, datatype: float64, description: Faraday depth in rad/m^2}
# - {name: faraday_depth_err_radmm, unit: rad / m2, datatype: float64, description: Error in Faraday depth in rad/m^2}
# meta: !!omap
# - __serialized_columns__:
#     ra_dec_obj:
#       __class__: astropy.coordinates.sky_coordinate.SkyCoord
#       dec: !astropy.table.SerializedColumn
#         __class__: astropy.coordinates.angles.Latitude
#         unit: &id001 !astropy.units.Unit {unit: deg}
#         value: !astropy.table.SerializedColumn {name: ra_dec_obj.dec}
#       frame: icrs
#       ra: !astropy.table.SerializedColumn
#         __class__: astropy.coordinates.angles.Longitude
#         unit: *id001
#         value: !astropy.table.SerializedColumn {name: ra_dec_obj.ra}
#         wrap_angle: !astropy.coordinates.Angle
#           unit: *id001
#           value: 360.0
#       representation_type: spherical
# schema: astropy-2.0
ra_dec_obj.ra ra_dec_obj.dec "H-alpha flux [Error]" "H-alpha flux" faraday_depth_radmm faraday_depth_err_radmm
[from data line 498]
204.8674926023692 -19.339025458909074 0.40625 1.6269531 -11.945501650387207 0.2428182157062814
200.96588132587044 -17.846000770498723 0.47070312 2.3134766 -5.443851588066754 2.580504841348346
201.96543900388968 -19.002023704774334 0.34179688 1.0419922 1.1413716661261941 2.38500537123206
201.11030603007853 -19.71776962631981 0.31835938 0.7973633 25.02064485621843 1.0677752104182154
204.60836799752803 -19.70832254038745 0.39453125 1.5249023 -1.0577557193456504 0.4043167396687869
204.5945435010356 -19.70812227952161 0.39453125 1.5249023 -1.4754171476346956 2.5793463516699306
203.07995611805163 -19.132167839618138 0.35742188 1.1640625 -6.2746654023074555 1.8700145895248794
203.07865911186136 -19.132360459930045 0.35742188 1.1640625 -4.744180160893502 2.0268451406553942
204.9830627479841 -16.84499544524933 0.27929688 0.34069824 3.0261760607562547 0.7552431206895933
201.71142590456898 -16.042158261235485 0.69140625 4.482422 6.918459468865176 1.2411974361237847
205.48190304812613 -16.42400940566369 0.35351562 1.0537109 0.35038498813568564 0.7211811380979508
201.80574023392703 -16.352687878230196 0.6953125 4.5390625 13.475162390534965 2.4183445908879917
206.49572754601272 -18.518281961532477 0.38476562 1.4350586 11.658353299012632 1.0946488325959451
204.0035401303536 -15.431517821291067 0.68359375 4.3691406 18.087973531043676 1.737553213357094
203.74713127033172 -18.134982928584655 0.328125 0.8654785 -3.171673047416796 0.3530913292118107
203.75288395304523 -18.139282346446556 0.34179688 0.99975586 -4.508664615179338 0.5210866569347335
204.66879264534296 -17.906711471339698 0.33203125 0.9030762 -12.849511625459897 2.4245745351075385
202.9867706345616 -17.80511099424182 0.34179688 1.003418 -5.398897169394532 0.43343136306483254
202.99166871973924 -17.8122025225276 0.34179688 1.003418 -8.959189032318088 0.43267380522210647
202.98460398041706 -17.80712513662241 0.34179688 1.003418 -4.906358894105373 0.6075616322205163
204.02948005065917 -15.32058931162774 0.68359375 4.376953 0.4889553482285769 0.26436234796385727
201.02078240769612 -16.271661694695723 0.65234375 4.111328 -29.91882031302922 0.05289578831865138
206.31549071854408 -16.641067591546843 0.34375 1.0087891 9.64205878120274 1.053684748764306
204.62747185623508 -18.55196387110104 0.4453125 2.0214844 14.699276603887782 0.8923400252031072
204.62702944756776 -18.569337780421787 0.4453125 2.0214844 3.7908310128385887 0.8747991849797229
204.6285400032587 -18.55858229598497 0.4453125 2.0214844 17.319347895852964 2.3715242423335914
204.62640395135554 -18.571287205770428 0.4453125 2.0214844 0.41440982281797517 1.693262472291005
204.6301880404695 -18.55379296046581 0.4453125 2.0214844 19.4122384050334 1.9241389855440698
205.55679324613942 -14.263013987291474 0.6484375 4.0546875 -12.1864075362755 1.7083175653620737
203.31578061353784 -15.757324262608604 0.73828125 4.9277344 -7.278364413862099 1.7209856677818627
202.91352853134924 -17.91751094153033 0.34179688 0.9914551 0.9624848009766651 1.9007774068641885
206.26380920053023 -17.85331331867696 0.28125 0.38598633 -3.992049693046747 1.6302068975958648
205.395263623091 -18.597198547064554 0.48242188 2.3916016 -10.006746118215208 2.450582699836964
201.21145622762086 -16.575838149547437 0.6015625 3.602539 -31.253829724950123 2.534614161440062
202.3873140029102 -15.501238582098352 0.66015625 4.1347656 5.78461060878378 2.0268306859240237
203.71066281083498 -16.677698209690227 0.5546875 3.0996094 11.53787389931738 2.573007230877364
200.52705383087368 -17.6194420211825 0.48046875 2.3964844 10.32820944377848 1.3586764093938106
200.52691661081184 -17.62409974394308 0.48046875 2.3964844 -8.249436393076504 2.3152617078102073
205.02273566577549 -15.488828847948511 0.70703125 4.5839844 -4.459813849556879 0.5287129901131691
205.02180477760973 -15.482975818647075 0.70703125 4.5839844 -1.14856881329938 1.4892781007149936
203.9227448882641 -14.513855158630724 0.6875 4.4375 -15.166118663920475 1.4986583549908374
201.07762163356338 -17.39034658533377 0.47070312 2.3095703 2.184225191991274 0.27354520730189474
203.0223389965695 -19.250848735673358 0.35351562 1.1176758 -4.047063170141182 1.840837242294371
204.53712452179002 -16.341333340791863 0.51171875 2.6171875 1.348984184637641 0.11556204777094795
204.5330506790555 -16.344951739909266 0.515625 2.6679688 0.6127513712776432 0.9416321497111401
200.9784088319874 -14.681168604654221 0.76953125 5.2402344 6.334180773788807 0.4841835412596052
200.98426815529902 -14.67371739915572 0.76953125 5.2402344 8.041832378239961 0.8834906267842189
201.14184551768457 -17.005681970637323 0.609375 3.6953125 6.492841838296384 0.8868625215110275
201.1463167355623 -17.000454069279744 0.609375 3.6953125 0.3092526514142055 1.696114270038444
205.46611025481056 -16.642074699580103 0.37109375 1.2353516 11.020293690625422 0.9426794928568083
205.4615174009545 -16.639324067521674 0.37109375 1.2353516 -2.4370839878768153 0.5485708650466564
203.7302399245774 -15.202031381686776 0.6953125 4.484375 10.484293339729037 0.6017093660490971
203.71862795818308 -15.220075764248765 0.6953125 4.484375 -0.03649537693219056 0.6366198456690734
201.57923888627684 -14.826093644477288 0.71875 4.7304688 -13.468495705244123 2.0276452843867254
200.6353760077423 -18.597541832757063 0.31640625 0.76904297 -14.466012185051481 0.7535090257768933
200.6320037272598 -18.591543166476274 0.31640625 0.76904297 -7.419245773955016 0.7497541888382776
203.4379577567108 -19.844955440389274 0.47460938 2.2958984 -0.15261104453094418 0.12885822879305128
200.30480982853578 -15.9218300345628 0.6484375 4.0625 2.8660353487499073 0.7735824202939411
203.00268546781453 -17.16126830753325 0.42382812 1.8076172 -4.003479571567641 2.3302536444446544
203.48857115811904 -14.739539399903359 0.7109375 4.6757812 4.225750890295036 1.4885716563143034
202.06323246399919 -14.287740891174492 0.72265625 4.841797 -0.861918910369476 2.4813564506367545
200.25149522348696 -16.47221553374007 0.61328125 3.711914 13.067541119688023 0.4282465857368958
200.24588011002368 -16.46907225101098 0.61328125 3.711914 13.313501452513055 0.3469218642376592
202.59230049952924 -14.203153763953209 0.67578125 4.357422 -7.43627732924953 1.2695231213469458
202.05036941957763 -15.111385198091556 0.68359375 4.3789062 3.2168849815085943 0.6797212431004892
201.09303309724044 -15.946307447129213 0.70703125 4.6367188 -30.634962837633694 1.6086402320485662
203.18879712164156 -19.467855463072144 0.42773438 1.8579102 -4.635710380601236 0.2782332243718477
203.18659986626474 -19.467952661297605 0.42773438 1.8579102 -5.700802365271827 0.3366905455156671
201.10887142020215 -19.14926718488986 0.3203125 0.82714844 -7.472411270654762 0.895730590696007
204.0091706693379 -17.265756712520894 0.33398438 0.93530273 24.304191014747843 2.561014149743161
202.02349876897847 -18.54101753003524 0.34765625 1.090332 5.7012043083665995 0.0993059588894675
202.02186586722115 -18.54066466566714 0.34765625 1.090332 5.1327865541405995 0.10179622638646588
200.481811673137 -14.412183523492768 0.828125 5.8339844 9.014908436556402 0.6174719061039761
202.8861236151094 -14.450918911687292 0.70703125 4.6503906 -7.842354056238974 2.053726425112592
203.17424015994973 -19.440576517408317 0.38671875 1.4365234 -10.816683227909044 0.5392774286609212
201.3751528495996 -18.783979384497478 0.33007812 0.9194336 -8.316858449429015 0.30476560352633936
201.37417593077654 -18.789821677363836 0.33007812 0.9194336 -9.179823245625997 0.47490161700621575
204.34001161610854 -17.625915552168575 0.3046875 0.6298828 -9.308483422393625 1.425672268891855
202.15670779602442 -15.577244734459978 0.6875 4.4277344 14.000502063421905 2.6415339047223294
204.41323844167655 -16.253980736045893 0.5703125 3.2294922 -8.78172637638681 2.601396073718693
201.3973083017618 -18.29533192398845 0.328125 0.89746094 -16.190381510422906 1.5757047575257714
201.39567552097597 -18.3109093937523 0.328125 0.89746094 -1.4770246853094862 0.6731449736346385
202.91334523474046 -17.624688967675638 0.34765625 1.0585938 -5.5858587071366825 1.6607289475580722
201.79971319274134 -14.780819948641495 0.71875 4.7285156 -9.491860332919373 1.0450526276734637
204.77194222479173 -17.38190259805204 0.29882812 0.58325195 -3.859606626733818 0.2223515793953282
204.7731171558324 -17.383315969802528 0.29882812 0.58325195 -4.268038427172025 0.3165268026529051
202.2443086437356 -14.643773920668332 0.7109375 4.705078 -9.012551520803875 2.454342251951227
200.72505205025075 -17.738140092954193 0.50390625 2.631836 6.195642181719817 0.47466187689247397
200.6641385204053 -17.81453691118516 0.4140625 1.7426758 5.879837155317304 0.3653595059024491
205.76919551514413 -17.98439607957838 0.31054688 0.69555664 -5.953144890513099 0.389980559329958
205.75926207791213 -17.97316175599711 0.32226562 0.8083496 -1.8850460970098792 0.715575270007081
205.7707519086969 -17.982061447725613 0.31054688 0.69555664 -3.9263913281522194 0.9248357905415372
204.32608019451064 -18.272211184793882 0.33203125 0.8935547 1.1189714151366423 1.9771743369912569
205.24801641225275 -18.049278162570225 0.31640625 0.74853516 -9.56191171097841 0.7055413386101147
204.50558476533624 -15.907672678604206 0.65625 4.0996094 2.655535205699394 2.0221472236890357
200.28858976277348 -18.35905649157078 0.36132812 1.2104492 -11.925092678284257 1.2248155508930645
205.587493924638 -18.34450146887184 0.45898438 2.1699219 -17.034237176368684 1.6157946241446557
205.29600528268267 -14.154979851491037 0.6171875 3.7333984 0.8372024669337923 0.12676378464855304
204.47117625213403 -17.221614951989853 0.29882812 0.56933594 -9.059459836992481 2.6423595828212196
201.58473218908526 -19.536443700731926 0.33984375 1.0249023 2.9014732453531784 0.4835765826704303
204.95098872942907 -15.642339016144797 0.6484375 4.0 7.962595391229005 1.7324799299357623
200.51261928327548 -17.130411183379408 0.55859375 3.1679688 11.903686436801912 1.1003291670687128
206.4040222404335 -19.127143795744914 0.44335938 1.9995117 4.380205893922038 1.2126048294718486
206.1490936057918 -15.302684687022396 0.47265625 2.2958984 -4.05152077867373 1.2258495331439123
206.14503477088863 -15.303061712783567 0.47265625 2.2958984 -0.10874843290285854 1.8236130380388829
203.20156853733627 -16.764202190676798 0.57421875 3.319336 4.0849277302016604 2.4186836981235547
202.85818472556332 -15.558692963449008 0.62890625 3.8330078 1.5932665026829165 2.0548804525280753
205.92596433087667 -17.179365276751167 0.34960938 1.0639648 2.370851474376958 0.820430208270418
205.9231262568636 -17.176362961555384 0.34960938 1.0639648 7.042196645156412 2.397934215594777
200.77467338769245 -14.220037724214581 0.78125 5.3867188 -3.479739840931492 0.8052753941164765
202.50434874455829 -16.5205077706081 0.71875 4.7246094 6.595793502596546 0.12151136503857363
202.50079344768864 -16.520372314665458 0.71484375 4.7089844 -7.849911880764754 0.36401142844263484
205.2463684129069 -14.369755793409702 0.65625 4.0996094 -19.126623767139765 2.5475430168818196
201.58090219919208 -16.00369285124143 0.6875 4.4277344 12.047331253327359 2.505711450790126
203.2191619190558 -18.627820994452115 0.39648438 1.5517578 -14.076196550750026 2.12236194663403
202.62321480415795 -15.447693844634523 0.66015625 4.1171875 3.146449899753046 1.9595785694864103
205.1207580064235 -19.81448937505436 1.78125 15.3515625 -2.2741282523494375 1.26879835952767
205.11720281104778 -19.821947104430766 1.78125 15.3515625 -10.740183468099781 0.9070682552371143
202.64202879767635 -16.453985216015557 0.75390625 5.091797 -10.331682644921234 1.3383094290930753
205.8504028396231 -17.786056540680928 0.49414062 2.5292969 -23.041840215547438 0.2083189939522141
206.38026425239138 -17.49110998041791 0.27734375 0.37145996 -15.456990661950552 0.7598729953313176
205.24928284802286 -17.016979338579386 0.30859375 0.6477051 -1.8938574971955144 1.0458091656663644
203.49626146859725 -17.807334947701207 0.359375 1.1694336 1.735311129671556 1.9965356467554047
202.2107850507804 -18.407117900243815 0.33789062 0.98413086 3.750650549629583 1.6692109580736525
201.43704241724873 -17.545169851432274 0.40820312 1.6879883 7.830851912735163 0.710669832768246
203.9711761491557 -14.089156357408148 0.62890625 3.8730469 15.44182323579734 0.8990248797557425
203.40092466011524 -16.433353416100598 0.6640625 4.1875 5.604451498216755 2.5409361788879905
204.79872126289047 -14.568807754872195 0.6640625 4.1816406 9.948690562829485 0.38126835624337685
204.78814683326272 -14.574559313585183 0.6640625 4.1816406 4.792828638527154 1.8563472119769489
204.7939300419409 -14.57143009126572 0.6640625 4.1816406 10.372458694496393 1.0971510720989817
205.39959711235107 -16.206710804720714 0.45507812 2.0644531 3.9158199276427426 0.6494304670622272
205.39541619031235 -16.194748000883948 0.45507812 2.0644531 1.0662805643374713 0.6821376478958813
205.39762881511712 -16.20050615384972 0.45507812 2.0644531 1.2637531118781276 2.620802060612481
205.8832244789867 -16.68970879119042 0.33203125 0.8630371 7.697706463551275 1.6066146450531433
206.1109771627112 -18.961782429105416 0.4375 1.9506836 -17.983071365810797 0.14658232998332446
204.38207997730788 -17.569105071615873 0.3203125 0.79467773 -6.245088424901012 0.19900049034213332
200.95605481266148 -14.714866841594407 0.75 5.048828 0.052685335919273504 1.6910743757601472
202.41467289657467 -16.111961329747913 0.7578125 5.123047 2.325579785546216 1.010335156721694
205.18731688873194 -17.37933155403664 0.31640625 0.74487305 -1.4401784167946579 0.6613807555344338
203.44197091389591 -19.45258522608307 0.45703125 2.1357422 -1.5234423793860206 0.8375253613529301
202.84748833803235 -15.668112936882409 0.625 3.7841797 -4.150320879544006 1.303901093909675
201.1467134423401 -19.752904868241757 0.31445312 0.7446289 8.971275501579735 1.1297439880260542
200.9810487552879 -16.384845864327158 0.65234375 4.095703 -24.997002675673617 0.3371307519306334
203.36288450725723 -18.465816440505364 0.34765625 1.059082 4.949576952868975 0.8341286103475605
206.0247802733606 -14.678115910221656 0.83984375 6.0058594 -8.20177839773063 1.299514660866754
203.30943286190487 -14.164318339912514 0.70703125 4.6796875 -14.868554899958719 1.3473438299672478
204.19929499763037 -15.441520517505918 0.703125 4.5527344 4.244768509977055 0.441242915337739
201.93089302031254 -16.74926961654428 0.64453125 4.017578 22.618280264965673 2.672416262816153
203.02435314184743 -18.655691115057984 0.33398438 0.91430664 -4.2252675009607605 0.4165659895398182
202.5760956453496 -14.559750437857444 0.7109375 4.701172 -4.274316146055968 2.297027100974123
202.34039310607835 -14.35165013247047 0.7421875 5.0371094 12.10018986804701 1.8038758790271676
201.17167661889349 -19.8285331424243 0.30273438 0.6413574 11.261918076909303 1.1434708854230131
204.70707689359907 -17.74541462816878 0.30859375 0.67578125 -2.463861264775792 0.21919224139533097
204.9720459413136 -17.54314791882503 0.33984375 0.9926758 -5.086878509847873 0.033727721665038284
200.56213371050782 -18.934913637681962 0.2734375 0.33166504 -1.355547659939473 0.5562793094672034
201.0960389085485 -14.92683508445289 0.6953125 4.498047 -4.8041798144384185 2.1001976196230125
204.23098756205258 -18.914136917420088 0.48632812 2.4384766 -4.418626663607159 0.5009030329194214
201.07400528413348 -18.133545020917758 0.33398438 0.9567871 -3.9604398891074535 0.8913378128276724
201.47729507567885 -18.989978857957343 0.3046875 0.6640625 -10.719655552378265 1.5165079356376243
201.47181710579807 -18.986482673559678 0.3046875 0.6640625 -5.802487795363302 1.5676910397187285
202.00857521811065 -19.181550990487384 0.33007812 0.9243164 -10.106067260416262 0.973526101647027
203.5425567322192 -19.190248542656217 0.37890625 1.3774414 -1.7043721807029182 0.5444763818274551
203.5445251982488 -19.191053330784698 0.37890625 1.3774414 -1.336600678289982 0.6798017416128329
206.5188903954185 -18.328111636474333 0.4140625 1.7246094 14.9004485111303 2.163518053519265
202.16159041029314 -16.197507873282902 0.7265625 4.8183594 6.087769951060249 0.3524887188315603
