data_processed/proc_rms.ecsv
# %ECSV 1.0
# ---
# datatype:
# - {name: ra_dec_obj.ra, unit: deg, datatype: float64}
# - {name: ra_dec_obj.dec, unit: deg, datatype: float64}
# - {name: 'H-alpha flux [Error]', unit: R, datatype: float32}
# - {name: H-alpha flux, unit: R, datatype: float32}
# - {name: faraday_depth_radmm, unit: rad / m2, datatype: float64, description: Faraday depth in rad/m^2}
# - {name: faraday_depth_err_radmm, unit: rad / m2, datatype: float64, description: Error in Faraday depth in rad/m^2}
# meta: !!omap
# - __serialized_columns__:
#     ra_dec_obj:
#       __class__: astropy.coordinates.sky_coordinate.SkyCoord
#       dec: !astropy.table.SerializedColumn
#         __class__: astropy.coordinates.angles.Latitude
#         unit: &id001 !astropy.units.Unit {unit: deg}
#         value: !astropy.table.SerializedColumn {name: ra_dec_obj.dec}
#       frame: icrs
#       ra: !astropy.table.SerializedColumn
#         __class__: astropy.coordinates.angles.Longitude
#         unit: *id001
#         value: !astropy.table.SerializedColumn {name: ra_dec_obj.ra}
#         wrap_angle: !astropy.coordinates.Angle
#           unit: *id001
#           value: 360.0
#       representation_type: spherical
# schema: astropy-2.0
ra_dec_obj.ra ra_dec_obj.dec "H-alpha flux [Error]" "H-alpha flux" faraday_depth_radmm faraday_depth_err_radmm
[from data line 20863]
29.654521939892668 -45.59939194455646 1.2109375 0.1000061 16.30768041867052 0.4282355766422287
29.802356569857384 -45.751617495612365 1.25 0.48547363 21.41698776531805 2.1067538044734335
32.230148180339235 -47.18331151066736 1.2109375 0.13677979 19.748144807110055 0.4338778691417401
32.229274420527084 -47.18317797669723 1.2109375 0.13677979 85.02536263128351 0.46136853820519735
36.698207923568035 -45.849571131308394 1.2109375 0.1000061 12.626981448519599 0.793719986255508
30.692293025312882 -45.40667355023929 1.2421875 0.43566895 20.447249957022258 2.503993460215269
35.0824470733728 -44.29715734244577 1.25 0.5114746 -0.17203767851618235 0.8776258639487927
30.174242192824806 -48.50400924189031 1.2109375 0.1000061 2.790350164180274 1.649579813658834
33.65460191108045 -46.70143518157477 1.2265625 0.29382324 8.257101512942072 0.3467197270408493
32.798629568620015 -45.5715446646058 1.25 0.46691895 9.45860341540865 1.3142843202329366
30.812854523237036 -44.05636608276041 1.2109375 0.1000061 0.9884856644129653 2.514978492483037
33.67727676267719 -45.01723872291966 1.2109375 0.1000061 -0.3665805736230748 0.09304992156317769
33.67970277545426 -45.01726144207984 1.2109375 0.1000061 -0.5013648068474439 0.14982398943544115
30.441044227613443 -45.527599386162024 1.2109375 0.1000061 13.766720044292258 0.8907935646524433
30.441801227687254 -45.528022677184126 1.2109375 0.1000061 14.050344797077605 0.9536280580357496
31.692680309732598 -47.1464843815345 1.2265625 0.23101807 3.8609397838433255 1.9036421088788973
31.201005689468392 -46.13805760451307 1.2421875 0.3922119 10.215378028832085 0.7326056067246534
36.56768795104932 -44.29174802858 1.234375 0.33374023 4.08558915255087 0.34237659344931143
36.56303795635259 -44.293144012076645 1.234375 0.33374023 1.8008518688169612 0.6519268011600214
30.860242728701444 -45.57511906915117 1.234375 0.3519287 19.733950769085133 0.18255077075471202
37.20374679737288 -45.3681183714239 1.25 0.4859619 13.654772258291592 0.20665605367413092
37.21369926694092 -45.37408815547318 1.2421875 0.41540527 19.631267442179276 0.6223881380475528
37.205631222423804 -45.369968523662045 1.25 0.4859619 13.395995429566353 0.5516014893690804
36.20319740727279 -45.86827078140148 1.2265625 0.26794434 -11.73319104076111 2.404039389888936
31.463781495907927 -46.90640630806531 1.2109375 0.1000061 23.538290690920277 0.5649100386803895
30.709014834567352 -45.26866521498987 1.2109375 0.1000061 12.554939375616234 0.09067482806156431
33.42923335976504 -46.960315750086764 1.21875 0.15209961 -11.461357198985782 1.2405910743697715
37.489406567820836 -44.512081344121306 1.265625 0.6496582 -0.7678368479351698 0.820776857411276
30.196248920011623 -46.92514798099479 1.21875 0.184021 -1.6491470088358593 1.805903958143198
30.92817715363531 -46.30696501412153 1.2109375 0.1000061 7.578213863357901 1.5434061555719572
36.783664649582235 -47.40162656894623 1.21875 0.22296143 15.49190457624999 2.5454218444973558
30.483516770264053 -48.248428359211445 1.2109375 0.1000061 6.845121100992681 0.4247045664420047
30.494882670828957 -48.250415811585555 1.2109375 0.1000061 5.728868320875231 0.8184909217543535
30.50710472064308 -48.25516510069558 1.2109375 0.1000061 5.198467450002967 0.7611880537157214
37.040889826107126 -46.15610129177144 1.2578125 0.56396484 11.808982425635884 2.3300526734333125
34.81686418955426 -44.61844277258694 1.2109375 0.1000061 1.6099681040616975 0.19637395073522015
31.67795781354544 -44.821621043977814 1.21875 0.2164917 10.421701472566141 2.6139525757752344
35.71912012649732 -46.52466588012976 1.25 0.51660156 -0.13328835855720786 1.9044996030493708
35.72673399385377 -46.528690228533804 1.25 0.51660156 13.152907690175411 0.5037108913693082
36.817836770420726 -47.47608566894243 1.3828125 1.8134766 12.705441392687288 2.453541515104623
37.44174577875156 -44.733253595324484 1.2421875 0.399292 5.714764938335069 1.5658406180098128
37.398632008329514 -45.17973320966343 1.234375 0.3363037 1.7680390131583006 0.971755692397515
30.15360440106669 -44.31959922356695 1.2109375 0.1000061 -17.395926749513475 2.326492634291153
35.04741680853739 -46.046154091264754 1.2109375 0.1000061 5.001446859179076 0.11728799401475566
32.309486398802704 -47.0500373026383 1.21875 0.20751953 9.698491259671359 1.8571709987129421
34.40286267861949 -45.806873422933556 1.2109375 0.1000061 -3.7860174814834577 2.1903773277629837
34.1875762470028 -44.78225337592765 1.2421875 0.40307617 1.4655912220161875 0.2789196537481031
36.20988083266635 -44.65269063331465 1.2109375 0.1000061 12.109773035847123 0.7300940213694981
36.213245441604386 -44.655059817553315 1.2109375 0.1000061 0.09023814368398468 1.2746206340749708
33.04090900623703 -47.68865199712272 1.2734375 0.6972656 6.315038079256486 2.1716251971317586
35.068096207788614 -45.742732990136375 1.2109375 0.10406494 -5.203152198648214 2.260507583257151
36.98625950512012 -45.63759235765785 1.2265625 0.25402832 13.254759752153245 1.3341522079090746
31.523244936181037 -46.327319994143615 1.2109375 0.1000061 6.571321398764031 1.6361154726087226
34.24248875286495 -47.17167671857371 1.265625 0.64746094 7.097263351041553 1.7920858810888685
31.052576294042368 -47.19561015091525 1.21875 0.22607422 3.548557563079759 1.7782161664542189
33.90382402687836 -47.02533341730379 1.25 0.51708984 -3.7953684457117083 1.2003728258230746
29.908731264389232 -46.80732723395194 1.25 0.5024414 57.605272395981345 2.1637712919026026
30.28914466455045 -48.235469826161406 1.21875 0.19683838 8.558696579167389 0.8028455617952449
36.87091823230032 -47.08751677207433 1.2421875 0.43408203 20.02907038343146 0.48144380882622706
35.21575559062742 -44.790862989038715 1.2265625 0.2821045 -0.613592768316629 2.289923803253669
31.65431053948258 -48.87635801187864 1.2578125 0.61621094 -2.498499408408747 0.6908079671482188
36.08382802030172 -44.93875147562837 1.2109375 0.1098938 7.620139906880654 0.17237956260595985
36.08295436505902 -44.93948375743484 1.2109375 0.1098938 2.9700529092732224 0.20419155689998378
34.18724440437687 -44.69517542405677 1.2265625 0.24584961 7.9004897755732015 2.0922373284977933
30.3927457302274 -48.43707274768088 1.2109375 0.1000061 0.2008786234793511 1.642863071345655
34.085021900898155 -48.14847564657569 1.2265625 0.2758789 15.785827997444809 0.9669596936089888
34.0899427608325 -48.146266948418734 1.234375 0.3112793 5.154846189756793 0.458413453097494
34.396911564354035 -43.98287587412823 1.234375 0.35510254 3.325649464644907 2.591740873010896
33.8396340552083 -43.98057172739182 1.21875 0.17718506 12.128672176712122 0.8785743141568787
34.224433869210664 -46.513008080607214 1.2109375 0.1000061 3.6603433217550334 0.36403532913237535
35.82084670380023 -48.70450211787055 1.25 0.4822998 16.260141607074818 0.5391067313660118
30.963194145146897 -45.607608735462414 1.25 0.46313477 7.717301672870771 0.05912880952262106
29.90085047763949 -48.639190647551125 1.2109375 0.1000061 21.026021629841466 2.0925247950787305
29.89820309480611 -48.63922498842001 1.2109375 0.1000061 17.842019828532905 2.5855770415414123
30.218362486532865 -45.67449569075535 1.25 0.49487305 18.0399877916789 1.3538758931150696
30.988807340572297 -46.71933748134762 1.2109375 0.1000061 9.029312789327138 0.1728361655090569
30.991567824258006 -46.71931839305941 1.2109375 0.1000061 9.197131702431514 0.11885751114094974
34.186859120238395 -45.58372111570486 1.21875 0.16174316 15.003607593243146 2.2317286735514172
32.16043105668576 -44.35806287890769 1.2109375 0.1000061 5.885243267376653 0.34805434812662833
34.419742558813994 -45.874435364903505 1.2109375 0.1000061 4.929431220717534 2.268474087555845
34.45801911482447 -47.416893050717164 1.2109375 0.12683105 8.078765564744891 0.35505708029166566
30.33234042308331 -45.519928059414624 1.2109375 0.112335205 13.032289812065143 2.3795861801592926
37.10565570696876 -45.505248918347355 1.234375 0.36169434 -4.439396552761521 2.6123029896951833
34.85670083627674 -47.711025220632365 1.25 0.5036621 24.198403471107255 0.5092853362719731
30.004041296140464 -48.24237827949935 1.2109375 0.1000061 -59.17283819851528 0.054421902693576746
33.381057760674025 -46.04077919064172 1.2109375 0.1000061 4.7637925473988885 2.0441394716110803
36.316566445949775 -45.11362451282818 1.2265625 0.27453613 11.12459239520868 0.257335153209931
36.3055535198868 -45.110412471939746 1.21875 0.18231201 8.235026266862677 0.37629834680388485
36.341941904537165 -45.11135105587608 1.2265625 0.24102783 9.979375924224012 1.8003210240894265
33.93458192622499 -45.59140400020666 1.2109375 0.1000061 23.450478371369677 2.119564020898978
34.1574823069724 -44.79006982062902 1.2421875 0.4564209 5.345889495793828 0.3227191867045765
29.938078168897796 -47.74634168319745 1.2109375 0.1000061 8.422471454496817 0.33636291201568386
29.94824830910441 -47.73744200257795 1.2109375 0.1000061 9.649854914487367 1.5628209831785558
29.94019670073334 -47.744743323874644 1.2109375 0.1000061 7.38878232316396 0.482359589239403
35.52393324400247 -47.4733276631117 1.25 0.48291016 11.932334312237128 1.8992956136792474
31.403295714027564 -47.29029091450888 1.234375 0.3154297 1.3640697391711374 0.7000384956606551
37.22529592647238 -44.782779647656135 1.2265625 0.28894043 9.870823883803265 0.6448496486127036
37.22889703686954 -44.78483965765923 1.2265625 0.28894043 6.216961013708291 0.7331904776269793
35.24264125661233 -46.892555225938985 1.2109375 0.1000061 -7.448393893982775 0.24117483189079017
29.873564028395737 -47.5348090741125 1.234375 0.31103516 10.35855541953103 0.5771724414310644
29.86945122177176 -47.533660897606026 1.234375 0.31103516 10.032744889466032 1.0806906761455926
36.13713450291223 -44.44120431446016 1.265625 0.6398926 2.1218634182982914 1.5902461220859143
35.011146609380134 -47.410945923611834 1.2109375 0.1000061 6.24265091309284 0.6102674173327435
34.216438274933736 -48.115387027393254 1.21875 0.1776123 1.994564592471673 0.15227071770299963
34.21337528096703 -48.11983490931873 1.21875 0.1776123 5.89340301792263 0.2394969856544592
34.21987928344284 -48.13855737365177 1.2265625 0.28967285 3.6240283269567923 0.2766209544411537
34.21841820576137 -48.13097382530372 1.2265625 0.28967285 1.4459454451115559 0.8379034675196422
34.2177007672876 -48.14194486044197 1.2265625 0.28967285 4.947818025296337 0.630759733043723
34.2219618567691 -48.14112478089053 1.2265625 0.28967285 4.803660783814832 0.2327450076298535
34.20600125809375 -48.123336831823345 1.21875 0.203125 8.512580290768415 1.1913427482161731
34.2173385146237 -48.12841028299574 1.2265625 0.28967285 1.5795633517962526 0.4391388772633715
34.21687322724574 -48.12139895800744 1.21875 0.1776123 4.889716340979667 0.1483284638057681
34.20536061217148 -48.11378102964911 1.21875 0.1776123 1.2079779322326947 0.40053533738541464
31.63454460527549 -48.84903714461909 1.2421875 0.41186523 -6.1233093877648574 1.5485800258602844
33.96703347943257 -46.93020637702356 1.25 0.48059082 1.8014700593751591 0.8922073460867779
33.283771412966566 -44.28960057661672 1.234375 0.3798828 14.120696725494088 1.6025977523908903
30.200532579097626 -45.410118179031585 1.2109375 0.1000061 13.60997212585852 1.8187791731572391
35.59887682147984 -47.60154729208176 1.3203125 1.2412109 12.543430385701916 1.4015624818809738
30.730913213419655 -44.271282225524004 1.2109375 0.1000061 -17.361651437269924 1.4789668043988844
32.212745666306134 -47.20214088789041 1.2109375 0.13519287 -8.946546519410033 0.22184213695068403
32.24660475337413 -47.201530418051625 1.2109375 0.13677979 10.245970862515962 1.4253651613849685
32.291107206782414 -46.47284699121374 1.21875 0.17871094 5.0087916970991415 1.580731287894919
34.14289871642856 -45.21362302754362 1.2109375 0.1000061 13.723579452552396 0.6269900640268604
34.14215458256032 -45.215721186215156 1.2109375 0.1000061 14.051312548913836 0.9646239118020323
37.37718574303526 -48.638725274909945 1.2109375 0.1000061 69.48519146246876 0.5660072033057781
36.97877878981726 -45.69273365232572 1.21875 0.18457031 -4.817210229960534 2.406766521934822
35.48583226967208 -48.303565935582064 1.2890625 0.8967285 12.478728990140088 0.35434697953533373
35.48125464781937 -48.302967029370855 1.2890625 0.8967285 12.235028032257986 0.9188084961011377
34.26065048040435 -45.275981985894354 1.2265625 0.29003906 8.976441889967377 2.0940033194591425
37.07047278612892 -45.68181601735762 1.2109375 0.1282959 -0.5706485751248918 1.7692263522611862
33.59849935385441 -44.09311690380645 1.2109375 0.13323975 10.559084352342584 2.5747797226423663
36.04764564540546 -47.06112298737804 1.234375 0.33044434 18.3541335520807 0.6985514804454609
36.797988833005896 -44.6346702449673 1.2265625 0.27819824 5.408471593412153 0.33374662153271717
36.80015189315254 -44.63381551035934 1.2265625 0.27819824 5.8981924024749635 0.3741267164858983
36.43932719549387 -44.14215465397229 1.25 0.46118164 4.987077757723977 0.6065416413396297
36.44951252776884 -44.141700772836444 1.25 0.47802734 4.605320276637794 0.23789285535779173
30.075919847708516 -45.4934881827216 1.2109375 0.1000061 12.213316178220396 0.8357326432394587
30.064445846069734 -45.492477438755465 1.21875 0.1687622 11.937773589057873 0.6281654731055445
34.21587362641889 -44.65701657448416 1.21875 0.18103027 1.925970895276309 1.3724086863794764
35.17378218542752 -47.92161948209802 1.3046875 1.0444336 15.042810162968015 0.3037396388070951
35.1766623631838 -47.92300037771655 1.3046875 1.0444336 14.097272128099181 0.803194933297727
35.21190250940176 -46.16992195120469 1.2109375 0.10696411 8.116679428835862 0.15080298671611603
30.46203591155163 -46.44956204696103 1.2265625 0.2276001 14.203439007797972 0.279009945417493
30.454601330646405 -46.44084935607855 1.2265625 0.2276001 13.759544050786241 0.2290599160100007
32.53335176171154 -47.22074516888806 1.234375 0.3470459 2.1793630453759443 0.6159436315514657
32.53099071022415 -47.20823669162949 1.234375 0.3470459 12.0686989967097 2.591729719105423
36.79005045423066 -45.62299733286546 1.2109375 0.1000061 11.05329035733756 1.7283712320916353
35.47260301284548 -44.69536220514797 1.2109375 0.12301636 6.980848536980382 0.11396084463496932
35.47585296529589 -44.696369371445506 1.2109375 0.12301636 6.86381674677014 0.2858215239705051
35.09139251153228 -47.329853017678104 1.21875 0.2142334 10.415871129294823 0.2942272140022885
35.09024031061639 -47.33549892845449 1.21875 0.2142334 8.91894286028039 1.0056856417580649
35.29804614757343 -45.06374724510621 1.2109375 0.1000061 7.425803468849015 1.7953885792244901
36.090591446537005 -45.300838457838395 1.21875 0.1784668 -3.8743459018819193 1.7442389531815572
31.373389984143557 -45.39421076550434 1.2109375 0.1000061 9.781742958680317 1.4057075901303075
32.186866546954555 -46.31425084751775 1.21875 0.21820068 3.4251028841025515 1.226618421851361
34.181327872335515 -44.94133735570385 1.2265625 0.25561523 4.170906899421456 2.084307485715205
30.036773834224004 -48.38988119258603 1.2109375 0.11480713 1.8088575406410776 0.7986271453338767
37.097400764236255 -46.37767796008591 1.25 0.5258789 21.67399803175964 0.6291634386487238
33.300655170511014 -47.78370672745389 1.2109375 0.103149414 8.896952035614955 0.019680970541213722
33.297843735342546 -47.76888653783758 1.21875 0.22540283 6.426380599868393 0.055545272853961956
36.45252615403507 -47.05936810810968 1.2109375 0.14251709 20.650423426477765 1.778334760155007
33.51851664913619 -48.027687024942885 1.2109375 0.1000061 7.404698720052368 0.3691276567522761
33.09336856055953 -44.381629847497074 1.234375 0.3675537 9.396759459180013 1.399624092538103
34.21981043229535 -45.189311918128396 1.2109375 0.1000061 6.644586948999447 0.18076800619541347
34.214065612483054 -45.222167908691546 1.2109375 0.1000061 11.546158214591262 1.9966584352257624
34.21613293105322 -45.18437580089567 1.2109375 0.1000061 6.981827053555888 0.8509352686861331
34.22547529634625 -45.198024723384144 1.2109375 0.1000061 -0.11501472239878666 2.5960001894996334
34.20587936789516 -45.18179328581919 1.2109375 0.1000061 17.54140245983884 2.06418864406941
