data_processed/proc_rms.ecsv
# %ECSV 1.0
# ---
# datatype:
# - {name: ra_dec_obj.ra, unit: deg, datatype: float64}
# - {name: ra_dec_obj.dec, unit: deg, datatype: float64}
# - {name: 'H-alpha flux [Error]', unit: R, datatype: float32}
# - {name: H-alpha flux, unit: R, datatype: float32}
# - {name: faraday_depth_radmm, unit: rad / m2, datatype: float64, description: Faraday depth in rad/m^2}
# - {name: faraday_depth_err_radmm, unit: rad / m2, datatype: float64, description: Error in Faraday depth in rad/m^2}
# meta: !!omap
# - __serialized_columns__:
#     ra_dec_obj:
#       __class__: astropy.coordinates.sky_coordinate.SkyCoord
#       dec: !astropy.table.SerializedColumn
#         __class__: astropy.coordinates.angles.Latitude
#         unit: &id001 !astropy.units.Unit {unit: deg}
#         value: !astropy.table.SerializedColumn {name: ra_dec_obj.dec}
#       frame: icrs
#       ra: !astropy.table.SerializedColumn
#         __class__: astropy.coordinates.angles.Longitude
#         unit: *id001
#         value: !astropy.table.SerializedColumn {name: ra_dec_obj.ra}
#         wrap_angle: !astropy.coordinates.Angle
#           unit: *id001
#           value: 360.0
#       representation_type: spherical
# schema: astropy-2.0
ra_dec_obj.ra ra_dec_obj.dec "H-alpha flux [Error]" "H-alpha flux" faraday_depth_radmm faraday_depth_err_radmm
[from data line 6155]
202.9231414165277 -32.107307476057116 0.34179688 0.95947266 -1.3440498978850934 0.13862071529590345
202.92857361810934 -32.11014934547248 0.34179688 0.95947266 16.32728838895594 0.6773170027046626
201.51675413261677 -29.223592630488916 0.36328125 1.1796875 -51.236612874157565 2.0267637874470226
201.52087399204245 -29.224636185287668 0.36328125 1.1796875 -44.88369172996237 2.649347663220631
204.52403252518585 -29.980602348683846 0.375 1.3012695 -14.083541574888175 0.8181856914309947
202.45965579052506 -31.384916249934626 0.31835938 0.72094727 -3.3348630047503978 0.8699164601568049
202.4650726518282 -31.380283391357413 0.31835938 0.72094727 -0.652773434755717 1.347685812800256
204.10365297747202 -28.245056028763234 0.31835938 0.7392578 -22.49590620256523 0.25483461023871695
199.62478643518895 -30.325220205502713 0.3203125 0.75024414 -27.793621650125687 0.8704232860277303
201.1656644235411 -30.10732647070684 0.35351562 1.0976562 -64.07112565742261 1.0638253907241357
202.79995714717907 -31.658050515434237 0.3984375 1.5263672 10.114241916665073 0.7979032798341843
202.8707732613179 -29.456890180832733 0.33007812 0.83032227 -26.88253936303932 1.5635795821381724
201.4100344478112 -29.546951342225086 0.38671875 1.4321289 -53.3168597955775 0.6544875260697807
201.45477296039118 -30.545774349959277 0.37695312 1.3305664 -41.878604836462536 0.7590519320314778
201.42683401156134 -30.538221388185658 0.37695312 1.3305664 -51.655907324418486 2.3668528720272772
199.69767759635118 -30.588503005499234 0.33203125 0.86938477 -39.29404675058399 2.4115730912924356
204.04031358653077 -31.668878508831828 0.3984375 1.5161133 -19.855557572397824 1.1502278887289894
204.0445250169348 -31.672437684659503 0.3984375 1.5161133 -23.964222106696475 0.846527506466254
204.03480545427558 -31.66602706313072 0.3984375 1.5161133 -30.416032997818498 1.7826094373572439
205.27661126199624 -28.865758786667147 0.37109375 1.2797852 -9.911425703774675 0.8973033808190836
204.63665766704378 -28.46722773328249 0.31640625 0.72094727 -25.7420481241735 0.6561036726696614
204.74905397619952 -31.055667777559083 0.39257812 1.487793 -36.11863340471754 2.4422303978063558
203.70678717616943 -28.601579457122522 0.31445312 0.69873047 -28.601457332572448 2.3087329634358733
199.8326113262068 -27.98625187713098 0.36132812 1.1640625 -27.64017554587378 1.3954395915082858
203.7667846673942 -31.263652780633606 0.42382812 1.7749023 -30.46437265217064 0.7808994425922967
202.13650517833116 -28.653305198400325 0.31445312 0.6755371 -4.1195945486292205 1.2015375857114188
204.75505066408283 -30.970905303428335 0.34765625 1.0297852 -39.07121565891654 2.3318165213952113
200.8580169713521 -29.513505803739438 0.38671875 1.4179688 -68.95846770107617 0.6377385205578674
200.86103838190513 -29.508426552639868 0.38671875 1.4179688 -68.23390133459273 0.5928749360762422
205.54615782827057 -28.35438327425026 0.29492188 0.52685547 0.015181262146779097 0.6646674297262851
204.01521300936489 -29.012554184749455 0.32421875 0.78930664 -17.017044361319936 0.7316574793100044
202.18054187558428 -30.16853142972869 0.4375 1.9282227 -33.71071500212257 0.9676113459552199
202.16728200655774 -30.15730273475251 0.4140625 1.6923828 -37.769461461842695 0.905977892989008
202.06336984425417 -30.622247663424385 0.37890625 1.3417969 -33.037003200658276 0.30940135346692643
202.09785459759644 -30.63336361304569 0.37890625 1.3417969 -43.98019628566556 0.9904902385124787
202.06964095690316 -30.623424574570414 0.37890625 1.3417969 -35.287847955389985 0.791488377258483
199.70478799939767 -31.607431373243855 1.3984375 1.9873047 -11.938892211184566 1.4057385661829231
200.70947273166564 -28.370332832212334 0.37304688 1.2763672 9.938989116105626 1.0306424811730037
204.45652776791766 -29.58577547722226 0.35351562 1.0878906 -31.8515598731958 2.1915162336743763
202.02481067638053 -30.424051188794714 0.40429688 1.5961914 -34.54549676909947 0.37372737070967343
205.63854977483103 -31.049465048532205 0.375 1.3168945 -25.077858845730006 2.398365382029903
199.3086245817141 -31.689725923870547 1.40625 2.0292969 -36.577190301554836 2.655335703286358
203.8761291434558 -30.770749987460018 0.34960938 1.0410156 7.875721890405147 0.7573343642972505
204.48916633700864 -32.014800968170825 0.40234375 1.5761719 -39.08827023593951 2.4177450393704554
202.3906860798984 -28.804191831438633 0.3359375 0.8989258 -26.55501033480533 0.9633507806234535
203.56471259304743 -28.57306484461636 0.31445312 0.69799805 -28.933879466606715 2.4325046816459013
204.4224090944812 -30.15203861858781 0.40625 1.6279297 -28.068131763709054 1.5822342474876456
204.42367558071447 -30.163228964925057 0.40625 1.6279297 -22.69200930397629 1.964756180400199
199.13291925551874 -30.5921095930151 0.3828125 1.3681641 -11.186874243190353 2.667320208723952
202.38601686561333 -27.94604316293341 0.32617188 0.82788086 -9.622945436607015 1.403891907878111
205.05764768315208 -32.365932481383894 1.390625 1.9243164 -62.58140157084182 2.098027641737655
202.4876404807906 -30.94318186722916 0.37890625 1.3261719 -22.372076460648113 0.05460024736353276
202.4543151191817 -30.935064230805697 0.38671875 1.4130859 -15.312064023099401 0.28566293715938645
202.48333734119478 -30.942031813139042 0.37890625 1.3261719 -19.380330448898228 0.08740190246149836
202.45852665681144 -30.934892721402758 0.38671875 1.4130859 -17.12080485351799 0.1835061210253815
202.46846018723738 -30.93758201848806 0.37890625 1.3261719 -16.2080732537777 0.7119458434816572
199.11773702031866 -31.357154846534776 0.45703125 2.1113281 -30.06880025984558 0.0525592684123838
200.7519834028255 -27.97405419427599 0.36132812 1.1674805 -23.77167527817113 2.32066987240636
203.09642028661173 -28.464758165254796 0.34375 0.9851074 -26.30148941851151 1.4866585017059013
202.65397642717724 -29.024362639669295 0.3203125 0.7163086 -25.273953562751363 0.8188577891140971
199.6052245025304 -32.716495522577816 0.39257812 1.4736328 -2.723066596565179 0.18793311960929585
201.2081907754491 -28.179275594663753 0.328125 0.8339844 -45.8069046395464 1.4724577157004428
199.22405991793326 -30.854938500178818 0.36914062 1.2324219 -32.48059830381284 1.686344344626473
203.9409026698984 -28.568748669274246 0.375 1.293457 -23.32876789684602 0.797597158466972
203.9542235726524 -28.56806745014783 0.375 1.293457 -22.63295625620242 0.7196948760891915
199.29441840856396 -30.066242179466418 0.43554688 1.8945312 -53.74834309972044 2.0013499496469542
199.31042480704164 -30.059394739078897 0.44335938 1.9746094 -48.43285126076156 1.3399521840162767
202.36817941393588 -32.568000797151534 1.3515625 1.5302734 15.787077445744465 1.7709673973493902
202.68481459144547 -30.38695723953534 0.375 1.3012695 -26.017350059484137 0.481504158748043
205.6358642291547 -28.384391705256366 0.31835938 0.7570801 -16.490932611867652 2.4135853101499007
200.4375611786081 -31.050277743208525 0.35351562 1.0898438 -24.929948442319578 0.46007121560089487
203.1308289084942 -28.50926785730286 0.36328125 1.1699219 -22.9213401249269 1.4383463812238162
203.1419982712612 -28.49800085290608 0.35351562 1.0849609 -26.667157601787213 1.877217582987286
203.12648024753256 -28.512378841718878 0.36328125 1.1699219 -22.308258628092787 2.096916429504181
203.1208496934124 -28.5184231640885 0.36328125 1.1699219 -27.58003357076554 1.9396022720851709
202.55850215172325 -31.08490189744599 0.390625 1.4414062 -19.085153407676902 1.6075458021278226
202.0684966100887 -31.805499989022803 0.36523438 1.1821289 26.365221317525588 0.39970817995287783
199.61976635346926 -30.606187925623285 0.34375 0.98413086 -36.22795009930591 2.5768805303112807
202.35505662377975 -29.34678636458691 0.34179688 0.94506836 -19.8877417169212 0.7922002697003807
202.34901429891124 -29.354923282710704 0.34179688 0.94506836 -26.37408954618354 0.9077187956577665
202.3584899073761 -29.341995316770905 0.34179688 0.94506836 -19.12134039209774 0.6022821708071019
202.35456852568856 -29.341384900234818 0.34179688 0.94506836 -18.763126916058187 0.8613719890341839
199.77000434762246 -30.61249728490695 0.32617188 0.8027344 -41.04370322748559 2.463390078306937
204.36595155831313 -28.888021482780996 0.32421875 0.78515625 -29.943397311703276 0.7278240629086875
204.3680877382357 -28.882337700732947 0.32421875 0.78515625 -30.33495658519442 1.8664999265220803
201.0070037357211 -29.612848199073767 0.38867188 1.4487305 -67.40586537306893 1.1196847919680049
201.35766597588974 -29.687744166955866 0.36523438 1.2211914 -40.13402228776197 2.6738316493594416
202.57336429167452 -30.555871835292084 0.34179688 0.9641113 -30.275258784419904 0.774328445702669
202.5697326577569 -30.551288647770992 0.34179688 0.9641113 -32.902325909570536 1.4569624979811726
199.32162459129617 -28.604186834505025 0.40820312 1.6396484 -43.591156114862 0.29870270198443294
203.96304334974997 -29.12517935611283 0.33789062 0.9182129 -26.954448470927673 1.0182807398670644
202.2477417005967 -29.100770982265143 0.36914062 1.215332 -34.5402661535815 1.5027503922010312
203.86108392918192 -31.08400726911921 0.36914062 1.2368164 -42.61172000091433 2.3002775268167737
199.5269925393458 -30.607801478659887 0.390625 1.4438477 -38.23410098351943 2.330819011307102
203.69306935961637 -28.97974774330994 0.34765625 1.0170898 -23.08899663648603 1.4602370275360335
202.46395869960713 -30.965681114956524 0.390625 1.4394531 13.640472941616508 1.2596940065951059
199.47441077280925 -28.641654694355736 0.38671875 1.4174805 -48.51906572016509 1.2644752021886652
201.39608749009096 -28.587398641017355 0.39453125 1.4916992 -37.85448194407313 1.5283243513305993
201.6471863118618 -29.623290998792374 0.35351562 1.0805664 -3.8128289949426892 0.7832565270360908
200.7883911116466 -30.698539632828723 0.43164062 1.8681641 -23.67233754300227 1.3665062286671292
202.51036086612763 -30.352132923797402 0.38867188 1.4311523 -27.727046818703286 0.753867041755228
204.73231502245073 -31.020626141303925 0.3671875 1.2397461 -41.57950086708843 2.046738229036288
202.42396549675846 -31.978462265592622 0.34179688 0.951416 5.256923958535405 1.8305274572422578
204.6689148308845 -29.43081083222575 0.41796875 1.7382812 -30.52684137149685 0.6041998944304361
204.68098449959572 -29.444517159721613 0.40234375 1.5810547 -37.296082797759986 1.518559689800292
204.37287903947575 -28.345868972364133 0.31640625 0.73046875 -9.177828456473879 1.5182508707514033
201.04748523269498 -30.34464068180822 0.40039062 1.5566406 -47.8178368767041 1.37566849112718
200.05639624404944 -29.30558007254608 0.390625 1.4448242 -58.734159636495875 0.42753658106134035
199.17433163457252 -31.016633973421182 0.37890625 1.3383789 -26.919074520377745 2.5320204299118823
201.8312987238881 -32.04382325060702 0.41992188 1.7431641 -0.6537889292618495 1.0331009657587125
200.46310453469061 -28.902540087315657 0.3359375 0.9123535 -57.4076378335923 2.4137832260787735
204.31947328108177 -32.34391019833086 1.328125 1.3066406 -26.53254802761155 0.29338961414938225
202.08638001153767 -32.18252187128842 0.3671875 1.2045898 -0.6397274285031149 0.7660708814956795
203.918853816113 -31.89633367443271 0.36132812 1.159668 -12.713067888232718 0.8236314114609843
203.91770929331952 -31.894096379580887 0.36132812 1.159668 -13.64691438814258 0.7568701543329353
204.70738215120522 -29.95298583928137 0.3515625 1.0761719 -13.60975463629093 1.562099842953267
199.92338570394432 -32.37570572847782 1.3828125 1.8510742 11.219190736427326 1.3786013802023869
205.58448790173333 -30.171632727706783 0.38671875 1.4282227 -18.184689690545394 0.49617262967593484
205.60119627935705 -30.172174345259517 0.38671875 1.4282227 -7.112298946566305 0.531088888659818
205.57159424372492 -30.168945413587956 0.38671875 1.4282227 -9.690180555897673 0.2415192652489792
205.59803772575466 -30.16461562387574 0.38671875 1.4282227 -8.49280396569274 0.4868516986374384
205.56329342152569 -30.17369451382267 0.40429688 1.6118164 -14.920800955043402 0.4079846500906181
205.57641603115874 -30.17266647747042 0.38671875 1.4282227 -9.858255425116896 0.37189679062445413
203.99488817215445 -30.706424725055303 0.31054688 0.66259766 -39.19205999257943 0.035186238477802105
204.00927737750726 -30.71233377520964 0.33203125 0.8781738 -46.880619071868544 0.10529746581752515
203.99798589298607 -30.70712658761048 0.31054688 0.66259766 -41.12658835559508 0.06852942439658125
204.00518801328835 -30.711439045554933 0.31054688 0.66259766 -44.3833922502008 0.15012611481920063
204.77072146352126 -31.039075792319302 0.3671875 1.2397461 -43.55694306138417 2.675151321292812
204.63346868434886 -32.01652533113196 0.41601562 1.7075195 -36.90935479944032 2.6547717417884513
204.31922905984734 -32.07491297081041 0.39648438 1.512207 -35.66648478616216 0.5119529387249167
204.3282471378703 -32.076297721396045 0.39648438 1.512207 -23.702459936291312 0.44354739701741513
204.3251343190159 -32.07617948889661 0.39648438 1.512207 -21.06771522182428 0.5334395072228164
201.57824703940028 -30.96049701816863 0.41992188 1.7460938 -50.60697823011273 0.5896852599638234
200.61424249475934 -29.164558316442175 0.37695312 1.3286133 -52.53441904394706 1.9505183867605858
203.94087233944308 -27.990116006064547 0.33007812 0.8696289 35.5407329396238 1.368118866305026
203.9087524835415 -32.574291223024886 1.3359375 1.3691406 -31.660295581210192 2.524819055048723
204.77981571510338 -31.880434096470587 0.39453125 1.4956055 -52.165072285479425 0.24947515001468287
201.0017243436681 -31.09163091777567 0.35742188 1.1196289 -27.869437403381973 2.363524910487027
199.50465400323958 -32.132755278015914 1.453125 2.5576172 -14.190787240057045 1.7263460407360558
202.9994811868078 -30.086843537642117 0.38085938 1.3564453 -28.91179032666262 1.1024108831377775
202.99806212189125 -30.08211336919978 0.38085938 1.3564453 -26.761367254118877 1.0115321895560525
201.55276499331768 -29.341749160944403 0.390625 1.4624023 -40.78058660644171 0.4495839061968087
201.5530852994373 -29.343980729291626 0.390625 1.4624023 -33.253901485724406 0.5228198490217246
205.48286441119646 -29.86574554888708 0.3984375 1.5458984 -20.444403322586723 0.9820905085808141
204.62796012916036 -31.948322242864574 0.40625 1.6181641 -38.802232924857044 2.5304354589579523
202.02937312582682 -29.532573590060114 0.34570312 1.0004883 -35.798638755655666 0.6528826707435526
202.03596502012817 -30.958328276391867 0.37304688 1.2749023 -34.18411820023148 2.5236813942623573
202.91180418619675 -29.256675713349015 0.37109375 1.2338867 67.26758010862758 2.0466559776942734
201.77712999730096 -31.031829734466907 0.32617188 0.8132324 -31.582599167441632 0.9558679060455378
201.78152476762222 -31.034175751236404 0.32617188 0.8132324 -30.26184915536164 2.1660545259662554
201.7208250461159 -32.73336794962782 1.328125 1.2832031 67.10876316093152 2.2590502388091283
203.2250214472488 -29.30750663209178 0.32421875 0.76000977 -31.95541204373589 2.331990560766891
202.7482756237358 -28.923023200256324 0.36132812 1.1396484 -24.594980443535466 2.400203986851452
202.5419007536085 -31.40255732695778 0.33398438 0.8725586 7.440735903312596 1.111310504020253
202.05973810156598 -28.967298596127115 0.34570312 0.98583984 -29.282929377650174 2.0692390776501632
202.66276545033054 -30.879299285618035 0.33984375 0.9321289 -22.563353065480797 0.24979292909856812
201.841674939268 -30.746744049141956 0.38671875 1.4052734 -27.853770736807554 2.602061059552045
205.88122559352595 -31.80778308139797 0.39257812 1.4799805 -29.10256098422322 2.49959645942025
202.36935412944362 -29.27626423690002 0.3359375 0.8781738 -31.649129282053046 1.5346734426678086
202.3750761906211 -29.291246449150574 0.34375 0.9609375 -38.13848398617846 1.5906229117997974
203.00157156090174 -28.52743899051938 0.359375 1.1357422 -24.718349167321424 1.741549922717863
201.47863777467217 -30.440902776360694 0.3984375 1.5463867 -51.556870975139475 1.119780601670992
204.226486189329 -29.629070182127 0.38671875 1.4150391 -15.464194913865974 1.6529537530366107
204.50224302433404 -32.32714082530082 1.3515625 1.5117188 -45.50296369580397 0.1625850609208804
