data_processed/proc_rms.ecsv
# %ECSV 1.0
# ---
# datatype:
# - {name: ra_dec_obj.ra, unit: deg, datatype: float64}
# - {name: ra_dec_obj.dec, unit: deg, datatype: float64}
# - {name: 'H-alpha flux [Error]', unit: R, datatype: float32}
# - {name: H-alpha flux, unit: R, datatype: float32}
# - {name: faraday_depth_radmm, unit: rad / m2, datatype: float64, description: Faraday depth in rad/m^2}
# - {name: faraday_depth_err_radmm, unit: rad / m2, datatype: float64, description: Error in Faraday depth in rad/m^2}
# meta: !!omap
# - __serialized_columns__:
#     ra_dec_obj:
#       __class__: astropy.coordinates.sky_coordinate.SkyCoord
#       dec: !astropy.table.SerializedColumn
#         __class__: astropy.coordinates.angles.Latitude
#         unit: &id001 !astropy.units.Unit {unit: deg}
#         value: !astropy.table.SerializedColumn {name: ra_dec_obj.dec}
#       frame: icrs
#       ra: !astropy.table.SerializedColumn
#         __class__: astropy.coordinates.angles.Longitude
#         unit: *id001
#         value: !astropy.table.SerializedColumn {name: ra_dec_obj.ra}
#         wrap_angle: !astropy.coordinates.Angle
#           unit: *id001
#           value: 360.0
#       representation_type: spherical
# schema: astropy-2.0
ra_dec_obj.ra ra_dec_obj.dec "H-alpha flux [Error]" "H-alpha flux" faraday_depth_radmm faraday_depth_err_radmm
[from data line 3660]
36.91414269758937 -9.147460862547568 0.29296875 0.60253906 10.7697439691389 0.14022672721064888
35.61198782224515 -10.561134309749532 0.296875 0.64501953 28.208626512458157 2.0736132314901834
35.53652563352593 -11.385327365518199 0.3125 0.80444336 14.179127483587113 1.298529330190675
37.040092373849724 -9.070909462349388 0.29882812 0.65966797 20.05810258503542 1.4484483666427406
35.407493557525704 -9.270067196525778 0.3125 0.7988281 7.100833415528935 0.7650137331646334
35.414447616939576 -9.25688354710185 0.3125 0.7988281 6.592140284331736 1.459876227832618
38.40845493867247 -9.776144027383125 0.32421875 0.92285156 23.694644506392045 0.9558736243206796
38.82894131681057 -9.05487157598243 0.3125 0.81811523 4.9439743585745015 0.4094636926327999
38.039394439617624 -7.250674973712542 0.25976562 0.24847412 7.758217386887601 0.712257881628594
36.65288524084517 -11.490180954619039 0.29296875 0.6135254 13.726427434825657 1.7617043271642034
37.20421992863068 -11.685574516273457 0.26757812 0.3569336 11.462138458934561 1.0703465736392852
37.19651032940144 -11.680751781496193 0.26757812 0.3569336 13.856787553320647 1.8032675391456208
37.19360364392546 -11.692495362919676 0.26757812 0.3569336 19.75004984720594 1.2432927126305746
36.648338094459184 -7.251356684784299 0.31835938 0.8613281 -24.628912588547323 0.7333982214092276
36.64682369910027 -7.250748330013572 0.31835938 0.8613281 -25.332729042085607 0.8654653138577169
37.10952383457005 -9.250444537727514 0.30859375 0.76049805 7.110067824330175 1.423140109957426
34.59896491813283 -8.326416841687529 0.328125 0.9523926 -15.997338000948108 2.1169842492345095
39.71887587883974 -11.81966206999602 0.47851562 2.4570312 14.372081086344462 1.6665569692824576
37.830821885691535 -11.34612271176589 0.28320312 0.50341797 31.541114328297454 0.9697669654882858
37.82992163662495 -11.34402182595084 0.28320312 0.50341797 47.21217068479671 2.0684606404708568
40.28956221404437 -9.552056330219933 0.29492188 0.5905762 0.5210505028966242 0.2380270055548298
40.28857042833223 -9.553089175777231 0.29492188 0.5905762 0.5937204461340401 0.23512993633928317
38.132949933678695 -6.937708839412451 0.328125 0.90844727 6.212432789523055 2.6847826265028787
36.10362220750867 -11.2303810219812 0.29296875 0.6130371 -5.996422523575811 0.6763623950625526
39.73321152916249 -9.685977012964162 0.29296875 0.60668945 18.41458320009435 1.8877986113748995
34.97906106050644 -7.534156549146688 0.29101562 0.59643555 4.1888726383427635 0.37840644045899524
34.97767278774733 -7.5331746306585865 0.29101562 0.59643555 3.76145759138437 0.38734071051933405
36.18612262302156 -10.457577683240231 0.32226562 0.8967285 24.445329211953016 1.0451535126409683
36.58589151559855 -6.799718898941659 0.31445312 0.8322754 -4.111910370609648 2.2176184059265447
36.451385615126206 -8.704706137036336 0.28125 0.49084473 4.592063827092743 2.040247310230068
35.886905834461075 -7.228973342399364 0.3125 0.8129883 23.850970322083867 1.220659964215255
35.88916799267794 -7.232042521347923 0.3125 0.8129883 28.801713935388477 1.8282619976500551
35.88234303513864 -7.240179595971875 0.3125 0.8129883 -31.460834362925645 2.4977843629508016
39.91664118277568 -10.54689790470151 0.328125 0.94018555 -4.742946080585717 0.5600622114026482
37.72810732335354 -9.164176056790955 0.3125 0.8095703 -36.03309845543723 0.4282291788266511
39.141342185260655 -2.8101195022469274 0.32617188 0.89575195 4.764780913705745 2.313070262384341
35.735278989375296 -6.035370388587339 0.29296875 0.6044922 -16.33141788047066 0.6453987659418511
35.63152321504193 -4.465529789769739 0.29101562 0.55249023 -0.34798721393731774 0.8029922853086072
38.00484084577795 -2.2639502100320428 0.33984375 1.0405273 -3.4760837257455837 2.454201186299074
34.725257671702245 -4.028319421838935 0.36132812 1.1987305 12.650379599780688 2.3799489966223586
37.74002465751708 -4.860670632003355 0.30664062 0.7001953 -8.065934241285493 0.45115282104173676
38.1865655133808 -6.5344667334146145 0.29492188 0.5756836 -6.377787091116565 1.3957790292913617
38.18446352086765 -6.537791316886408 0.29492188 0.5756836 -11.174782629535317 2.2445854865694996
37.059425388759685 -4.558940299784637 0.32226562 0.8483887 4.503418794771675 1.8491279147827626
38.14660268215457 -2.859510840788241 0.29101562 0.5463867 19.444780345842116 2.57594599089812
37.40227886397025 -4.58826249882705 0.27929688 0.41918945 7.157312065568947 1.253389351882839
38.90324772351263 -5.950960665923361 0.2890625 0.5341797 24.15779338410771 0.8819839396993334
38.55140686432652 -6.246527616832663 0.27734375 0.4078369 13.446296238652012 1.4424042196989753
37.324485690229025 -2.793151474668653 0.31835938 0.80444336 10.825847410627953 1.5802655119710323
38.02707679324251 -6.287777848371476 0.26757812 0.30566406 9.96182382967335 2.402483581745436
38.48704903379362 -5.1274312735127126 0.28710938 0.5031738 6.840286086065584 0.0668665066517998
38.48773565782165 -5.132740108697928 0.28710938 0.5031738 9.025960760620125 0.19697985650132077
38.49170294306637 -5.151397101663916 0.27539062 0.3930664 7.521332772112423 0.07866196850014014
38.490448130584745 -5.146367022543 0.27539062 0.3930664 9.935317798146412 0.2924843676473086
35.661887968224484 -6.290443401324542 0.31054688 0.7824707 5.040122226650724 1.0545802515148657
37.6082878480987 -5.416586317360792 0.296875 0.5966797 8.037768977782282 1.514485346587282
36.448238525624255 -2.4412054828740604 0.29492188 0.57543945 5.302506822617504 1.0232668570307402
38.21729650481529 -3.8997206948940573 0.2890625 0.53222656 7.966957453080033 1.9446194832879242
38.65013126966737 -4.326798008045213 0.29882812 0.6257324 7.017192408555193 0.28866019175472557
39.03426740237868 -6.475128707091351 0.31054688 0.7397461 14.12838110189983 0.3069447376110526
39.03613668428389 -6.476662572074991 0.31054688 0.7397461 10.607280013190463 0.3672942207103893
35.83763900482173 -6.291283604568264 0.31640625 0.8400879 -3.9755408625904964 1.9461721968906744
35.109703067854 -6.4265446677594396 0.29492188 0.63183594 0.021393420703462396 2.4323613564259996
34.98882300864577 -4.797871212051302 0.26171875 0.27807617 -2.4289244278715842 0.5262438928894225
34.991611664209096 -4.797207469403445 0.26171875 0.27807617 -1.2323584094812154 1.3901153669867594
36.30044543771999 -5.946650507311341 0.32421875 0.920166 0.743364336826132 1.1402692276461115
37.44800179242647 -2.11519683431033 0.32226562 0.8664551 4.794200476003187 0.21700743614563128
35.655467756068674 -6.076615799035298 0.34960938 1.1772461 5.280453719768248 1.5769178554813483
35.681019019838914 -6.083833168718437 0.34765625 1.1538086 5.997556019479603 2.55364111963668
39.51223372730444 -5.720073726327957 0.30273438 0.6772461 12.364063701170767 2.4612850806569577
37.812442901144315 -4.674534730723147 0.29296875 0.5600586 6.681055654393564 0.5791504213011124
38.961742385923095 -5.183577905422556 0.29882812 0.6254883 5.955857097936773 0.7260931976026803
37.114955826530306 -5.684178307106858 0.28320312 0.47180176 13.193905684373952 0.16585243339531178
38.33149713822629 -3.348636414381158 0.27734375 0.3988037 7.361155193710765 0.015029146423502655
38.317150053499695 -3.3491236109754268 0.28320312 0.4597168 7.758889324763371 0.06306934585238826
38.32765955809211 -3.349159401311312 0.27734375 0.3988037 7.5375358562759835 0.024497472969945668
38.34186160039118 -5.867425984788736 0.31054688 0.7312012 14.807535174411916 1.0943448968042413
39.110660561341895 -3.5816683472151998 0.32421875 0.8791504 5.7793345828735445 0.5734185963183204
37.6453627307037 -6.645011912494028 0.31445312 0.7932129 17.125735201209743 1.917079311394146
37.52028650582937 -6.468848171933254 0.30078125 0.65185547 -5.99018316375021 1.2512731967016184
35.93923970743902 -3.678380914654207 0.265625 0.2803955 2.8033665372227183 0.2588598653832722
38.1725653421137 -6.324412398705205 0.31835938 0.8156738 16.828396469521337 0.6346819394943466
38.17718504405415 -6.3377800511500615 0.32617188 0.8845215 15.831073176472216 1.4827622204980964
38.93831246908449 -5.412304751372157 0.29101562 0.55566406 5.067456952941698 0.4995477134926187
38.935249254532245 -5.410575327775602 0.29101562 0.55566406 8.41694369480553 0.5244887920923089
36.1267053300153 -2.3255171088545974 0.30273438 0.65112305 18.856982808917437 0.4454408564427528
35.396656098785705 -4.815508776300095 0.28515625 0.52563477 -3.30265287997012 1.7600551812678666
39.19157028690176 -3.0311854033645327 0.31835938 0.81591797 -16.26382324997937 1.6742176625988474
36.528762879580256 -5.538362524964972 0.31640625 0.7993164 -9.311685009625513 1.5651421736770301
34.881244708180496 -5.129012455628454 0.31835938 0.8562012 17.504635071795253 2.423810313298145
36.93428814255268 -2.8461267663807592 0.26367188 0.26037598 -0.9866814417845611 0.5835287005674095
36.93723307772022 -2.8502701612325985 0.26367188 0.26037598 6.142074369603597 0.7039221191333772
36.71807471493688 -6.420929851173818 0.31640625 0.8273926 -1.672922611579057 2.597575856671108
38.69162738867975 -3.6579438437371468 0.29101562 0.5361328 9.609763880742584 1.8413388961291746
37.86129000388633 -4.690268390607298 0.29492188 0.5810547 11.210818818028967 1.8991713866147446
36.654361672603365 -6.658225068085009 0.28515625 0.52734375 6.474487767925857 0.5637691933974072
37.86093524435481 -4.360040652204809 0.2890625 0.5300293 3.7355047992905233 0.17253854074036656
37.86267463463559 -4.358793814168709 0.2890625 0.5300293 -31.429423538865176 0.6584817866580508
36.50563433031767 -5.202337380559902 0.27734375 0.39379883 17.352965305676975 2.5656288942879386
36.483123780688494 -2.790414155964275 0.29492188 0.5805664 11.768574162332822 2.273781773938849
39.636222775774336 -6.677328119660453 0.33789062 1.0151367 -0.6679025485678194 1.0157502559212725
35.40050881977286 -4.19512664018236 0.2890625 0.5305176 -3.2655195550091456 1.216834515731237
40.04598237943554 -3.5219233389347346 0.29882812 0.63842773 6.525839256068537 0.1414031850937879
40.06913758951251 -3.5282059968592 0.28320312 0.47802734 1.2550052342642766 0.5892485587531826
40.0630722432125 -3.526871604784617 0.28320312 0.47802734 1.1057174977053916 0.7507524065839505
40.05493539121372 -3.524897243379873 0.29882812 0.63842773 2.548076923076923 0.5885772436929517
39.88613132424273 -5.105117373019852 0.30664062 0.70166016 1.73289375140243 0.3698904839034051
38.41534797495258 -6.659676049926376 0.26953125 0.31933594 15.547934122967456 1.1582886569152624
38.71567540891461 -5.811359457853742 0.27148438 0.35791016 15.406226032683305 2.4945925950431596
37.54491800681286 -6.708621025713258 0.30664062 0.7229004 25.28720021493884 1.169939340877888
37.54423149378385 -6.707504739396554 0.30664062 0.7229004 25.290712285939755 0.9689953474736916
39.56090162295104 -5.856367080758733 0.3046875 0.68896484 6.300105740489504 2.4835731332380386
39.96885686617423 -2.495625994837398 0.28710938 0.5058594 2.5466026810508224 0.9541772800493736
38.58595664320204 -4.263361946003679 0.35546875 1.1958008 15.729356060309971 0.37565061458144644
38.44349656865182 -4.937230203309695 0.31445312 0.7766113 8.531780449910684 1.1126366351003323
38.436965888499394 -4.937259573198142 0.31445312 0.7766113 5.929334604199799 2.070722030745651
39.157264643295505 -3.7702103601998234 0.31054688 0.7519531 2.721162723193588 1.2938180945947706
35.40198124098297 -4.161783226183658 0.2890625 0.5305176 0.8189225524920091 1.883389951406902
38.23236844402747 -3.8624795892629975 0.265625 0.28405762 5.806737809865227 0.6858090985731784
38.23898700327306 -3.8616682535658975 0.265625 0.28405762 7.552857826480514 2.2909127159461766
36.58267957085364 -4.426758339427414 0.28125 0.42407227 4.127956423420989 0.5162247192484225
36.58348839014222 -4.424749407523468 0.28125 0.42407227 4.058948269540858 0.9624744145610051
36.97861097919823 -4.951418395808259 0.29296875 0.5588379 -13.278717291821712 1.365168716979647
37.31608591595158 -4.704544579177762 0.2890625 0.52124023 -1.703199671914363 0.04439267501510146
36.20308684245759 -2.3554604288390664 0.3046875 0.6767578 20.189837849322966 0.4661655515056316
38.06905365383818 -5.7563047666796106 0.32421875 0.8742676 6.209853859286369 0.3672326947665003
38.091709185852594 -5.739950205843568 0.31640625 0.80566406 7.2662689635394635 0.8047448097895837
40.35555645918422 -5.644678139210507 0.32421875 0.87158203 5.392669553947227 1.8733514144885088
36.657928620454264 -4.212365101447322 0.30273438 0.6425781 14.487996369412299 2.0309352518817376
40.31729508060361 -5.564059730117203 0.28515625 0.4876709 2.695391776174513 0.2082532333579167
40.31028746612696 -5.5730366757895515 0.28515625 0.4876709 10.850663186145914 1.1679346562913493
40.314453108271714 -5.569135149725387 0.28515625 0.4876709 6.07786766529532 1.3251952329027672
38.80866252471603 -5.540193990303814 0.30078125 0.6525879 7.449328752293688 2.277002132924308
38.39995956718842 -3.1109873739172778 0.28710938 0.5 -8.817644679932279 0.8543023089192102
35.58671590518456 -3.3509878478747823 0.25976562 0.23638916 0.8733993319919696 2.5196998630688836
35.58615901376773 -2.704152671328668 0.26367188 0.26574707 15.37414051179059 1.1527380980049324
35.5865590423096 -2.708362593033721 0.25976562 0.23742676 4.016141695569908 0.7844952252964527
38.810016611754975 -4.868275101024734 0.29492188 0.5871582 6.858245844396285 2.2309136985020013
38.81207279282369 -4.874514055770481 0.29296875 0.57177734 6.672003000807811 2.4880920126343478
36.07622143980451 -2.7252142301087687 0.30664062 0.70410156 -5.835227937145184 0.39364296316267755
36.07290634598441 -2.71852448365932 0.3203125 0.82910156 15.052251034408915 0.636606364063846
36.076949809097584 -2.7241360908903682 0.30664062 0.70410156 -14.871761970308501 0.6643667755071423
36.074436009883506 -2.7286145391631025 0.30664062 0.70410156 6.746945584881069 0.2935935121973474
36.06795137257003 -2.720403290498513 0.3203125 0.82910156 12.878152215511395 1.618960462243694
36.077560159611004 -2.7303856210890283 0.30664062 0.70410156 1.4188392629862228 0.7381942182714324
38.25108328745158 -3.9582375171625337 0.28710938 0.5144043 6.941000997680414 2.229406307027488
37.286319662245255 -2.3865389751630652 0.30273438 0.6669922 3.563382282082598 0.34939707147753085
37.285255339851325 -2.3831677300880174 0.30273438 0.6669922 4.5639533012086755 1.7357829659092623
38.364604945257454 -5.184600369773419 0.3125 0.7626953 4.224561646067777 1.9629415891193576
36.88741296352184 -5.963369851004896 0.2890625 0.5292969 5.774088035724642 0.3637491726394957
36.88142400029506 -5.963875830153943 0.29101562 0.5595703 2.198434175310088 0.7696438098376153
36.8849907266429 -5.9621968194031005 0.2890625 0.5292969 3.3219443739425785 0.5177699765343124
36.876468667834665 -5.963871909648036 0.29101562 0.5595703 -1.2169629883501252 1.261628480407465
38.40666211990485 -6.271247328478986 0.29296875 0.56225586 10.968730015751955 2.4369998231126804
37.36370098110598 -3.0570415295426066 0.31835938 0.8059082 7.7030171774066885 2.2414016900856324
39.67433924554182 -6.704833985536442 0.32617188 0.89208984 1.1461273938038947 0.7880773546067771
39.675636322222985 -6.7049155021258695 0.30664062 0.70996094 0.3683087779782907 1.0573117301969992
38.51391976866258 -3.5161737629007046 0.33398438 0.97924805 2.6017021817142494 1.8084566142391412
38.29264837628311 -3.4244440712608037 0.27929688 0.4234619 9.358378177662425 2.1408381235884213
39.636180941188044 -6.124437374902208 0.29101562 0.5395508 26.060017606545493 0.7485038611269718
39.637088800378095 -6.128253427485742 0.29101562 0.5395508 12.701731964789994 0.6888504507823451
40.40032194840751 -4.30685417580185 0.29296875 0.58032227 4.484883426030233 0.11526687440257051
40.40102004061267 -4.30504553686602 0.29296875 0.58032227 5.348859439839574 0.11966016446883353
37.274909887507974 -4.045342809902258 0.2890625 0.51000977 -2.58108222095696 1.7280754920183339
37.2755125720938 -4.043926182278405 0.2890625 0.51000977 -1.117022988404863 1.9394609537242287
39.21790307818737 -4.482339781898624 0.27929688 0.4375 -1.377717852896212 0.46700471169345603
