data_processed/results_weighted_RM.ecsv
# %ECSV 1.0
# ---
# datatype:
# - {name: Name, datatype: string}
# - {name: Statistic, datatype: float64}
# - {name: p_value, datatype: float64}
# - {name: Statistic_x, datatype: float64}
# - {name: Statistic_sgn, datatype: int32}
# - {name: Statistic_diff, datatype: float64}
# - {name: Significant, datatype: bool}
# - {name: 'Sigma [meas]', datatype: float64}
# - {name: 'Sigma [obsv]', datatype: float64}
# - {name: 'Sigma [true]', datatype: float64}
# - {name: 'Sigma [diff]', datatype: float64}
# - {name: FWHM, datatype: float64}
# - {name: 'Average [inner]', datatype: float64}
# - {name: 'Average [outer]', datatype: float64}
# - {name: 'Average [diff]', datatype: float64}
# - {name: 'Avg Unc [inner]', datatype: float64}
# - {name: 'Avg Unc [outer]', datatype: float64}
# - {name: 'Avg Unc [diff]', datatype: float64}
# schema: astropy-2.0
Name Statistic p_value Statistic_x Statistic_sgn Statistic_diff Significant "Sigma [meas]" "Sigma [obsv]" "Sigma [true]" "Sigma [diff]" FWHM "Average [inner]" "Average [outer]" "Average [diff]" "Avg Unc [inner]" "Avg Unc [outer]" "Avg Unc [diff]"
G038.7-37.3-241 0.2074738871132492 3.5194997048780594e-09 -23.129523665567874 -1 16.86046632442212 True 7.315711919790323 21.44495684338161 20.158534994417067 -7.5559356070774975 -17.792868626509186 -9.010901261901203 -16.691518833687702 7.680617571786499 0.1544710566244403 0.06975604516150032 0.16949104156634448
G038.8-33.2-261 0.31066825775656326 1.3943532792837091e-08 -6.963302929232215 -1 12.50616654023725 True 7.247502115395694 22.736827410419288 21.5508012328667 -3.6485845077294528 -8.591759934790694 -0.6960604023293531 -11.978620978240315 11.282560575910962 0.4934626372172539 0.03289730408607167 0.4945579914889038
G043.4-30.4-230 0.24109469074986317 3.606854288675973e-11 -9.607423653882606 -1 17.56975352329457 True 7.411948080584831 26.053745901546854 24.977203629571594 -2.3590579203581576 -5.555156878248415 13.132260146632955 0.8190631739611469 12.313196972671808 0.20749211378340493 0.06703715396383249 0.2180526479863889
G089.0-64.7-311 0.3738140417457306 0.015075834341180974 -17.51573024976091 1 -12.06027479430546 False 4.475548858546416 31.426204980645753 31.105880825019693 20.11773030994578 47.37363459438702 -7.30229848617082 -3.978661824845781 -3.3236366613250388 1.1564596550972988 0.048370593054644674 1.1574707979643466
G133.5-75.6-294 0.46130268199233715 4.570648166268751e-08 -5.571498219868521 -1 9.893967245596944 True 3.1053847739136637 3.5608394245679476 1.7424588412650028 -6.847658270169869 -16.125002956117964 -2.168078601732155 -6.370877536021758 4.202798934289603 0.20314919434020826 0.04004602282589842 0.2070586368767265
G248.9+36.8+181 0.08070447918650822 0.452664079053446 -9.22561988896952 -1 1.9355412721916405 False 6.000370649868542 12.326252879593241 10.767175215249209 -1.2534429588517746 -2.9516326048070622 -3.7630650039131255 -2.4956028506573738 -1.2674621532557517 0.2547830594711783 0.07201239105270783 0.26476440821723396
G261.5-34.5+237 0.2889454915944982 5.960798790546759e-08 -9.242870775459728 -1 11.928300395711442 True 8.594854462293316 21.06597665131827 19.23288457423595 6.542074154087057 15.405407354123094 -11.764841199688588 -17.481018590675696 5.716177390987108 0.561224497952308 0.14982108400037036 0.5808780373820878
G262.4-26.2+143 0.21329644533869885 1.2224926075128765e-06 5.330447266073939 -1 13.188305123931798 True 10.157119529631 25.64311095033743 23.545744033096597 -28.767857863402234 -67.7431283493408 12.994898045135406 2.6170295774063628 10.377868467729042 0.46755894063459996 0.17864583221397004 0.5005254202683129
G264.6-53.3+224 0.3195887445887446 4.0730287570954555e-05 2.861884589161079 1 -6.697674970398481 True 5.927300141806982 15.73809348278103 14.579255793821908 0.35850194470109464 0.8442075655647145 1.6847642877788824 8.566817538848705 -6.882053251069822 0.627066596774432 0.04772657752967211 0.628880229449904
G267.1-38.4+263 0.3428488020518381 2.318648482161409e-11 29.111033886656486 -1 21.553476329098928 True 8.13486037878398 31.995920177575528 30.944514128153237 8.787618562445854 20.693260338933552 7.87911832667194 -0.09597795759895843 7.975096284270899 0.5391312832435591 0.07778003997912636 0.544713020948647
G271.6-48.4+297 0.12493061782161308 5.0905622111774864e-05 3.6754826316026303 -1 3.4252323813523766 True 6.313050583159695 17.46551131755536 16.284639324164395 0.7298893876279617 1.7187581606416888 6.2498163873875034 5.805870004194806 0.4439463831926975 0.07038771856457283 0.05003114749376412 0.0863570879793216
G271.7-53.1+254 0.22697520500279825 0.0003403465863955054 0.3671275918463621 1 -7.590830366111597 True 6.2230954330307275 19.59822249951933 18.583955670740764 -1.788038440282012 -4.2105087604619555 5.41510695247812 5.470523397940186 -0.05541644546206559 0.37135116945805163 0.09674753566290917 0.3837470217665649
G323.0+25.6+122 0.09850367024280068 0.015086808841105354 8.268268804363913 -1 3.5135140496091566 False 7.027533820663006 15.504176795933859 13.820031350145756 -2.003571701609589 -4.718050804607028 1.8459752469674637 0.562276565703049 1.2836986812644149 0.1590458772843892 0.04110232940310076 0.16427109472917623
