data_processed/hvc_rms/hvc_rms_index_15.ecsv
# %ECSV 1.0
# ---
# datatype:
# - {name: ra_dec_obj.ra, unit: deg, datatype: float64}
# - {name: ra_dec_obj.dec, unit: deg, datatype: float64}
# - {name: 'H-alpha flux [Error]', unit: R, datatype: float32}
# - {name: H-alpha flux, unit: R, datatype: float32}
# - {name: ra_dec_deg, datatype: string, subtype: 'float64[2]'}
# - {name: RM, unit: rad / m2, datatype: float64}
# - {name: RM_uncert, unit: rad / m2, datatype: float64}
# - {name: pol_int, datatype: float64}
# - {name: pol_int_uncert, datatype: float64}
# - {name: ra_dec_pix_offsets, datatype: string, subtype: 'float64[2]'}
# - {name: interpolation_raw, unit: rad / m2, datatype: float64}
# - {name: interpolation_cor, unit: rad / m2, datatype: float64}
# - {name: interpolation_unc, unit: rad / m2, datatype: float64}
# - {name: pixel location x, datatype: float64}
# - {name: pixel location y, datatype: float64}
# meta: !!omap
# - __serialized_columns__:
#     ra_dec_obj:
#       __class__: astropy.coordinates.sky_coordinate.SkyCoord
#       dec: !astropy.table.SerializedColumn
#         __class__: astropy.coordinates.angles.Latitude
#         unit: &id001 !astropy.units.Unit {unit: deg}
#         value: !astropy.table.SerializedColumn {name: ra_dec_obj.dec}
#       frame: icrs
#       ra: !astropy.table.SerializedColumn
#         __class__: astropy.coordinates.angles.Longitude
#         unit: *id001
#         value: !astropy.table.SerializedColumn {name: ra_dec_obj.ra}
#         wrap_angle: !astropy.coordinates.Angle
#           unit: *id001
#           value: 360.0
#       representation_type: spherical
# schema: astropy-2.0
ra_dec_obj.ra ra_dec_obj.dec "H-alpha flux [Error]" "H-alpha flux" ra_dec_deg RM RM_uncert pol_int pol_int_uncert ra_dec_pix_offsets interpolation_raw interpolation_cor interpolation_unc "pixel location x" "pixel location y"
[from data line 53]
148.61512777541833 -49.56557838038363 3.0 17.945312 [148.61512777541833,-49.56557838038363] -87.7968433805664 0.2850599179464543 0.0018674046337248487 1.9782596416697047e-05 [-3206.487304688,-2733.915039062] -4.455048740151896 -9.107368815290354 21.576874306041677 15.711923317300943 15.459457736252034
148.59060645083497 -49.57035442716765 3.0 17.945312 [148.59060645083497,-49.57035442716765] -79.84296788901024 0.48942455701333937 0.0010998629422595849 2.0004745430723218e-05 [-3234.764648438,-2724.25390625] -4.455048740151896 -9.107368815290354 21.576874306041677 15.548276990350814 15.57339183195586
148.60517922440593 -49.56700525852499 3.0 17.945312 [148.60517922440593,-49.56700525852499] -83.51942876210504 1.0907109308226237 0.0004918900349436159 1.993822043069937e-05 [-3217.994140625,-2730.915039062] -4.455048740151896 -9.107368815290354 21.576874306041677 15.650331087354061 15.509514453808606
149.71221960889406 -50.56416704661993 3.21875 20.132812 [149.71221960889406,-50.56416704661993] -3.1299739094546424 1.8764215270330555 0.0002601842774714993 1.8143461986731496e-05 [-1886.944335938,-975.5] -5.536498350676902 -18.82214787274243 25.349255606066617 11.479467719201693 1.3923726050634286
149.60835243224875 -49.04377725347629 3.0 18.039062 [149.60835243224875,-49.04377725347629] -61.986976849192665 2.839214832891564 0.00020424651242529327 2.1550711247446117e-05 [-2069.680664062,-3707.889648438] -7.503399474607455 -1.0353539879883051 22.91821195506168 25.43462644505371 13.201909936512038
149.56558242217514 -49.05571006680474 2.96875 17.648438 [149.56558242217514,-49.05571006680474] -40.17287747387809 0.49088191017720445 0.001165849711330206 2.1268080751224565e-05 [-2119.610351562,-3685.212890625] -6.265644256097333 0.3924703838181607 23.048663324785934 25.115508216654007 13.380867048326081
147.91952519241028 -50.315368570750124 3.296875 21.03125 [147.91952519241028,-50.315368570750124] 45.10605186990382 1.8929783641184015 0.000293811435560127 2.0669170535367062e-05 [-3955.315429688,-1351.89453125] 4.682116499601268 -11.219606622247177 22.652103921758105 5.332467378205365 14.015037341459674
150.1733550947942 -49.99933997271003 3.203125 20.085938 [150.1733550947942,-49.99933997271003] 49.81705389244264 2.2027770396957043 0.00021994281336612463 1.8004829793002854e-05 [-1376.09765625,-2002.122070312] -12.484281943795917 -14.331278871380054 24.818082270051747 19.01168863375142 2.7025165388124606
150.07350170177236 -49.9003334317241 3.46875 22.632812 [150.07350170177236,-49.9003334317241] 24.116514915981938 3.0486303937088692 0.00016133394817703767 1.8278444746311736e-05 [-1494.67578125,-2178.323242188] -13.09876703814641 -14.732236524673947 24.91464935727152 19.490333359573015 4.038946896132757
148.6669463766455 -48.97925566968354 3.015625 18.101562 [148.6669463766455,-48.97925566968354] -85.60797026439113 0.2718772317391906 0.0022070952265961902 2.2299884513420648e-05 [-3183.689453125,-3790.291015625] -13.056385742226405 -7.193819711360501 21.422906892326573 21.47229991398808 19.52994694427116
148.66300982354005 -49.001533536988426 2.96875 17.757812 [148.66300982354005,-49.001533536988426] -74.08992181910345 0.6996874705504912 0.0008458292527629088 2.199355841962931e-05 [-3186.909179688,-3750.07421875] -11.179334469124107 -7.056618582081775 21.614643898216215 21.243717939205908 19.387497616439987
148.6660610065748 -48.983318086824994 3.015625 18.101562 [148.6660610065748,-48.983318086824994] -84.86679362157048 0.4175512622538374 0.0014326559124842426 2.2231071757215422e-05 [-3184.474609375,-3782.950195312] -13.056385742226405 -7.193819711360501 21.422906892326573 21.42979564778534 19.50500801248404
148.66245995723483 -48.99840903310279 3.015625 18.101562 [148.66245995723483,-48.99840903310279] -76.9645524757625 0.34100027004260014 0.0017381835990562303 2.202718877848749e-05 [-3187.7578125,-3755.666992188] -13.056385742226405 -7.193819711360501 21.422906892326573 21.270378349028988 19.414288426052508
149.87515269198764 -48.7557599412326 2.859375 16.609375 [149.87515269198764,-48.7557599412326] -47.9590877160923 0.864531643078954 0.0007644481377665083 2.45605237527142e-05 [-1765.166015625,-4232.764648438] -13.574286421958899 -6.204024073551864 25.287907334993 29.45692621150397 13.646222418514299
149.41830410274576 -49.89713294047067 2.890625 16.921875 [149.41830410274576,-49.89713294047067] -46.54006084765332 2.711461293684572 0.00018645913756857883 1.878865896370997e-05 [-2254.1640625,-2167.38671875] -7.602100851906892 -11.186648798401112 25.3654101764013 16.43276460808829 8.086300550497754
149.26548731771246 -50.66400915247984 3.546875 23.515625 [149.26548731771246,-50.66400915247984] -9.907954205747842 1.9974096241752117 0.0002445724740263174 1.815446345292605e-05 [-2392.37109375,-782.85546875] -2.9032778611782324 -13.440232120869913 26.806334770477346 8.449643838060865 3.351880068907576
151.2677611284504 -48.944454327622495 2.96875 17.664062 [151.2677611284504,-48.944454327622495] 0.8237396486123545 0.3207859644488513 0.001832489335111016 2.1845677448474754e-05 [-112.3471679688,-3911.166992188] -5.93887110652736 -10.860257310928677 25.253158520283105 34.259418653179864 3.4569048215912517
151.29017655498515 -48.92621637214989 2.96875 17.664062 [151.29017655498515,-48.92621637214989] 2.4771482804696525 0.4210759997353077 0.0014066017348867003 2.201102871364707e-05 [-85.87890625,-3944.001953125] -5.93887110652736 -10.860257310928677 25.253158520283105 34.54042821524922 3.4444438477589756
151.26397720208527 -48.9478871986614 3.015625 18.21875 [151.26397720208527,-48.9478871986614] 2.8807842086964626 0.7003191408577591 0.0008348335122107196 2.172724061965758e-05 [-116.8125,-3904.986328125] -7.057893875015123 -11.710469746958939 25.054531433056617 34.208564586203465 3.456462010138239
151.27597063754467 -48.94004054648381 2.96875 17.664062 [151.27597063754467,-48.94004054648381] 8.204977466042418 1.060567599937896 0.0005563566297966847 2.1928065825318497e-05 [-102.6508789062,-3919.118164062] -5.93887110652736 -10.860257310928677 25.253158520283105 34.34044575932944 3.4361549428654143
151.28796379123233 -48.92362239388001 2.96875 17.664062 [151.28796379123233,-48.92362239388001] 1.9716904376125672 0.5602758469661332 0.0010551929011167697 2.1970627694066193e-05 [-88.50048828125,-3948.665039062] -5.93887110652736 -10.860257310928677 25.253158520283105 34.555140218829365 3.477097331821369
149.13394188460578 -50.095424568392225 2.859375 16.585938 [149.13394188460578,-50.095424568392225] -49.68620083585273 2.123467361276404 0.00023960938072097623 1.8908544933436638e-05 [-2573.0234375,-1801.342285156] -4.018951173725884 -7.257396699776512 24.279358737330153 13.207458775970963 8.35370126347948
147.09500120813385 -49.243346916913666 2.84375 16.421875 [147.09500120813385,-49.243346916913666] -0.2992796889276077 1.4473584096560275 0.0005341757315111226 2.8732204275464608e-05 [-5010.545898438,-3228.1796875] 7.968677056883681 -2.926511693252781 26.312210889660257 11.227399966292523 27.133211165045395
147.10938989172678 -49.25294854489358 2.84375 16.421875 [147.10938989172678,-49.25294854489358] -7.905578003808462 1.4210822235265612 0.0005344232890293486 2.8223656998852204e-05 [-4992.712890625,-3211.912109375] 7.968677056883681 -2.926511693252781 26.312210889660257 11.210738614979618 26.972604070139596
149.05139159629437 -50.85648734436521 3.34375 21.445312 [149.05139159629437,-50.85648734436521] 3.122588814411201 0.15137088837891083 0.003406224478548997 1.9161271678132944e-05 [-2625.638671875,-429.2548828125] -1.719495436919967 -16.34857947689437 27.96566180543708 5.629022372919735 3.209867276363866
151.6885526796541 -48.69109723291781 2.953125 17.484375 [151.6885526796541,-48.69109723291781] 35.799058805430406 2.81148889485924 0.0002384603396196308 2.4915019633329025e-05 [387.06640625,-4366.063476562] -8.730920780797609 -9.930051945476965 26.440455635482486 38.677028225848744 2.5680378504671353
147.47605926038264 -49.68909063828757 2.8125 16.171875 [147.47605926038264,-49.68909063828757] -110.93843937303055 1.0572238197683552 0.0005660802344284308 2.224096535947207e-05 [-4522.545898438,-2452.05859375] -1.8469056961046149 -10.004002362813115 23.278892380373783 8.994716483964794 21.426365406834975
147.4853818739416 -49.67092111462814 2.8125 16.171875 [147.4853818739416,-49.67092111462814] -100.07712358331221 1.8918683454784875 0.0003163035406609631 2.223840663966501e-05 [-4513.401367188,-2485.28125] -1.8469056961046149 -10.004002362813115 23.278892380373783 9.209170930308119 21.50888887689871
147.48323066252192 -49.67618160021973 2.8125 16.171875 [147.48323066252192,-49.67618160021973] -99.8240409317124 1.2749468246193452 0.0004695418082285568 2.2247183803185466e-05 [-4515.413085938,-2475.696289062] -1.8469056961046149 -10.004002362813115 23.278892380373783 9.14977816342298 21.48170717118046
149.0003513139125 -49.278133267062884 2.84375 16.429688 [149.0003513139125,-49.278133267062884] -52.64607880206951 0.5405182419170842 0.001002993336399111 2.0147311741903195e-05 [-2773.415039062,-3266.440429688] -2.271767666114447 -4.88651601348359 22.485493789413628 20.282691242499823 15.240131252410265
149.22605896977984 -49.6404647080752 3.0625 18.570312 [149.22605896977984,-49.6404647080752] -76.25805798931937 0.904746686536798 0.0005669013724986155 1.9060891659535954e-05 [-2490.084960938,-2622.888671875] -3.318177015610106 -8.930385195927705 23.714183403584187 17.94706336041395 11.161680262750224
150.82531747630478 -48.84532569922738 3.828125 26.28125 [150.82531747630478,-48.84532569922738] 60.307015053328584 3.0176635661455187 0.00020687235483117584 2.3199679256080347e-05 [-636.66796875,-4087.206054688] 3.0874854833314913 -3.5295707474085667 23.663996932890257 33.134609807530296 6.983993388442968
148.5433806293079 -50.86750800433357 3.46875 22.742188 [148.5433806293079,-50.86750800433357] -61.386926994799374 0.8715071908406475 0.0005860083791224918 1.8979444795543465e-05 [-3201.541992188,-389.3129882812] -7.073711853675591 -22.918633288821333 27.98705717033179 3.1407202755567596 6.15148821185403
147.93049634003066 -49.88203822560866 2.75 15.503906 [147.93049634003066,-49.88203822560866] -38.634939901725964 0.8138335232485966 0.0006753503377544696 2.0425533076848643e-05 [-3978.560546875,-2131.516601562] 1.5432930329214236 -5.300870844137199 23.143667110449762 9.425890925512931 17.227691841907244
147.94126855732176 -49.87469118165827 2.75 15.503906 [147.94126855732176,-49.87469118165827] -34.24900052117763 1.049179336432868 0.0005171956022787391 2.0165697824377368e-05 [-3966.692382812,-2145.305664062] 1.5432930329214236 -5.300870844137199 23.143667110449762 9.546832964690566 17.218453546989394
149.08190909445858 -49.344409689440695 2.8125 16.085938 [149.08190909445858,-49.344409689440695] -43.32125139536688 0.4945135460617988 0.0010874141851677384 1.9983975554326918e-05 [-2674.119140625,-3150.279296875] -0.3858037284805069 -5.035684804483804 22.700259717582146 20.051559538289894 14.24439287706673
149.08435031419913 -49.35091421155589 2.8125 16.085938 [149.08435031419913,-49.35091421155589] -38.71656929197361 1.249221474829044 0.0004293588081197238 1.993280973298404e-05 [-2670.905273438,-3138.670898438] -0.3858037284805069 -5.035684804483804 22.700259717582146 20.0019383567319 14.181023744421282
150.19027742439835 -48.59847637113506 2.859375 16.609375 [150.19027742439835,-48.59847637113506] -47.203629980914315 2.2856936663358924 0.0003167245656261765 2.6903481055505597e-05 [-1395.666992188,-4522.344726562] -9.284844299656143 -3.1671766920899707 23.414705360576093 32.47288631414517 12.80572304261841
148.65512051111787 -49.62761328023244 3.03125 18.273438 [148.65512051111787,-49.62761328023244] -112.99291595808663 0.2535228740239333 0.0021209094164694087 1.9982414941039773e-05 [-3155.833007812,-2624.095703125] -4.396172286318111 -9.05263124096598 21.713628465060477 15.322604152276199 14.751259409831164
148.64826994894705 -49.62737255818604 3.03125 18.273438 [148.64826994894705,-49.62737255818604] -111.65496011219165 0.7505926117234147 0.0007146633770641853 1.993492084832083e-05 [-3163.827148438,-2624.234375] -4.396172286318111 -9.05263124096598 21.713628465060477 15.291749934998052 14.794850006565184
151.65649403606162 -48.88092818759945 3.0 18.007812 [151.65649403606162,-48.88092818759945] 10.422654053648175 2.4816495052517076 0.0002380543960047333 2.195459110632102e-05 [347.6606445312,-4024.813476562] -8.767116890523061 -9.172597610008715 25.836614013193437 36.6867238684149 1.425806368342819
149.21461527078228 -50.5897101267923 3.453125 22.59375 [149.21461527078228,-50.5897101267923] 5.455365953673589 0.24700062934529626 0.0020001894796041293 1.8360220882558213e-05 [-2454.250976562,-914.8579101562] -3.8393238124334483 -13.285562122033227 26.70116685952101 8.914580816656326 4.206891481743924
149.2301486284946 -50.60571663877111 3.453125 22.59375 [149.2301486284946,-50.60571663877111] 0.4041411705939424 0.09247032516830381 0.00542785840973866 1.8652609499223573e-05 [-2435.68359375,-886.5756835938] -3.8393238124334483 -13.285562122033227 26.70116685952101 8.835929738179175 3.995111391760247
149.2145079643273 -50.60305011067472 3.453125 22.59375 [149.2145079643273,-50.60305011067472] -0.6505186152190663 0.04395456122468753 0.011409695692987496 1.8637459545620657e-05 [-2453.677734375,-890.853515625] -3.8393238124334483 -13.285562122033227 26.70116685952101 8.787880657272126 4.108891914674587
149.22691321464657 -50.60413753764138 3.453125 22.59375 [149.22691321464657,-50.60413753764138] -0.15447047441769332 0.0799071180030999 0.006289453352583725 1.8676997940494464e-05 [-2439.458984375,-889.3095703125] -3.8393238124334483 -13.285562122033227 26.70116685952101 8.835714370265123 4.026244735115142
147.56454463573016 -49.547088461273724 2.859375 16.554688 [147.56454463573016,-49.547088461273724] -54.32588276074278 1.205719765806463 0.0004988207209463203 2.2351134367786676e-05 [-4432.638671875,-2712.618164062] -5.264078007752392 -10.631883868724266 22.837456529721052 10.748577382400072 21.97585942477781
147.4160004207027 -48.91305917374319 2.8125 16.046875 [147.4160004207027,-48.91305917374319] -72.56690394933948 0.5756014232264877 0.0013564192013211676 2.9015128029787373e-05 [-4665.227539062,-3842.526367188] -1.4399354856938003 -2.3471073978630486 26.836754411778905 15.889780652099034 27.71525756821984
147.41882345319206 -48.92181000131749 2.8125 16.046875 [147.41882345319206,-48.92181000131749] -66.66698939959231 2.256895173392784 0.0003432907176913701 2.8792684042700333e-05 [-4661.079101562,-3826.987304688] -1.4399354856938003 -2.3471073978630486 26.836754411778905 15.822856938493715 27.63114268812751
148.4391480287994 -49.082229454551246 2.8125 16.0625 [148.4391480287994,-49.082229454551246] -24.4290049909125 0.914727763545837 0.0006431793938185194 2.1864154423810706e-05 [-3445.345703125,-3594.930664062] -8.210113092831584 -7.831831846239458 22.208269078421477 19.388863804948187 20.162904294066266
149.60504118095514 -49.9612960430049 3.046875 18.40625 [149.60504118095514,-49.9612960430049] -44.18376136835633 2.645175729110386 0.00018656656688326216 1.8339903755511154e-05 [-2035.044921875,-2057.397460938] -9.82533612420192 -13.44426163964129 25.596789368725155 16.707293276392647 6.47067390900088
147.6818996501907 -49.19394316655991 2.9375 17.328125 [147.6818996501907,-49.19394316655991] -68.44566191858036 2.7573904422711135 0.00022822192892457178 2.3386452082318324e-05 [-4326.852539062,-3354.16796875] -8.42236227574583 -8.936773273632056 23.04693446508187 14.609377516871746 23.952886775589377
