data_processed/hvc_rms/hvc_rms_index_25_with_B.ecsv
# %ECSV 1.0
# ---
# datatype:
# - {name: ra_dec_obj.ra, unit: deg, datatype: float64}
# - {name: ra_dec_obj.dec, unit: deg, datatype: float64}
# - {name: 'H-alpha flux [Error]', unit: R, datatype: float32}
# - {name: H-alpha flux, unit: R, datatype: float32}
# - {name: ra_dec_deg, datatype: string, subtype: 'float64[2]'}
# - {name: RM, unit: rad / m2, datatype: float64}
# - {name: RM_uncert, unit: rad / m2, datatype: float64}
# - {name: pol_int, datatype: float64}
# - {name: pol_int_uncert, datatype: float64}
# - {name: ra_dec_pix_offsets, datatype: string, subtype: 'float64[2]'}
# - {name: interpolation_raw, unit: rad / m2, datatype: float64}
# - {name: interpolation_cor, unit: rad / m2, datatype: float64}
# - {name: interpolation_unc, unit: rad / m2, datatype: float64}
# - {name: interpolation_cor_unc, unit: rad / m2, datatype: float64}
# - {name: HI, unit: dex(1 / cm2), datatype: float64}
# - {name: 'HI [Error]', unit: dex(1 / cm2), datatype: float64}
# - {name: pixel location x, datatype: float64}
# - {name: pixel location y, datatype: float64}
# - {name: 'B_virtual [raw]', unit: G, datatype: float64}
# - {name: 'B_virtual_unc [raw]', unit: G, datatype: float64}
# - {name: 'B_virtual [int]', unit: G, datatype: float64}
# - {name: 'B_virtual_unc [int]', unit: G, datatype: float64}
# meta: !!omap
# - __serialized_columns__:
#     ra_dec_obj:
#       __class__: astropy.coordinates.sky_coordinate.SkyCoord
#       dec: !astropy.table.SerializedColumn
#         __class__: astropy.coordinates.angles.Latitude
#         unit: &id001 !astropy.units.Unit {unit: deg}
#         value: !astropy.table.SerializedColumn {name: ra_dec_obj.dec}
#       frame: icrs
#       ra: !astropy.table.SerializedColumn
#         __class__: astropy.coordinates.angles.Longitude
#         unit: *id001
#         value: !astropy.table.SerializedColumn {name: ra_dec_obj.ra}
#         wrap_angle: !astropy.coordinates.Angle
#           unit: *id001
#           value: 360.0
#       representation_type: spherical
# schema: astropy-2.0
ra_dec_obj.ra ra_dec_obj.dec "H-alpha flux [Error]" "H-alpha flux" ra_dec_deg RM RM_uncert pol_int pol_int_uncert ra_dec_pix_offsets interpolation_raw interpolation_cor interpolation_unc interpolation_cor_unc HI "HI [Error]" "pixel location x" "pixel location y" "B_virtual [raw]" "B_virtual_unc [raw]" "B_virtual [int]" "B_virtual_unc [int]"
[from data line 2983]
270.50836159282056 -64.20374291966746 1.46875 2.7226562 [270.50836159282056,-64.20374291966746] 52.65234387115784 1.0519632955571536 0.0005098779790569367 1.9933132145399407e-05 [2671.751464844,-1186.786132812] 19.701441239906824 17.190112061097366 10.047887122230282 10.240747434465934 0.0 0.0 16.449251585875686 31.934704240764404 1.0530468368187576e-05 1.7980465261028622e-06 6.5901802721396525e-06 2.554190691521582e-06
263.3254706072669 -65.56359865234647 1.65625 4.533203 [263.3254706072669,-65.56359865234647] 76.12490914314029 0.5231877966066246 0.0010133425891735227 1.9702557534582302e-05 [-2805.196289062,1272.534667969] 14.222378151896532 19.0525259970964 12.72529826378749 9.902589159141979 0.0 0.0 42.24375353338314 64.13500800474458 1.5224981241568495e-05 2.130579788921616e-06 1.2380505720869226e-05 3.185378480589175e-06
263.3291324596052 -65.56076802769928 1.65625 4.533203 [263.3291324596052,-65.56076802769928] 77.57818156460009 1.2872948317848942 0.00041125647905245643 1.9674308719125295e-05 [-2802.780273438,1267.286621094] 14.222378151896532 19.0525259970964 12.72529826378749 9.902589159141979 0.0 0.0 42.24413127339403 64.09472772768027 1.551563571465312e-05 2.166496702149451e-06 1.2671160193953852e-05 3.2066574885914087e-06
271.4548950674905 -64.51012417266463 1.4609375 2.6210938 [271.4548950674905,-64.51012417266463] 60.17532447276044 1.0543280073184313 0.0005295390291697657 2.074829534398505e-05 [3373.688720703,-591.1372070312] 20.75222213350957 17.97840284962531 11.232072461470214 11.774211150165375 0.0 0.0 10.498509922998664 33.5306988088596 1.2035064430492424e-05 1.8998342234834645e-06 7.884620163827358e-06 2.78202720777615e-06
270.98147551800537 -65.70643609113695 1.46875 2.6621094 [270.98147551800537,-65.70643609113695] -0.3798727235677795 1.5449453772321127 0.00036385685663903387 2.089067129464319e-05 [2875.578613281,1534.238769531] 19.30502277665912 15.770928226319674 11.621143000452683 12.617335071334983 0.0 0.0 7.300754375812403 48.61666717433013 -7.597454178405599e-08 1.433714771966363e-06 -3.936978948239534e-06 2.7621106445356576e-06
262.4553532297971 -62.371654273883934 1.9375 7.373047 [262.4553532297971,-62.371654273883934] 42.21090169271658 3.2242080585918043 0.0002469820256073626 2.9593553052551505e-05 [-3869.060546875,-4413.088867188] 9.487745417439257 13.181495883292797 12.996720055992053 13.787958619694596 18.493005752563477 9.246502876281738 65.08798668188354 31.7918029694913 8.442180013021568e-06 1.779190882299225e-06 6.544631002701248e-06 3.099516767983474e-06
260.59085085838444 -64.79389202435253 1.8203125 6.236328 [260.59085085838444,-64.79389202435253] 85.07564412094561 1.05314642082389 0.0006655254999504741 2.6047266867629374e-05 [-4975.577148438,59.56982421875] 18.944791129475924 19.54799224138877 15.207104688631102 14.248596141617934 18.959144592285156 9.479572296142578 58.789370202604914 62.97090242783361 1.701512816810334e-05 2.2830422793962214e-06 1.3226170088306468e-05 3.6322038681509237e-06
260.5945127347177 -64.79524238734098 1.8203125 6.236328 [260.5945127347177,-64.79524238734098] 84.91246274669557 1.594394789465015 0.0004382149641364998 2.5965206048079965e-05 [-4972.5390625,61.69970703125] 18.944791129475924 19.54799224138877 15.207104688631102 14.248596141617934 18.959144592285156 9.479572296142578 58.76496709405285 62.97521683336595 1.6982491894511754e-05 2.2928817884177267e-06 1.3193533814714883e-05 3.638773161033971e-06
260.5380557604029 -64.72904978667141 1.8125 6.1347656 [260.5380557604029,-64.72904978667141] 84.69099711926584 1.8512158948025867 0.00038451696254584 2.645338646381528e-05 [-5027.844726562,-52.3505859375] 19.125567544237942 19.226157036698645 15.166106427619026 14.442998337399615 18.975528717041016 9.487764358520508 59.42404197634289 62.42590143806615 1.6938198770733704e-05 2.2969665722344986e-06 1.3113085409378542e-05 3.633566677336349e-06
260.9158939540696 -63.22101205365457 1.890625 6.90625 [260.9158939540696,-63.22101205365457] 80.48033906551993 1.7986371888013906 0.00041170595890036666 2.7519429395547495e-05 [-5001.91796875,-2782.713867188] 12.23450472880112 13.389081092153585 12.39817283168871 15.105014813085713 0.0 0.0 67.12738744207593 45.33029710351684 1.6096067192456246e-05 2.2271356758825602e-06 1.3649166341045995e-05 3.209712388964691e-06
268.01199326251884 -64.10658254508333 1.5703125 3.7197266 [268.01199326251884,-64.10658254508333] 65.98673758601775 0.5950380104113596 0.0008632102218209181 1.9088420191937357e-05 [720.3833007812,-1428.484375] 17.301139744896865 18.287656551566286 9.698216207347244 9.223520817177583 0.0 0.0 28.844684124076934 36.44001945911714 1.319734700832747e-05 1.9758602151039845e-06 9.737119192770911e-06 2.6051719683315605e-06
266.69207740980005 -65.91055298299405 1.609375 4.09375 [266.69207740980005,-65.91055298299405] 69.91016655479763 0.14993724880633838 0.003353539908605898 1.8686231283283473e-05 [-296.3256835938,1814.270507812] 17.610126740977716 16.302624794638014 10.970283389115535 9.977762668483138 0.0 0.0 25.58026407955697 60.0459426580112 1.3982032771826772e-05 2.03151994085878e-06 1.0460007559436885e-05 2.8261461300564947e-06
265.47427337501614 -63.293556004463454 1.8203125 6.220703 [265.47427337501614,-63.293556004463454] 112.82518234358832 0.4400194323853994 0.0011930342983436943 1.9508931729558134e-05 [-1311.35546875,-2879.971679688] 13.5040960702553 17.986083053132386 10.82936339921605 9.472649374057838 0.0 0.0 45.263916069271886 33.554191469301486 2.256503559863318e-05 2.7585570124018164e-06 1.986421648872292e-05 3.3212805298049014e-06
263.1471868978352 -63.19435094731698 1.7890625 5.8554688 [263.1471868978352,-63.19435094731698] 39.69502850042787 0.3401552901334352 0.0016880028723287549 2.1338265475154756e-05 [-3202.4921875,-2975.264648438] 12.878128180501616 15.771848171266928 12.024096089205376 11.877053279324716 0.0 0.0 56.87970149404225 38.71185325839383 7.939005393965718e-06 1.6318691878562784e-06 5.363379857178858e-06 2.840161645263472e-06
263.1454160667829 -63.18704206128718 1.7890625 5.8554688 [263.1454160667829,-63.18704206128718] 32.91309094171076 1.7877901287164832 0.00032188858163942363 2.138606140077319e-05 [-3204.735351562,-2988.299804688] 12.878128180501616 15.771848171266928 12.024096089205376 11.877053279324716 0.0 0.0 56.93120437027244 38.6374195498006 6.582617934523199e-06 1.6024880182323003e-06 4.006992397736339e-06 2.837059793345823e-06
266.3689271207109 -66.68985742243858 1.59375 3.9277344 [266.3689271207109,-66.68985742243858] 69.88096710845716 0.5952221136529914 0.0008798159419883276 1.946164686191725e-05 [-517.4135742188,3218.622070312] 14.95437490127875 15.445459780443164 10.750144666088817 10.956560682604216 0.0 0.0 22.917595837980002 69.63965814142762 1.3976192882783858e-05 2.034339322315488e-06 1.0985318017853156e-05 2.8167248635945123e-06
266.37048326434297 -66.68834687290874 1.59375 3.9277344 [266.37048326434297,-66.68834687290874] 70.34770338809125 0.5040249950140961 0.001032803241002561 1.9345429190895204e-05 [-516.3369140625,3215.891845703] 14.95437490127875 15.445459780443164 10.750144666088817 10.956560682604216 0.0 0.0 22.918830224612975 69.61904669916066 1.4069540135111304e-05 2.040474153627412e-06 1.1078665270180598e-05 2.820062094395587e-06
271.3859252912465 -63.900276298984146 1.484375 2.8583984 [271.3859252912465,-63.900276298984146] 69.43909428578456 1.6293357324398996 0.0003440291576876915 2.0831211928402905e-05 [3394.332519531,-1689.917480469] 19.789180514998886 18.68230775089969 9.874447182812293 10.248914810189397 0.0 0.0 13.605894563334004 26.491641501497725 1.3887818321656972e-05 2.050187628792593e-06 9.929982371267262e-06 2.6568681365661233e-06
265.6423954924589 -65.32110583250147 1.609375 4.1191406 [265.6423954924589,-65.32110583250147] 74.983245930225 0.7233938200422615 0.0007054239761942573 1.896416450500668e-05 [-1091.93359375,764.9638671875] 14.726672781894997 18.386089651709195 10.873593007801043 9.515684789319325 18.007434844970703 9.003717422485352 33.375156077587576 55.798248941047405 1.4996648607789707e-05 2.114921370194465e-06 1.2051314164979762e-05 2.884367376722179e-06
263.1523742167246 -62.96183752951667 1.8359375 6.3398438 [263.1523742167246,-62.96183752951667] 10.494357028485823 1.5187697795727482 0.0003929874913733912 2.2180910902231083e-05 [-3223.9609375,-3393.038085938] 10.614677066880358 14.268621179674561 12.050736306186227 12.309207081124455 0.0 0.0 58.22922361069868 36.174908672512856 2.0988713247668525e-06 1.449509591761222e-06 -2.4064006751023753e-08 2.8037621326909553e-06
263.15908795439015 -62.96129589389348 1.8359375 6.3398438 [263.15908795439015,-62.96129589389348] 18.34687676034588 1.778231004619124 0.00033535206085718916 2.216143410541556e-05 [-3218.540039062,-3394.352539062] 10.614677066880358 14.268621179674561 12.050736306186227 12.309207081124455 0.0 0.0 58.20055925055556 36.150291692334804 3.6693752105818545e-06 1.4952167477533676e-06 1.5464398790639786e-06 2.814567778840421e-06
271.77307113266534 -64.29357137337743 1.4765625 2.7773438 [271.77307113266534,-64.29357137337743] 41.705566095441355 2.3879977874396823 0.00023426481207918816 2.0789769928310713e-05 [3648.051757812,-962.2783203125] 20.064850010167792 18.280502195462564 10.765555907876388 11.505389000511931 0.0 0.0 9.945019547067773 30.315663926713114 8.341112897463568e-06 1.7201761401874822e-06 4.328143050165984e-06 2.6517078357939563e-06
263.45010441187765 -65.60501090712832 1.6484375 4.5039062 [263.45010441187765,-65.60501090712832] 34.85962588189252 1.692563720750782 0.000309128251939052 1.9444305189873704e-05 [-2708.267578125,1341.510253906] 14.945131374950602 19.33038147914615 12.638812053833457 9.891081816712935 0.0 0.0 41.462941486327054 64.28095650554724 6.971924907548275e-06 1.6165334955563829e-06 3.982898747811919e-06 2.939378449602662e-06
263.4571226666833 -65.60493479310968 1.6484375 4.5039062 [263.4571226666833,-65.60493479310968] 62.65914314873307 1.136289631135317 0.0004615568287537157 1.9490497628213587e-05 [-2703.068359375,1341.073242188] 14.945131374950602 19.33038147914615 12.638812053833457 9.891081816712935 0.0 0.0 41.43283788921019 64.2627024739329 1.2531828146532255e-05 1.936950088658436e-06 9.5428019867959e-06 3.0676146199967014e-06
271.6110840855663 -64.5526350559459 1.484375 2.8183594 [271.6110840855663,-64.5526350559459] 57.24426309745675 1.411795770876804 0.00039872293179694213 2.0919523775899183e-05 [3488.877929688,-506.3383789062] 20.679027226040084 17.730588498128796 11.34386803758241 11.9493239103906 0.0 0.0 9.559912526542803 33.71106973006022 1.1448852178035428e-05 1.868714644758606e-06 7.313046892299793e-06 2.7892011739547347e-06
270.1556396964615 -67.36020657792733 1.4375 2.3496094 [270.1556396964615,-67.36020657792733] 89.3835453377102 0.8607697439448724 0.0009023759980817729 2.886577562324779e-05 [2119.436523438,4472.657226562] 15.361341396738622 15.73574466316612 10.043326914355118 11.996500581820348 0.0 0.0 3.4463866308233264 69.76142308046587 1.7876708378234614e-05 2.3517339428502406e-06 1.4804440217350382e-05 2.9073811922013807e-06
265.9547427452321 -66.44149022076095 1.5625 3.6015625 [265.9547427452321,-66.44149022076095] 71.69851222841805 0.16360711691503957 0.003138402566138587 1.9081809022462686e-05 [-820.5620117188,2776.182617188] 16.659620599626177 16.44001084705896 10.86539829351567 10.41622002878643 0.0 0.0 26.001024619011787 67.72965078341167 1.4339701892759506e-05 2.0590013025040926e-06 1.100777790130982e-05 2.833012905645636e-06
267.7838745557919 -64.98799883683664 1.578125 3.7919922 [267.7838745557919,-64.98799883683664] 99.57400045069066 0.0030441290684727206 0.17458326719669753 1.9750331165725206e-05 [523.9077148438,155.6547851562] 17.471518880478403 17.656367433545572 11.24256826601797 10.087078938998443 0.0 0.0 25.41689504220426 47.04806063506703 1.9914799322244024e-05 2.5208036550476082e-06 1.6420495680885086e-05 3.1628203963276305e-06
267.79495253680494 -64.97840106866457 1.578125 3.7919922 [267.79495253680494,-64.97840106866457] 116.83957300171267 0.0156550899559685 0.034103121307600896 1.9840764418316206e-05 [532.5288085938,138.4721679688] 17.471518880478403 17.656367433545572 11.24256826601797 10.087078938998443 0.0 0.0 25.41483792247982 46.9130263715806 2.3367913699299897e-05 2.8302877167684467e-06 1.987361005794096e-05 3.3752206889352374e-06
269.24877958378676 -65.68273930147298 1.5390625 3.4140625 [269.24877958378676,-65.68273930147298] 79.1444435170554 0.7724172404733911 0.0006834680342814081 1.9619090448114804e-05 [1595.733886719,1430.4296875] 19.543485067198755 14.338074817809547 11.159989875921339 11.310160439278356 0.0 0.0 15.29502754875773 51.87203000623799 1.5828888093065493e-05 2.1817614316902946e-06 1.1920191230341056e-05 2.9223439987051677e-06
269.22845436740414 -65.68494407015146 1.5390625 3.4140625 [269.22845436740414,-65.68494407015146] 68.15715989541891 1.5754546786352899 0.00033324462621910734 1.951092108275933e-05 [1580.544433594,1433.885742188] 19.543485067198755 14.338074817809547 11.159989875921339 11.310160439278356 0.0 0.0 15.376413475361232 51.94036014150129 1.3631431453469854e-05 2.029330952479289e-06 9.72273459074542e-06 2.8440354776566433e-06
270.63775652073866 -67.09919732853658 1.4140625 2.1386719 [270.63775652073866,-67.09919732853658] 84.90824916010112 2.385851130223255 0.0002793650958586878 2.4769896317301646e-05 [2479.688964844,4021.390625] 16.24801815078244 15.837329066939349 9.689899558624377 12.28903461438911 0.0 0.0 2.552727296823832 65.76967514569787 1.698164917722536e-05 2.3201287416147037e-06 1.3732045672370227e-05 2.834230927104232e-06
269.7361753065384 -67.13922881491254 1.4140625 2.1699219 [269.7361753065384,-67.13922881491254] 72.76858185663205 0.7582165239673649 0.0008832243414704915 2.4887024631901134e-05 [1846.047363281,4062.500488281] 15.766507368154588 16.31304146916581 10.473253502914124 12.241192365419138 0.0 0.0 6.2602639957467545 67.94721902315564 1.455371581015015e-05 2.0808478143538608e-06 1.1400414458107277e-05 2.7947560374580547e-06
270.010864295612 -62.9601631429165 1.546875 3.4570312 [270.010864295612,-62.9601631429165] 85.50414809765152 1.678936939935694 0.00034421526384672527 2.1476979986946897e-05 [2384.564941406,-3441.713867188] 17.881909731274444 17.20920927709154 9.834119330369862 8.731204078852368 0.0 0.0 24.82403272588249 18.59048408367744 1.7100828960139988e-05 2.305009066874587e-06 1.352444715178669e-05 2.822739740993e-06
269.9035340054853 -63.472633391547184 1.453125 2.5214844 [269.9035340054853,-63.472633391547184] 86.41900334858163 0.7095508372123477 0.0007609250955227716 2.0064767303730736e-05 [2256.522460938,-2524.534179688] 17.75870872233949 14.89522725980293 9.532107561837648 8.686062659307908 0.0 0.0 22.871936168781986 24.770689198927812 1.7283800003270833e-05 2.300035397988564e-06 1.3732058395754429e-05 2.7756067374459615e-06
261.7349854950618 -64.29659284984518 1.78125 5.8398438 [261.7349854950618,-64.29659284984518] 90.37052837352219 1.1542356423636149 0.0005154543650865671 2.2110237414798873e-05 [-4178.75,-914.4560546875] 18.88433270290833 19.69969642553102 14.092009006084062 12.900153604966484 19.01125144958496 9.50562572479248 56.777138355170564 54.50836690452729 1.8074104977785603e-05 2.3733811910555587e-06 1.4297238582836007e-05 3.4959434018622423e-06
