data_processed/hvc_rms/hvc_rms_index_17.ecsv
# %ECSV 1.0
# ---
# datatype:
# - {name: ra_dec_obj.ra, unit: deg, datatype: float64}
# - {name: ra_dec_obj.dec, unit: deg, datatype: float64}
# - {name: 'H-alpha flux [Error]', unit: R, datatype: float32}
# - {name: H-alpha flux, unit: R, datatype: float32}
# - {name: ra_dec_deg, datatype: string, subtype: 'float64[2]'}
# - {name: RM, unit: rad / m2, datatype: float64}
# - {name: RM_uncert, unit: rad / m2, datatype: float64}
# - {name: pol_int, datatype: float64}
# - {name: pol_int_uncert, datatype: float64}
# - {name: ra_dec_pix_offsets, datatype: string, subtype: 'float64[2]'}
# - {name: interpolation_raw, unit: rad / m2, datatype: float64}
# - {name: interpolation_cor, unit: rad / m2, datatype: float64}
# - {name: interpolation_unc, unit: rad / m2, datatype: float64}
# - {name: interpolation_cor_unc, unit: rad / m2, datatype: float64}
# - {name: HI, unit: dex(1 / cm2), datatype: float64}
# - {name: 'HI [Error]', unit: dex(1 / cm2), datatype: float64}
# - {name: pixel location x, datatype: float64}
# - {name: pixel location y, datatype: float64}
# meta: !!omap
# - __serialized_columns__:
#     ra_dec_obj:
#       __class__: astropy.coordinates.sky_coordinate.SkyCoord
#       dec: !astropy.table.SerializedColumn
#         __class__: astropy.coordinates.angles.Latitude
#         unit: &id001 !astropy.units.Unit {unit: deg}
#         value: !astropy.table.SerializedColumn {name: ra_dec_obj.dec}
#       frame: icrs
#       ra: !astropy.table.SerializedColumn
#         __class__: astropy.coordinates.angles.Longitude
#         unit: *id001
#         value: !astropy.table.SerializedColumn {name: ra_dec_obj.ra}
#         wrap_angle: !astropy.coordinates.Angle
#           unit: *id001
#           value: 360.0
#       representation_type: spherical
# schema: astropy-2.0
ra_dec_obj.ra ra_dec_obj.dec "H-alpha flux [Error]" "H-alpha flux" ra_dec_deg RM RM_uncert pol_int pol_int_uncert ra_dec_pix_offsets interpolation_raw interpolation_cor interpolation_unc interpolation_cor_unc HI "HI [Error]" "pixel location x" "pixel location y"
[from data line 388]
144.67279064926294 -65.93636313303688 2.75 15.46875 [144.67279064926294,-65.93636313303688] 2.636477758638521 0.8595924632194455 0.0005999162899878617 1.916425570793474e-05 [3898.520019531,2023.688476562] 32.02700174115511 35.500285608665976 18.793057627516266 21.045611278344293 0.0 0.0 45.46634729964353 44.54149847157896
144.69703682510098 -65.94017031278054 2.75 15.46875 [144.69703682510098,-65.94017031278054] -62.551325612783266 1.0078240925524897 0.0005126905591076972 1.9202101437627873e-05 [3915.656005859,2032.012695312] 32.02700174115511 35.500285608665976 18.793057627516266 21.045611278344293 0.0 0.0 45.51247595516827 44.42119865175823
144.81246957887382 -66.75800318853786 2.609375 14.1015625 [144.81246957887382,-66.75800318853786] -65.30361277059697 0.4668298843111923 0.0012442132243169605 2.1585502633991548e-05 [3871.739746094,3505.314453125] 30.228421798029995 22.812025442172423 19.77940549947739 15.933082169551472 0.0 0.0 38.63129601881394 37.28613340214133
144.83116166997672 -66.76880646630795 2.65625 14.4921875 [144.83116166997672,-66.76880646630795] -64.43965466038557 0.9077103808982799 0.0006465622904131541 2.1810537925119114e-05 [3883.251220703,3525.821777344] 29.951708355003177 22.37874186128812 19.767461319328806 15.97669973938839 0.0 0.0 38.59502921451144 37.1307574233233
139.3585204123864 -66.82491306080527 2.34375 11.394531 [139.3585204123864,-66.82491306080527] -39.46558926794226 1.7579904986145949 0.00027001396170814714 1.7640522628194882e-05 [3.60888671875,3458.613037109] 35.52059015769861 21.564574518583175 19.50018913735183 13.222187916336335 0.0 0.0 19.92821096335831 55.40937518640931
141.6353756689616 -67.26361847712866 2.390625 11.859375 [141.6353756689616,-67.26361847712866] -48.82446199857276 0.8304030990729215 0.0007382767218515269 2.278331106098896e-05 [1587.117675781,4276.319580078] 28.72325199790153 18.06161405501188 19.231047412622697 12.588413973359062 0.0 0.0 23.95568763465917 43.97781202848387
143.0640105335615 -67.29995729324065 2.6875 14.828125 [143.0640105335615,-67.29995729324065] -52.649677762860904 1.0070715115899005 0.0006596949706405968 2.4689493863739787e-05 [2575.711425781,4388.58190918] 28.801417167109676 17.1458101974701 19.2676510263151 12.05260512969882 17.714784622192383 8.857392311096191 28.287913052327212 38.84646976517752
143.02891553724749 -67.28889462834542 2.6875 14.828125 [143.02891553724749,-67.28889462834542] -43.842126382702496 1.1721194948667635 0.0005606040772083449 2.441950433514412e-05 [2552.561035156,4367.299194336] 28.801417167109676 17.1458101974701 19.2676510263151 12.05260512969882 17.28841209411621 8.644206047058105 28.270742150885667 39.05991058896916
143.05331410219983 -67.29993436314618 2.6875 14.828125 [143.05331410219983,-67.29993436314618] -51.14032120763383 3.112393417019137 0.00021295991890784256 2.4632078729409697e-05 [2568.299316406,4388.106079102] 28.801417167109676 17.1458101974701 19.2676510263151 12.05260512969882 17.714784622192383 8.857392311096191 28.253752133928174 38.88307253962785
142.38258382220047 -64.98757179708588 2.8125 16.046875 [142.38258382220047,-64.98757179708588] 11.493441854069273 1.5645596570151517 0.0002971624934338943 1.727805390013836e-05 [2304.244628906,207.1708984375] 27.609210050616316 35.88120883023469 19.77399544052291 21.175466034924693 0.0 0.0 45.9313860256342 60.90402806808925
145.35708612929827 -65.44067373790618 2.84375 16.46875 [145.35708612929827,-65.44067373790618] -37.55618213327942 0.909265373220911 0.0006418836110335968 2.1689804765322282e-05 [4483.333740234,1180.428710938] 36.62829520208966 44.03992111002792 18.725022527621412 24.71210852915965 0.0 0.0 52.14811059446538 46.03407852448686
138.90565505994644 -67.3837737725432 2.28125 10.765625 [138.90565505994644,-67.3837737725432] -51.188587000637796 0.2931048241781001 0.002212442537972554 2.409925791382337e-05 [-309.921875,4464.920043945] 35.57551323496578 25.81914543219887 19.585452864640665 15.519650972336642 0.0 0.0 13.825574644187782 51.83239922659641
141.07553130682064 -66.32165525828357 2.546875 13.542969 [141.07553130682064,-66.32165525828357] -37.05029009967053 1.2218737817886587 0.00038340246063929464 1.7409646184478283e-05 [1244.673339844,2570.049560547] 34.53265552338475 23.123238027269636 21.7062326068473 13.058901813627852 0.0 0.0 30.021522441210323 54.0822486690995
144.51423654380008 -64.92823020685863 3.171875 19.75 [144.51423654380008,-64.92823020685863] -0.5599674220754689 0.8691947280489348 0.0006092958710913745 1.968131089940158e-05 [3931.044921875,205.5830078125] 34.53923525570537 47.30152912956213 19.176241529633675 26.629040561315616 0.0 0.0 53.87274786476371 53.40365258052066
138.3080905096192 -66.74331670845083 2.296875 10.957031 [138.3080905096192,-66.74331670845083] -31.128004536802884 2.270011175617965 0.0002074340878486333 1.7499144784056654e-05 [-742.9150390625,3317.97265625] 33.03387348684575 22.892054452966835 18.140983085697258 14.236008166043511 0.0 0.0 16.926938698070558 59.584462631032466
139.67037992878488 -66.26715845708547 2.390625 11.90625 [139.67037992878488,-66.26715845708547] -16.456784796815725 0.5934197141850132 0.0007411332929065722 1.6344325250761333e-05 [229.59375,2455.641113281] 34.37052603943717 22.961389745870893 19.542126790306643 13.134770336798441 0.0 0.0 25.59114822643062 59.36088969040293
138.7340241687599 -67.21025849284598 2.265625 10.582031 [138.7340241687599,-67.21025849284598] -65.3822876511815 1.1457820356088326 0.0004986165013106128 2.1231337740590375e-05 [-431.841796875,4153.885009766] 37.620081758043725 26.53581604280988 20.075819205368628 15.171660613555058 0.0 0.0 14.643105448220922 53.95735729113335
143.35067720369068 -67.09602350398885 2.609375 14.1328125 [143.35067720369068,-67.09602350398885] -46.40086604794688 0.23520284011941137 0.0025119455212324815 2.1956417538354878e-05 [2797.969726562,4034.656494141] 30.322307227154376 19.21094553889189 18.94064999535293 12.522668353260517 17.955949783325195 8.977974891662598 30.977241280485487 39.591570705658796
139.6624606160815 -66.95127869143177 2.4375 12.402344 [139.6624606160815,-66.95127869143177] -43.06615492123212 1.7066736875348612 0.00029383203541161976 1.8636241924264752e-05 [217.7885742188,3686.461669922] 33.40396152199787 20.158327188520122 19.66749239554762 13.101371874911411 0.0 0.0 19.938317145949213 53.27599585249595
139.6706849616788 -66.9414291042518 2.4375 12.402344 [139.6706849616788,-66.9414291042518] -39.87596270368256 2.037711860042929 0.00024410298319389354 1.8485217432060373e-05 [223.6743164062,3668.772460938] 33.40396152199787 20.158327188520122 19.66749239554762 13.101371874911411 0.0 0.0 20.04740138618763 53.33706952917305
145.05673204461988 -67.02674100928634 2.765625 15.722656 [145.05673204461988,-67.02674100928634] -83.73393202233169 1.0411601586884198 0.0006304307343474024 2.439291045575535e-05 [4000.215332031,4002.034423828] 28.29147929217276 19.84614012882025 19.028289329009425 15.263960765897895 18.253023147583008 9.126511573791504 37.01721421062973 34.213338033549235
144.7580870316528 -65.9297409864219 2.78125 15.7578125 [144.7580870316528,-65.9297409864219] -53.84676479368601 1.1332071008422615 0.000457454225642878 1.9264850096488758e-05 [3961.874511719,2017.110839844] 32.11355521487666 35.773262260033306 18.6338637842722 21.2576506434614 0.0 0.0 45.806100680487134 44.282363817258556
144.10314928782793 -64.35889436656123 3.28125 20.882812 [144.10314928782793,-64.35889436656123] -8.409907226915024 1.2429698499663726 0.0003903700204809536 1.8032077072020637e-05 [3695.316894531,-840.8491210938] 36.74361855459919 43.586049772771275 20.973188384940915 26.835888283381152 0.0 0.0 57.48115247633257 59.65801781283972
145.1649171200882 -64.5750579966099 3.328125 21.351562 [145.1649171200882,-64.5750579966099] -8.01582579117748 2.013616665798853 0.00028008510007348266 2.0959238811617576e-05 [4483.286132812,-384.4897460938] 36.94544286042009 47.3370783822568 21.46507302990407 28.1725563356444 0.0 0.0 59.25028027532312 53.775907888075835
139.65798965056814 -66.80244439805647 2.46875 12.71875 [139.65798965056814,-66.80244439805647] -45.853351291319264 2.2906195000321374 0.00020647975357681372 1.7576772432894773e-05 [215.94140625,3418.706787109] 33.2932248991361 20.50004021081099 19.652077941059037 12.94365250073755 0.0 0.0 21.14572728278165 54.62223363880548
140.08065809826087 -65.93411247796155 2.515625 13.230469 [140.08065809826087,-65.93411247796155] 5.600020304607422 1.25104502113013 0.00035480724824654475 1.6495828216709794e-05 [533.75,1858.775878906] 32.4875896313626 25.535789729331206 19.544940629384403 13.393851916537056 0.0 0.0 29.78927174882358 60.917541146089434
141.33470162140384 -65.93955986126772 2.5 13.0078125 [141.33470162140384,-65.93955986126772] -15.947074049071805 0.1350082123353764 0.0033806501947779176 1.6961690147479258e-05 [1453.654296875,1888.254882812] 32.525237369600354 25.700393606651836 20.976215977659354 13.561052141299294 0.0 0.0 34.13898892898919 56.50583625329955
144.64681995502238 -66.22431942496848 2.765625 15.578125 [144.64681995502238,-66.22431942496848] -39.08656901598696 0.3767368606611751 0.0013994470037627024 1.9593105379403988e-05 [3835.840820312,2538.475097656] 32.077917259687084 33.46627126613459 20.45268353688983 20.306764092155568 0.0 0.0 42.82857229713443 42.270205394594996
144.69558703662358 -66.22357178767413 2.75 15.527344 [144.69558703662358,-66.22357178767413] -58.831707256522925 1.5436057214228407 0.00034429764395904925 1.9750547250641886e-05 [3871.192626953,2540.104003906] 31.873148637208956 33.290731135589766 20.42712111386374 20.250706299980614 0.0 0.0 42.99424541745975 42.09925537202071
144.70275892328434 -66.22531884825392 2.75 15.527344 [144.70275892328434,-66.22531884825392] -57.833005279937495 2.1517265047039635 0.0002474251260737157 1.9785160281383073e-05 [3876.106445312,2543.675537109] 31.873148637208956 33.290731135589766 20.42712111386374 20.250706299980614 0.0 0.0 43.00213324296328 42.05884672905404
144.65657032871655 -66.22271732913309 2.75 15.527344 [144.65657032871655,-66.22271732913309] -42.28404215004636 0.5562627803725374 0.0009490352497033153 1.9618737166425627e-05 [3843.130126953,2536.193847656] 31.873148637208956 33.290731135589766 20.42712111386374 20.250706299980614 0.0 0.0 42.874578760918894 42.24798042014163
144.69178783745943 -66.22576906421621 2.75 15.527344 [144.69178783745943,-66.22576906421621] -58.84040042155481 3.0085589951154477 0.0001769728747037938 1.9786726039549187e-05 [3868.110839844,2543.811523438] 31.873148637208956 33.290731135589766 20.42712111386374 20.250706299980614 0.0 0.0 42.962378306057076 42.094999267163075
141.59498598526446 -66.5662765262669 2.59375 13.863281 [141.59498598526446,-66.5662765262669] -56.062468429028456 0.8549308135454864 0.0005611601918815295 1.7828981259774904e-05 [1604.17578125,3021.680664062] 32.05680010615365 19.560401562848156 20.817852749660382 12.448099443227054 0.0 0.0 29.72653168552506 50.167061213318675
144.3074036112656 -67.0722122327596 2.671875 14.660156 [144.3074036112656,-67.0722122327596] -57.82905297913708 2.0281059808531254 0.00030523806825288955 2.30058373661395e-05 [3469.551025391,4039.30859375] 29.497467018941784 19.014193552447335 17.77108051943675 12.633752893461546 18.3439884185791 9.17199420928955 34.24689489824618 36.471221423070574
139.9256595110132 -65.74819191042486 2.515625 13.214844 [139.9256595110132,-65.74819191042486] -2.860877431322091 1.0487565822412321 0.0004177219519642397 1.6280611069614004e-05 [423.0278320312,1523.01171875] 32.17899076979581 27.169548705682885 18.227260483795998 13.953412932017525 0.0 0.0 30.77873069058512 63.09953973799202
139.91065992771695 -65.74190523999897 2.515625 13.214844 [139.91065992771695,-65.74190523999897] -8.25884159652372 0.10401894053027669 0.004181087479157133 1.616256868151776e-05 [412.0385742188,1511.598632812] 32.17899076979581 27.169548705682885 18.227260483795998 13.953412932017525 0.0 0.0 30.777206799419787 63.20723897997709
139.91946401214906 -65.74566662722843 2.515625 13.214844 [139.91946401214906,-65.74566662722843] 0.7946123112292185 1.624119512666176 0.0002688912478410624 1.6229433243553534e-05 [418.48828125,1518.42578125] 32.17899076979581 27.169548705682885 18.227260483795998 13.953412932017525 0.0 0.0 30.777514696045387 63.14339023399316
144.87477104540164 -66.6732253974897 2.65625 14.484375 [144.87477104540164,-66.6732253974897] -64.17884518828453 2.1052070295131577 0.0002737865231344096 2.141980837688799e-05 [3929.2734375,3357.212646484] 30.870229628195897 25.14492936591639 19.748559099982646 16.65304782016927 0.0 0.0 39.582660516638384 37.760243565553765
143.43577548760027 -66.3020553847069 2.640625 14.390625 [143.43577548760027,-66.3020553847069] -56.273396064250946 1.1933707015380126 0.0004225181588699189 1.8738268304131702e-05 [2950.846191406,2613.042724609] 30.203699178741722 23.40963010359947 20.53721686072827 16.595344720285897 0.0 0.0 38.16109536006479 45.9793903911127
143.42240912777308 -66.30689243247772 2.640625 14.390625 [143.42240912777308,-66.30689243247772] -55.98309819595161 2.5311895856196878 0.00019982726285245621 1.8796981662921535e-05 [2940.635253906,2621.106445312] 30.203699178741722 23.40963010359947 20.53721686072827 16.595344720285897 0.0 0.0 38.07462448267779 45.98636515609928
144.44282522361942 -66.08712768014485 2.671875 14.6640625 [144.44282522361942,-66.08712768014485] -59.348038159108654 2.359387221598436 0.00021714417451518286 1.9039524977179294e-05 [3708.443603516,2280.268066406] 32.669748849432864 34.5648139976913 19.978163476333393 20.330764834646537 0.0 0.0 43.374244683855295 44.141712728946914
144.4509581887803 -66.09352114601116 2.671875 14.6640625 [144.4509581887803,-66.09352114601116] -71.76676417039278 3.1587961293338593 0.00016244452486006367 1.9069327546084826e-05 [3713.419677734,2292.213134766] 32.669748849432864 34.5648139976913 19.978163476333393 20.330764834646537 0.0 0.0 43.34449089581108 44.059378481086924
144.76354962908079 -66.72726437446015 2.609375 14.1015625 [144.76354962908079,-66.72726437446015] -65.73915022007395 2.540724108008867 0.00022564674530811725 2.1305674381848237e-05 [3841.939208984,3447.238525391] 30.228421798029995 22.812025442172423 19.77940549947739 15.933082169551472 0.0 0.0 38.74775593478955 37.713231942327184
141.60307280491392 -66.8053283429633 2.453125 12.5703125 [141.60307280491392,-66.8053283429633] -58.700862825029276 1.1717319332361684 0.0004289627958113667 1.867912792038747e-05 [1594.458496094,3451.6953125] 32.577892620205574 19.448808826636736 21.043347625745817 12.765975732169007 0.0 0.0 27.728622829339088 48.066491830992845
143.28433229224473 -65.0384902082141 2.921875 17.210938 [143.28433229224473,-65.0384902082141] -9.16054964400587 0.22338238775780878 0.0021591271824573303 1.7924038043599036e-05 [2983.570800781,336.3569335938] 31.174212967332583 41.71081731882312 19.495578400822417 22.998596871319663 0.0 0.0 48.655007770336965 57.12655934199029
145.52461256238368 -64.35321814500924 3.484375 22.84375 [145.52461256238368,-64.35321814500924] 0.1812705450799978 1.1324593872410824 0.000542145313280174 2.2816396062676467e-05 [4798.461181641,-755.630859375] 41.502668786282634 49.63211290031504 21.828624467744813 27.978058033861245 0.0 0.0 62.47624256623237 54.156998204704905
144.22421252431235 -67.31237028292918 2.625 14.230469 [144.22421252431235,-67.31237028292918] -2.7861720881895384 1.0026637961090714 0.0006975027531908358 2.5990220449625372e-05 [3377.604248047,4465.422973633] 28.239024086418517 17.19606232000034 17.39782266977836 11.618242229074784 19.306198120117188 9.653099060058594 31.87116862287644 34.76277998220826
