data_processed/hvc_rms/hvc_rms_index_13.ecsv
# %ECSV 1.0
# ---
# datatype:
# - {name: ra_dec_obj.ra, unit: deg, datatype: float64}
# - {name: ra_dec_obj.dec, unit: deg, datatype: float64}
# - {name: 'H-alpha flux [Error]', unit: R, datatype: float32}
# - {name: H-alpha flux, unit: R, datatype: float32}
# - {name: ra_dec_deg, datatype: string, subtype: 'float64[2]'}
# - {name: RM, unit: rad / m2, datatype: float64}
# - {name: RM_uncert, unit: rad / m2, datatype: float64}
# - {name: pol_int, datatype: float64}
# - {name: pol_int_uncert, datatype: float64}
# - {name: ra_dec_pix_offsets, datatype: string, subtype: 'float64[2]'}
# - {name: interpolation_raw, unit: rad / m2, datatype: float64}
# - {name: interpolation_cor, unit: rad / m2, datatype: float64}
# - {name: interpolation_unc, unit: rad / m2, datatype: float64}
# - {name: interpolation_cor_unc, unit: rad / m2, datatype: float64}
# - {name: pixel location x, datatype: float64}
# - {name: pixel location y, datatype: float64}
# meta: !!omap
# - __serialized_columns__:
#     ra_dec_obj:
#       __class__: astropy.coordinates.sky_coordinate.SkyCoord
#       dec: !astropy.table.SerializedColumn
#         __class__: astropy.coordinates.angles.Latitude
#         unit: &id001 !astropy.units.Unit {unit: deg}
#         value: !astropy.table.SerializedColumn {name: ra_dec_obj.dec}
#       frame: icrs
#       ra: !astropy.table.SerializedColumn
#         __class__: astropy.coordinates.angles.Longitude
#         unit: *id001
#         value: !astropy.table.SerializedColumn {name: ra_dec_obj.ra}
#         wrap_angle: !astropy.coordinates.Angle
#           unit: *id001
#           value: 360.0
#       representation_type: spherical
# schema: astropy-2.0
ra_dec_obj.ra ra_dec_obj.dec "H-alpha flux [Error]" "H-alpha flux" ra_dec_deg RM RM_uncert pol_int pol_int_uncert ra_dec_pix_offsets interpolation_raw interpolation_cor interpolation_unc interpolation_cor_unc "pixel location x" "pixel location y"
[from data line 349]
44.39290646469138 -55.748092675197086 1.2421875 0.45739746 [44.39290646469138,-55.748092675197086] 16.210915992338112 1.979329395054102 0.00030579724698846734 2.24936715246525e-05 [-5166.139648438,233.283203125] 20.23029164445839 21.326701646217465 6.137602226412909 6.785215224643782 23.008207305853944 8.743563142703351
44.40580386229418 -55.74572761101237 1.2421875 0.44433594 [44.40580386229418,-55.74572761101237] 20.42130763592155 1.9881114718385309 0.00030197492873793974 2.2311066050379105e-05 [-5153.4375,228.0776367188] 20.065830070839684 21.132834070489935 6.1022236807377395 6.745676102986828 23.05871441119143 8.872061847776877
44.39670528675953 -55.747345091493614 1.2421875 0.44433594 [44.39670528675953,-55.747345091493614] 17.19853900606205 2.827172686744383 0.00021306286592063237 2.238560334191674e-05 [-5162.405273438,231.658203125] 20.065830070839684 21.132834070489935 6.1022236807377395 6.745676102986828 23.022699844985254 8.782219807312003
45.141830417721955 -55.356014309896146 1.2421875 0.38354492 [45.141830417721955,-55.356014309896146] 44.943623678786054 2.532832517750522 0.00020837357862000112 1.9613623156730824e-05 [-4454.223632812,-522.7915039062] 20.40176898486661 20.91953775019637 6.152675632433685 6.574903814527845 24.139475617927474 20.219269936428873
44.84102981864027 -54.343978978629806 1.21875 0.17260742 [44.84102981864027,-54.343978978629806] 22.532951144109205 2.031955290654276 0.0002780291386544521 2.099486881343489e-05 [-4882.047851562,-2320.158691406] 20.768832063920556 21.176659149569527 5.97462022335455 6.20918557154232 15.205594714030326 34.57847555893977
46.07022898825829 -56.42214579521267 1.2890625 0.8564453 [46.07022898825829,-56.42214579521267] 39.93349713884428 0.7023981297173696 0.0006518788018311727 1.701605608354061e-05 [-3411.384765625,1340.547851562] 19.3927956467649 19.922823795218726 5.803118893673619 6.092323788105359 36.83914907050519 9.554993109897168
48.016044422290534 -56.787048382216334 1.2734375 0.717041 [48.016044422290534,-56.787048382216334] 38.35860729131619 1.5583159379381064 0.00027973841885345314 1.6200049124804116e-05 [-1461.948730469,1928.527099609] 22.346045079265643 22.297853315973526 6.251186734121378 6.179098932661619 49.8072696626424 16.05728235638321
46.19012468530146 -56.34964360100554 1.2734375 0.7055664 [46.19012468530146,-56.34964360100554] 30.816545074523205 0.5504985006212708 0.000835814624525681 1.709916131352065e-05 [-3298.506835938,1204.404785156] 18.98950828489474 19.76897232974366 5.6901580131749006 5.9042188232984225 36.95267940749454 11.476719724414352
46.190902239298154 -56.352310058990334 1.2734375 0.7055664 [46.190902239298154,-56.352310058990334] 31.294777912631243 2.864782347614855 0.00016054660429489718 1.709233748904861e-05 [-3297.501953125,1209.161621094] 18.98950828489474 19.76897232974366 5.6901580131749006 5.9042188232984225 36.97600136584197 11.439881609079293
46.199359588417096 -56.367736850944304 1.2734375 0.7055664 [46.199359588417096,-56.367736850944304] 24.327063846909688 3.14782268134592 0.0001458808730402767 1.7065433201962065e-05 [-3287.75,1236.494628906] 18.98950828489474 19.76897232974366 5.6901580131749006 5.9042188232984225 37.131994331973374 11.252617791664761
46.09411215008812 -55.953605772588766 1.265625 0.67041016 [46.09411215008812,-55.953605772588766] 30.78304718605836 0.11192449188483132 0.004091863098217995 1.7019818705026324e-05 [-3429.280273438,497.0571289062] 19.281894754500268 20.09679907869202 5.450706860953366 5.957849230975794 33.59849087708528 17.103942416140853
46.08188262163688 -55.946289045250516 1.265625 0.67041016 [46.08188262163688,-55.946289045250516] 30.641905203260194 0.13713097745294747 0.003339489031635196 1.701861823326698e-05 [-3442.233398438,484.5092773438] 19.281894754500268 20.09679907869202 5.450706860953366 5.957849230975794 33.48019357046837 17.139526821890968
49.47530387608719 -55.976314511889505 1.265625 0.6381836 [49.47530387608719,-55.976314511889505] 46.34354393825752 0.3747741246991303 0.0011565613982009288 1.610819931553709e-05 [-23.873046875,453.6625976562] 21.631056244824663 19.58236931220391 6.287788518554642 5.90212444619753 52.47389711517155 37.538367602372546
49.46226898603408 -55.97517026688675 1.265625 0.6381836 [49.46226898603408,-55.97517026688675] 47.5680403204681 0.3258905293058158 0.0013350129679015347 1.6168358385317105e-05 [-37.00244140625,451.6088867188] 21.631056244824663 19.58236931220391 6.287788518554642 5.90212444619753 52.392648069085 37.48218808042907
44.874099594292765 -55.40026467148125 1.265625 0.623291 [44.874099594292765,-55.40026467148125] 23.237056688740147 1.8627912004894078 0.000302233055093612 2.092256096945032e-05 [-4722.052734375,-425.5883789062] 19.080441866351535 20.15979880714969 5.840431410413696 6.300381217068712 23.009753842910072 17.651769296231578
48.22496015042796 -55.68907553133705 1.2265625 0.27294922 [48.22496015042796,-55.68907553133705] 32.97085882124478 0.13027650264538584 0.0032552193505913356 1.5759957892788448e-05 [-1292.587402344,-51.47607421875] 20.88535457621688 19.969129386381084 6.654362301332484 6.446683454146767 43.53000743496989 34.81221804444294
48.21372983548527 -55.69948205746422 1.234375 0.30932617 [48.21372983548527,-55.69948205746422] 42.4696945640841 1.5552724187455822 0.0002742312329200185 1.5850103032157207e-05 [-1303.631835938,-32.537109375] 20.934581341657832 20.061898182770058 6.622575921658171 6.426546284374223 43.535921545890005 34.576116196848034
47.96035744763808 -55.71518331621453 1.265625 0.6784668 [47.96035744763808,-55.71518331621453] -5.022366995693453 0.47042847892490486 0.0008966422038875668 1.5675502989558975e-05 [-1559.937011719,0.955078125] 21.294645882286776 20.60563090271363 6.433096517246006 6.251389134917393 42.21728181483695 32.78005283920061
47.9603194752486 -55.71413033561471 1.265625 0.6784668 [47.9603194752486,-55.71413033561471] -5.456296881322931 0.44524395792749183 0.0009469927620972052 1.5669437177254977e-05 [-1560.017578125,-0.93896484375] 21.294645882286776 20.60563090271363 6.433096517246006 6.251389134917393 42.2100091709043 32.79680380067521
45.849979210407504 -54.51752088265521 1.2734375 0.6982422 [45.849979210407504,-54.51752088265521] 16.784338185105756 0.7948073430114435 0.0006096079585806786 1.800616403161538e-05 [-3810.025390625,-2071.6640625] 17.72212536788103 19.97861191950173 6.116843110335628 6.424958358912742 22.133471846167367 38.711209925210824
46.556770000384915 -56.33858862698225 1.2890625 0.90112305 [46.556770000384915,-56.33858862698225] 31.5923866229904 2.692913790060478 0.0001689480728714049 1.690769464270364e-05 [-2934.202148438,1168.04296875] 18.221693701022037 19.837832437095784 5.755701152893892 5.918527526071108 38.831133544513705 14.025863476438644
46.71230689160656 -55.698974475520025 1.2890625 0.8786621 [46.71230689160656,-55.698974475520025] 25.75195822454308 0.18966672515916635 0.00231688021548503 1.6330648447503095e-05 [-2825.646484375,11.28173828125] 18.360786290580453 19.264193563374356 6.18461914947874 6.291110501390941 35.17179370477447 25.19834975922663
46.693703111661435 -55.70619191251511 1.2890625 0.8786621 [46.693703111661435,-55.70619191251511] 27.314761989842545 2.8252891225026855 0.00015502740077434518 1.6277213734535062e-05 [-2843.969726562,25.0234375] 18.360786290580453 19.264193563374356 6.18461914947874 6.291110501390941 35.119708086901824 24.962571922766756
46.70205662419391 -55.701618126768146 1.2890625 0.8786621 [46.70205662419391,-55.701618126768146] 32.52052417972037 3.020328615516297 0.00014504891352132878 1.628086145372381e-05 [-2835.83984375,16.455078125] 18.360786290580453 19.264193563374356 6.18461914947874 6.291110501390941 35.13379169023665 25.089829828718393
49.37896324553198 -55.79809572353168 1.2734375 0.7561035 [49.37896324553198,-55.79809572353168] 27.99245842444461 0.2417998531954739 0.0017710464060175927 1.5914561505795328e-05 [-121.46484375,132.97265625] 21.419504427055216 19.458839425254716 6.398360836164549 6.0847302812482145 50.7813493331613 39.862855447793436
48.785510911516376 -56.28581994600398 1.2578125 0.60253906 [48.785510911516376,-56.28581994600398] 46.021297808542776 0.6388833887186045 0.0006736459953244672 1.599418193775396e-05 [-712.8208007812,1014.431152344] 21.276378249929202 20.60303114583255 6.073396515581203 6.05403971203617 50.6259563005417 28.574173460671545
48.7863313554576 -56.28653705654028 1.2578125 0.60253906 [48.7863313554576,-56.28653705654028] 46.61383043250644 0.6884526623071283 0.0006258796134106052 1.6013032774294963e-05 [-711.9877929688,1015.713378906] 21.276378249929202 20.60303114583255 6.073396515581203 6.05403971203617 50.63526692787218 28.56755020306582
48.790096233462684 -56.633098655389354 1.3125 1.1269531 [48.790096233462684,-56.633098655389354] 48.63906247595007 1.808220890303502 0.00023994101951108716 1.612369912090987e-05 [-701.7846679688,1639.400390625] 21.393104744975847 19.85948858077279 6.164055625460735 5.99851779669638 52.9655343401605 23.082102288890155
44.59889263719668 -54.379955293213285 1.21875 0.22558594 [44.59889263719668,-54.379955293213285] -5.917834015822968 0.1915147500401237 0.0033030651196143115 2.3508670397177427e-05 [-5130.73046875,-2238.083984375] 20.293296362251485 20.565499197188746 5.9658727464783405 6.026899283919587 14.103359635282345 32.26123914059713
49.32403161056094 -55.85959239352037 1.28125 0.84765625 [49.32403161056094,-55.85959239352037] 46.394155201815764 1.5645386348706385 0.00027811142921817976 1.617014194335956e-05 [-176.7631835938,243.78515625] 21.769835705615158 19.607668413720173 6.317290939525171 5.94970770014636 50.86413135670807 38.55239899119783
45.21147957134328 -54.0106239768956 1.2265625 0.30151367 [45.21147957134328,-54.0106239768956] 11.360315873137964 1.395590701557423 0.0003983280775667561 2.0658923651421238e-05 [-4530.919921875,-2943.90625] 19.083301052572526 19.696649047262984 5.693661433550667 6.036411720104127 14.960954134580788 42.71757939114718
45.02075566485888 -55.57026294378528 1.234375 0.37695312 [45.02075566485888,-55.57026294378528] 22.496856925709896 2.283892669907646 0.00022772416260490386 1.9328293314010404e-05 [-4552.935546875,-130.0625] 19.39812043021308 20.48750236785002 6.036911899434937 6.451275096486561 25.042940365898062 15.955601226021827
46.211899037911216 -56.605651808085 1.2734375 0.7631836 [46.211899037911216,-56.605651808085] 31.288210559612562 1.534716525667885 0.00030523921182363736 1.7409135126500733e-05 [-3254.790039062,1663.624023438] 19.68239240430331 20.616163509919637 5.950988781187419 6.222486020940345 38.91491325422783 7.608034778714682
44.84251449751004 -54.08190526821581 1.265625 0.6291504 [44.84251449751004,-54.08190526821581] 2.676137280343951 0.6174025808391796 0.0009490713220613585 2.1775894025104115e-05 [-4911.567382812,-2790.787109375] 19.9142619498793 20.11527662817665 5.948836751440227 6.257452327803901 13.3541001268718 38.92711631696898
47.86199589641285 -55.59610355883798 1.2578125 0.6086426 [47.86199589641285,-55.59610355883798] 31.383325891795067 0.6144774616073595 0.0007058840549601686 1.6119368847777953e-05 [-1664.69140625,-211.0434570312] 21.483654621994145 20.598162115991023 6.428328272483853 6.231292701319203 40.86665906537303 34.09945151301417
45.20893839982655 -54.74563608238213 1.25 0.4765625 [45.20893839982655,-54.74563608238213] 39.04581525302625 1.035499713905508 0.0005093164721070785 1.9599563917469256e-05 [-4453.131835938,-1623.583984375] 18.891933903628523 20.484986453275845 5.985271165363964 6.09895997446114 20.126655805137148 30.567593238422432
48.73975733484118 -56.69475172049684 1.28125 0.77368164 [48.73975733484118,-56.69475172049684] 51.516147852014086 0.9272059931419404 0.00047055629000824746 1.62142369860399e-05 [-750.3857421875,1750.882568359] 21.533739320500267 20.005900161515036 6.1584234694208355 5.964264038578152 53.103647503581215 21.812475541049935
48.736045911210475 -56.697624197808985 1.265625 0.6647949 [48.736045911210475,-56.697624197808985] 50.51883599161155 0.8747665991610869 0.0004966397852241186 1.6145161841007276e-05 [-753.99609375,1756.092285156] 21.604056608262653 20.089619319154224 6.155607391400879 5.944324271832974 53.1026772342434 21.745348800493048
47.898769779178444 -56.37459565558804 1.296875 0.9387207 [47.898769779178444,-56.37459565558804] 32.229845159740265 2.094721707777786 0.00020228136518280748 1.5746749273516355e-05 [-1594.849609375,1188.96875] 21.882504509919738 21.230378294852816 6.159742585814197 6.194201435108167 46.34146565056801 21.85694202847958
48.5307196634384 -56.007381507054916 1.2109375 0.1000061 [48.5307196634384,-56.007381507054916] 41.327652985043635 0.9459553180056048 0.00046674739635626687 1.640821092787428e-05 [-974.3935546875,516.3959960938] 21.608108321930445 20.7949892063453 6.371686653086468 6.185455427721739 47.3593060591877 31.52287626523116
48.91411577156923 -55.389995669881166 1.21875 0.2000122 [48.91411577156923,-55.389995669881166] 36.756230765337364 0.4342814147538046 0.00101165757014792 1.632726654706106e-05 [-597.984375,-599.1801757812] 20.35564625470779 20.54349956263737 5.735478634275557 5.943590957233356 45.49616062142468 43.78428874101087
48.90382747257528 -55.38922885844574 1.2265625 0.23370361 [48.90382747257528,-55.38922885844574] 31.093460910575004 1.1013629040279307 0.0003990936941591368 1.6334807224669395e-05 [-608.5141601562,-600.470703125] 20.383159488892233 20.499116800003762 5.802739585280043 5.962384998429213 45.43205683341864 43.7361555887469
47.3869404735207 -57.420539815205004 1.2890625 0.92700195 [47.3869404735207,-57.420539815205004] 48.32124111804314 0.08340762794038149 0.0055870000013226945 1.731781695472713e-05 [-2046.60546875,3084.023925781] 25.427146703785784 22.134339086171583 6.831820230456932 6.171877538530102 50.91679491049365 2.381562208920741
47.392437050877014 -57.409339889763466 1.2890625 0.92700195 [47.392437050877014,-57.409339889763466] 44.68684576727695 0.08847357788300515 0.005255422282428152 1.7279449877298512e-05 [-2041.90625,3063.720214844] 25.427146703785784 22.134339086171583 6.831820230456932 6.171877538530102 50.865585156621705 2.5877054914979
48.65252327196257 -56.34781254906003 1.2578125 0.59350586 [48.65252327196257,-56.34781254906003] 45.73376577318187 0.4472867675769677 0.0009680690428436179 1.609166881941093e-05 [-844.3017578125,1127.5] 20.838181359559865 20.44608026097336 6.092202184933734 6.094460003048633 50.30181198266632 26.802595845270616
48.67921438654246 -56.33263018820843 1.2578125 0.59350586 [48.67921438654246,-56.33263018820843] 47.04450734585 0.8029854919515217 0.0005342576707854267 1.594289435427549e-05 [-818.0068359375,1099.854980469] 20.838181359559865 20.44608026097336 6.092202184933734 6.094460003048633 50.34816005713037 27.201961840306012
48.66149143153301 -56.3443756056814 1.2578125 0.59350586 [48.66149143153301,-56.3443756056814] 39.396894349322785 2.765098272315273 0.00015610021141431322 1.6040679638912642e-05 [-835.4326171875,1121.205566406] 20.838181359559865 20.44608026097336 6.092202184933734 6.094460003048633 50.328455706330146 26.910276774201748
48.6717755765126 -56.33230577379363 1.2578125 0.59350586 [48.6717755765126,-56.33230577379363] 44.14126858474786 1.1888274168420319 0.00036070672706846324 1.593608939435967e-05 [-825.4360351562,1099.359375] 20.838181359559865 20.44608026097336 6.092202184933734 6.094460003048633 50.30484633538765 27.16324437771209
44.32780476200915 -54.43543235626749 1.234375 0.31652832 [44.32780476200915,-54.43543235626749] -2.3008721275008766 0.6756600141537947 0.0010143744492170763 2.5470368158959263e-05 [-5406.502929688,-2117.907714844] 19.656833434680326 19.796507289523277 5.978290082077765 5.900727547446453 12.990891645587567 29.39954850619597
