data_processed/hvc_rms/hvc_rms_index_8_with_B.ecsv
# %ECSV 1.0
# ---
# datatype:
# - {name: ra_dec_obj.ra, unit: deg, datatype: float64}
# - {name: ra_dec_obj.dec, unit: deg, datatype: float64}
# - {name: 'H-alpha flux [Error]', unit: R, datatype: float32}
# - {name: H-alpha flux, unit: R, datatype: float32}
# - {name: ra_dec_deg, datatype: string, subtype: 'float64[2]'}
# - {name: RM, unit: rad / m2, datatype: float64}
# - {name: RM_uncert, unit: rad / m2, datatype: float64}
# - {name: pol_int, datatype: float64}
# - {name: pol_int_uncert, datatype: float64}
# - {name: ra_dec_pix_offsets, datatype: string, subtype: 'float64[2]'}
# - {name: interpolation_raw, unit: rad / m2, datatype: float64}
# - {name: interpolation_cor, unit: rad / m2, datatype: float64}
# - {name: interpolation_unc, unit: rad / m2, datatype: float64}
# - {name: interpolation_cor_unc, unit: rad / m2, datatype: float64}
# - {name: HI, unit: dex(1 / cm2), datatype: float64}
# - {name: 'HI [Error]', unit: dex(1 / cm2), datatype: float64}
# - {name: pixel location x, datatype: float64}
# - {name: pixel location y, datatype: float64}
# - {name: 'B_virtual [raw]', unit: G, datatype: float64}
# - {name: 'B_virtual_unc [raw]', unit: G, datatype: float64}
# - {name: 'B_virtual [int]', unit: G, datatype: float64}
# - {name: 'B_virtual_unc [int]', unit: G, datatype: float64}
# meta: !!omap
# - __serialized_columns__:
#     ra_dec_obj:
#       __class__: astropy.coordinates.sky_coordinate.SkyCoord
#       dec: !astropy.table.SerializedColumn
#         __class__: astropy.coordinates.angles.Latitude
#         unit: &id001 !astropy.units.Unit {unit: deg}
#         value: !astropy.table.SerializedColumn {name: ra_dec_obj.dec}
#       frame: icrs
#       ra: !astropy.table.SerializedColumn
#         __class__: astropy.coordinates.angles.Longitude
#         unit: *id001
#         value: !astropy.table.SerializedColumn {name: ra_dec_obj.ra}
#         wrap_angle: !astropy.coordinates.Angle
#           unit: *id001
#           value: 360.0
#       representation_type: spherical
# schema: astropy-2.0
ra_dec_obj.ra ra_dec_obj.dec "H-alpha flux [Error]" "H-alpha flux" ra_dec_deg RM RM_uncert pol_int pol_int_uncert ra_dec_pix_offsets interpolation_raw interpolation_cor interpolation_unc interpolation_cor_unc HI "HI [Error]" "pixel location x" "pixel location y" "B_virtual [raw]" "B_virtual_unc [raw]" "B_virtual [int]" "B_virtual_unc [int]"
[from data line 38]
104.682456889274 -55.07475280625984 3.34375 21.460938 [104.682456889274,-55.07475280625984] -5.720435230379051 0.672965795822497 0.0006464883925071398 1.6168228048383232e-05 [1219.450683594,-1158.736328125] 45.99082982832282 48.76838225115581 13.294162628427875 14.629106901115927 0.0 0.0 9.527059909081004 20.27828038647567 -9.057356131045115e-07 1.1157499143466887e-06 -8.187617283667718e-06 2.4679028665817754e-06
107.02043907069667 -55.15947735776207 3.65625 24.53125 [107.02043907069667,-55.15947735776207] -21.76219899311145 2.727918092471889 0.00017261348048094006 1.74990607510335e-05 [3618.894042969,-924.755859375] 50.44567945232962 54.34512833643114 14.693787178846009 16.030536798411326 0.0 0.0 24.4106565861091 13.796793499717978 -3.4456816402450714e-06 1.2203969538857797e-06 -1.1432914528502396e-05 2.765294380818851e-06
107.01760871813076 -55.16743857912764 3.65625 24.601562 [107.01760871813076,-55.16743857912764] -22.470082825308594 1.5359118002230892 0.00030485766119290827 1.7400915324868542e-05 [3615.267333984,-910.5922851562] 50.225206977760216 54.13948708202753 14.611912934889403 15.938349354233395 0.0 0.0 24.36055059114392 13.707962673779548 -3.5577632513359407e-06 1.169133257121632e-06 -1.1510087996438998e-05 2.7332001396366923e-06
107.77999111884824 -54.760238575963335 3.90625 27.078125 [107.77999111884824,-54.760238575963335] 0.14610380198255685 1.677625608846708 0.0003274599963343224 2.0415593170681278e-05 [4442.060058594,-1598.062988281] 51.83181202518734 55.730402399419546 16.20210380892336 16.717474876295103 0.0 0.0 30.95742368406036 16.696618542571287 2.313310287350332e-08 1.1397203035958323e-06 -8.183570784557818e-06 2.880906773709434e-06
108.42194368944033 -54.44956194745011 4.28125 30.960938 [108.42194368944033,-54.44956194745011] -28.92684735302922 0.33213293022234885 0.002342074877636453 2.8908224304658176e-05 [5145.751342773,-2111.58984375] 53.27021165209462 56.770149876779264 16.19334373925111 17.01909508006745 0.0 0.0 36.44048207717174 18.742115407244455 -4.580084341019704e-06 1.167321659758646e-06 -1.3014534844835639e-05 2.977673965720428e-06
108.42362217202783 -54.44242465058555 4.3125 31.0 [108.42362217202783,-54.44242465058555] -27.03594512389825 0.23808937385305 0.0032786624485275774 2.900984595404626e-05 [5148.39855957,-2124.27734375] 52.837225298849376 56.91996740969279 16.221176894139717 17.31196048278467 0.0 0.0 36.48175874017056 18.822307244193325 -4.28069147651748e-06 1.15959868129925e-06 -1.2646585805090001e-05 2.9713026039305577e-06
104.06455246885248 -55.75555045389904 3.125 19.226562 [104.06455246885248,-55.75555045389904] -19.817744226678286 1.8844709139498041 0.0002295387055303163 1.6075114313849583e-05 [572.8286132812,58.6123046875] 49.883494463845444 52.971945809918836 13.497244288494619 14.968653684766393 0.0 0.0 3.0720608802458855 13.260991622037864 -3.13780962367604e-06 1.1743669577911248e-06 -1.1036029885320839e-05 2.5783325013517592e-06
106.38034063543624 -53.37867332979933 4.59375 33.8125 [106.38034063543624,-53.37867332979933] -27.81869037053202 1.110614613024364 0.0005302117024334161 2.188373240324594e-05 [3092.441894531,-4156.689453125] 50.904886102825 56.605756865566796 17.367663146222355 17.932120182195746 18.270465850830078 9.135232925415039 27.32080157239534 36.76747863826586 -4.404626145351673e-06 1.17512405469476e-06 -1.2464566756077268e-05 3.1296800106625343e-06
106.4827346744882 -55.62566763083222 3.546875 23.414062 [106.4827346744882,-55.62566763083222] -0.4784376707521024 1.2477180962616286 0.0003778406870926143 1.751999183363748e-05 [3030.91015625,-112.3193359375] 47.12159737255403 55.628880039407434 15.38120624693903 15.891690444058082 0.0 0.0 19.112223619775705 9.455970400748129 -7.575263412644841e-08 1.1258183525639215e-06 -7.5366725061037575e-06 2.7485256883712038e-06
108.32815553511877 -55.73052227302713 4.09375 28.820312 [108.32815553511877,-55.73052227302713] -53.25669803882897 1.0830985838120062 0.0006099963119998748 2.4552962495589992e-05 [4888.809814453,181.5122070312] 53.901789638163685 51.04929521207069 16.40763061083566 15.414000366007357 0.0 0.0 30.45567411240279 3.755475046023548 -8.432310848299617e-06 1.3051611066553983e-06 -1.696676120376979e-05 3.1322448152380754e-06
104.21850607878743 -55.05917367683746 3.0625 18.679688 [104.21850607878743,-55.05917367683746] -5.974305810618705 0.854267779701204 0.0005073068678776056 1.6105472529683726e-05 [741.6987304688,-1193.329101562] 45.35623379680012 46.78487344035847 14.82149270878731 14.405978333102233 0.0 0.0 6.543827926049289 21.499576623390567 -9.459317898606854e-07 1.1190647173926633e-06 -8.127335751554384e-06 2.6772843465336946e-06
105.4554138152621 -56.49146654279376 3.4375 22.390625 [105.4554138152621,-56.49146654279376] -32.59076224027818 1.6777341272104282 0.0002684060863094389 1.6734941611655143e-05 [1943.737304688,1408.2890625] 50.039626745181664 54.92031945824053 16.778486563068753 16.222327933814057 0.0 0.0 9.309498417606505 1.2365440010155453 -5.160204220559934e-06 1.2107244134967726e-06 -1.3083145427703859e-05 3.0707059181425478e-06
105.45866397470114 -56.492557395987795 3.4375 22.390625 [105.45866397470114,-56.492557395987795] -26.252068991688507 2.2277620119020836 0.00020263736019677527 1.677633216295765e-05 [1946.909179688,1410.342773438] 50.039626745181664 54.92031945824053 16.778486563068753 16.222327933814057 0.0 0.0 9.325998995389455 1.2161487035004939 -4.1565777507935124e-06 1.2087608062949558e-06 -1.2079518957937435e-05 3.0536554975068204e-06
105.222473363908 -53.143070202840114 4.1875 29.976562 [105.222473363908,-53.143070202840114] -18.819384618174894 2.1366579743631187 0.0003100397132315139 2.4618468809578056e-05 [1860.4296875,-4621.509765625] 50.06417621776512 55.11623157409173 14.726128633318096 16.959365136658278 17.74188232421875 8.870941162109375 20.400847819866726 42.50762851240552 -2.979736012894735e-06 1.1825816728282442e-06 -1.0906564220014409e-05 2.7431563181051786e-06
106.07556934630774 -54.87126533610111 3.328125 21.242188 [106.07556934630774,-54.87126533610111] -9.866409166477942 0.42606971615048755 0.0010574743599452514 1.6744000028559218e-05 [2667.7421875,-1485.834472656] 50.72077172209155 53.91491127555047 14.156655950854542 15.873257654826713 0.0 0.0 19.403666183602354 19.53991889165991 -1.562181511658812e-06 1.11725055483464e-06 -9.592970677643037e-06 2.6141726842150984e-06
104.79512793714142 -54.663833541425745 3.15625 19.554688 [104.79512793714142,-54.663833541425745] -4.071781770881862 1.8232780030356084 0.00023962246658189057 1.623637711520151e-05 [1349.205078125,-1896.104980469] 47.02250718193055 49.64116521439079 13.154960629812868 14.507739845960065 0.0 0.0 11.778281950788255 25.04649350463933 -6.446988052748362e-07 1.1464498451544694e-06 -8.089929396464494e-06 2.461760479230145e-06
105.91593151126204 -53.93916693852816 3.78125 25.765625 [105.91593151126204,-53.93916693852816] -6.987615941290388 0.5659527717283198 0.0008319215730595249 1.7497309777224514e-05 [2560.063476562,-3168.095703125] 49.0104940632793 56.84095181906581 14.920026939888329 16.767491949114806 0.0 0.0 21.980047900987643 31.18540806658143 -1.1063725667433414e-06 1.1153942386798598e-06 -8.866367759629715e-06 2.703657676013805e-06
105.41799912242193 -53.29150418026066 4.28125 30.757812 [105.41799912242193,-53.29150418026066] -38.305851733541346 1.7998140026345981 0.00032948074096885214 2.203770491109934e-05 [2064.265136719,-4349.142578125] 49.931478642803704 55.27386826176005 14.959472784096826 16.75291151451103 17.64223861694336 8.82111930847168 21.1547681538525 40.23038823568845 -6.065093425255093e-06 1.2410311114175927e-06 -1.3970911182194878e-05 2.853611968654728e-06
104.29837795520523 -56.46419151961961 3.078125 18.796875 [104.29837795520523,-56.46419151961961] 8.780371077145622 2.52777585117223 0.00017259350449312885 1.6213310907825552e-05 [794.9008789062,1336.372070312] 49.91573610494194 51.038191196439236 14.95155129151812 14.93956587311435 0.0 0.0 2.0883989403205305 4.026046432562225 1.3902254742104025e-06 1.183512136356012e-06 -6.513099714138391e-06 2.6941972986940864e-06
104.40696710351995 -54.746238624709356 3.140625 19.390625 [104.40696710351995,-54.746238624709356] 12.24516038061969 1.7663037146013008 0.00024179681031275463 1.587174410805886e-05 [943.2612304688,-1754.228515625] 44.69770255325653 47.425100692441916 13.333831066989255 14.020030789792939 0.0 0.0 8.91355293456661 24.91909077925061 1.938817135102627e-06 1.1533318424690406e-06 -5.1383193756719725e-06 2.4349972042087695e-06
103.76342757147826 -53.64328761818539 3.703125 24.96875 [103.76342757147826,-53.64328761818539] -40.03074359256359 2.8664753748088807 0.00016552039966304954 1.7632278817127504e-05 [282.091796875,-3744.430664062] 44.947864085851364 44.46445690811454 14.056529518778937 14.764944972062123 0.0 0.0 8.608551637369487 39.89763756190541 -6.338201313475508e-06 1.2985252940697203e-06 -1.3454946735106518e-05 2.7426954155917885e-06
106.19784531658436 -56.224937375330676 3.53125 23.328125 [106.19784531658436,-56.224937375330676] -28.013901615976494 2.755216668838567 0.00016772944414474486 1.7174091330819557e-05 [2699.685058594,953.6811523438] 48.57301885020337 53.15383168846808 14.871684429390047 15.236772649356308 0.0 0.0 14.995246433230932 2.8447448078507023 -4.435534593740107e-06 1.241778718323662e-06 -1.2126262875215772e-05 2.8079951362197663e-06
107.850463985123 -53.99885187869505 4.375 31.84375 [107.850463985123,-53.99885187869505] 0.39827799569634714 2.703152674591095 0.0002153127160150123 2.1629623401066736e-05 [4599.5546875,-2960.967773438] 47.65836018499067 58.47240979118346 14.417330016317328 17.824169053355853 0.0 0.0 34.58983714556541 25.579540632146973 6.306068508604786e-08 1.1881124114957545e-06 -7.482846635474224e-06 2.640726168582489e-06
107.84860235143742 -53.992542051146465 4.375 31.84375 [107.84860235143742,-53.992542051146465] 3.8840010788399715 2.7931441137980517 0.00020744658066716173 2.1533187789679015e-05 [4598.287353516,-2972.421875] 47.65836018499067 58.47240979118346 14.417330016317328 17.824169053355853 0.0 0.0 34.6039923676675 25.659362669184247 6.149668612205582e-07 1.1943015688989289e-06 -6.930940459339714e-06 2.6336243688242918e-06
105.46186805708143 -56.231479711332646 3.1875 19.914062 [105.46186805708143,-56.231479711332646] 20.943484369429928 2.6290494815903274 0.00017130793658021068 1.6737282531585864e-05 [1963.485351562,940.7119140625] 49.56639743631656 53.97034648677488 14.634559361976532 15.087176556824188 0.0 0.0 10.306311934089763 4.402090646435454 3.316051819825153e-06 1.2126819712512596e-06 -4.531961410522928e-06 2.6266966411830055e-06
104.53302779800502 -53.13887415748057 4.25 30.632812 [104.53302779800502,-53.13887415748057] -38.143181606271504 2.4445796056775846 0.00027554553749965197 2.5032617846874313e-05 [1116.381835938,-4643.84375] 48.68256544908334 49.99497815839115 15.058660717627827 16.25880404907236 0.0 0.0 15.712184114717616 44.24195177482852 -6.039337320776522e-06 1.26760021815806e-06 -1.3747410481077692e-05 2.8718501483851463e-06
107.21825405948421 -56.0207824589338 3.71875 25.125 [107.21825405948421,-56.0207824589338] -35.88419429104829 2.8395757413318217 0.00017992709339821896 1.8987103805368076e-05 [3738.960449219,633.9609375] 49.467962187606716 53.98748327263126 14.501811835990866 15.229729650126405 0.0 0.0 22.246172454538055 2.9606669313282055 -5.681664315393427e-06 1.277834581163256e-06 -1.3514091964094183e-05 2.8013074533373737e-06
105.44731912785207 -55.141601542863214 3.484375 22.914062 [105.44731912785207,-55.141601542863214] 24.4734387025401 0.84703018911121 0.0005170032899639458 1.6274246854329828e-05 [2003.997558594,-1020.67578125] 50.46220592664122 52.22095566117641 12.89701144362874 15.386731907135422 0.0 0.0 14.272544670772845 17.727523788469398 3.874961277474691e-06 1.1577977653371212e-06 -4.114888302649641e-06 2.3499752975667942e-06
105.89791116701234 -54.47941976730146 3.4375 22.359375 [105.89791116701234,-54.47941976730146] 8.47963652431408 2.844304807929159 0.00015854061111226472 1.6758122721328065e-05 [2507.983398438,-2197.217773438] 50.673315212779464 53.91033611164508 14.126845273820301 16.535977393307718 0.0 0.0 19.7557188201489 24.703233119361812 1.342609168174098e-06 1.2010470373949658e-06 -6.680666050212343e-06 2.5911368368575953e-06
107.24284365487301 -53.47042076705594 4.65625 34.703125 [107.24284365487301,-53.47042076705594] 10.533402977041307 0.5060348127668864 0.0011160715652846261 2.0988487448554153e-05 [4008.335449219,-3947.704101562] 51.365764460558424 59.51307707435451 16.17179823867432 18.878157177078542 18.02753257751465 9.013766288757324 32.74650000322026 33.449925747810084 1.6677888690744283e-06 1.1190421016489386e-06 -6.465124151109006e-06 2.8378025124130895e-06
107.2395325872603 -53.469318567224484 4.65625 34.703125 [107.2395325872603,-53.469318567224484] 11.111099742989506 0.3753685481781039 0.0015049519535870076 2.0993711215666954e-05 [4004.899414062,-3949.875] 51.365764460558424 59.51307707435451 16.17179823867432 18.878157177078542 18.02753257751465 9.013766288757324 32.72886208453576 33.47168581040023 1.75925752721356e-06 1.1186297859575478e-06 -6.373655492969875e-06 2.8359964402368336e-06
104.04113026149275 -54.99853522328838 3.0625 18.609375 [104.04113026149275,-54.99853522328838] -5.032908954899302 1.6237368432117216 0.00026628551998732675 1.6068372807441042e-05 [559.6953125,-1304.127929688] 47.372872706951 47.90171467855223 14.591708037704146 13.979863687837668 0.0 0.0 5.595844660790135 22.634622254876376 -7.968772819516476e-07 1.1395081663657116e-06 -8.297582416744177e-06 2.657769929173387e-06
106.76103204997186 -55.620082871928346 3.46875 22.625 [106.76103204997186,-55.620082871928346] 6.392839949005841 0.2374300722251649 0.002016339203110462 1.779131388588602e-05 [3313.788818359,-109.6328125] 47.368885201131256 55.29411655685531 14.858861605467542 15.493045874670923 0.0 0.0 20.91702154433733 8.870026904261977 1.0121996976632396e-06 1.1118620990372402e-06 -6.487874082016795e-06 2.6511510810412315e-06
106.77040853206252 -55.61882773034674 3.46875 22.625 [106.77040853206252,-55.61882773034674] -4.129129585506279 2.652478490746247 0.0001789641626948315 1.7641140013671114e-05 [3323.41015625,-111.4409179688] 47.368885201131256 55.29411655685531 14.858861605467542 15.493045874670923 0.0 0.0 20.98198914288332 8.863043946316338 -6.537788762741906e-07 1.1863647686662466e-06 -8.153852655954224e-06 2.7122770827622423e-06
104.71199032094486 -55.9537657384631 3.109375 19.148438 [104.71199032094486,-55.9537657384631] -37.46272205694682 2.732791049159675 0.0001595298583985111 1.6201570294019172e-05 [1222.293457031,423.7451171875] 50.60007775546411 52.50128077322365 14.394694799822554 15.62282651569088 0.0 0.0 6.533790790851185 9.436103243602702 -5.931597887974732e-06 1.2791149669427591e-06 -1.3943277175171976e-05 2.7979751285708114e-06
105.34033955260219 -54.71149431185918 3.328125 21.34375 [105.34033955260219,-54.71149431185918] 13.377401371193006 0.2104267743041575 0.0020764134420857942 1.6237663334943662e-05 [1914.346191406,-1797.52734375] 49.8654727474024 51.82164159527566 13.137034977966092 15.11605685185954 0.0 0.0 15.193718634483503 23.206985934527665 2.118088632196569e-06 1.1214411229932491e-06 -5.777278190901272e-06 2.4010884335090135e-06
105.32618717371678 -54.71819299864313 3.328125 21.34375 [105.32618717371678,-54.71819299864313] -0.8650532615952318 2.072376305255542 0.00021189041120274265 1.6318815225875282e-05 [1899.323730469,-1785.864746094] 49.8654727474024 51.82164159527566 13.137034977966092 15.11605685185954 0.0 0.0 15.075307242242388 23.15848502445897 -1.369667717061272e-07 1.1559356776280493e-06 -8.032333594803969e-06 2.463119383597599e-06
