data_processed/hvc_rms/hvc_rms_index_9.ecsv
# %ECSV 1.0
# ---
# datatype:
# - {name: ra_dec_obj.ra, unit: deg, datatype: float64}
# - {name: ra_dec_obj.dec, unit: deg, datatype: float64}
# - {name: 'H-alpha flux [Error]', unit: R, datatype: float32}
# - {name: H-alpha flux, unit: R, datatype: float32}
# - {name: ra_dec_deg, datatype: string, subtype: 'float64[2]'}
# - {name: RM, unit: rad / m2, datatype: float64}
# - {name: RM_uncert, unit: rad / m2, datatype: float64}
# - {name: pol_int, datatype: float64}
# - {name: pol_int_uncert, datatype: float64}
# - {name: ra_dec_pix_offsets, datatype: string, subtype: 'float64[2]'}
# - {name: interpolation_raw, unit: rad / m2, datatype: float64}
# - {name: interpolation_cor, unit: rad / m2, datatype: float64}
# - {name: interpolation_unc, unit: rad / m2, datatype: float64}
# - {name: interpolation_cor_unc, unit: rad / m2, datatype: float64}
# - {name: HI, unit: dex(1 / cm2), datatype: float64}
# - {name: 'HI [Error]', unit: dex(1 / cm2), datatype: float64}
# - {name: pixel location x, datatype: float64}
# - {name: pixel location y, datatype: float64}
# meta: !!omap
# - __serialized_columns__:
#     ra_dec_obj:
#       __class__: astropy.coordinates.sky_coordinate.SkyCoord
#       dec: !astropy.table.SerializedColumn
#         __class__: astropy.coordinates.angles.Latitude
#         unit: &id001 !astropy.units.Unit {unit: deg}
#         value: !astropy.table.SerializedColumn {name: ra_dec_obj.dec}
#       frame: icrs
#       ra: !astropy.table.SerializedColumn
#         __class__: astropy.coordinates.angles.Longitude
#         unit: *id001
#         value: !astropy.table.SerializedColumn {name: ra_dec_obj.ra}
#         wrap_angle: !astropy.coordinates.Angle
#           unit: *id001
#           value: 360.0
#       representation_type: spherical
# schema: astropy-2.0
ra_dec_obj.ra ra_dec_obj.dec "H-alpha flux [Error]" "H-alpha flux" ra_dec_deg RM RM_uncert pol_int pol_int_uncert ra_dec_pix_offsets interpolation_raw interpolation_cor interpolation_unc interpolation_cor_unc HI "HI [Error]" "pixel location x" "pixel location y"
[from data line 531]
48.50987995818168 -51.46297071958442 1.234375 0.3729248 [48.50987995818168,-51.46297071958442] 32.86786959547277 0.3598002751927722 0.0014710684948981783 1.9669942431840596e-05 [3934.646240234,714.966796875] 16.918841304031044 15.25648193239414 5.599925713854515 5.133177104266363 0.0 0.0 27.077057351332996 29.432850171800965
46.44989759215262 -49.861019229386045 1.25 0.51416016 [46.44989759215262,-49.861019229386045] 24.162490111929074 1.8665955722005811 0.00025392067382022773 1.761395961807992e-05 [1683.222167969,-2245.611328125] 13.833594067277394 15.268416181651851 5.477296185286532 5.556749504495473 0.0 0.0 4.093749244348032 45.58964378975179
48.45184711599672 -50.19232937429194 1.28125 0.83691406 [48.45184711599672,-50.19232937429194] 25.84013550351876 2.1681144240372134 0.0002474662409807178 1.9939160228590968e-05 [3976.442626953,-1572.683105469] 16.100533918850783 13.291343237099746 5.685637241886831 4.853911125420622 0.0 0.0 19.586650406448484 52.11754074700775
47.63951116368295 -50.16868588778908 1.28125 0.8117676 [47.63951116368295,-50.16868588778908] 14.672656640408215 2.6161778995431884 0.00018676162322851572 1.8157816199053933e-05 [3043.15625,-1653.926757812] 15.463241593674233 14.133976698550116 6.198586953001766 5.354467841175654 0.0 0.0 13.917498010298232 47.5705525371618
49.13997656832836 -50.77654656127026 1.296875 0.98217773 [49.13997656832836,-50.77654656127026] 24.313887829698388 0.4928640900167618 0.0012496949972604118 2.2889690008463358e-05 [4709.119873047,-481.9423828125] 15.8384927436302 13.448751319778854 5.82828587356607 5.075543717816757 0.0 0.0 27.448686320958018 45.52135197003963
49.14335246479846 -50.7802124966965 1.296875 0.98217773 [49.14335246479846,-50.7802124966965] 25.6380240499891 2.431200192737228 0.00025320642012995905 2.287726684071381e-05 [4712.583007812,-475.1381835938] 15.8384927436302 13.448751319778854 5.82828587356607 5.075543717816757 0.0 0.0 27.491445226301607 45.47458648482052
47.50881582026449 -49.55642324705493 1.25 0.48547363 [47.50881582026449,-49.55642324705493] 28.475141186109806 0.229858303344057 0.002200600103145513 1.8797930035611417e-05 [2929.502929688,-2760.369140625] 14.100679266756018 13.767113293995113 5.262922644314477 5.118669413673157 0.0 0.0 9.614205351915643 58.12864555401893
46.22703550344153 -50.02433773619961 1.2421875 0.45983887 [46.22703550344153,-50.02433773619961] 30.0412083567891 3.1696633749291228 0.0001466742959902267 1.727729931788963e-05 [1419.874511719,-1956.442382812] 12.93012095865882 14.461132618507698 5.208469531284415 5.3225274347813505 0.0 0.0 3.548877893033932 41.05576235369517
48.02196123254932 -51.67620857049114 1.2265625 0.26391602 [48.02196123254932,-51.67620857049114] 27.590971425554393 1.7040917472400823 0.00028495646362089667 1.8045968245235898e-05 [3372.515380859,1074.19140625] 16.39772349256628 15.964572604079148 5.208518631575657 5.16920802669264 0.0 0.0 25.128752304991394 22.643443685718466
48.034748075172764 -51.681167725998186 1.2265625 0.26391602 [48.034748075172764,-51.681167725998186] 23.058728775515593 2.437797831257425 0.00019834496819753076 1.7969151772315165e-05 [3386.397216797,1083.696777344] 16.39772349256628 15.964572604079148 5.208518631575657 5.16920802669264 0.0 0.0 25.240851288747194 22.63447505902741
46.41582124168572 -50.96252811441718 1.2421875 0.41394043 [46.41582124168572,-50.96252811441718] 15.749741372099564 2.986505573545889 0.00015143467235852545 1.6807276894994214e-05 [1605.940917969,-264.2094726562] 14.944791012978854 13.762464172423995 5.614648580849675 5.092569631515914 0.0 0.0 10.418293455021512 25.102476370128443
48.88270198775296 -53.17100909788261 1.2109375 0.1362915 [48.88270198775296,-53.17100909788261] 35.85942466140597 0.22010618461346423 0.002887260324799518 2.3617117585997208e-05 [4187.119628906,3805.284179688] 18.869589636184962 21.70104619550215 5.356268627839321 6.668296064820798 0.0 0.0 39.48737712876368 1.747007958325412
48.89131925199125 -53.17219541751016 1.2109375 0.14245605 [48.89131925199125,-53.17219541751016] 38.27462835893832 0.9021683566346427 0.0007016095250385947 2.352294915127499e-05 [4196.280029297,3807.905761719] 18.978855884944867 21.71836043697271 5.349540697335218 6.661823999716474 0.0 0.0 39.54815973196219 1.7779529276203903
47.98336802430313 -51.833736407837726 1.21875 0.18267822 [47.98336802430313,-51.833736407837726] 27.59364679912661 0.448597028329995 0.001070157920343195 1.7840744168056816e-05 [3317.906982422,1355.732421875] 16.414681002927733 16.537819606598855 5.4533267842336475 5.459342999358512 0.0 0.0 25.80862719216691 19.60608797778923
47.98252102929556 -51.83501066500465 1.21875 0.18267822 [47.98252102929556,-51.83501066500465] 28.995897595295187 0.4141229697605967 0.001160969777484575 1.786730031833315e-05 [3316.872314453,1357.985839844] 16.414681002927733 16.537819606598855 5.4533267842336475 5.459342999358512 0.0 0.0 25.81071109396612 19.578233755648853
47.78698352477971 -51.45133202332115 1.21875 0.18988037 [47.78698352477971,-51.45133202332115] 25.45243821376767 0.8470115168666844 0.0005558802215568221 1.7497630474680224e-05 [3125.989501953,659.3725585938] 17.117922237655183 15.09625105644476 5.547223491282636 5.108013434600301 0.0 0.0 22.27842854116375 25.190757743962422
47.25546275688905 -51.648815145681915 1.265625 0.66552734 [47.25546275688905,-51.648815145681915] 26.18478388882346 2.277516616360915 0.0002009268786185688 1.7006239654468494e-05 [2519.394042969,994.2475585938] 17.428934785554954 14.956498799686555 5.429177022482557 5.06655856665378 0.0 0.0 20.013682079736782 18.286063429357682
45.523784818709636 -51.681072296831154 1.234375 0.33520508 [45.523784818709636,-51.681072296831154] 21.143932629761636 0.10029811817947801 0.0045073182161238755 1.6800403336692145e-05 [585.5717773438,1015.796386719] 14.6193648848893 12.194449188352547 5.213375956244802 4.40805766463598 0.0 0.0 9.204788207194497 6.067334227829633
47.17969111529351 -51.236907892674296 1.2578125 0.5437012 [47.17969111529351,-51.236907892674296] 23.046471057710257 3.2431908640512517 0.00014217649935368754 1.7135983212299027e-05 [2456.882324219,250.60546875] 15.435792911443837 13.390544524483438 5.674126887449612 4.838101927892563 0.0 0.0 17.049482769520296 25.173760695371584
46.98619861076244 -51.441291797165626 1.34375 1.4077148 [46.98619861076244,-51.441291797165626] 19.59528372879127 0.48626976119452714 0.0009401254673068235 1.698915522637338e-05 [2229.007324219,612.189453125] 16.28158605339627 13.802557127476957 5.3871703187206945 4.845466621276368 0.0 0.0 17.022894023308254 20.247349812201946
46.984069616591064 -51.442092860406994 1.34375 1.4077148 [46.984069616591064,-51.442092860406994] 19.72611957241621 0.49611798873399865 0.0009220553931667878 1.7000069229625467e-05 [2226.581054688,613.56640625] 16.28158605339627 13.802557127476957 5.3871703187206945 4.845466621276368 0.0 0.0 17.013998118647464 20.219104864944484
46.98804875157557 -49.11382311553745 1.28125 0.84228516 [46.98804875157557,-49.11382311553745] 28.46081706925997 0.47736018471346187 0.0011488690639530445 2.0380997289536656e-05 [2342.859375,-3574.94921875] 12.619486065019252 14.474928228864886 6.247013064580383 5.586652302198716 0.0 0.0 3.5573325511132907 63.15961318253699
48.11402140133291 -50.34886937261544 1.265625 0.67285156 [48.11402140133291,-50.34886937261544] 34.242029603170536 0.9981325280535916 0.0004988010054647506 1.850223669168855e-05 [3576.005615234,-1308.545898438] 16.02172681486913 14.044573842562102 5.7845860469942565 5.123555729201071 0.0 0.0 18.146011146379237 47.194901757594835
48.11148834774584 -50.348529923149236 1.265625 0.67285156 [48.11148834774584,-50.348529923149236] 33.51436931207866 0.8489977658416763 0.0005859631565337059 1.8487813880979864e-05 [3573.125976562,-1309.279296875] 16.02172681486913 14.044573842562102 5.7845860469942565 5.123555729201071 0.0 0.0 18.126935113368972 47.1856243388288
45.61008075571051 -50.90890124321745 1.2421875 0.4564209 [45.61008075571051,-50.90890124321745] 3.87403064160147 0.9163604069928167 0.0005047803523128107 1.7190062750097795e-05 [693.4282226562,-373.3046875] 13.341678144381167 12.066512560233573 5.0816182638506415 4.695727498838088 0.0 0.0 4.859026326154094 20.560457171711278
47.04463950144837 -49.90523505082764 1.2421875 0.42175293 [47.04463950144837,-49.90523505082764] 25.70389863556977 0.30362963713178825 0.0015947362989046606 1.7994581194097373e-05 [2370.840820312,-2149.69140625] 14.419692672455767 14.766447535167206 5.633637207986105 5.578598059925409 0.0 0.0 8.383560031340267 48.6661147162597
47.06335074703568 -49.900718543323954 1.2421875 0.3930664 [47.06335074703568,-49.900718543323954] 28.379139439385824 0.9179859462854092 0.0005283293524044248 1.8023929298694007e-05 [2392.742675781,-2157.2109375] 14.427791194467224 14.74930401322015 5.63341167814654 5.551512370657784 0.0 0.0 8.485180624929967 48.87082156197948
47.05689237192607 -49.90067650768235 1.2421875 0.3930664 [47.05689237192607,-49.90067650768235] 26.588320566275573 0.32117380380706756 0.0015050737952469807 1.7964147520038356e-05 [2385.26171875,-2157.49609375] 14.427791194467224 14.74930401322015 5.63341167814654 5.551512370657784 0.0 0.0 8.440988347204893 48.82995067230627
47.60700604782708 -51.77958289400539 1.2265625 0.29870605 [47.60700604782708,-51.77958289400539] 31.10214412552013 0.4987881271707582 0.0009410713562822881 1.7444051705101068e-05 [2903.262207031,1242.433105469] 17.815248681848868 15.906914448046786 5.7494546847652 5.3924903042615595 0.0 0.0 23.061923024478688 18.20556942234998
47.62863901313086 -51.78698718533974 1.2265625 0.29870605 [47.62863901313086,-51.78698718533974] 31.002639701183494 1.6632422707377588 0.00028210120400985094 1.7436895178455726e-05 [2926.848144531,1256.607910156] 17.815248681848868 15.906914448046786 5.7494546847652 5.3924903042615595 0.0 0.0 23.245431357794928 18.211029815929123
47.61732121114386 -51.78267300272322 1.2265625 0.29870605 [47.61732121114386,-51.78267300272322] 31.535108747766202 1.1481707044788263 0.00040668064679546856 1.7352764402601274e-05 [2914.538085938,1248.398925781] 17.815248681848868 15.906914448046786 5.7494546847652 5.3924903042615595 0.0 0.0 23.146788409852206 18.216008092021866
49.00597752462484 -52.594078069733264 1.25 0.52783203 [49.00597752462484,-52.594078069733264] 31.91143806227732 2.2900781452117793 0.00025278911378786044 2.151381217548321e-05 [4377.665283203,2776.002197266] 17.962330557607306 19.25200879051238 4.996951338098555 6.232649802312304 0.0 0.0 36.83860981785165 12.454669330447587
48.9970169487329 -52.589206667518894 1.25 0.52783203 [48.9970169487329,-52.589206667518894] 34.973260084226496 0.7379795636332709 0.0007798819929838171 2.13885789615485e-05 [4368.376953125,2766.717529297] 17.962330557607306 19.25200879051238 4.996951338098555 6.232649802312304 0.0 0.0 36.753055635483065 12.486410372989894
45.585586420945916 -51.421768071404834 1.2734375 0.7253418 [45.585586420945916,-51.421768071404834] 8.191801849669309 1.0337708106399968 0.0004373260613256286 1.680112361974775e-05 [658.279296875,549.5971679688] 13.883781494514473 12.28357024717348 4.915157753703206 4.314822535973263 0.0 0.0 7.9356288719367285 11.132111395953416
48.01301958915877 -51.97793570993561 1.234375 0.3527832 [48.01301958915877,-51.97793570993561] 23.77135890151515 2.7070714987412203 0.00017900079557970868 1.8007913290464707e-05 [3340.106201172,1616.389648438] 16.830568764322113 16.79525926827516 5.711788348215858 5.6591141547387345 0.0 0.0 26.85516293036494 17.238356668209917
44.60894395368613 -51.416729087278085 1.2109375 0.1000061 [44.60894395368613,-51.416729087278085] 22.555807769859282 0.4982662007790722 0.0008990136803876263 1.664701734504117e-05 [-437.9853515625,539.0786132812] 14.112332238389122 11.43489380113498 5.2274353590942955 4.191720759247127 0.0 0.0 1.7490110437674957 4.229713049877773
49.39335244632257 -49.81930919768833 1.296875 0.9824219 [49.39335244632257,-49.81930919768833] 20.062777492447758 0.20908058326681536 0.003892998072449152 3.0248691650657e-05 [5098.267333984,-2185.038085938] 16.225973370249775 12.719533253210798 5.5529537005595895 5.038158088190809 0.0 0.0 24.122065111844222 64.48678899679953
49.150745413261006 -50.10136019944976 1.3359375 1.3647461 [49.150745413261006,-50.10136019944976] 24.22985835052887 2.078460359004335 0.0003230419996654089 2.4952234257868672e-05 [4789.162597656,-1694.582519531] 16.08623199702092 12.841770761669144 5.474066531099984 4.96312250711455 0.0 0.0 23.90668732806853 57.902949598269515
47.809024715182346 -49.8964615075572 1.25 0.5107422 [47.809024715182346,-49.8964615075572] 30.179449816135573 0.182983883983603 0.002769292795636754 1.883173875027384e-05 [3256.780761719,-2136.259765625] 15.407573096085912 13.20574405455368 5.661154936972238 5.184174054011145 0.0 0.0 13.55775236685156 53.66309364736753
47.820373500658114 -49.8970642423662 1.25 0.5107422 [47.820373500658114,-49.8970642423662] 21.818081300874084 0.27625185444948397 0.0018336659680306911 1.8824962944672176e-05 [3269.883056641,-2134.672851562] 15.407573096085912 13.20574405455368 5.661154936972238 5.184174054011145 0.0 0.0 13.638971115466347 53.72218715331837
46.77798861700094 -52.25915518978354 1.2109375 0.1000061 [46.77798861700094,-52.25915518978354] 25.19142656676286 1.8552680260739633 0.00025148278275762524 1.733898298680401e-05 [1959.608886719,2077.8046875] 15.05996557912598 15.14202547992327 5.522362188208959 5.326454394452565 0.0 0.0 20.743594157059192 4.379773986300734
46.785804920593044 -52.25007627879015 1.2109375 0.1000061 [46.785804920593044,-52.25007627879015] 26.841560938294222 2.1904257694586944 0.0002123002727435667 1.7281753068116796e-05 [1968.619140625,2061.679199219] 15.05996557912598 15.14202547992327 5.522362188208959 5.326454394452565 0.0 0.0 20.73554123004658 4.590645190074383
47.94621658079127 -49.74320218419602 1.25 0.4630127 [47.94621658079127,-49.74320218419602] 27.204130369373573 0.2816937598103597 0.0018222689817420105 1.907648750264948e-05 [3426.48828125,-2405.622070312] 14.812902916759272 13.249926783232555 4.870260586426141 5.050081635055693 0.0 0.0 13.661136911814538 57.35677941041831
47.94449987383342 -49.762279528785974 1.265625 0.6669922 [47.94449987383342,-49.762279528785974] 20.47496052128188 0.9226271029390795 0.0005581890634726009 1.913886744518428e-05 [3423.147705078,-2371.399414062] 14.917582607336573 13.187166533789437 4.9695335463124835 5.109520446934574 0.0 0.0 13.75340415250298 56.99130856829788
47.94553004107947 -49.75842665028049 1.2421875 0.45812988 [47.94553004107947,-49.75842665028049] 24.512506199579203 0.594469192447791 0.0008661445488145969 1.9134998496199883e-05 [3424.615966797,-2378.279296875] 14.887236689175056 13.227371448880954 4.969122380244343 5.075889625536173 0.0 0.0 13.739479898336185 57.069303424818145
48.79188534413718 -51.651359590665265 1.2421875 0.40893555 [48.79188534413718,-51.651359590665265] 24.293206903897392 3.2871367823218995 0.00016961658262507374 2.072024031896919e-05 [4232.690917969,1069.280273438] 16.075185768974343 15.946175374897727 5.692471408706856 5.3586144231024395 18.244935989379883 9.122467994689941 30.00377389545565 27.76758958071332
46.677841007988256 -50.90451428887671 1.25 0.5187988 [46.677841007988256,-50.90451428887671] 22.45074080615693 0.7286205887709015 0.000623779561620905 1.6890452438320156e-05 [1905.255859375,-362.3647460938] 14.945011285651098 14.531073134966501 5.551530112592887 5.155622283498406 0.0 0.0 11.780024945199784 27.901386504321636
46.6778756955557 -50.905273540852626 1.25 0.5187988 [46.6778756955557,-50.905273540852626] 20.288468966603418 0.5651417194782491 0.0008017543784787998 1.6838655511823797e-05 [1905.264160156,-360.9975585938] 14.945011285651098 14.531073134966501 5.551530112592887 5.155622283498406 0.0 0.0 11.784811604119113 27.88782867011969
