data_processed/hvc_rms/hvc_rms_index_12_with_B.ecsv
# %ECSV 1.0
# ---
# datatype:
# - {name: ra_dec_obj.ra, unit: deg, datatype: float64}
# - {name: ra_dec_obj.dec, unit: deg, datatype: float64}
# - {name: 'H-alpha flux [Error]', unit: R, datatype: float32}
# - {name: H-alpha flux, unit: R, datatype: float32}
# - {name: ra_dec_deg, datatype: string, subtype: 'float64[2]'}
# - {name: RM, unit: rad / m2, datatype: float64}
# - {name: RM_uncert, unit: rad / m2, datatype: float64}
# - {name: pol_int, datatype: float64}
# - {name: pol_int_uncert, datatype: float64}
# - {name: ra_dec_pix_offsets, datatype: string, subtype: 'float64[2]'}
# - {name: interpolation_raw, unit: rad / m2, datatype: float64}
# - {name: interpolation_cor, unit: rad / m2, datatype: float64}
# - {name: interpolation_unc, unit: rad / m2, datatype: float64}
# - {name: interpolation_cor_unc, unit: rad / m2, datatype: float64}
# - {name: HI, unit: dex(1 / cm2), datatype: float64}
# - {name: 'HI [Error]', unit: dex(1 / cm2), datatype: float64}
# - {name: pixel location x, datatype: float64}
# - {name: pixel location y, datatype: float64}
# - {name: 'B_virtual [raw]', unit: G, datatype: float64}
# - {name: 'B_virtual_unc [raw]', unit: G, datatype: float64}
# - {name: 'B_virtual [int]', unit: G, datatype: float64}
# - {name: 'B_virtual_unc [int]', unit: G, datatype: float64}
# meta: !!omap
# - __serialized_columns__:
#     ra_dec_obj:
#       __class__: astropy.coordinates.sky_coordinate.SkyCoord
#       dec: !astropy.table.SerializedColumn
#         __class__: astropy.coordinates.angles.Latitude
#         unit: &id001 !astropy.units.Unit {unit: deg}
#         value: !astropy.table.SerializedColumn {name: ra_dec_obj.dec}
#       frame: icrs
#       ra: !astropy.table.SerializedColumn
#         __class__: astropy.coordinates.angles.Longitude
#         unit: *id001
#         value: !astropy.table.SerializedColumn {name: ra_dec_obj.ra}
#         wrap_angle: !astropy.coordinates.Angle
#           unit: *id001
#           value: 360.0
#       representation_type: spherical
# schema: astropy-2.0
ra_dec_obj.ra ra_dec_obj.dec "H-alpha flux [Error]" "H-alpha flux" ra_dec_deg RM RM_uncert pol_int pol_int_uncert ra_dec_pix_offsets interpolation_raw interpolation_cor interpolation_unc interpolation_cor_unc HI "HI [Error]" "pixel location x" "pixel location y" "B_virtual [raw]" "B_virtual_unc [raw]" "B_virtual [int]" "B_virtual_unc [int]"
[from data line 299]
50.527462026015336 -53.90697834326069 1.2734375 0.7687988 [50.527462026015336,-53.90697834326069] 33.334634708208846 1.4473027467422765 0.0003142331259073913 1.6901297843185997e-05 [1090.437988281,-3262.524414062] 18.645042235117884 20.914258132788074 5.470880996732504 5.684383022825261 0.0 0.0 18.04417296952647 104.62829449560445 5.7578003790754765e-06 1.3514674417033876e-06 2.5372931742131603e-06 1.5735383595489845e-06
53.474845932087035 -55.533752325369505 1.2109375 0.1000061 [53.474845932087035,-55.533752325369505] 16.25607952282918 2.988167194817186 0.00016457773437950543 1.8276148415332076e-05 [4046.758300781,-226.9399414062] 20.4441967693598 19.404900593252417 6.127592838635407 5.358672359234067 0.0 0.0 45.258064411650935 92.71424235929453 2.8078682024908343e-06 1.3416914242571846e-06 -7.234020495730301e-07 1.6891663299438365e-06
51.66812530727546 -56.113544563961284 1.3125 1.1064453 [51.66812530727546,-56.113544563961284] 28.063425696949228 2.5472139755339978 0.00017057845571239475 1.6147240372110596e-05 [2176.385253906,734.6840820312] 21.45313882644694 19.929250989322316 5.924124467895792 5.094571985717977 0.0 0.0 37.900319450163124 74.28300814006684 4.847318848112647e-06 1.367321197582968e-06 1.1417767910743915e-06 1.647547325537375e-06
47.98054519321215 -57.52808004113528 1.390625 1.8798828 [47.98054519321215,-57.52808004113528] 36.971136661269114 1.6791060199785877 0.00027743889326751846 1.7312275920077933e-05 [-1467.221679688,3262.390136719] 23.24922700113796 20.541160397025166 6.793235170440226 6.3032808694808224 18.935466766357422 9.467733383178711 26.771385877146145 31.312866365774653 6.385923426084088e-06 1.3847695161727276e-06 2.370147965751862e-06 1.7245333486601697e-06
53.19811243840688 -56.28249363589356 1.2265625 0.28149414 [53.19811243840688,-56.28249363589356] 20.371392815726256 2.052294773510603 0.00023415284256984105 1.785861919255344e-05 [3693.505615234,1103.271484375] 22.37983059378964 20.949099745104064 6.365040866894663 5.764937480681879 0.0 0.0 47.80716823144928 79.22282224384071 3.518695024061555e-06 1.3039839989459826e-06 -3.469119701208281e-07 1.6725352998920258e-06
53.18916703303978 -56.279411425931166 1.234375 0.37426758 [53.18916703303978,-56.279411425931166] 20.655498829949046 3.2392971772603563 0.00014888821441352905 1.792337606917174e-05 [3684.883056641,1097.255859375] 22.47811225025551 20.94577609233413 6.294619316671828 5.709098974850326 0.0 0.0 47.73716051729775 79.22926948058466 3.5677678796878018e-06 1.3751140322568346e-06 -3.148150364990903e-07 1.71987747642773e-06
47.92584216924149 -57.02638626615385 1.2890625 0.85375977 [47.92584216924149,-57.02638626615385] 37.54015543047696 2.370727045981744 0.00018596127776241897 1.6383729878781954e-05 [-1540.9375,2361.091796875] 22.933022037462493 21.931522478085153 6.704009188489586 6.061948740888707 19.369604110717773 9.684802055358887 22.9794134819349 38.766258795338445 6.484208483464338e-06 1.4186887383959014e-06 2.523050242599281e-06 1.7402493525361517e-06
47.91370752741828 -57.01425936827449 1.2890625 0.85375977 [47.91370752741828,-57.01425936827449] 38.87415530089622 0.2460748555426849 0.0017791892915204424 1.627039505494199e-05 [-1553.327636719,2339.545654297] 22.933022037462493 21.931522478085153 6.704009188489586 6.061948740888707 19.369604110717773 9.684802055358887 22.83054395582508 38.8823524033387 6.7146266364400824e-06 1.3691287286854061e-06 2.7534683955750267e-06 1.6951905125925283e-06
48.111324239193436 -56.923370415894276 1.296875 0.9663086 [48.111324239193436,-56.923370415894276] 45.34896550613287 2.2802533516412855 0.00019136252342014657 1.621618518020935e-05 [-1363.057617188,2171.86328125] 22.44293344997546 21.87533227520965 6.320076225914444 6.022013242531783 18.65731430053711 9.328657150268555 23.2580558663318 41.49174530261621 7.833002913261042e-06 1.4751531593558283e-06 3.956496335133977e-06 1.7179516471035866e-06
47.39662537757908 -55.79210273565928 1.28125 0.8442383 [47.39662537757908,-55.79210273565928] 39.27381194029996 2.859248921735103 0.00015078421535650381 1.6021993438498634e-05 [-2127.04296875,154.3598632812] 20.22085213846214 20.540249741594874 6.147698273344134 6.016039378748873 0.0 0.0 11.595373795547175 55.05206026449264 6.783658235856177e-06 1.457773975311998e-06 3.2909656916839284e-06 1.7123287665854531e-06
51.58813855701887 -55.0162850661087 1.2421875 0.3968506 [51.58813855701887,-55.0162850661087] 21.274110243416388 3.29230546876945 0.00013115433177525375 1.6046911802303293e-05 [2155.520507812,-1241.914550781] 21.07985012972806 19.469603358401383 6.051194620969485 5.233419278457735 0.0 0.0 30.957219673662394 91.78736626912632 3.6746189390181614e-06 1.3814193047095529e-06 3.355401869630958e-08 1.6963943726406776e-06
48.30519478691519 -55.032859884216556 1.25 0.5371094 [48.30519478691519,-55.032859884216556] 35.82653697603341 0.4305840965604764 0.0009908918705668832 1.585597505402005e-05 [-1231.461914062,-1233.909179688] 19.623839564757773 20.823641051385138 5.791321278325028 6.19086871652306 0.0 0.0 11.674089369112835 72.98735098203474 6.188219849631908e-06 1.3477207508983163e-06 2.798647656208287e-06 1.593560857003975e-06
51.001945468643314 -54.974552109054116 1.265625 0.6789551 [51.001945468643314,-54.974552109054116] 29.033084976115614 1.8353973161978672 0.00022773512725347408 1.553348203554967e-05 [1552.470703125,-1332.669433594] 19.33604743520471 19.19783303894269 5.6333309178681565 5.665472217741025 0.0 0.0 27.19107385406062 89.36933774396357 5.014805446181873e-06 1.3384859657383031e-06 1.6749428010146035e-06 1.5920909014565697e-06
44.286129320392035 -57.76349638078836 1.28125 0.77368164 [44.286129320392035,-57.76349638078836] 44.88600797012394 0.40965537574833194 0.0015649110751725065 2.3824128651138056e-05 [-4998.178710938,3857.902954102] 21.969024333232724 21.718963997944286 6.191908962817858 6.592728575870325 19.223905563354492 9.611952781677246 9.887944457270805 4.1244560111554165 7.753037522919698e-06 1.4193661476240994e-06 3.958387971753143e-06 1.6593764205363975e-06
44.28837608946636 -57.76772690243943 1.28125 0.77368164 [44.28837608946636,-57.76772690243943] 4.051204420443118 1.5083173569563284 0.0004248800020454918 2.3815939718779677e-05 [-4995.4453125,3865.329101562] 21.969024333232724 21.718963997944286 6.191908962817858 6.592728575870325 19.223905563354492 9.611952781677246 9.931951831383458 4.076900153176666 6.997534711845953e-07 1.2386431554463042e-06 -3.0948960799819594e-06 1.6615969193407839e-06
51.42577738595975 -57.5462608159175 1.3125 1.1630859 [51.42577738595975,-57.5462608159175] 38.441950581871055 0.2348314713654338 0.0020531155002627573 1.7917540061461675e-05 [1860.783691406,3304.840332031] 25.406610108821685 23.827583570376518 6.636825393972718 6.547603223092199 0.0 0.0 45.34401733471077 50.237061173832444 6.639973096156094e-06 1.3657482250313233e-06 2.2515587458535694e-06 1.6804404645519702e-06
51.41821693539936 -57.55339056364853 1.3125 1.1630859 [51.41821693539936,-57.55339056364853] 39.09238523265163 0.4794745516149815 0.0009993840241010847 1.7807652306530684e-05 [1853.122558594,3317.459960938] 25.406610108821685 23.827583570376518 6.636825393972718 6.547603223092199 0.0 0.0 45.347549265108455 50.08619102243097 6.752320896322808e-06 1.372658388142284e-06 2.3639065460202824e-06 1.6833949211387575e-06
51.41071699573585 -57.558624213095406 1.3125 1.1630859 [51.41071699573585,-57.558624213095406] 39.34201000572682 0.3862978335177174 0.0012410894228111664 1.7816978257141126e-05 [1845.618652344,3326.672119141] 25.406610108821685 23.827583570376518 6.636825393972718 6.547603223092199 0.0 0.0 45.33948568685423 49.96532869247699 6.7954379013723645e-06 1.3737200263964107e-06 2.4070235510698387e-06 1.6832367701517299e-06
48.732875597295674 -55.01184840548341 1.234375 0.33569336 [48.732875597295674,-55.01184840548341] 19.133970742534945 1.6967181560547937 0.00024689480143556 1.5567911565607644e-05 [-790.7504882812,-1277.966308594] 19.391203833865294 21.15770231915674 5.704465647437125 6.1973714682275585 0.0 0.0 14.018502547480807 75.90417162650488 3.3049584901392934e-06 1.2834772594166316e-06 -4.4431169074965473e-08 1.587027910314045e-06
46.82648478680528 -56.348277970228885 1.265625 0.6491699 [46.82648478680528,-56.348277970228885] 27.812133437222464 3.254617028940885 0.0001374270865739154 1.6621910335674327e-05 [-2664.750976562,1174.574707031] 18.463541820445197 19.78075423457711 6.042314211691441 6.190109106111545 19.141754150390625 9.570877075195312 12.34729972568914 42.59833389533378 4.80391382264953e-06 1.4100350733266315e-06 1.6147566885335234e-06 1.7002752279219385e-06
49.662975508355046 -57.13928219873315 1.3125 1.1352539 [49.662975508355046,-57.13928219873315] 38.78465547428731 1.2733346158021133 0.00034882872535168705 1.6506822823065723e-05 [160.1743164062,2546.929931641] 23.909323291343437 21.874582920887033 6.493719868182181 6.553673864568366 0.0 0.0 33.09440745737129 47.10544515898596 6.6991675759137935e-06 1.385348661425183e-06 2.569375486833707e-06 1.6818168202360052e-06
50.30482485802462 -54.15890514653231 1.28125 0.81933594 [50.30482485802462,-54.15890514653231] 32.16395723524693 0.4626750661141421 0.0009453786518565635 1.6255135343921078e-05 [849.2338867188,-2812.403320312] 19.459272423292497 21.276912710499325 5.458377026517853 5.801475866791619 0.0 0.0 18.149490484430657 99.15037316743405 5.555592457596879e-06 1.3226913592967274e-06 2.194445496902111e-06 1.549534360997998e-06
50.52443706690926 -55.31858051041769 1.265625 0.6855469 [50.52443706690926,-55.31858051041769] -70.81147590402213 2.9190642629049557 0.00015034740902689772 1.630978767824502e-05 [1050.196289062,-722.5043945312] 22.579563005303008 19.542718146626726 6.14723063481092 5.802092410319327 0.0 0.0 26.4194553795337 81.1132115866842 -1.2231072767768164e-05 1.7547659115228023e-06 -1.6131178995699226e-05 2.2835266980293403e-06
47.38876721332526 -54.71606451466146 1.21875 0.21148682 [47.38876721332526,-54.71606451466146] 46.729672872203444 1.1072238780330454 0.0004004763153813146 1.64786254563984e-05 [-2193.619140625,-1781.280761719] 17.66166869664473 20.039241461346155 5.678566967764627 6.48615299394613 0.0 0.0 4.298067697549868 72.52078851346278 8.071488724350365e-06 1.4464043246144094e-06 5.020836944098393e-06 1.640189596815839e-06
47.388496305683816 -54.714878196406296 1.21875 0.21148682 [47.388496305683816,-54.714878196406296] 45.03423353664654 1.0237613010668316 0.000431052898351233 1.6399778471244722e-05 [-2193.96484375,-1783.40625] 17.66166869664473 20.039241461346155 5.678566967764627 6.48615299394613 0.0 0.0 4.288626364823017 72.538652091529 7.778640120055773e-06 1.4298552647360367e-06 4.727988339803801e-06 1.6306142074658415e-06
52.6156960096913 -57.49397273992288 1.3046875 1.0498047 [52.6156960096913,-57.49397273992288] 21.815084469788275 1.0122068233532557 0.000484570204047255 1.822781742230091e-05 [3013.324462891,3252.635742188] 23.94576375823721 24.103067549082077 6.743782681268155 6.502578049621592 19.013816833496094 9.506908416748047 51.59585154060062 57.07749343878845 3.768059939135288e-06 1.2735135855414336e-06 -3.680264122317942e-07 1.6883552115056893e-06
53.113387987767396 -56.10948947500355 1.25 0.50439453 [53.113387987767396,-56.10948947500355] 23.391075517176958 2.679475496125474 0.00018008092725049578 1.7931895988743765e-05 [3625.331298828,787.8393554688] 22.30048323225235 20.284221346012046 6.2183077282443495 5.591953646095342 0.0 0.0 46.323988270865584 81.60667865416804 4.040276566961107e-06 1.350865444950043e-06 1.8837502575090027e-07 1.682276488784035e-06
50.17959600341894 -56.22295010448576 1.3046875 1.0131836 [50.17959600341894,-56.22295010448576] 63.624321964422755 0.6425112737758059 0.0006787079449672494 1.6205871412836934e-05 [681.078125,900.9252929688] 22.279907916006923 20.398126542739117 6.03695085021282 6.009182498537891 18.92373275756836 9.46186637878418 30.03978770408048 64.53659474431106 1.0989655303916115e-05 1.6045698503098455e-06 7.141307680866839e-06 1.7396007445976954e-06
50.185939712802345 -56.22432717104602 1.3046875 1.0131836 [50.185939712802345,-56.22432717104602] 60.81214203111114 0.39591663277861633 0.0011003383286669092 1.6189695913359606e-05 [687.4013671875,903.4663085938] 22.279907916006923 20.398126542739117 6.03695085021282 6.009182498537891 18.92373275756836 9.46186637878418 30.084462091180967 64.54961743411991 1.0503915147235689e-05 1.5722204600237293e-06 6.655567524186415e-06 1.7197406724798443e-06
50.17530443712853 -56.2218437639828 1.3046875 1.0131836 [50.17530443712853,-56.2218437639828] 56.59845853261765 0.8956843977779682 0.0004887475329968801 1.626852917883604e-05 [676.8032226562,898.8920898438] 22.279907916006923 20.398126542739117 6.03695085021282 6.009182498537891 18.92373275756836 9.46186637878418 30.008459209249736 64.53058526639279 9.776097108811067e-06 1.535137544481226e-06 5.927749485761792e-06 1.7009759609054949e-06
49.44932533129498 -57.76268005723468 1.3046875 1.0825195 [49.44932533129498,-57.76268005723468] 36.37349488411115 2.2685927619569792 0.0002173205696807977 1.8321713178437787e-05 [-47.65625,3668.362060547] 25.8224557188978 23.80095401994913 7.01977609780762 6.595159603610506 0.0 0.0 36.11098710646354 36.19603837427326 6.282694394741979e-06 1.4053823731453852e-06 1.8224521683492582e-06 1.7651857193613062e-06
49.462795435386916 -57.76072312816548 1.3125 1.1079102 [49.462795435386916,-57.76072312816548] 73.17406924358156 2.4106387681469394 0.0002041478311148126 1.8288816822312464e-05 [-34.724609375,3664.833618164] 25.741550574199362 23.78580673143301 6.976652263742755 6.589945858146492 0.0 0.0 36.16905587117719 36.30187595473353 1.2639157060432289e-05 1.7580765867649416e-06 8.192889358641127e-06 1.9232889652063296e-06
49.443740854734685 -57.75956347278676 1.3046875 1.0825195 [49.443740854734685,-57.75956347278676] 44.7056101095501 2.9965247919527034 0.00016542013878235708 1.8421074510998993e-05 [-53.02294921875,3662.759887695] 25.8224557188978 23.80095401994913 7.01977609780762 6.595159603610506 0.0 0.0 36.060389195514745 36.21285621251968 7.721877893330577e-06 1.5076772178272175e-06 3.2616356669378563e-06 1.8157354762495283e-06
48.19419850070908 -54.631088244228316 1.2578125 0.6125488 [48.19419850070908,-54.631088244228316] -15.567324612027015 2.620846744212003 0.00016787157980547123 1.6350367053630143e-05 [-1359.409667969,-1954.817382812] 19.769746980587858 21.3200168009272 5.995158179427228 6.571256563531499 0.0 0.0 8.426033514555684 78.93997565783866 -2.68890144850597e-06 1.3163240130021002e-06 -6.103675831230005e-06 1.7545932676822687e-06
46.081966455800604 -55.66161334787141 1.2578125 0.58691406 [46.081966455800604,-55.66161334787141] 28.821245025623927 2.5519105404010767 0.00017616473230698242 1.670679397881785e-05 [-3467.41796875,-27.287109375] 19.360949334690883 20.453645532931496 5.592657950219243 6.04949705337705 18.797077178955078 9.398538589477539 3.453365913610469 48.67851728418532 4.978214910304664e-06 1.371860180769365e-06 1.6340510280740143e-06 1.6166896761739174e-06
53.69411478063173 -57.48112481111564 1.296875 0.96533203 [53.69411478063173,-57.48112481111564] 23.92705419553471 0.807106986697705 0.0006815893227285185 2.0443845416057602e-05 [4055.767089844,3284.512695312] 22.571965815240713 25.83389654055345 6.9918793088619955 6.450628729131968 18.32675552368164 9.16337776184082 57.565661713614304 62.47308482583526 4.132854699718166e-06 1.2794396345640797e-06 2.3406071367016284e-07 1.7147436270738084e-06
