data_processed/hvc_rms/hvc_rms_index_17.ecsv
# %ECSV 1.0
# ---
# datatype:
# - {name: ra_dec_obj.ra, unit: deg, datatype: float64}
# - {name: ra_dec_obj.dec, unit: deg, datatype: float64}
# - {name: 'H-alpha flux [Error]', unit: R, datatype: float32}
# - {name: H-alpha flux, unit: R, datatype: float32}
# - {name: ra_dec_deg, datatype: string, subtype: 'float64[2]'}
# - {name: RM, unit: rad / m2, datatype: float64}
# - {name: RM_uncert, unit: rad / m2, datatype: float64}
# - {name: pol_int, datatype: float64}
# - {name: pol_int_uncert, datatype: float64}
# - {name: ra_dec_pix_offsets, datatype: string, subtype: 'float64[2]'}
# - {name: interpolation_raw, unit: rad / m2, datatype: float64}
# - {name: interpolation_cor, unit: rad / m2, datatype: float64}
# - {name: interpolation_unc, unit: rad / m2, datatype: float64}
# - {name: interpolation_cor_unc, unit: rad / m2, datatype: float64}
# - {name: HI, unit: dex(1 / cm2), datatype: float64}
# - {name: 'HI [Error]', unit: dex(1 / cm2), datatype: float64}
# - {name: pixel location x, datatype: float64}
# - {name: pixel location y, datatype: float64}
# meta: !!omap
# - __serialized_columns__:
#     ra_dec_obj:
#       __class__: astropy.coordinates.sky_coordinate.SkyCoord
#       dec: !astropy.table.SerializedColumn
#         __class__: astropy.coordinates.angles.Latitude
#         unit: &id001 !astropy.units.Unit {unit: deg}
#         value: !astropy.table.SerializedColumn {name: ra_dec_obj.dec}
#       frame: icrs
#       ra: !astropy.table.SerializedColumn
#         __class__: astropy.coordinates.angles.Longitude
#         unit: *id001
#         value: !astropy.table.SerializedColumn {name: ra_dec_obj.ra}
#         wrap_angle: !astropy.coordinates.Angle
#           unit: *id001
#           value: 360.0
#       representation_type: spherical
# schema: astropy-2.0
ra_dec_obj.ra ra_dec_obj.dec "H-alpha flux [Error]" "H-alpha flux" ra_dec_deg RM RM_uncert pol_int pol_int_uncert ra_dec_pix_offsets interpolation_raw interpolation_cor interpolation_unc interpolation_cor_unc HI "HI [Error]" "pixel location x" "pixel location y"
[from data line 339]
143.00129710557695 -65.12046042123688 2.9375 17.359375 [143.00129710557695,-65.12046042123688] -4.337876306982744 2.1413832462895743 0.00022184366630823753 1.7654285179435927e-05 [2760.532226562,470.7944335938] 30.670087418068217 39.17168576145663 19.849126226169773 22.621638255108618 0.0 0.0 46.956018645469385 57.49121313955038
141.22338844293665 -65.42623911808148 2.59375 13.925781 [141.22338844293665,-65.42623911808148] 23.024569907356877 1.9222882459758066 0.0002337470349162068 1.669834094267242e-05 [1399.466796875,962.2875976562] 29.241455420850613 30.674733649829925 18.97671456201326 16.57753529842237 0.0 0.0 38.08677392729692 61.35245406237459
144.09146125796724 -66.54084781752451 2.671875 14.7578125 [144.09146125796724,-66.54084781752451] -52.88426079361621 0.7166037133799296 0.0007209612028399693 1.9199930298703117e-05 [3391.263916016,3074.521484375] 29.686719394472014 22.731785822029217 20.396265384270603 16.527602214592697 0.0 0.0 38.226163911956746 41.648931494216185
144.0993804121344 -66.54172515971922 2.671875 14.7578125 [144.0993804121344,-66.54172515971922] -52.31559722112337 1.8591366724784755 0.00027824192493630586 1.9223948308688268e-05 [3396.799316406,3076.520263672] 29.686719394472014 22.731785822029217 20.396265384270603 16.527602214592697 0.0 0.0 38.24421659283769 41.61344841808341
144.78105173492412 -64.74739839533045 3.484375 22.875 [144.78105173492412,-64.74739839533045] -4.638446411769079 3.0808839503419554 0.00017316906014639926 1.9826878389979916e-05 [4161.551269531,-101.7172851562] 33.40601918088123 44.24999952911748 20.00404979619064 28.15627688437147 0.0 0.0 56.3943579905698 53.860719916188145
141.5242159849552 -66.99116520462948 2.421875 12.234375 [141.5242159849552,-66.99116520462948] -54.258305953515496 2.1018378240368127 0.00025369240000943966 1.981597124656645e-05 [1526.948242188,3783.847900391] 32.65218828640891 19.932494566877235 21.002435619501437 12.997409471365327 0.0 0.0 25.89275939058348 46.719689566923535
142.59196455186637 -67.39818576441176 2.625 14.1796875 [142.59196455186637,-67.39818576441176] -26.57136475648683 0.32136168152857825 0.0022342558616105235 2.6683064150732193e-05 [2239.202148438,4547.007324219] 28.039520312082086 16.41182946016513 18.262269046499537 11.440788539425755 0.0 0.0 25.92295416440129 39.60714741333936
142.5883331904939 -67.40359495082363 2.625 14.1796875 [142.5883331904939,-67.40359495082363] -32.95825651639113 0.232636511053521 0.003087643424010118 2.6694003878379123e-05 [2236.187011719,4556.593261719] 28.039520312082086 16.41182946016513 18.262269046499537 11.440788539425755 0.0 0.0 25.864826237527723 39.57305188823079
144.67002863522526 -65.89802541626887 2.828125 16.289062 [144.67002863522526,-65.89802541626887] -20.816311228173426 1.6657911127065983 0.00030919404329982943 1.914081220943442e-05 [3902.337646484,1954.766601562] 32.27650755289106 35.82171558588867 18.497503859637742 21.21828620973477 0.0 0.0 45.797243693049154 44.86636874289002
144.7177428071057 -64.0477066239249 3.5 23.0625 [144.7177428071057,-64.0477066239249] -31.997075832628177 1.9983030501909393 0.00026123302972197817 1.9399839715907622e-05 [4219.305908203,-1360.7421875] 38.142431184146204 45.446663595137125 21.992256685045202 28.650583733050336 0.0 0.0 62.402913456086026 59.80597265278266
144.63511665379355 -64.10713196385076 3.484375 22.804688 [144.63511665379355,-64.10713196385076] -10.219184186127059 0.03553675037576192 0.014568634705594524 1.924000890586863e-05 [4145.646728516,-1259.624023438] 38.6310203865027 46.04087046670358 22.339831899062922 28.66562157125355 0.0 0.0 61.5833244458222 59.64710139363069
144.65245041654177 -64.11822513674622 3.484375 22.804688 [144.65245041654177,-64.11822513674622] -30.603889790442903 0.356053871320841 0.0014626021481340813 1.935310363535672e-05 [4157.555175781,-1238.590332031] 38.6310203865027 46.04087046670358 22.339831899062922 28.66562157125355 0.0 0.0 61.545635834295126 59.488600111218375
144.64752209137808 -64.11521901853172 3.484375 22.804688 [144.64752209137808,-64.11521901853172] -14.497137359643162 0.2963916182064363 0.001755030151765755 1.9331217320224233e-05 [4154.1484375,-1244.305664062] 38.6310203865027 46.04087046670358 22.339831899062922 28.66562157125355 0.0 0.0 61.55504239314212 59.53245632780704
140.45333884874688 -65.71443182753009 2.546875 13.449219 [140.45333884874688,-65.71443182753009] -8.138475712967345 0.8755937231977845 0.0005073106561239653 1.6507652863539326e-05 [814.1845703125,1467.405761719] 33.88953843143111 29.633514474347127 19.028015846223198 14.287783033348099 0.0 0.0 32.936728533965834 61.56012052981396
140.4344482866295 -65.71598059745192 2.546875 13.449219 [140.4344482866295,-65.71598059745192] -5.643026362786915 0.4645065394488343 0.000953474228481725 1.6459229262686722e-05 [800.154296875,1469.952148438] 33.88953843143111 29.633514474347127 19.028015846223198 14.287783033348099 0.0 0.0 32.856801315371285 61.61256758844024
142.25064109809765 -65.26510625915611 2.84375 16.414062 [142.25064109809765,-65.26510625915611] -11.302674603105029 0.9597201960847289 0.00048207521007783284 1.7193652160658233e-05 [2181.064941406,701.505859375] 31.755561028421962 35.7544386297202 20.602315631866624 20.316508622229556 0.0 0.0 43.081717149847236 59.026948139624665
142.2406461004985 -65.26795192668007 2.84375 16.414062 [142.2406461004985,-65.26795192668007] -11.334281422405157 3.1695995653253837 0.00014552630619311716 1.7141728327147315e-05 [2173.3125,706.2788085938] 31.755561028421962 35.7544386297202 20.602315631866624 20.316508622229556 0.0 0.0 43.0222194163573 59.03915955158595
144.27357484854343 -65.59422295721582 2.90625 17.070312 [144.27357484854343,-65.59422295721582] -12.94181845512961 0.9413605146708228 0.0005369111821474942 1.8783093919625586e-05 [3654.834960938,1386.107421875] 31.08117974960608 35.58433296283871 16.92954385262285 20.562752759768543 18.860248565673828 9.430124282836914 47.164821062707006 48.829864219385854
141.3887480224161 -66.03913890839709 2.5625 13.546875 [141.3887480224161,-66.03913890839709] -23.835846078639424 0.680713947244257 0.000678406448087839 1.7161819079519756e-05 [1487.481445312,2068.629394531] 33.44142045272487 25.266279237063323 21.584689489411023 13.39388820221101 0.0 0.0 33.4842345119489 55.4525813611765
140.87927228092724 -66.91484837967022 2.46875 12.628906 [140.87927228092724,-66.91484837967022] -36.86625408252997 0.5151865436566424 0.0009601018337085749 1.838190483245127e-05 [1076.78515625,3633.362304688] 33.005432215957065 23.508840934275447 21.735749080173132 13.570072885334257 0.0 0.0 24.37483360918577 49.55650305497579
142.3341369693037 -65.15069579432264 2.8125 16.046875 [142.3341369693037,-65.15069579432264] 1.7346485371284939 1.6278658907760721 0.0002836595501408908 1.7160294480385387e-05 [2253.584960938,498.7172851562] 30.547374136475625 36.03825677936376 20.2616092803988 21.134153791374114 0.0 0.0 44.35774479922247 59.69567485021821
142.35287475483068 -65.12434389703698 2.765625 15.730469 [142.35287475483068,-65.12434389703698] 8.534500303438012 1.249562067238442 0.00036879008627870925 1.7125599131580705e-05 [2269.990234375,452.0068359375] 29.9789529209823 35.80119419439627 20.096061766734117 20.917827709721244 0.0 0.0 44.65022977562717 59.85102128789708
141.39807130643544 -66.95218655091108 2.40625 12.0625 [141.39807130643544,-66.95218655091108] -46.80441952330299 1.718343987629475 0.00030290361855577917 1.9342975083627176e-05 [1440.55859375,3710.815185547] 33.04258409977141 20.843273893298782 21.320824122918637 13.08471945065496 0.0 0.0 25.801469519387297 47.4845889352614
139.99513233810993 -66.60295109503309 2.390625 11.9296875 [139.99513233810993,-66.60295109503309] -37.920659939424056 2.399378030949981 0.00019005641918595697 1.6946886615726895e-05 [458.6611328125,3061.596923828] 33.33200748599878 22.06771424552669 20.31035732447564 12.76781488769653 0.0 0.0 23.95288048925545 55.277517646515435
144.92442326125055 -66.29739378322115 2.828125 16.273438 [144.92442326125055,-66.29739378322115] -56.11417085416025 0.08058296531580682 0.006770558116080046 2.027572620600017e-05 [4024.702392578,2686.723388672] 31.27888223106494 32.6422844260074 20.321193313935666 20.09788002028898 0.0 0.0 43.08231888402656 40.662437877235334
144.9183807045884 -66.30255125708233 2.828125 16.273438 [144.9183807045884,-66.30255125708233] -54.56489177011245 0.5041280155147914 0.0010850212042341847 2.0327677478865586e-05 [4019.526611328,2695.583740234] 31.27888223106494 32.6422844260074 20.321193313935666 20.09788002028898 0.0 0.0 43.01688585839031 40.642156636684376
143.6025083175447 -66.05377966415669 2.890625 16.96875 [143.6025083175447,-66.05377966415669] -42.33613951765971 0.21868333351626512 0.002282973677584911 1.8553476256296644e-05 [3101.430664062,2175.206542969] 33.511726956962775 29.395687168858693 20.005820474181363 17.83056904281708 0.0 0.0 40.88175474063826 47.4629586172739
143.44329838455258 -65.16671765840998 2.875 16.742188 [143.44329838455258,-65.16671765840998] -8.195376988457166 2.7688115550359482 0.00017377553961929438 1.788095654207551e-05 [3089.102050781,574.3276367188] 30.41369507847557 41.481021272191306 18.608628863156653 22.60569821386987 0.0 0.0 48.08799910839264 55.46178779036313
144.30860888406647 -64.4749375385619 3.234375 20.40625 [144.30860888406647,-64.4749375385619] -6.009618211521627 0.14868394446701524 0.003292959921996497 1.8195300072259603e-05 [3838.511230469,-620.3603515625] 35.65575698569708 42.45222434165158 20.834515049853 27.084807810646115 0.0 0.0 57.176056296551906 57.910103952922555
136.08764682018273 -67.2132339187025 2.171875 9.65625 [136.08764682018273,-67.2132339187025] -12.50325846336945 1.6646701423175383 0.00035847651861176355 2.217673497546822e-05 [-2275.470703125,4215.907226562] 31.47243551236108 25.57079997155116 15.846900728367785 16.053574897095576 0.0 0.0 5.367056822313771 62.24618049731225
143.7883758009076 -67.32501987166042 2.671875 14.6640625 [143.7883758009076,-67.32501987166042] -77.92433049191064 0.9456224582240267 0.000734038248445337 2.5795572528646104e-05 [3074.388183594,4465.893432617] 27.0114662365894 15.71463884499746 18.185970871394627 11.465225037601375 18.746826171875 9.3734130859375 30.38233038522003 36.15833486273846
143.76319866493998 -67.32392886874513 2.65625 14.6171875 [143.76319866493998,-67.32392886874513] -70.30510932838608 2.834595273579978 0.00024401758613470703 2.5705194154764103e-05 [3057.108886719,4462.716674805] 27.19631644547856 15.966990389394443 18.281970889370925 11.59232264096584 18.746826171875 9.3734130859375 30.311976244630273 36.253932030685974
139.9702452174769 -66.19605260489067 2.59375 13.972656 [139.9702452174769,-66.19605260489067] -16.133050102202162 2.3179263937386034 0.00019225666713164701 1.6561121875700486e-05 [448.08203125,2329.289306641] 33.87169435912081 23.109789882397056 20.19128119664146 13.188817158145694 0.0 0.0 27.230878562105772 58.97521205731596
141.91686998071768 -65.70822893262265 2.734375 15.265625 [141.91686998071768,-65.70822893262265] 5.50211819967244 3.2945973862267235 0.00013932463051655585 1.705842587680681e-05 [1897.527832031,1487.587890625] 28.908575893787486 25.918350779881123 20.19416236912431 16.30384798028555 0.0 0.0 38.12489802689822 56.441060795960084
142.50534023391188 -67.17963414953006 2.53125 13.3671875 [142.50534023391188,-67.17963414953006] -58.08598623732296 0.925359397589382 0.0006541796968478418 2.2496564661592518e-05 [2199.313964844,4151.428710938] 29.296127414183427 16.724324807272975 19.591376442662046 12.529860178807663 0.0 0.0 27.517439706932464 41.771983528078636
142.4883424760274 -67.18128200791429 2.53125 13.3671875 [142.4883424760274,-67.18128200791429] -64.3745705034869 0.8396065131009989 0.0007200495486870168 2.2467093079900633e-05 [2187.315917969,4153.799804688] 29.296127414183427 16.724324807272975 19.591376442662046 12.529860178807663 0.0 0.0 27.44797154106891 41.815562665328116
139.28626986560963 -66.2344818474462 2.390625 11.9609375 [139.28626986560963,-66.2344818474462] 0.593629876703463 0.5466525870080646 0.0008126757958697363 1.6509633641942244e-05 [-48.73828125,2396.296386719] 34.67562240248194 23.099338925259786 18.46412106406587 13.34650548102056 0.0 0.0 24.50492965303647 60.94974090659389
139.26631153690587 -66.2435073896177 2.390625 11.9609375 [139.26631153690587,-66.2435073896177] -1.987011848126004 2.766244366804145 0.00016100864947668175 1.65519228321046e-05 [-63.19287109375,2412.555908203] 34.67562240248194 23.099338925259786 18.46412106406587 13.34650548102056 0.0 0.0 24.360494967980003 60.93599111463868
143.28457645891433 -64.57378391475126 3.046875 18.484375 [143.28457645891433,-64.57378391475126] -37.936900265791095 3.220836079149288 0.00014756838166426486 1.7663250988518567e-05 [3035.628417969,-498.4877929688] 34.97267980080298 44.08778650213174 19.755420701719032 23.208899221886522 0.0 0.0 52.70724891892428 61.012072093533334
144.98316943713598 -64.15806590000436 3.625 24.203125 [144.98316943713598,-64.15806590000436] 0.8411073370648552 0.06013730820894901 0.00906460046037733 2.025822332774894e-05 [4409.900878906,-1144.76171875] 40.99663981972796 48.40992626232572 22.168215667205367 29.013618880350098 0.0 0.0 62.34943979650757 57.86402403321472
144.98939503559862 -64.15653222899459 3.625 24.203125 [144.98939503559862,-64.15653222899459] 3.4699326409828317 0.15645280827950347 0.0034980377010279183 2.0338389116878243e-05 [4415.005859375,-1147.077148438] 40.99663981972796 48.40992626232572 22.168215667205367 29.013618880350098 0.0 0.0 62.38488302678434 57.851930063395685
144.98034655858527 -64.15975201453654 3.625 24.203125 [144.98034655858527,-64.15975201453654] -0.3341403635648359 0.11904607000282842 0.004551839866684764 2.0137740552061914e-05 [4407.428955078,-1141.935546875] 40.99663981972796 48.40992626232572 22.168215667205367 29.013618880350098 0.0 0.0 62.32451875747097 57.86147718336906
145.00587471156146 -64.17766557911794 3.671875 24.703125 [145.00587471156146,-64.17766557911794] 14.180778314708085 0.26056095648622823 0.002101670638632756 2.0350856873578853e-05 [4424.502441406,-1108.039550781] 41.64679219108168 49.047623843473275 22.197278943158025 29.056752506855926 0.0 0.0 62.25357816011319 57.61580301589356
145.0016631905164 -64.17239387030565 3.671875 24.703125 [145.0016631905164,-64.17239387030565] 19.201570616214035 1.7380360577577973 0.00031547780217273746 2.0376814502935173e-05 [4422.056884766,-1117.784667969] 41.64679219108168 49.047623843473275 22.197278943158025 29.056752506855926 0.0 0.0 62.28598945782119 57.67509467833929
144.25175461071987 -64.43222800910233 3.28125 20.734375 [144.25175461071987,-64.43222800910233] 17.086182468592604 0.5143457860185591 0.0009494457832713324 1.8148220999777465e-05 [3800.497070312,-700.4345703125] 36.18355266509373 43.10240182407944 21.036103939039904 27.176775169745845 0.0 0.0 57.35498381290222 58.48044304981522
144.21047974096854 -64.40272532210173 3.28125 20.789062 [144.21047974096854,-64.40272532210173] -9.839579968044387 2.9880081617533536 0.00016190454357610016 1.7978337096233797e-05 [3772.603515625,-755.8500976562] 36.46358560984663 43.339093776449346 21.004646161990394 27.006032266535257 0.0 0.0 57.471130563189604 58.8824236596497
146.17420958388715 -65.85403433919767 2.96875 17.703125 [146.17420958388715,-65.85403433919767] -42.60220623545922 0.4788937770852664 0.001385028063805625 2.4649406681775994e-05 [5010.344238281,1981.884765625] 36.57773083878539 45.42965829694768 18.322113900705794 24.133940256586094 0.0 0.0 51.09871341617236 39.63297741169504
140.6421357721539 -65.9854582799419 2.484375 12.863281 [140.6421357721539,-65.9854582799419] -15.68875152947133 2.8632048832171937 0.00015866128128674443 1.6882318384670775e-05 [943.9223632812,1957.719726562] 34.90713620149477 27.242012029558165 20.8510305905166 13.11421766871061 0.0 0.0 31.337866210958737 58.52274448952721
