data_processed/hvc_rms/hvc_rms_index_7_with_B.ecsv
# %ECSV 1.0
# ---
# datatype:
# - {name: ra_dec_obj.ra, unit: deg, datatype: float64}
# - {name: ra_dec_obj.dec, unit: deg, datatype: float64}
# - {name: 'H-alpha flux [Error]', unit: R, datatype: float32}
# - {name: H-alpha flux, unit: R, datatype: float32}
# - {name: ra_dec_deg, datatype: string, subtype: 'float64[2]'}
# - {name: RM, unit: rad / m2, datatype: float64}
# - {name: RM_uncert, unit: rad / m2, datatype: float64}
# - {name: pol_int, datatype: float64}
# - {name: pol_int_uncert, datatype: float64}
# - {name: ra_dec_pix_offsets, datatype: string, subtype: 'float64[2]'}
# - {name: interpolation_raw, unit: rad / m2, datatype: float64}
# - {name: interpolation_cor, unit: rad / m2, datatype: float64}
# - {name: interpolation_unc, unit: rad / m2, datatype: float64}
# - {name: interpolation_cor_unc, unit: rad / m2, datatype: float64}
# - {name: HI, unit: dex(1 / cm2), datatype: float64}
# - {name: 'HI [Error]', unit: dex(1 / cm2), datatype: float64}
# - {name: pixel location x, datatype: float64}
# - {name: pixel location y, datatype: float64}
# - {name: 'B_virtual [raw]', unit: G, datatype: float64}
# - {name: 'B_virtual_unc [raw]', unit: G, datatype: float64}
# - {name: 'B_virtual [int]', unit: G, datatype: float64}
# - {name: 'B_virtual_unc [int]', unit: G, datatype: float64}
# meta: !!omap
# - __serialized_columns__:
#     ra_dec_obj:
#       __class__: astropy.coordinates.sky_coordinate.SkyCoord
#       dec: !astropy.table.SerializedColumn
#         __class__: astropy.coordinates.angles.Latitude
#         unit: &id001 !astropy.units.Unit {unit: deg}
#         value: !astropy.table.SerializedColumn {name: ra_dec_obj.dec}
#       frame: icrs
#       ra: !astropy.table.SerializedColumn
#         __class__: astropy.coordinates.angles.Longitude
#         unit: *id001
#         value: !astropy.table.SerializedColumn {name: ra_dec_obj.ra}
#         wrap_angle: !astropy.coordinates.Angle
#           unit: *id001
#           value: 360.0
#       representation_type: spherical
# schema: astropy-2.0
ra_dec_obj.ra ra_dec_obj.dec "H-alpha flux [Error]" "H-alpha flux" ra_dec_deg RM RM_uncert pol_int pol_int_uncert ra_dec_pix_offsets interpolation_raw interpolation_cor interpolation_unc interpolation_cor_unc HI "HI [Error]" "pixel location x" "pixel location y" "B_virtual [raw]" "B_virtual_unc [raw]" "B_virtual [int]" "B_virtual_unc [int]"
[from data line 39]
100.12757125622659 -54.67472069693244 1.921875 7.251953 [100.12757125622659,-54.67472069693244] 27.351105176854517 0.7082964628628806 0.0006676461071550903 1.7573978763614813e-05 [-3506.969726562,-1803.767578125] 45.81168669403169 44.15173596238534 11.530124976633969 10.858663708737367 0.0 0.0 72.64276995037403 19.660757976960667 1.0393419987465185e-05 3.3238050025533213e-06 -7.015020990202094e-06 5.3029826525215885e-06
100.12796791289014 -54.67407614517623 1.921875 7.251953 [100.12796791289014,-54.67407614517623] 26.20122412094847 0.6811775520390277 0.0006944645700262209 1.7580010276725686e-05 [-3506.61328125,-1804.946289062] 45.81168669403169 44.15173596238534 11.530124976633969 10.858663708737367 0.0 0.0 72.64736503956533 19.668168854891974 9.956465185369106e-06 3.274330175181161e-06 -7.451975792298173e-06 5.323944708107223e-06
100.12853223277504 -55.904041219228205 1.8203125 6.1757812 [100.12853223277504,-55.904041219228205] 48.02388810137973 0.9307889178438997 0.0004934577435364875 1.7069070631392877e-05 [-3399.0,406.2529296875] 39.959667240948946 40.61515730645699 10.829317121851503 9.783848323452277 0.0 0.0 69.03289208387434 4.062116753437749 1.8249077514098233e-05 4.384409147255253e-06 3.0644039329373107e-06 4.94712892793163e-06
100.65111507765455 -56.01692190308229 1.78125 5.7871094 [100.65111507765455,-56.01692190308229] 61.74299936466265 0.3710478467530282 0.0011993449734122676 1.6537990499857594e-05 [-2864.100585938,585.623046875] 41.227776257619844 41.18893717914723 11.641256401890377 10.817828654217271 0.0 0.0 72.10713368730194 1.6959730039723127 2.3462339804308244e-05 5.193058578158041e-06 7.79578479587302e-06 5.371997141414765e-06
99.47022966811122 -56.10767753878275 1.859375 6.6191406 [99.47022966811122,-56.10767753878275] 42.8604581798504 3.278605138697524 0.00014444907362614885 1.75999964165591e-05 [-4040.51171875,807.6005859375] 39.98050530130932 40.51880146941019 10.06913032973808 9.419065111801597 0.0 0.0 64.16463685094254 2.603681668780837 1.6286974140092247e-05 4.266600154083002e-06 1.0943820959789484e-06 4.828184593889202e-06
99.17594159408904 -56.265815679721506 1.7734375 5.7578125 [99.17594159408904,-56.265815679721506] 42.12871492611655 2.1943395121684723 0.00022984427400268823 1.874330685560163e-05 [-4317.284179688,1109.462402344] 40.21270816241647 39.89820426121643 9.714539046297373 9.245176286950084 0.0 0.0 61.81833311250966 1.0699704156954795 1.6008911703131345e-05 4.125869761275945e-06 7.280825716253228e-07 4.627893327498572e-06
99.17006709991364 -56.27024845692788 1.7734375 5.7578125 [99.17006709991364,-56.27024845692788] 39.83943535045126 2.5928069375819103 0.00019439144902803072 1.8730787650111334e-05 [-4322.638671875,1117.791503906] 40.21270816241647 39.89820426121643 9.714539046297373 9.245176286950084 0.0 0.0 61.7681980984305 1.0228101189775316 1.513898546268274e-05 4.0398104469847646e-06 -1.4184366882328272e-07 4.655580777314528e-06
99.87937122289065 -55.295688482090675 1.796875 5.966797 [99.87937122289065,-55.295688482090675] 37.23065042748257 1.2473617661004635 0.00038056570875225374 1.7641308079717424e-05 [-3707.00390625,-674.615234375] 40.32325811303599 42.98381263624492 11.465341525858276 10.949086538840367 0.0 0.0 69.15527197435563 12.241717444156393 1.4147647190022167e-05 3.8112861240945394e-06 -1.1751909228011632e-06 5.131480896685796e-06
101.06887091253854 -55.911422742561 1.828125 6.294922 [101.06887091253854,-55.911422742561] 58.9847307393018 0.3308033855570539 0.0013340187123268262 1.6399876223945123e-05 [-2450.916015625,379.845703125] 42.801892183469704 42.13241532956899 11.666739117367989 11.506403504075099 0.0 0.0 75.14030492902316 2.267357091131089 2.241419772462792e-05 5.022738860936903e-06 6.149478663203715e-06 5.302004447643467e-06
99.26892814706179 -54.39846423756482 1.9296875 7.2597656 [99.26892814706179,-54.39846423756482] 36.603517114894586 0.476331065386649 0.0010879160977100353 1.9258081150725717e-05 [-4428.544921875,-2251.045898438] 46.63030868310908 45.669943101743435 10.561612635145417 10.883166844238247 0.0 0.0 67.65924832013457 24.76537623869899 1.390933653077418e-05 3.754013423914862e-06 -3.810180803348903e-06 4.8723635352412355e-06
99.0336688743905 -54.094402413505584 2.015625 8.2265625 [99.0336688743905,-54.094402413505584] 39.427089265526426 0.2346056487355759 0.0024550458247406854 2.1404582965060205e-05 [-4708.942382812,-2781.61328125] 47.32159753276882 45.50383011967087 11.225243642547765 11.143079902648578 0.0 0.0 66.93425472643662 29.069789908865005 1.4982293950105855e-05 3.897035145579535e-06 -2.999913147400006e-06 5.060010781471532e-06
99.03524003330715 -54.092998313948 2.015625 8.2265625 [99.03524003330715,-54.092998313948] 41.844444529590156 0.21972430422754852 0.0026149346558068582 2.1352446476551915e-05 [-4707.448242188,-2784.241210938] 47.32159753276882 45.50383011967087 11.225243642547765 11.143079902648578 0.0 0.0 66.94902940270026 29.08477457561321 1.590088895224074e-05 4.026168455105377e-06 -2.081318145265121e-06 5.043236331323674e-06
99.68888826240206 -54.520034664935025 1.9140625 7.15625 [99.68888826240206,-54.520034664935025] 52.68218715147308 1.716848101328333 0.000281212006688155 1.794214801756856e-05 [-3977.734375,-2058.09765625] 47.18487097067189 45.42455743485126 10.606468353750131 10.452303585701761 0.0 0.0 70.1467970805993 22.443573852689042 2.0019231156584365e-05 4.687111155340827e-06 2.0889801527766172e-06 4.889105731500969e-06
100.32918502931138 -56.1790045542167 1.765625 5.65625 [100.32918502931138,-56.1790045542167] 61.19780412341751 2.632950250766193 0.00017354433016080498 1.6980942284579814e-05 [-3174.155273438,891.1127929688] 41.22358902843475 40.98499919954442 11.165207314789134 10.505328312630496 0.0 0.0 69.54282377183836 0.21251804489293136 2.325516561223123e-05 5.2535340218852445e-06 7.590201750889448e-06 5.306371375502207e-06
98.46459229057827 -55.342643825923524 1.8671875 6.640625 [98.46459229057827,-55.342643825923524] 56.63332306750471 0.5498602119750513 0.001228068948154582 2.509480056904865e-05 [-5146.618164062,-499.9052734375] 41.75036950628814 43.46163543545682 9.990246971441746 11.007230017419406 0.0 0.0 59.62908437325859 14.101810043454861 2.1520662807603206e-05 4.8824761188929475e-06 5.65552236428692e-06 4.762957262814775e-06
98.4436038646421 -55.34016030475214 1.8671875 6.640625 [98.4436038646421,-55.34016030475214] 54.71762688231336 0.908871863379938 0.0007483223228329978 2.5275517872740565e-05 [-5168.342773438,-502.8022460938] 41.75036950628814 43.46163543545682 9.990246971441746 11.007230017419406 0.0 0.0 59.496112986409685 14.168825706884945 2.079269825581143e-05 4.7751670999384505e-06 4.927557812495145e-06 4.741652262282026e-06
98.45346109828184 -55.340576071731775 1.8671875 6.640625 [98.45346109828184,-55.340576071731775] 54.02338886875772 1.6264095091022042 0.00041500154878735537 2.5083510989631854e-05 [-5158.237304688,-502.7900390625] 41.75036950628814 43.46163543545682 9.990246971441746 11.007230017419406 0.0 0.0 59.56057562842307 14.147001164905078 2.0528887810146028e-05 4.761447159591011e-06 4.663747366829742e-06 4.759685863570173e-06
99.15963707689531 -53.58008193270923 2.453125 12.5078125 [99.15963707689531,-53.58008193270923] 25.323438235799557 2.9952875165888573 0.00022075892319679897 2.457341338949024e-05 [-4632.926757812,-3713.549804688] 49.94113529600499 47.151735927221075 11.675541884080912 11.03516699440954 0.0 0.0 69.29583353084467 35.37483820602483 9.622906548362295e-06 3.4225709722091754e-06 -9.354724901113744e-06 5.587004769907229e-06
100.33036830043228 -54.65717322078804 1.953125 7.5195312 [100.33036830043228,-54.65717322078804] 22.64471544151561 2.74969344654846 0.00017026745384115982 1.7399013434609813e-05 [-3297.668945312,-1845.267089844] 44.62148649404672 43.816680344231784 11.900811237450675 11.127873319070803 0.0 0.0 74.05802221459919 19.498271918721912 8.604991884550119e-06 3.2924820228867897e-06 -8.351173016241223e-06 5.579994898483736e-06
99.24006636885525 -55.20328134845607 1.7578125 5.5429688 [99.24006636885525,-55.20328134845607] -54.70792160150398 0.7970452797760228 0.0006615331364764905 1.9594911231921972e-05 [-4370.772460938,-803.427734375] 40.96545756705655 43.870221195000944 10.004626918419609 10.735581713624592 0.0 0.0 65.17219816454735 14.557114662599815 -2.078901024909668e-05 4.771701795853174e-06 -3.635588415492354e-05 8.326817133141615e-06
100.44557203086048 -55.59310911242717 1.8359375 6.3222656 [100.44557203086048,-55.59310911242717] 49.4239077762014 0.3480756824250005 0.0012904729281512134 1.669288051112706e-05 [-3104.24609375,-167.697265625] 40.128529432293014 41.27774510515341 11.128801501543736 10.343162598062312 0.0 0.0 72.01956822698526 7.4393480182855 1.8781084991567537e-05 4.452708914998323e-06 3.532243777570786e-06 5.042566589431886e-06
100.05400117320217 -54.436439781132016 2.046875 8.433594 [100.05400117320217,-54.436439781132016] 19.39583580295381 2.4682761856721194 0.00019394726993136454 1.7790416961985823e-05 [-3604.408203125,-2228.298828125] 44.284756226544374 43.54938571127109 11.513427681068865 10.869511728897464 0.0 0.0 72.86153982939004 22.815837198873396 7.370417619490009e-06 3.149032066195589e-06 -9.457789779401006e-06 5.5069047576279165e-06
100.563788977384 -55.397968321484946 1.8203125 6.2285156 [100.563788977384,-55.397968321484946] 51.05831634898352 0.12200511926424792 0.0037503063589414782 1.700409423993858e-05 [-2998.997070312,-523.8256835938] 39.74144626611563 41.03610595813296 10.970421565275775 10.228389305170577 0.0 0.0 73.37994282721343 9.692500903317523 1.9402160250435438e-05 4.546137985208436e-06 4.300410639872825e-06 5.0123774337090185e-06
99.9677585582674 -55.246616331114566 1.8203125 6.1640625 [99.9677585582674,-55.246616331114566] 46.271278173825834 0.5352099193331299 0.0008784651216917727 1.7472593778659286e-05 [-3621.072265625,-767.4975585938] 40.19118013240726 42.305835952946516 11.63819062186905 10.847716380606093 0.0 0.0 69.88434168620597 12.705212709551688 1.7583085740329496e-05 4.275256213111807e-06 2.3104372602429206e-06 5.18346272444123e-06
98.93262498944108 -54.6137887323919 1.84375 6.4003906 [98.93262498944108,-54.6137887323919] 43.14241210958102 0.08078486180171912 0.006992371979249381 2.0992454150238956e-05 [-4754.776367188,-1842.041015625] 44.965306018247524 45.3476487362771 9.2514997679567 10.499375368223642 0.0 0.0 64.7692231478693 22.629119899614125 1.6394116633598744e-05 4.096221754915607e-06 -6.926996866435907e-07 4.41056642939278e-06
99.19834867400783 -53.864154983081875 2.140625 9.417969 [99.19834867400783,-53.864154983081875] 29.57051730429101 1.8216070470888557 0.00031765302374173025 2.1503858549638596e-05 [-4560.755859375,-3206.06640625] 47.84064912628365 45.29657054288987 11.749588186235888 11.21940427350963 0.0 0.0 68.72960350550966 31.692419662175553 1.1236796597535091e-05 3.480365417817963e-06 -6.942650105890896e-06 5.406442202729385e-06
99.64964284397614 -55.166126197713155 1.8125 6.123047 [99.64964284397614,-55.166126197713155] -47.954552451268434 0.9784196173566173 0.000495131339458654 1.800338922689164e-05 [-3954.796875,-894.7866210938] 40.624587751143174 43.08947292391767 10.51546666774614 10.758050919235655 0.0 0.0 68.00398259943427 14.30325746770086 -1.822272996700458e-05 4.3819498897677155e-06 -3.366007334253185e-05 8.005135063729749e-06
100.07267781168268 -53.90433098787642 2.21875 10.1328125 [100.07267781168268,-53.90433098787642] 22.595092445451527 0.24292059949308742 0.002036870353753681 1.8388082117132922e-05 [-3631.314453125,-3185.559570312] 43.25095034965092 42.16100239375565 11.941916524515875 10.591836295106834 0.0 0.0 74.59915377340803 29.505905171922223 8.586135146009008e-06 3.1217743251284935e-06 -7.8492260188967e-06 5.468185050014916e-06
100.07929262546311 -53.902416122783094 2.21875 10.1328125 [100.07929262546311,-53.902416122783094] 22.72334112624565 0.7940725593034442 0.0006243900122057618 1.8425735771344558e-05 [-3624.478515625,-3189.346679688] 43.25095034965092 42.16100239375565 11.941916524515875 10.591836295106834 0.0 0.0 74.65022486644921 29.517145672333754 8.634869644805775e-06 3.139793402071342e-06 -7.800491520099932e-06 5.4732116209157694e-06
100.88705416334635 -56.00011815899733 1.7734375 5.7109375 [100.88705416334635,-56.00011815899733] 65.14977407938595 2.9144662497758964 0.0001528285604666743 1.6552830045762734e-05 [-2628.133789062,546.0522460938] 42.316595829367444 42.01499235922317 11.81860386882111 11.319391055433046 0.0 0.0 73.69050009054445 1.4805908648781951 2.475691419842668e-05 5.516159163679898e-06 8.676607751920822e-06 5.584764100952919e-06
100.86173230398357 -55.996860564674805 1.7734375 5.7109375 [100.86173230398357,-55.996860564674805] 54.022804401368 2.1640383611218645 0.00020581260034509158 1.6551814789646263e-05 [-2653.818359375,541.1577148438] 42.316595829367444 42.01499235922317 11.81860386882111 11.319391055433046 0.0 0.0 73.53572569905975 1.568003884401378 2.05286657125375e-05 4.7922141024817984e-06 4.448359266031643e-06 5.351250545599986e-06
100.49333190827979 -55.04927059025416 1.875 6.7695312 [100.49333190827979,-55.04927059025416] 39.907837872131125 0.9327910784854971 0.000482566876245783 1.6728253268995945e-05 [-3097.9609375,-1147.78515625] 40.061444833799456 41.35457563927618 11.954372052678538 10.881666094045169 0.0 0.0 73.96238931990672 14.233754446966941 1.5164978420971756e-05 3.937435208212266e-06 -5.8370645547750766e-08 5.276091151924695e-06
100.48956269972162 -55.050952990273146 1.875 6.7695312 [100.48956269972162,-55.050952990273146] 40.09700052674696 2.601704348206052 0.00017246914049528171 1.667546852573761e-05 [-3101.711914062,-1144.591308594] 40.061444833799456 41.35457563927618 11.954372052678538 10.881666094045169 0.0 0.0 73.93223386076352 14.219579770603104 1.5236860229865899e-05 4.0538954867158294e-06 1.3511163346389679e-08 5.3561929853114345e-06
100.25250239234677 -55.359901376532584 1.8046875 6.0234375 [100.25250239234677,-55.359901376532584] 37.92460693573334 1.5651466463366288 0.0002890879679246667 1.681487931115017e-05 [-3319.916015625,-578.0883789062] 40.52600883594474 42.16488010565586 11.297102220671789 10.201886235057051 0.0 0.0 71.43737197122732 10.748298162326819 1.4411350663671509e-05 3.863526321107423e-06 -9.885327240073335e-07 5.088574629997299e-06
100.25093817856931 -55.360683369213305 1.8046875 6.0234375 [100.25093817856931,-55.360683369213305] 36.55346299403324 1.8048815531347946 0.0002503291841261253 1.679070352487665e-05 [-3321.448242188,-576.607421875] 40.52600883594474 42.16488010565586 11.297102220671789 10.201886235057051 0.0 0.0 71.42472039136896 10.74124731680513 1.3890315964809791e-05 3.8093519573618995e-06 -1.509567422869052e-06 5.104629477592635e-06
100.34302502881809 -54.528709453869446 2.03125 8.253906 [100.34302502881809,-54.528709453869446] 24.980580242988847 2.4282558915181633 0.00019462445205916653 1.7563075050120664e-05 [-3294.889648438,-2076.821289062] 44.58299056952517 43.769500811625775 11.79202821913699 11.038766913495317 0.0 0.0 74.53277936635209 21.09711743129924 9.49262051084025e-06 3.3436520766877497e-06 -7.448915938604387e-06 5.47806533394487e-06
100.15605962234972 -55.69623948863408 1.7890625 5.8515625 [100.15605962234972,-55.69623948863408] 50.1786249718214 0.6549911931615748 0.000694025145468222 1.6893489631871295e-05 [-3389.31640625,31.30126953125] 40.53264424962522 41.8212578477419 11.120581261095287 10.190384077593757 0.0 0.0 69.81569353687019 6.654324561155136 1.90678775264622e-05 4.501436376629078e-06 3.665472681579856e-06 5.047785665232279e-06
