data_processed/hvc_rms/hvc_rms_index_6_with_B.ecsv
# %ECSV 1.0
# ---
# datatype:
# - {name: ra_dec_obj.ra, unit: deg, datatype: float64}
# - {name: ra_dec_obj.dec, unit: deg, datatype: float64}
# - {name: 'H-alpha flux [Error]', unit: R, datatype: float32}
# - {name: H-alpha flux, unit: R, datatype: float32}
# - {name: ra_dec_deg, datatype: string, subtype: 'float64[2]'}
# - {name: RM, unit: rad / m2, datatype: float64}
# - {name: RM_uncert, unit: rad / m2, datatype: float64}
# - {name: pol_int, datatype: float64}
# - {name: pol_int_uncert, datatype: float64}
# - {name: ra_dec_pix_offsets, datatype: string, subtype: 'float64[2]'}
# - {name: interpolation_raw, unit: rad / m2, datatype: float64}
# - {name: interpolation_cor, unit: rad / m2, datatype: float64}
# - {name: interpolation_unc, unit: rad / m2, datatype: float64}
# - {name: interpolation_cor_unc, unit: rad / m2, datatype: float64}
# - {name: HI, unit: dex(1 / cm2), datatype: float64}
# - {name: 'HI [Error]', unit: dex(1 / cm2), datatype: float64}
# - {name: pixel location x, datatype: float64}
# - {name: pixel location y, datatype: float64}
# - {name: 'B_virtual [raw]', unit: G, datatype: float64}
# - {name: 'B_virtual_unc [raw]', unit: G, datatype: float64}
# - {name: 'B_virtual [int]', unit: G, datatype: float64}
# - {name: 'B_virtual_unc [int]', unit: G, datatype: float64}
# meta: !!omap
# - __serialized_columns__:
#     ra_dec_obj:
#       __class__: astropy.coordinates.sky_coordinate.SkyCoord
#       dec: !astropy.table.SerializedColumn
#         __class__: astropy.coordinates.angles.Latitude
#         unit: &id001 !astropy.units.Unit {unit: deg}
#         value: !astropy.table.SerializedColumn {name: ra_dec_obj.dec}
#       frame: icrs
#       ra: !astropy.table.SerializedColumn
#         __class__: astropy.coordinates.angles.Longitude
#         unit: *id001
#         value: !astropy.table.SerializedColumn {name: ra_dec_obj.ra}
#         wrap_angle: !astropy.coordinates.Angle
#           unit: *id001
#           value: 360.0
#       representation_type: spherical
# schema: astropy-2.0
ra_dec_obj.ra ra_dec_obj.dec "H-alpha flux [Error]" "H-alpha flux" ra_dec_deg RM RM_uncert pol_int pol_int_uncert ra_dec_pix_offsets interpolation_raw interpolation_cor interpolation_unc interpolation_cor_unc HI "HI [Error]" "pixel location x" "pixel location y" "B_virtual [raw]" "B_virtual_unc [raw]" "B_virtual [int]" "B_virtual_unc [int]"
[from data line 535]
81.15455632116299 -55.15601339552315 1.2734375 0.7380371 [81.15455632116299,-55.15601339552315] 14.327711875631199 2.533750591496825 0.0002485897909065219 2.340754437112999e-05 [4782.570068359,-862.2841796875] 35.30587718219984 32.290079075640534 8.035515282187424 7.236057274477126 0.0 0.0 36.43349650337109 14.042702765983677 8.507079059659747e-06 5.610848423791812e-06 -1.24557858462469e-05 8.240521956608496e-06
79.48103317535072 -56.07276927626438 1.25 0.47436523 [79.48103317535072,-56.07276927626438] 13.098948177953126 1.7931652320276161 0.0002635910987860201 1.7565469133800724e-05 [2994.547363281,691.640625] 35.60920249884 33.229039109633916 8.6340338738007 7.777822798569383 0.0 0.0 25.41945966593562 0.2683125545884195 7.777500602713934e-06 5.32833152752144e-06 -1.336546371277415e-05 8.612224377172444e-06
76.69351186481528 -55.3408927971268 1.2421875 0.45544434 [76.69351186481528,-55.3408927971268] -0.8746158891604371 2.5946119161475862 0.00017950805750369589 1.730872423862993e-05 [199.0874023438,-689.8178710938] 33.63226181536222 33.7063984974873 7.393988198108214 7.72148034512008 0.0 0.0 6.056334623801831 9.620108092347664 -5.193031923385647e-07 4.437591527925888e-06 -2.048845895859085e-05 1.0401970722823844e-05
76.70995324012839 -55.34439840224271 1.2421875 0.45544434 [76.70995324012839,-55.34439840224271] -2.066255262605186 2.7046070580461494 0.0001724031329529955 1.732838282116901e-05 [215.8984375,-683.458984375] 33.63226181536222 33.7063984974873 7.393988198108214 7.72148034512008 0.0 0.0 6.171508386306755 9.578859288204512 -1.2268390814249222e-06 4.483481725159706e-06 -2.1195994847677206e-05 1.0643027010263558e-05
79.4821699884298 -54.46427525083195 1.3515625 1.5253906 [79.4821699884298,-54.46427525083195] 17.887216590963206 1.1883872847898467 0.0004199112101638469 1.8544886023378713e-05 [3119.474609375,-2200.75] 33.00360130278693 29.6099665035788 8.802858609227151 7.831361092431665 0.0 0.0 24.708692015519773 23.86263397792891 1.062053501755512e-05 6.032246770863649e-06 -8.97535356349781e-06 7.641054001462202e-06
79.4832916095713 -54.43801889177308 1.3515625 1.5253906 [79.4832916095713,-54.43801889177308] 22.174689584505863 2.119743939516204 0.0002353714052166576 1.8541540137089455e-05 [3122.647705078,-2247.90625] 33.00360130278693 29.6099665035788 8.802858609227151 7.831361092431665 0.0 0.0 24.707954549158103 24.24829090093681 1.316622214742118e-05 6.889695812799515e-06 -6.429666433631751e-06 7.2800868783922415e-06
79.4810485650349 -54.45805748951787 1.3515625 1.5253906 [79.4810485650349,-54.45805748951787] 18.795938627461585 1.5286256564508494 0.00032565922074988176 1.850006383780414e-05 [3118.776611328,-2211.979492188] 33.00360130278693 29.6099665035788 8.802858609227151 7.831361092431665 0.0 0.0 24.69883548501423 23.953638402843808 1.1160088735193384e-05 6.21718653488775e-06 -8.435799845859546e-06 7.560501700226114e-06
76.46743786737618 -55.83451831868984 1.25 0.5383301 [76.46743786737618,-55.83451831868984] -3.114765837103496 2.546174310372952 0.00018290786398323863 1.7307295677236312e-05 [-31.91552734375,198.4340820312] 36.33347671856132 35.00472162831204 8.604061965351136 8.102210389059783 0.0 0.0 5.026996996043408 2.0887744175265652 -1.8493922448031766e-06 4.4860229440109065e-06 -2.342239438499949e-05 1.1670484129445758e-05
76.45628378956792 -55.8424529871286 1.25 0.5383301 [76.45628378956792,-55.8424529871286] 3.018220193382773 1.928829754233694 0.00023834394472932707 1.7084675049304684e-05 [-43.181640625,212.72265625] 36.33347671856132 35.00472162831204 8.604061965351136 8.102210389059783 0.0 0.0 4.960626553013867 1.9619111549509398 1.7920682679443978e-06 4.372187075191548e-06 -1.9780933872251916e-05 1.0452836525732364e-05
77.43919379209561 -53.32398973088987 1.265625 0.6171875 [77.43919379209561,-53.32398973088987] 11.67601456942289 0.8942526103753179 0.0007170418054599962 2.3829415871758137e-05 [1010.701660156,-4312.421875] 31.762561530201086 29.244909716407996 7.737981831864328 7.846271801702779 0.0 0.0 9.79381416286833 40.1030024593656 6.932633759390399e-06 5.048598457357104e-06 -1.192638744512584e-05 7.882895349049162e-06
78.3994750398663 -54.59187722464034 1.2890625 0.8935547 [78.3994750398663,-54.59187722464034] 17.081325090907427 0.6096288552065664 0.000779572535832193 1.7661628636683794e-05 [1981.626464844,-2011.0625] 32.58232323698578 28.216839417297734 6.880113681973957 6.693730357109099 0.0 0.0 17.22919196799046 21.64998089613573 1.0142036931887812e-05 5.863574369092996e-06 -9.203717793670271e-06 6.9334991865875325e-06
78.63206461327229 -54.223258722114885 1.296875 0.9460449 [78.63206461327229,-54.223258722114885] 25.362547658316092 3.225494729788411 0.00015286490351704434 1.8323685382042425e-05 [2244.120117188,-2667.040039062] 31.035320395844963 28.491506753144623 7.566933777765126 7.1260406463190655 0.0 0.0 18.672773381638308 27.17743326905429 1.5059012908450041e-05 7.639942093599048e-06 -3.3682088657659123e-06 6.557466019907379e-06
81.17008981084248 -55.567920581168586 1.34375 1.4624023 [81.17008981084248,-55.567920581168586] -5.780127379598218 0.6869264138964213 0.000919067823397322 2.346207837323765e-05 [4748.825439453,-121.4682617188] 34.368971449307416 32.979151937214255 8.413603300110767 7.8731542536515216 0.0 0.0 36.60837681737462 8.068292370752488 -3.431950685494904e-06 4.402799538603394e-06 -2.383852780376671e-05 1.1669798709855571e-05
76.52459698629941 -55.959167566473376 1.25 0.47851562 [76.52459698629941,-55.959167566473376] -0.3420159360626685 2.746527244771649 0.00016736808536613627 1.7083044122671634e-05 [25.7841796875,422.7983398438] 36.63477125026365 34.97577140713013 8.955168062736547 8.169500735034143 0.0 0.0 5.543772501458307 0.27093974105400775 -2.0307196522406868e-07 4.465486308082535e-06 -2.195496773642606e-05 1.1303003092552574e-05
78.95771021766289 -55.77734758366561 1.2421875 0.45324707 [78.95771021766289,-55.77734758366561] 7.897207744401594 0.011332045621437312 0.0418908824109818 1.7641541314230666e-05 [2488.271972656,139.6079101562] 34.66731754536656 32.358303153847345 8.329243577348683 7.602138875484955 0.0 0.0 21.730996521137172 4.394087170771854 4.688967171823583e-06 4.571988307071445e-06 -1.5894752943763288e-05 9.133909908588306e-06
78.9611511358938 -55.775173097646295 1.265625 0.6789551 [78.9611511358938,-55.775173097646295] 6.520090956571254 0.02677242653273486 0.01771087846496718 1.7621243051739823e-05 [2491.891113281,135.8198242188] 34.98975945021642 32.56700673211095 8.402664294937408 7.689042314841938 0.0 0.0 21.752854338503766 4.427530557329419 3.871304066217526e-06 4.443884230647345e-06 -1.690386593337842e-05 9.451136627047446e-06
78.96422578661658 -55.77334974593096 1.265625 0.6789551 [78.96422578661658,-55.77334974593096] 7.055311328131113 0.027642298325896826 0.01708395322954205 1.7549761818309544e-05 [2495.117675781,132.650390625] 34.98975945021642 32.56700673211095 8.402664294937408 7.689042314841938 0.0 0.0 21.772461708440687 4.455651490647142 4.189091166818306e-06 4.4911991285223835e-06 -1.658607883277764e-05 9.3577531199657e-06
78.95816810751818 -55.7745743972396 1.2421875 0.45324707 [78.95816810751818,-55.7745743972396] 7.7425019625894205 0.029821687792634947 0.01592919919055089 1.765366436404038e-05 [2488.912109375,134.6357421875] 34.66731754536656 32.358303153847345 8.329243577348683 7.602138875484955 0.0 0.0 21.73237977710778 4.435073338267102 4.597110612431077e-06 4.556596221451274e-06 -1.5986609503155794e-05 9.160343738934659e-06
79.18398263955594 -53.199913227209976 1.3515625 1.5356445 [79.18398263955594,-53.199913227209976] 15.940726255914434 0.38572926324491524 0.0019696322847606983 2.8234262309366174e-05 [2893.931640625,-4486.389648438] 32.83534941628675 29.170352606797135 8.26149158231673 7.480185511150415 0.0 0.0 22.268708411593025 42.39109765411604 9.464806362982774e-06 5.666700122158945e-06 -1.0031182658892927e-05 7.615474060971622e-06
79.17672739520103 -53.19226818731188 1.34375 1.4682617 [79.17672739520103,-53.19226818731188] 13.343221253483549 0.1990698854198643 0.0038632862794413954 2.8580588122178837e-05 [2886.631835938,-4500.4296875] 33.18517899264516 29.220815413858805 8.25546957760537 7.401343096877066 0.0 0.0 22.215092004885037 42.50260362832432 7.922537743586227e-06 5.258072592618475e-06 -1.1781162592511945e-05 8.013839973246414e-06
79.18079370014397 -53.19744874194057 1.34375 1.4682617 [79.18079370014397,-53.19744874194057] 13.926505286302989 0.654947863483973 0.001160769317111952 2.8252790733491814e-05 [2890.663085938,-4490.951171875] 33.18517899264516 29.220815413858805 8.25546957760537 7.401343096877066 0.0 0.0 22.245315088579105 42.42692276191792 8.268862643507733e-06 5.358174578798363e-06 -1.1434837692590437e-05 7.939264716211646e-06
78.56622295875165 -53.30804084905325 1.3125 1.1220703 [78.56622295875165,-53.30804084905325] 13.17345142228464 1.003529845680772 0.0006649365427310991 2.4798145132758654e-05 [2222.788085938,-4314.834960938] 31.310533747902262 27.942053456803645 7.922039258337906 7.039354317634546 0.0 0.0 17.861926059190523 40.681546167730176 7.82173690472998e-06 5.265592654451932e-06 -1.0768892799834397e-05 7.674227493239612e-06
77.0058672186001 -53.61562323935138 1.25 0.5270996 [77.0058672186001,-53.61562323935138] 0.535755067737309 2.9883059012229984 0.00017724395275283666 1.9683629524856768e-05 [541.1372070312,-3792.756835938] 28.732498189891288 29.960881456755246 7.375898301597818 7.377384427951776 0.0 0.0 6.8676139999925 35.56894469420786 3.1810457646112204e-07 4.520982095338831e-06 -1.6741816491512447e-05 9.2661001015739e-06
77.00104502666039 -53.61532967546402 1.25 0.5270996 [77.00104502666039,-53.61532967546402] 3.707407745743257 1.9596557745843133 0.0002708239824855185 1.97231199008602e-05 [535.9921875,-3793.322265625] 28.732498189891288 29.960881456755246 7.375898301597818 7.377384427951776 0.0 0.0 6.833150289241985 35.57109085508364 2.2012733835801935e-06 4.407716769007183e-06 -1.4858647684393374e-05 8.616552323498124e-06
78.97268663876754 -54.63136301880739 1.3203125 1.2016602 [78.97268663876754,-54.63136301880739] 12.716601503222467 1.2001735052769644 0.00040464041485770277 1.8047705499367634e-05 [2576.499511719,-1921.202636719] 32.46354784109846 28.55420824361283 7.663817561242164 7.057771848876957 0.0 0.0 21.228627489124847 21.266755103511287 7.55048226102995e-06 5.2145046952401935e-06 -1.1724749572113304e-05 7.821519227465707e-06
78.96302036116407 -54.64170468399577 1.3125 1.1357422 [78.96302036116407,-54.64170468399577] 8.424836607566546 0.7202860752504536 0.0006743182769308139 1.8050060138975602e-05 [2565.78515625,-1902.9609375] 32.673067927316616 28.66654658848802 7.56278445728632 7.01156486739893 0.0 0.0 21.166118100367157 21.11141300277677 5.002246814244149e-06 4.646181426965037e-06 -1.4397387572043414e-05 8.475324420278113e-06
76.07726278790672 -55.42150107277809 1.25 0.53637695 [76.07726278790672,-55.42150107277809] -7.508331819072379 0.9015742691752301 0.0005152922381482915 1.7264889869817332e-05 [-430.8486328125,-543.685546875] 33.75109549709224 34.39539942796889 7.55907644700857 8.126513152858278 0.0 0.0 1.9517518182049116 7.9711946278632695 -4.4580720875358676e-06 4.56519711968785e-06 -2.4497785353422627e-05 1.1694089077991123e-05
80.6380462695521 -55.532722356195336 1.3125 1.1367188 [80.6380462695521,-55.532722356195336] 9.891832310352083 2.112133789623982 0.0002525151602474879 1.982063593683133e-05 [4212.697265625,-219.0727539062] 33.77390704178802 31.860568448860203 8.042809008035038 7.726154883606184 0.0 0.0 32.98907335824265 8.492591624943543 5.873275526442334e-06 4.953807925076658e-06 -1.4179982094320099e-05 8.65080716296132e-06
77.26658612526437 -53.72831368672163 1.2890625 0.88183594 [77.26658612526437,-53.72831368672163] 3.2176027887106478 0.19350322978577533 0.002662943315902164 1.9149561933600376e-05 [817.318359375,-3587.501953125] 30.08428757670476 29.88209603276166 7.27023746442393 7.333234683157018 0.0 0.0 8.787787032059555 34.004878683745346 1.9104516857781443e-06 4.229654682811298e-06 -1.595209434321172e-05 8.827169635426424e-06
80.80075079474786 -53.784023129497626 1.2890625 0.85424805 [80.80075079474786,-53.784023129497626] 43.33436857590727 0.452218463934812 0.0013542459725579478 2.275907182120816e-05 [4570.533935547,-3350.012695312] 31.54186010537661 31.45868228233166 8.330667135948481 7.525741530882723 19.07956886291504 9.53978443145752 33.8678242817125 33.95928291986502 2.572978174572885e-05 1.1251930977281565e-05 7.001802014258613e-06 7.064262524933335e-06
80.61694347834677 -54.520061520531485 1.28125 0.78515625 [80.61694347834677,-54.520061520531485] 29.0017572262627 1.5409287325715493 0.000381265902390199 2.1833292009837642e-05 [4298.485351562,-2039.796875] 35.25074375822177 32.0981565812412 8.65943320385361 8.081231204906137 18.216140747070312 9.108070373535156 32.62928791805916 23.23531313241756 1.7219793623328014e-05 8.188351709177326e-06 -3.710335811577929e-06 6.8424373696279625e-06
76.77436066153598 -53.77873620276614 1.3046875 1.0336914 [76.77436066153598,-53.77873620276614] 6.927593291934021 2.0576640895750913 0.00024135494879431744 1.8456076837582135e-05 [292.8168945312,-3500.73046875] 28.738521075500277 30.87784391878406 7.206723276283399 7.63838463918137 0.0 0.0 5.333076793644068 33.01707361988338 4.113258581636222e-06 4.643203358718957e-06 -1.2950238574723804e-05 8.047068771084672e-06
81.0180359803267 -56.03722774261252 1.296875 0.94677734 [81.0180359803267,-56.03722774261252] 6.264565736445326 0.16820027523192255 0.0036804758077161226 2.30059076794854e-05 [4539.528076172,711.2446289062] 36.58998449673144 34.44187575542202 8.426187821661943 7.780087246276733 0.0 0.0 35.696639912285264 1.232523723022041 3.7195859643868067e-06 4.423545718754294e-06 -1.800571767148812e-05 9.788846927042742e-06
80.62661741279842 -55.38882068670562 1.3359375 1.394043 [80.62661741279842,-55.38882068670562] -28.63160244426463 2.7783222752130596 0.00019031224816445358 1.9649796800759156e-05 [4216.439208984,-478.3291015625] 33.63488393549129 31.309386341109306 8.157110684041411 7.502999618315186 0.0 0.0 32.87195371978419 10.585374977729998 -1.7000014218067607e-05 8.227518544610052e-06 -3.697072686817096e-05 1.6402262513772266e-05
76.42450722549117 -53.70158019290532 1.2890625 0.88793945 [76.42450722549117,-53.70158019290532] 1.5131308255832785 0.8923981451371729 0.0005751322466513426 1.9073705838087118e-05 [-79.44384765625,-3640.061523438] 27.73537740512736 30.349020506502445 7.559849320373063 7.8422139755482565 0.0 0.0 2.799103608559335 33.98721463664356 8.984214417892244e-07 4.2057556789998e-06 -1.556945915093972e-05 8.815329972735079e-06
76.39322648903665 -53.69622426619703 1.296875 0.93725586 [76.39322648903665,-53.69622426619703] 6.465539564295498 2.803444226343157 0.00018366006364059444 1.9134422269755397e-05 [-112.7905273438,-3649.65234375] 27.615173733681836 30.31168663071931 7.613030682718282 7.890982209756574 0.0 0.0 2.5733152821774183 34.050294494047876 3.838914176545494e-06 4.741028245208027e-06 -1.2557595485142631e-05 8.154949886677375e-06
76.95130918152745 -53.59556936478975 1.28125 0.84277344 [76.95130918152745,-53.59556936478975] 1.4930248017365113 1.0713280117390094 0.0004931229444527759 1.9632986766209035e-05 [483.11328125,-3829.23046875] 28.16585158815294 29.814551750149263 7.36879960245165 7.378993678117517 0.0 0.0 6.467041848752842 35.84317986230303 8.864834899428611e-07 4.220039757401538e-06 -1.5836991152968624e-05 8.843931736393216e-06
