data_processed/hvc_rms/hvc_rms_index_16_with_B.ecsv
# %ECSV 1.0
# ---
# datatype:
# - {name: ra_dec_obj.ra, unit: deg, datatype: float64}
# - {name: ra_dec_obj.dec, unit: deg, datatype: float64}
# - {name: 'H-alpha flux [Error]', unit: R, datatype: float32}
# - {name: H-alpha flux, unit: R, datatype: float32}
# - {name: ra_dec_deg, datatype: string, subtype: 'float64[2]'}
# - {name: RM, unit: rad / m2, datatype: float64}
# - {name: RM_uncert, unit: rad / m2, datatype: float64}
# - {name: pol_int, datatype: float64}
# - {name: pol_int_uncert, datatype: float64}
# - {name: ra_dec_pix_offsets, datatype: string, subtype: 'float64[2]'}
# - {name: interpolation_raw, unit: rad / m2, datatype: float64}
# - {name: interpolation_cor, unit: rad / m2, datatype: float64}
# - {name: interpolation_unc, unit: rad / m2, datatype: float64}
# - {name: pixel location x, datatype: float64}
# - {name: pixel location y, datatype: float64}
# - {name: 'B_virtual [raw]', unit: G, datatype: float64}
# - {name: 'B_virtual_unc [raw]', unit: G, datatype: float64}
# - {name: 'B_virtual [int]', unit: G, datatype: float64}
# - {name: 'B_virtual_unc [int]', unit: G, datatype: float64}
# - {name: 'B_virtual [cor]', unit: G, datatype: float64}
# - {name: 'B_virtual_unc [cor]', unit: G, datatype: float64}
# meta: !!omap
# - __serialized_columns__:
#     ra_dec_obj:
#       __class__: astropy.coordinates.sky_coordinate.SkyCoord
#       dec: !astropy.table.SerializedColumn
#         __class__: astropy.coordinates.angles.Latitude
#         unit: &id001 !astropy.units.Unit {unit: deg}
#         value: !astropy.table.SerializedColumn {name: ra_dec_obj.dec}
#       frame: icrs
#       ra: !astropy.table.SerializedColumn
#         __class__: astropy.coordinates.angles.Longitude
#         unit: *id001
#         value: !astropy.table.SerializedColumn {name: ra_dec_obj.ra}
#         wrap_angle: !astropy.coordinates.Angle
#           unit: *id001
#           value: 360.0
#       representation_type: spherical
# schema: astropy-2.0
ra_dec_obj.ra ra_dec_obj.dec "H-alpha flux [Error]" "H-alpha flux" ra_dec_deg RM RM_uncert pol_int pol_int_uncert ra_dec_pix_offsets interpolation_raw interpolation_cor interpolation_unc "pixel location x" "pixel location y" "B_virtual [raw]" "B_virtual_unc [raw]" "B_virtual [int]" "B_virtual_unc [int]" "B_virtual [cor]" "B_virtual_unc [cor]"
[from data line 257]
68.09519225655194 -72.54570772059985 1.296875 0.9370117 [68.09519225655194,-72.54570772059985] 7.638666488203347 2.58834093599828 0.00019219023814648172 1.8486790050065112e-05 [970.9575195312,408.701171875] 18.230495114367056 18.380951169823618 7.218690498032081 84.49508165099587 21.49298172235899 2.0844605092741442e-06 2.502733321447858e-06 -2.8903275887661614e-06 3.47798874006086e-06 -2.931384454707972e-06 3.49468301632365e-06
64.45058400744281 -71.12396259431199 1.3515625 1.5263672 [64.45058400744281,-71.12396259431199] 43.99656526359309 1.6767844434279875 0.00030613397883800906 1.907644634361773e-05 [-1074.83984375,-2148.2421875] 24.273228118018572 20.87579246190696 6.383857510699696 64.6276605082038 32.79665291286892 9.406713061794057e-06 4.519958370860467e-06 4.216960393109828e-06 2.8037808618928173e-06 4.943351241383513e-06 3.0363425853064784e-06
68.2491374485198 -73.97007761084065 1.3203125 1.237793 [68.2491374485198,-73.97007761084065] -17.00408922782988 1.875113490857517 0.0002862862494535486 1.9949717520234568e-05 [970.453125,2973.396484375] 19.04811848296552 19.499098657460856 7.0366263169881265 92.41125484630356 2.8434351018095185 -4.037178983431229e-06 2.7800118044122697e-06 -8.559659581067488e-06 5.213975070199586e-06 -8.66673310073809e-06 5.2654659319001665e-06
63.86348031347995 -71.91366591505054 1.328125 1.3095703 [63.86348031347995,-71.91366591505054] -15.178884706986327 1.939568667872053 0.00025969616457781065 1.871886010570243e-05 [-1359.21875,-715.9169921875] 17.900421067738176 15.34248253934593 6.671027529496373 67.25039581891997 20.97757455714509 -3.5036771905416e-06 2.4631556361356803e-06 -7.635555006785761e-06 4.543778652657047e-06 -7.045116970675607e-06 4.283324061493525e-06
58.89773150740833 -72.52667987855314 1.25 0.50439453 [58.89773150740833,-72.52667987855314] 19.60897420380367 2.699425861592464 0.00021900695978217493 2.1970403034351232e-05 [-3987.70703125,605.744140625] 19.636832126181478 18.580909055156567 6.916180500308562 55.81372963231752 0.7817311176675048 7.293203383711389e-06 9.48082054263841e-06 -1.0361250498743261e-08 3.795193919820092e-06 3.823702424645132e-07 3.824787645985609e-06
72.8752215032233 -71.7367860992402 1.40625 2.0332031 [72.8752215032233,-71.7367860992402] -29.457558392882444 2.3209836012985003 0.0002362906804141729 2.0381088182398436e-05 [3702.799560547,-859.173828125] 33.120197308607835 34.84371155639742 9.159394035649381 96.98559871844168 40.79675007275114 -5.457013110546789e-06 2.3809617809688134e-06 -1.1592530132237198e-05 4.6803471373100955e-06 -1.1911811171112251e-05 4.781622700417846e-06
60.3790925138599 -70.91568747499562 1.28125 0.8457031 [60.3790925138599,-70.91568747499562] -11.41405686709832 0.13987203072142942 0.004801306414395104 2.4957380851796943e-05 [-3476.446289062,-2368.266601562] 24.399014053594037 25.591965563455833 6.225013110183451 49.6631997526315 25.294299266947064 -3.2785340498634592e-06 3.2092413314234888e-06 -1.0286822101098733e-05 8.295720043236653e-06 -1.0629481349292249e-05 8.543398137088144e-06
63.068206545763935 -69.42498798675928 1.2734375 0.7441406 [63.068206545763935,-69.42498798675928] 31.971325115045516 2.681748748809219 0.00025184146314373727 2.5098861593514544e-05 [-2041.2421875,-5165.987304688] 31.662330744130003 29.091858038545055 7.242623518197899 49.989153127131885 52.214164714619756 9.789979078392771e-06 8.73010524836625e-06 9.461754918567464e-08 3.192801708709348e-06 8.817251813749284e-07 3.2806761374577967e-06
67.29023742867042 -70.16011033334406 1.390625 1.8920898 [67.29023742867042,-70.16011033334406] 26.919147942498483 3.24621376343054 0.0001732337500738028 2.0898654431842822e-05 [606.9208984375,-3893.938476562] 30.634822301440387 29.145165252265596 7.537309708236551 69.58162870486251 52.16622285659605 5.169387236748464e-06 2.4537245674691412e-06 -7.135351998531736e-07 2.0888941305516934e-06 -4.274706426247766e-07 2.0776804777070254e-06
71.59084315303315 -71.03684238910664 1.40625 2.0742188 [71.59084315303315,-71.03684238910664] -12.690013435269254 0.22187088159650883 0.0024992091983229983 2.060685061642023e-05 [3092.327880859,-2185.41796875] 36.75872106336939 34.5667624567287 10.259303404588097 89.451978854593 48.34205609175069 -2.3274664971201547e-06 1.5219462536548085e-06 -9.069357842498538e-06 3.912609185472591e-06 -8.66733224606763e-06 3.7988654379185615e-06
71.62616725199513 -71.03813916384973 1.40625 2.0742188 [71.62616725199513,-71.03813916384973] 5.592502801773108 2.0540993230531837 0.0002718700651880976 2.0753508821339913e-05 [3112.696289062,-2181.271484375] 36.75872106336939 34.5667624567287 10.259303404588097 89.58629111373602 48.384188793196245 1.0257170311578419e-06 1.3855183439269734e-06 -5.716174314220542e-06 3.0578013079821186e-06 -5.314148717789633e-06 2.967265844624891e-06
65.15015372893906 -69.56275947353552 1.3125 1.1137695 [65.15015372893906,-69.56275947353552] 44.10139685527977 1.844121341244555 0.00034870171404723256 2.3897489480351537e-05 [-720.623046875,-4966.27734375] 34.28505763270817 31.077376815575157 7.212365347632601 58.51282788038486 55.512583494518594 1.1038328465118436e-05 6.824301579175568e-06 2.456973801064501e-06 2.9472453875914407e-06 3.259838041101259e-06 3.2119936600570436e-06
65.49837481875367 -70.3810884410406 1.3203125 1.1953125 [65.49837481875367,-70.3810884410406] -10.79396548916021 1.2083857998410856 0.0004520410001090611 2.0299817959250537e-05 [-482.4672851562,-3498.215820312] 29.967596427557222 25.454514529599965 7.285364652999876 64.18805568631001 45.19762299839044 -2.6078879569768416e-06 2.2527990375888756e-06 -9.848242199488792e-06 6.034301813448419e-06 -8.75785406156557e-06 5.482721008555315e-06
61.401999873294436 -72.63034064085495 1.265625 0.6503906 [61.401999873294436,-72.63034064085495] 13.849567034422268 2.248695764262413 0.00023306571755902166 1.947680882023776e-05 [-2626.919921875,653.599609375] 21.60979229652395 16.445598944416968 6.82123134151525 63.9744349504042 5.8408869419349685 4.536257451729614e-06 5.0444315099609294e-06 -2.5417675213106483e-06 4.118174877750054e-06 -8.502987181745185e-07 3.3884013675867935e-06
72.93962071350586 -74.65666196264428 1.34375 1.4199219 [72.93962071350586,-74.65666196264428] 33.48908033440325 0.4659618294553829 0.0018777058578129141 3.2515213201571336e-05 [3157.056640625,4367.247558594] 19.030023197981 25.16222068971034 7.346964327808609 109.65756438267704 1.2068804156986062 7.423686620461814e-06 3.8992467883941115e-06 3.20520921853686e-06 2.730268176486235e-06 1.8458553032066019e-06 2.4210392181264467e-06
69.47341908473474 -73.2440185831254 1.2890625 0.9160156 [69.47341908473474,-73.2440185831254] 7.264183196116491 1.1861818302585576 0.00042574191526554493 1.876749807651206e-05 [1647.805664062,1694.585449219] 21.035393527407454 19.48684228955399 7.603265751431114 92.43703875314395 14.665317375554196 2.0048596787255516e-06 2.4211856106786977e-06 -3.800750005205574e-06 3.938522833532462e-06 -3.373361563395252e-06 3.7375288382523523e-06
69.42831396385496 -73.2519149562509 1.2890625 0.9160156 [69.42831396385496,-73.2519149562509] -42.956905548893545 1.6668664296690654 0.00030483155829365695 1.8882932010971217e-05 [1623.69140625,1707.551269531] 21.035393527407454 19.48684228955399 7.603265751431114 92.33424377176311 14.480502020851418 -1.1855781377297945e-05 8.641290743712123e-06 -1.766139106122907e-05 1.2857069480597888e-05 -1.7234002619418752e-05 1.2561837034640529e-05
61.82263561663795 -71.96569830249798 1.296875 0.9338379 [61.82263561663795,-71.96569830249798] 18.08826049017225 0.2506860447062305 0.0020883031973592246 1.945505284203914e-05 [-2490.580078125,-557.0327148438] 21.042975496008303 17.506728991292007 6.283420750044767 61.03170340453596 15.420404019947 4.944355535057032e-06 3.956153951372022e-06 -8.07659835591103e-07 2.6335641989341367e-06 1.5895936963428572e-07 2.5745374741834058e-06
61.82454730241438 -71.9615249645004 1.296875 0.9338379 [61.82454730241438,-71.9615249645004] 18.67060798389326 0.47566934496892543 0.0011075072622764525 1.95776450181033e-05 [-2490.075195312,-564.6030273438] 21.042975496008303 17.506728991292007 6.283420750044767 61.01144103085073 15.479149068642528 5.103537953702013e-06 4.055553405736315e-06 -6.484774169461223e-07 2.614236417434482e-06 3.1814178827926643e-07 2.5841220933627338e-06
62.75105666833876 -70.4060213464769 1.34375 1.4208984 [62.75105666833876,-70.4060213464769] 43.00807267773723 1.4148015034801729 0.00040092897023335464 2.1080050859558594e-05 [-2138.901367188,-3393.44140625] 29.75235167172047 26.34379413278763 6.64019888787779 54.57706110840786 38.23276749659044 9.530530966587411e-06 4.8527369012763115e-06 2.937449917342652e-06 2.5824086178935218e-06 3.6927816760943104e-06 2.798059976533527e-06
62.76917577006161 -70.40512824952015 1.3359375 1.3706055 [62.76917577006161,-70.40512824952015] 38.884605735550416 2.2044263988473287 0.0002580946510502786 2.1143813059576294e-05 [-2128.078125,-3395.688476562] 30.159301084725286 26.593445512400738 6.728657867335155 54.635148131362484 38.29068864722876 8.773443909541513e-06 4.6526893686626465e-06 1.9686703645213746e-06 2.449209978268877e-06 2.773226133096731e-06 2.6335665167041967e-06
69.53035754475913 -70.0612565312175 1.3515625 1.4794922 [69.53035754475913,-70.0612565312175] 27.148981906357214 3.0766202539733034 0.00020795461749034105 2.377667743241052e-05 [1983.843261719,-4023.439453125] 39.21719552639029 35.868487465787766 8.992860292677499 77.49915684647272 58.07517414805784 5.895842103707627e-06 3.2079927058710723e-06 -2.620808479041633e-06 2.8390096129487256e-06 -1.8935821673948467e-06 2.710800343479285e-06
68.56397287348108 -71.0271990003767 1.34375 1.4692383 [68.56397287348108,-71.0271990003767] 13.968219897214489 0.2892045054336888 0.001766069578690319 1.8981108306409983e-05 [1326.530273438,-2313.931640625] 27.566983751673735 27.19886563413108 7.40643846998109 78.48945929913123 42.92629690218678 3.043992512668356e-06 2.0841593941628914e-06 -2.9634796458762673e-06 2.6160568080593997e-06 -2.883258343389408e-06 2.596511233097029e-06
68.54802717678292 -71.02903758876145 1.34375 1.4692383 [68.54802717678292,-71.02903758876145] 13.707049283712339 2.0098875014936946 0.0002545524485129699 1.9013310103874544e-05 [1317.083007812,-2310.975585938] 27.566983751673735 27.19886563413108 7.40643846998109 78.44153926448382 42.86985921640439 2.987077501458654e-06 2.1111680129695912e-06 -3.020394657085969e-06 2.6656338666085912e-06 -2.94017335459911e-06 2.646079688972282e-06
71.94217699033717 -71.19506072420836 1.390625 1.8701172 [71.94217699033717,-71.19506072420836] -20.11689756189263 1.8096869976413104 0.0003082975341540954 2.0733958281259174e-05 [3270.397216797,-1883.274414062] 37.34002533010924 34.758361945318086 10.170599738896819 91.39850696722215 46.75175996544226 -3.885753329535681e-06 2.0395926823268063e-06 -1.1098303242116136e-05 4.882049351433621e-06 -1.059963255682142e-05 4.7170995058102416e-06
69.08412926995024 -72.76992799912473 1.3203125 1.215332 [69.08412926995024,-72.76992799912473] -0.6754666352472569 0.19732865613911144 0.002600525067323443 1.907040454074892e-05 [1485.728027344,832.1958007812] 16.312644331965455 19.117333079423222 6.945703524139976 88.83752190553639 20.326939429366348 -1.6184715286617497e-07 1.6802863640520105e-06 -4.070485867316842e-06 3.257003635455138e-06 -4.742511493402244e-06 3.52186439818764e-06
69.08578476457085 -72.77203380826838 1.3203125 1.215332 [69.08578476457085,-72.77203380826838] -1.9507821789501032 0.47604457303528414 0.0010761844719070677 1.9038952180654124e-05 [1486.43359375,836.0229492188] 16.312644331965455 19.117333079423222 6.945703524139976 88.85336387077143 20.30166967306468 -4.674228526618102e-07 1.7007148413554998e-06 -4.376061567112476e-06 3.3765825853479004e-06 -5.048087193197879e-06 3.6498321732479624e-06
73.8767317338266 -72.07868184125218 1.40625 2.0654297 [73.8767317338266,-72.07868184125218] -8.816879432339483 1.9886018246755581 0.00031486963339135587 2.3269514128240673e-05 [4186.279541016,-182.3247070312] 35.9360521734684 36.27428096843658 8.964839865146846 101.87444538576437 37.61052118600446 -1.6205346768778389e-06 1.4541421260145301e-06 -8.225549426608225e-06 3.5906851912098934e-06 -8.287715581331192e-06 3.6083657817065516e-06
73.30702981506548 -70.52357480844628 2.234375 10.402344 [73.30702981506548,-70.52357480844628] 55.92642716748491 0.6492084717064915 0.0009872262217348647 2.381823433479968e-05 [4196.806152344,-3000.274414062] 41.61903199614608 43.72257726224514 11.372226125095047 93.7538613526483 58.25765913541545 4.580365229247195e-06 8.622183080119477e-07 1.1717733222550627e-06 1.1072184299767992e-06 9.994933093349925e-07 1.1038968002895296e-06
73.31297295264476 -70.52132395981799 2.234375 10.402344 [73.31297295264476,-70.52132395981799] 53.66799481900031 1.8417072497692977 0.0003475250891723226 2.378567411076697e-05 [4200.812744141,-3003.881835938] 41.61903199614608 43.72257726224514 11.372226125095047 93.76773780818326 58.298286151510865 4.395399989636463e-06 8.548378919082338e-07 9.86808082644332e-07 1.1126624493289861e-06 8.145280697242616e-07 1.1099209627263292e-06
65.08430457575436 -72.678863419065 1.3046875 1.0751953 [65.08430457575436,-72.678863419065] 14.25105448082589 2.7087160817414113 0.0001834956652679668 1.84713228289258e-05 [-649.5688476562,640.453125] 16.863980670569042 14.213907546107428 6.559944679164276 75.60541514337774 13.634571226424441 3.63037889166466e-06 2.9350147606968985e-06 -6.656287853985928e-07 2.5720190476827258e-06 9.462980291976939e-09 2.5394155201098536e-06
68.12304722869507 -73.68550866769029 1.328125 1.2553711 [68.12304722869507,-73.68550866769029] 10.019160490802555 2.3990031524315643 0.0002177773161102489 1.9415660218736113e-05 [923.478515625,2459.619140625] 18.752188958943208 17.235318264749907 6.915767527838274 90.52825301720486 6.375332222310362 2.36207620902022e-06 2.1563267109571537e-06 -2.058862995180845e-06 2.6309899263485617e-06 -1.7012517779333429e-06 2.5563564145922783e-06
62.954349154715885 -71.59425330442006 1.3359375 1.3676758 [62.954349154715885,-71.59425330442006] 29.039166582986145 2.220800791741472 0.0002363794734879068 1.950868820528695e-05 [-1898.44921875,-1265.543945312] 21.32534123459003 19.238708608706204 6.4827834218899625 62.3801995016679 23.027971989741218 6.559053963600375e-06 3.655383355857524e-06 1.7423157300789095e-06 2.3757511018143427e-06 2.213621817885159e-06 2.470633011758164e-06
73.54621900077083 -73.0408477928759 1.328125 1.2631836 [73.54621900077083,-73.0408477928759] 27.527035642484595 0.528586032252802 0.0011825715210217126 2.3230138654534204e-05 [3796.292724609,1514.455566406] 24.421549170312147 29.773824008218554 8.020026499156005 104.62911447859199 23.94591262320023 6.469561433669064e-06 3.824715484929289e-06 7.298692011042289e-07 2.5350510401040037e-06 -5.280530584315678e-07 2.520767068933825e-06
73.58823391101441 -73.03900152551977 1.3515625 1.5297852 [73.58823391101441,-73.03900152551977] 20.417183240634373 1.042917917733848 0.0006068223892181764 2.351908534716956e-05 [3818.578369141,1513.81640625] 24.566450097543335 29.895376122872165 8.151481856981285 104.75965986488836 24.032155463016352 4.360429201606616e-06 2.479687437641355e-06 -8.861449767525423e-07 2.3398312415906566e-06 -2.024225797215578e-06 2.4795154555438375e-06
73.5566559048069 -73.03972622887207 1.328125 1.2631836 [73.5566559048069,-73.03972622887207] 22.818802307554236 1.2517342712727828 0.0005002611522679739 2.3271138195035098e-05 [3801.97265625,1513.110839844] 24.421549170312147 29.773824008218554 8.020026499156005 104.65880611649845 23.976390457328307 5.3630054935383755e-06 3.312843719548485e-06 -3.766867390264603e-07 2.5271375057100007e-06 -1.6346089985622569e-06 2.6657341916357535e-06
