data_processed/hvc_rms/hvc_rms_index_3_with_B.ecsv
# %ECSV 1.0
# ---
# datatype:
# - {name: ra_dec_obj.ra, unit: deg, datatype: float64}
# - {name: ra_dec_obj.dec, unit: deg, datatype: float64}
# - {name: 'H-alpha flux [Error]', unit: R, datatype: float32}
# - {name: H-alpha flux, unit: R, datatype: float32}
# - {name: ra_dec_deg, datatype: string, subtype: 'float64[2]'}
# - {name: RM, unit: rad / m2, datatype: float64}
# - {name: RM_uncert, unit: rad / m2, datatype: float64}
# - {name: pol_int, datatype: float64}
# - {name: pol_int_uncert, datatype: float64}
# - {name: ra_dec_pix_offsets, datatype: string, subtype: 'float64[2]'}
# - {name: interpolation_raw, unit: rad / m2, datatype: float64}
# - {name: interpolation_cor, unit: rad / m2, datatype: float64}
# - {name: interpolation_unc, unit: rad / m2, datatype: float64}
# - {name: interpolation_cor_unc, unit: rad / m2, datatype: float64}
# - {name: HI, unit: dex(1 / cm2), datatype: float64}
# - {name: 'HI [Error]', unit: dex(1 / cm2), datatype: float64}
# - {name: pixel location x, datatype: float64}
# - {name: pixel location y, datatype: float64}
# - {name: 'B_virtual [raw]', unit: G, datatype: float64}
# - {name: 'B_virtual_unc [raw]', unit: G, datatype: float64}
# - {name: 'B_virtual [int]', unit: G, datatype: float64}
# - {name: 'B_virtual_unc [int]', unit: G, datatype: float64}
# meta: !!omap
# - __serialized_columns__:
#     ra_dec_obj:
#       __class__: astropy.coordinates.sky_coordinate.SkyCoord
#       dec: !astropy.table.SerializedColumn
#         __class__: astropy.coordinates.angles.Latitude
#         unit: &id001 !astropy.units.Unit {unit: deg}
#         value: !astropy.table.SerializedColumn {name: ra_dec_obj.dec}
#       frame: icrs
#       ra: !astropy.table.SerializedColumn
#         __class__: astropy.coordinates.angles.Longitude
#         unit: *id001
#         value: !astropy.table.SerializedColumn {name: ra_dec_obj.ra}
#         wrap_angle: !astropy.coordinates.Angle
#           unit: *id001
#           value: 360.0
#       representation_type: spherical
# schema: astropy-2.0
ra_dec_obj.ra ra_dec_obj.dec "H-alpha flux [Error]" "H-alpha flux" ra_dec_deg RM RM_uncert pol_int pol_int_uncert ra_dec_pix_offsets interpolation_raw interpolation_cor interpolation_unc interpolation_cor_unc HI "HI [Error]" "pixel location x" "pixel location y" "B_virtual [raw]" "B_virtual_unc [raw]" "B_virtual [int]" "B_virtual_unc [int]"
[from data line 371]
357.91827378407635 -3.5462614445364586 0.3125 0.7468262 [357.91827378407635,-3.5462614445364586] -5.152737362886934 0.9449148627539335 0.0006406498280964389 2.249686992441132e-05 [-3738.109375,-2027.4765625] -8.465699654417906 -5.463706245923586 4.29956502362478 4.211443184790597 18.312664031982422 9.156332015991211 69.82452897291296 40.19114440041767 -1.0305474328405413e-06 1.4164514423677334e-06 6.625924327573139e-07 1.6551601177418729e-06
357.6426694990152 -4.364016436348896 0.27929688 0.40307617 [357.6426694990152,-4.364016436348896] 27.183774276209313 1.1952124730428573 0.0005385660713869517 2.392174243980959e-05 [-4228.69921875,-554.0903320312] -4.656586155096838 -3.6463821483219094 4.14662823957782 3.8806922933983827 0.0 0.0 63.0220983144153 57.21687431770306 5.436754645606215e-06 1.520764323185344e-06 6.368071840714953e-06 1.7636455048955271e-06
358.4131777389091 -4.426175188387829 0.28320312 0.46032715 [358.4131777389091,-4.426175188387829] -6.496265556970592 1.1939779325847326 0.0004594843313061994 2.038805091860263e-05 [-2846.397460938,-446.0859375] -5.350910087090782 -3.468402978898869 3.483324770587329 3.994090221375259 17.129077911376953 8.564538955688477 57.71744759252465 40.40067372539215 -1.2992530612962613e-06 1.4261499778501648e-06 -2.2907108514321722e-07 1.582052443189793e-06
0.4843732416634764 -7.0704393514768 0.28515625 0.42053223 [0.4843732416634764,-7.0704393514768] 3.9553300213629985 0.5040000358312964 0.00149024775477988 2.7912436410202057e-05 [866.2314453125,4309.417602539] 0.8853182035415424 -0.6934939274352709 3.5879815847800196 3.7977300842833794 0.0 0.0 17.93966738023437 26.11659004243802 7.910659737699121e-07 1.405851465252724e-06 6.140023398889947e-07 1.5776168457822234e-06
0.4812241083043967 -7.064066387135809 0.28515625 0.42053223 [0.4812241083043967,-7.064066387135809] -11.214349461895178 0.933281503153788 0.000799174506340055 2.771806974260641e-05 [860.6181640625,4297.952392578] 0.8853182035415424 -0.6934939274352709 3.5879815847800196 3.7977300842833794 0.0 0.0 18.024743362056142 26.106136025219712 -2.2428698058962907e-06 1.4300856838355846e-06 -2.4199334397772084e-06 1.6026058857941124e-06
359.39706423632 -5.893412148848421 0.28515625 0.41882324 [359.39706423632,-5.893412148848421] 8.47407416905273 1.575077031772243 0.00034257317092898764 2.005228411239322e-05 [-1078.528320312,2192.022705078] -1.4787886235732723 -2.8991803046633473 4.298441607987064 3.952489241266953 18.36732292175293 9.183661460876465 36.59807944537636 36.94908314506847 1.694814768460238e-06 1.4449769943757156e-06 1.99057248177078e-06 1.6846133927557334e-06
0.41767919771382644 -6.0859704001179695 1.234375 9.890625 [0.41767919771382644,-6.0859704001179695] -32.16344120017182 0.46014587648947525 0.0012065778034201487 2.063286655440486e-05 [748.5786132812,2538.295410156] -0.32594375304089884 0.19193610834570807 3.8065929799294684 3.6688125325086727 0.0 0.0 28.707606556567157 13.861028885241467 -6.432687991996554e-06 1.543458423625574e-06 -6.3674992439019846e-06 1.7185824346684693e-06
357.8344118180973 -2.3894588299695756 0.24804688 0.1000061 [357.8344118180973,-2.3894588299695756] -29.822106655999015 3.0320160468115747 0.00025375715146846734 2.859291868210695e-05 [-3892.7421875,-4108.298828125] -10.165535447523617 -10.003055122796207 3.752590943530127 3.58771852213 0.0 0.0 82.42678433577532 27.645326952422693 -5.964421101217882e-06 1.6381293636571685e-06 -3.931314090107666e-06 1.7451517021011886e-06
359.32894919742984 -5.576003930743717 0.26171875 0.21264648 [359.32894919742984,-5.576003930743717] 0.41545532740484614 3.26025850403447 0.00016269823339648442 1.9712584903692134e-05 [-1201.1484375,1620.896972656] -1.1888118741033935 -2.789644731296308 4.385833030932918 4.281205508809155 18.974273681640625 9.487136840820312 40.313788889798616 34.182206520548334 8.309106227706363e-08 1.544422312006011e-06 3.2085342792987087e-07 1.776407020176288e-06
359.83361807534936 -5.35454376469963 0.2734375 0.33337402 [359.83361807534936,-5.35454376469963] 3.2810662102993042 2.8835160726482894 0.00018445199502595765 1.976580181678383e-05 [-297.1801757812,1221.768066406] -1.5220823805859225 -0.25793810473963097 4.3027910165200876 3.74278747597322 0.0 0.0 39.73532140508644 18.70244198054661 6.562132167569564e-07 1.515550255875663e-06 9.606296811361565e-07 1.7442404872953735e-06
359.60940550678384 -6.230322422300004 0.2890625 0.45666504 [359.60940550678384,-6.230322422300004] 9.998659204180218 1.3983106651893056 0.0003944303029904608 2.0496638734114216e-05 [-697.912109375,2798.014160156] -0.7710607287522884 -2.0418907332915923 3.94658322662309 3.9216635065461567 19.08580207824707 9.542901039123535 31.831227270696445 36.4526223414623 1.9997317637284507e-06 1.441596343279204e-06 2.1539439035326473e-06 1.6454866169910716e-06
358.6141357319397 -5.771601148290394 0.27929688 0.41674805 [358.6141357319397,-5.771601148290394] -10.20387572545535 1.6581577060173807 0.000341617876593155 2.1051116060239102e-05 [-2480.66796875,1974.791503906] -2.181629028554726 -4.7500558274602325 4.4949133675565225 4.452803623238438 0.0 0.0 42.56545668928845 54.2881110258686 -2.0407750664008897e-06 1.453143813316364e-06 -1.6044492775142163e-06 1.7040808887944606e-06
358.55233771120106 -6.145623247700208 0.28515625 0.4868164 [358.55233771120106,-6.145623247700208] -3.238306204899741 1.8111889918810153 0.00032324204505010227 2.175706548303864e-05 [-2589.541015625,2648.082763672] -1.4295257073885639 -3.7464211184753586 3.906853229509305 4.304509574018386 0.0 0.0 39.10272164454943 61.22706123856733 -6.476612160068001e-07 1.4475533534908181e-06 -3.6175608555329406e-07 1.6440999893439243e-06
358.87780783343453 -6.128238657321985 0.28710938 0.51000977 [358.87780783343453,-6.128238657321985] -0.9068339787019399 1.437575595500176 0.00039013381226131195 2.0842652424269447e-05 [-2007.274414062,2615.735839844] -1.8341161828315504 -4.014359444089205 3.9346882812613564 4.288107374445886 0.0 0.0 37.2780063632041 53.080431196825884 -1.813667887470718e-07 1.4293333149612195e-06 1.8545643367491342e-07 1.6316493355173157e-06
358.86627172515017 -3.5504623584541806 0.26171875 0.25012207 [358.86627172515017,-3.5504623584541806] -2.347593851698149 0.8374929048571013 0.0006565255420450014 2.043343904086375e-05 [-2035.661132812,-2023.812011719] -6.342156531749056 -5.886743687351388 3.76375903772544 4.094062003337743 0.0 0.0 64.28328332449041 18.609744408251572 -4.695187522354713e-07 1.4107657848065252e-06 7.989125052049395e-07 1.6003354249543085e-06
358.8661499983111 -3.555723595338313 0.25195312 0.16009521 [358.8661499983111,-3.555723595338313] -5.027172039303569 1.6836112928745057 0.0003278579745010708 2.0513335581327028e-05 [-2035.868164062,-2014.343261719] -6.336741257698976 -5.748884155858718 3.791199396642076 4.100373669445451 0.0 0.0 64.22832386134917 18.678016923518044 -1.0054343690922023e-06 1.4434301856230829e-06 2.619138335799544e-07 1.6275734632435358e-06
358.19827285991 -4.337282148376591 0.26757812 0.29333496 [358.19827285991,-4.337282148376591] -1.4664556593555766 0.6007612913046205 0.0009404716893262792 2.0996957634296148e-05 [-3232.288085938,-605.1611328125] -6.374221576524345 -3.8857303207509086 3.444901152046125 3.923649109449123 18.022003173828125 9.011001586914062 59.9241179907018 44.184107022645094 -2.932911205621124e-07 1.4054524572500828e-06 9.815531455860776e-07 1.5680448330868418e-06
358.7151486617859 -4.0841237115539935 0.28125 0.44677734 [358.7151486617859,-4.0841237115539935] -3.11519062759374 0.0502931394779755 0.010920656354304774 2.0411089686624086e-05 [-2305.666015625,-1062.8671875] -6.511258260989582 -3.8443962431389016 3.9090236349405343 3.9677078468471674 0.0 0.0 59.52358749322855 28.886491900593683 -6.230381014950419e-07 1.4014217027839106e-06 6.792135004893967e-07 1.6049713137518308e-06
