data_processed/hvc_rms/hvc_rms_index_5.ecsv
# %ECSV 1.0
# ---
# datatype:
# - {name: ra_dec_obj.ra, unit: deg, datatype: float64}
# - {name: ra_dec_obj.dec, unit: deg, datatype: float64}
# - {name: 'H-alpha flux [Error]', unit: R, datatype: float32}
# - {name: H-alpha flux, unit: R, datatype: float32}
# - {name: ra_dec_deg, datatype: string, subtype: 'float64[2]'}
# - {name: RM, unit: rad / m2, datatype: float64}
# - {name: RM_uncert, unit: rad / m2, datatype: float64}
# - {name: pol_int, datatype: float64}
# - {name: pol_int_uncert, datatype: float64}
# - {name: ra_dec_pix_offsets, datatype: string, subtype: 'float64[2]'}
# - {name: interpolation_raw, unit: rad / m2, datatype: float64}
# - {name: interpolation_cor, unit: rad / m2, datatype: float64}
# - {name: interpolation_unc, unit: rad / m2, datatype: float64}
# - {name: interpolation_cor_unc, unit: rad / m2, datatype: float64}
# - {name: pixel location x, datatype: float64}
# - {name: pixel location y, datatype: float64}
# meta: !!omap
# - __serialized_columns__:
#     ra_dec_obj:
#       __class__: astropy.coordinates.sky_coordinate.SkyCoord
#       dec: !astropy.table.SerializedColumn
#         __class__: astropy.coordinates.angles.Latitude
#         unit: &id001 !astropy.units.Unit {unit: deg}
#         value: !astropy.table.SerializedColumn {name: ra_dec_obj.dec}
#       frame: icrs
#       ra: !astropy.table.SerializedColumn
#         __class__: astropy.coordinates.angles.Longitude
#         unit: *id001
#         value: !astropy.table.SerializedColumn {name: ra_dec_obj.ra}
#         wrap_angle: !astropy.coordinates.Angle
#           unit: *id001
#           value: 360.0
#       representation_type: spherical
# schema: astropy-2.0
ra_dec_obj.ra ra_dec_obj.dec "H-alpha flux [Error]" "H-alpha flux" ra_dec_deg RM RM_uncert pol_int pol_int_uncert ra_dec_pix_offsets interpolation_raw interpolation_cor interpolation_unc interpolation_cor_unc "pixel location x" "pixel location y"
[from data line 198]
151.616577179111 -6.779421363120398 0.33984375 0.9926758 [151.616577179111,-6.779421363120398] -0.816873154637015 1.0803125374776221 0.0007666870726809144 3.078054179907792e-05 [2090.011230469,-4612.131835938] -3.7526965005614503 -0.3794160534352715 5.025960862704894 5.2444484750301275 34.67677188230846 47.962749321113506
152.1527404993393 -7.513312068993764 0.34179688 1.0063477 [152.1527404993393,-7.513312068993764] -0.9739167169896408 1.1847515372077995 0.0005171741213026688 2.2770510602115047e-05 [3043.162841797,-3288.219726562] -1.390966425195783 -0.28469846438671365 5.5618700982946425 5.537186274610567 33.42099179933348 34.328018416172654
152.15516664945218 -7.514150485414261 0.34179688 1.0063477 [152.15516664945218,-7.514150485414261] 1.1497088592842286 1.8826324823523937 0.0003260969816053123 2.2815029239830474e-05 [3047.484619141,-3286.690429688] -1.390966425195783 -0.28469846438671365 5.5618700982946425 5.537186274610567 33.43526389851331 34.293930856107636
153.27986146689935 -7.179900305604002 0.3359375 0.94750977 [153.27986146689935,-7.179900305604002] 0.21396040026308558 1.9683373899631422 0.00044156396488739954 3.229995146552449e-05 [5056.745117188,-3875.051757812] -4.55153338773483 -4.026960512096403 5.386714137359453 5.863739637170913 45.935897864593926 26.36300637668296
152.95123284881998 -9.055833901487949 0.3203125 0.77612305 [152.95123284881998,-9.055833901487949] -20.234903463687242 2.5228661083077037 0.0002664027537935787 2.4977077163448457e-05 [4449.662353516,-503.8061523438] -4.820268105642112 -6.257357085658563 5.888395773300375 5.802415974763244 27.508795963071407 9.265065154571857
152.04402164020215 -8.684284294646273 0.34960938 1.0874023 [152.04402164020215,-8.684284294646273] -3.3107605291822733 0.9807383258758822 0.0005849518694840102 2.131974391086774e-05 [2840.958007812,-1181.931152344] -3.6668743073246124 -3.367171081188219 5.767631759563369 5.69931474519635 22.85437222650353 22.6027643356922
152.9857635829748 -9.455697126184184 0.36523438 1.2441406 [152.9857635829748,-9.455697126184184] -28.878109316400593 1.268926233412378 0.0005619874741174915 2.650157683015464e-05 [4505.857177734,216.365234375] -6.98347505785808 -8.584196883463646 6.268664062309126 6.243613626086936 24.440667850683894 4.622478911352573
151.59164435361438 -7.925550295910384 0.359375 1.1772461 [151.59164435361438,-7.925550295910384] -5.267095510510263 2.2059851506494694 0.00025863043313583897 2.1202687624573812e-05 [2040.184570312,-2550.536132812] -2.4605006632954898 -1.101945631565489 5.772570216722725 5.613408962836533 25.165653752203525 35.47716184948604
149.7843320567701 -8.277157759794889 0.35742188 1.1665039 [149.7843320567701,-8.277157759794889] -4.878486310641652 0.8322641688530079 0.0006542585073446417 2.0235748781454374e-05 [-1180.708984375,-1919.987304688] -2.587233169253873 -2.6926694619185145 5.858162316573787 5.493308444908973 6.4531725779379485 49.510920312680355
149.79745485909942 -8.28083709057497 0.35742188 1.1665039 [149.79745485909942,-8.28083709057497] -3.6370096240061587 0.8948278376793607 0.0006100385424296849 2.028642240937592e-05 [-1157.324707031,-1913.409179688] -2.587233169253873 -2.6926694619185145 5.858162316573787 5.493308444908973 6.53973061475449 49.34320012592343
149.7940676386929 -8.283257532542201 0.35742188 1.1665039 [149.7940676386929,-8.283257532542201] -4.727554407383448 0.7901979189019933 0.0006895872109057376 2.0250408256595615e-05 [-1163.350585938,-1909.041992188] -2.587233169253873 -2.6926694619185145 5.858162316573787 5.493308444908973 6.490393235607144 49.349604118141315
149.78817744535465 -8.277969343533925 0.35742188 1.1665039 [149.78817744535465,-8.277969343533925] -1.1988158804169935 1.31568560582236 0.00041327466850752455 2.020689630019838e-05 [-1173.857421875,-1918.539550781] -2.587233169253873 -2.6926694619185145 5.858162316573787 5.493308444908973 6.480674607741548 49.46469460199205
151.88514715889738 -9.641280303417666 0.34375 1.0366211 [151.88514715889738,-9.641280303417666] -19.943235207314387 0.7257417318832112 0.0007724609020493462 2.0833743208855463e-05 [2551.480957031,539.4038085938] -3.5520662930303177 -7.790725955983522 5.746550629007086 6.09558985477242 13.556552178077254 13.922882457378591
152.80076596671358 -8.963021194450418 0.32226562 0.8066406 [152.80076596671358,-8.963021194450418] -14.328147113372427 0.6742367538432905 0.000930338525811404 2.3311065885750863e-05 [4183.512207031,-672.7026367188] -4.42343536822606 -5.64111094209013 5.7093448836053575 5.809932356827508 27.008653619419192 11.822894385046766
150.18881212955375 -7.922158040754395 0.36328125 1.2265625 [150.18881212955375,-7.922158040754395] 10.999133538932945 2.82292847574367 0.00019290587078315828 2.023736770336983e-05 [-460.6606445312,-2559.776367188] -1.0585489990355132 -1.6636951940694051 5.339056356471322 5.313205635675439 12.874801558193667 49.463541300060115
150.18879701288824 -7.92006482646661 0.36328125 1.2265625 [150.18879701288824,-7.92006482646661] -3.5918447978878696 2.234640340359666 0.0002442836572663238 2.0286669363566414e-05 [-460.6899414062,-2563.54296875] -1.0585489990355132 -1.6636951940694051 5.339056356471322 5.313205635675439 12.891452749423024 49.48673656642154
152.94714350110053 -7.706419727673965 0.33203125 0.9135742 [152.94714350110053,-7.706419727673965] -2.5730142739943105 0.08282116564281182 0.008648029399330506 2.6617496098196505e-05 [4457.838867188,-2932.348632812] -2.8441712907214742 -1.27576833612155 5.231128300771311 5.571594921616116 38.71364987211541 24.002900748660295
152.9332885411184 -7.67670769488112 0.33789062 0.98046875 [152.9332885411184,-7.67670769488112] -12.828984684530415 0.15166188958512916 0.0046811834060175896 2.638401120084282e-05 [4433.458984375,-2985.981445312] -2.4441959651332437 -0.9740786831843535 5.211965449555656 5.583831190109077 38.83999904149687 24.47472430248581
152.93449396536454 -7.682074379068423 0.33789062 0.98046875 [152.93449396536454,-7.682074379068423] -13.318493512375344 0.0913177631820579 0.007762379949704616 2.6342613789701688e-05 [4435.551269531,-2976.310546875] -2.4441959651332437 -0.9740786831843535 5.211965449555656 5.583831190109077 38.806012094059724 24.402977158484646
152.9436034840214 -7.699900941481943 0.33203125 0.9135742 [152.9436034840214,-7.699900941481943] -5.974468769039969 0.23072831576343175 0.0030956780234493685 2.6543939763582216e-05 [4451.598876953,-2944.122070312] -2.8441712907214742 -1.27576833612155 5.231128300771311 5.571594921616116 38.73707604029505 24.111607539569604
152.94459531220295 -7.70361195573528 0.33203125 0.9135742 [152.94459531220295,-7.70361195573528] -6.7777259575547095 0.11382651977445356 0.006288277361377559 2.6600135561596744e-05 [4453.327392578,-2937.432617188] -2.8441712907214742 -1.27576833612155 5.231128300771311 5.571594921616116 38.714924390324086 24.060365040510987
152.93632501074987 -7.682732453259413 0.33789062 0.98046875 [152.93632501074987,-7.682732453259413] -13.326292425636135 0.12123474598986766 0.005861828307756119 2.6410030568746762e-05 [4438.807617188,-2975.103515625] -2.4441959651332437 -0.9740786831843535 5.211965449555656 5.583831190109077 38.816350266061136 24.37667865478852
150.39854427393686 -9.012593346560697 0.35546875 1.1503906 [150.39854427393686,-9.012593346560697] 0.08603404816839977 0.4098294892986809 0.001338951915311911 2.0392801356850317e-05 [-86.4990234375,-597.416015625] -3.228618065791625 -5.273948945408479 6.060770537241353 5.2090721106986795 5.9123859816183995 35.5094977530141
152.98165899505227 -7.986675731508793 0.34960938 1.0825195 [152.98165899505227,-7.986675731508793] -11.343190001130202 0.5706085010982874 0.001299834796380508 2.7563546732703368e-05 [4516.301513672,-2427.6328125] -5.83080338567349 -3.885741200383877 5.67224810009358 5.758298610237156 36.68819333654801 20.56143898600976
151.8314209233699 -7.128103637507072 0.3359375 0.9440918 [151.8314209233699,-7.128103637507072] 54.677924862389006 1.7132299221372975 0.0004007307617303784 2.551391098463031e-05 [2472.095703125,-3983.666015625] -4.572713671313382 -1.6751062602479916 6.02824526103076 6.246404926751687 33.74890139939316 41.88381844459241
149.48785427737326 -8.484806005261575 0.3828125 1.4160156 [149.48785427737326,-8.484806005261575] 1.1392741577249412 1.3654593511651338 0.0004016392629339183 2.03809132565135e-05 [-1707.84375,-1545.060058594] -2.8580271641945556 -3.8771508000221413 6.307253467870856 5.546615348095644 2.168745256769398 50.11126850461005
153.286315892216 -8.556588283625185 0.31054688 0.6904297 [153.286315892216,-8.556588283625185] -24.550735811496295 1.0446647073220596 0.0008106198331171936 3.147044262941469e-05 [5051.458862305,-1397.87109375] -6.509767517168877 -4.399257850733164 5.922800845794066 5.698988114521729 34.53700402909453 11.166300324164695
152.49893194406317 -7.915358197886344 0.32617188 0.8479004 [152.49893194406317,-7.915358197886344] -12.535950364313585 1.0431470299832208 0.0006105101150819811 2.3667211557554954e-05 [3657.147705078,-2561.553710938] -2.0697901347225676 -1.6426964569122982 5.739234847742528 5.6815903625587065 33.12218747307088 26.340293302951977
152.50224302357293 -7.916891812994563 0.32617188 0.8479004 [152.50224302357293,-7.916891812994563] -11.459481557248168 1.348861444157657 0.0004717727018840235 2.364878603100869e-05 [3663.033447266,-2558.759765625] -2.0697901347225676 -1.6426964569122982 5.739234847742528 5.6815903625587065 33.13813554820604 26.289348052491732
152.7962188956396 -7.448862972219308 0.33789062 0.96484375 [152.7962188956396,-7.448862972219308] -10.330563457904926 0.04077659842844177 0.016435983298544815 2.4906654060126055e-05 [4191.374267578,-3397.5703125] -0.7076160524283963 -0.42314457295762686 5.610745972640708 5.853594339996834 39.53626893082719 28.417567902424707
152.6015014098148 -7.376615305460613 0.36132812 1.1953125 [152.6015014098148,-7.376615305460613] -8.56018841102177 2.9900193427214905 0.00021487187539082848 2.3876038764971725e-05 [3844.739501953,-3529.756835938] -0.26746052443820134 -0.4599383741962626 5.64997394975354 5.766074824440686 38.44256198498192 31.233587390328466
152.99673465702955 -7.906853017053989 0.34765625 1.0786133 [152.99673465702955,-7.906853017053989] -10.37444517529722 1.691044370149213 0.0004399050051219958 2.7645382892537816e-05 [4544.031494141,-2571.07421875] -5.499531487730329 -3.4031259630724584 5.41730931084522 5.610897788565756 37.47993797713616 21.280832638721222
152.00784304892176 -7.695714323305995 0.41015625 1.6953125 [152.00784304892176,-7.695714323305995] -48.23801272674693 1.4096030665502706 0.0004251959088840363 2.2273815411686674e-05 [2783.508789062,-2961.24609375] -2.9602281869688927 -0.6462791637643255 5.926778077748083 5.644034117707077 30.66810055578935 33.789491292877756
149.9597778659421 -8.25529086657349 0.36328125 1.2192383 [149.9597778659421,-8.25529086657349] -7.734152070132373 3.005983459640616 0.00018239939108688773 2.0375987892380883e-05 [-868.2602539062,-1959.850585938] -2.5279171099134334 -2.9347744008732004 5.585386532982774 5.3913538582980625 8.178762946896768 48.04355149542289
151.85327157630687 -9.29642666082111 0.44140625 2.0097656 [151.85327157630687,-9.29642666082111] -8.054729647330735 0.6020544922630965 0.0009435212505061459 2.1110386780917203e-05 [2497.4375,-81.55322265625] -3.3175566642776086 -7.358760786834915 5.7719828131736355 5.749964829079124 16.14985122986286 17.93562928264282
151.8552703904147 -9.301310603298129 0.44140625 2.0097656 [151.8552703904147,-9.301310603298129] -9.839561005439155 1.9801301706952406 0.00028678500894743655 2.110371387289491e-05 [2500.952148438,-72.748046875] -3.3175566642776086 -7.358760786834915 5.7719828131736355 5.749964829079124 16.12644799172199 17.862966588299514
152.17953487596387 -8.492958031756572 0.33398438 0.9230957 [152.17953487596387,-8.492958031756572] -4.765234599821511 1.5838432310369694 0.0003738825660277763 2.2006760179062777e-05 [3083.537841797,-1525.147460938] -3.65656223710861 -2.445224327640183 6.067755011360564 5.9466651649142985 25.601266964952174 23.299174302278516
152.78816219327766 -9.41688047377537 0.3359375 0.9472656 [152.78816219327766,-9.41688047377537] -18.49610714066118 0.09823797154000018 0.006528243966398959 2.3833315690016348e-05 [4155.793212891,144.072265625] -6.218465455716881 -7.923675127422495 5.919356133446322 5.90088959499718 23.09838447468246 7.082372194680374
152.77580258926068 -9.4167519623333 0.3359375 0.9472656 [152.77580258926068,-9.4167519623333] -19.595684268219138 0.8756389472881875 0.0007323816816331924 2.383259026208177e-05 [4133.865478516,143.6958007812] -6.218465455716881 -7.923675127422495 5.919356133446322 5.90088959499718 22.99493738911133 7.211395422365058
152.78376769227538 -9.416238877696385 0.3359375 0.9472656 [152.78376769227538,-9.416238877696385] -18.58115222200401 0.3649308889656517 0.001768437523938479 2.3983306061548034e-05 [4148.00390625,142.8657226562] -6.218465455716881 -7.923675127422495 5.919356133446322 5.90088959499718 23.066609172668905 7.134619669153608
151.84744259674383 -10.511274338234296 0.3515625 1.0981445 [151.84744259674383,-10.511274338234296] -15.422499139829677 0.38136434538409614 0.0014917385234220798 2.114177740246438e-05 [2477.899414062,2104.968261719] -10.212751053946462 -13.24685375833839 5.800086921109359 5.905949129805165 5.966803913728427 5.093482037321564
152.50045780165107 -7.209455437527708 0.32617188 0.857666 [152.50045780165107,-7.209455437527708] 8.21672457858312 0.9995225103626555 0.0006765792149605133 2.5131588168633905e-05 [3665.855957031,-3831.522460938] -1.2894973952118296 -1.2784679531374277 5.730393083827824 5.669264574448121 38.93431042339739 34.13426328097785
152.70814512874057 -7.473211372409856 0.3359375 0.95703125 [152.70814512874057,-7.473211372409856] 5.981018234580986 2.2933150553786317 0.00028322358991042117 2.4138031436690506e-05 [4034.08203125,-3354.793945312] 0.023450749349092005 -0.007218224600121115 5.583346731814687 5.801050524705017 38.57332720212412 29.060043103699172
151.08358752184756 -9.135636327709184 0.28125 0.40026855 [151.08358752184756,-9.135636327709184] 2.75679841734328 2.5879820254442216 0.0002111736554013845 2.0309989384971487e-05 [1130.944335938,-374.9291992188] -4.766452578608413 -6.076124192003656 5.69073218700249 5.474370033338723 10.855332299724523 27.399901734382183
151.41488652408194 -9.537452678692068 0.30273438 0.61206055 [151.41488652408194,-9.537452678692068] -20.414233188044683 1.3831979261943026 0.0003951718204984769 2.0313230658721717e-05 [1717.679199219,349.6733398438] -5.676379237952854 -8.229349222489542 4.90353381736815 5.1080021415924275 10.398101428806058 19.77236807301756
151.12956248480398 -8.430842419197743 0.33984375 0.9873047 [151.12956248480398,-8.430842419197743] -53.77021909119199 1.6011928425226363 0.0003405801908378721 2.026617216575545e-05 [1214.94921875,-1643.334472656] -3.1160810568627686 -3.4679032473281644 5.8198454590318915 5.533538540324695 17.018670118747423 34.58242156659162
151.86540235449647 -7.277281860326835 0.29492188 0.5307617 [151.86540235449647,-7.277281860326835] -4.079254370875426 1.6714473329881365 0.0003876573397642132 2.407960790608257e-05 [2531.938476562,-3715.09375] -3.639320848029876 -1.0669587524220883 6.020113473002276 6.126982008259767 32.835647769664774 39.87658244577301
151.8522034941477 -7.270664266443127 0.29492188 0.5307617 [151.8522034941477,-7.270664266443127] -1.2167405283876584 0.7800851063650648 0.0008302325590340031 2.4068579000533517e-05 [2508.416015625,-3727.091796875] -3.639320848029876 -1.0669587524220883 6.020113473002276 6.126982008259767 32.773817231638986 40.084294166858854
