data_processed/hvc_rms/hvc_rms_index_7_with_B.ecsv
# %ECSV 1.0
# ---
# datatype:
# - {name: ra_dec_obj.ra, unit: deg, datatype: float64}
# - {name: ra_dec_obj.dec, unit: deg, datatype: float64}
# - {name: 'H-alpha flux [Error]', unit: R, datatype: float32}
# - {name: H-alpha flux, unit: R, datatype: float32}
# - {name: ra_dec_deg, datatype: string, subtype: 'float64[2]'}
# - {name: RM, unit: rad / m2, datatype: float64}
# - {name: RM_uncert, unit: rad / m2, datatype: float64}
# - {name: pol_int, datatype: float64}
# - {name: pol_int_uncert, datatype: float64}
# - {name: ra_dec_pix_offsets, datatype: string, subtype: 'float64[2]'}
# - {name: interpolation_raw, unit: rad / m2, datatype: float64}
# - {name: interpolation_cor, unit: rad / m2, datatype: float64}
# - {name: interpolation_unc, unit: rad / m2, datatype: float64}
# - {name: interpolation_cor_unc, unit: rad / m2, datatype: float64}
# - {name: HI, unit: dex(1 / cm2), datatype: float64}
# - {name: 'HI [Error]', unit: dex(1 / cm2), datatype: float64}
# - {name: pixel location x, datatype: float64}
# - {name: pixel location y, datatype: float64}
# - {name: 'B_virtual [raw]', unit: G, datatype: float64}
# - {name: 'B_virtual_unc [raw]', unit: G, datatype: float64}
# - {name: 'B_virtual [int]', unit: G, datatype: float64}
# - {name: 'B_virtual_unc [int]', unit: G, datatype: float64}
# meta: !!omap
# - __serialized_columns__:
#     ra_dec_obj:
#       __class__: astropy.coordinates.sky_coordinate.SkyCoord
#       dec: !astropy.table.SerializedColumn
#         __class__: astropy.coordinates.angles.Latitude
#         unit: &id001 !astropy.units.Unit {unit: deg}
#         value: !astropy.table.SerializedColumn {name: ra_dec_obj.dec}
#       frame: icrs
#       ra: !astropy.table.SerializedColumn
#         __class__: astropy.coordinates.angles.Longitude
#         unit: *id001
#         value: !astropy.table.SerializedColumn {name: ra_dec_obj.ra}
#         wrap_angle: !astropy.coordinates.Angle
#           unit: *id001
#           value: 360.0
#       representation_type: spherical
# schema: astropy-2.0
ra_dec_obj.ra ra_dec_obj.dec "H-alpha flux [Error]" "H-alpha flux" ra_dec_deg RM RM_uncert pol_int pol_int_uncert ra_dec_pix_offsets interpolation_raw interpolation_cor interpolation_unc interpolation_cor_unc HI "HI [Error]" "pixel location x" "pixel location y" "B_virtual [raw]" "B_virtual_unc [raw]" "B_virtual [int]" "B_virtual_unc [int]"
[from data line 115]
98.66870070050591 -54.460186147722666 1.875 6.7148438 [98.66870070050591,-54.460186147722666] 46.502199147016256 1.7836196691297168 0.00034322940178007716 2.2750735402319347e-05 [-5047.919921875,-2099.180664062] 45.67162650646174 45.774863137279425 9.432048764314988 10.844387325800872 0.0 0.0 63.413079445094354 25.062192535615623 1.767083571031291e-05 4.336762432741234e-06 3.1561760402596633e-07 4.514965281511687e-06
99.95489468095349 -53.9847869246133 2.078125 8.8125 [99.95489468095349,-53.9847869246133] 31.632809671766935 3.2612788688975387 0.0001529871202986744 1.8541783661360638e-05 [-3748.74609375,-3034.717773438] 42.13608047030284 42.1653127113458 11.416241447139912 10.522862223791432 0.0 0.0 73.54991802878794 28.71863640124502 1.2020467698703596e-05 3.718545112652609e-06 -3.991242911223996e-06 5.292091990802832e-06
99.96018980689303 -53.98273475793516 2.078125 8.8125 [99.96018980689303,-53.98273475793516] 33.94710011921396 1.6410476995176626 0.00030306550728885284 1.8482742745276467e-05 [-3743.336914062,-3038.69140625] 42.13608047030284 42.1653127113458 11.416241447139912 10.522862223791432 0.0 0.0 73.59228465577007 28.734319697058254 1.2899898070447787e-05 3.670392395160493e-06 -3.111812539479805e-06 5.160792454103176e-06
98.80297135279478 -53.722682824947455 2.25 10.515625 [98.80297135279478,-53.722682824947455] 27.346667347601823 2.7172122818504114 0.0002659502400480214 2.685546390009151e-05 [-4995.965820312,-3432.795898438] 49.424792174296 46.28640705110319 11.860811608411819 10.951311003990835 0.0 0.0 66.42004779251863 34.23248784947782 1.0391733612345872e-05 3.4698863691013225e-06 -8.38968745049827e-06 5.567470870409533e-06
98.35100566835915 -55.76570520490501 1.875 6.7128906 [98.35100566835915,-55.76570520490501] 46.67890745422612 1.4547056479229514 0.00043198012335039 2.3353264183051444e-05 [-5206.067382812,268.0336914062] 40.92371067856043 42.65157985110927 9.745439752979719 10.807126496976345 0.0 0.0 57.7558236735174 8.846598761653695 1.773798486718356e-05 4.32891874587631e-06 2.186974779016152e-06 4.611726711731804e-06
99.03620105874296 -54.631103494461115 1.8125 6.1503906 [99.03620105874296,-54.631103494461115] 45.132635315736316 1.9003771285096733 0.0002837760093284663 2.004122090765104e-05 [-4645.170898438,-1817.967773438] 45.123414052786444 45.51552761391639 9.15471585713778 10.388130135735581 0.0 0.0 65.41973363141744 22.22275577583696 1.7150401453412024e-05 4.267951459385343e-06 3.5040799277819806e-09 4.438365176133069e-06
100.05485501652039 -55.604743993595164 1.84375 6.419922 [100.05485501652039,-55.604743993595164] 40.72167914743986 2.125200508993323 0.0002171554110475134 1.7150598098489206e-05 [-3499.973632812,-128.1640625] 41.28579631443299 43.22356030804222 11.219081509299022 10.34931804365554 0.0 0.0 69.41686038631155 7.99810848118409 1.5474238106191933e-05 4.0462325206740524e-06 -2.1436452387526402e-07 5.089670632268407e-06
98.49288968309696 -56.088676404531654 1.90625 7.044922 [98.49288968309696,-56.088676404531654] 53.57875928714178 2.5132784172422675 0.00023787958521362626 2.2218077507900356e-05 [-5020.924804688,837.3500976562] 39.69671806205396 40.41754134489753 9.835889884763027 10.546251467731992 0.0 0.0 57.84091662190076 4.457849355277631 2.035992856880261e-05 4.790837621209412e-06 5.275175675816562e-06 4.791891427857611e-06
99.95699321919739 -53.78523619405474 2.359375 11.578125 [99.95699321919739,-53.78523619405474] 33.38388103736535 1.0112428785483452 0.0005104317444121996 1.9182351962227016e-05 [-3764.4609375,-3393.37890625] 45.13387471520352 42.71355438358219 12.027020786107133 10.769691037611453 0.0 0.0 74.16987353430318 31.23630888218713 1.2685874818928108e-05 3.610109293820688e-06 -4.464997606282371e-06 5.3693864525203385e-06
99.95361350706001 -53.78010949667973 2.4375 12.3828125 [99.95361350706001,-53.78010949667973] 45.203948626764806 1.647111325297377 0.0003149861398513918 1.9280713473308654e-05 [-3768.508789062,-3402.40625] 45.85725966535778 42.95215705042948 12.141669527160479 10.844257091869942 0.0 0.0 74.16229630385942 31.307684685710683 1.7177500511655676e-05 4.2566717696943305e-06 -2.482581951492737e-07 5.362559723090968e-06
99.34472620692651 -56.15422049722619 1.8125 6.1484375 [99.34472620692651,-56.15422049722619] 40.641734861122096 2.960174245407774 0.0001613697755834939 1.7752036164879955e-05 [-4161.123046875,898.6538085938] 39.9760677508478 40.274543808850154 9.911244462075345 9.321428542458849 0.0 0.0 63.219491924176964 2.2193194353244508 1.5443859277331964e-05 4.117187775495662e-06 2.5295350239732986e-07 4.74637182330539e-06
98.59050731085644 -55.66331089956046 1.875 6.736328 [98.59050731085644,-55.66331089956046] 44.12576989085375 2.9142940242987856 0.00020123684468040555 2.179463338926747e-05 [-4977.504882812,66.61669921875] 40.11567078728177 42.30730492321889 9.703337165926161 10.484610803164648 0.0 0.0 59.60588188219981 9.77158862793658 1.676779259121081e-05 4.295560448855113e-06 1.5238376623278538e-06 4.688472934582069e-06
98.60092910894453 -55.66563029695746 1.8828125 6.8535156 [98.60092910894453,-55.66563029695746] 44.04069303948837 2.2789101239056286 0.00025732409220815405 2.1792966448481638e-05 [-4966.66796875,70.03369140625] 40.16299701598073 42.37444564238763 9.723601093521125 10.482126542232514 0.0 0.0 59.66846028234704 9.724540282588123 1.6735463387628943e-05 4.235122772775688e-06 1.4735244918053254e-06 4.642920004132191e-06
90.19548035824317 -55.57107169508635 1.609375 4.123047 [90.19548035824317,-55.57107169508635] 81.18654286692657 0.19057430669079842 0.0032149464688720586 2.276914892414802e-05 [4774.197998047,-114.0659179688] 33.67218987991556 34.70736091329166 9.78678946228346 8.940759966164126 0.0 0.0 3.7310226925430925 21.61834457793384 3.0850886349571434e-05 6.437390678546043e-06 1.805545417026068e-05 5.7166629421959444e-06
90.19529714445157 -55.56824888428041 1.609375 4.123047 [90.19529714445157,-55.56824888428041] 79.86119859366232 2.0668686912786765 0.000296359298061887 2.276355815566879e-05 [4774.355224609,-119.1479492188] 33.67218987991556 34.70736091329166 9.78678946228346 8.940759966164126 0.0 0.0 3.7335432676404707 21.657032621896406 3.0347255524749264e-05 6.398357256255851e-06 1.7551823345438508e-05 5.713534927067179e-06
90.3181075890934 -57.10265728031505 1.5390625 3.4140625 [90.3181075890934,-57.10265728031505] 49.0587251007748 0.12536836380056257 0.004955901945874006 2.3089757201956232e-05 [4705.843994141,2644.400634766] 40.278476544003546 36.77593451669067 8.738917960997101 8.727412704982632 0.0 0.0 2.624342397530768 0.5908609702798913 1.8642315574634917e-05 4.429888922865184e-06 3.3364944580770895e-06 4.302020488464655e-06
90.37306205483705 -57.090911859686024 1.53125 3.3144531 [90.37306205483705,-57.090911859686024] 48.88710302694167 0.4392205767929041 0.0014390552081616189 2.3489233044434e-05 [4760.885742188,2627.068115234] 40.425384391915856 36.78036558019708 8.859845885821715 8.816278349120083 0.0 0.0 2.994688281972458 0.7111955815387319 1.8577099186451202e-05 4.4228810849393596e-06 3.215453087577871e-06 4.337239644744668e-06
90.49790186704436 -54.80218504358685 1.84375 6.451172 [90.49790186704436,-54.80218504358685] 50.6288104329281 3.3004551166937084 0.00022012935370595407 2.699979661971738e-05 [5179.859985352,-1472.932617188] 34.34045406215462 32.317621924608076 8.894856802781343 7.721297744601187 0.0 0.0 6.864568512852202 31.817054450166324 1.923894800201622e-05 4.69153482322906e-06 6.189575432959603e-06 4.632092334082218e-06
89.5696257575954 -54.10167303494867 1.8515625 6.484375 [89.5696257575954,-54.10167303494867] 43.14383706605749 1.1403204697298053 0.0004703122201705185 1.9930669463333098e-05 [4292.584960938,-2794.306640625] 34.5967756817446 30.910610965379423 9.270850378091467 8.483582802258228 0.0 0.0 1.4384667069082298 42.25064532763463 1.6394658117060857e-05 4.119041027686493e-06 3.2478833323701766e-06 4.478299345521911e-06
90.02260582496642 -54.608562494145104 1.765625 5.6523438 [90.02260582496642,-54.608562494145104] 37.783439535293084 0.5785873868066859 0.001058705838041775 2.2764230419854025e-05 [4710.862548828,-1854.482421875] 36.767087589594425 32.77387135085966 9.680427454464889 8.699052006144429 0.0 0.0 3.871872009011895 34.90570974921479 1.4357707051399644e-05 3.816507411610921e-06 3.8621374011835827e-07 4.545453354203182e-06
90.02859496232196 -54.61852272591023 1.765625 5.6523438 [90.02859496232196,-54.61852272591023] 36.47789306773698 2.200130182142764 0.0002775666902611082 2.269469909555285e-05 [4715.932617188,-1836.187988281] 36.767087589594425 32.77387135085966 9.680427454464889 8.699052006144429 0.0 0.0 3.899128608094543 34.76427342373427 1.3861599392761234e-05 3.835488815735012e-06 -1.0989391852005189e-07 4.615932878321288e-06
89.74444578514239 -55.36547862974842 1.625 4.216797 [89.74444578514239,-55.36547862974842] 67.35086127313679 1.1440240657359249 0.0004602881067743318 1.956922456619133e-05 [4339.145507812,-513.0] 33.951678659796855 34.49881207648067 9.492492017750218 8.618711130036017 0.0 0.0 0.9494848605584139 24.810811813016244 2.5593327333682465e-05 5.559743909329287e-06 1.2691689417809785e-05 5.107939855375012e-06
90.35244745240692 -56.04401022941159 1.59375 3.9609375 [90.35244745240692,-56.04401022941159] 78.66769459494351 0.39066963018329504 0.0017325329146110828 2.5153582526224734e-05 [4873.823974609,746.1206054688] 36.09772207172009 34.28754325120464 9.585942075718009 8.73838028739363 0.0 0.0 4.160713426673965 15.030305915855251 2.9893724004352022e-05 6.273583555566962e-06 1.617658959035882e-05 5.460157274359838e-06
90.36249548876819 -55.73414981339421 1.640625 4.4023438 [90.36249548876819,-55.73414981339421] 80.33447120634233 0.8060888396430163 0.0008297481036186945 2.4856380017804406e-05 [4923.033447266,190.455078125] 33.796886973464204 34.20962472698815 9.447472865122748 8.497725643118956 0.0 0.0 4.637106638254181 19.249387513877082 3.052709911791825e-05 6.3883607039279635e-06 1.7684282042966634e-05 5.598884152932298e-06
90.359550439495 -55.73321926001571 1.640625 4.3847656 [90.359550439495,-55.73321926001571] 80.97027203615147 0.8995176033963442 0.000740489900779694 2.4753551036818356e-05 [4920.176757812,188.5751953125] 33.80438150601687 34.32815730281444 9.515804063590247 8.598480902757661 0.0 0.0 4.618578718713366 19.264618346635416 3.076870343371669e-05 6.431856637737136e-06 1.792303843638952e-05 5.644867461733102e-06
90.3612670093277 -55.890148197670946 1.6015625 4.0507812 [90.3612670093277,-55.890148197670946] 44.479265197993314 2.0435057746968854 0.00033415595265565417 2.5376619889352816e-05 [4902.109130859,470.4741210938] 34.69753678059152 34.03554808988287 9.35589904811308 8.426524635704306 0.0 0.0 4.4213781859093615 17.122481631785377 1.6902120808185695e-05 4.241663653858677e-06 3.7170568058585457e-06 4.562578378594654e-06
90.20738973746502 -54.83008569187176 1.7265625 5.2851562 [90.20738973746502,-54.83008569187176] 51.12511371515399 2.578930495747235 0.0002434862264167768 2.3335802463831962e-05 [4876.159423828,-1443.901855469] 34.3531257558659 32.25218916871484 8.98203450846145 7.88576671084002 0.0 0.0 4.83016374323779 31.713200438789727 1.9427543249629697e-05 4.654158276502273e-06 6.373355436953408e-06 4.599142075032584e-06
90.52685557793085 -56.47861857208388 1.515625 3.131836 [90.52685557793085,-56.47861857208388] 63.4522687889218 0.8402790593932414 0.0007764267458846594 2.4245588561448716e-05 [4991.520751953,1538.788574219] 39.68803695912629 35.28258756868661 9.743212706477546 9.072412111520746 0.0 0.0 4.755116256658539 8.95631789297613 2.411186218679287e-05 5.307112356333584e-06 9.030408112925766e-06 4.881533448173973e-06
90.49434651955488 -56.4528542025766 1.5078125 3.0683594 [90.49434651955488,-56.4528542025766] 59.196324627552315 0.4970085971413554 0.0013033507202951432 2.40732042467263e-05 [4962.694091797,1490.205566406] 39.25588149304461 35.112019380759506 9.739689715454128 9.095969505614585 0.0 0.0 4.573806019692256 9.334174911399941 2.249460340231985e-05 5.037670838486632e-06 7.5773684058839095e-06 4.783514818128815e-06
90.51485450962517 -56.46773143596949 1.5 3.0273438 [90.51485450962517,-56.46773143596949] 62.20945494812488 0.5140129654913503 0.0012622688042058987 2.41120772372535e-05 [4981.064941406,1518.382324219] 39.47616637424969 35.17450850777456 9.721038397166184 9.065047692973705 0.0 0.0 4.689969848355986 9.114579594439874 2.363959292636942e-05 5.223746389333044e-06 8.638649674912367e-06 4.8428665123570705e-06
90.13950344283728 -54.72032537189585 1.75 5.5195312 [90.13950344283728,-54.72032537189585] -12.543080854912935 2.92948792103458 0.00021514698251585558 2.342263087122562e-05 [4819.062988281,-1645.745117188] 35.56958521296193 32.355434525895944 9.169092970799472 8.130713656707044 0.0 0.0 4.519257240391198 33.27248808892841 -4.766370734158265e-06 3.022409061189821e-06 -1.8282813141432147e-05 5.702779335395504e-06
90.39177694228266 -56.594974544363154 1.53125 3.3457031 [90.39177694228266,-56.594974544363154] 58.89314933383405 2.2041717895108355 0.00028199428652981646 2.309906771792977e-05 [4842.849609375,1738.090332031] 39.76248833148274 35.03417730902769 9.460932479544798 8.856333328067729 0.0 0.0 3.719336802809721 7.475394056329833 2.2379396790482334e-05 5.085015058599575e-06 7.2696511950646304e-06 4.755006878414951e-06
90.46215060655217 -53.91250993707365 1.8671875 6.6679688 [90.46215060655217,-53.91250993707365] 35.700676070076106 2.621858048877257 0.00028456837632537447 2.7727104150075294e-05 [5255.475708008,-3072.505859375] 36.436891272837286 31.69316619768247 9.4808088557186 8.502488405850281 0.0 0.0 7.964699371135794 43.938518167341044 1.3566256933074373e-05 3.835647205083662e-06 -2.797617775946034e-07 4.588088014570547e-06
89.66696179288132 -53.37809768160091 2.0625 8.644531 [89.66696179288132,-53.37809768160091] 47.05268917192666 1.3382022969552594 0.00046488525100392793 2.3119383130017173e-05 [4471.361572266,-4087.561523438] 37.169080786187635 32.08709654658371 8.743503766795598 8.638557080234037 0.0 0.0 3.172072620381641 52.03175553723713 1.7880021920186645e-05 4.34455807205778e-06 3.755771193902161e-06 4.345414199455254e-06
89.67076117921819 -53.37916166611732 2.0625 8.644531 [89.67076117921819,-53.37916166611732] 51.09002175134851 2.6533981231535133 0.0002319321821208152 2.2870314394267554e-05 [4475.318603516,-4085.40625] 37.169080786187635 32.08709654658371 8.743503766795598 8.638557080234037 0.0 0.0 3.1974633878871828 52.01336325038028 1.941420830335762e-05 4.658192252206256e-06 5.289957577073139e-06 4.487947888398022e-06
89.9148025347437 -56.16136546462346 1.6015625 4.046875 [89.9148025347437,-56.16136546462346] 89.04245439152355 3.167953519694457 0.00018262462483582153 2.1500414910648937e-05 [4421.7578125,927.552734375] 36.29771783831243 34.42948811728682 9.756233421645026 8.981320086654943 0.0 0.0 1.1002252660766771 13.77794050956254 3.3836132734737595e-05 7.060813949845006e-06 2.004299992929115e-05 6.063953224579182e-06
89.63187404887381 -54.006912073958766 1.875 6.7773438 [89.63187404887381,-54.006912073958766] 41.46117381203125 3.291086689159753 0.0001660777280063697 2.0312314870265303e-05 [4368.064941406,-2960.625] 34.58625813798539 30.89280861324727 9.095129291902987 8.358018628771081 0.0 0.0 2.0074424561512387 43.48620729006848 1.5755246079284446e-05 4.195313458639249e-06 2.6124679612300547e-06 4.564097030911935e-06
89.87751765683763 -54.99476254781586 1.703125 5.0664062 [89.87751765683763,-54.99476254781586] 60.03727637244826 3.056378986317345 0.00017939169237324654 2.0375967312865008e-05 [4516.707519531,-1170.480957031] 32.88795374171248 31.590720672848516 9.223378125804484 8.101777933847028 0.0 0.0 2.342398893119025 29.76604297367021 2.281416506600325e-05 5.216709095533134e-06 1.0316742619790593e-05 4.9548991088991826e-06
