data_processed/hvc_rms/hvc_rms_index_5.ecsv
# %ECSV 1.0
# ---
# datatype:
# - {name: ra_dec_obj.ra, unit: deg, datatype: float64}
# - {name: ra_dec_obj.dec, unit: deg, datatype: float64}
# - {name: 'H-alpha flux [Error]', unit: R, datatype: float32}
# - {name: H-alpha flux, unit: R, datatype: float32}
# - {name: ra_dec_deg, datatype: string, subtype: 'float64[2]'}
# - {name: RM, unit: rad / m2, datatype: float64}
# - {name: RM_uncert, unit: rad / m2, datatype: float64}
# - {name: pol_int, datatype: float64}
# - {name: pol_int_uncert, datatype: float64}
# - {name: ra_dec_pix_offsets, datatype: string, subtype: 'float64[2]'}
# - {name: interpolation_raw, unit: rad / m2, datatype: float64}
# - {name: interpolation_cor, unit: rad / m2, datatype: float64}
# - {name: interpolation_unc, unit: rad / m2, datatype: float64}
# - {name: interpolation_cor_unc, unit: rad / m2, datatype: float64}
# - {name: pixel location x, datatype: float64}
# - {name: pixel location y, datatype: float64}
# meta: !!omap
# - __serialized_columns__:
#     ra_dec_obj:
#       __class__: astropy.coordinates.sky_coordinate.SkyCoord
#       dec: !astropy.table.SerializedColumn
#         __class__: astropy.coordinates.angles.Latitude
#         unit: &id001 !astropy.units.Unit {unit: deg}
#         value: !astropy.table.SerializedColumn {name: ra_dec_obj.dec}
#       frame: icrs
#       ra: !astropy.table.SerializedColumn
#         __class__: astropy.coordinates.angles.Longitude
#         unit: *id001
#         value: !astropy.table.SerializedColumn {name: ra_dec_obj.ra}
#         wrap_angle: !astropy.coordinates.Angle
#           unit: *id001
#           value: 360.0
#       representation_type: spherical
# schema: astropy-2.0
ra_dec_obj.ra ra_dec_obj.dec "H-alpha flux [Error]" "H-alpha flux" ra_dec_deg RM RM_uncert pol_int pol_int_uncert ra_dec_pix_offsets interpolation_raw interpolation_cor interpolation_unc interpolation_cor_unc "pixel location x" "pixel location y"
[from data line 493]
152.0388946412324 -7.5469693945575544 0.39453125 1.5356445 [152.0388946412324,-7.5469693945575544] -3.3272463528355045 0.7218695024583772 0.0009607867338358309 2.5774746058581153e-05 [2839.86328125,-3228.616210938] -2.1572859315454127 -0.1471020913870551 5.828872526155255 5.705036322957081 32.154148670436825 35.117564023482146
152.56068426891264 -9.462691422711188 0.35351562 1.1074219 [152.56068426891264,-9.462691422711188] -15.611428134094188 2.6310042629747126 0.0002510814225528628 2.454962346913936e-05 [3751.657470703,223.9819335938] -5.917968918494163 -8.171877330160246 5.576006970943491 5.786914898796567 20.788461768831894 8.936726330760393
152.51115411935223 -10.246942643145704 0.35351562 1.125 [152.51115411935223,-10.246942643145704] -22.518422535524298 1.7673116345196571 0.00036849723904440034 2.4202268680532978e-05 [3655.075683594,1635.021484375] -10.865288448360234 -12.84446059594271 6.232169351814511 6.105127586991912 13.777720552403025 1.1236764720010797
151.61569206746162 -7.404694140197188 0.34570312 1.0498047 [151.61569206746162,-7.404694140197188] -7.673210623566521 2.1914979167039497 0.0003166376616604458 2.5787683714227563e-05 [2085.597167969,-3487.526367188] -3.364753709543871 -0.8130861153223727 5.937412422822824 5.867551020185243 29.61286266206389 40.990372657831585
151.61074819118775 -7.41004544665372 0.34570312 1.0498047 [151.61074819118775,-7.41004544665372] -4.24144539944655 1.3991621596211787 0.0004954810908595322 2.5763439329567792e-05 [2076.749023438,-3477.928710938] -3.364753709543871 -0.8130861153223727 5.937412422822824 5.867551020185243 29.52609866688522 40.98090934826405
150.07899479815802 -8.281603851490134 0.37109375 1.2915039 [150.07899479815802,-8.281603851490134] -2.2063282511479096 3.0707111146124304 0.00019823827950439667 2.2622218040643e-05 [-655.85546875,-1912.753417969] -2.535656760916928 -3.452881899915348 5.472675845333482 5.4156247123657995 9.019345572147586 46.59211827182071
151.94006334692503 -7.707312842723132 0.390625 1.4926758 [151.94006334692503,-7.707312842723132] -12.432869574767087 1.4833104941337898 0.00045186655696232027 2.4908694862116938e-05 [2662.57421875,-2940.900390625] -3.0743236927070225 -0.6245606209344907 5.97800689619886 5.6827979965706295 29.98320432608898 34.351457516955406
151.46911618961045 -8.641375613781113 0.33007812 0.88671875 [151.46911618961045,-8.641375613781113] -10.063624579755885 1.8934654540729552 0.00031996333492475615 2.251470721979551e-05 [1818.470703125,-1262.955078125] -3.084582462777349 -3.617240827126515 5.632017406192249 5.559904689053658 18.245980222128082 28.886893316429678
152.14027406654094 -10.143346828309259 0.34765625 1.0805664 [152.14027406654094,-10.143346828309259] -22.782079998228046 2.7249335748822694 0.00022760112260697646 2.304830662706576e-05 [2999.468261719,1445.076171875] -7.244142218100855 -11.127646004435396 5.780551861142172 5.733244337080476 11.525234534427454 6.002851756776636
150.72470100247628 -8.743121118848189 0.33007812 0.8930664 [150.72470100247628,-8.743121118848189] 9.10265498392609 1.1445878826737583 0.0005247341133905866 2.2320151906637676e-05 [493.6948242188,-1082.262207031] -3.4612304503873053 -4.738940167994759 5.786814237528927 5.011784253736783 10.947361560085028 35.21078533742411
151.5816649706432 -7.882046649501476 0.35742188 1.1689453 [151.5816649706432,-7.882046649501476] -9.605775016144134 0.6859870956343758 0.0009404463103340104 2.397500222689269e-05 [2022.609863281,-2628.875] -2.410501422025069 -0.8783027833037362 5.864891415825732 5.700404676334124 25.43331761018453 36.05661468142398
151.3618774709818 -9.52672198093878 0.29296875 0.52783203 [151.3618774709818,-9.52672198093878] -17.717406583995466 2.597808358299038 0.0002318091114697305 2.237929057542225e-05 [1623.645507812,330.107421875] -5.714508250980144 -8.125608405645487 4.918799011802849 5.116208916173722 10.032074165903168 20.4186612672479
151.36117558723768 -9.526884907625886 0.29296875 0.52783203 [151.36117558723768,-9.526884907625886] -17.17455750138268 2.734578221002905 0.00022017586468832945 2.2375294719423293e-05 [1622.398925781,330.3974609375] -5.714508250980144 -8.125608405645487 4.918799011802849 5.116208916173722 10.024704664896717 20.42395157049259
152.0091094886469 -9.988943089401038 0.359375 1.1845703 [152.0091094886469,-9.988943089401038] -13.378584316600891 0.0799944307876651 0.007654414816710852 2.2755189152546512e-05 [2768.479492188,1166.103027344] -5.814749647908849 -9.834173835944364 5.623610730973053 5.706552303264959 11.708925369713143 8.969387168567664
151.4197387060308 -10.132351844063635 0.32226562 0.80981445 [151.4197387060308,-10.132351844063635] -11.618736194926246 0.7016151872933847 0.0008408255871541374 2.1923687533316205e-05 [1723.188476562,1420.467285156] -7.690765347647096 -10.378203129666304 5.442232374438178 5.583610207773497 5.506019150494922 13.392764594897471
151.4179383569276 -10.135050672885848 0.32226562 0.80981445 [151.4179383569276,-10.135050672885848] -14.087615889040375 0.4656149451566474 0.0012675861814799578 2.1933761206336755e-05 [1719.984375,1425.315917969] -7.690765347647096 -10.378203129666304 5.442232374438178 5.583610207773497 5.4682430179325365 13.382228861525164
150.0578155363963 -8.44855874259624 0.35546875 1.1328125 [150.0578155363963,-8.44855874259624] -5.693202589783933 1.5128264142768273 0.00039811183347606056 2.23822060068378e-05 [-693.2822265625,-1612.23828125] -2.942685675593256 -3.6733612564725835 5.814128552177751 5.520499812298082 7.489780637897411 44.97425580995878
150.95756533464137 -8.088460832518996 0.35351562 1.1230469 [150.95756533464137,-8.088460832518996] 2.6871929098245473 2.809420262744743 0.0002173677828406448 2.2694498445273073e-05 [909.5043945312,-2260.026367188] -3.706447655846688 -3.311393252852944 6.5060881298554065 5.836079324699106 18.29973733264137 40.04371765027554
152.04397575387463 -8.684597023583613 0.34960938 1.0874023 [152.04397575387463,-8.684597023583613] -1.4567904883926945 1.0088748412141733 0.0006169837506068587 2.3132348225018084e-05 [2840.874023438,-1181.368652344] -3.6668743073246124 -3.367171081188219 5.767631759563369 5.69931474519635 22.85139325972682 22.599839681091453
152.15275573049993 -7.513740278721055 0.34179688 1.0063477 [152.15275573049993,-7.513740278721055] -1.5788786975711213 1.1367702250570941 0.0006150004852728616 2.5981059135141927e-05 [3043.187011719,-3287.44921875] -1.390966425195783 -0.28469846438671365 5.5618700982946425 5.537186274610567 33.41762337525597 34.32311956326271
152.15530400920707 -7.514275216896194 0.34179688 1.0063477 [152.15530400920707,-7.514275216896194] -0.652713756416461 1.6784092261768373 0.00041810103197602257 2.607881183554561e-05 [3047.728759766,-3286.46484375] -1.390966425195783 -0.28469846438671365 5.5618700982946425 5.537186274610567 33.43544016928422 34.291145096516175
151.59129346224947 -7.925657249895183 0.359375 1.1772461 [151.59129346224947,-7.925657249895183] -8.711723209061503 2.337112996676996 0.0002744863707693977 2.3840161808963918e-05 [2039.55859375,-2550.345703125] -2.4605006632954898 -1.101945631565489 5.772570216722725 5.613408962836533 25.161722208712717 35.47952726494941
152.98565669538868 -9.456003068659086 0.36523438 1.2441406 [152.98565669538868,-9.456003068659086] -28.353595240641983 1.3717856265962176 0.0005646980880431811 2.878798505324233e-05 [4505.663574219,216.9145507812] -6.98347505785808 -8.584196883463646 6.268664062309126 6.243613626086936 24.437190166214577 4.620321612497719
152.95117191735218 -9.056184818722038 0.3203125 0.77612305 [152.95117191735218,-9.056184818722038] -17.911240428511356 2.670515177060731 0.00027256592498267623 2.7050501116912736e-05 [4449.549804688,-503.1752929688] -4.820268105642112 -6.257357085658563 5.888395773300375 5.802415974763244 27.505336902166164 9.261923354104056
151.88500973285878 -9.641519575775373 0.34375 1.0366211 [151.88500973285878,-9.641519575775373] -20.578492729707403 0.6319617307975411 0.0009570153173672085 2.247596628116184e-05 [2551.235351562,539.8334960938] -3.5520662930303177 -7.790725955983522 5.746550629007086 6.09558985477242 13.553389343693198 13.921722093739845
149.78460706390305 -8.277620320706973 0.35742188 1.1665039 [149.78460706390305,-8.277620320706973] -4.252584796349454 0.8369287058850842 0.0007244786055047015 2.2533192769929745e-05 [-1180.217773438,-1919.155761719] -2.587233169253873 -2.6926694619185145 5.858162316573787 5.493308444908973 6.451899440437728 49.50318621229485
149.79722592578366 -8.281349186090491 0.35742188 1.1665039 [149.79722592578366,-8.281349186090491] -2.1517982312418282 0.9776509543183489 0.0006188198933634408 2.2483131382605463e-05 [-1157.730957031,-1912.486816406] -2.587233169253873 -2.6926694619185145 5.858162316573787 5.493308444908973 6.533604123225814 49.33981814900312
149.79266368342533 -8.282798876059992 0.35742188 1.1665039 [149.79266368342533,-8.282798876059992] -2.9780208872911347 0.9314621656441048 0.0006489811046592213 2.2464976819684876e-05 [-1165.852539062,-1909.862792969] -2.587233169253873 -2.6926694619185145 5.858162316573787 5.493308444908973 6.481654666571558 49.368259916152056
152.94715886935396 -7.706748537119906 0.33203125 0.9135742 [152.94715886935396,-7.706748537119906] -2.8872839853539567 0.08864964866950249 0.009007966019044399 2.9676485071606266e-05 [4457.862792969,-2931.756835938] -2.8441712907214742 -1.27576833612155 5.231128300771311 5.571594921616116 38.71106220641286 23.99911485634857
152.93336487356774 -7.677017086931126 0.33789062 0.98046875 [152.93336487356774,-7.677017086931126] -15.445176570583602 0.18280675838475444 0.004317596595387892 2.9332090303366493e-05 [4433.591796875,-2985.423828125] -2.4441959651332437 -0.9740786831843535 5.211965449555656 5.583831190109077 38.83809872790198 24.47051677952186
152.9350433333662 -7.682477621984402 0.33789062 0.98046875 [152.9350433333662,-7.682477621984402] -13.16999865491628 0.09560996210949253 0.008302189149008944 2.9498808391384805e-05 [4436.526123047,-2975.578125] -2.4441959651332437 -0.9740786831843535 5.211965449555656 5.583831190109077 38.807412119900164 24.392816278153532
152.94378659061093 -7.700657906847704 0.33203125 0.9135742 [152.94378659061093,-7.700657906847704] -5.949716692813473 0.13619573624115552 0.005830209708694478 2.9509129018595847e-05 [4451.917236328,-2942.7578125] -2.8441712907214742 -1.27576833612155 5.231128300771311 5.571594921616116 38.73239230095555 24.101354681476323
152.94439693651393 -7.703960176053636 0.33203125 0.9135742 [152.94439693651393,-7.703960176053636] -4.928523387906651 0.11293673882577347 0.007056251196564814 2.9615425648006743e-05 [4452.970214844,-2936.80859375] -2.8441712907214742 -1.27576833612155 5.231128300771311 5.571594921616116 38.71033494360745 24.05858762220214
150.39843738858906 -9.012909906157052 0.35546875 1.1503906 [150.39843738858906,-9.012909906157052] 2.184651924109859 0.4076156263154657 0.0014836534326989287 2.24746011732755e-05 [-86.68896484375,-596.8461914062] -3.228618065791625 -5.273948945408479 6.060770537241353 5.2090721106986795 5.908880973754094 35.50712671229667
152.80073541578784 -8.963375143684743 0.32226562 0.8066406 [152.80073541578784,-8.963375143684743] -13.4264734941158 0.7498301809230445 0.0009082048322821898 2.5307860296896933e-05 [4183.453857422,-672.0659179688] -4.42343536822606 -5.64111094209013 5.7093448836053575 5.809932356827508 27.005434002654965 11.819396092270381
152.981628413929 -7.987027618041857 0.34960938 1.0825195 [152.981628413929,-7.987027618041857] -10.379372641863226 0.5209016359906848 0.0015766263029501444 3.0520608793906244e-05 [4516.243164062,-2427.0] -5.83080338567349 -3.885741200383877 5.67224810009358 5.758298610237156 36.68501027006323 20.557897103894902
152.97750861041777 -7.996985008219194 0.34960938 1.0825195 [152.97750861041777,-7.996985008219194] -9.459271950088553 2.814205319310969 0.0002906266822972462 3.0394847372397416e-05 [4508.796630859,-2409.134765625] -5.83080338567349 -3.885741200383877 5.67224810009358 5.758298610237156 36.56700568176598 20.491536356299093
149.48782328316503 -8.485134193455862 0.3828125 1.4160156 [149.48782328316503,-8.485134193455862] 2.7927661836039452 1.675526310161042 0.00035585937860096106 2.215839862682408e-05 [-1707.897460938,-1544.469238281] -2.8580271641945556 -3.8771508000221413 6.307253467870856 5.546615348095644 2.1658460685762293 50.10798653800748
152.49899297509464 -7.915809382320698 0.32617188 0.8479004 [152.49899297509464,-7.915809382320698] -10.41175492397463 0.9515654101894732 0.0007437657205796569 2.6301681132627386e-05 [3657.252441406,-2560.741210938] -2.0697901347225676 -1.6426964569122982 5.739234847742528 5.6815903625587065 33.11899447916221 26.334705843138863
152.5024109301056 -7.917231124368797 0.32617188 0.8479004 [152.5024109301056,-7.917231124368797] -12.223392664997142 1.185864163984516 0.0005966297905708946 2.6293511064825225e-05 [3663.329589844,-2558.147460938] -2.0697901347225676 -1.6426964569122982 5.739234847742528 5.6815903625587065 33.13678767606734 26.283889938376888
153.2862701449158 -8.55700021117779 0.31054688 0.6904297 [153.2862701449158,-8.55700021117779] -25.037119521417665 1.0992107916107714 0.0008841077202976383 3.611560293372742e-05 [5051.372070312,-1397.130371094] -6.509767517168877 -4.399257850733164 5.922800845794066 5.698988114521729 34.5331640416407 11.162310759340244
152.00784292823118 -7.696053551283044 0.41015625 1.6953125 [152.00784292823118,-7.696053551283044] -15.81887816585592 2.9707145713935907 0.00022740236498786632 2.510525324815322e-05 [2783.506347656,-2960.635742188] -2.9602281869688927 -0.6462791637643255 5.926778077748083 5.644034117707077 30.66532554404057 33.785746971351045
151.8531798003174 -9.296715652398984 0.44140625 2.0097656 [151.8531798003174,-9.296715652398984] -7.051129590842944 0.5703919474355869 0.001073204240618463 2.2749113050484578e-05 [2497.272460938,-81.03369140625] -3.3175566642776086 -7.358760786834915 5.7719828131736355 5.749964829079124 16.1466688602045 17.933457324882056
151.8551635154279 -9.3016053514608 0.44140625 2.0097656 [151.8551635154279,-9.3016053514608] -4.373727364616708 2.0770883840987038 0.00029507722235551246 2.2777149210944218e-05 [2500.760253906,-72.21826171875] -3.3175566642776086 -7.358760786834915 5.7719828131736355 5.749964829079124 16.12308855246488 17.86088611446985
152.7962189176742 -7.449198990973383 0.33789062 0.96484375 [152.7962189176742,-7.449198990973383] -13.195304575531107 0.044378696385096714 0.01756888003812775 2.8975258647699917e-05 [4191.37109375,-3396.965820312] -0.7076160524283963 -0.42314457295762686 5.610745972640708 5.853594339996834 39.533502019025036 28.413843488376187
152.99673467855015 -7.907211210543879 0.34765625 1.0786133 [152.99673467855015,-7.907211210543879] -5.0803717604934295 1.4622422318294221 0.0005687511192447552 3.090653302518068e-05 [4544.027587891,-2570.4296875] -5.499531487730329 -3.4031259630724584 5.41730931084522 5.610897788565756 37.476967096987664 21.276897411789378
152.1795043849384 -8.493285096647273 0.33398438 0.9230957 [152.1795043849384,-8.493285096647273] -2.260237538270082 1.4111358190711432 0.0004538503020684906 2.380072288175017e-05 [3083.480957031,-1524.559082031] -3.65656223710861 -2.445224327640183 6.067755011360564 5.9466651649142985 25.598302479045287 23.29592693820723
152.78810120280454 -9.417180087522887 0.3359375 0.9472656 [152.78810120280454,-9.417180087522887] -17.01223592298815 0.09482010678339842 0.007404157925238974 2.6090645057173423e-05 [4155.681396484,144.6108398438] -6.218465455716881 -7.923675127422495 5.919356133446322 5.90088959499718 23.09535264820488 7.079799993188772
152.77572637558293 -9.417080970503052 0.3359375 0.9472656 [152.77572637558293,-9.417080970503052] -16.77308143078149 0.9866106125086795 0.0007118220581515272 2.6099123817713703e-05 [4133.726318359,144.287109375] -6.218465455716881 -7.923675127422495 5.919356133446322 5.90088959499718 22.991530305297147 7.2086659872582
