data_processed/hvc_rms/hvc_rms_index_2.ecsv
# %ECSV 1.0
# ---
# datatype:
# - {name: ra_dec_obj.ra, unit: deg, datatype: float64}
# - {name: ra_dec_obj.dec, unit: deg, datatype: float64}
# - {name: 'H-alpha flux [Error]', unit: R, datatype: float32}
# - {name: H-alpha flux, unit: R, datatype: float32}
# - {name: ra_dec_deg, datatype: string, subtype: 'float64[2]'}
# - {name: RM, unit: rad / m2, datatype: float64}
# - {name: RM_uncert, unit: rad / m2, datatype: float64}
# - {name: pol_int, datatype: float64}
# - {name: pol_int_uncert, datatype: float64}
# - {name: ra_dec_pix_offsets, datatype: string, subtype: 'float64[2]'}
# - {name: interpolation_raw, unit: rad / m2, datatype: float64}
# - {name: interpolation_cor, unit: rad / m2, datatype: float64}
# - {name: interpolation_unc, unit: rad / m2, datatype: float64}
# - {name: pixel location x, datatype: float64}
# - {name: pixel location y, datatype: float64}
# meta: !!omap
# - __serialized_columns__:
#     ra_dec_obj:
#       __class__: astropy.coordinates.sky_coordinate.SkyCoord
#       dec: !astropy.table.SerializedColumn
#         __class__: astropy.coordinates.angles.Latitude
#         unit: &id001 !astropy.units.Unit {unit: deg}
#         value: !astropy.table.SerializedColumn {name: ra_dec_obj.dec}
#       frame: icrs
#       ra: !astropy.table.SerializedColumn
#         __class__: astropy.coordinates.angles.Longitude
#         unit: *id001
#         value: !astropy.table.SerializedColumn {name: ra_dec_obj.ra}
#         wrap_angle: !astropy.coordinates.Angle
#           unit: *id001
#           value: 360.0
#       representation_type: spherical
# schema: astropy-2.0
ra_dec_obj.ra ra_dec_obj.dec "H-alpha flux [Error]" "H-alpha flux" ra_dec_deg RM RM_uncert pol_int pol_int_uncert ra_dec_pix_offsets interpolation_raw interpolation_cor interpolation_unc "pixel location x" "pixel location y"
[from data line 1204]
316.1201171668702 -8.505227094530431 0.35351562 1.1660156 [316.1201171668702,-8.505227094530431] -15.355019352485986 1.2484347836159828 0.0004478305656788362 2.0777261012578353e-05 [-1591.875976562,-1508.610839844] -21.34342076759207 -19.67791488006277 6.863092663981164 6.444032810941735 71.24187860812208
316.304351737104 -8.577547164146818 0.35742188 1.1987305 [316.304351737104,-8.577547164146818] -24.66173421049252 0.5454764506037123 0.0010270255958306465 2.081929295879228e-05 [-1263.693359375,-1379.193847656] -21.53692956369057 -19.723635468692958 6.994751169214116 4.101914428198597 70.98055509342612
316.3101500051738 -8.574878567337695 0.35742188 1.1987305 [316.3101500051738,-8.574878567337695] -28.251987547776423 1.4151393863699013 0.0003943977310543086 2.074160357140654e-05 [-1253.3828125,-1384.017578125] -21.53692956369057 -19.723635468692958 6.994751169214116 4.0551095371142765 70.90885570222054
315.9827272645411 -6.949262028199576 0.40039062 1.6049805 [315.9827272645411,-6.949262028199576] -38.519589997140535 0.7998837195203016 0.0009505485893149177 2.8255947974218888e-05 [-1843.20703125,-4307.467773438] -18.108471979960207 -16.002447694810307 8.271634459050142 16.491146356893864 52.38345150101941
314.4782713732278 -7.604154825070997 0.38867188 1.5004883 [314.4782713732278,-7.604154825070997] -50.789464179822005 0.7060151415514605 0.001024855077672743 2.688965162083796e-05 [-4523.344726562,-3115.8671875] -25.55769145163898 -25.704824929957017 8.724212135899934 28.735810776612993 70.37135927426971
314.47787488086783 -7.6130115060434385 0.38867188 1.5004883 [314.47787488086783,-7.6130115060434385] -55.25176138933705 2.1097466655965817 0.00034139733034347665 2.6766965121992708e-05 [-4523.958007812,-3099.927734375] -25.55769145163898 -25.704824929957017 8.724212135899934 28.69135466231296 70.48474291817001
314.6902159178982 -8.38220114589634 0.3671875 1.2910156 [314.6902159178982,-8.38220114589634] -37.06773560610128 0.9952229295433329 0.0006355657179880972 2.3506585006235482e-05 [-4137.640625,-1718.414550781] -23.49864402856834 -25.220528067362324 8.044974578672575 22.247364994821965 78.80758097540547
315.62185648762517 -7.304263836446276 0.37695312 1.3896484 [315.62185648762517,-7.304263836446276] -32.98460330850675 2.9967725328930226 0.00021905701426865593 2.4396057406724487e-05 [-2485.9296875,-3666.732421875] -23.066447677168767 -20.94248603426098 7.708451895013232 18.313654827195364 59.22207726180841
315.62002552569095 -8.768180006105633 0.3359375 0.98950195 [315.62002552569095,-8.768180006105633] -31.135975208846116 1.145091085453811 0.0005009669051522222 2.1318555443825992e-05 [-2480.23046875,-1032.447265625] -20.83730566435748 -22.78708359426802 6.959498924390028 10.311116525526927 77.81117448528312
315.9361875934138 -8.27308177349569 0.375 1.3789062 [315.9361875934138,-8.27308177349569] -25.40231733397784 0.6387209274451675 0.0008823364607235861 2.094373214640617e-05 [-1920.407226562,-1925.496582031] -21.26498533628979 -20.443910605896065 6.734068650264745 9.655040505263742 69.46126319100131
315.931976389619 -8.27725975030486 0.375 1.3789062 [315.931976389619,-8.27725975030486] -21.633987434314133 2.8899789630145407 0.00019533189702383258 2.0978602421095787e-05 [-1927.88671875,-1917.954589844] -21.26498533628979 -20.443910605896065 6.734068650264745 9.676741002465405 69.54173665306735
316.0484925029276 -7.737072210327072 0.35351562 1.1552734 [316.0484925029276,-7.737072210327072] -28.830258718819987 1.7389082145524701 0.00033547806656519704 2.167951157746574e-05 [-1722.66015625,-2890.623046875] -22.236345082465906 -19.66623150887957 6.898241444349397 11.413395007562713 61.910985836571854
316.97219858360285 -7.308491007983228 0.46679688 2.2851562 [316.97219858360285,-7.308491007983228] -23.652810511667564 0.18246874976673386 0.003404579563222202 2.3086637690341594e-05 [-75.28271484375,-3664.033203125] -18.55695591837876 -14.72753707378142 7.733673952179722 4.059651702753172 50.36824089554284
316.9649352995669 -7.312956851856554 0.46679688 2.2851562 [316.9649352995669,-7.312956851856554] -36.474248153273436 0.13683892560651664 0.004503593140064362 2.290221607379228e-05 [-88.24951171875,-3655.998046875] -18.55695591837876 -14.72753707378142 7.733673952179722 4.111107124562636 50.47354979726515
316.96905508007717 -7.311315749018936 0.46679688 2.2851562 [316.96905508007717,-7.311315749018936] -22.608834505670202 1.6092610912333944 0.00038572752246535173 2.3068313346415045e-05 [-80.89453125,-3658.951171875] -18.55695591837876 -14.72753707378142 7.733673952179722 4.076926154507419 50.42518173768258
314.9266659957656 -7.208009360769738 0.38867188 1.5019531 [314.9266659957656,-7.208009360769738] 59.949348389803376 1.8017166495396921 0.0003958898495131354 2.6507548319677547e-05 [-3727.334960938,-3833.750976562] -19.766304881785405 -21.22025957527533 7.823460624013926 26.184605027171642 62.53149852329079
316.5009766794364 -7.850110500551506 0.36328125 1.2670898 [316.5009766794364,-7.850110500551506] -28.953208356051615 2.975266024455925 0.00019172556885227414 2.1198959302281223e-05 [-915.4252929688,-2688.921875] -20.878232769192564 -18.127251953931857 7.300930417504375 6.013337128017497 60.39003738715928
314.35672016599824 -8.321979453765499 0.3515625 1.1313477 [314.35672016599824,-8.321979453765499] 78.16803978373667 2.008359436379005 0.00035775453833225134 2.6701477672560866e-05 [-4731.688476562,-1822.602539062] -24.96778448008479 -25.8628445496162 8.674485752697674 26.10662263345489 80.1537393906583
314.8439329774709 -7.893959770191171 0.34375 1.046875 [314.8439329774709,-7.893959770191171] -30.697847308386017 0.42487475837190813 0.0014732876615043164 2.32625428172382e-05 [-3868.829101562,-2598.780273438] -22.7395985441162 -23.920568784984383 8.294283269580584 23.279290106265535 71.67262394028512
314.84481789316453 -7.899855810219928 0.3359375 0.9836426 [314.84481789316453,-7.899855810219928] -33.124118251048955 0.38449564532059277 0.0016273150414403716 2.325261320082877e-05 [-3867.197265625,-2588.180664062] -22.340809537919824 -23.561201120538982 8.24283094787095 23.237659006865897 71.74119710187188
315.3813781614618 -8.538846961568185 0.38085938 1.4506836 [315.3813781614618,-8.538846961568185] -30.289608995545827 2.9765149678431984 0.00019688663330375613 2.177875286285101e-05 [-2906.397460938,-1443.390625] -21.165400574032777 -23.302279835018172 7.1696174592385855 14.078991283734808 76.4059145998267
317.23309318356524 -7.071229559616475 0.390625 1.5234375 [317.23309318356524,-7.071229559616475] -26.348184710053996 2.0499646405090615 0.0003312210258996241 2.5233237257376486e-05 [390.71484375,-4090.685546875] -15.543271303101095 -12.762525493554248 7.550855748679875 2.6475927374598314 45.59992191271613
316.7561949423078 -7.820213629779554 0.42578125 1.8808594 [316.7561949423078,-7.820213629779554] 41.74642934989362 1.4539342914072353 0.000383815159281965 2.073841717636531e-05 [-460.3813476562,-2743.215820312] -21.1275230479094 -17.18408803077545 6.801764916529381 3.4862370631844897 58.330604613720425
316.08563208379013 -8.00763420052904 0.37695312 1.394043 [316.08563208379013,-8.00763420052904] -29.175895396672704 3.1912683223439164 0.0001780512480530036 2.1116262232699364e-05 [-1655.344726562,-2403.952148438] -20.738783432127523 -20.122185860541624 6.593118066474845 9.53031425892027 65.10986560175297
317.16436775259893 -7.085481969347961 0.39453125 1.574707 [317.16436775259893,-7.085481969347961] -31.138587887802654 1.0880156318298022 0.0006139437917104809 2.4824039308607694e-05 [267.9423828125,-4065.115234375] -16.486141314757134 -13.224186983227845 7.643776062559558 3.289975083317813 46.24296038532975
316.7749327498782 -7.833054068169673 0.41992188 1.8310547 [316.7749327498782,-7.833054068169673] -11.650650573913122 0.31230313371286883 0.0017918442236101383 2.0796262765569102e-05 [-426.9541015625,-2720.134765625] -21.273504150591055 -17.24393682059383 6.686193625202697 3.2175126206789173 58.37135510099779
316.7759094663699 -7.83165069827333 0.41992188 1.8310547 [316.7759094663699,-7.83165069827333] -10.66865734419805 0.3159608084924451 0.0017714172568916455 2.079997393826513e-05 [-425.2138671875,-2722.661132812] -21.273504150591055 -17.24393682059383 6.686193625202697 3.2149803916929613 58.34697166640535
315.61425791594337 -7.5484340295078605 0.34375 1.0625 [315.61425791594337,-7.5484340295078605] -26.70383642317423 2.222632285490416 0.0002778318272165305 2.2948712059991307e-05 [-2498.103515625,-3227.421875] -24.620777810266 -22.107661251007947 7.627977877745751 17.040081719937575 62.350726999768995
314.6949155319726 -7.143293064741546 0.37109375 1.3237305 [314.6949155319726,-7.143293064741546] -74.74674063214378 0.8180612029844337 0.0009476485117831009 2.880990223764863e-05 [-4141.471679688,-3947.5703125] -21.139530902511357 -22.220556966199997 9.099268706727933 28.990369616577254 63.22035329848177
315.03854380959694 -7.058931696556812 0.42773438 1.8989258 [315.03854380959694,-7.058931696556812] -44.739496378414174 0.7960069020100101 0.0009330537657936367 2.760146963558103e-05 [-3528.821289062,-4103.038085938] -18.966494041070924 -20.361287529475078 8.106448083084707 25.832040718280837 59.941528812202705
315.1945190074787 -8.848686314622427 0.36914062 1.3217773 [315.1945190074787,-8.848686314622427] -22.763083957364753 1.2005713161893352 0.0004920561245866011 2.195388111302335e-05 [-3236.186523438,-884.095703125] -20.736189868894034 -24.42682125129096 7.353509782205938 14.384961596220364 81.53870783094044
314.2500913558863 -8.204591846478724 0.35351562 1.1567383 [314.2500913558863,-8.204591846478724] -81.67189192061127 0.4068627139304198 0.001923325035750534 2.9080996200262892e-05 [-4922.8515625,-2032.397949219] -26.292468428718404 -26.9088682487523 8.45327007514582 27.872700256100302 79.34936872338494
314.25332630607306 -8.20145322542903 0.35351562 1.1567383 [314.25332630607306,-8.20145322542903] 67.69924857983406 2.844293081587784 0.00027352835984128946 2.891248426444419e-05 [-4917.133789062,-2038.091308594] -26.292468428718404 -26.9088682487523 8.45327007514582 27.855462249565562 79.28953232919912
315.96350110687496 -8.05177108856501 0.37890625 1.4208984 [315.96350110687496,-8.05177108856501] -31.79184925222792 0.6250773580687413 0.0009201307365093345 2.1374305352329904e-05 [-1872.80078125,-2323.916015625] -21.098311683865546 -20.34206304812284 6.351423360484885 10.578189364588638 66.46453783384413
316.07705674876377 -6.849017859275906 0.39453125 1.5507812 [316.07705674876377,-6.849017859275906] -29.548767374973483 0.7245922215143811 0.0010952227606251194 2.9492041160581418e-05 [-1675.041015625,-4488.212890625] -16.869601978508527 -14.625985963405562 8.395182039010201 16.060483845871204 50.498319374511084
314.1015931363506 -8.16506493452522 0.3984375 1.5961914 [314.1015931363506,-8.16506493452522] -48.101935235323914 0.10277723227614594 0.00801550667833694 3.061516480951076e-05 [-5187.602539062,-2101.401855469] -27.86718487461465 -28.414452642868564 8.557452791646494 29.660376350801243 79.78873590757303
314.1179502800323 -8.16563126626736 0.38671875 1.472168 [314.1179502800323,-8.16563126626736] -54.91557959442914 1.3520443633144124 0.0006041461404951507 3.035579774102563e-05 [-5158.48828125,-2100.622558594] -27.74479110559869 -28.24685574280374 8.563087147335047 29.484010172336184 79.69284180899103
314.1046140075523 -8.16487606718468 0.3984375 1.5961914 [314.1046140075523,-8.16487606718468] -47.710165712608045 0.3828948392062382 0.0021482282165385834 3.056811317638312e-05 [-5182.229492188,-2101.786132812] -27.86718487461465 -28.414452642868564 8.557452791646494 29.62939696044043 79.76734599488918
317.3003845951881 -7.109548165731122 0.41015625 1.7324219 [317.3003845951881,-7.109548165731122] -23.04684280476445 0.32884222235402516 0.0020167075640894747 2.4645589181581282e-05 [510.8745117188,-4021.6796875] -15.168056849871055 -12.598499605680553 7.515083004402974 1.7241937639691969 45.63576032653555
316.24142445361673 -8.050190059500157 0.37304688 1.3520508 [316.24142445361673,-8.050190059500157] -34.02858641582803 2.7066043918325136 0.00021006131341765402 2.112903010733981e-05 [-1377.5390625,-2328.041992188] -20.402175350976552 -19.719184148790493 6.892479225086574 7.650827227172158 64.63906807939838
315.47052017272523 -7.428684928860315 0.421875 1.8271484 [315.47052017272523,-7.428684928860315] -35.82431556863105 1.6613316840171795 0.00038549171767461127 2.380017237970053e-05 [-2755.26171875,-3441.78515625] -23.61056870563982 -22.24263703051861 7.716358654396061 19.2202759417969 61.77498871657008
316.06097418466123 -7.925625560360412 0.375 1.3833008 [316.06097418466123,-7.925625560360412] -26.541286962137487 0.8624913999958594 0.0006649392911634004 2.131304356349095e-05 [-1699.630859375,-2551.407226562] -21.22043280329769 -20.114917386832808 6.691829860034726 10.241839931072718 64.22621270594482
314.2943114748714 -7.524904622048618 0.36132812 1.2216797 [314.2943114748714,-7.524904622048618] -54.32315889370421 0.6879250835809121 0.0011959375099376154 3.0574427657837266e-05 [-4852.106445312,-3256.000976562] -24.95497009608993 -24.818177602746736 8.788665243152535 31.11668652116532 70.55487478479517
314.29678344350003 -7.523156626932253 0.36132812 1.2216797 [314.29678344350003,-7.523156626932253] -62.2915535874045 2.0874448345193852 0.00039265984294892644 3.0460722402711564e-05 [-4847.719726562,-3259.1796875] -24.95497009608993 -24.818177602746736 8.788665243152535 31.10015257299608 70.51727827459672
316.08505262525244 -8.433515598804378 0.35742188 1.206543 [316.08505262525244,-8.433515598804378] -30.632323469154205 1.4082372974733308 0.0003972975609179367 2.0792200026143554e-05 [-1654.598632812,-1637.514648438] -21.124068827696806 -19.601823332843004 6.837864824987017 7.205467275876572 70.550085984823
316.06643678712277 -8.077230194817158 0.36914062 1.3276367 [316.06643678712277,-8.077230194817158] -28.960092841894145 1.07032239385195 0.0005272118586175422 2.097048551704297e-05 [-1689.264648438,-2278.62109375] -20.528260372761107 -20.05309028268985 6.392042041533434 9.350855501420597 66.12120783539922
316.07254030432733 -8.068801899900338 0.36914062 1.3276367 [316.07254030432733,-8.068801899900338] -25.579892063686707 2.0748110544108727 0.00027192761671834744 2.0967206514180307e-05 [-1678.423828125,-2293.817382812] -20.528260372761107 -20.05309028268985 6.392042041533434 9.332631288825155 65.97418705148448
316.076721367205 -8.08455197287301 0.35546875 1.1821289 [316.076721367205,-8.08455197287301] -27.0886638787023 0.9876959946191494 0.0005719722531684447 2.0994568695495056e-05 [-1670.908203125,-2265.494140625] -20.46171432876276 -19.983031244396862 6.480493839995606 9.202010890908923 66.14778431230616
314.79162611059223 -7.255959729857618 0.41796875 1.7856445 [314.79162611059223,-7.255959729857618] -5.20930088469603 1.3139164703663808 0.0005533356618266297 2.7018741779039476e-05 [-3967.893554688,-3746.02734375] -21.586735439058508 -22.429125810846436 8.560408579065413 27.34474857396981 64.00375157063354
315.5243836020677 -6.777747661342754 0.375 1.3544922 [315.5243836020677,-6.777747661342754] -36.05236097696924 2.2932802985152554 0.0003859582160533484 3.289320059955686e-05 [-2662.923828125,-4612.974609375] -19.00886237252323 -17.23103401100429 8.626143004340925 22.280764977298645 53.249370764927335
316.37335203037463 -8.141275646214856 0.3515625 1.1333008 [316.37335203037463,-8.141275646214856] -37.14353571408153 0.21451756764922783 0.002612808882489531 2.0829517548262574e-05 [-1142.168945312,-2164.598632812] -20.453666205481703 -19.410803264228516 7.08082732131704 5.756982679820567 64.943502749049
