data_processed/hvc_rms/hvc_rms_index_6.ecsv
# %ECSV 1.0
# ---
# datatype:
# - {name: ra_dec_obj.ra, unit: deg, datatype: float64}
# - {name: ra_dec_obj.dec, unit: deg, datatype: float64}
# - {name: 'H-alpha flux [Error]', unit: R, datatype: float32}
# - {name: H-alpha flux, unit: R, datatype: float32}
# - {name: ra_dec_deg, datatype: string, subtype: 'float64[2]'}
# - {name: RM, unit: rad / m2, datatype: float64}
# - {name: RM_uncert, unit: rad / m2, datatype: float64}
# - {name: pol_int, datatype: float64}
# - {name: pol_int_uncert, datatype: float64}
# - {name: ra_dec_pix_offsets, datatype: string, subtype: 'float64[2]'}
# - {name: interpolation_raw, unit: rad / m2, datatype: float64}
# - {name: interpolation_cor, unit: rad / m2, datatype: float64}
# - {name: interpolation_unc, unit: rad / m2, datatype: float64}
# - {name: pixel location x, datatype: float64}
# - {name: pixel location y, datatype: float64}
# meta: !!omap
# - __serialized_columns__:
#     ra_dec_obj:
#       __class__: astropy.coordinates.sky_coordinate.SkyCoord
#       dec: !astropy.table.SerializedColumn
#         __class__: astropy.coordinates.angles.Latitude
#         unit: &id001 !astropy.units.Unit {unit: deg}
#         value: !astropy.table.SerializedColumn {name: ra_dec_obj.dec}
#       frame: icrs
#       ra: !astropy.table.SerializedColumn
#         __class__: astropy.coordinates.angles.Longitude
#         unit: *id001
#         value: !astropy.table.SerializedColumn {name: ra_dec_obj.ra}
#         wrap_angle: !astropy.coordinates.Angle
#           unit: *id001
#           value: 360.0
#       representation_type: spherical
# schema: astropy-2.0
ra_dec_obj.ra ra_dec_obj.dec "H-alpha flux [Error]" "H-alpha flux" ra_dec_deg RM RM_uncert pol_int pol_int_uncert ra_dec_pix_offsets interpolation_raw interpolation_cor interpolation_unc "pixel location x" "pixel location y"
[from data line 267]
81.17066975955879 -55.568088609052296 1.34375 1.4624023 [81.17066975955879,-55.568088609052296] -11.05936098242518 0.5334101585396949 0.0009609069174728338 1.9048084340823413e-05 [-4401.060546875,-143.650390625] 34.368971449307416 32.979151937214255 8.413603300110767 36.6123441404435 8.065932255431335
83.54834743208878 -55.035163782259275 1.421875 2.2490234 [83.54834743208878,-55.035163782259275] 20.45200189117315 0.760070076641673 0.0005727611320468825 1.617841147882178e-05 [-2011.803710938,-1212.051269531] 36.4308708394815 39.249855675050654 8.508318174077447 52.87831783639615 15.660383086227966
83.53847471480206 -55.03383627111643 1.421875 2.2490234 [83.53847471480206,-55.03383627111643] 21.120760396076058 0.4867246623987043 0.0008952141788726842 1.6192690232919343e-05 [-2022.048828125,-1214.15234375] 36.4308708394815 39.249855675050654 8.508318174077447 52.810823024870615 15.681269360328088
83.52988418781433 -55.03218090612779 1.421875 2.2490234 [83.52988418781433,-55.03218090612779] 19.811648498123787 0.964721185062276 0.00045320772680301915 1.6248296084812132e-05 [-2030.989257812,-1216.879394531] 36.4308708394815 39.249855675050654 8.508318174077447 52.75223266216551 15.706580159303485
82.81584187099538 -54.318420632548914 1.3828125 1.8256836 [82.81584187099538,-54.318420632548914] 14.419668801323517 0.6677498455046544 0.0007024337655116668 1.7431223806872655e-05 [-2816.078125,-2475.7578125] 35.61979858855379 37.549027783811965 8.274266784894108 47.99377501969548 26.05697900739756
84.08482359811731 -55.1624108031012 1.3828125 1.7973633 [84.08482359811731,-55.1624108031012] 42.71975673772717 2.5273141259550456 0.00017250587559601238 1.620211908110916e-05 [-1454.012695312,-996.5014648438] 38.19730483987509 40.25489778985335 8.957839346544088 56.519123249911104 13.72839726965367
83.78315005751533 -55.58415989567442 1.375 1.7138672 [83.78315005751533,-55.58415989567442] 29.88043991264239 1.4733036761381322 0.000299909089560845 1.6420659820018673e-05 [-1745.377929688,-230.595703125] 37.51231271881919 39.387481929971145 8.428302905463187 54.3331406293986 7.7833976958595485
84.72224444619802 -54.402065324168376 1.359375 1.5761719 [84.72224444619802,-54.402065324168376] 14.094141690674945 0.5352655938623969 0.0008091924072783265 1.6096439837174494e-05 [-813.8828125,-2375.20703125] 39.3526963006641 41.516082697407754 9.184136303621871 61.280714048193204 24.317181167784383
84.72419733751495 -54.40255347950599 1.359375 1.5761719 [84.72419733751495,-54.40255347950599] 13.248761341305348 0.7307640331071051 0.0005939073682864655 1.6128893733708516e-05 [-811.8271484375,-2374.3515625] 39.3526963006641 41.516082697407754 9.184136303621871 61.294061958025054 24.309506565077072
82.07949045395303 -55.84292219202315 1.46875 2.6884766 [82.07949045395303,-55.84292219202315] 3.8489040718029237 1.654232808903193 0.00028044679296873983 1.724073637801934e-05 [-3453.83203125,298.7954101562] 35.54020347079292 34.9196715609183 8.593606465375537 42.79406285962955 4.174636649845297
81.50674479687432 -53.62893699968424 1.25 0.461792 [81.50674479687432,-53.62893699968424] -1.1460281258846656 0.8899303492775646 0.0006591818753833128 2.1800676907095935e-05 [-4258.0390625,-3648.084960938] 32.57949872331307 32.90755753036517 8.377518528294939 38.89280651067429 36.17608065036211
81.50715638425363 -53.63091302179784 1.25 0.461792 [81.50715638425363,-53.63091302179784] 3.6982036273608507 1.443026822586132 0.00040530698893776796 2.1735378103226274e-05 [-4257.401367188,-3644.561523438] 32.57949872331307 32.90755753036517 8.377518528294939 38.89546421957971 36.147437014556544
83.47016176156373 -54.598552865684184 1.3828125 1.7895508 [83.47016176156373,-54.598552865684184] 7.784719821859797 0.6994251490815604 0.0006288116847206513 1.6344459017614515e-05 [-2115.157226562,-1995.202148438] 36.58745741991725 39.64721772064895 8.798129586684365 52.47335559616897 21.91227401017659
80.40758512222921 -54.9483528532155 1.2734375 0.76831055 [80.40758512222921,-54.9483528532155] 12.519160306120654 0.021556088007283963 0.03404219508690296 2.7270695076930835e-05 [-5256.438476562,-1203.435546875] 34.33454284222362 30.179315533365685 8.051939481715682 31.260229157807316 16.965335649259714
83.21048757539927 -55.04850001080665 1.3671875 1.699707 [83.21048757539927,-55.04850001080665] 37.97109987794292 2.9960278772090976 0.00014796520972095125 1.6474573006730787e-05 [-2359.291992188,-1177.404296875] 35.860343160665145 38.37805795434943 7.913795575077107 50.55238265158391 15.529189683516051
83.1958771939609 -55.0470389233847 1.3671875 1.699707 [83.1958771939609,-55.0470389233847] 39.616600817847946 3.2202148044722936 0.0001374811468360043 1.645268154671933e-05 [-2374.432617188,-1179.533691406] 35.860343160665145 38.37805795434943 7.913795575077107 50.452289990857935 15.552367965370422
84.75291441070013 -55.56799315541138 1.40625 2.0820312 [84.75291441070013,-55.56799315541138] 57.129896890512946 0.9796377006244182 0.00044459159896001975 1.6185847543891082e-05 [-759.33984375,-277.2221679688] 38.93141190286888 40.49458736673871 8.568180412746319 60.914567670773636 7.794165945664645
82.97034420927282 -53.869518237374514 1.328125 1.3154297 [82.97034420927282,-53.869518237374514] 40.42417911670558 1.5515872612736477 0.0003114415325515852 1.7958143446281983e-05 [-2682.919921875,-3289.022460938] 35.39155750713095 37.05575615323704 8.55882800562162 49.21758180121299 32.45954943504603
81.01850927497526 -56.03738413132137 1.296875 0.94677734 [81.01850927497526,-56.03738413132137] 5.987455314827685 0.13504069304475327 0.003789562424669338 1.9017894191035582e-05 [-4500.874023438,709.1430664062] 36.58998449673144 34.44187575542202 8.426187821661943 35.6998570408291 1.2303457248149243
83.33548742106855 -53.563056758327654 1.3828125 1.8144531 [83.33548742106855,-53.563056758327654] 35.691634293664364 1.2771879636004702 0.00042174587860682527 2.0017708810764472e-05 [-2312.50390625,-3853.166015625] 35.71269710407944 37.549917243898264 8.011884807764408 51.931668400660556 36.740801372525766
83.32970468931062 -53.56715404749551 1.3828125 1.8144531 [83.32970468931062,-53.56715404749551] 30.29076849681259 2.7842717495786955 0.00019223320580552625 1.989063887503796e-05 [-2318.45703125,-3845.606445312] 35.71269710407944 37.549917243898264 8.011884807764408 51.88864031092203 36.68410891638996
80.63879364557987 -55.5328978526273 1.3125 1.1367188 [80.63879364557987,-55.5328978526273] 12.19860748514586 2.2660119393573073 0.00026440013997055574 2.2265506432152363e-05 [-4945.071289062,-171.0004882812] 33.77390704178802 31.860568448860203 8.042809008035038 32.9941971962171 8.49018216543459
84.47557104541549 -55.81440734731254 1.375 1.7441406 [84.47557104541549,-55.81440734731254] 34.14886060887785 1.6823003157005434 0.0002632001389462816 1.6455017321771083e-05 [-1035.02734375,169.8803710938] 38.34570228597518 41.02988680994625 8.45878353700823 58.94571725738035 4.369783739025479
84.4712986332258 -55.809841134312535 1.375 1.7441406 [84.4712986332258,-55.809841134312535] 31.854741031458154 0.8821653357018177 0.0005025685445886001 1.6476083886187906e-05 [-1039.469726562,161.7260742188] 38.34570228597518 41.02988680994625 8.45878353700823 58.918477653265654 4.43558000502685
80.61765258168165 -54.52012637989186 1.28125 0.78515625 [80.61765258168165,-54.52012637989186] 28.315821071918425 1.4954714437845635 0.0004132695476478397 2.2967844149915932e-05 [-5093.6640625,-1987.83984375] 35.25074375822177 32.0981565812412 8.65943320385361 32.63423562212506 23.234438790059357
83.41974672865993 -54.441036474211415 1.3671875 1.6796875 [83.41974672865993,-54.441036474211415] 27.253401244739816 1.8172949790923214 0.0002454666737526981 1.65777912835588e-05 [-2176.07421875,-2276.985351562] 36.53283380830437 39.536823908326824 8.78291134775996 52.175840761423615 24.174195055035398
84.32727050188515 -55.81793199420798 1.34375 1.4545898 [84.32727050188515,-55.81793199420798] 24.239226556840762 0.5413988790468507 0.000819994709784028 1.6498220585430198e-05 [-1184.879882812,178.6000976562] 38.11526749097311 40.792545549586805 8.32294638482513 57.94506291305879 4.3520977151670195
77.92222589747585 -55.660362252880404 1.2109375 0.14001465 [77.92222589747585,-55.660362252880404] 5.893837758144771 1.2898769163494557 0.0003597449701963388 1.7244543588456114e-05 [1444.944824219,-100.2446289062] 33.72459718971788 31.99184871509148 8.523872911391164 14.66239836756779 5.619269908812839
79.59261323090092 -54.520797910836315 1.34375 1.3989258 [79.59261323090092,-54.520797910836315] 17.687796008038227 2.1792733168677296 0.0002274904883100162 1.8423988227454885e-05 [3230.387451172,-2094.073242188] 33.12544943929112 29.815951746022 8.860642100615175 25.49640920171646 23.058627875723687
81.21176904949084 -55.448955573220985 1.328125 1.2607422 [81.21176904949084,-55.448955573220985] 1.365938741138084 1.902124667906094 0.00033487932521568663 2.367205803354339e-05 [4805.601074219,-332.244140625] 34.54693672381428 32.87284109019084 8.25712556186173 36.86977110532723 9.799129904484289
77.73239893195685 -54.84534455039942 1.3125 1.1069336 [77.73239893195685,-54.84534455039942] 20.186715553278656 0.6948366137909197 0.0006733518237958363 1.738735170894762e-05 [1278.176757812,-1570.673339844] 31.529452275315315 29.890945358319723 7.668605920848434 12.766941343893109 17.603501895896443
77.5546034159219 -53.51287082249223 1.296875 0.951416 [77.5546034159219,-53.51287082249223] 4.477842204096845 0.956333033395852 0.000607157741487044 2.157840784589383e-05 [1129.737304688,-3970.965820312] 31.817214269908668 29.570413150735778 7.837702194610453 10.7152133940358 37.33353135752577
77.40084088201398 -55.3575590751432 1.234375 0.33166504 [77.40084088201398,-55.3575590751432] 7.457443706463632 2.345144729936015 0.00019791557608432673 1.7248777823847284e-05 [922.716796875,-654.1079101562] 33.19874899008502 32.79718061482455 7.6970045532603475 10.883883209491387 9.816994088315369
77.80364206742193 -54.49869933708946 1.2578125 0.6118164 [77.80364206742193,-54.49869933708946] 5.335269514128735 2.1063144819749287 0.00022454193811035405 1.7576377992173846e-05 [1363.577636719,-2193.069335938] 33.68446530881174 30.91446778461355 8.146414100202652 13.032587712368013 22.782509737607143
76.88861857372318 -53.80407710799347 1.2890625 0.9133301 [76.88861857372318,-53.80407710799347] 3.953988713339186 1.4619703203009078 0.0003345973606041361 1.8178990805929094e-05 [414.0932617188,-3454.5625] 28.769620220868745 30.77467173693521 7.146167488955528 6.159064942798523 32.695819607867634
76.10739148801726 -55.9188919092782 1.234375 0.34472656 [76.10739148801726,-55.9188919092782] 1.9370597231356825 1.9249506494803477 0.0002355972190859805 1.6853824329982932e-05 [-395.0048828125,351.4194335938] 34.517943012682565 34.27251657563423 8.80567116018495 2.7070594652822138 0.5477981619469574
79.52294170000711 -55.120849541363754 1.3203125 1.168457 [79.52294170000711,-55.120849541363754] 0.8570423920394686 2.421737518240415 0.00019690931026382938 1.7721563046748848e-05 [3111.146972656,-1018.343261719] 33.73014873106677 29.895516366045243 8.351046660221353 25.235486276400252 14.239689016216744
79.59661095010334 -54.89163208762027 1.3515625 1.5092773 [79.59661095010334,-54.89163208762027] 7.694803334269465 0.0977469704832848 0.005040532940723923 1.8310005148864874e-05 [3205.127197266,-1427.149414062] 34.43206856187174 30.405014735017204 8.135371210292295 25.65177328466598 17.62146303524787
80.06703957910554 -53.780643206268195 1.328125 1.2602539 [80.06703957910554,-53.780643206268195] 57.58043011014888 0.6251269764226095 0.0008785163254386348 2.0409237530195383e-05 [3792.384765625,-3400.321289062] 33.50526244128822 30.65994908728714 8.35832286934138 28.66550486386336 33.974001172007775
80.06766516615652 -53.78185639194666 1.328125 1.2602539 [80.06766516615652,-53.78185639194666] 54.51059965632221 0.7475189578819901 0.00073781246920216 2.0496367770488534e-05 [3792.939208984,-3398.107421875] 33.50526244128822 30.65994908728714 8.35832286934138 28.670095068055957 33.95631741221541
79.36399823984398 -53.5076634988079 1.2734375 0.7248535 [79.36399823984398,-53.5076634988079] 1.0228745836868594 0.47051860689923813 0.0012979695991815524 2.269603676408469e-05 [3065.59765625,-3925.610351562] 31.77134048171022 28.097016643916078 7.751024306636098 23.619210578536013 37.89086459936607
80.18334956793963 -54.48338720122957 1.3203125 1.2016602 [80.18334956793963,-54.48338720122957] 22.971306023603248 2.509929520602269 0.0002157803265872882 2.0127140386426912e-05 [3849.989990234,-2131.165039062] 33.06775358333788 30.4150596481528 8.535907846286873 29.601837439115002 23.716570699173644
76.30626685619815 -53.604766598939875 1.3125 1.1518555 [76.30626685619815,-53.604766598939875] -4.64111002348792 0.22783869244400481 0.0023655323250569064 2.0029267638847293e-05 [-205.9130859375,-3813.966796875] 26.534124061185576 29.573487139432135 7.642096486459419 1.8876821427991217 35.37473648404898
79.6045836289629 -56.013336125558354 1.234375 0.37426758 [79.6045836289629,-56.013336125558354] 29.5607796855982 2.844862674355264 0.0001679464520751454 1.775582451076051e-05 [3123.303222656,590.21484375] 35.469706036703265 33.061355237320214 8.678543462497224 26.214044983031044 1.1854869549183604
79.62309259622741 -53.4662779313958 1.3125 1.1025391 [79.62309259622741,-53.4662779313958] 19.629952545136668 3.341570023234648 0.00018791014378069298 2.3335090755574638e-05 [3345.838134766,-3988.004882812] 31.104872447494472 28.172826471947033 7.781123433312189 25.461424613519625 38.532889451467554
77.85873389081848 -54.485435268143924 1.265625 0.640625 [77.85873389081848,-54.485435268143924] 8.343773462989338 1.2826588221349957 0.00037090222488802996 1.767987923734513e-05 [1421.610351562,-2215.829101562] 33.6030473782544 30.475044556191317 7.946055195048818 13.407842688993583 23.003895440934684
77.87259681399391 -54.47261437035437 1.265625 0.640625 [77.87259681399391,-54.47261437035437] 13.534929689288003 2.9836599848005694 0.00015867732642973714 1.7594337049693624e-05 [1436.551757812,-2238.611328125] 33.6030473782544 30.475044556191317 7.946055195048818 13.496534934272404 23.2002242445501
78.36987301266821 -55.729720997924055 1.234375 0.30895996 [78.36987301266821,-55.729720997924055] 3.0742143587002064 0.5156979284782437 0.0008956129683495306 1.7164235457675347e-05 [1895.920898438,35.3447265625] 33.80474034079054 31.491047307387905 8.503573030322642 17.735803511331028 4.826189234715457
78.36933876778056 -55.74268710871449 1.2265625 0.25769043 [78.36933876778056,-55.74268710871449] 1.064449699425485 2.5284278893937207 0.00018366007970916392 1.725734747724934e-05 [1894.750488281,58.66064453125] 33.66427841303378 31.488080602736083 8.485878353843574 17.74144040971146 4.634493016700617
79.17153931278217 -55.8738899515216 1.2265625 0.2734375 [79.17153931278217,-55.8738899515216] 6.213513926076893 2.769258585493991 0.0001677644449168892 1.726522085703098e-05 [2697.821289062,321.2587890625] 35.57254379017192 33.172855750469914 8.475038665359271 23.22868074295593 3.0637982441219265
77.69541950670919 -55.08936686352216 1.3125 1.1113281 [77.69541950670919,-55.08936686352216] 10.835704590929332 2.7807115690208724 0.00016590257687930864 1.7144221878487436e-05 [1232.355957031,-1132.207519531] 30.72181332524873 29.7703163648334 7.625830774677539 12.686464697499105 13.962889589371798
80.89326480661842 -55.627571177032785 1.3359375 1.3466797 [80.89326480661842,-55.627571177032785] 14.623731739915025 1.2935054739942744 0.00044564726745615116 2.1422404825807485e-05 [4461.175537109,-32.70751953125] 34.45946366324027 32.90764702315681 8.195066263121522 34.74517685531225 7.159847048636038
