data_processed/hvc_rms/hvc_rms_index_17_with_B.ecsv
# %ECSV 1.0
# ---
# datatype:
# - {name: ra_dec_obj.ra, unit: deg, datatype: float64}
# - {name: ra_dec_obj.dec, unit: deg, datatype: float64}
# - {name: 'H-alpha flux [Error]', unit: R, datatype: float32}
# - {name: H-alpha flux, unit: R, datatype: float32}
# - {name: ra_dec_deg, datatype: string, subtype: 'float64[2]'}
# - {name: RM, unit: rad / m2, datatype: float64}
# - {name: RM_uncert, unit: rad / m2, datatype: float64}
# - {name: pol_int, datatype: float64}
# - {name: pol_int_uncert, datatype: float64}
# - {name: ra_dec_pix_offsets, datatype: string, subtype: 'float64[2]'}
# - {name: interpolation_raw, unit: rad / m2, datatype: float64}
# - {name: interpolation_cor, unit: rad / m2, datatype: float64}
# - {name: interpolation_unc, unit: rad / m2, datatype: float64}
# - {name: pixel location x, datatype: float64}
# - {name: pixel location y, datatype: float64}
# - {name: 'B_virtual [raw]', unit: G, datatype: float64}
# - {name: 'B_virtual_unc [raw]', unit: G, datatype: float64}
# - {name: 'B_virtual [int]', unit: G, datatype: float64}
# - {name: 'B_virtual_unc [int]', unit: G, datatype: float64}
# - {name: 'B_virtual [cor]', unit: G, datatype: float64}
# - {name: 'B_virtual_unc [cor]', unit: G, datatype: float64}
# meta: !!omap
# - __serialized_columns__:
#     ra_dec_obj:
#       __class__: astropy.coordinates.sky_coordinate.SkyCoord
#       dec: !astropy.table.SerializedColumn
#         __class__: astropy.coordinates.angles.Latitude
#         unit: &id001 !astropy.units.Unit {unit: deg}
#         value: !astropy.table.SerializedColumn {name: ra_dec_obj.dec}
#       frame: icrs
#       ra: !astropy.table.SerializedColumn
#         __class__: astropy.coordinates.angles.Longitude
#         unit: *id001
#         value: !astropy.table.SerializedColumn {name: ra_dec_obj.ra}
#         wrap_angle: !astropy.coordinates.Angle
#           unit: *id001
#           value: 360.0
#       representation_type: spherical
# schema: astropy-2.0
ra_dec_obj.ra ra_dec_obj.dec "H-alpha flux [Error]" "H-alpha flux" ra_dec_deg RM RM_uncert pol_int pol_int_uncert ra_dec_pix_offsets interpolation_raw interpolation_cor interpolation_unc "pixel location x" "pixel location y" "B_virtual [raw]" "B_virtual_unc [raw]" "B_virtual [int]" "B_virtual_unc [int]" "B_virtual [cor]" "B_virtual_unc [cor]"
[from data line 292]
139.48281831247286 -66.92811583890794 2.40625 12.1328125 [139.48281831247286,-66.92811583890794] -51.94669340578188 0.9069402260151888 0.0005479924581604668 1.846978965499315e-05 [91.27685546875,3644.359130859] 34.397503299118256 20.839668341474553 19.698332679096282 19.511988246175065 54.0740501832845 -3.939361167685015e-06 7.515472485414441e-07 -6.5478850193067526e-06 1.8129807342153628e-06 -5.519730866494414e-06 1.7505411387288453e-06
142.90640265337242 -66.3641051576517 2.640625 14.417969 [142.90640265337242,-66.3641051576517] -61.14717368804217 3.2262556064789396 0.00015469803679573312 1.8547794594955636e-05 [2562.38671875,2701.436523438] 33.07287973244274 24.88135363229503 21.71702522231169 35.861239820915785 47.332632303743594 -4.253759993164139e-06 7.653795483999906e-07 -6.554505623409122e-06 1.8105719610883313e-06 -5.984654493649017e-06 1.7777435641222135e-06
140.09535189576582 -65.95645143625663 2.546875 13.40625 [140.09535189576582,-65.95645143625663] -9.2934803234247 0.34073899126777313 0.0013140337817062774 1.6639377199772777e-05 [544.0600585938,1899.1015625] 32.685443994045606 24.938054125723042 19.793835949744462 29.655965614686693 60.66925604582025 -6.70460753866157e-07 5.131551350362152e-07 -3.028490970539852e-06 1.5658322355452263e-06 -2.469570020492967e-06 1.548939181087749e-06
140.10009793243947 -65.9536361773693 2.546875 13.40625 [140.10009793243947,-65.9536361773693] -7.786258682662866 1.2033854689374677 0.00037045013003964087 1.6566975033007113e-05 [547.6005859375,1894.076171875] 32.685443994045606 24.938054125723042 19.793835949744462 29.696085770178684 60.67779988273014 -5.617250679507885e-07 5.176550791074504e-07 -2.9197552846244843e-06 1.5645090424998506e-06 -2.3608343345775987e-06 1.5482738141596286e-06
141.78431731001763 -67.06807702150915 2.4375 12.324219 [141.78431731001763,-67.06807702150915] -3.0328942217753734 0.5110739482990329 0.0011179283186508536 2.123275772718571e-05 [1704.397460938,3928.739257812] 31.835076387923 18.82453509650023 20.475433481381142 26.1039719877341 45.17418744811789 -2.2820554812493837e-07 5.2898720683396e-07 -2.623587821777909e-06 1.6659966752912897e-06 -1.644629279309105e-06 1.6434225463839357e-06
139.3811948550495 -67.22204593324959 2.265625 10.671875 [139.3811948550495,-67.22204593324959] -45.35591051272612 1.6369025700323385 0.0003486840115041392 2.1211118366243718e-05 [19.3681640625,4172.965332031] 34.76287804314202 22.84726942182546 20.071892170017488 16.75990279492953 51.764175146397065 -3.6674327518647645e-06 7.735540303687667e-07 -6.478323681917371e-06 1.945464171135934e-06 -5.514839698855073e-06 1.8870699487833578e-06
140.56307957739588 -65.84068311438736 2.46875 12.6640625 [140.56307957739588,-65.84068311438736] -12.878188895911482 0.8550607422644245 0.0005267795300434844 1.6739194711602534e-05 [891.0405273438,1696.070800781] 34.12159877093564 28.690166868640762 19.872719003070188 32.27043812690147 60.06814521980755 -9.559097748455423e-07 5.385944448364889e-07 -3.4886548729431635e-06 1.6322106781827726e-06 -3.085495788325301e-06 1.6178574512414517e-06
142.74250763671725 -66.50173181483949 2.578125 13.847656 [142.74250763671725,-66.50173181483949] -17.193492125136864 3.113435837142461 0.00015808310079683087 1.8290857624303347e-05 [2430.909179688,2942.234619141] 34.622344199075464 25.071971731125764 21.662691453167106 34.127022607659 46.740236868022976 -1.2204629253597176e-06 5.66315559129686e-07 -3.6780955677847854e-06 1.6991429045875374e-06 -3.0001718838888347e-06 1.676658304011812e-06
144.89022816345877 -65.91645802100376 2.703125 15.0546875 [144.89022816345877,-65.91645802100376] -1.9710437171635806 2.4129557351658453 0.00021678839642445057 1.9439902888436225e-05 [4060.548828125,2001.670898438] 32.191978767511486 36.05022051877245 18.644344403871035 46.3588358159609 43.9046459103447 -1.3418655973055837e-07 5.043594204179737e-07 -2.3257822326808427e-06 1.3973511882618271e-06 -2.588447227222689e-06 1.4047951656721408e-06
144.729949775211 -67.19645688688946 2.734375 15.40625 [144.729949775211,-67.19645688688946] -5.891668262907713 1.7986208516652114 0.0003729764550056394 2.4930428545840026e-05 [3745.345214844,4286.10949707] 29.941564417645722 20.168507520718197 17.15823944570068 34.48445611437626 33.96610079108018 -3.9649567022831064e-07 4.889609809575875e-07 -2.411493820446555e-06 1.2895065075760513e-06 -1.75378965727728e-06 1.2724238879996588e-06
145.4020689316907 -66.14122008340972 2.640625 14.457031 [145.4020689316907,-66.14122008340972] -68.4024079705756 2.3041396957465294 0.00024795459605860026 2.12319396914297e-05 [4395.642578125,2438.65625] 29.658308924907285 33.922180719485716 19.844035876476703 46.021236764445916 40.18950083456025 -4.752044126670914e-06 7.958477267160065e-07 -6.8124627130198605e-06 1.7104560055696302e-06 -7.108681918153987e-06 1.7301606447775614e-06
145.3731538023458 -66.7188645022989 2.78125 15.875 [145.3731538023458,-66.7188645022989] -57.5847189904247 2.7507105971107557 0.00022693205951037664 2.319794200194861e-05 [4274.787109375,3471.282470703] 30.289005345092775 26.161654160446176 19.164256324234987 40.76077785924804 35.6005510762775 -3.817675572117312e-06 6.917488270829395e-07 -5.825736006152237e-06 1.5486124682949324e-06 -5.552106333707455e-06 1.532675030140952e-06
144.3331757559918 -64.42995449017093 3.3125 21.101562 [144.3331757559918,-64.42995449017093] -4.524478243253054 2.363103206112622 0.00020692028665368175 1.817165420851985e-05 [3863.833984375,-699.583984375] 35.90351972034082 42.874691793032426 21.06756171608942 57.66001166331273 58.18431375235923 -2.601715660498698e-07 4.2597418309082287e-07 -2.324735577662249e-06 1.3134574345426317e-06 -2.7255996459246835e-06 1.3244021195595622e-06
144.32414243742477 -64.42105873005859 3.28125 20.734375 [144.32414243742477,-64.42105873005859] -4.194600794245029 2.928244463782085 0.00016695388543344695 1.816822771912675e-05 [3858.093505859,-716.09765625] 36.18355266509373 43.10240182407944 21.036103939039904 57.707151983802646 58.2922472305072 -2.433289569652331e-07 4.411330367992537e-07 -2.342338269454177e-06 1.327284693404083e-06 -2.743700981149079e-06 1.3382825672997107e-06
143.222015360572 -64.71192161927499 2.96875 17.742188 [143.222015360572,-64.71192161927499] 1.329677951486522 2.45155230465621 0.0001937013780853394 1.7647475074641135e-05 [2972.237304688,-253.2827148438] 33.66251348686299 42.90087789244608 19.699388555380203 51.282137050250185 60.093809152929 8.33856885643096e-08 4.6523422998869707e-07 -2.0276306389376666e-06 1.343339475176593e-06 -2.6069794777345654e-06 1.3583461283773392e-06
143.6198881496936 -66.5448761471713 2.53125 13.328125 [143.6198881496936,-66.5448761471713] -0.6799842720927947 3.17287488551948 0.00016066092788861427 1.894401029912696e-05 [3053.896484375,3057.738769531] 30.13902420953131 22.232119729573224 20.245889746859078 36.6509337681664 43.28844789927689 -4.919975875784722e-08 5.561169770338434e-07 -2.2298865498539526e-06 1.5938007796444746e-06 -1.6577883280259754e-06 1.581812252541086e-06
144.5377502169064 -64.40864555144667 3.375 21.679688 [144.5377502169064,-64.40864555144667] 0.1696026201307509 3.2464101627027726 0.0001543939159693054 1.8626972567322966e-05 [4025.269775391,-725.064453125] 36.27895850762245 43.726577301508705 21.55803949018036 58.56338589412337 57.566099715906375 9.621763603295814e-09 4.377488676728152e-07 -2.0485278231484643e-06 1.3216665074495478e-06 -2.4710403255319344e-06 1.3318556597342927e-06
141.33198522557035 -67.23885343958506 2.40625 12.121094 [141.33198522557035,-67.23885343958506] -48.08887812115016 0.9194822551478469 0.0006488330956918615 2.217098814566028e-05 [1377.617675781,4224.701904297] 30.47717065937471 20.441979749891743 19.48466008605479 23.1645534134733 45.205894712400095 -3.6485674092285273e-06 7.252001036579754e-07 -5.960911051622297e-06 1.7635969389300172e-06 -5.199527714596131e-06 1.7198042739338186e-06
141.33901983122433 -67.22824093006176 2.40625 12.0625 [141.33901983122433,-67.22824093006176] -41.87896261726152 3.281097980546229 0.00018070149096484716 2.2033811952679754e-05 [1383.123535156,4205.778076172] 31.88025761363869 21.39122473097197 20.185399064858395 23.277230685831682 45.275124209994374 -3.1851206392763464e-06 7.271924562570011e-07 -5.609785916653444e-06 1.8084653940983375e-06 -4.81203847897313e-06 1.7664920591108711e-06
141.33637970196972 -67.23532103942544 2.40625 12.121094 [141.33637970196972,-67.23532103942544] -59.3401992954576 2.991343471433157 0.0001983483837726011 2.2049749072764867e-05 [1380.87890625,4218.447753906] 30.47717065937471 20.441979749891743 19.48466008605479 23.20884396440829 45.22210077935324 -4.502220173676905e-06 8.351461522624734e-07 -6.814563816070676e-06 1.8310383843252224e-06 -6.05318047904451e-06 1.7823629510430795e-06
142.68327355608545 -64.7606583241933 2.890625 16.96875 [142.68327355608545,-64.7606583241933] -1.6867331679696316 0.18293749408073415 0.002543711316910811 1.7293354770191023e-05 [2554.207519531,-189.21875] 27.172277839542446 38.34726699516076 19.60308912855058 48.95366119860171 61.708210771998665 -1.0816085049283859e-07 4.4922444677003863e-07 -1.8505684445110146e-06 1.354381844193356e-06 -2.5671585692993157e-06 1.3722094509218621e-06
142.6990204356132 -64.75623332536782 2.890625 16.96875 [142.6990204356132,-64.75623332536782] -11.136207010035696 1.2845526807826186 0.00036415629512225294 1.7383949228989708e-05 [2566.693359375,-196.5356445312] 27.172277839542446 38.34726699516076 19.60308912855058 49.04779884136519 61.686665133606084 -7.141032407156993e-07 4.648660541401542e-07 -2.4565108347338755e-06 1.3715214619149584e-06 -3.1731009595221767e-06 1.39392043576292e-06
142.69480869993276 -64.75737004797361 2.890625 16.96875 [142.69480869993276,-64.75737004797361] 0.5079191427349035 1.3897636212319209 0.0003366273832092122 1.738597631130334e-05 [2563.357910156,-194.6630859375] 27.172277839542446 38.34726699516076 19.60308912855058 49.02302467204572 61.692826210733756 3.2570039827893956e-08 4.576501266692595e-07 -1.7098375541902821e-06 1.3544227218676193e-06 -2.426427678978583e-06 1.3711209139789442e-06
142.68035906988968 -64.75814828080627 2.890625 16.96875 [142.68035906988968,-64.75814828080627] -1.5508994013372412 0.2963553473119105 0.001574703481328414 1.7342841646030472e-05 [2552.211425781,-193.8481445312] 27.172277839542446 38.34726699516076 19.60308912855058 48.96501629014233 61.74030890293261 -9.945058380478256e-08 4.4944228066703907e-07 -1.8418581778229585e-06 1.3542820482659503e-06 -2.5584483026112597e-06 1.3720411014532641e-06
138.82107514960694 -67.32131961078215 2.296875 10.90625 [138.82107514960694,-67.32131961078215] -68.7027510183804 1.403207465059603 0.0004374954717384012 2.2814142605688216e-05 [-369.4326171875,4353.064086914] 36.23621521173038 26.039212253055698 19.719522176120826 14.042932664108093 52.66959739870458 -5.495219411127325e-06 9.515878142390891e-07 -8.393588839798599e-06 2.0410135395458544e-06 -7.577977124645583e-06 1.978832587155004e-06
141.88635230102471 -65.77980807775681 2.71875 15.1328125 [141.88635230102471,-65.77980807775681] 2.8269591208745632 0.1487608614419633 0.00309083741188089 1.7087304082457647e-05 [1869.763671875,1615.403320312] 29.201092143411536 25.068098514396084 20.364022695918685 37.40856490038004 55.934996666721645 1.9195893735746542e-07 4.7605434796217614e-07 -1.7908821218342893e-06 1.4798532197519542e-06 -1.5102395546062423e-06 1.4747832667615213e-06
141.89247123718442 -65.7799072929231 2.71875 15.1328125 [141.89247123718442,-65.7799072929231] 3.2801785119505977 0.09484945121093455 0.004857533239291256 1.712218979178417e-05 [1874.270507812,1615.762695312] 29.201092143411536 25.068098514396084 20.364022695918685 37.42891428956875 55.91235969741706 2.2273388279560056e-07 4.7620745739553796e-07 -1.7601071763961542e-06 1.4792356080685937e-06 -1.479464609168107e-06 1.4742582602426542e-06
141.88705469908695 -65.77861787980113 2.71875 15.1328125 [141.88705469908695,-65.77861787980113] 2.4433238129239556 0.1303844177339955 0.0035186477997927886 1.704944291812761e-05 [1870.368164062,1613.283691406] 29.201092143411536 25.068098514396084 20.364022695918685 37.42114632952723 55.9427242552224 1.6590895824626402e-07 4.758711506635091e-07 -1.8169321009454907e-06 1.4803585893356951e-06 -1.5362895337174435e-06 1.475210244384525e-06
144.65113828007898 -66.89930725459868 2.671875 14.671875 [144.65113828007898,-66.89930725459868] -43.25841156337107 3.2245869317227918 0.0001856040651285804 2.2241817694421203e-05 [3736.065185547,3748.889404297] 29.671176593242382 20.61651679313121 18.86108039129259 36.865560456720004 36.69476038187804 -2.983158943409081e-06 6.544795352461681e-07 -5.029323668758127e-06 1.545591554547019e-06 -4.404902004022286e-06 1.514032892546774e-06
138.54212920129441 -66.29580686117743 2.421875 12.183594 [138.54212920129441,-66.29580686117743] -6.6625518069934415 0.5064913426252581 0.0008803913449895477 1.657129673134075e-05 [-587.0776367188,2510.400390625] 35.104720249112496 23.56021108774572 16.99660073796636 21.363137835162092 62.88600012102552 -5.041984758883819e-07 5.354055870714514e-07 -3.160800174281443e-06 1.45469137862368e-06 -2.2871523449421224e-06 1.4249759672712872e-06
141.81999185238334 -67.39238738680633 2.5 13.015625 [141.81999185238334,-67.39238738680633] -46.28357582950326 1.5779675697579194 0.0004325462405155609 2.5365259996590116e-05 [1706.243164062,4512.532348633] 25.46560192118243 15.91404125150664 17.958008639055873 23.4691236362886 42.24370069485735 -3.3887772688727863e-06 6.891789067831336e-07 -5.2533102350930924e-06 1.5757291467992758e-06 -4.55396686977291e-06 1.5375653776453821e-06
140.9480592712132 -66.81015009618376 2.421875 12.2890625 [140.9480592712132,-66.81015009618376] -54.230764644062994 0.13118175653805514 0.00371585109810719 1.8115087979219584e-05 [1130.133789062,3446.272216797] 33.04844350396106 23.33814843174842 21.84536497245067 25.484323251164824 50.243766274042855 -4.086344580524381e-06 7.587483751453193e-07 -6.57657920829598e-06 1.9385956539128103e-06 -5.844898364331101e-06 1.8963883051746281e-06
140.9462128040196 -66.81148534363749 2.421875 12.2890625 [140.9462128040196,-66.81148534363749] -56.60326864798343 0.09605309826695893 0.005079018168178913 1.8130085301413096e-05 [1128.764160156,3448.640625] 33.04844350396106 23.33814843174842 21.84536497245067 25.466885695373435 50.238286379512374 -4.265115227450046e-06 7.76043547365919e-07 -6.7553498552216444e-06 1.9495011356054927e-06 -6.023669011256767e-06 1.9063134697913339e-06
143.57232669274708 -65.38389582814852 2.921875 17.140625 [143.57232669274708,-65.38389582814852] -45.15330248000402 0.9995178124543538 0.0004814779788736285 1.7884453344814512e-05 [3160.272705078,970.7661132812] 29.249766796491357 36.71653943725421 17.29799287053141 46.63426630686615 53.16987577396503 -2.880877735507217e-06 5.753689031631662e-07 -4.747075716709294e-06 1.3295900080866694e-06 -5.223471857753332e-06 1.3567572486706978e-06
142.8299105793696 -65.27035530273027 3.0 17.984375 [142.8299105793696,-65.27035530273027] -13.942023153418729 0.2803663220706378 0.0016734550957282258 1.7436070282861088e-05 [2616.149414062,732.8940429688] 31.18786049513289 36.71452775194214 20.04351354639818 45.06020704526031 56.86050875862179 -8.684138855530004e-07 4.491844622944178e-07 -2.811028010965782e-06 1.3667627276357084e-06 -3.155270344652295e-06 1.3780291060874016e-06
