data_processed/hvc_rms/hvc_rms_index_2_with_B.ecsv
# %ECSV 1.0
# ---
# datatype:
# - {name: ra_dec_obj.ra, unit: deg, datatype: float64}
# - {name: ra_dec_obj.dec, unit: deg, datatype: float64}
# - {name: 'H-alpha flux [Error]', unit: R, datatype: float32}
# - {name: H-alpha flux, unit: R, datatype: float32}
# - {name: ra_dec_deg, datatype: string, subtype: 'float64[2]'}
# - {name: RM, unit: rad / m2, datatype: float64}
# - {name: RM_uncert, unit: rad / m2, datatype: float64}
# - {name: pol_int, datatype: float64}
# - {name: pol_int_uncert, datatype: float64}
# - {name: ra_dec_pix_offsets, datatype: string, subtype: 'float64[2]'}
# - {name: interpolation_raw, unit: rad / m2, datatype: float64}
# - {name: interpolation_cor, unit: rad / m2, datatype: float64}
# - {name: interpolation_unc, unit: rad / m2, datatype: float64}
# - {name: pixel location x, datatype: float64}
# - {name: pixel location y, datatype: float64}
# - {name: 'B_virtual [raw]', unit: G, datatype: float64}
# - {name: 'B_virtual_unc [raw]', unit: G, datatype: float64}
# - {name: 'B_virtual [int]', unit: G, datatype: float64}
# - {name: 'B_virtual_unc [int]', unit: G, datatype: float64}
# - {name: 'B_virtual [cor]', unit: G, datatype: float64}
# - {name: 'B_virtual_unc [cor]', unit: G, datatype: float64}
# meta: !!omap
# - __serialized_columns__:
#     ra_dec_obj:
#       __class__: astropy.coordinates.sky_coordinate.SkyCoord
#       dec: !astropy.table.SerializedColumn
#         __class__: astropy.coordinates.angles.Latitude
#         unit: &id001 !astropy.units.Unit {unit: deg}
#         value: !astropy.table.SerializedColumn {name: ra_dec_obj.dec}
#       frame: icrs
#       ra: !astropy.table.SerializedColumn
#         __class__: astropy.coordinates.angles.Longitude
#         unit: *id001
#         value: !astropy.table.SerializedColumn {name: ra_dec_obj.ra}
#         wrap_angle: !astropy.coordinates.Angle
#           unit: *id001
#           value: 360.0
#       representation_type: spherical
# schema: astropy-2.0
ra_dec_obj.ra ra_dec_obj.dec "H-alpha flux [Error]" "H-alpha flux" ra_dec_deg RM RM_uncert pol_int pol_int_uncert ra_dec_pix_offsets interpolation_raw interpolation_cor interpolation_unc "pixel location x" "pixel location y" "B_virtual [raw]" "B_virtual_unc [raw]" "B_virtual [int]" "B_virtual_unc [int]" "B_virtual [cor]" "B_virtual_unc [cor]"
[from data line 1159]
314.2725827452488 -7.235654410069499 0.3203125 0.80859375 [314.2725827452488,-7.235654410069499] -47.34081603020183 2.4456199523835 0.00038852766443054525 3.531178076334827e-05 [-4894.037109375,-3776.032226562] -22.906380300466427 -22.96712606623721 8.94020309647058 32.94034312808628 67.08720388129495 -1.3906543027991595e-05 3.7279724029922205e-06 -7.177707533040425e-06 3.7523147619373725e-06 -7.15986323553358e-06 3.7507008385762143e-06
316.2786866932249 -7.437896496152346 0.41796875 1.800293 [316.2786866932249,-7.437896496152346] -33.220950342587535 1.7389214724533715 0.0003457098719434167 2.2340889198800508e-05 [-1313.041992188,-3429.875] -20.235419481956782 -17.025629351624552 7.775460632370111 10.643575774934334 56.60628984956929 -6.540170849541248e-06 1.714400355427468e-06 -2.5564467459452166e-06 2.121436879383968e-06 -3.188354491721913e-06 2.1398170642262945e-06
316.5587157884798 -8.38029184135244 0.35742188 1.1938477 [316.5587157884798,-8.38029184135244] -12.171847709402233 2.880120568363469 0.00019329602030658687 2.068913266576529e-05 [-811.3999023438,-1734.9609375] -20.465145020419058 -19.4848613558493 7.278663044454683 2.4888494629512934 66.79958167404402 -2.9425963272788847e-06 1.9007327450161834e-06 2.0049401529711093e-06 2.5627361025728737e-06 1.767952377579684e-06 2.5574084869789985e-06
314.33755503133506 -7.3277127356534315 0.43164062 1.9233398 [314.33755503133506,-7.3277127356534315] 56.334314645591505 0.843920403044193 0.001010924691405517 3.170509026941528e-05 [-4777.166992188,-3611.329101562] -23.788871406664956 -23.29484964059904 8.997874436263348 31.745417757788346 67.81805798073856 1.072984961396847e-05 2.0458836323153373e-06 1.5260853750352766e-05 3.0918364444491628e-06 1.5166758716282282e-05 3.0822413007274202e-06
316.1790772956554 -8.879556719767963 0.34765625 1.1040039 [316.1790772956554,-8.879556719767963] -37.01160870797845 2.336404721027792 0.0002407743224544242 2.0905807528568852e-05 [-1485.44140625,-835.1215820312] -20.546562850120516 -19.688228950542875 6.886756332470277 3.789994139180294 75.6675589705269 -9.304676775737381e-06 2.507887466754592e-06 -4.1392939986430945e-06 2.6462994767779106e-06 -4.3550781750144e-06 2.657666085209956e-06
315.89624015425085 -7.966249709662925 0.37890625 1.4243164 [315.89624015425085,-7.966249709662925] -28.2081809632148 1.3602548245846746 0.0004220371207434196 2.1334360512017577e-05 [-1993.07421875,-2477.443359375] -22.083330677414548 -20.58822881260262 6.4293173517401865 11.758498113415044 65.81276819505001 -6.243390178750715e-06 1.8698802600561166e-06 -1.3556290698273274e-06 2.136220752456902e-06 -1.6865438605106206e-06 2.142289539349231e-06
316.8462523593214 -6.997101136488233 0.41015625 1.7299805 [316.8462523593214,-6.997101136488233] -32.537793431395166 0.10258734335740494 0.007115152045208137 2.712605709448616e-05 [-300.3491210938,-4224.056640625] -20.427123329355258 -15.293564294518102 8.24416845798741 7.133306999434126 47.25112574533432 -6.534556718097079e-06 1.709574857917968e-06 -2.432182773635275e-06 2.202049564002752e-06 -3.4631541192974414e-06 2.2324121501512918e-06
316.8410948977928 -6.99767584886647 0.41015625 1.7299805 [316.8410948977928,-6.99767584886647] -32.216943710792926 0.38566827169880097 0.0018884909414056135 2.7066837822597745e-05 [-309.5629882812,-4223.018554688] -20.427123329355258 -15.293564294518102 8.24416845798741 7.184322322952312 47.292899256325654 -6.470120550915627e-06 1.7057718370034504e-06 -2.3677466064538226e-06 2.201759599167249e-06 -3.39871795211599e-06 2.2314667337993984e-06
317.1205748866381 -7.2169455234149185 0.38867188 1.5092773 [317.1205748866381,-7.2169455234149185] -41.384617923650744 1.3449617296606171 0.0004629072369279987 2.3137295883626237e-05 [189.6630859375,-3828.682617188] -17.024916011321828 -13.529599610168368 7.700895500925771 3.011435481511171 48.2107543620923 -8.898218335674481e-06 2.0743650789029877e-06 -5.237645218997556e-06 2.4015804988983168e-06 -5.989182627101861e-06 2.444548665545295e-06
315.95196510392367 -7.750509604562737 0.34570312 1.0722656 [315.95196510392367,-7.750509604562737] -27.955864776971396 2.3597510313521632 0.00024920368049811834 2.1853919544582476e-05 [-1894.740234375,-2865.950195312] -23.168492294359105 -20.377803922376444 6.828281206199682 12.35820396894951 62.71080328980497 -7.131327370019082e-06 2.298773955197447e-06 -1.221222118796778e-06 2.575991601645383e-06 -1.9331053864790437e-06 2.590805591286117e-06
314.9105222735706 -8.655324899076886 0.36914062 1.3134766 [314.9105222735706,-8.655324899076886] -20.21865818668796 1.0476687823595916 0.0005903537130663991 2.298502633071145e-05 [-3742.944335938,-1229.312988281] -23.049177685947043 -26.07490783697524 7.24242431986973 18.436492887335817 80.87356262804724 -4.660041674406631e-06 1.807205511122853e-06 6.523844809569253e-07 2.336565014371916e-06 1.3497615506471173e-06 2.3448701581074124e-06
315.1164853743025 -7.322246912880673 0.375 1.3701172 [315.1164853743025,-7.322246912880673] -49.54633952737155 0.348550186302586 0.0019133082276638982 2.4783290152216604e-05 [-3387.704101562,-3630.17578125] -20.900799692967485 -21.81763762169718 7.322117054845442 23.547338574039827 62.73402843781787 -1.118101812372302e-05 2.419802589131485e-06 -6.464378662632818e-06 2.5205083836671704e-06 -6.257477777614255e-06 2.506461114802496e-06
317.133911174043 -7.191225113920639 0.38867188 1.5092773 [317.133911174043,-7.191225113920639] -36.48862855023052 2.06645256107791 0.0003061635924608318 2.3511897951250407e-05 [213.490234375,-3874.939453125] -17.024916011321828 -13.529599610168368 7.700895500925771 3.015584698833777 47.79375496198463 -7.845518453457178e-06 1.9954387615796237e-06 -4.184945336780253e-06 2.3741477322380177e-06 -4.936482744884558e-06 2.4095138295702616e-06
314.3969421788005 -8.416086291265403 0.37695312 1.3945312 [314.3969421788005,-8.416086291265403] -52.7809590629409 0.7673817441012271 0.0009222938589358936 2.6302042989114845e-05 [-4659.000976562,-1653.774414062] -24.87427741307224 -26.050293241152758 8.562740966444935 25.17108545655367 81.08602529889959 -1.1806244859267626e-05 2.4811945827242188e-06 -6.242272262902344e-06 2.6790117149558403e-06 -5.979216587689318e-06 2.6631441713235727e-06
314.4060060624048 -8.428825271299 0.37695312 1.3945312 [314.4060060624048,-8.428825271299] -39.882614049334606 1.6320819895081922 0.00043658845044095663 2.648030104065976e-05 [-4642.725585938,-1630.967285156] -24.87427741307224 -26.050293241152758 8.562740966444935 25.006149473806886 81.18957712720294 -8.921094187254341e-06 2.1641107883617965e-06 -3.357121590889061e-06 2.5594284748786304e-06 -3.094065915676035e-06 2.5506723420985254e-06
314.423156997623 -8.433984676292996 0.37695312 1.3945312 [314.423156997623,-8.433984676292996] -39.59125492621251 2.2796748444403265 0.0003074124020034089 2.604371861610069e-05 [-4612.157226562,-1621.906738281] -24.87427741307224 -26.050293241152758 8.562740966444935 24.796503128744916 81.14666019722699 -8.855921874916118e-06 2.1862242507244508e-06 -3.2919492785508366e-06 2.5818592245930714e-06 -3.028893603337811e-06 2.573355084361274e-06
314.410217386338 -8.431225651598323 0.37695312 1.3945312 [314.410217386338,-8.431225651598323] -38.55138989555827 2.4136850683017763 0.00029320194423973294 2.6300024481599493e-05 [-4635.206054688,-1626.702636719] -24.87427741307224 -26.050293241152758 8.562740966444935 24.948542979633203 81.19333320301303 -8.623320925815259e-06 2.168835535540207e-06 -3.059348329449976e-06 2.5804098020918447e-06 -2.7962926542369503e-06 2.5725280698391306e-06
314.2641603284562 -7.883151938762063 0.41601562 1.7602539 [314.2641603284562,-7.883151938762063] -42.026050488884735 0.6149307063610675 0.001257891259001224 2.8746037140051558e-05 [-4901.701171875,-2611.020507812] -25.72798003894942 -26.73274520125778 8.503273702591713 29.4732513779187 75.22741653765206 -8.367188512969335e-06 1.8713608121689822e-06 -3.2448689864000265e-06 2.248495363409809e-06 -3.0448249797303573e-06 2.2423135771832235e-06
316.1231992398 -8.685133905100637 0.375 1.3920898 [316.1231992398,-8.685133905100637] -34.942281539503526 0.1967209250446294 0.002843658117295771 2.0789145682995852e-05 [-1585.63671875,-1184.821289062] -21.133825435152225 -19.806130767206106 6.879698699753568 5.433922401704649 73.5283127642133 -7.822872649694221e-06 2.0158927210107935e-06 -3.091435041844947e-06 2.254109530510822e-06 -3.388679121149796e-06 2.2652936001777387e-06
316.12335208447104 -8.682487618434012 0.375 1.3920898 [316.12335208447104,-8.682487618434012] -37.713464901549145 0.6575407511853958 0.0008510251353344943 2.0795710548559806e-05 [-1585.375976562,-1189.584960938] -21.133825435152225 -19.806130767206106 6.879698699753568 5.446657688783716 73.49337515794468 -8.443284757178556e-06 2.085275596083063e-06 -3.7118471493292824e-06 2.282871248078138e-06 -4.009091228634131e-06 2.2960237293612355e-06
316.68911743302 -8.477066964157565 0.35351562 1.1508789 [316.68911743302,-8.477066964157565] -20.030012651872337 2.8902109742675357 0.00019153659123186998 2.0572638886238596e-05 [-579.0434570312,-1561.045410156] -19.921099655533663 -19.575452787318344 7.2485067562641845 0.5818680834138377 67.19517579530657 -4.931908863707722e-06 2.061055905208558e-06 -2.6817205827648923e-08 2.5812013752178103e-06 -1.1192443380059758e-07 2.5812738547231438e-06
314.6036069516675 -8.004290785343356 0.41601562 1.7797852 [314.6036069516675,-8.004290785343356] 62.99646737894554 1.1535789959221707 0.0005599631105063509 2.4005760028326727e-05 [-4295.818359375,-2397.465820312] -23.01889041758674 -24.626410017108583 8.430564924689257 25.219226087449897 74.59297326281103 1.2473290597008329e-05 2.3148475042324515e-06 1.70310272661475e-05 3.3273013796244483e-06 1.734931589310508e-05 3.3628919439539227e-06
314.61505109435905 -8.00485538607782 0.41601562 1.7797852 [314.61505109435905,-8.00485538607782] -48.603721083511765 0.7810915624962405 0.0008319068897646367 2.414823373168527e-05 [-4275.431640625,-2396.588867188] -23.01889041758674 -24.626410017108583 8.430564924689257 25.095022516227118 74.52730901534233 -9.623529102414414e-06 1.989994459802564e-06 -5.065792433275242e-06 2.2999343278046156e-06 -4.747503806317665e-06 2.2851113801639192e-06
314.6168822866474 -8.010771674798793 0.41601562 1.7797852 [314.6168822866474,-8.010771674798793] -42.40778754525271 2.9708606955099386 0.00022001203754602633 2.429055480363441e-05 [-4272.108398438,-2385.96484375] -23.01889041758674 -24.626410017108583 8.430564924689257 25.043363703723912 74.590089351615 -8.396735239870232e-06 1.9496514655907646e-06 -3.8389985707310594e-06 2.318208215440237e-06 -3.520709943773482e-06 2.3071883834777385e-06
316.0709836620699 -8.287443118910929 0.3203125 0.82421875 [316.0709836620699,-8.287443118910929] -24.025306345837485 3.1872739215152004 0.0001757066561621115 2.0812119282550376e-05 [-1680.275390625,-1900.338867188] -20.78000593337808 -19.745869508024217 6.7123512790295194 8.151469638478602 68.77370907309705 -6.990308187419451e-06 2.6923788324432736e-06 -9.442397827231494e-07 2.9771123357993228e-06 -1.2451280301819484e-06 2.9821815328523857e-06
317.1099549519636 -7.660231576494382 0.35742188 1.1933594 [317.1099549519636,-7.660231576494382] -36.12243241570429 2.0056106355423355 0.0002791541470699039 2.080651822431321e-05 [170.52734375,-3031.216796875] -20.033110821417203 -15.914490172956542 6.908014075969355 0.6451059127105054 53.94349776903982 -8.73453917002946e-06 2.3300428733893257e-06 -3.8904580972627e-06 2.520395306465581e-06 -4.886355963897836e-06 2.572784108187375e-06
315.04211440556423 -7.869043621515024 0.35351562 1.1484375 [315.04211440556423,-7.869043621515024] -29.636045073781943 3.290502206091059 0.00019121262555800634 2.3382312169708243e-05 [-3515.92578125,-2645.688476562] -21.117058099134795 -21.974993311254416 7.857875207695894 21.31979092255517 70.08995810964916 -7.304915528852565e-06 2.308936031041453e-06 -2.0998240516325167e-06 2.7434473747105336e-06 -1.888353720886314e-06 2.7385568178768255e-06
316.63540654601456 -7.773822714611028 0.38085938 1.4282227 [316.63540654601456,-7.773822714611028] -28.590590172135514 3.0741294097125302 0.00018113194650069614 2.0693116517046655e-05 [-675.8500976562,-2826.494140625] -20.68957973986439 -17.081159315255753 7.1484787905094445 5.017142057183946 58.53321388757922 -6.319370164040094e-06 1.9720426342969437e-06 -1.7463581300999182e-06 2.330438115489537e-06 -2.5439262891793527e-06 2.3493595385192044e-06
315.9356690234186 -7.615278355540512 0.359375 1.2182617 [315.9356690234186,-7.615278355540512] -28.51234314217333 1.0979751417211394 0.0005436946429985918 2.218483815984379e-05 [-1924.413085938,-3109.174804688] -23.757025636555976 -20.269735573023716 7.012880093981157 13.277647271750993 61.10250874211579 -6.823563609951627e-06 2.065317335333655e-06 -1.1380408591218705e-06 2.3939279048858737e-06 -1.9726178511358218e-06 2.410061475469841e-06
316.6050111218759 -8.054513929017507 0.41992188 1.8325195 [316.6050111218759,-8.054513929017507] -24.347905498014505 2.377767457634081 0.00023569867750030483 2.0827408147885442e-05 [-729.5600585938,-2321.34765625] -20.87400831483058 -18.796770337462952 6.962654810779759 3.787762191838283 62.32088810733194 -4.751009902314465e-06 1.600041285935976e-06 -6.778620000096127e-07 1.9840858984471293e-06 -1.0831937112215711e-06 1.9879007124042995e-06
315.0767519161173 -8.03315328374142 0.36523438 1.2827148 [315.0767519161173,-8.03315328374142] -30.863656208124404 0.8082204917172463 0.0007583512152598179 2.2777651694123486e-05 [-3452.819335938,-2350.724609375] -21.183698143532194 -22.60250427479018 7.574192987693633 20.055205894520668 71.93899232370632 -7.198316642539343e-06 2.0422724292632284e-06 -2.2576522614678086e-06 2.4425693217753537e-06 -1.9267447462239466e-06 2.434515228828862e-06
315.0797423506947 -8.031340691826424 0.36523438 1.2827148 [315.0797423506947,-8.031340691826424] -30.969030641228358 0.3591982738370027 0.0017004645832150024 2.269919914969073e-05 [-3447.5078125,-2354.015625] -21.183698143532194 -22.60250427479018 7.574192987693633 20.033478908080838 71.89696169629042 -7.222893074132392e-06 2.037747993796378e-06 -2.2822286930608574e-06 2.437374788233642e-06 -1.951321177816996e-06 2.4292085027464225e-06
317.1448364042831 -7.173875492194104 0.39648438 1.5893555 [317.1448364042831,-7.173875492194104] -33.387547454326395 2.563515909407225 0.00024997636729023816 2.3814620914804055e-05 [233.009765625,-3906.139648438] -16.825339779224514 -13.373128148377278 7.714347160246267 2.99814426396847 47.499542088932685 -6.995562357825425e-06 1.8966881180458542e-06 -3.4702146581124973e-06 2.3102309163781077e-06 -4.193543071768489e-06 2.3384422671656187e-06
316.50155638777994 -7.517723717763906 0.41210938 1.7392578 [316.50155638777994,-7.517723717763906] -71.61145100904027 1.0843375764123737 0.0005416918404430662 2.1828581015662047e-05 [-915.1083984375,-3286.966796875] -19.223067070663532 -15.9678280183249 7.712432410131644 7.8499457808338775 56.15193606985031 -1.4343301463551533e-05 2.5626019281957765e-06 -1.0493047877518342e-05 2.6146541150238963e-06 -1.1145050796125933e-05 2.6737072115369112e-06
315.6697691103869 -7.811563767301865 0.38671875 1.4873047 [315.6697691103869,-7.811563767301865] -20.493300932449703 0.5610142057519276 0.0010593116448716956 2.20854528178474e-05 [-2397.591796875,-2754.376953125] -23.459539323697516 -20.963798990089856 7.121773481450136 15.00181961790588 65.3179942088127 -4.438748906567527e-06 1.6751477875944402e-06 6.424727504450882e-07 2.168704222572898e-06 1.0190758169102493e-07 2.166383545463621e-06
