data_processed/hvc_rms/hvc_rms_index_19.ecsv
# %ECSV 1.0
# ---
# datatype:
# - {name: ra_dec_obj.ra, unit: deg, datatype: float64}
# - {name: ra_dec_obj.dec, unit: deg, datatype: float64}
# - {name: 'H-alpha flux [Error]', unit: R, datatype: float32}
# - {name: H-alpha flux, unit: R, datatype: float32}
# - {name: ra_dec_deg, datatype: string, subtype: 'float64[2]'}
# - {name: RM, unit: rad / m2, datatype: float64}
# - {name: RM_uncert, unit: rad / m2, datatype: float64}
# - {name: pol_int, datatype: float64}
# - {name: pol_int_uncert, datatype: float64}
# - {name: ra_dec_pix_offsets, datatype: string, subtype: 'float64[2]'}
# - {name: interpolation_raw, unit: rad / m2, datatype: float64}
# - {name: interpolation_cor, unit: rad / m2, datatype: float64}
# - {name: interpolation_unc, unit: rad / m2, datatype: float64}
# - {name: interpolation_cor_unc, unit: rad / m2, datatype: float64}
# - {name: HI, unit: dex(1 / cm2), datatype: float64}
# - {name: 'HI [Error]', unit: dex(1 / cm2), datatype: float64}
# - {name: pixel location x, datatype: float64}
# - {name: pixel location y, datatype: float64}
# meta: !!omap
# - __serialized_columns__:
#     ra_dec_obj:
#       __class__: astropy.coordinates.sky_coordinate.SkyCoord
#       dec: !astropy.table.SerializedColumn
#         __class__: astropy.coordinates.angles.Latitude
#         unit: &id001 !astropy.units.Unit {unit: deg}
#         value: !astropy.table.SerializedColumn {name: ra_dec_obj.dec}
#       frame: icrs
#       ra: !astropy.table.SerializedColumn
#         __class__: astropy.coordinates.angles.Longitude
#         unit: *id001
#         value: !astropy.table.SerializedColumn {name: ra_dec_obj.ra}
#         wrap_angle: !astropy.coordinates.Angle
#           unit: *id001
#           value: 360.0
#       representation_type: spherical
# schema: astropy-2.0
ra_dec_obj.ra ra_dec_obj.dec "H-alpha flux [Error]" "H-alpha flux" ra_dec_deg RM RM_uncert pol_int pol_int_uncert ra_dec_pix_offsets interpolation_raw interpolation_cor interpolation_unc interpolation_cor_unc HI "HI [Error]" "pixel location x" "pixel location y"
[from data line 2966]
179.89427137355403 -61.21142200560654 5.71875 45.1875 [179.89427137355403,-61.21142200560654] 213.71048530052633 0.7766223552765473 0.0007820745662656544 2.2571829096024387e-05 [-4542.3359375,1783.334960938] 155.16224854719053 240.57336283944625 73.95905231723566 119.99270691048231 0.0 0.0 109.40927948146145 41.261832170476964
180.85321011158993 -61.00793842858986 6.75 55.53125 [180.85321011158993,-61.00793842858986] 455.26965541603175 0.9709545776372521 0.0005294740243233415 1.9105230226487476e-05 [-3737.961914062,1357.8359375] 154.60073441803016 248.22103786226063 68.94990539741531 116.76005165536736 0.0 0.0 112.87531206403946 36.27511459881589
179.45404095119517 -60.636154261082254 6.6875 54.78125 [179.45404095119517,-60.636154261082254] 256.83417597892367 0.40227245633891245 0.001626760268409929 2.4319383275455216e-05 [-5011.915039062,783.3842773438] 118.91507256821455 178.8189645826995 50.3436051339816 79.52929283279755 0.0 0.0 115.6473250827571 45.178382671760346
181.15940833975063 -60.46932591515761 5.90625 47.109375 [181.15940833975063,-60.46932591515761] 212.78816425215425 0.7374012104109656 0.000664671682060748 1.8214603658149846e-05 [-3530.274414062,373.3959960938] 96.6766490645811 162.34887717172666 54.62075918454599 85.2091499345955 0.0 0.0 119.55809545912325 35.69117487070912
182.8185273283165 -60.63692863805428 7.0625 58.671875 [182.8185273283165,-60.63692863805428] 281.5229477726923 3.041628006419771 0.00015482422776063334 1.7500631654078582e-05 [-2049.928710938,604.5317382812] 126.58059436552372 180.07044687393125 71.03528010836507 89.33009924349973 0.0 0.0 119.21921394628635 25.69961487615251
182.50151056778088 -62.83263398990856 5.53125 43.390625 [182.50151056778088,-62.83263398990856] 10.824688942828276 0.3094713085390689 0.00316601298457442 3.6411769606515405e-05 [-2169.060546875,4562.67578125] 579.8233614821455 357.3944703498848 262.82573453281486 144.25035793410274 0.0 0.0 92.91624771062811 23.3251559672824
181.0721590401671 -61.166347516640265 8.0625 68.375 [181.0721590401671,-61.166347516640265] 514.4171699204599 0.578478539266045 0.0008986207961080867 1.9318456305422413e-05 [-3529.732421875,1630.302246094] 175.2154273766467 262.7157254154264 81.34451672013238 124.79247974119309 0.0 0.0 111.23980464116698 34.67717517704796
181.0785677063747 -61.16811763033677 8.0625 68.375 [181.0785677063747,-61.16811763033677] 513.1255634622953 0.19359688740897607 0.00269032468389038 1.9355828706250432e-05 [-3523.985351562,1633.139160156] 175.2154273766467 262.7157254154264 81.34451672013238 124.79247974119309 0.0 0.0 111.22565958162795 34.636835628837844
186.61930864206798 -60.877208709089345 6.65625 54.59375 [186.61930864206798,-60.877208709089345] 59.27132964604227 3.2046902709571654 0.00014988650007088288 1.7850783541884238e-05 [1294.270507812,1015.353027344] 86.25719272304087 166.68165306302302 50.10976939419447 86.72571224798457 0.0 0.0 119.16897122376895 3.224623955997913
185.93118263306377 -62.236648558891176 7.875 66.59375 [185.93118263306377,-62.236648558891176] 251.94758202897685 0.7846550107237426 0.0006924945771964353 2.0193138893836304e-05 [661.9711914062,3451.19140625] 247.09848108229562 275.0857214293986 115.26440203077952 124.2158990996825 0.0 0.0 102.53969415835786 5.472323251181706
185.92434719683405 -62.23928455331862 7.875 66.59375 [185.92434719683405,-62.23928455331862] 251.9398346158683 2.254759028151638 0.0002397767994550157 2.0091668160897966e-05 [656.1831054688,3455.864990234] 247.09848108229562 275.0857214293986 115.26440203077952 124.2158990996825 0.0 0.0 102.50414126795886 5.506913027750443
183.98216258342762 -60.99402992621102 6.09375 48.984375 [183.98216258342762,-60.99402992621102] 618.353418765658 1.297246950520092 0.00036607266006438894 1.764812847427015e-05 [-1012.010742188,1220.056152344] 140.6696806776217 235.63827158525146 75.91373165528474 116.53948948464779 0.0 0.0 115.97663971962834 18.333668046461753
183.9748379238705 -60.99616632779451 6.09375 48.984375 [183.9748379238705,-60.99616632779451] 584.7508637541372 1.5953838521170065 0.00029600654974996725 1.7549923024517225e-05 [-1018.333984375,1224.013671875] 140.6696806776217 235.63827158525146 75.91373165528474 116.53948948464779 0.0 0.0 115.94538816729073 18.37237380900615
179.3131261212262 -62.41415403727942 6.59375 54.03125 [179.3131261212262,-62.41415403727942] 507.0268505935177 0.11083711277935299 0.006900877024717843 2.8424850920839203e-05 [-4849.927734375,3981.152832031] 376.5316466870887 313.93606611800874 137.3411352875158 136.96248288073565 0.0 0.0 94.608144625656 41.541083813714295
181.2709656280648 -60.62841402163689 6.4375 52.359375 [181.2709656280648,-60.62841402163689] 323.2735269270377 0.3094440499838904 0.0016042332721564552 1.8448385243524056e-05 [-3414.6953125,653.3676757812] 109.69715976256018 181.59739057361827 58.274263674446665 92.66435785286043 0.0 0.0 117.7984156767966 34.70009607897009
181.29571567330845 -60.61375040445326 6.4375 52.359375 [181.29571567330845,-60.61375040445326] 289.7144809002294 1.0914775579957752 0.0004505867753976303 1.8276875558226306e-05 [-3394.4375,625.7407226562] 109.69715976256018 181.59739057361827 58.274263674446665 92.66435785286043 0.0 0.0 117.99758122469848 34.58812607558457
186.61022941279344 -60.91682059160336 6.6875 54.796875 [186.61022941279344,-60.91682059160336] 50.03324529352369 2.6308227857122892 0.0001837451356691271 1.7964541960759283e-05 [1284.724121094,1086.455566406] 90.51013519658913 173.3686879995207 51.78851646649665 89.44078086029315 0.0 0.0 118.69073093987072 3.231329146447706
186.600143156806 -60.9117737053414 6.53125 53.3125 [186.600143156806,-60.9117737053414] 29.537078377246523 3.2491540871773057 0.0001488791798834876 1.7976824501817025e-05 [1276.104003906,1077.178222656] 89.76850136058974 174.6086312040491 51.26939911888613 89.10200974630177 0.0 0.0 118.74530045602273 3.29579594042184
186.99096678688906 -61.16467666521032 6.03125 48.453125 [186.99096678688906,-61.16467666521032] 66.54360698365709 0.6345751520639182 0.000776653775633381 1.8315518744159576e-05 [1605.118164062,1540.757324219] 109.80106700145785 187.70396424878314 63.060832889836654 99.67149835866759 0.0 0.0 115.93753420502117 0.7483397874473212
184.41780111010834 -61.519493019202685 6.0 48.078125 [184.41780111010834,-61.519493019202685] 441.571275270841 0.1790398731454816 0.0027497292302041104 1.829567323101797e-05 [-621.3344726562,2160.266601562] 195.9263114098294 266.4656270095447 98.13900058841732 125.6358366350839 0.0 0.0 110.06496600931678 14.996379766750806
185.1083679608931 -61.74149317934196 6.375 51.59375 [185.1083679608931,-61.74149317934196] 201.50533746547904 0.7080495592610122 0.0007130953691643272 1.87637646093405e-05 [-28.39306640625,2556.348876953] 199.4443959374807 279.8194023007448 107.76090770880872 127.17174797325184 0.0 0.0 107.91563946332735 10.755328656556912
179.4570462190483 -61.019062162217935 5.96875 47.8125 [179.4570462190483,-61.019062162217935] 134.92415088548276 2.828104951449801 0.00023515308016883304 2.4714674616371843e-05 [-4949.65234375,1469.789550781] 145.90935955622058 226.83099297707759 69.55480091000844 108.09748607418952 0.0 0.0 111.15496892060241 44.21265113573986
183.79319732978442 -62.18548196743008 6.78125 55.921875 [183.79319732978442,-62.18548196743008] 18.31419684805075 2.2877727462254347 0.00024258759058817453 2.0624819963697944e-05 [-1132.474609375,3366.790283203] 420.3624520743961 305.03231339234935 215.80204735344444 140.12300804879698 0.0 0.0 101.66789178479644 17.41723211952808
186.1642453297164 -61.08896632239765 6.09375 48.828125 [186.1642453297164,-61.08896632239765] 115.96451946262488 0.9643129095502401 0.0005120014881192935 1.83483876609304e-05 [889.7758789062,1388.895996094] 101.73456089280276 202.6703796476594 57.668821317251044 98.88513986045317 0.0 0.0 116.37503955854413 5.606326397987232
186.16870142166272 -61.090789825412905 6.09375 48.828125 [186.16870142166272,-61.090789825412905] 82.50257549686206 0.7624406199762661 0.0006455534514844275 1.829139955155471e-05 [893.6015625,1392.237792969] 101.73456089280276 202.6703796476594 57.668821317251044 98.88513986045317 0.0 0.0 116.3559581684076 5.5783333010533624
180.75437976573215 -62.113151617555644 6.78125 55.6875 [180.75437976573215,-62.113151617555644] 1354.5220533377874 0.749950952973666 0.0007660504036345595 2.1350050677912195e-05 [-3690.0859375,3347.935791016] 364.21441718526796 316.68785511805936 150.294524840774 148.6152187276527 0.0 0.0 99.73895747162328 34.36427749260042
182.07887217582734 -60.883785178443084 6.125 49.28125 [182.07887217582734,-60.883785178443084] 566.8319151669581 0.42308599482929876 0.0011515143007420877 1.8105340148533716e-05 [-2681.309570312,1075.0390625] 137.6335250243325 210.09373495274417 63.051595654007684 99.68062118836657 0.0 0.0 115.59801422527835 29.503710241958288
182.07719374966356 -60.89292536903318 6.125 49.28125 [182.07719374966356,-60.89292536903318] 511.5304715634535 3.2566157544127696 0.0001492423545809166 1.8062061426649724e-05 [-2682.008789062,1091.541015625] 137.6335250243325 210.09373495274417 63.051595654007684 99.68062118836657 0.0 0.0 115.48823181326907 29.495102181881066
184.0987243925974 -61.666294089763376 5.78125 45.890625 [184.0987243925974,-61.666294089763376] 462.72678443163255 3.148577145733082 0.00015865007270648754 1.8563647682017595e-05 [-890.9448242188,2428.083496094] 235.13842003841626 282.2660040464408 120.00349495118839 129.69376589684197 0.0 0.0 108.07654708446375 16.567440488842976
180.9398193365056 -60.858074165832505 6.96875 57.5625 [180.9398193365056,-60.858074165832505] 486.310319407085 2.025741812141166 0.00024652475486661727 1.8558946977599937e-05 [-3679.888671875,1083.785644531] 145.5298701727848 232.20958829380442 64.45086612901953 109.8930950820249 0.0 0.0 114.73597417261635 36.1106623238652
179.30453516144016 -61.98055273554321 7.15625 59.703125 [179.30453516144016,-61.98055273554321] 894.3671129480884 0.7117994104308076 0.0009976468004707015 2.6390227929596563e-05 [-4927.278320312,3204.834228516] 269.0544179123138 277.50535745633846 102.63878535413417 129.07577767130243 0.0 0.0 99.68694670965533 42.67313509634164
179.30386397825066 -61.982631724156434 7.15625 59.703125 [179.30386397825066,-61.982631724156434] 892.4904385002609 0.5524923350994171 0.0012889577601352111 2.6465106498105787e-05 [-4927.506835938,3208.610107422] 269.0544179123138 277.50535745633846 102.63878535413417 129.07577767130243 0.0 0.0 99.66175843482324 42.671631229284
179.8816522790237 -62.12182997934743 7.625 64.15625 [179.8816522790237,-62.12182997934743] 1116.218617154622 0.035518810960255456 0.017547352560604995 2.3162142219125334e-05 [-4420.965820312,3417.19140625] 341.4559330694808 312.5027274469725 134.86244055385743 147.99028476899724 0.0 0.0 98.69027459114204 39.14948671847037
179.87603702871158 -62.12281414439304 7.625 64.15625 [179.87603702871158,-62.12281414439304] 1116.5548789389845 0.08671226424244217 0.007191226306944024 2.3173529551242534e-05 [-4425.528320312,3419.333007812] 341.4559330694808 312.5027274469725 134.86244055385743 147.99028476899724 0.0 0.0 98.67240434114478 39.177997163338205
184.86480719530778 -61.279914922487755 5.40625 42.078125 [184.86480719530778,-61.279914922487755] 373.03359549496867 0.948642445655945 0.0005154505162415331 1.817181198480822e-05 [-239.5009765625,1726.188476562] 139.32061669635894 233.77079662537324 68.4188997707472 111.72796050866175 0.0 0.0 113.2432537735267 12.814822489016933
185.98870861227167 -61.69866185443016 7.375 61.765625 [185.98870861227167,-61.69866185443016] 169.6744428360331 0.9426170647059894 0.0005400661485738122 1.891868548988378e-05 [722.8188476562,2483.896972656] 149.12832680129637 241.4620306534611 84.00031065385119 112.23323879837585 0.0 0.0 108.99321335925242 5.84006230208638
185.98655680472785 -61.69961548987974 7.375 61.765625 [185.98655680472785,-61.69961548987974] 164.0620678396819 1.0873438718160218 0.0004681474967528004 1.8917263788328785e-05 [720.9604492188,2485.589355469] 149.12832680129637 241.4620306534611 84.00031065385119 112.23323879837585 0.0 0.0 108.98053100744619 5.851017667140013
184.64404301829754 -62.01336673477794 5.71875 45.125 [184.64404301829754,-62.01336673477794] 724.9361140921825 1.7130881146435895 0.0003001693785364361 1.9109740570383297e-05 [-420.3330078125,3047.126220703] 265.825806656489 282.00664404990505 154.0112278069583 136.48410605740904 0.0 0.0 104.3535404483614 12.958448116357658
186.42543029542693 -61.64766318178507 6.46875 52.59375 [186.42543029542693,-61.64766318178507] -34.01658249583211 0.25461514133077334 0.0019645942665164266 1.8589418380771387e-05 [1097.258789062,2398.156494141] 123.88469235817097 212.20499536398222 70.62272681340846 103.26866825669357 0.0 0.0 109.85835447284535 3.4293394560879733
186.43566872609384 -61.64169690058241 6.46875 52.59375 [186.43566872609384,-61.64169690058241] -58.97408744917645 0.06063124325903771 0.008280295800000649 1.8657395951624042e-05 [1106.221679688,2387.593017578] 123.88469235817097 212.20499536398222 70.62272681340846 103.26866825669357 0.0 0.0 109.93540923506657 3.3784055220480695
180.22988842912338 -61.914783468157566 6.21875 50.203125 [180.22988842912338,-61.914783468157566] 840.8605680340274 1.9404402978904471 0.0003006601635650392 2.168127798591163e-05 [-4157.208007812,3023.142089844] 285.1136161929807 277.9182315439177 112.32169734253685 129.7736923068482 0.0 0.0 101.51272705371048 37.71736110544998
185.92929084192463 -62.027473398597074 7.03125 58.21875 [185.92929084192463,-62.027473398597074] -23.338341555712557 1.7067333277660186 0.0003043168768355429 1.9301915519538317e-05 [664.9536132812,3074.872558594] 210.14808265392756 262.06798171280934 102.80306452418363 116.8194522720411 0.0 0.0 105.03414431692045 5.752413254596831
185.93547062469574 -62.02643962823737 7.0 58.03125 [185.93547062469574,-62.02643962823737] -86.15997164618238 2.2240524616220445 0.00023341155724573075 1.9291948174016453e-05 [670.193359375,3073.075195312] 209.47505874290746 260.6513611560247 101.34465541739748 116.48132007465381 0.0 0.0 105.05021178586867 5.7191596393836335
186.29360938442005 -61.414920880097185 6.1875 50.0 [186.29360938442005,-61.414920880097185] 179.99440147388148 0.4362312319799834 0.001153645241073518 1.8702417072518735e-05 [991.9990234375,1977.299804688] 106.76779390476085 214.0518415916349 69.17283226088459 106.8836239398846 0.0 0.0 112.561059557406 4.461198772929947
186.28845217382465 -61.4173545190342 6.1875 50.0 [186.28845217382465,-61.4173545190342] 174.66127037024893 0.8511539866872931 0.0005904443679691584 1.8676514321871414e-05 [987.4814453125,1981.6015625] 106.76779390476085 214.0518415916349 69.17283226088459 106.8836239398846 0.0 0.0 112.52899253530495 4.487687031413998
186.2547608858815 -61.436523430415455 6.1875 50.0 [186.2547608858815,-61.436523430415455] 229.1991782494365 1.917127658118181 0.0002605548779885624 1.8563460751415067e-05 [957.8852539062,2015.59765625] 106.76779390476085 214.0518415916349 69.17283226088459 106.8836239398846 0.0 0.0 112.28041973178051 4.656591405353311
180.3352208915651 -62.61216740387143 6.34375 51.296875 [180.3352208915651,-62.61216740387143] 3.4450415239431216 0.9904622999214565 0.0007149629618471074 2.6316625291071556e-05 [-3975.151367188,4267.737792969] 425.29892057480953 338.5599460986077 180.100282704315 148.10537042264474 0.0 0.0 93.41677973256151 35.51843147720547
180.29066421510726 -61.309650298710594 6.4375 52.453125 [180.29066421510726,-61.309650298710594] 361.8290644400577 1.1483157424831703 0.0005025357435138702 2.144553963156969e-05 [-4186.947265625,1933.358886719] 170.76915811692595 254.7978885250577 76.01443040796569 125.62080268744191 0.0 0.0 108.70347202862558 38.787117449006246
