data_processed/hvc_rms/hvc_rms_index_10.ecsv
# %ECSV 1.0
# ---
# datatype:
# - {name: ra_dec_obj.ra, unit: deg, datatype: float64}
# - {name: ra_dec_obj.dec, unit: deg, datatype: float64}
# - {name: 'H-alpha flux [Error]', unit: R, datatype: float32}
# - {name: H-alpha flux, unit: R, datatype: float32}
# - {name: ra_dec_deg, datatype: string, subtype: 'float64[2]'}
# - {name: RM, unit: rad / m2, datatype: float64}
# - {name: RM_uncert, unit: rad / m2, datatype: float64}
# - {name: pol_int, datatype: float64}
# - {name: pol_int_uncert, datatype: float64}
# - {name: ra_dec_pix_offsets, datatype: string, subtype: 'float64[2]'}
# - {name: interpolation_raw, unit: rad / m2, datatype: float64}
# - {name: interpolation_cor, unit: rad / m2, datatype: float64}
# - {name: interpolation_unc, unit: rad / m2, datatype: float64}
# - {name: pixel location x, datatype: float64}
# - {name: pixel location y, datatype: float64}
# meta: !!omap
# - __serialized_columns__:
#     ra_dec_obj:
#       __class__: astropy.coordinates.sky_coordinate.SkyCoord
#       dec: !astropy.table.SerializedColumn
#         __class__: astropy.coordinates.angles.Latitude
#         unit: &id001 !astropy.units.Unit {unit: deg}
#         value: !astropy.table.SerializedColumn {name: ra_dec_obj.dec}
#       frame: icrs
#       ra: !astropy.table.SerializedColumn
#         __class__: astropy.coordinates.angles.Longitude
#         unit: *id001
#         value: !astropy.table.SerializedColumn {name: ra_dec_obj.ra}
#         wrap_angle: !astropy.coordinates.Angle
#           unit: *id001
#           value: 360.0
#       representation_type: spherical
# schema: astropy-2.0
ra_dec_obj.ra ra_dec_obj.dec "H-alpha flux [Error]" "H-alpha flux" ra_dec_deg RM RM_uncert pol_int pol_int_uncert ra_dec_pix_offsets interpolation_raw interpolation_cor interpolation_unc "pixel location x" "pixel location y"
[from data line 266]
75.16764088593126 -58.40081381439332 1.25 0.4633789 [75.16764088593126,-58.40081381439332] 47.45899118400014 0.4400725481917913 0.001109308144414243 1.8142000841104408e-05 [2987.047851562,-3384.239257812] 34.57685931017206 32.281422394127624 8.721100538683435 51.17768298275382 35.543488463204085
75.2025377446671 -58.415714047775 1.25 0.46557617 [75.2025377446671,-58.415714047775] 48.350622958544804 0.7084594408253205 0.0006863325250402131 1.8070005119777267e-05 [3018.633789062,-3355.875976562] 34.79375472331523 32.22308932564836 8.804812678378985 51.42025205741061 35.36039207033741
75.19536592409568 -58.41373458499343 1.25 0.46557617 [75.19536592409568,-58.41373458499343] 46.98027953900319 0.9148854195003648 0.0005338798276203644 1.8151767536346498e-05 [3012.052246094,-3359.760742188] 34.79375472331523 32.22308932564836 8.804812678378985 51.37225849865922 35.38187667469265
75.17129513741104 -58.404266097599404 1.25 0.4633789 [75.17129513741104,-58.404266097599404] 45.19880157162685 1.8254640213306341 0.0002679971849460494 1.8180767504132923e-05 [2990.196289062,-3377.870117188] 34.57685931017206 32.281422394127624 8.721100538683435 51.20632226392354 35.49609333848707
72.17482735555471 -60.217010506960825 1.2890625 0.87939453 [72.17482735555471,-60.217010506960825] 77.62890771509895 0.9510673758044977 0.00045489035160747133 1.6077803370590513e-05 [157.3110351562,-187.2587890625] 35.9007664898117 33.089357918808524 8.32393383247103 37.02350064583129 4.2641564584318985
72.20566546724707 -60.21781159182117 1.2890625 0.87939453 [72.20566546724707,-60.21781159182117] 52.88937883980758 3.1110202232709137 0.00013964928215513055 1.614545338414883e-05 [184.8784179688,-185.7373046875] 35.9007664898117 33.089357918808524 8.32393383247103 37.20511794313313 4.302315891335638
74.19353461433914 -58.903205766888064 1.2578125 0.59936523 [74.19353461433914,-58.903205766888064] 32.14872989643558 1.1732798473482318 0.00037906749604426694 1.6528249529010347e-05 [2039.7734375,-2518.142578125] 33.10602741232621 30.890700627867034 7.618635968768117 46.092815214022266 26.865358419731592
76.5854264213132 -57.68521521361432 1.2109375 0.1000061 [76.5854264213132,-57.68521521361432] 31.483927893818443 1.3518946641182896 0.0005343738017797876 2.684705888281645e-05 [4408.51171875,-4589.708984375] 35.00237208184654 32.88190798392449 8.500767879317252 59.02186975289055 47.62280172797364
76.58576208733155 -57.686485290747235 1.2109375 0.1000061 [76.58576208733155,-57.686485290747235] 31.447199324027842 1.886933850700156 0.0003840533609137009 2.6931277121613367e-05 [4408.679199219,-4587.408203125] 35.00237208184654 32.88190798392449 8.500767879317252 59.02570262216955 47.604237333697256
74.31928262302732 -58.31180558147339 1.28125 0.8317871 [74.31928262302732,-58.31180558147339] 30.90239567962763 0.04432038117234504 0.011174115478550826 1.8404556019590425e-05 [2193.360351562,-3577.536132812] 33.10654394755573 32.26548834426609 7.949743770498018 45.73739453229564 35.87525009619071
74.30474839242322 -58.3070337417351 1.28125 0.8317871 [74.30474839242322,-58.3070337417351] 38.126682069049174 0.41122465036121736 0.0011997903233674037 1.8335518603670238e-05 [2179.922851562,-3586.596679688] 33.10654394755573 32.26548834426609 7.949743770498018 45.638018786364 35.92884038292095
71.06055468669649 -59.414734019916295 1.3046875 1.012207 [71.06055468669649,-59.414734019916295] 53.85849668010763 0.01396678781851461 0.03242201656326188 1.6828494375860784e-05 [-859.376953125,-1625.3671875] 31.641428650375254 32.5315052095131 7.528525133227057 28.36601341708206 14.439111610357486
67.27185083090188 -59.53098674302353 1.296875 0.99658203 [67.27185083090188,-59.53098674302353] 50.86360747160939 1.6788118379418602 0.0003078017459819809 1.920356258325496e-05 [-4309.627929688,-1267.647460938] 30.241121934406127 31.486991098708035 7.254714306230505 6.381563755254888 5.035876310369304
70.13282018759632 -59.10070794179394 1.25 0.5344238 [70.13282018759632,-59.10070794179394] 45.54070836968319 0.28916700774259735 0.0015413855164574852 1.6564133344856782e-05 [-1724.631835938,-2172.212890625] 29.935943283021295 32.72412855397339 6.059884902318595 21.968932677167004 17.518568058328583
69.16810593480432 -58.05595411147517 1.3203125 1.171875 [69.16810593480432,-58.05595411147517] 12.609763515994487 2.4488382875741443 0.00022597218656104088 2.0564767221416614e-05 [-2694.89453125,-4018.409179688] 28.84069098151387 32.05548308631501 8.045317496984627 13.181264994371872 31.608277634628166
67.56885481992671 -58.0508878865782 1.3125 1.0917969 [67.56885481992671,-58.0508878865782] 31.958208495390043 0.4095370243049104 0.0015055952136592311 2.291448489517277e-05 [-4215.453125,-3943.688476562] 25.04812312938111 27.50572093172689 7.0249001958300665 3.324817081751462 28.381679135365175
69.89105193358704 -59.4306487062258 1.296875 1.0014648 [69.89105193358704,-59.4306487062258] 43.68799573039342 1.7620740859927029 0.00024652206051512085 1.61431639130078e-05 [-1929.19140625,-1571.985839844] 30.677098154808938 32.30240729175961 6.010542253100272 21.464181841921118 12.063698629918463
69.89803290450644 -59.42824941215853 1.296875 1.0014648 [69.89803290450644,-59.42824941215853] 47.12695980102682 0.5637093970759605 0.0007715367825641816 1.6162949402561436e-05 [-1922.94140625,-1576.505859375] 30.677098154808938 32.30240729175961 6.010542253100272 21.498611732191875 12.113347714517658
69.70530659778983 -58.9564209608442 1.25 0.51464844 [69.70530659778983,-58.9564209608442] 29.155106995127213 2.4758002699523307 0.00018391676916085052 1.692176417172315e-05 [-2128.4609375,-2419.241210938] 30.90397415258392 33.435835694827325 6.1921607614218805 18.996332970513095 18.90284158182135
66.99060083493761 -58.687496395747154 1.265625 0.64282227 [66.99060083493761,-58.687496395747154] 29.940395522878873 0.28836846345881356 0.0019747524961247183 2.116260558748899e-05 [-4679.174804688,-2762.323242188] 27.314746134440032 29.76064782299602 6.585222037901123 1.8705694093362126 17.288676532751424
66.98517643579628 -58.687244156972874 1.265625 0.64282227 [66.98517643579628,-58.687244156972874] 29.726570033402503 0.28414310845336616 0.0020090440917765197 2.1214622028821345e-05 [-4684.263671875,-2762.390625] 27.314746134440032 29.76064782299602 6.585222037901123 1.837231006905995 17.280030901805276
76.57196817451907 -57.81268696537039 1.2109375 0.1000061 [76.57196817451907,-57.81268696537039] 25.193396097245728 0.13003631207810845 0.005180258808771319 2.503368626674013e-05 [4380.135253906,-4361.92578125] 34.075736304723144 32.774309619651746 8.342894503405123 59.107545911150396 45.717944850814774
76.78852083891992 -57.785888637588336 1.2109375 0.1000061 [76.78852083891992,-57.785888637588336] 22.59496416800601 1.0360278270088128 0.0006608944226512406 2.5445571557290196e-05 [4590.489501953,-4395.272460938] 36.20086690924717 33.504949715704456 8.23301232942289 60.44803525086502 46.306995368666776
72.7542039003906 -57.878524708872966 1.2734375 0.732666 [72.7542039003906,-57.878524708872966] 19.77059431299545 1.8505107749835805 0.0003181400012267321 2.1878553225084202e-05 [722.8193359375,-4391.280273438] 32.91802034247149 32.7606178183359 7.671088489447586 35.093341374225474 40.32549168440141
77.12197873633674 -58.27415102700397 1.2578125 0.56591797 [77.12197873633674,-58.27415102700397] 35.29013386133332 0.39245887431089527 0.0016192360293350756 2.3616363003748475e-05 [4842.701904297,-3495.6796875] 36.80856549342819 34.5399255434246 8.132204806361882 63.19699459431331 39.36510475417981
77.11816415731745 -58.26993924025699 1.2578125 0.56591797 [77.11816415731745,-58.26993924025699] 34.9665936702328 0.385311481302284 0.0016533066054946043 2.3674131419767742e-05 [4839.680908203,-3503.513671875] 36.80856549342819 34.5399255434246 8.132204806361882 63.167495632460714 39.424091366870016
77.09823595274175 -58.23843361038321 1.25 0.50390625 [77.09823595274175,-58.23843361038321] 35.81799130570325 0.2978760509292386 0.002102070364408079 2.326974050291529e-05 [4825.176269531,-3561.48046875] 36.78147018514621 34.52731644127857 8.074480915408854 63.00076459674301 39.87280362676984
77.10276802842732 -58.24243143724529 1.25 0.50390625 [77.10276802842732,-58.24243143724529] 36.573383274591244 0.4122180099533037 0.0015274025921820297 2.339856312741044e-05 [4828.909179688,-3553.978515625] 36.78147018514621 34.52731644127857 8.074480915408854 63.03450172514056 39.81758949217169
77.10216529107174 -58.24505977316827 1.25 0.50390625 [77.10216529107174,-58.24505977316827] 36.402245209441425 0.3902855541553882 0.001609345950583479 2.334213580984233e-05 [4827.982666016,-3549.30859375] 36.78147018514621 34.52731644127857 8.074480915408854 63.03419352857486 39.778198981244486
66.58240546332166 -59.15781791014707 1.296875 0.9448242 [66.58240546332166,-59.15781791014707] 33.29504825907909 1.818879348573796 0.00033203190887358674 2.2443594702691313e-05 [-4990.9921875,-1888.666992188] 29.326671051384203 30.058233845097853 6.416625265923845 1.052024211475441 9.119357003776258
69.0997086680272 -58.45807621147754 1.28125 0.7844238 [69.0997086680272,-58.45807621147754] 39.217848119280426 1.4428717906733728 0.00034188941931652156 1.833251742427188e-05 [-2728.806640625,-3292.916015625] 28.62244547548864 32.697251146285794 7.605242544711874 13.903852875669827 25.320301198987863
70.39731626310687 -58.17136396871145 1.2890625 0.91381836 [70.39731626310687,-58.17136396871145] 20.74681895340368 1.307660879199603 0.0003935691593938786 1.9126032687117244e-05 [-1520.205078125,-3850.235351562] 28.56798845619137 32.57444254427444 6.974812732847938 21.08504264219937 32.127580674402
70.40319820110928 -58.169383750764034 1.2890625 0.91381836 [70.40319820110928,-58.169383750764034] 19.777804901484675 1.008927803486746 0.0005068538208027399 1.9004284271203937e-05 [-1514.708007812,-3853.931640625] 28.56798845619137 32.57444254427444 6.974812732847938 21.116287517245837 32.16817084557442
66.78821555611741 -59.37117775258412 1.296875 0.9968262 [66.78821555611741,-59.37117775258412] -77.96419714758574 0.8374605232999617 0.0006838311225143094 2.1282464117861158e-05 [-4771.8984375,-1521.154785156] 30.414330688025473 31.103556754978072 7.119115683314808 3.004561354375028 6.34630092266184
66.78652244688537 -59.370632098711575 1.296875 0.9968262 [66.78652244688537,-59.370632098711575] -77.0012713947505 0.8821416575930721 0.0006522243578610619 2.1381789436269584e-05 [-4773.521484375,-1522.011230469] 30.414330688025473 31.103556754978072 7.119115683314808 2.992753491571875 6.350630645647243
71.31661247849289 -58.33380140563148 1.2578125 0.5612793 [71.31661247849289,-58.33380140563148] 31.664443268331897 0.23577815745084754 0.002011310728918661 1.7623470784333234e-05 [-644.7485351562,-3573.178710938] 31.502259457640452 32.226188775667836 7.421860888103259 27.16860616279473 31.22822024952734
71.33662415546297 -58.990852440956445 1.2421875 0.45056152 [71.33662415546297,-58.990852440956445] 40.66778961330168 1.5753860974794074 0.00027843342807652857 1.630110655246531e-05 [-614.14453125,-2391.241210938] 31.68951528846599 32.792264315316075 6.77005391676507 28.92192721031836 21.31243142950052
74.83080265978433 -59.40777215756211 1.21875 0.15838623 [74.83080265978433,-59.40777215756211] 47.047071954344084 0.3699361569156021 0.0011972448304618485 1.645956882469865e-05 [2593.142578125,-1588.379394531] 35.30971978578688 32.44177507988804 7.992232832740323 50.94555600647686 20.142114798138437
75.95404067934568 -58.74257681538514 1.2265625 0.25195312 [75.95404067934568,-58.74257681538514] 54.20630957277339 0.3623167976335056 0.0013791058561960043 1.856926760481098e-05 [3691.108642578,-2730.416992188] 36.06259010036755 32.00083461391616 9.080636732790879 56.6185701984042 31.310096494691834
77.20081331470077 -59.534404862971975 1.234375 0.3140869 [77.20081331470077,-59.534404862971975] 70.21967548509332 0.533683570245574 0.0010933499404966259 2.1684615297402606e-05 [4740.942382812,-1229.078125] 36.871685603027345 36.472869776073296 8.335803071949623 65.46050136260601 20.83971051243975
75.13745122045984 -60.56130607607135 1.296875 0.9370117 [75.13745122045984,-60.56130607607135] 52.916564854662326 3.2354073635141494 0.00013847578237050908 1.664989504734428e-05 [2775.270996094,498.2749023438] 37.50880510418041 35.75941426085299 8.39744908400221 55.05474590303163 3.4126246807265943
74.00241831730354 -60.228877986555126 1.28125 0.8286133 [74.00241831730354,-60.228877986555126] 65.915639873387 0.6583559074001026 0.000651031845109441 1.5928382365664685e-05 [1790.328613281,-138.9360351562] 37.577606465784555 33.13000914517223 8.13855499516907 47.72452591798901 6.841094366861171
71.97742454205635 -58.06575789466952 1.3046875 1.0629883 [71.97742454205635,-58.06575789466952] 21.631472913440625 2.646609726077069 0.0001980591115625886 1.9480201010437733e-05 [-20.494140625,-4058.66796875] 30.964742114337767 32.60109800669866 7.005989804656291 30.637986260013577 36.344785915613784
66.45459712689353 -59.32973086775527 1.296875 0.95532227 [66.45459712689353,-59.32973086775527] 30.704639789433376 0.9038567569173453 0.0006885534700170873 2.3128420967405374e-05 [-5082.69921875,-1570.571289062] 30.778630294604437 31.339597746348282 6.783755005511632 0.9075480182048068 6.182582665525388
66.4599916561825 -59.33879087220426 1.296875 0.95532227 [66.4599916561825,-59.33879087220426] 36.88310625224985 0.6664862309063685 0.0009330651391485492 2.3110633405851218e-05 [-5076.415039062,-1554.73828125] 30.778630294604437 31.339597746348282 6.783755005511632 0.971237081342224 6.057099547363123
66.45043134153606 -59.32169725103294 1.296875 0.9675293 [66.45043134153606,-59.32169725103294] 45.06262207419285 1.6201246869550487 0.00038405889339372266 2.3123574491416937e-05 [-5087.708984375,-1584.657714844] 30.556668396370753 31.120737649419624 6.7203434274043286 0.854682584077409 6.295349639308824
76.81672660243446 -59.910987803648446 1.2109375 0.1000061 [76.81672660243446,-59.910987803648446] 67.78898380447296 0.6234306075884276 0.0008219105767486752 1.9042387244845502e-05 [4342.595458984,-579.6528320312] 38.06952709067402 37.58391495853476 8.799449034683056 63.74515697757329 14.918610817702984
76.07457724249932 -58.882770734080474 1.21875 0.15777588 [76.07457724249932,-58.882770734080474] 45.98658701369417 1.272614405002694 0.0004008721263503753 1.8958824120637256e-05 [3788.073242188,-2471.782226562] 36.283664250360744 32.553785962288266 9.163524928824396 57.58688386763538 29.35537257643523
73.05377177099312 -59.406051652888024 1.265625 0.65405273 [73.05377177099312,-59.406051652888024] 46.06962062408177 2.9972166002839824 0.00014171870758894874 1.5785342725619595e-05 [966.3173828125,-1639.409179688] 35.17516054031185 31.946828791799142 8.692862744793018 40.25684347031688 17.76828844434499
76.99433910210303 -58.841991407561366 1.2109375 0.12731934 [76.99433910210303,-58.841991407561366] 66.3451345173714 0.2172513321771837 0.0028335858314890885 2.2877445196518053e-05 [4646.439697266,-2486.186523438] 37.20140538590531 36.15482935133555 8.113689693456823 63.18587945082891 30.859413785380866
68.26402266688116 -59.43187714584395 1.28125 0.8286133 [68.26402266688116,-59.43187714584395] 42.09585422381404 3.1126600940267855 0.000151102557114961 1.747882422709028e-05 [-3416.537109375,-1503.803222656] 31.535840914728137 33.80085051272012 6.877529738493789 11.864151221994007 8.747937909420898
72.52983831471968 -58.83520911742491 1.265625 0.6425781 [72.52983831471968,-58.83520911742491] 36.04830811479053 0.3078217597735023 0.0014267472777444185 1.6321312207134716e-05 [494.5385742188,-2672.42578125] 31.48198426007119 31.75546173711554 7.682792078272018 35.79031162207389 25.56293358474386
