data_processed/hvc_rms/hvc_rms_index_1_with_B.ecsv
# %ECSV 1.0
# ---
# datatype:
# - {name: ra_dec_obj.ra, unit: deg, datatype: float64}
# - {name: ra_dec_obj.dec, unit: deg, datatype: float64}
# - {name: 'H-alpha flux [Error]', unit: R, datatype: float32}
# - {name: H-alpha flux, unit: R, datatype: float32}
# - {name: ra_dec_deg, datatype: string, subtype: 'float64[2]'}
# - {name: RM, unit: rad / m2, datatype: float64}
# - {name: RM_uncert, unit: rad / m2, datatype: float64}
# - {name: pol_int, datatype: float64}
# - {name: pol_int_uncert, datatype: float64}
# - {name: ra_dec_pix_offsets, datatype: string, subtype: 'float64[2]'}
# - {name: interpolation_raw, unit: rad / m2, datatype: float64}
# - {name: interpolation_cor, unit: rad / m2, datatype: float64}
# - {name: interpolation_unc, unit: rad / m2, datatype: float64}
# - {name: interpolation_cor_unc, unit: rad / m2, datatype: float64}
# - {name: HI, unit: dex(1 / cm2), datatype: float64}
# - {name: 'HI [Error]', unit: dex(1 / cm2), datatype: float64}
# - {name: pixel location x, datatype: float64}
# - {name: pixel location y, datatype: float64}
# - {name: 'B_virtual [raw]', unit: G, datatype: float64}
# - {name: 'B_virtual_unc [raw]', unit: G, datatype: float64}
# - {name: 'B_virtual [int]', unit: G, datatype: float64}
# - {name: 'B_virtual_unc [int]', unit: G, datatype: float64}
# meta: !!omap
# - __serialized_columns__:
#     ra_dec_obj:
#       __class__: astropy.coordinates.sky_coordinate.SkyCoord
#       dec: !astropy.table.SerializedColumn
#         __class__: astropy.coordinates.angles.Latitude
#         unit: &id001 !astropy.units.Unit {unit: deg}
#         value: !astropy.table.SerializedColumn {name: ra_dec_obj.dec}
#       frame: icrs
#       ra: !astropy.table.SerializedColumn
#         __class__: astropy.coordinates.angles.Longitude
#         unit: *id001
#         value: !astropy.table.SerializedColumn {name: ra_dec_obj.ra}
#         wrap_angle: !astropy.coordinates.Angle
#           unit: *id001
#           value: 360.0
#       representation_type: spherical
# schema: astropy-2.0
ra_dec_obj.ra ra_dec_obj.dec "H-alpha flux [Error]" "H-alpha flux" ra_dec_deg RM RM_uncert pol_int pol_int_uncert ra_dec_pix_offsets interpolation_raw interpolation_cor interpolation_unc interpolation_cor_unc HI "HI [Error]" "pixel location x" "pixel location y" "B_virtual [raw]" "B_virtual_unc [raw]" "B_virtual [int]" "B_virtual_unc [int]"
[from data line 525]
318.49307246255114 -7.913819084072291 0.359375 1.2241211 [318.49307246255114,-7.913819084072291] -37.019847776581784 0.7953821258872324 0.0007922575044438431 2.341805878878218e-05 [2636.033691406,-2569.431640625] -11.530324962846441 -12.067742994905924 6.238112433691045 6.162205464935146 0.0 0.0 36.66924104131169 10.941417510556676 -3.7019846349134715e-06 7.309510351027435e-07 -2.5489521830885687e-06 9.505074380766405e-07
318.7910156400492 -9.122087358749978 0.40429688 1.6645508 [318.7910156400492,-9.122087358749978] -43.02727482677817 0.734314500083736 0.0008319159308675373 2.2702320376265024e-05 [3157.024902344,-392.3916015625] -14.746050493351106 -15.44588210241647 7.791479520657717 6.039015134674817 0.0 0.0 26.862468850726145 24.77788386807015 -4.302727316769092e-06 7.393753872973539e-07 -2.828122324293228e-06 1.0604807921421212e-06
318.79248051388214 -9.124886393114041 0.40429688 1.6645508 [318.79248051388214,-9.124886393114041] -42.812602106865306 1.6432583304569846 0.0003708223439179042 2.264542315975111e-05 [3159.602294922,-387.3403320312] -14.746050493351106 -15.44588210241647 7.791479520657717 6.039015134674817 0.0 0.0 26.831750256932082 24.80513182615823 -4.281260045605562e-06 7.535093276259713e-07 -2.8066550531296978e-06 1.0704649606836809e-06
319.2661132469137 -11.467140173573046 0.32226562 0.8474121 [319.2661132469137,-11.467140173573046] -25.859684091507567 3.089602245587511 0.0002683152697190419 3.0807514684550714e-05 [3971.231933594,3832.552246094] -15.920141234933165 -16.64146108572914 6.608716731224455 6.24886085680214 18.649503707885742 9.324751853942871 9.376306314352973 53.17072034313014 -2.585968309438488e-06 7.771618633436424e-07 -9.939542473315904e-07 1.0123953770366061e-06
315.47051979142844 -7.428637699908713 0.421875 1.8271484 [315.47051979142844,-7.428637699908713] -32.13092405917697 1.7122401340059552 0.00039631650988248185 2.5218284524134035e-05 [-2755.262695312,-3441.870117188] -23.61056870563982 -22.24263703051861 7.716358654396061 8.804571592774302 0.0 0.0 71.22054160008474 24.774396318855906 -3.2130922820241747e-06 7.402133829752847e-07 -8.520355025001052e-07 1.0567641493733212e-06
319.73477174420896 -10.310217796672832 0.40625 1.6782227 [319.73477174420896,-10.310217796672832] -2.1385283210177572 2.73977854571235 0.00029860618311603143 3.0403456469871565e-05 [4815.864746094,1756.776855469] -13.324183959515878 -14.923603640749022 6.226941586832702 5.59999679250687 0.0 0.0 10.484191885691416 34.40889284948935 -2.1385282385583155e-07 7.517915306117345e-07 1.11856552071908e-06 9.778945256102823e-07
317.533752567503 -8.300008813004471 0.39648438 1.5805664 [317.533752567503,-8.300008813004471] -50.716746139828544 1.6677855172299096 0.0003577804149486341 2.2175093759077234e-05 [925.0952148438,-1879.293945312] -18.46018221419605 -17.488447935836156 6.301329936424427 7.428552054345249 0.0 0.0 44.634536532948005 22.368904245621707 -5.071674418424323e-06 7.675068642685455e-07 -3.2256562681852724e-06 9.71444760981603e-07
315.6199951874477 -8.768070289202857 0.3359375 0.98950195 [315.6199951874477,-8.768070289202857] -28.57031571424973 1.2763307018310872 0.0004728842701075327 2.242987159552236e-05 [-2480.28515625,-1032.64453125] -20.83730566435748 -22.78708359426802 6.959498924390028 8.600041968025415 0.0 0.0 62.31203042847278 40.80996494314195 -2.8570314612607888e-06 7.27256020350715e-07 -7.733009751715375e-07 9.961389817653448e-07
317.8277893508686 -10.67038827403456 0.38476562 1.4414062 [317.8277893508686,-10.67038827403456] -25.763534585218636 0.8201960639923311 0.0007264093364425181 2.2141538858443926e-05 [1438.807617188,2388.048828125] -19.850534885489612 -18.999873909050663 7.097119603101811 6.249553834833401 0.0 0.0 28.78541655994036 51.58533811527059 -2.576353359180337e-06 7.177143371857405e-07 -5.912999471729868e-07 1.000693122255654e-06
317.8238220083104 -10.674447000026772 0.38476562 1.4414062 [317.8238220083104,-10.674447000026772] -27.924063082287212 2.4497231349016566 0.00024390427953064828 2.2204711112339894e-05 [1431.771484375,2395.336425781] -19.850534885489612 -18.999873909050663 7.097119603101811 6.249553834833401 0.0 0.0 28.806263882697294 51.66458874940872 -2.79240620055642e-06 7.560497353540675e-07 -8.073527885490697e-07 1.0273791953369797e-06
318.57998657699403 -8.674153370116745 0.43554688 1.9863281 [318.57998657699403,-8.674153370116745] 66.80434379399917 2.3345710228936976 0.00026061762809336707 2.261099019977383e-05 [2785.542480469,-1200.4140625] -14.914667053692627 -15.120760234228529 6.366370651335104 5.598787706568507 0.0 0.0 31.5409195391685 20.28650487251707 6.680434121809271e-06 8.173897393985793e-07 8.17190076966912e-06 1.0652675358039449e-06
317.1882019999403 -9.563402173880228 0.52734375 2.868164 [317.1882019999403,-9.563402173880228] -106.4273618978615 1.5267591151734798 0.00038587333076819507 2.189394327303899e-05 [308.5634765625,394.1049804688] -22.660666261435374 -19.130430154798823 7.346165464719486 6.872145092682685 0.0 0.0 41.42692535349238 41.060041221720894 -1.0642735779413243e-05 9.094345210389866e-07 -8.376669240646893e-06 1.1168456118732095e-06
316.0610044642819 -7.925561602513341 0.375 1.3833008 [316.0610044642819,-7.925561602513341] -25.423143223212065 0.8001439815658393 0.0007551410355532255 2.2454579019289308e-05 [-1699.577148438,-2551.522460938] -21.22043280329769 -20.114917386832808 6.691829860034726 8.60400193584557 0.0 0.0 62.24187219862381 27.22520196955884 -2.542314224292194e-06 7.17151526863949e-07 -4.202710257862205e-07 9.719554379213535e-07
314.10534688266563 -10.045917410685348 0.34765625 1.1083984 [314.10534688266563,-10.045917410685348] -25.54361359587155 1.9471268475680252 0.0004451781704001246 3.22134180311917e-05 [-5153.728515625,1283.783691406] -27.237995896902735 -25.159327176939193 8.113506555081862 8.190580542075939 0.0 0.0 71.59718277182697 66.57697560030238 -2.554361261093621e-06 7.389094114835649e-07 1.6943822356975563e-07 1.0891658971394518e-06
313.98449679793157 -7.893643851584637 0.375 1.3486328 [313.98449679793157,-7.893643851584637] -62.85272514133935 0.5467622678145825 0.0017507582916149352 3.557405983332964e-05 [-5399.56640625,-2588.05859375] -30.186369621504834 -30.67740490979123 9.149334038785225 8.226790162747747 18.02153778076172 9.01076889038086 84.37686545427118 40.1280598417552 -6.285272271780323e-06 7.761575848221145e-07 -3.2666354260253603e-06 1.1660410870606783e-06
316.0850830564265 -8.433406885816243 0.35742188 1.206543 [316.0850830564265,-8.433406885816243] -22.838531829172705 1.5989760639825086 0.00036687110256982964 2.180038536395438e-05 [-1654.544921875,-1637.710449219] -21.124068827696806 -19.601823332843004 6.837864824987017 8.869942147752049 0.0 0.0 59.20573795358359 33.54849883581255 -2.2838530948542524e-06 7.280219193143158e-07 -1.7144629353679775e-07 9.915707466994482e-07
315.6238095888585 -10.957501459632137 0.36132812 1.246582 [315.6238095888585,-10.957501459632137] -42.47295980377628 0.939777288602615 0.0006620425286660427 2.3121688035795114e-05 [-2457.114257812,2907.871826172] -19.343436138208403 -18.320753291816146 6.825455924854428 7.187366734353551 0.0 0.0 50.7115784930445 69.0941423046861 -4.247295816606284e-06 7.408122191337921e-07 -2.3129522773717345e-06 9.897067598710252e-07
315.6271665358058 -10.957981074717416 0.36132812 1.246582 [315.6271665358058,-10.957981074717416] -44.44349445458924 1.415447743789258 0.0004400145003255426 2.314565802690989e-05 [-2451.1796875,2908.711425781] -19.343436138208403 -18.320753291816146 6.825455924854428 7.187366734353551 0.0 0.0 50.67339358171853 69.07990910121134 -4.444349274089403e-06 7.514986529907333e-07 -2.510005734854853e-06 9.966720684979478e-07
316.8730773900125 -11.241568601098793 0.34375 1.0634766 [316.8730773900125,-11.241568601098793] -38.87296886123167 1.5153126390016418 0.0004150100139775518 2.3370581845659803e-05 [-249.4267578125,3414.156982422] -19.23430526303268 -18.887723977148852 7.827928513095973 6.984439654997772 0.0 0.0 35.96178368102005 65.16112654026665 -3.887296736233017e-06 7.448628168279365e-07 -1.9638662840952417e-06 1.0660252621774758e-06
316.87499997895463 -11.248158398987323 0.34375 1.0634766 [316.87499997895463,-11.248158398987323] -38.037574107685934 1.368239229634618 0.00046182198824965166 2.3482554991532738e-05 [-246.0268554688,3426.010742188] -19.23430526303268 -18.887723977148852 7.827928513095973 6.984439654997772 0.0 0.0 35.90743349238869 65.23672924769835 -3.803757264099639e-06 7.408102872645892e-07 -1.8803268119618641e-06 1.0636161583647407e-06
318.99447628631265 -9.102964348299821 0.42773438 1.8857422 [318.99447628631265,-9.102964348299821] -24.470255720442545 2.558473689427497 0.0002425945886476359 2.3065919262734984e-05 [3518.616210938,-424.8881835938] -12.302566640765571 -14.742862327716077 7.428864732685373 5.382725797758702 0.0 0.0 24.819551265009522 23.168693906066892 -2.4470254776894776e-06 7.563365028138271e-07 -1.216768861050346e-06 1.0542482078963617e-06
317.9000853529164 -11.779648759924353 0.375 1.3623047 [317.9000853529164,-11.779648759924353] -33.53169522975325 0.6537264811667187 0.0012780621515644317 3.104965326832961e-05 [1560.671875,4383.911987305] -15.022086799974801 -17.759058688921428 6.84215529422548 6.100191806824676 0.0 0.0 22.284837450595433 66.00440736407018 -3.3531693936805734e-06 7.248583652068194e-07 -1.8509607716067075e-06 9.85857422649814e-07
316.48950197048623 -11.017062242745844 0.34375 1.0639648 [316.48950197048623,-11.017062242745844] -22.76545842217484 0.75522001146091 0.0007911993911285689 2.220588757466405e-05 [-927.318359375,3010.882568359] -20.075071563209157 -18.536356405282064 7.1471174653556675 6.730467607124183 0.0 0.0 41.19752047396719 64.55979162159838 -2.2765457544362295e-06 7.141848033585655e-07 -2.690386755227148e-07 1.0033528189408973e-06
316.4853514373285 -11.018122686218152 0.34375 1.0639648 [316.4853514373285,-11.018122686218152] -20.5428177093055 2.2580842762518483 0.0002654265703527601 2.2273745098340772e-05 [-934.6479492188,3012.801513672] -20.075071563209157 -18.536356405282064 7.1471174653556675 6.730467607124183 0.0 0.0 41.23617075905622 64.5994134860448 -2.0542816917195678e-06 7.434240759161066e-07 -4.6774612806053416e-08 1.025577060037526e-06
316.7499389981567 -10.21705636998224 0.4140625 1.7680664 [316.7499389981567,-10.21705636998224] -73.7671478941147 1.1795265448376333 0.0004970650742582794 2.1788617310793502e-05 [-468.4096679688,1570.723632812] -19.141955264619533 -19.896323937435934 6.716230505015184 6.537091253322757 0.0 0.0 42.603327111294675 52.4109532377106 -7.376714504972972e-06 8.091040633696269e-07 -5.46251905232042e-06 1.0186496427298279e-06
316.74475099948137 -10.217239422600477 0.4140625 1.7680664 [316.74475099948137,-10.217239422600477] -77.4868809280502 0.9173852346517232 0.0006375972413377327 2.1737364026508158e-05 [-477.599609375,1571.060058594] -19.141955264619533 -19.896323937435934 6.716230505015184 6.537091253322757 0.0 0.0 42.65741980077496 52.44605061191396 -7.748687794023617e-06 8.153144669779462e-07 -5.834492341371064e-06 1.021660720374758e-06
316.7352293938374 -10.212675929617507 0.43164062 1.9443359 [316.7352293938374,-10.212675929617507] -77.93695306656481 0.5696951939621056 0.0010273379738382595 2.1750267382961445e-05 [-494.4736328125,1562.859863281] -18.99206459390218 -19.855986833842934 6.919027603699406 6.770484463672874 0.0 0.0 42.78249355797357 52.446207523739304 -7.793695006139646e-06 8.133295619559301e-07 -5.894488619980865e-06 1.0335479655613503e-06
318.0636290339511 -10.561046549990667 0.44140625 2.024414 [318.0636290339511,-10.561046549990667] -30.450133812805177 2.053519056525846 0.00029016365411034295 2.2143713427287995e-05 [1856.586914062,2192.383544922] -19.650197483245087 -18.801955943167794 6.946194886966144 6.433911052279491 0.0 0.0 26.85712774932881 48.62628001291978 -3.0450132638679487e-06 7.468961540041716e-07 -1.0799935913125708e-06 1.0089085921024044e-06
314.2951658207143 -7.524344989608444 0.36132812 1.2216797 [314.2951658207143,-7.524344989608444] -66.33246123860863 0.7664485842488441 0.0011207303714393345 3.192220416189084e-05 [-4850.58984375,-3257.01953125] -24.95497009608993 -24.818177602746736 8.788665243152535 8.196398162693937 0.0 0.0 83.11072750948631 33.5424367063074 -6.6332458680897485e-06 7.859757648494945e-07 -4.137748954704541e-06 1.1470428059529599e-06
318.8996277418269 -8.23325626947021 0.3671875 1.3100586 [318.8996277418269,-8.23325626947021] -2.202696996500947 3.2096803618274334 0.0002032183483536765 2.4240044096880205e-05 [3357.894287109,-1991.140625] -8.749200080165082 -11.724244672353063 6.532208697774398 5.322512933056265 0.0 0.0 30.611315123422628 12.355537008172178 -2.2026969115672274e-07 7.701654597792557e-07 6.546502831237742e-07 1.010398472080486e-06
319.4483031837964 -8.452355256132446 0.36523438 1.2758789 [319.4483031837964,-8.452355256132446] -20.582339895352792 1.17288525224764 0.0006208133727310266 2.7059844217119744e-05 [4332.203857422,-1590.852050781] -9.284383602584304 -11.853208006425294 6.6202586747544565 4.824500622616362 0.0 0.0 23.619945398922823 11.507220536338082 -2.058233910171904e-06 7.179773919790485e-07 -1.129795585713097e-06 9.72404552560916e-07
319.4380798146951 -8.457870488369565 0.36523438 1.2758789 [319.4380798146951,-8.457870488369565] -14.592664745584248 2.2936044904741517 0.0003136724350669295 2.6736440555071915e-05 [4313.956298828,-1581.051269531] -9.284383602584304 -11.853208006425294 6.6202586747544565 4.824500622616362 0.0 0.0 23.69689371421896 11.649653686585225 -1.4592664182906177e-06 7.406112003299598e-07 -5.308280938318109e-07 9.907900578984806e-07
317.49295041008025 -10.167148588224089 0.4453125 2.0517578 [317.49295041008025,-10.167148588224089] -72.8198739876716 0.6780985538345649 0.000858875444941632 2.1643710079682803e-05 [847.9243164062,1481.296875] -23.997366498543396 -20.895257354828022 6.796812063513034 6.588108932494679 0.0 0.0 34.98521487754897 47.04232299173145 -7.281987117981253e-06 8.009296166960082e-07 -4.882250560658277e-06 1.0112335858104336e-06
316.6842652208246 -10.961041407124958 0.33203125 0.96118164 [316.6842652208246,-10.961041407124958] -30.85892214700977 1.7414654662371531 0.0003389400999582056 2.193544872663846e-05 [-583.326171875,2909.669189453] -20.964379899221427 -18.76551031117762 7.613816780524666 6.9432073967192505 0.0 0.0 39.41677962607753 62.61497706997534 -3.0858920957121626e-06 7.393955167891447e-07 -9.89454186626502e-07 1.0501147365240076e-06
316.68676745387376 -10.964826542726538 0.33203125 0.96118164 [316.68676745387376,-10.964826542726538] -28.197141121559234 1.6433308894838732 0.00035895162144817443 2.1921468375521075e-05 [-578.8969726562,2916.475585938] -20.964379899221427 -18.76551031117762 7.613816780524666 6.9432073967192505 0.0 0.0 39.37059315418344 62.6494689725705 -2.8197140034306616e-06 7.341863951019446e-07 -7.23276094345001e-07 1.0479296006662356e-06
316.3196107320843 -11.128528561704037 0.38867188 1.4858398 [316.3196107320843,-11.128528561704037] 74.87369847095621 1.9170138332404074 0.0003173533628388825 2.2608776186857668e-05 [-1227.001953125,3211.949462891] -18.658393599635467 -18.282703087376845 6.6341627261545835 6.677602933070784 0.0 0.0 42.42923722862565 67.0766866700742 7.487369558390378e-06 8.258584435147321e-07 9.353208846409088e-06 1.0996382627273996e-06
317.6593627266888 -10.560234962578239 0.38476562 1.4448242 [317.6593627266888,-10.560234962578239] 1.2708064124454086 0.24697227815720774 0.0024035779277053887 2.2060488150132023e-05 [1141.316894531,2189.206787109] -20.225219782297074 -18.841698746559405 7.204120815408081 6.437059051008056 0.0 0.0 31.149766147278 51.189083559218034 1.2708063634444267e-07 7.004674515252626e-07 2.1496025365877935e-06 1.0111396621112754e-06
