data_processed/hvc_rms/hvc_rms_index_25_with_B.ecsv
# %ECSV 1.0
# ---
# datatype:
# - {name: ra_dec_obj.ra, unit: deg, datatype: float64}
# - {name: ra_dec_obj.dec, unit: deg, datatype: float64}
# - {name: 'H-alpha flux [Error]', unit: R, datatype: float32}
# - {name: H-alpha flux, unit: R, datatype: float32}
# - {name: ra_dec_deg, datatype: string, subtype: 'float64[2]'}
# - {name: RM, unit: rad / m2, datatype: float64}
# - {name: RM_uncert, unit: rad / m2, datatype: float64}
# - {name: pol_int, datatype: float64}
# - {name: pol_int_uncert, datatype: float64}
# - {name: ra_dec_pix_offsets, datatype: string, subtype: 'float64[2]'}
# - {name: interpolation_raw, unit: rad / m2, datatype: float64}
# - {name: interpolation_cor, unit: rad / m2, datatype: float64}
# - {name: interpolation_unc, unit: rad / m2, datatype: float64}
# - {name: pixel location x, datatype: float64}
# - {name: pixel location y, datatype: float64}
# - {name: 'B_virtual [raw]', unit: G, datatype: float64}
# - {name: 'B_virtual_unc [raw]', unit: G, datatype: float64}
# - {name: 'B_virtual [int]', unit: G, datatype: float64}
# - {name: 'B_virtual_unc [int]', unit: G, datatype: float64}
# - {name: 'B_virtual [cor]', unit: G, datatype: float64}
# - {name: 'B_virtual_unc [cor]', unit: G, datatype: float64}
# meta: !!omap
# - __serialized_columns__:
#     ra_dec_obj:
#       __class__: astropy.coordinates.sky_coordinate.SkyCoord
#       dec: !astropy.table.SerializedColumn
#         __class__: astropy.coordinates.angles.Latitude
#         unit: &id001 !astropy.units.Unit {unit: deg}
#         value: !astropy.table.SerializedColumn {name: ra_dec_obj.dec}
#       frame: icrs
#       ra: !astropy.table.SerializedColumn
#         __class__: astropy.coordinates.angles.Longitude
#         unit: *id001
#         value: !astropy.table.SerializedColumn {name: ra_dec_obj.ra}
#         wrap_angle: !astropy.coordinates.Angle
#           unit: *id001
#           value: 360.0
#       representation_type: spherical
# schema: astropy-2.0
ra_dec_obj.ra ra_dec_obj.dec "H-alpha flux [Error]" "H-alpha flux" ra_dec_deg RM RM_uncert pol_int pol_int_uncert ra_dec_pix_offsets interpolation_raw interpolation_cor interpolation_unc "pixel location x" "pixel location y" "B_virtual [raw]" "B_virtual_unc [raw]" "B_virtual [int]" "B_virtual_unc [int]" "B_virtual [cor]" "B_virtual_unc [cor]"
[from data line 2239]
258.0082396852635 -64.29062652814657 1.9609375 7.609375 [258.0082396852635,-64.29062652814657] 147.829633149477 1.5816384771593166 0.00030274022027836496 1.7794510570685183e-05 [1971.520019531,-1063.116210938] 19.771853443001064 15.822338228703952 14.451489672670947 73.27255716497018 65.07488180225369 1.4155839820445473e-05 2.328582397920128e-06 1.2262530716380794e-05 2.4701723189928148e-06 1.264072758767703e-05 2.516824639872362e-06
258.0075072660898 -64.29779805818299 1.9453125 7.4765625 [258.0075072660898,-64.29779805818299] 142.78447050243935 2.847249878406757 0.00016720881173986512 1.7692672836380418e-05 [1970.436523438,-1050.241210938] 19.62239319492797 15.560010083523007 14.443234647663905 73.22821961283091 65.15113228224982 1.3793631689422116e-05 2.3009143811595177e-06 1.1898018926749615e-05 2.454036105015409e-06 1.2290463680880571e-05 2.5019675207590633e-06
254.03277592507678 -65.54736334201799 1.8671875 6.703125 [254.03277592507678,-65.54736334201799] 29.683229550040615 3.0037079742373884 0.00015654872483662196 1.7474950133226913e-05 [-1080.0859375,1172.045410156] 27.187111943994292 24.852541820276024 15.926037950130087 81.16405452585377 89.76794810689375 3.0284550062686314e-06 9.252943801018086e-07 2.546683758760985e-07 1.8016503395187973e-06 4.928547419095106e-07 1.8030085950256673e-06
256.7439267829041 -63.48253605395574 2.203125 9.988281 [256.7439267829041,-63.48253605395574] 115.21143414986146 3.037880284311761 0.00016281671916626496 1.8381390344554408e-05 [1013.55859375,-2546.671875] 19.419206762460483 15.251395554125885 15.725580172888804 84.24041343289275 60.664607221523056 9.62939131197133e-06 1.5118350280957788e-06 8.006330699423292e-06 1.852876278623988e-06 8.354677070906441e-06 1.8837820317445017e-06
257.77453603078357 -64.09632865219561 1.9375 7.3828125 [257.77453603078357,-64.09632865219561] 82.73004734572837 3.0178996215342204 0.00015821438406233247 1.7744323991306e-05 [1801.777832031,-1419.539550781] 20.906850950917303 17.317259890129478 14.957303183326712 75.58044199029985 63.76937167134702 8.042683670318849e-06 1.4788016421543063e-06 6.010203403046106e-06 1.891585181980892e-06 6.3591690610382185e-06 1.92025487721256e-06
255.8623812208583 -65.35086831230524 1.875 6.779297 [255.8623812208583,-65.35086831230524] 61.08332381194869 2.9263306120873662 0.0001623311418904951 1.7653626634927943e-05 [285.1489257812,806.822265625] 22.73020097834118 21.244141433302826 14.91102578242723 75.15188363793425 82.29192289504044 6.196963936423569e-06 1.2798112212884816e-06 3.8909624463264245e-06 1.814660873532123e-06 4.041724664773013e-06 1.823609696814647e-06
255.09927349610246 -62.91976561839453 2.28125 10.832031 [255.09927349610246,-62.91976561839453] 85.94280620104612 3.045647228988349 0.00017786602901941973 2.0131739908224853e-05 [-314.1474609375,-3568.333007812] 21.433702518121603 21.34894244758083 17.79397444570659 95.40542956092077 60.320592450720596 6.897682695062717e-06 1.1350451991457554e-06 5.177435411019879e-06 1.7115165983458242e-06 5.184238168547179e-06 1.7119116835262137e-06
256.07809432978235 -64.22763820407863 2.15625 9.5234375 [256.07809432978235,-64.22763820407863] 142.90660143444774 3.056278339269045 0.00015580081011180982 1.76958455117444e-05 [466.0512695312,-1213.621582031] 24.302865983286672 19.45004068281737 16.007166588867385 82.00531929803628 70.27887624395976 1.2232185466324411e-05 1.8860059159161728e-06 1.0151965510865235e-05 2.111962049792859e-06 1.0567346315636813e-05 2.1541575646720633e-06
259.3763732476649 -62.840091464018194 2.015625 8.207031 [259.3763732476649,-62.840091464018194] 106.30313751291817 1.2985141831001819 0.0004525966863587018 2.1840710925310382e-05 [3196.837646484,-3614.267578125] 13.59430929157226 12.420433607038007 12.960899288283846 76.65453963757193 45.912851958905094 9.801706037673836e-06 1.6302942258221395e-06 8.548239521269116e-06 1.8849088566629275e-06 8.656477007516216e-06 1.896324385960783e-06
259.0073240859443 -63.94277573992472 2.015625 8.0859375 [259.0073240859443,-63.94277573992472] 110.29157503469425 2.7452680720421054 0.00018433668628731298 1.8806381356797194e-05 [2785.180664062,-1650.954589844] 19.441148501500827 17.0626254692443 13.295036403270942 71.17137214098886 58.51031205619529 1.024532602272581e-05 1.7229920635461562e-06 8.439377521297237e-06 1.9226163867548567e-06 8.66032589301434e-06 1.9457000514077787e-06
259.2425538169481 -64.06568908404756 2.0625 8.582031 [259.2425538169481,-64.06568908404756] 45.67763854551938 3.021650154919991 0.0001649464890901503 1.8522344593657553e-05 [2957.761230469,-1419.428710938] 19.894492151557664 17.2226661276716 13.839472314356797 69.33399968356139 59.10432356627598 4.11867223391903e-06 9.24642332016717e-07 2.3248209088141738e-06 1.466848709971711e-06 2.5657347565708953e-06 1.475872983054547e-06
260.53762827225194 -65.20963295673045 1.7421875 5.4023438 [260.53762827225194,-65.20963295673045] 85.29362649428164 1.441981240124865 0.00038205625876786475 2.047366684951935e-05 [3810.323974609,703.9931640625] 16.745323487406107 19.8022367488511 15.769416854135837 56.435829192472966 67.5487976886493 9.69335474630065e-06 1.965642426553977e-06 7.79030093587473e-06 2.4374091301873447e-06 7.442892273706476e-06 2.4001049375402106e-06
260.54241935627 -65.21414942266158 1.7421875 5.4023438 [260.54241935627,-65.21414942266158] 86.29038820123714 0.770669300342542 0.0007185894978756314 2.058058086440648e-05 [3813.275146484,712.3852539062] 16.745323487406107 19.8022367488511 15.769416854135837 56.38715274249523 67.58402571283273 9.806633606869388e-06 1.979871018205194e-06 7.90357979644347e-06 2.44589458200572e-06 7.556171134275216e-06 2.4081646207155235e-06
252.20491009735332 -65.46870420346657 1.9609375 7.6171875 [252.20491009735332,-65.46870420346657] 60.14717482696043 3.1805798746189926 0.00014899842740638344 1.7611514085610173e-05 [-2448.168945312,1081.551269531] 27.90447144316396 23.560897037104894 16.36607314620862 88.9609266980417 94.67471620867013 5.756606504758759e-06 1.1657544936293257e-06 3.0859064713206217e-06 1.7972076687908588e-06 3.501624229498939e-06 1.8159049788483123e-06
251.11830196968694 -65.11530308641228 1.9140625 7.1523438 [251.11830196968694,-65.11530308641228] 61.90556602637411 3.1353072361992624 0.0001601532315796574 1.8660553192351113e-05 [-3302.407226562,495.9858398438] 21.71548990347817 21.09020315266337 15.020546565008821 95.86596191123976 94.77253544820428 6.114404181540129e-06 1.243426305058781e-06 3.96956825170708e-06 1.7845669299106026e-06 4.031327737473105e-06 1.7881634785030886e-06
251.10849037326298 -65.11022950670873 1.9140625 7.1523438 [251.10849037326298,-65.11022950670873] 58.52200737906816 2.6392614283442675 0.00019007899512787818 1.864340531074872e-05 [-3310.44921875,487.3881835938] 21.71548990347817 21.09020315266337 15.020546565008821 95.94283184326571 94.7562488311437 5.7802105626212785e-06 1.1894517097204568e-06 3.635374632788229e-06 1.7580229464144799e-06 3.697134118554255e-06 1.7613689970479637e-06
259.2873840717142 -63.18035105137571 1.8828125 6.8164062 [259.2873840717142,-63.18035105137571] 79.61630777545882 1.9942443007142665 0.0002742406382107863 2.0324453354711923e-05 [3087.680908203,-3007.66796875] 17.63546876133465 14.10340853262095 12.231734839049123 74.85760109781745 49.727535080821326 8.05513705972725e-06 1.518381542083252e-06 6.270878005844362e-06 1.7726761557119678e-06 6.628232297200616e-06 1.8076617556724685e-06
259.29684463066695 -63.18263632826471 1.8828125 6.8164062 [259.29684463066695,-63.18263632826471] 83.48938042335234 1.5666667972697295 0.0003491649998975034 2.0329001427720177e-05 [3095.103027344,-3003.1015625] 17.63546876133465 14.10340853262095 12.231734839049123 74.79968261407805 49.722816677238825 8.446993098932821e-06 1.5702283561343025e-06 6.662734045049935e-06 1.8067973351412916e-06 7.020088336406188e-06 1.843200294726188e-06
257.6239926748701 -65.49975586151989 1.7109375 5.140625 [257.6239926748701,-65.49975586151989] 27.78028821593251 2.903106864330316 0.00015721212085412906 1.69612459729283e-05 [1598.1328125,1100.974121094] 19.23596708650181 18.828245839345286 14.870408447611352 66.88514343743077 78.69223239179996 3.236513474026668e-06 1.0744380782890137e-06 9.954472123134149e-07 1.953553500425898e-06 1.0429483505237893e-06 1.954440333127109e-06
260.0871888516073 -64.8884659731776 1.8984375 6.9902344 [260.0871888516073,-64.8884659731776] 132.13215662097204 0.7400882472812106 0.0006968907848793799 1.9167123120479914e-05 [3513.633300781,101.51171875] 19.931508899825843 20.398618929610375 15.643884988759265 60.39008261238291 65.36660426181811 1.3201135505305638e-05 2.2626554858580644e-06 1.1209806849658433e-05 2.504467553146356e-06 1.1163138552123857e-05 2.4989292986698973e-06
260.11831677009 -64.88735968142679 1.8984375 6.9902344 [260.11831677009,-64.88735968142679] 131.33934602747064 0.18305646448573865 0.0028097953685025947 1.9114743107700445e-05 [3537.479980469,101.259765625] 19.931508899825843 20.398618929610375 15.643884988759265 60.26204714086464 65.26864395805387 1.312192692851024e-05 2.2492536211138014e-06 1.1130598272863035e-05 2.49404528752889e-06 1.1083929975328457e-05 2.4885232607550393e-06
260.11181640751727 -64.88832080467591 1.8984375 6.9902344 [260.11181640751727,-64.88832080467591] 126.22963147088889 0.22475946053284632 0.0022854474429019754 1.90896481030512e-05 [3532.404052734,102.6220703125] 19.931508899825843 20.398618929610375 15.643884988759265 60.28419649132695 65.29683858712315 1.2611422627514353e-05 2.1704060869032216e-06 1.062009397186715e-05 2.434284653440568e-06 1.0573425674332571e-05 2.4288870847792884e-06
260.09558101343873 -64.88896940178265 1.8984375 6.9902344 [260.09558101343873,-64.88896940178265] 122.87392715512655 0.09059090470780179 0.005682877009289855 1.9132052195510523e-05 [3519.957275391,102.8818359375] 19.931508899825843 20.398618929610375 15.643884988759265 60.35052454945685 65.34868861098198 1.227615899055434e-05 2.1186781940504836e-06 1.0284830334907133e-05 2.3956863502007773e-06 1.0238162037372555e-05 2.3903753405955246e-06
260.09332267788324 -64.88798512365345 1.8984375 6.9902344 [260.09332267788324,-64.88798512365345] 123.18037396380214 0.08348100497645425 0.006170271884707142 1.9142588907638245e-05 [3518.366699219,100.9892578125] 19.931508899825843 20.398618929610375 15.643884988759265 60.36651070668677 65.34451009622626 1.2306775654581851e-05 2.1233840498793916e-06 1.0315446998934644e-05 2.3991747560084955e-06 1.0268778701400068e-05 2.3938556450875828e-06
259.743316593398 -62.66211339487947 2.078125 8.722656 [259.743316593398,-62.66211339487947] -1.7116335048851592 0.18562069553050128 0.0034549846063084053 2.38331373342121e-05 [3518.729248047,-3914.282226562] 11.867919278984607 10.743020451083428 13.045876020954218 76.10419732121534 42.93780360946198 -1.5308584454163624e-07 6.2670611424569e-07 -1.2145341280614324e-06 1.3366178186442616e-06 -1.1139249225266866e-06 1.3346630335165247e-06
259.7439268833524 -62.6634178837501 2.078125 8.722656 [259.7439268833524,-62.6634178837501] -1.2794284361556376 0.2741472265501438 0.0023368338849671898 2.3807862258798952e-05 [3519.077392578,-3911.907226562] 11.867919278984607 10.743020451083428 13.045876020954218 76.09296675549604 42.949572901518195 -1.1443009389595464e-07 6.26781966162176e-07 -1.175878377415751e-06 1.3359689733804648e-06 -1.0752691718810049e-06 1.3340782195169928e-06
259.73699961897745 -62.65668128002834 2.078125 8.722656 [259.73699961897745,-62.65668128002834] 0.45820097532405457 2.890498980396989 0.00022308905674128392 2.3964026485092978e-05 [3514.166015625,-3924.381835938] 11.867919278984607 10.743020451083428 13.045876020954218 76.16853322692782 42.90030412022679 4.098078419070827e-08 6.773724905908466e-07 -1.0204674993290881e-06 1.357732291271579e-06 -9.198582937943421e-07 1.356128909294726e-06
253.59304825624648 -65.6620406810389 1.890625 6.9179688 [253.59304825624648,-65.6620406810389] 40.934267871254306 2.7062113773515493 0.00017060277211080433 1.7157598563805836e-05 [-1401.381347656,1387.008300781] 25.414850718385416 22.82985311047281 15.451048552828158 82.085256664486 92.2457151482954 4.110989461781548e-06 1.0102149942185625e-06 1.5586002556366437e-06 1.743844491257476e-06 1.818209098728274e-06 1.7505608748080692e-06
254.22525041286505 -65.34904473405612 2.03125 8.3671875 [254.22525041286505,-65.34904473405612] 40.621441770202104 2.4850749767311013 0.00019139142597918014 1.7675458071351432e-05 [-943.8466796875,812.0883789062] 24.15611280947144 23.793862673040454 16.015613645106686 81.81044544604947 87.21182568903805 3.7094901080248497e-06 8.799490778035422e-07 1.5035895390106334e-06 1.6280989554399536e-06 1.5366696868134402e-06 1.628804049251034e-06
253.78433232996133 -65.2346344012224 2.109375 9.089844 [253.78433232996133,-65.2346344012224] 40.81126920035746 2.757471536167472 0.00017238608728834069 1.7665338094420168e-05 [-1280.308105469,613.966796875] 23.990903846866843 22.556771085517514 16.566272753057767 84.40420230709333 87.43859732822716 3.5756131551914105e-06 8.42719318472464e-07 1.4736890278467518e-06 1.6087154329496159e-06 1.5993382435718713e-06 1.6113011015096724e-06
259.6003722641753 -62.65275960491772 2.078125 8.703125 [259.6003722641753,-62.65275960491772] 63.22760927639664 1.752817448042067 0.00036572282361257166 2.382305508639327e-05 [3401.956787109,-3938.885742188] 12.856085070528948 11.638667149940439 13.03473341029533 76.82912243284318 43.276402874390214 5.6613210539757705e-06 1.0648605675731634e-06 4.510203276244779e-06 1.494774034227605e-06 4.619209354193832e-06 1.50219676703799e-06
255.4258119122876 -65.46796408907824 1.8515625 6.5410156 [255.4258119122876,-65.46796408907824] 55.03578738143031 2.404031574562264 0.00019428210311655717 1.7357279891376064e-05 [-42.39111328125,1016.756347656] 24.273958058602457 23.05014626581173 15.376116581139563 76.12018988024693 84.7738356442726 5.684224538415499e-06 1.2220082627657508e-06 3.1771535105240677e-06 1.8412823021111036e-06 3.3035516480626707e-06 1.8475294032696762e-06
257.66940305801444 -65.51370228561375 1.7109375 5.109375 [257.66940305801444,-65.51370228561375] 42.045285854170274 2.1679203660092687 0.00021405846804641273 1.7245843527875518e-05 [1631.134277344,1127.219726562] 19.110486251507684 18.901833921504565 14.847473210880437 66.60436888046377 78.70734164931469 4.913399240227604e-06 1.2671405247150467e-06 2.680153664154902e-06 2.0008399535116523e-06 2.7045367115972433e-06 2.0020251333181406e-06
255.93367028039273 -63.925106025433976 2.109375 9.09375 [255.93367028039273,-63.925106025433976] 163.36700940044258 3.222977937804404 0.0001525425010458541 1.8270772016809875e-05 [356.8696289062,-1759.041015625] 23.16405697759793 17.769972367640122 15.576350356951348 84.71879073777166 67.67845590811771 1.4310061090406846e-05 2.2065541701648273e-06 1.2281015742342873e-05 2.35959597463832e-06 1.2753508203205114e-05 2.4130094076605772e-06
256.67169211645387 -63.80057536445587 2.015625 8.140625 [256.67169211645387,-63.80057536445587] 93.91167039335093 1.023793307188964 0.00047252235221990083 1.7978081567245023e-05 [944.8872070312,-1975.563476562] 23.94808690236194 17.591406973928063 15.366182281942795 82.38202745368278 64.11637740147671 8.694394157478083e-06 1.4831860144723438e-06 6.477267085043272e-06 1.8535503184107825e-06 7.065772013123508e-06 1.903250290931066e-06
256.687164247517 -65.29593660803796 1.9296875 7.2578125 [256.687164247517,-65.29593660803796] 72.94733480705406 3.174549400300996 0.00014671186219083343 1.730836409710213e-05 [906.1430664062,715.7055664062] 20.137937804688455 19.308708553644927 14.635886485750813 72.13286769315789 79.3011562674626 7.1524559409159064e-06 1.3734723984156455e-06 5.1779394864091875e-06 1.8216194186770059e-06 5.25924507075569e-06 1.8276126616691636e-06
