data_processed/hvc_rms/hvc_rms_index_25_with_B.ecsv
# %ECSV 1.0
# ---
# datatype:
# - {name: ra_dec_obj.ra, unit: deg, datatype: float64}
# - {name: ra_dec_obj.dec, unit: deg, datatype: float64}
# - {name: 'H-alpha flux [Error]', unit: R, datatype: float32}
# - {name: H-alpha flux, unit: R, datatype: float32}
# - {name: ra_dec_deg, datatype: string, subtype: 'float64[2]'}
# - {name: RM, unit: rad / m2, datatype: float64}
# - {name: RM_uncert, unit: rad / m2, datatype: float64}
# - {name: pol_int, datatype: float64}
# - {name: pol_int_uncert, datatype: float64}
# - {name: ra_dec_pix_offsets, datatype: string, subtype: 'float64[2]'}
# - {name: interpolation_raw, unit: rad / m2, datatype: float64}
# - {name: interpolation_cor, unit: rad / m2, datatype: float64}
# - {name: interpolation_unc, unit: rad / m2, datatype: float64}
# - {name: pixel location x, datatype: float64}
# - {name: pixel location y, datatype: float64}
# - {name: 'B_virtual [raw]', unit: G, datatype: float64}
# - {name: 'B_virtual_unc [raw]', unit: G, datatype: float64}
# - {name: 'B_virtual [int]', unit: G, datatype: float64}
# - {name: 'B_virtual_unc [int]', unit: G, datatype: float64}
# - {name: 'B_virtual [cor]', unit: G, datatype: float64}
# - {name: 'B_virtual_unc [cor]', unit: G, datatype: float64}
# meta: !!omap
# - __serialized_columns__:
#     ra_dec_obj:
#       __class__: astropy.coordinates.sky_coordinate.SkyCoord
#       dec: !astropy.table.SerializedColumn
#         __class__: astropy.coordinates.angles.Latitude
#         unit: &id001 !astropy.units.Unit {unit: deg}
#         value: !astropy.table.SerializedColumn {name: ra_dec_obj.dec}
#       frame: icrs
#       ra: !astropy.table.SerializedColumn
#         __class__: astropy.coordinates.angles.Longitude
#         unit: *id001
#         value: !astropy.table.SerializedColumn {name: ra_dec_obj.ra}
#         wrap_angle: !astropy.coordinates.Angle
#           unit: *id001
#           value: 360.0
#       representation_type: spherical
# schema: astropy-2.0
ra_dec_obj.ra ra_dec_obj.dec "H-alpha flux [Error]" "H-alpha flux" ra_dec_deg RM RM_uncert pol_int pol_int_uncert ra_dec_pix_offsets interpolation_raw interpolation_cor interpolation_unc "pixel location x" "pixel location y" "B_virtual [raw]" "B_virtual_unc [raw]" "B_virtual [int]" "B_virtual_unc [int]" "B_virtual [cor]" "B_virtual_unc [cor]"
[from data line 2092]
257.9775693993339 -63.88296901885572 1.8828125 6.8496094 [257.9775693993339,-63.88296901885572] 80.46985430831137 2.8416174631869486 0.00017471540318066627 1.8450388316402506e-05 [1976.310546875,-1797.20703125] 19.335847187516567 17.00751835591541 14.646172980747988 76.11159470340704 60.96081893262999 8.121737464343023e-06 1.5367840136918893e-06 6.170190815507535e-06 1.947837565018692e-06 6.405186587072789e-06 1.9682047027877736e-06
256.6924131534926 -65.84399413062975 1.8359375 6.3828125 [256.6924131534926,-65.84399413062975] 23.96864654241364 3.2191942879648896 0.00014521650932732303 1.7372882594328218e-05 [891.1469726562,1702.032958984] 17.281454283649705 20.01736523164236 14.58125776707726 68.40022327855718 84.89786126407307 2.506029054457319e-06 9.108814030972868e-07 6.991758196921923e-07 1.7283566859656798e-06 4.131241098492956e-07 1.7257052240353648e-06
256.6537777879999 -64.69406894087739 1.9609375 7.5878906 [256.6537777879999,-64.69406894087739] 39.83467869873564 3.114837006319472 0.00015413631177345978 1.784222417824012e-05 [901.0786132812,-367.935546875] 26.494364224602982 20.956454823267887 16.923078113276322 76.36238808795906 73.25664628419781 3.819877376630413e-06 9.495337910666499e-07 1.2792463030081378e-06 1.79273135151134e-06 1.8102945134374152e-06 1.804042458447705e-06
261.2425536858557 -64.7193831348564 1.7890625 5.919922 [261.2425536858557,-64.7193831348564] 96.4877096255456 0.08898107557899633 0.006640448685439955 2.1958556093046166e-05 [4420.213378906,-129.4052734375] 16.144172131911837 17.96908815901824 15.242676415923931 56.38945720860636 60.39217603558723 1.0475207728141714e-05 1.992958100943171e-06 8.72251241246931e-06 2.3810724896654837e-06 8.5243900345567e-06 2.3587727576523673e-06
252.5713807172233 -65.58452599855627 1.8984375 7.015625 [252.5713807172233,-65.58452599855627] 74.97157817501557 0.2394700921639697 0.0019979971295237685 1.7780945239804603e-05 [-2165.048828125,1276.401855469] 25.031142228122995 21.832712639598185 16.364142350892426 86.66964614889469 94.646894319063 7.47673698969071e-06 1.401448295309621e-06 4.9804407725519215e-06 1.9509459638606492e-06 5.299412540194582e-06 1.9730118769257277e-06
256.00134256972217 -65.28471370753607 1.875 6.78125 [256.00134256972217,-65.28471370753607] 50.57796031435541 2.8061204762783984 0.00016884283011327745 1.760749765009534e-05 [390.4423828125,688.4897460938] 23.396673604382983 21.402297654332138 15.044941555204087 75.0377201175852 81.20884457141347 5.130445372959749e-06 1.1408236251096986e-06 2.75717141943919e-06 1.7666536365448767e-06 2.959473702909812e-06 1.7755383261488727e-06
257.41433705408593 -65.56479652930342 1.765625 5.6347656 [257.41433705408593,-65.56479652930342] 38.65332405187519 2.919769161116791 0.00015815403480825727 1.7160798678524312e-05 [1438.143554688,1212.952148438] 19.774558072740057 19.68915100015317 14.762488322446671 67.31993596489804 79.96214017732427 4.301278404744448e-06 1.1473071186498104e-06 2.1007980660421037e-06 1.8854753897650052e-06 2.1103020247815227e-06 1.8858218414734314e-06
260.97381597120955 -62.995590367119824 1.859375 6.560547 [260.97381597120955,-62.995590367119824] 86.649047678051 0.5403499023457219 0.0011413997108656684 2.2920365491833895e-05 [4481.104248047,-3238.362304688] 13.270480602009538 13.580079793679673 12.371428384035042 68.26511918564654 42.770482777624466 8.935984498138145e-06 1.6657069745464822e-06 7.567420017394995e-06 1.940582387017101e-06 7.535491523643052e-06 1.937077840263964e-06
252.31716858016875 -65.43825532227055 1.9453125 7.4628906 [252.31716858016875,-65.43825532227055] 47.880151253352395 3.047848690014877 0.0001552739663434658 1.7587364023731493e-05 [-2367.16015625,1022.543457031] 27.551637337575844 23.130033590590145 16.4739869007267 88.74642032186784 94.02482283477161 4.629676115146512e-06 1.0405195758532298e-06 1.965625272031793e-06 1.7830584852840015e-06 2.3931634631654043e-06 1.7961201314766417e-06
252.3177796153074 -65.4315109404246 1.96875 7.7089844 [252.3177796153074,-65.4315109404246] 45.73678022672658 2.734761523024965 0.00017387875183009883 1.7671551393254597e-05 [-2367.313476562,1010.396484375] 27.999768714438158 23.403081254170516 16.359334226342714 88.79395324998939 93.95749569726354 4.351266062001197e-06 9.865452945656746e-07 1.6874483916916696e-06 1.7329187568047078e-06 2.1247640497755572e-06 1.7446186834644022e-06
252.31823780894695 -65.42638387234922 1.96875 7.7089844 [252.31823780894695,-65.42638387234922] 55.72821475479761 2.753329337471895 0.0001723766758934161 1.763783871633292e-05 [-2367.434570312,1001.162597656] 27.999768714438158 23.403081254170516 16.359334226342714 88.83011263762091 93.90633447747109 5.301822479772321e-06 1.0945919512372994e-06 2.638004809462794e-06 1.7618949899856551e-06 3.075320467546682e-06 1.7791152469441398e-06
258.6073609076919 -64.87295536531275 1.90625 7.0664062 [258.6073609076919,-64.87295536531275] 79.9184337302376 2.283727844320104 0.0002052073589334427 1.7415902357304117e-05 [2387.189453125,4.6533203125] 22.15759711396708 18.35470782561162 15.509753019065965 66.86421335615739 69.37245851434136 7.941385842205973e-06 1.481050007068807e-06 5.739615614674776e-06 1.94338561865213e-06 6.117503540456238e-06 1.9734632945866045e-06
255.90077211298663 -65.08945459259319 1.90625 7.0390625 [255.90077211298663,-65.08945459259319] 130.78107181381094 1.0474174189869943 0.0004577319189203811 1.7817209776694712e-05 [317.0771484375,336.4765625] 26.12249904006889 22.938949888269626 16.404309685399337 76.79825262162353 79.53074302159825 1.3020753458631712e-05 2.2312102927762858e-06 1.0419959513401473e-05 2.456459730398101e-06 1.0736918290800305e-05 2.492280220828164e-06
254.85685749907202 -64.69763189166322 2.046875 8.472656 [254.85685749907202,-64.69763189166322] 39.171787218104846 3.2680446302783523 0.00014663476971546618 1.7808758455508935e-05 [-481.3588867188,-367.4541015625] 23.374656260562237 20.862752486232893 16.288103676819865 83.85701791898816 78.780587430467 3.554775903612093e-06 8.82164546189089e-07 1.4335639107148688e-06 1.6501361803872995e-06 1.661515087909337e-06 1.6549799054112579e-06
255.14370745351638 -62.954601381049905 2.296875 10.96875 [255.14370745351638,-62.954601381049905] 72.99893878052146 3.2452077857584984 0.00016576284122045052 1.9991178384882978e-05 [-277.40625,-3505.875] 21.16417854333147 21.033379224282193 17.885120504733887 94.9628078437936 60.51948491012945 5.822193187424569e-06 1.0123553929281971e-06 4.134196920754163e-06 1.6550849914323516e-06 4.144629112194345e-06 1.6555822741467512e-06
259.2344056412436 -64.66271977913516 2.015625 8.160156 [259.2344056412436,-64.66271977913516] 129.31056076166402 2.924993490816084 0.00017207397112217984 1.870461565079799e-05 [2887.984863281,-347.0854492188] 19.30678616089786 17.303678662842493 15.827587342840918 65.5239765813069 65.38231616669077 1.1957307334959092e-05 1.9573247775658983e-06 1.0172014823532357e-05 2.2473404626749524e-06 1.0357241550863276e-05 2.2670115728660803e-06
255.9514919970845 -65.38676454760935 1.8515625 6.53125 [255.9514919970845,-65.38676454760935] 48.74183467117668 2.6279746405597053 0.00018287146542619244 1.7859768215523095e-05 [351.5639648438,871.87890625] 21.570733271581013 20.48175509204456 14.751919768186259 74.53963965475486 82.39158132063312 5.037932595067639e-06 1.145771695606056e-06 2.8083919759766064e-06 1.7732671110695777e-06 2.9209482369999198e-06 1.7783859364931472e-06
260.5221861338577 -66.45489508607265 1.71875 5.189453 [260.5221861338577,-66.45489508607265] 70.41421500259285 1.1498980767834635 0.0004707368181049945 2.0116212663497572e-05 [3619.121337891,2937.042724609] 17.432530712393838 17.352944014975364 12.369617980406796 48.79870014979565 80.91861845951553 8.164849416566308e-06 1.744926690221621e-06 6.143467963813877e-06 2.0185626270371666e-06 6.1526964044058775e-06 2.0195608639860524e-06
260.53805530914417 -66.45526125940744 1.6953125 4.9628906 [260.53805530914417,-66.45526125940744] 77.14558023736906 1.451513029802816 0.0003752450573681309 2.0241589934043407e-05 [3630.434570312,2938.608398438] 17.365968605454633 17.51274840191145 12.372984834448431 48.73115191396323 80.88185571296026 9.147287559379499e-06 1.9588778618959004e-06 7.088174022447373e-06 2.177959909890405e-06 7.07077008301278e-06 2.1758503361916586e-06
256.8619689019907 -64.4806976543076 2.0 8.03125 [256.8619689019907,-64.4806976543076] 153.99638838755752 2.8112880767180264 0.00017114583006142375 1.7880529517121114e-05 [1069.566894531,-748.681640625] 25.159339262171336 20.378143440997597 16.169707460343336 76.92924401894504 70.45472682172613 1.4353823356216202e-05 2.314623282612419e-06 1.2008750752179077e-05 2.4839047763550423e-06 1.245440042596163e-05 2.5351744959301203e-06
260.5407410457327 -65.38233176620038 1.7734375 5.705078 [260.5407410457327,-65.38233176620038] 80.23579177299435 2.164081861012878 0.0002531795706379426 2.0361559936793228e-05 [3787.771484375,1014.035644531] 15.42193662576862 18.64826185158564 15.645809734226543 55.350452374192855 69.38400259286368 8.87331662870826e-06 1.7878376879397848e-06 7.16779688889588e-06 2.3038480663175475e-06 6.810995957001806e-06 2.2686621286540422e-06
259.45892317879543 -65.34048450604621 1.75 5.498047 [259.45892317879543,-65.34048450604621] 73.98668438740178 3.062629186042112 0.00016471949719407957 1.8747705727119798e-05 [2983.890136719,881.0244140625] 18.496594474811715 19.759788711608827 15.363104826078741 60.22344357575582 71.88448756527646 8.334853688371654e-06 1.7501754269502098e-06 6.251148898014131e-06 2.2455482865443533e-06 6.10884573588607e-06 2.232418396030394e-06
259.14804083226585 -65.33259570160611 1.765625 5.6679688 [259.14804083226585,-65.33259570160611] 61.66373066920113 3.0289120097622693 0.00016433634345881746 1.8498179097141968e-05 [2751.759521484,852.7641601562] 18.57396252396858 19.706683474132415 15.180232881970632 61.591340475940115 72.66162266503034 6.841710708419343e-06 1.4936069398600557e-06 4.78089348378966e-06 2.071852162215202e-06 4.655215893895514e-06 2.0625702400312208e-06
252.17294301578715 -64.81073755409074 2.078125 8.75 [252.17294301578715,-64.81073755409074] 120.88784066664792 1.772539399419912 0.0002650118806411812 1.7457013370182666e-05 [-2534.08203125,-99.904296875] 32.836278692932815 24.681409951910656 15.510396621432896 93.97640518399078 88.41719154903512 1.0795113872344633e-05 1.7329280215864465e-06 7.86288044275001e-06 1.9253006882003427e-06 8.591098733257084e-06 1.9931893609596275e-06
255.46693435889136 -63.071788934836356 2.1875 9.941406 [255.46693435889136,-63.071788934836356] 88.95219704372373 3.2283955840767304 0.00015637970410730463 1.87618575742028e-05 [-12.80615234375,-3295.798828125] 21.517507720569924 20.642823128296328 17.043264940980592 92.71223829141582 60.62419284357475 7.452146822276795e-06 1.2406042150113528e-06 5.649474914079384e-06 1.760858507234788e-06 5.7227533515035005e-06 1.7656329558692401e-06
260.89846816095707 -66.10729217525702 1.6484375 4.4570312 [260.89846816095707,-66.10729217525702] 74.72851689887393 0.1054047449793841 0.005224664552841844 2.046573173119009e-05 [3942.614257812,2336.173583984] 18.25402067941046 18.171971746838658 13.123873242065152 49.37130031473089 76.21363868966432 9.350011774039426e-06 2.1130602800245983e-06 7.066073655649994e-06 2.3612492922977965e-06 7.076339595848325e-06 2.362549297185243e-06
260.8832093305289 -66.12159722984315 1.6328125 4.357422 [260.8832093305289,-66.12159722984315] 85.5262691885636 0.8749648624042987 0.000630285723799 2.0494474455028085e-05 [3929.323974609,2360.873046875] 18.39337293077014 18.124481349890388 13.028328255909633 49.34757790222852 76.40696856900172 1.0822643608207998e-05 2.4201909945404005e-06 8.495114044820892e-06 2.5754110367313627e-06 8.529140055504148e-06 2.5802652053769563e-06
254.90994229323923 -66.5050888175829 1.7734375 5.765625 [254.90994229323923,-66.5050888175829] 36.60377874926313 3.201921209989203 0.00014945863995878046 1.7784447187422574e-05 [-410.8452148438,2885.070068359] 15.092242822996903 20.684853804724835 13.224884757380263 70.93186704474647 96.73778392427516 4.026719331959418e-06 1.1099155848174988e-06 2.3664474142899666e-06 1.7353552376705603e-06 1.7512138092975924e-06 1.7120216633592523e-06
257.422851807218 -64.91259000933599 1.984375 7.828125 [257.422851807218,-64.91259000933599] 82.33318307645186 3.175624287973943 0.00014711014235888002 1.736122772850465e-05 [1480.549316406,39.75341796875] 27.107355287010282 22.271442738638413 15.87617611303511 71.63894097705133 73.21393674067122 7.773107326393749e-06 1.409502961993059e-06 5.213891538696569e-06 1.852073804970494e-06 5.6704518932822035e-06 1.884213456907446e-06
258.99642945964627 -63.10095590707723 1.8828125 6.8320312 [258.99642945964627,-63.10095590707723] 56.704913698018416 0.9294384229739233 0.0005867279033541271 2.0265908061968396e-05 [2859.680664062,-3163.947265625] 17.72165244572241 14.023873371641493 12.730840240907746 76.69964286705294 49.78332170323847 5.730524926150443e-06 1.1826908481914068e-06 3.9395977480647085e-06 1.6077610184820498e-06 4.313290498366147e-06 1.6335338233579702e-06
258.99203480059344 -63.09345613141867 1.9453125 7.4160156 [258.99203480059344,-63.09345613141867] 53.52760196905766 2.2803101649793645 0.00023972819953000862 2.031523030168085e-05 [2856.845214844,-3177.618164062] 16.847822947219214 13.634077156980176 12.969927546116146 76.76861072329928 49.71882846067115 5.192076749464273e-06 1.0918001062997887e-06 3.5578696005261664e-06 1.5533643207339828e-06 3.869596899758333e-06 1.572107952869959e-06
257.6327212170749 -63.86320111285972 1.90625 7.0664062 [257.6327212170749,-63.86320111285972] 93.96527669909767 2.101581538184291 0.00023474211116488412 1.8333524105590072e-05 [1704.485351562,-1842.785644531] 20.521089123698648 17.426044992246236 15.36698167428419 77.75824067146925 61.80194401079871 9.337201484153291e-06 1.6792103638314528e-06 7.298048825285201e-06 2.0638702935765994e-06 7.605599142518449e-06 2.0928634468826258e-06
255.5726778134197 -63.89032744834664 2.203125 10.082031 [255.5726778134197,-63.89032744834664] 138.0749007595841 1.7107182117798772 0.0002843432045229069 1.807715307162433e-05 [71.349609375,-1822.848632812] 23.111735300584655 18.453503439451563 15.634771099576007 86.51246436709539 68.46586804819958 1.1486543307674439e-05 1.732963006239974e-06 9.563862596080688e-06 1.9707622472212173e-06 9.951384018987667e-06 2.008840657814197e-06
255.56700160571003 -63.887664678503384 2.203125 10.082031 [255.56700160571003,-63.887664678503384] 130.89963302782942 1.6246105768014754 0.00029906719831119546 1.805621684414138e-05 [66.859375,-1827.646972656] 23.111735300584655 18.453503439451563 15.634771099576007 86.55544615441113 68.45713390353148 1.0889627987862136e-05 1.6533407013728366e-06 8.966947276268385e-06 1.913183803050335e-06 9.354468699175366e-06 1.950010014768313e-06
260.82421860833705 -65.6562271906659 1.7421875 5.4589844 [260.82421860833705,-65.6562271906659] 139.99010645727594 1.8495490356019995 0.0002878550337922262 1.9785561581942625e-05 [3957.690917969,1522.695800781] 15.645840113128369 17.77456183926566 13.992470080998771 52.450311016308206 71.5610014358117 1.5826688416173866e-05 3.0128006991650476e-06 1.4057836011198161e-05 3.131340797318669e-06 1.3817171750437731e-05 3.095179891758148e-06
256.9896852195851 -63.43732826471384 2.1875 9.921875 [256.9896852195851,-63.43732826471384] 143.44600447706804 0.42066899944646696 0.001180611599979383 1.845679369071843e-05 [1212.916992188,-2623.680664062] 18.138020381061356 14.596781292769723 15.636015639403464 83.46463082806508 59.4352266920248 1.2029296083282642e-05 1.8100774108189899e-06 1.0508252549697972e-05 2.073992491994813e-06 1.0805218740217165e-05 2.10466805507406e-06
