data_processed/hvc_rms/hvc_rms_index_2.ecsv
# %ECSV 1.0
# ---
# datatype:
# - {name: ra_dec_obj.ra, unit: deg, datatype: float64}
# - {name: ra_dec_obj.dec, unit: deg, datatype: float64}
# - {name: 'H-alpha flux [Error]', unit: R, datatype: float32}
# - {name: H-alpha flux, unit: R, datatype: float32}
# - {name: ra_dec_deg, datatype: string, subtype: 'float64[2]'}
# - {name: RM, unit: rad / m2, datatype: float64}
# - {name: RM_uncert, unit: rad / m2, datatype: float64}
# - {name: pol_int, datatype: float64}
# - {name: pol_int_uncert, datatype: float64}
# - {name: ra_dec_pix_offsets, datatype: string, subtype: 'float64[2]'}
# - {name: interpolation_raw, unit: rad / m2, datatype: float64}
# - {name: interpolation_cor, unit: rad / m2, datatype: float64}
# - {name: interpolation_unc, unit: rad / m2, datatype: float64}
# - {name: pixel location x, datatype: float64}
# - {name: pixel location y, datatype: float64}
# meta: !!omap
# - __serialized_columns__:
#     ra_dec_obj:
#       __class__: astropy.coordinates.sky_coordinate.SkyCoord
#       dec: !astropy.table.SerializedColumn
#         __class__: astropy.coordinates.angles.Latitude
#         unit: &id001 !astropy.units.Unit {unit: deg}
#         value: !astropy.table.SerializedColumn {name: ra_dec_obj.dec}
#       frame: icrs
#       ra: !astropy.table.SerializedColumn
#         __class__: astropy.coordinates.angles.Longitude
#         unit: *id001
#         value: !astropy.table.SerializedColumn {name: ra_dec_obj.ra}
#         wrap_angle: !astropy.coordinates.Angle
#           unit: *id001
#           value: 360.0
#       representation_type: spherical
# schema: astropy-2.0
ra_dec_obj.ra ra_dec_obj.dec "H-alpha flux [Error]" "H-alpha flux" ra_dec_deg RM RM_uncert pol_int pol_int_uncert ra_dec_pix_offsets interpolation_raw interpolation_cor interpolation_unc "pixel location x" "pixel location y"
[from data line 1256]
316.37808220381964 -8.143084660071082 0.36523438 1.2763672 [316.37808220381964,-8.143084660071082] -32.91057315179037 0.31062671147529086 0.0018015159701676804 2.0796278200206008e-05 [-1133.735839844,-2161.358398438] -20.48451608661405 -19.301514632954177 7.15544528333931 5.697086739352699 64.93582705294557
316.90472400766186 -7.5013052358897285 0.44726562 2.0908203 [316.90472400766186,-7.5013052358897285] 54.68466115454627 3.083225255864699 0.0001880535927175352 2.1547435674502767e-05 [-195.6640625,-3317.140625] -19.28511122908038 -15.380748715076617 7.269885901253975 3.6927200459169853 53.27525276381948
316.2315367485772 -8.260201565024252 0.38476562 1.484375 [316.2315367485772,-8.260201565024252] 3.9430647625619164 0.32600061746183834 0.0017128873656815135 2.0751807581360958e-05 [-1394.426757812,-1950.064941406] -20.47660922055054 -19.394320902249184 6.949556025175414 6.603431289335504 67.38584931842524
316.2334897283461 -8.257416715536568 0.38476562 1.484375 [316.2334897283461,-8.257416715536568] -1.8926230104222885 0.9722833467204205 0.0005753680374612098 2.0789655026013746e-05 [-1390.958007812,-1955.084472656] -20.47660922055054 -19.394320902249184 6.949556025175414 6.59803402271541 67.33757394527584
316.2362671571666 -8.255244389268176 0.38476562 1.484375 [316.2362671571666,-8.255244389268176] -12.36800762492478 1.6326660313542967 0.0003440730385442339 2.0876452564133593e-05 [-1386.018554688,-1959.004882812] -20.47660922055054 -19.394320902249184 6.949556025175414 6.580572192416298 67.29178239749945
316.77938832483534 -8.175377912593753 0.3046875 0.6789551 [316.77938832483534,-8.175377912593753] -22.653389720795754 1.2446584001718757 0.0004493181556860103 2.0783220497383665e-05 [-418.65625,-2104.126953125] -20.052896899898986 -18.23235723113796 6.878491313921299 1.2817529781409576 62.72835230617329
315.9393614910471 -8.423335037428307 0.37109375 1.3457031 [315.9393614910471,-8.423335037428307] -24.336708253149954 1.910045104766826 0.00029348529391896145 2.0832369526170842e-05 [-1914.017578125,-1655.100097656] -21.59438315149179 -20.58844052953808 6.97043539290108 8.801798761058649 71.358895826967
317.41421517399294 -6.817760332966666 0.37890625 1.4125977 [317.41421517399294,-6.817760332966666] -21.00798299887162 1.706010439447893 0.00046995052466896687 2.9794940764979657e-05 [714.6342773438,-4546.24609375] -12.449176761808792 -11.006995746182131 7.424511712798243 2.1768186241006333 41.15259824328041
317.4199218895084 -6.816454860938572 0.37890625 1.4125977 [317.4199218895084,-6.816454860938572] -16.760433374111912 2.7677646566616607 0.00028979241028796813 2.980745311063133e-05 [724.8354492188,-4548.58203125] -12.449176761808792 -11.006995746182131 7.424511712798243 2.124287630595859 41.09736863826993
316.61709583466796 -7.72477489233645 0.3984375 1.6035156 [316.61709583466796,-7.72477489233645] -32.43240335256565 2.595093921017606 0.00021780963507570536 2.100578281668698e-05 [-708.5883789062,-2914.709960938] -20.431656052341886 -16.81384342216224 7.28254925341366 5.48202608293991 58.02780977740076
315.80847175708334 -7.977503087653375 0.37109375 1.3422852 [315.80847175708334,-7.977503087653375] -21.09014109365401 3.2896239175232154 0.0001776792825874643 2.172159668742901e-05 [-2149.44140625,-2456.677734375] -22.213616703860687 -20.628326043821318 6.49994830695723 12.624006505653824 66.52446854433765
315.8050535429683 -7.978631147418502 0.37109375 1.3422852 [315.8050535429683,-7.978631147418502] -19.589012081580414 1.6678537030794665 0.0003511807432299176 2.1766938505779413e-05 [-2155.52734375,-2454.626953125] -22.213616703860687 -20.628326043821318 6.49994830695723 12.653930252313103 66.56092896906921
316.4803162722149 -7.800706111811838 0.37304688 1.3525391 [316.4803162722149,-7.800706111811838] -35.475554544512846 0.4369990352986976 0.0012925216951476968 2.0990704891389626e-05 [-952.376953125,-2777.763671875] -20.80337579841526 -17.9664229442336 7.485372084073118 6.504455967024114 59.89531387759234
315.1307679467919 -8.719424127964093 0.37304688 1.3735352 [315.1307679467919,-8.719424127964093] -28.56232430746838 0.37149978573358344 0.0015992104050836832 2.2078668437447453e-05 [-3350.681640625,-1116.158203125] -21.58367213609974 -25.23744525080939 7.2504507933577385 15.756972083977871 80.29561410693213
315.1253969269911 -8.719439419062459 0.37304688 1.3735352 [315.1253969269911,-8.719439419062459] -27.49247992412055 1.0134324900179974 0.0005861472109506215 2.207548375736588e-05 [-3360.232421875,-1116.079589844] -21.58367213609974 -25.23744525080939 7.2504507933577385 15.813797920746538 80.32980134923491
314.27966291209765 -7.9559367143879784 0.36328125 1.2319336 [314.27966291209765,-7.9559367143879784] -56.00534143656935 1.977316457005305 0.00038271060742113094 2.8122594426312042e-05 [-4873.23046875,-2480.266601562] -25.524443522634883 -26.47115596407118 8.465604231729934 28.912036508530264 76.04139688978194
314.6514895149279 -8.067116650458287 0.38867188 1.5087891 [314.6514895149279,-8.067116650458287] -40.58376813542728 2.7699361547554773 0.00023330538163008778 2.4016140679125736e-05 [-4209.891601562,-2284.98828125] -22.855862623182375 -24.47661870793047 8.50729507134939 24.369816708863937 75.07920896879705
316.2604371206541 -7.536470937511338 0.41015625 1.7324219 [316.2604371206541,-7.536470937511338] -35.76195837724007 1.4318386456302872 0.0004052814908510526 2.156550105952123e-05 [-1345.307617188,-3252.465820312] -20.753507232740034 -17.43495932983877 7.776534844107865 10.288145405187379 57.97692906086013
315.7312619747587 -7.660379832526319 0.359375 1.2128906 [315.7312619747587,-7.660379832526319] -26.341472165571417 2.227789086954983 0.0002688792167043063 2.2260761138783643e-05 [-2288.78125,-3026.807617188] -24.41026854102763 -21.284200633853388 7.210178280588725 15.186047470043832 63.00498280172678
317.0307921840067 -7.753683799756682 0.40234375 1.6538086 [317.0307921840067,-7.753683799756682] -40.43747419632551 1.799975011357495 0.000311125916291688 2.0811882618117818e-05 [29.2998046875,-2863.09375] -20.82352311581206 -16.456369404561542 6.806440153934434 0.9598158875048739 55.66528214081518
314.78674338068976 -8.50801366462868 0.375 1.3857422 [314.78674338068976,-8.50801366462868] -29.039638011371093 1.3791423333737574 0.000454374897017435 2.3287996248455594e-05 [-3964.58984375,-1493.092773438] -23.55540003170248 -25.83963033058554 7.442535746322605 20.543731690620007 79.78834824370551
315.4379274298363 -7.359692319465184 0.40820312 1.6992188 [315.4379274298363,-7.359692319465184] -31.613273266307107 2.3636784609279253 0.0002724993693167314 2.3936607710109573e-05 [-2813.854492188,-3565.641601562] -22.86199507523594 -21.943658613232344 7.741548599540111 19.946693487183893 61.11832181326781
316.71823130874486 -8.014915286855075 0.34960938 1.1264648 [316.71823130874486,-8.014915286855075] -69.05227070116412 2.4739589906649964 0.00022539605856913643 2.0722756164784846e-05 [-527.8295898438,-2392.80859375] -21.252463532485322 -18.306911532747456 6.731430345642129 2.810902555303983 61.07178642679992
315.96527122029227 -6.93758657864008 0.40039062 1.6049805 [315.96527122029227,-6.93758657864008] -33.462871456854714 3.232115285690385 0.00023982181618206378 2.880608473745392e-05 [-1874.438476562,-4328.373046875] -18.108471979960207 -16.002447694810307 8.271634459050142 16.74044969536658 52.351738698785084
314.9045408092336 -7.361345999187702 0.4140625 1.7480469 [314.9045408092336,-7.361345999187702] -44.839370536290154 2.7803647508274096 0.00024640223199212544 2.5459807437396354e-05 [-3765.530273438,-3557.692382812] -21.893246503631232 -22.509080437717994 7.664247959753904 25.56903019238257 64.5942868392558
314.4704894506612 -8.114950080641936 0.390625 1.5136719 [314.4704894506612,-8.114950080641936] -76.43388693568417 1.2712022404102106 0.0005318759972978296 2.512660106595366e-05 [-4531.633789062,-2196.66796875] -23.547389079552097 -24.776438479782904 8.500235004556181 26.025527332498655 76.82958321166461
315.15444929296626 -8.383519041091212 0.34179688 1.046875 [315.15444929296626,-8.383519041091212] -31.162936542076118 2.1863244237781925 0.00027451522375516134 2.2304358843163685e-05 [-3311.489257812,-1720.944335938] -22.59900199512991 -24.696677337098485 7.232491447816719 17.324194592195 75.87783240552926
315.0746764128273 -8.365052164559053 0.36914062 1.3232422 [315.0746764128273,-8.365052164559053] -27.849010734958437 0.8127486745016903 0.0007331123661842678 2.214295198520064e-05 [-3453.631835938,-1753.414550781] -22.959349487048666 -24.9583739278155 7.297908664696429 18.269021745311875 76.15148870905341
315.98419185245916 -8.605012070431435 0.3671875 1.3061523 [315.98419185245916,-8.605012070431435] -21.277379447109627 0.5306584213825862 0.0010672739863702152 2.1047459766252075e-05 [-1833.3359375,-1328.35546875] -21.553376098725444 -20.719964997803352 6.932927851226972 7.339584170747685 73.3943446452381
315.9752809599631 -8.602817519794987 0.3671875 1.3061523 [315.9752809599631,-8.602817519794987] -24.213546881534043 2.4198366195374765 0.0002343379490984163 2.1073534012865015e-05 [-1849.203125,-1332.258789062] -21.553376098725444 -20.719964997803352 6.932927851226972 7.445787651063483 73.42347044288363
315.336669914882 -8.492530928187605 0.37109375 1.3383789 [315.336669914882,-8.492530928187605] -23.632631625589372 0.4053303966716995 0.001449875862454468 2.1839801996692597e-05 [-2986.30859375,-1526.376464844] -21.5138115250686 -23.505929709689298 7.164062159704894 14.803445726083737 76.10152801824734
315.3302613722817 -8.486740203129875 0.37109375 1.3383789 [315.3302613722817,-8.486740203129875] -30.854089698621323 0.2573450857572653 0.0022998850812054267 2.1995341977671765e-05 [-2997.7578125,-1536.744140625] -21.5138115250686 -23.505929709689298 7.164062159704894 14.902700991918437 76.06872870575171
315.33276374641684 -8.488881177255092 0.37109375 1.3383789 [315.33276374641684,-8.488881177255092] -31.050261578993517 0.546559588872424 0.0010831823509644286 2.200127230816292e-05 [-2993.288085938,-1532.912109375] -21.5138115250686 -23.505929709689298 7.164062159704894 14.864595780115224 76.0800069155448
317.0277404922693 -7.243461249903088 0.43359375 1.9560547 [317.0277404922693,-7.243461249903088] -36.18373646254582 1.517468590074378 0.0004162758913474737 2.347522010908315e-05 [23.8837890625,-3781.014648438] -18.19876746849366 -14.27570293026682 7.811525782388515 3.8394952240948896 49.169268553296206
314.1749573270553 -1.9057634427254222 0.34179688 1.0644531 [314.1749573270553,-1.9057634427254222] -8.30426352491426 2.007573021844338 0.0003968596223974713 2.9608538370027424e-05 [-5106.022460938,3430.741699219] -13.725739537156661 -10.555973088959139 9.309370505229415 64.74907887038648 3.0828093815098327
314.54751577749533 -2.2234847537359363 0.36523438 1.2973633 [314.54751577749533,-2.2234847537359363] -17.00471881218455 2.144125635309601 0.00036709703009299075 2.9250938412434872e-05 [-4435.62109375,4002.268066406] -11.419242462842472 -8.631857962528008 8.942506912156905 58.97266183146996 4.295715052140622
314.790496946081 -2.4450831615275996 0.40625 1.6889648 [314.790496946081,-2.4450831615275996] 1.0347872415546029 2.7884772362611714 0.00031167405516164577 3.229806157998335e-05 [-3998.3203125,4400.813964844] -5.49564954378258 -6.32021946993531 9.346436299778391 55.120169991144394 5.265510842039475
314.15890494804626 -2.0858073574964044 0.42578125 1.9213867 [314.15890494804626,-2.0858073574964044] 2.7224547773031023 0.18227156390458585 0.004751879104123547 3.218792687086186e-05 [-5134.302734375,3754.624023438] -13.209688298212598 -9.04084134512305 8.977328175085253 63.8344004046852 5.322071457991569
315.21246311087344 -2.4250164170098465 0.41601562 1.7714844 [315.21246311087344,-2.4250164170098465] 9.580672233255047 1.4786034796192546 0.0005567395905223279 3.059232840672873e-05 [-3239.991210938,4364.72644043] -5.032854483079888 -6.579194768649678 9.959008360833923 50.860355128892024 2.117743170718313
314.07028205805386 -1.919393133116799 0.41210938 1.7817383 [314.07028205805386,-1.919393133116799] -1.7286735652992964 0.39424676230394495 0.00216619949825635 3.173768822256043e-05 [-5294.051757812,3455.261474609] -14.46443497691572 -11.007540239822827 9.364961258556251 65.75368322624377 3.959299860599913
314.9784239747313 -2.2566127575554704 0.43164062 1.9462891 [314.9784239747313,-2.2566127575554704] -9.101962231434017 0.508793610311795 0.0014698316649473658 2.779188160620947e-05 [-3661.087890625,4061.852905273] -7.101299264302373 -7.555275642596444 10.229145578710618 54.301494731368166 1.725096976871555
314.10388189433235 -2.0403957040854337 0.4296875 1.9589844 [314.10388189433235,-2.0403957040854337] -3.7995774180765074 1.1226123718916965 0.0007635263833149705 3.185389731878419e-05 [-5233.302734375,3672.936035156] -13.544052934098245 -9.534135363222266 9.127887705182147 64.6782984681222 5.160268536318654
314.1490784484618 -1.7730668627838475 0.3515625 1.1733398 [314.1490784484618,-1.7730668627838475] 4.902705963210964 1.8121362960047254 0.0004328081661624312 2.9147077025735783e-05 [-5152.904296875,3192.010986328] -14.746003268417155 -12.398433756200188 9.432127247772062 65.81631076265876 1.6927633081836575
314.1749880472899 -1.9059205934581307 0.34179688 1.0644531 [314.1749880472899,-1.9059205934581307] -6.169721930905716 2.146398199327056 0.00037721351312450116 3.0088895139811132e-05 [-5105.966796875,3431.024414062] -13.725739537156661 -10.555973088959139 9.309370505229415 64.74781493418254 3.0844565069328382
314.5474548144165 -2.2235427129563736 0.36523438 1.2973633 [314.5474548144165,-2.2235427129563736] -22.803724790599485 2.0459951915556185 0.0003900992576322343 2.9661180771634294e-05 [-4435.73046875,4002.372314453] -11.419242462842472 -8.631857962528008 8.942506912156905 58.972946887868716 4.296821739130792
314.1588135084968 -2.085873319169676 0.42578125 1.9213867 [314.1588135084968,-2.085873319169676] 3.1378253099544433 0.1898932181885792 0.004556379419904575 3.215422448369813e-05 [-5134.466796875,3754.742675781] -13.209688298212598 -9.04084134512305 8.977328175085253 63.83495451634417 5.3234765242605135
315.2124331209223 -2.4250982095537563 0.41601562 1.7714844 [315.2124331209223,-2.4250982095537563] 9.924773297708688 1.5042935226585374 0.0005545242893766556 3.10000120461211e-05 [-3240.044921875,4364.873535156] -5.032854483079888 -6.579194768649678 9.959008360833923 50.860174370990535 2.118928168786624
314.8903501061917 -2.4480504795121987 0.39257812 1.5498047 [314.8903501061917,-2.4480504795121987] -4.448736293027491 3.0688094168618747 0.00028304040642775465 3.2279519436180463e-05 [-3818.869140625,4406.150268555] -4.470884457964709 -5.796907272930424 9.72300805250349 54.065381550008624 4.614541699314941
314.15878320829984 -2.09624073715869 0.42578125 1.9213867 [314.15878320829984,-2.09624073715869] -2.7041442075096107 3.035638184007172 0.00028715056976962136 3.23942845363737e-05 [-5134.487304688,3773.391601562] -13.209688298212598 -9.04084134512305 8.977328175085253 63.77309067103624 5.446414671756429
315.0382997101851 -2.44278499641538 0.38867188 1.5014648 [315.0382997101851,-2.44278499641538] -15.369209786464957 3.155314092571405 0.00027093805829216263 3.177029989538282e-05 [-3552.987304688,4396.681030273] -4.399553048978424 -6.040125895505474 10.067558567484998 52.560958342486174 3.5327299653245063
314.07019061577967 -1.9194654664535782 0.41210938 1.7817383 [314.07019061577967,-1.9194654664535782] -1.6216772088672013 0.42649526970284396 0.002020911798146908 3.203098405288392e-05 [-5294.215820312,3455.391601562] -14.46443497691572 -11.007540239822827 9.364961258556251 65.75419794514755 3.9607787763798115
