data_processed/hvc_rms/hvc_rms_index_1_with_B.ecsv
# %ECSV 1.0
# ---
# datatype:
# - {name: ra_dec_obj.ra, unit: deg, datatype: float64}
# - {name: ra_dec_obj.dec, unit: deg, datatype: float64}
# - {name: 'H-alpha flux [Error]', unit: R, datatype: float32}
# - {name: H-alpha flux, unit: R, datatype: float32}
# - {name: ra_dec_deg, datatype: string, subtype: 'float64[2]'}
# - {name: RM, unit: rad / m2, datatype: float64}
# - {name: RM_uncert, unit: rad / m2, datatype: float64}
# - {name: pol_int, datatype: float64}
# - {name: pol_int_uncert, datatype: float64}
# - {name: ra_dec_pix_offsets, datatype: string, subtype: 'float64[2]'}
# - {name: interpolation_raw, unit: rad / m2, datatype: float64}
# - {name: interpolation_cor, unit: rad / m2, datatype: float64}
# - {name: interpolation_unc, unit: rad / m2, datatype: float64}
# - {name: interpolation_cor_unc, unit: rad / m2, datatype: float64}
# - {name: HI, unit: dex(1 / cm2), datatype: float64}
# - {name: 'HI [Error]', unit: dex(1 / cm2), datatype: float64}
# - {name: pixel location x, datatype: float64}
# - {name: pixel location y, datatype: float64}
# - {name: 'B_virtual [raw]', unit: G, datatype: float64}
# - {name: 'B_virtual_unc [raw]', unit: G, datatype: float64}
# - {name: 'B_virtual [int]', unit: G, datatype: float64}
# - {name: 'B_virtual_unc [int]', unit: G, datatype: float64}
# meta: !!omap
# - __serialized_columns__:
#     ra_dec_obj:
#       __class__: astropy.coordinates.sky_coordinate.SkyCoord
#       dec: !astropy.table.SerializedColumn
#         __class__: astropy.coordinates.angles.Latitude
#         unit: &id001 !astropy.units.Unit {unit: deg}
#         value: !astropy.table.SerializedColumn {name: ra_dec_obj.dec}
#       frame: icrs
#       ra: !astropy.table.SerializedColumn
#         __class__: astropy.coordinates.angles.Longitude
#         unit: *id001
#         value: !astropy.table.SerializedColumn {name: ra_dec_obj.ra}
#         wrap_angle: !astropy.coordinates.Angle
#           unit: *id001
#           value: 360.0
#       representation_type: spherical
# schema: astropy-2.0
ra_dec_obj.ra ra_dec_obj.dec "H-alpha flux [Error]" "H-alpha flux" ra_dec_deg RM RM_uncert pol_int pol_int_uncert ra_dec_pix_offsets interpolation_raw interpolation_cor interpolation_unc interpolation_cor_unc HI "HI [Error]" "pixel location x" "pixel location y" "B_virtual [raw]" "B_virtual_unc [raw]" "B_virtual [int]" "B_virtual_unc [int]"
[from data line 714]
319.47225953333515 -8.842537950242887 0.27539062 0.35925293 [319.47225953333515,-8.842537950242887] -29.90634031091636 1.3936733926720815 0.0005041823618369917 2.6113035570444836e-05 [4370.290527344,-888.296875] -9.797500249781553 -11.850813146064908 6.490649688910772 4.77095581869804 0.0 0.0 21.20996096625538 16.505974755477382 -2.990633915775879e-06 7.308888665279852e-07 -2.0108839285758717e-06 9.705203625924492e-07
317.64050279647313 -11.671936975322394 0.33398438 0.9472656 [317.64050279647313,-11.671936975322394] -24.714366675835805 2.7625117297599826 0.0002755232775680659 2.8285973487879725e-05 [1103.733886719,4189.219360352] -15.92107790793204 -18.1119571119694 6.870479513575081 6.2733936491593045 0.0 0.0 25.594951972716558 66.1623013164085 -2.471436572287537e-06 7.636977996145384e-07 -8.793288428843639e-07 1.0200448025486004e-06
317.64080809155075 -11.680784252897569 0.30859375 0.69677734 [317.64080809155075,-11.680784252897569] -15.430157824216856 2.7570414533093093 0.0002781765327907898 2.8501813165330715e-05 [1104.236816406,4205.132202148] -15.931916397379187 -18.153625315845577 6.86128958337415 6.240189554544658 0.0 0.0 25.546520137592893 66.2793422175373 -1.5430157229245917e-06 7.567086727265191e-07 5.017585538150386e-08 1.0182301396409075e-06
317.00085455395714 -8.08293842280384 0.35742188 1.2016602 [317.00085455395714,-8.08293842280384] -23.311348234440864 1.2033235856280835 0.0004927944813509918 2.2037228152314914e-05 [-24.0751953125,-2270.620117188] -20.34678781274269 -17.80415460739409 6.527702246555394 8.170922958620613 0.0 0.0 51.45333887286256 23.086728189428868 -2.331134733557937e-06 7.207863702294851e-07 -2.964560307387788e-07 9.647964671057297e-07
314.4132692875132 -9.64853959954207 0.35742188 1.2026367 [314.4132692875132,-9.64853959954207] -36.72735706924673 1.4211530532026027 0.0004923316447426922 2.6002033091737313e-05 [-4614.150390625,564.2924804688] -25.55867588448492 -26.692899398493765 7.509782117691036 7.997873741196298 0.0 0.0 70.41202718523914 59.61659587217582 -3.6727355653077797e-06 7.399745470423574e-07 -1.1168680754109005e-06 1.0380849373787113e-06
316.66366586896856 -10.190715691030519 0.4453125 2.0722656 [316.66366586896856,-10.190715691030519] -81.61419267980008 0.5729771004416999 0.0010141686303590338 2.159514585213839e-05 [-621.2880859375,1523.44921875] -18.842173923184856 -19.813618910999384 7.121824702383597 7.003868514581651 0.0 0.0 43.657595880792314 52.609198110392754 -8.161418953284117e-06 8.232829211248661e-07 -6.277201633619106e-06 1.053393143687841e-06
318.8408508426507 -10.898366013027351 0.3671875 1.2895508 [318.8408508426507,-10.898366013027351] -36.92342145925681 0.3098521279638942 0.002114922609944068 2.43532914577777e-05 [3227.842285156,2804.97265625] -14.170640233550966 -17.273749453998306 6.344418936093737 5.932879387822252 0.0 0.0 16.84591751266214 48.17498314225941 -3.692342003552784e-06 7.271352441302464e-07 -2.2752780348382117e-06 9.527942827327997e-07
317.78109741973236 -10.271915489258859 0.44921875 2.0859375 [317.78109741973236,-10.271915489258859] -63.20757370254437 1.97566208959815 0.00029808602375810516 2.1885828083945823e-05 [1357.966308594,1670.754882812] -21.39692017373311 -18.92567153403243 6.626873984748085 6.217813399546896 0.0 0.0 31.37644780499295 46.587539323159945 -6.320757126532566e-06 7.998141239892888e-07 -4.1810651916635674e-06 1.0082715833745598e-06
318.78790283152733 -10.241773490938032 0.390625 1.515625 [318.78790283152733,-10.241773490938032] 2.5265234907786276 1.2599358238678986 0.0005048346666035646 2.363775884041929e-05 [3141.008544922,1622.922363281] -16.232252341690863 -17.640164485072205 6.886810597987639 5.5287184048295845 0.0 0.0 20.86895898291459 39.69193948668817 2.5265233933584935e-07 7.113727342630215e-07 1.875877510915048e-06 9.949389927233051e-07
314.8960264446608 -10.66821854457465 0.35546875 1.1918945 [314.8960264446608,-10.66821854457465] -41.75090799219257 3.224946177903319 0.0002066622725505444 2.476808188998538e-05 [-3746.240234375,2393.740722656] -22.740515377573928 -21.38277910119586 7.855311489462416 7.838782807039058 0.0 0.0 59.948721931802424 69.76661420365235 -4.175090638232071e-06 8.014294128226232e-07 -1.9010391881597554e-06 1.1050216340877178e-06
314.995849734718 -11.304443402496368 0.34179688 1.0644531 [314.995849734718,-11.304443402496368] -33.887328168399776 0.16723922138455433 0.0041742284168629845 2.594317053145739e-05 [-3562.08984375,3537.412597656] -22.783791651136678 -19.737801108898164 7.2019020855213665 7.891342142004067 0.0 0.0 55.615281833308245 77.42949564999526 -3.3887326861739425e-06 7.225579029765292e-07 -1.1103536089122207e-06 1.0061653652217986e-06
318.8795165863357 -7.730399011944687 0.359375 1.234375 [318.8795165863357,-7.730399011944687] -0.9099665569135824 0.4130064541341513 0.0016154160401846915 2.4794190435791445e-05 [3326.176025391,-2896.204101562] -8.046671588486657 -9.74705589486005 6.55703618949386 6.005913169527656 0.0 0.0 33.63359172871844 5.927542752372574 -9.099665218262124e-08 7.012336577490628e-07 7.136704756389104e-07 9.607620840142758e-07
314.9972841785592 -10.608551004255709 0.33984375 1.0332031 [314.9972841785592,-10.608551004255709] -31.637066930889752 1.561468525425071 0.0004211914592638704 2.444114198112646e-05 [-3567.94140625,2285.318847656] -22.021256889056033 -21.205095228641408 7.797055217348101 7.890441675738105 0.0 0.0 59.18061827037252 68.3772935154957 -3.163706571099715e-06 7.362796122608713e-07 -9.615809671058022e-07 1.0606053824737302e-06
315.85327135695326 -11.204688998663638 0.44140625 2.0146484 [315.85327135695326,-11.204688998663638] 73.48304129024434 2.8981606205180594 0.00022010314876727495 2.3705952496188626e-05 [-2049.98046875,3351.135253906] -20.06287031905651 -18.510836373300812 6.557812977775569 6.9983281536323965 0.0 0.0 46.99872710843738 70.93341062533409 7.348303845681423e-06 8.506297925197834e-07 9.354590800226721e-06 1.1164442713408734e-06
319.13485719802117 -10.876088156501426 0.34375 1.0566406 [319.13485719802117,-10.876088156501426] -36.689725947189686 3.0767401449553042 0.000223171706440221 2.5517531264464556e-05 [3747.48046875,2767.79296875] -13.056006180533164 -16.31548280191309 6.431149564742939 5.933668119062455 0.0 0.0 13.84534878256568 45.98141616085104 -3.6689724532471776e-06 7.886395455364034e-07 -2.3633718855364718e-06 1.0068428083963383e-06
319.7773131660489 -8.108171710644658 0.40625 1.6835938 [319.7773131660489,-8.108171710644658] -9.517810073107745 2.218509971293899 0.00042718284320537436 3.521955709287619e-05 [4921.686523438,-2205.946289062] -6.7635277617597 -8.042085730514803 6.085329287302757 4.670835318843676 0.0 0.0 22.08164238528684 4.711976459312609 -9.517809706110825e-07 7.360211990068608e-07 -2.7542822051457657e-07 9.53803051247255e-07
319.3041991520582 -9.507773299601267 0.3828125 1.4418945 [319.3041991520582,-9.507773299601267] -13.930159425889208 2.971054663295905 0.0002326231620141877 2.5684570049938582e-05 [4064.007080078,307.080078125] -11.152089633109997 -14.63235377149093 6.641124211150421 4.935848136884179 0.0 0.0 19.348297230894104 26.4831355119436 -1.393015888875666e-06 7.639678923574206e-07 -2.778069685659712e-07 1.0097181157514273e-06
314.47052002598144 -8.114886263595228 0.390625 1.5136719 [314.47052002598144,-8.114886263595228] -74.57629080695216 1.258226352246443 0.0005657236523153212 2.6452810237370795e-05 [-4531.580078125,-2196.783203125] -23.547389079552097 -24.776438479782904 8.500235004556181 8.393225268038062 18.01251220703125 9.006256103515625 78.02555081063656 39.82858687656699 -7.457628793136747e-06 8.123378921642875e-07 -5.102889975977836e-06 1.1403958631843928e-06
314.90460228077137 -7.361312163285276 0.4140625 1.7480469 [314.90460228077137,-7.361312163285276] -56.35916446520849 3.0772080845957226 0.00023227832815881933 2.6562824899316345e-05 [-3765.420898438,-3557.75390625] -21.893246503631232 -22.509080437717994 7.664247959753904 7.946274143514703 17.355510711669922 8.677755355834961 77.56856804219979 27.59346628983758 -5.635916229205736e-06 8.201705428013883e-07 -3.446591663260708e-06 1.0977270929957962e-06
318.4176942079551 -11.873868932431813 0.34375 1.0571289 [318.4176942079551,-11.873868932431813] -16.291638221741316 2.5466105899866878 0.0003654331487315923 3.458431545670198e-05 [2471.710449219,4556.304321289] -15.631229386583763 -17.41811602784809 6.178541724693625 5.9017324413394885 17.77384376525879 8.886921882629395 16.30100233492726 64.06089742457061 -1.6291637593552585e-06 7.498029710989542e-07 -6.604088096928703e-08 9.677851221284893e-07
314.63284310817573 -11.231699895347315 0.33398438 0.9753418 [314.63284310817573,-11.231699895347315] 0.7778542533602452 1.360303504490006 0.0005179355189548465 2.6183048798409405e-05 [-4203.415039062,3410.546630859] -23.038965246831253 -20.211089634422983 7.378835419528541 7.9232602575165085 0.0 0.0 59.85267402258091 78.66178537947053 7.778542233669892e-08 7.131065682026226e-07 2.3816818581839553e-06 1.0337743166102734e-06
316.92413340159936 -8.281423523540612 0.3203125 0.8144531 [316.92413340159936,-8.281423523540612] -4.842711724280473 2.838663546865391 0.0002104050870992856 2.2196211772283743e-05 [-160.720703125,-1913.400390625] -19.70654891079203 -18.37772134467472 7.115497569359507 8.209315205509359 0.0 0.0 51.17080129363512 26.142950369291157 -4.842711537550515e-07 7.557973929064254e-07 1.4863836613377357e-06 1.040674360982156e-06
318.5568237529219 -11.564103065561138 0.33984375 1.0112305 [318.5568237529219,-11.564103065561138] -20.109860821825166 2.1803568848638393 0.00034662918113833517 2.8086744909658732e-05 [2719.751464844,4000.234130859] -14.880794413935025 -16.917130799947717 6.328474122829846 6.35009781050314 18.929075241088867 9.464537620544434 16.4080923736326 58.985541910015854 -2.010986004640972e-06 7.407711617667294e-07 -5.229066206262744e-07 9.689131869177864e-07
318.50146471169467 -11.150987658681132 0.34570312 1.0737305 [318.50146471169467,-11.150987658681132] -15.785816644536519 0.32549172643778773 0.0019905222578842736 2.407773860005731e-05 [2625.9609375,3256.67578125] -16.051980220978646 -18.284010449684278 6.002897573615445 5.983370817993048 18.930879592895508 9.465439796447754 19.130103682605522 53.74978865392313 -1.5785816035851745e-06 7.056643927331142e-07 2.661635661791342e-08 9.227183417409608e-07
315.15444922353214 -8.38341892772481 0.34179688 1.046875 [315.15444922353214,-8.38341892772481] -26.224575914706207 2.3448040567721242 0.0002715186342802799 2.3660008726998894e-05 [-3311.490234375,-1721.124511719] -22.59900199512991 -24.696677337098485 7.232491447816719 8.649714532532466 0.0 0.0 69.32473899285196 38.876562994653796 -2.6224574903513663e-06 7.510204143568566e-07 -3.625573779777914e-07 1.0336510170950689e-06
315.13546743345734 -10.843891095273694 0.38867188 1.519043 [315.13546743345734,-10.843891095273694] -37.533843068127446 1.0088514027296631 0.0006426566337023198 2.4094332549690747e-05 [-3321.018554688,2707.450927734] -21.728445538585564 -20.09679933544085 7.53664407885922 7.683721753086935 0.0 0.0 56.49321035519233 70.58922673236339 -3.7533841620861253e-06 7.343040256942532e-07 -1.580539692010209e-06 1.0368740176860339e-06
315.8496703557589 -11.581291243590474 0.40429688 1.5957031 [315.8496703557589,-11.581291243590474] -33.83670752908412 2.4090897044827138 0.0003091704441965856 2.767958947784048e-05 [-2053.614257812,4028.6015625] -21.150947590083636 -18.05164982700842 6.879319585430447 7.256384400301803 0.0 0.0 45.11284962727859 75.91181053968558 -3.383670622437565e-06 7.614147334125992e-07 -1.2685759449850697e-06 1.0127908398927827e-06
316.84173572399 -9.000384404985725 0.39453125 1.5712891 [316.84173572399,-9.000384404985725] -29.36894087009757 2.684881403252683 0.000220973683433537 2.2048262202742936e-05 [-306.9018554688,-619.322265625] -20.462478516854993 -18.742043846485206 7.270065333089493 7.907555197402003 0.0 0.0 48.12370043195483 35.96320343966363 -2.936893973766157e-06 7.654924959489251e-07 -8.906462009818595e-07 1.0453811108205704e-06
315.07470710853744 -8.364948148227334 0.36914062 1.3232422 [315.07470710853744,-8.364948148227334] -26.7129337612991 0.7671003920426599 0.0008260765228705437 2.3549472717317856e-05 [-3453.578125,-1753.602050781] -22.959349487048666 -24.9583739278155 7.297908664696429 8.613896735561365 0.0 0.0 70.26926161452718 39.14997518451128 -2.6712932731275985e-06 7.18088553175858e-07 -3.7535841295161055e-07 1.0143319710322055e-06
314.14425648240194 -8.480895956983915 0.38085938 1.4326172 [314.14425648240194,-8.480895956983915] -41.40989783147022 1.487516475128278 0.0005721725818484025 3.162987899873276e-05 [-5107.5625,-1533.63671875] -28.07302566910304 -29.013965960539764 8.212553093431861 8.387183104543107 18.758975982666016 9.379487991333008 79.49928496149096 46.48968449185213 -4.140989623474736e-06 7.480827663668322e-07 -1.3336871648111173e-06 1.0915651377554057e-06
314.13696282890805 -8.482282729185004 0.38085938 1.4326172 [314.13696282890805,-8.482282729185004] -42.66754681173343 2.825937921646222 0.0003029708545066209 3.1817948334470824e-05 [-5120.512695312,-1531.03515625] -28.07302566910304 -29.013965960539764 8.212553093431861 8.387183104543107 18.758975982666016 9.379487991333008 79.56912741806514 46.55284678109729 -4.266754516651693e-06 7.875843462897374e-07 -1.459452057988074e-06 1.118132244307726e-06
314.57751476363256 -8.778122948410635 0.30273438 0.66625977 [314.57751476363256,-8.778122948410635] -25.989954991080744 2.4786252627049583 0.0002813084749431937 2.5912086887688673e-05 [-4333.640625,-1004.481933594] -23.502574405355233 -25.64647361736175 7.453477468651537 8.199041577918354 0.0 0.0 73.30511182278133 47.52695742837204 -2.598995398893494e-06 7.550808441705894e-07 -2.487380489814686e-07 1.0522121445081038e-06
319.00701902399715 -7.596392875764296 0.36523438 1.2861328 [319.00701902399715,-7.596392875764296] 11.573123624836166 0.753583275062158 0.0009030642188718939 2.529056835868342e-05 [3554.583984375,-3136.065429688] -6.969422006040032 -8.291080067721268 6.402016423562186 5.901517748387721 0.0 0.0 33.048695471789415 3.3103285184306515 1.157312317858848e-06 7.066746140129332e-07 1.8542544915894803e-06 9.565883203786035e-07
319.0136718824013 -7.595693906026148 0.36523438 1.2861328 [319.0136718824013,-7.595693906026148] 20.312455644373493 3.2511818436677293 0.00020891556641404541 2.524182577533476e-05 [3566.452636719,-3137.255859375] -6.969422006040032 -8.291080067721268 6.402016423562186 5.901517748387721 0.0 0.0 32.98278532080144 3.255557167724419 2.03124548611462e-06 7.791861355201399e-07 2.7281876598452523e-06 1.0130042681714362e-06
314.7178954787915 -10.858076995379564 0.33789062 1.0019531 [314.7178954787915,-10.858076995379564] -30.496086499869712 0.26736573834326977 0.002518042582129289 2.5019436666956722e-05 [-4058.541992188,2737.343994141] -23.277588393192644 -21.341385153138418 7.769746107110581 7.92994563090359 0.0 0.0 60.863885223185434 73.30498440496285 -3.0496085323972136e-06 7.186632642629676e-07 -7.218497828339241e-07 1.0468274474377447e-06
314.72051991041474 -10.86117461680594 0.33789062 1.0019531 [314.72051991041474,-10.86117461680594] -26.48385687557297 0.644144906488381 0.001039033323345783 2.487263269046626e-05 [-4053.864257812,2742.887451172] -23.277588393192644 -21.341385153138418 7.769746107110581 7.92994563090359 0.0 0.0 60.81999330002759 73.32923131932012 -2.6483855854382824e-06 7.166438447830341e-07 -3.2062683587499286e-07 1.0479138592877275e-06
