data_processed/hvc_rms/hvc_rms_index_25.ecsv
# %ECSV 1.0
# ---
# datatype:
# - {name: ra_dec_obj.ra, unit: deg, datatype: float64}
# - {name: ra_dec_obj.dec, unit: deg, datatype: float64}
# - {name: 'H-alpha flux [Error]', unit: R, datatype: float32}
# - {name: H-alpha flux, unit: R, datatype: float32}
# - {name: ra_dec_deg, datatype: string, subtype: 'float64[2]'}
# - {name: RM, unit: rad / m2, datatype: float64}
# - {name: RM_uncert, unit: rad / m2, datatype: float64}
# - {name: pol_int, datatype: float64}
# - {name: pol_int_uncert, datatype: float64}
# - {name: ra_dec_pix_offsets, datatype: string, subtype: 'float64[2]'}
# - {name: interpolation_raw, unit: rad / m2, datatype: float64}
# - {name: interpolation_cor, unit: rad / m2, datatype: float64}
# - {name: interpolation_unc, unit: rad / m2, datatype: float64}
# - {name: interpolation_cor_unc, unit: rad / m2, datatype: float64}
# - {name: HI, unit: dex(1 / cm2), datatype: float64}
# - {name: 'HI [Error]', unit: dex(1 / cm2), datatype: float64}
# - {name: pixel location x, datatype: float64}
# - {name: pixel location y, datatype: float64}
# meta: !!omap
# - __serialized_columns__:
#     ra_dec_obj:
#       __class__: astropy.coordinates.sky_coordinate.SkyCoord
#       dec: !astropy.table.SerializedColumn
#         __class__: astropy.coordinates.angles.Latitude
#         unit: &id001 !astropy.units.Unit {unit: deg}
#         value: !astropy.table.SerializedColumn {name: ra_dec_obj.dec}
#       frame: icrs
#       ra: !astropy.table.SerializedColumn
#         __class__: astropy.coordinates.angles.Longitude
#         unit: *id001
#         value: !astropy.table.SerializedColumn {name: ra_dec_obj.ra}
#         wrap_angle: !astropy.coordinates.Angle
#           unit: *id001
#           value: 360.0
#       representation_type: spherical
# schema: astropy-2.0
ra_dec_obj.ra ra_dec_obj.dec "H-alpha flux [Error]" "H-alpha flux" ra_dec_deg RM RM_uncert pol_int pol_int_uncert ra_dec_pix_offsets interpolation_raw interpolation_cor interpolation_unc interpolation_cor_unc HI "HI [Error]" "pixel location x" "pixel location y"
[from data line 1684]
256.4140011775136 -64.99800098311232 1.96875 7.671875 [256.4140011775136,-64.99800098311232] 50.139814035796704 2.5074423740996985 0.00018651197226367112 1.7379864195088626e-05 [708.583984375,176.0205078125] 25.692024947784148 21.92956096594862 16.580650950636713 17.536282268773164 18.78191375732422 9.39095687866211 75.29559475766939 77.06870267244722
257.8200376789325 -65.56745137236946 1.71875 5.1503906 [257.8200376789325,-65.56745137236946] 41.44493266988461 2.260566935805718 0.00020676843608786045 1.7370419912261905e-05 [1739.838867188,1227.910644531] 19.17117352798396 19.38500714964379 14.827777017147104 16.49816565819211 18.676300048828125 9.338150024414062 65.6243417341276 78.83714001828184
254.64503460714022 -64.80598462178727 2.0625 8.605469 [254.64503460714022,-64.80598462178727] 65.5643168942138 2.4012115900132884 0.00019458120286608004 1.7363609807467116e-05 [-641.720703125,-170.5493164062] 22.88037236549928 21.119879814565493 16.27322772955818 16.551884631553044 0.0 0.0 83.96512787213987 80.51815380609514
254.85795601736442 -66.10820001811192 1.8203125 6.234375 [254.85795601736442,-66.10820001811192] 28.386222849978385 3.013117425332645 0.00015781090877523896 1.76710266155998e-05 [-455.294921875,2171.274902344] 17.546127491416776 22.386506890279513 14.62527312377628 15.694449553637885 0.0 0.0 73.91695468397768 92.89646522361045
254.00741552202098 -65.45072163806289 1.8828125 6.7910156 [254.00741552202098,-65.45072163806289] 26.91081857848839 2.400493023876964 0.00019547181167655739 1.743786413066148e-05 [-1103.054199219,998.5844726562] 26.206303387428797 24.49094051414879 16.134441051111864 16.706980455914334 0.0 0.0 81.9573457980714 88.88759882121849
252.61206101152064 -65.3373259616302 1.9921875 7.8964844 [252.61206101152064,-65.3373259616302] 52.43672929829285 2.901479431862259 0.00016486235334486375 1.777664069106753e-05 [-2155.099609375,830.5405273438] 27.741231001324387 22.30419343693064 16.43146896712783 15.381945747770478 0.0 0.0 88.33000501197716 92.11332479863904
257.43322751219694 -65.4757460442519 1.78125 5.8183594 [257.43322751219694,-65.4757460442519] 37.42109990749359 2.8360671803699904 0.00016358463787971117 1.7241209706884453e-05 [1457.163574219,1053.178222656] 19.719864050596232 19.219692856110754 14.832321765562192 16.66170112754235 18.685239791870117 9.342619895935059 67.83536229338267 78.98876326823847
252.27215596886106 -64.77704629423314 2.078125 8.7421875 [252.27215596886106,-64.77704629423314] 63.753461825744104 2.6259061207718917 0.0001799758124478129 1.756313507370863e-05 [-2461.272460938,-164.3862304688] 33.56508347478956 24.84995043984539 15.579668994792632 14.418789005361937 0.0 0.0 93.8289643800822 87.7699171329673
259.5821534181714 -63.89546972785216 1.953125 7.4941406 [259.5821534181714,-63.89546972785216] 88.12521547846633 3.158573221989965 0.00016574157472255217 1.945499453341083e-05 [3244.147705078,-1708.559570312] 17.177120532152973 16.78938054409247 13.648008779757308 16.567936346280774 18.60101890563965 9.300509452819824 68.91933171897153 56.33047207691948
258.7572939637541 -65.86582184895744 1.703125 5.044922 [258.7572939637541,-65.86582184895744] 46.58046867972846 2.928059052871627 0.00016460978484268926 1.7912004171691445e-05 [2408.846679688,1795.121582031] 19.25732006861371 20.267736460302103 13.741612985159579 14.378295406738191 0.0 0.0 59.795566832512236 79.34258123943778
253.47958404450245 -65.39797978531026 1.9921875 7.8964844 [253.47958404450245,-65.39797978531026] 39.77887654675251 3.0736242859853493 0.00015275071656738317 1.744788292497303e-05 [-1500.632324219,914.5576171875] 26.000741569693815 22.648588847475185 16.97208374059769 16.330184047206526 0.0 0.0 84.444210263174 89.99333635729545
252.2682186126377 -64.81478873560852 2.0625 8.566406 [252.2682186126377,-64.81478873560852] 72.02919246959821 3.0613806069986036 0.00015237717609604086 1.7335882339745595e-05 [-2460.83984375,-96.38427734375] 32.23204073678893 23.79316237705864 15.411638356870945 14.434793035696242 0.0 0.0 93.56437596280557 88.14727439279886
257.56973285667976 -65.44553376354544 1.7421875 5.390625 [257.56973285667976,-65.44553376354544] 9.55445692332869 2.857637553387808 0.00016146990443187685 1.7147761555217844e-05 [1560.889648438,1002.080078125] 19.515277424068255 18.973059521039005 14.870602410911738 16.67547779999692 18.685239791870117 9.342619895935059 67.47037961233991 78.2862464465993
254.06573470592735 -65.20538325928155 1.953125 7.5253906 [254.06573470592735,-65.20538325928155] 51.22929182301084 2.5760273907300335 0.0001846743015724266 1.7679323590416518e-05 [-1069.385253906,556.1015625] 23.416749066155763 23.29647507443908 16.405707467772793 16.901966487981817 0.0 0.0 83.48056872948507 86.278097088182
257.0610659192126 -65.22418222067421 1.9375 7.3535156 [257.0610659192126,-65.22418222067421] 38.49381482270393 2.9108789452538777 0.0001625796123731138 1.758729028046628e-05 [1190.565917969,592.7705078125] 22.173427398608812 20.3164078949617 14.988413188085062 16.703063281984292 18.583114624023438 9.291557312011719 71.06576194643867 77.47391052146509
257.3559263937523 -65.5403672166441 1.765625 5.6347656 [257.3559263937523,-65.5403672166441] 42.237582903297934 2.7263601017318875 0.00017061529141269377 1.7286611548822823e-05 [1395.982910156,1167.694824219] 19.774558072740057 19.68915100015317 14.762488322446671 16.501927238129316 18.56328010559082 9.28164005279541 67.72402202498301 79.87681035033938
257.39361580572853 -65.47923283286109 1.78125 5.8183594 [257.39361580572853,-65.47923283286109] 35.35336459325035 2.990905878742816 0.00015605111194984435 1.7345160271485662e-05 [1427.39453125,1058.548828125] 19.719864050596232 19.219692856110754 14.832321765562192 16.66170112754235 18.56328010559082 9.28164005279541 67.97613565513984 79.13816723522427
255.75352497074488 -64.49324810764496 2.03125 8.269531 [255.75352497074488,-64.49324810764496] 190.8590178987645 3.025724818538558 0.00015772635565455747 1.7735457649883422e-05 [210.0112304688,-737.2841796875] 26.96100664549183 21.888441932304957 16.734268529615633 18.02058613883544 0.0 0.0 81.54160267083796 73.95885756345547
255.99375944603665 -64.76549518161599 1.9765625 7.7421875 [255.99375944603665,-64.76549518161599] 46.01912940421947 3.0513576900578503 0.00015515603448151632 1.759423929699322e-05 [392.2749023438,-246.1142578125] 26.796581682908307 21.988450426921993 17.57442046747536 17.856323374721743 17.162555694580078 8.581277847290039 78.64774006845414 75.97279001524726
258.7652283318059 -65.89072419550078 1.703125 5.0410156 [258.7652283318059,-65.89072419550078] 37.834172234986 2.8863580464980285 0.0001668384045712338 1.7895957294188334e-05 [2412.334960938,1840.180908203] 19.314168656936303 20.261724198462453 13.607288983594927 14.146944554675699 0.0 0.0 59.60210182573303 79.5823796745185
257.22274799293984 -65.2916258391262 1.8984375 7.0117188 [257.22274799293984,-65.2916258391262] 38.946229894757245 3.0915464632225476 0.00015284807304146274 1.7560806158495503e-05 [1309.129882812,717.31640625] 21.55499103115814 19.92643952143373 14.951703693577167 16.70175808694875 18.444074630737305 9.222037315368652 69.93984887083002 77.69730160799872
255.69093314248138 -62.772628683428856 2.21875 10.1875 [255.69093314248138,-62.772628683428856] 67.58182986078448 1.4872155786436287 0.00037910249952315903 2.095266537125534e-05 [171.5239257812,-3833.6875] 19.154640939664795 18.080874801643077 18.939846634332103 16.96517852348741 0.0 0.0 93.82067144438224 56.905699929776574
253.35253916466672 -65.0484162469451 2.125 9.316406 [253.35253916466672,-65.0484162469451] 89.87196237050308 0.5326414855988035 0.0008790580843522955 1.7400481440075522e-05 [-1617.01953125,288.8227539062] 23.87995787875694 20.304638029320053 15.886137708644108 15.329770748725887 0.0 0.0 87.48932116277433 86.95652757978496
256.5231015974233 -64.65802015658414 1.9921875 7.8828125 [256.5231015974233,-64.65802015658414] 41.34998461526528 3.1677510029482328 0.00014885486773180578 1.7523577814278607e-05 [801.6171875,-434.5693359375] 26.87345041583356 21.22646695716772 17.085513575961578 17.73952785520484 0.0 0.0 77.16012617469482 73.28260934268133
257.80889895383217 -65.5536651928847 1.734375 5.3632812 [257.80889895383217,-65.5536651928847] 36.96871704397709 2.1459377711024756 0.0002183850432133946 1.7416012114722115e-05 [1732.469238281,1202.80859375] 18.99610075876935 18.984609600411012 14.822897702239231 16.566615900578526 18.676300048828125 9.338150024414062 65.76157760983222 78.72565764360934
255.417159906047 -66.22727205021202 1.7734375 5.7089844 [255.417159906047,-66.22727205021202] 23.014947752489274 3.138317911481263 0.00015171292389690934 1.7694089393056444e-05 [-47.4052734375,2383.320800781] 13.598869407776778 20.851180707711933 14.645542080851653 15.736672519762168 0.0 0.0 70.88015494467231 92.46910224039584
260.935516406653 -66.24225617406037 1.5546875 3.5644531 [260.935516406653,-66.24225617406037] 81.34453513228395 1.9681422691128758 0.0002792547615412602 2.0425174650280497e-05 [3948.389404297,2580.454589844] 19.387939075651687 19.18262781187642 12.683164163401658 12.152551809255442 0.0 0.0 48.39204931876145 77.57149023202487
258.2678224884549 -64.66041571285122 1.84375 6.4726562 [258.2678224884549,-64.66041571285122] 75.26027931940088 2.9847383660132927 0.0001603762479621826 1.7789142746961263e-05 [2144.82421875,-389.6572265625] 21.799170229351425 16.25478644478782 15.583230339299709 16.84811717861991 16.9791202545166 8.4895601272583 69.71105897265647 68.14101096662148
257.272003111143 -64.25103002642226 2.03125 8.375 [257.272003111143,-64.25103002642226] 129.18658102575725 2.9020769544388205 0.00016489411376598335 1.7783726904366966e-05 [1399.04296875,-1153.9453125] 22.565868297759216 18.888807566407436 15.417686614446964 18.12775534173202 0.0 0.0 76.72315739191674 66.87052466667683
260.1182557228045 -63.97073735759474 1.796875 5.96875 [260.1182557228045,-63.97073735759474] -10.545879832467055 0.6414340281483986 0.000839316054327238 2.0007196108071934e-05 [3657.68359375,-1544.183105469] 15.638498923672401 16.062294752031406 14.919917290828291 16.417019813900176 18.917827606201172 9.458913803100586 66.04400427999565 55.570469800683895
255.6929928895492 -66.29130554361805 1.7890625 5.859375 [255.6929928895492,-66.29130554361805] 36.8613034148449 2.9614004961604574 0.00016072818094151116 1.7688779877960832e-05 [152.3530273438,2498.7734375] 12.343974820381648 20.140675532344527 14.232837001463704 15.510885576979957 0.0 0.0 69.34823006645695 92.32490717774408
257.36798069546194 -63.645889369706836 1.9921875 7.9375 [257.36798069546194,-63.645889369706836] 93.60074716004553 1.4084608189676509 0.00034799329232923374 1.8214797448591e-05 [1506.229980469,-2240.385253906] 19.29377029991785 16.729556973536717 14.76238337660878 18.313200446385245 0.0 0.0 80.38240523459638 60.38648905401078
257.3677367139276 -63.654121374138604 1.9921875 7.9375 [257.3677367139276,-63.654121374138604] 92.32199590683169 0.5480098147256665 0.0008912042244417104 1.8149901660240546e-05 [1505.598632812,-2225.583496094] 19.29377029991785 16.729556973536717 14.76238337660878 18.313200446385245 0.0 0.0 80.32797822671296 60.471389111649614
257.36926287296205 -63.64738086392248 1.9921875 7.9375 [257.36926287296205,-63.64738086392248] 96.37523179122117 1.1126029328191158 0.00043999336775907006 1.8192611015518676e-05 [1507.174804688,-2237.671875] 19.29377029991785 16.729556973536717 14.76238337660878 18.313200446385245 0.0 0.0 80.36669920887039 60.39778356470424
259.274566571944 -62.848247580165996 2.0625 8.5859375 [259.274566571944,-62.848247580165996] 72.5922158051933 2.5993449764027643 0.00022625347534716068 2.1855859163953642e-05 [3112.511962891,-3604.697265625] 14.246050042975936 12.853625223123938 13.027048390098694 17.463957245900534 0.0 0.0 77.07072496383557 46.308528503203206
253.69340513979998 -65.43531811815987 1.9375 7.3359375 [253.69340513979998,-65.43531811815987] 51.489782114621 3.2160571641656914 0.00014810101490654994 1.7700702277490772e-05 [-1338.581054688,976.9326171875] 25.128954473570932 22.74915777946278 16.459485893881304 16.314334602509696 0.0 0.0 83.32216609700276 89.70027909985038
253.69888281229623 -65.44220733752935 1.9375 7.3671875 [253.69888281229623,-65.44220733752935] 34.24035378218828 3.2678363190468107 0.0001461204022157676 1.7745157461698916e-05 [-1334.1328125,989.2119140625] 25.372585656114296 22.58161504982027 16.40540093685108 16.158858324860564 0.0 0.0 83.25066020896088 89.75138105568499
259.6671449156511 -67.04160307719681 1.6875 4.8378906 [259.6671449156511,-67.04160307719681] 71.97911838580836 0.24229438924329 0.0024948777662170338 2.246473672533301e-05 [2935.521240234,3945.467407227] 17.513284624664546 17.775424907648194 12.389407192134579 11.600200281696791 0.0 0.0 48.620504742542494 89.38521417597372
259.6598814468377 -67.04628756326065 1.6875 4.8378906 [259.6598814468377,-67.04628756326065] 59.719508272964006 1.2363000903578583 0.0004884347795038628 2.2440843907402762e-05 [2929.869628906,3953.538330078] 17.513284624664546 17.775424907648194 12.389407192134579 11.600200281696791 0.0 0.0 48.62015783824222 89.4537101732592
255.86625665131157 -63.897762393528986 2.09375 8.90625 [255.86625665131157,-63.897762393528986] 168.57789162065853 2.8583691909761155 0.00017187641300998597 1.8257583977053656e-05 [303.8295898438,-1808.602050781] 23.05737964066291 17.62724581058302 15.561755073764067 18.78177401491931 0.0 0.0 85.19880429424836 67.61499859256514
256.51647975609905 -66.07721712826617 1.7265625 5.2695312 [256.51647975609905,-66.07721712826617] 38.95097127953637 3.2213796116321425 0.00014581980724672093 1.7456900182845356e-05 [754.669921875,2119.411132812] 14.54457219974312 20.28286676970093 14.009495821767972 15.015089087198183 0.0 0.0 67.53158050301943 87.79030134055347
259.81182868416863 -64.26578522690313 1.9140625 7.1015625 [259.81182868416863,-64.26578522690313] 97.54273801486629 2.6326992448888045 0.00019481679020216447 1.906058982663646e-05 [3380.3203125,-1031.507324219] 19.65135972540824 16.698216456873325 14.740533714885386 15.603359908707416 18.499723434448242 9.249861717224121 65.53497643919002 59.56069442242551
259.8104857884914 -64.26452649176457 1.9140625 7.1015625 [259.8104857884914,-64.26452649176457] 95.3507046592687 2.404484133667755 0.00021353889066557473 1.9081284244807886e-05 [3379.427734375,-1033.839355469] 19.65135972540824 16.698216456873325 14.740533714885386 15.603359908707416 18.499723434448242 9.249861717224121 65.54891575685872 59.5512716694725
257.12179550765467 -63.771484294073886 2.0 8.015625 [257.12179550765467,-63.771484294073886] 93.95883571142359 3.242824303831849 0.00015076889814790828 1.8169537948304092e-05 [1303.814941406,-2019.913085938] 22.912178733403778 18.06464324894105 15.200738899246344 18.700072950233217 0.0 0.0 80.61494086765435 62.42766956986043
255.04251102354104 -65.99308772358144 1.7734375 5.7109375 [255.04251102354104,-65.99308772358144] 12.769823547023297 3.2585519258506164 0.00014706005769116802 1.780853036587466e-05 [-322.2153320312,1962.984619141] 18.195130094686334 22.4663155975855 15.54554499188816 16.180128235124094 0.0 0.0 73.99389589514055 91.19721803890252
256.28543120536375 -65.6377028775776 1.78125 5.828125 [256.28543120536375,-65.6377028775776] 50.26903833512377 2.9706618787231216 0.00015458897635824037 1.7066342130579854e-05 [596.146484375,1326.016601562] 16.066796366259098 17.79033093168009 15.010910035643775 16.339729255590616 0.0 0.0 71.45580695322792 83.96308805334229
