data_processed/hvc_rms/hvc_rms_index_18_with_B.ecsv
# %ECSV 1.0
# ---
# datatype:
# - {name: ra_dec_obj.ra, unit: deg, datatype: float64}
# - {name: ra_dec_obj.dec, unit: deg, datatype: float64}
# - {name: 'H-alpha flux [Error]', unit: R, datatype: float32}
# - {name: H-alpha flux, unit: R, datatype: float32}
# - {name: ra_dec_deg, datatype: string, subtype: 'float64[2]'}
# - {name: RM, unit: rad / m2, datatype: float64}
# - {name: RM_uncert, unit: rad / m2, datatype: float64}
# - {name: pol_int, datatype: float64}
# - {name: pol_int_uncert, datatype: float64}
# - {name: ra_dec_pix_offsets, datatype: string, subtype: 'float64[2]'}
# - {name: interpolation_raw, unit: rad / m2, datatype: float64}
# - {name: interpolation_cor, unit: rad / m2, datatype: float64}
# - {name: interpolation_unc, unit: rad / m2, datatype: float64}
# - {name: interpolation_cor_unc, unit: rad / m2, datatype: float64}
# - {name: HI, unit: dex(1 / cm2), datatype: float64}
# - {name: 'HI [Error]', unit: dex(1 / cm2), datatype: float64}
# - {name: pixel location x, datatype: float64}
# - {name: pixel location y, datatype: float64}
# - {name: 'B_virtual [raw]', unit: G, datatype: float64}
# - {name: 'B_virtual_unc [raw]', unit: G, datatype: float64}
# - {name: 'B_virtual [int]', unit: G, datatype: float64}
# - {name: 'B_virtual_unc [int]', unit: G, datatype: float64}
# meta: !!omap
# - __serialized_columns__:
#     ra_dec_obj:
#       __class__: astropy.coordinates.sky_coordinate.SkyCoord
#       dec: !astropy.table.SerializedColumn
#         __class__: astropy.coordinates.angles.Latitude
#         unit: &id001 !astropy.units.Unit {unit: deg}
#         value: !astropy.table.SerializedColumn {name: ra_dec_obj.dec}
#       frame: icrs
#       ra: !astropy.table.SerializedColumn
#         __class__: astropy.coordinates.angles.Longitude
#         unit: *id001
#         value: !astropy.table.SerializedColumn {name: ra_dec_obj.ra}
#         wrap_angle: !astropy.coordinates.Angle
#           unit: *id001
#           value: 360.0
#       representation_type: spherical
# schema: astropy-2.0
ra_dec_obj.ra ra_dec_obj.dec "H-alpha flux [Error]" "H-alpha flux" ra_dec_deg RM RM_uncert pol_int pol_int_uncert ra_dec_pix_offsets interpolation_raw interpolation_cor interpolation_unc interpolation_cor_unc HI "HI [Error]" "pixel location x" "pixel location y" "B_virtual [raw]" "B_virtual_unc [raw]" "B_virtual [int]" "B_virtual_unc [int]"
[from data line 114]
173.2509612490838 -62.46294043394979 11.75 105.65625 [173.2509612490838,-62.46294043394979] 437.33279341603196 2.7319503920751806 0.00027320368863224836 2.7737548254381583e-05 [-783.3681640625,-4385.118164062] 360.8421988714024 270.1759597956875 152.2096557892992 113.13772220049498 18.946985244750977 9.473492622375488 8.499055694922617 73.93897237404462 7.225498374630458e-05 3.671913794870705e-06 1.2637576575031152e-05 2.5185561570065362e-05
175.14849828595885 -62.98921181589394 47.25 460.125 [175.14849828595885,-62.98921181589394] -643.3116247513659 0.34395380552572447 0.0017754892019849438 2.2694826002567407e-05 [781.6196289062,-3438.46875] 313.8158052568149 252.040271593098 175.75400674981964 116.36514384445725 17.505311965942383 8.752655982971191 5.4175625631446565 62.13653305697494 -0.00010628626915247184 5.213469876659702e-06 -0.00015813409819600367 3.002868731894613e-05
182.03442336628592 -55.84067525880299 4.34375 31.5 [182.03442336628592,-55.84067525880299] 54.18316558767124 1.9482860889214433 0.00024090877987554242 1.7442714036569228e-05 [-2490.171875,253.8081054688] -8.812602861319728 -0.60675654767536 33.35870768852923 32.69819933186177 0.0 0.0 98.21583082125517 39.9318770763889 8.952001331252095e-06 1.274542812921344e-06 1.0407996596399188e-05 5.6625869927982574e-06
180.47386127093986 -57.63684458873148 5.03125 38.296875 [180.47386127093986,-57.63684458873148] 265.41203869580795 2.6277203006777663 0.00021467015235503395 2.0963292976244846e-05 [-3875.036132812,3554.555419922] 18.817836781529216 -9.56583303690148 33.66707982409804 25.826057296709596 0.0 0.0 75.16739730034192 46.18752057059828 4.3850684949198124e-05 2.433988606047609e-06 4.074165102523956e-05 6.021866918144896e-06
184.99748214040918 -57.63418964081732 5.625 44.25 [184.99748214040918,-57.63418964081732] 90.01440254131775 1.7321847955199026 0.00029756131676427134 1.9154878308534612e-05 [480.3583984375,3438.918457031] 11.484366332297721 -29.458029609619274 28.78662474503524 17.956295630048647 0.0 0.0 79.75939133562088 17.399417177513897 1.4871944867781795e-05 1.387568465930809e-06 1.2974527808806769e-05 4.942116310411146e-06
184.60369856245248 -54.5294035668663 3.359375 21.640625 [184.60369856245248,-54.5294035668663] 116.68700398576837 0.9329935452876724 0.0005072122040719884 1.758640364632402e-05 [109.314453125,-2150.54296875] -29.10371173789262 -11.431087195513467 23.766040233915202 33.67696566743759 0.0 0.0 116.39047714891399 24.74278899061278 1.9278722527391416e-05 1.4870896070194307e-06 2.4087161890359792e-05 4.255149133591553e-06
181.6195067318566 -54.94102854736352 4.4375 32.28125 [181.6195067318566,-54.94102854736352] 122.3574086946262 1.8884111398935557 0.0002559561042109114 1.796266407993574e-05 [-2976.044921875,-1347.959472656] -12.16353651701763 1.1805780248800168 26.084417875068365 34.37131528102715 0.0 0.0 108.3662534214468 44.604422611162136 2.0215572007333645e-05 1.5393664662083093e-06 2.2225199793234943e-05 4.5975410962077454e-06
181.3146824419856 -54.825832303446866 4.0625 28.476562 [181.3146824419856,-54.825832303446866] 159.3924375149674 2.5763098106885143 0.00019259417993121932 1.8439534336738383e-05 [-3300.202148438,-1541.293945312] -11.702666864148231 4.8488316476158095 23.93480557027122 33.784801455135295 0.0 0.0 109.35369272359685 46.93979985931219 2.6334402897090513e-05 1.7620981448022008e-06 2.826788700070096e-05 4.357076352945113e-06
187.08016959794256 -54.300891751796044 3.46875 22.734375 [187.08016959794256,-54.300891751796044] 79.83390700601865 1.0908807550340958 0.0004679572836604746 1.8971086082179123e-05 [2710.168945312,-2511.421875] -41.84090231779165 -22.200921858505907 20.33878428844218 29.346373457062526 0.0 0.0 121.01521572003617 7.681048692929608 1.3189949941934559e-05 1.3296483914589475e-06 2.010279471922248e-05 3.685938953051863e-06
185.4894257701008 -55.518150278418815 3.875 26.679688 [185.4894257701008,-55.518150278418815] 81.82610860969196 0.25751508360525033 0.0018123236849883451 1.7343915210775258e-05 [1009.235351562,-363.8413085938] -16.82647663161466 -2.951276371557846 22.477627314518827 33.23267043014408 0.0 0.0 105.35811816109958 17.18147816361943 1.3519096296060903e-05 1.3256695073893155e-06 1.6299122888688982e-05 3.967182830878905e-06
180.97807333620153 -54.12836440933652 3.890625 26.921875 [180.97807333620153,-54.12836440933652] 43.79252109964405 2.9619127233220306 0.00017816754644479354 1.9611443443007787e-05 [-3711.407226562,-2777.963867188] -31.57131992347985 -15.806206368342108 22.234928118191277 29.630120362220097 0.0 0.0 117.15497185377058 50.80918202720818 7.235286143416121e-06 1.3025957885223436e-06 1.2451417296312175e-05 3.927715922073576e-06
180.96966597923378 -54.118537702330684 3.9375 27.414062 [180.96966597923378,-54.118537702330684] 43.90177277344646 1.9005245010431138 0.0002771357021739703 1.9573777784078558e-05 [-3721.140625,-2795.171875] -31.309047900156912 -16.328842880561982 22.377234591020095 29.352629226630505 0.0 0.0 117.25990676751826 50.88992279787976 7.253336420078865e-06 1.2475885044349126e-06 1.2426135673177772e-05 3.931657820856597e-06
185.2686003582759 -56.561378581801485 4.5625 33.546875 [185.2686003582759,-56.561378581801485] 133.8021175187303 1.9636029744833317 0.00022693193532261622 1.6559911114183206e-05 [763.3349609375,1510.946777344] -10.022582934485348 -15.414312282882452 31.794146023386116 24.906605024094265 0.0 0.0 92.75218635070246 17.19157006972705 2.2106436956215197e-05 1.600187421172773e-06 2.3762341973926316e-05 5.507065771530712e-06
187.5694884974634 -57.80425264467091 5.0 38.140625 [187.5694884974634,-57.80425264467091] -84.29291753545814 2.6175683510057612 0.00022366690692630516 2.1757473643436817e-05 [2943.428710938,3808.271972656] -10.863945604019266 -32.242396630225045 31.433284499570902 21.875203462651637 0.0 0.0 79.41597656827025 0.7320544349656757 -1.3926656034365085e-05 1.4029267719033824e-06 -1.2131743270317208e-05 5.3695294687226095e-06
183.2128599924746 -54.06121079455902 3.515625 23.140625 [183.2128599924746,-54.06121079455902] -7.766102482593116 0.47963198104290083 0.0010101358740869692 1.8005145345579594e-05 [-1358.693847656,-2980.485351562] -27.790911841705352 -17.759743630248284 21.395603062322404 29.165431876950468 19.0190372467041 9.50951862335205 120.59045452680084 35.281248725933665 -1.2830952014112801e-06 1.16085649664907e-06 3.308446785944732e-06 3.7235143188164293e-06
185.80662537466947 -57.82084652815132 5.375 41.84375 [185.80662537466947,-57.82084652815132] 383.55984438183174 2.4580341781224533 0.00022570446585628258 2.061753653003804e-05 [1253.452636719,3784.77734375] 10.971481156695997 -27.966394085636264 29.06210993067926 14.342358180441943 0.0 0.0 78.13572342894417 11.970318241455743 6.337075732434294e-05 3.269261004292236e-06 6.155807781668979e-05 5.7641238050326695e-06
186.30961588425424 -56.90909575149347 4.34375 31.570312 [186.30961588425424,-56.90909575149347] 216.74071628066426 2.9372162360652814 0.00016068579980108412 1.7539698435046932e-05 [1779.09375,2155.719238281] -2.1647608680618404 -20.54698105679858 28.254596994552738 23.319325004707597 0.0 0.0 89.35974165825996 9.882709314610793 3.580933597431826e-05 2.1227593553709935e-06 3.616699212014414e-05 5.133870068804915e-06
186.31350686626257 -56.90194695975999 4.34375 31.570312 [186.31350686626257,-56.90194695975999] 213.65013572726903 1.6476779730295295 0.00028632275234217905 1.7532219495986224e-05 [1783.256835938,2142.958496094] -2.1647608680618404 -20.54698105679858 28.254596994552738 23.319325004707597 0.0 0.0 89.44768033395576 9.866013440510415 3.5298718314233974e-05 2.064380525426203e-06 3.5656374460059855e-05 5.109926232816613e-06
186.32449360582862 -56.90885918562325 4.34375 31.570312 [186.32449360582862,-56.90885918562325] 212.5506393305697 0.7116299543821273 0.0006638957923712996 1.7557506576116966e-05 [1793.71875,2155.676757812] -2.1647608680618404 -20.54698105679858 28.254596994552738 23.319325004707597 0.0 0.0 89.37250041695597 9.785538549755756 3.511706238660027e-05 2.042578204118315e-06 3.547471853242615e-05 5.101128076523391e-06
186.3224945055033 -56.910442326170646 4.34375 31.570312 [186.3224945055033,-56.910442326170646] 212.7129825795709 0.9073546447659664 0.0005203622090531923 1.754654112407519e-05 [1791.679199219,2158.473144531] -2.1647608680618404 -20.54698105679858 28.254596994552738 23.319325004707597 0.0 0.0 89.35226788251884 9.796689949968822 3.514388431487663e-05 2.0457482632263827e-06 3.550154046070251e-05 5.10240254924864e-06
182.1520537374265 -58.119758595784276 4.0 28.140625 [182.1520537374265,-58.119758595784276] 291.1271894552527 2.4325508725679486 0.00027602306309413953 2.4952611548993037e-05 [-2230.478515625,4348.391357422] 22.10961584749206 -12.29111155245296 35.89577247805056 17.9748083142613 0.0 0.0 71.37938410937636 34.58200500650855 4.8099275103263935e-05 2.6059368465476898e-06 4.444638202561664e-05 6.417923226715714e-06
183.47369378809898 -53.35487739768516 4.28125 30.867188 [183.47369378809898,-53.35487739768516] 33.607176383736935 1.5871059342978495 0.00038764222354326533 2.2863656920882164e-05 [-1101.545410156,-4255.55078125] -38.87950016271203 -33.40712497386368 27.24925683033036 26.832429864142618 18.34076690673828 9.17038345336914 129.2477920459321 34.704347560776114 5.552490048593475e-06 1.2152445977992257e-06 1.1976059683923323e-05 4.690717267703924e-06
180.6667483302176 -54.98650349320123 4.21875 30.3125 [180.6667483302176,-54.98650349320123] 181.4711941577939 1.2776341443465022 0.00041234368769167684 1.957828126813575e-05 [-3954.971679688,-1218.5703125] -18.372639946156905 1.7712683355071306 26.363672340097217 35.359807155399096 0.0 0.0 106.63381139894886 51.01057118329322 2.9982197497410924e-05 1.8542543427925215e-06 3.301767716111731e-05 4.7799711077882915e-06
180.67187542887277 -54.98708729271929 4.21875 30.3125 [180.67187542887277,-54.98708729271929] 177.9298126954013 0.7493429797623974 0.0007034794735194274 1.9590285985729185e-05 [-3949.630859375,-1217.813476562] -18.372639946156905 1.7712683355071306 26.363672340097217 35.359807155399096 0.0 0.0 106.63361968103754 50.97429465715436 2.9397099686643228e-05 1.8247083771825314e-06 3.243257935034962e-05 4.767735356775872e-06
185.60060096555353 -55.51662831607304 3.84375 26.507812 [185.60060096555353,-55.51662831607304] 78.14637492567329 2.186652521906789 0.0002132512380913315 1.7329260880512986e-05 [1122.554199219,-364.873046875] -17.093691314116413 -3.651007837891374 22.559861168758943 33.00938878465389 0.0 0.0 105.46251016765564 16.42738300355586 1.2911140292001154e-05 1.3599094921752134e-06 1.5735315397687504e-05 3.99086858551983e-06
185.328704973272 -54.7783203936442 3.453125 22.539062 [185.328704973272,-54.7783203936442] -12.409509503332636 1.914947254416928 0.00024195767549147642 1.7218880932160664e-05 [861.27734375,-1697.511230469] -36.996069701208 -9.251398827193887 21.705550242944852 33.89759994381863 0.0 0.0 114.04744718232291 19.32771241006867 -2.0502668013051e-06 1.2030193356303656e-06 4.062127364377746e-06 3.7862571953910026e-06
185.32913207901765 -54.772651665046304 3.453125 22.539062 [185.32913207901765,-54.772651665046304] 91.98786008788134 0.6971586179835781 0.0006627200463496355 1.7170004581958822e-05 [861.8413085938,-1707.707519531] -36.996069701208 -9.251398827193887 21.705550242944852 33.89759994381863 0.0 0.0 114.1153468456896 19.332833771296464 1.5197994377669172e-05 1.3708158039934635e-06 2.131038854335202e-05 3.9051149820506174e-06
184.17926009202264 -56.682998707766146 4.0 28.078125 [184.17926009202264,-56.682998707766146] 130.02393551630624 1.8347465370513745 0.00025889618878428085 1.7652671402399436e-05 [-316.1098632812,1726.344238281] -4.17384453086577 -18.065457367162946 27.16436472027405 23.81395880533919 0.0 0.0 90.39385531578682 24.178323786763485 2.1482215577700743e-05 1.5763894114436715e-06 2.2171807287441148e-05 4.764056379534986e-06
181.88743557691794 -53.28837609435465 2.703125 15.0390625 [181.88743557691794,-53.28837609435465] -16.24177821715871 2.004811675886768 0.00032762028726248 2.440917341817514e-05 [-2809.192382812,-4330.35546875] -37.084768219570556 -28.29306410490713 25.66086018686455 24.067300501833056 17.26378059387207 8.631890296936035 128.22472003525263 46.19962673459531 -2.6834242452417607e-06 1.209845553956766e-06 3.4436244583561307e-06 4.410074984869467e-06
183.91232293231448 -57.17303083059059 4.40625 32.046875 [183.91232293231448,-57.17303083059059] 170.5522904657137 0.017999157130503617 0.027954199145730635 1.8698549838493993e-05 [-572.4375,2609.901611328] 2.6501827066108654 -15.541438842384473 31.478823607011904 22.3960092307135 0.0 0.0 84.3294326583773 25.10853834494401 2.8178204701361436e-05 1.7758718441786796e-06 2.774034842514859e-05 5.490587304756502e-06
183.8979646575703 -57.16366574653382 4.40625 32.046875 [183.8979646575703,-57.16366574653382] 156.1816312694012 0.057455525797543136 0.008724391671693948 1.8628404558635895e-05 [-586.5961914062,2593.170654297] 2.6501827066108654 -15.541438842384473 31.478823607011904 22.3960092307135 0.0 0.0 84.42772330618482 25.217157471354767 2.580392186164431e-05 1.691341788901768e-06 2.5366065585431455e-05 5.464267653847481e-06
183.90478539683548 -57.168285357539375 4.40625 32.046875 [183.90478539683548,-57.168285357539375] 161.97944807014 0.30755028722537714 0.0016270162968483161 1.8595880348755968e-05 [-579.8666992188,2601.425537109] 2.6501827066108654 -15.541438842384473 31.478823607011904 22.3960092307135 0.0 0.0 84.37900483345902 25.165266781322998 2.6761822035169403e-05 1.725775889487192e-06 2.632396575895656e-05 5.474848641468555e-06
185.31275964254766 -56.55881495241827 4.5625 33.546875 [185.31275964254766,-56.55881495241827] 151.93106778836457 0.8297322163255308 0.0005329167112823654 1.6432589079387234e-05 [807.1860351562,1506.832519531] -10.022582934485348 -15.414312282882452 31.794146023386116 24.906605024094265 0.0 0.0 92.81715979217415 16.90360675809916 2.510165484700776e-05 1.672593474124953e-06 2.6757559864718877e-05 5.530590564058022e-06
185.4235383647058 -53.67442348771862 3.140625 19.476562 [185.4235383647058,-53.67442348771862] 40.45824445443502 3.0183188497232067 0.0001807446383394982 2.027399066682809e-05 [985.6997070312,-3682.3984375] -45.16137671118872 -28.85761845902174 21.90633632252825 27.655106441807842 0.0 0.0 127.28091330120151 20.22875691518857 6.6844056505003354e-06 1.2993937455721478e-06 1.4145850548650199e-05 3.8914417728400975e-06
180.38414044418877 -56.20247273177361 4.65625 34.546875 [180.38414044418877,-56.20247273177361] 192.50813753423083 0.357020497818248 0.0014679879341410473 1.947710207833897e-05 [-4116.533203125,982.9965820312] -5.13011643282398 -2.868894575844582 33.69218488377473 32.22403427229018 0.0 0.0 91.94520204374089 50.0926485165694 3.180569250231146e-05 1.9117778176825865e-06 3.265327696213432e-05 5.896284658316112e-06
180.38322475698044 -56.20216744444301 4.65625 34.546875 [180.38322475698044,-56.20216744444301] 192.82181354622423 0.36503898205706664 0.0014358832928917271 1.9479019403234605e-05 [-4117.48046875,982.5024414062] -5.13011643282398 -2.868894575844582 33.69218488377473 32.22403427229018 0.0 0.0 91.94761475184487 50.09939065004755 3.1857517235076536e-05 1.9137918217620273e-06 3.270510169489939e-05 5.896955013474422e-06
187.44770801048367 -55.05488961935124 3.828125 26.265625 [187.44770801048367,-55.05488961935124] 64.88264168553502 1.4979985264663682 0.0003277778557452369 1.8247345667906113e-05 [3038.818847656,-1140.290039062] -33.15387396046247 -10.374278530198673 25.5929827669934 33.03354037583548 17.851789474487305 8.925894737243652 112.22558693128985 4.314652060224262 1.0719740872360975e-05 1.2890464169802148e-06 1.6197337476605086e-05 4.458509123487078e-06
