data_processed/hvc_rms/hvc_rms_index_17_with_B.ecsv
# %ECSV 1.0
# ---
# datatype:
# - {name: ra_dec_obj.ra, unit: deg, datatype: float64}
# - {name: ra_dec_obj.dec, unit: deg, datatype: float64}
# - {name: 'H-alpha flux [Error]', unit: R, datatype: float32}
# - {name: H-alpha flux, unit: R, datatype: float32}
# - {name: ra_dec_deg, datatype: string, subtype: 'float64[2]'}
# - {name: RM, unit: rad / m2, datatype: float64}
# - {name: RM_uncert, unit: rad / m2, datatype: float64}
# - {name: pol_int, datatype: float64}
# - {name: pol_int_uncert, datatype: float64}
# - {name: ra_dec_pix_offsets, datatype: string, subtype: 'float64[2]'}
# - {name: interpolation_raw, unit: rad / m2, datatype: float64}
# - {name: interpolation_cor, unit: rad / m2, datatype: float64}
# - {name: interpolation_unc, unit: rad / m2, datatype: float64}
# - {name: pixel location x, datatype: float64}
# - {name: pixel location y, datatype: float64}
# - {name: 'B_virtual [raw]', unit: G, datatype: float64}
# - {name: 'B_virtual_unc [raw]', unit: G, datatype: float64}
# - {name: 'B_virtual [int]', unit: G, datatype: float64}
# - {name: 'B_virtual_unc [int]', unit: G, datatype: float64}
# - {name: 'B_virtual [cor]', unit: G, datatype: float64}
# - {name: 'B_virtual_unc [cor]', unit: G, datatype: float64}
# meta: !!omap
# - __serialized_columns__:
#     ra_dec_obj:
#       __class__: astropy.coordinates.sky_coordinate.SkyCoord
#       dec: !astropy.table.SerializedColumn
#         __class__: astropy.coordinates.angles.Latitude
#         unit: &id001 !astropy.units.Unit {unit: deg}
#         value: !astropy.table.SerializedColumn {name: ra_dec_obj.dec}
#       frame: icrs
#       ra: !astropy.table.SerializedColumn
#         __class__: astropy.coordinates.angles.Longitude
#         unit: *id001
#         value: !astropy.table.SerializedColumn {name: ra_dec_obj.ra}
#         wrap_angle: !astropy.coordinates.Angle
#           unit: *id001
#           value: 360.0
#       representation_type: spherical
# schema: astropy-2.0
ra_dec_obj.ra ra_dec_obj.dec "H-alpha flux [Error]" "H-alpha flux" ra_dec_deg RM RM_uncert pol_int pol_int_uncert ra_dec_pix_offsets interpolation_raw interpolation_cor interpolation_unc "pixel location x" "pixel location y" "B_virtual [raw]" "B_virtual_unc [raw]" "B_virtual [int]" "B_virtual_unc [int]" "B_virtual [cor]" "B_virtual_unc [cor]"
153.52978560171846 -67.2198256923756 3.796875 26.023438 [153.52978560171846,-67.2198256923756] -5.498119163262986 3.0723873395740027 0.00020643738851788737 2.357072964225652e-05 [-3965.770507812,-3871.708007812] 32.31026121082029 49.64365301821281 21.931939976324504 59.78944077041854 1.3795652002713723 -2.846954006026383e-07 3.9721183893371935e-07 -1.9577371237527887e-06 1.2238569658290575e-06 -2.8552689483412298e-06 1.2473195122219126e-06
153.58168067566044 -67.06121838867853 3.8125 26.101562 [153.58168067566044,-67.06121838867853] -14.816873081975643 0.20617740749308733 0.0031477757529010035 2.4118681546889544e-05 [-3955.674804688,-4159.1171875] 32.43610213260824 51.35040674666305 23.311978280931644 61.49069454526057 2.277079319511813 -7.66076150419226e-07 3.728056931959486e-07 -2.4431185411366694e-06 1.2899718243951839e-06 -3.421044017478786e-06 1.319494449426692e-06
152.60766552609232 -67.5446621910708 3.234375 20.414062 [152.60766552609232,-67.5446621910708] -30.949350596595103 0.3903769124980151 0.0016249067640502189 2.3573348385651544e-05 [-4542.473632812,-3226.161132812] 34.70771600812808 45.707700666601305 20.751615248031918 54.15066387090815 2.6229690489522 -1.809403620233315e-06 4.6375255548221105e-07 -3.838533982730992e-06 1.3607700373852784e-06 -4.48163025712397e-06 1.3887457108500627e-06
152.61553993356964 -67.54740932434842 3.234375 20.414062 [152.61553993356964,-67.54740932434842] -30.46751464470895 0.6117071404605284 0.001030992854744716 2.3437317785721362e-05 [-4536.569335938,-3221.83203125] 34.70771600812808 45.707700666601305 20.751615248031918 54.144903879188746 2.5737799778232784 -1.7812338622611625e-06 4.630015600158054e-07 -3.8103642247588397e-06 1.3599101712193557e-06 -4.453460499151817e-06 1.3877155227863613e-06
152.40098621550118 -67.49068465966799 3.28125 20.875 [152.40098621550118,-67.49068465966799] -23.200578169531937 1.2766105950069027 0.0005255990141473639 2.4935707191661826e-05 [-4694.270507812,-3307.080078125] 34.63307835028907 46.184752961419576 20.77811666272857 54.12259090774364 3.7864804481882857 -1.3413255584426913e-06 4.414927655879047e-07 -3.3436132953835235e-06 1.331126178409089e-06 -4.011465462062329e-06 1.3572126573400233e-06
151.7980505155364 -68.1088715616373 3.515625 23.203125 [151.7980505155364,-68.1088715616373] -27.754979062217604 2.0970251537027207 0.0002980832903500562 2.3230040901833803e-05 [-4973.263671875,-2154.626953125] 37.817769445034926 37.97443854459757 21.232053673686604 46.518604130449035 1.5917111406868116 -1.5220057684124171e-06 4.388978206280173e-07 -3.5958269417163427e-06 1.3019690613628853e-06 -3.6044182388933936e-06 1.302297785696015e-06
152.26188649225483 -67.72200036812137 3.4375 22.375 [152.26188649225483,-67.72200036812137] -18.569297960635982 1.802630094131678 0.00035587176703928664 2.38401429444077e-05 [-4742.721679688,-2882.813476562] 34.66122338638317 44.00788760281171 19.564654542386602 51.501052664032954 2.6590719704825005 -1.0369614159425434e-06 4.2188908740644177e-07 -2.97254085234541e-06 1.2166756770368327e-06 -3.494484664155261e-06 1.23594409603746e-06
151.69363440525734 -67.76747883859773 3.46875 22.742188 [151.69363440525734,-67.76747883859773] -37.82916146939911 2.5038918691802956 0.0002740967145503701 2.5505162975424006e-05 [-5117.444335938,-2755.754882812] 39.0024515624622 44.95159648478185 20.75231812056407 49.53492772361528 4.445439223902667 -2.0953628078628155e-06 4.802803206699239e-07 -4.2557143262427015e-06 1.3201872283510686e-06 -4.585238336942707e-06 1.3354533968385017e-06
152.28997752305537 -67.39772017858273 3.359375 21.570312 [152.28997752305537,-67.39772017858273] -42.4192848055411 1.7595239662986215 0.00040715935958288385 2.6623693962394032e-05 [-4788.889648438,-3464.662109375] 33.913481652699176 45.821103094791624 21.009296683751245 54.72730228520959 4.868365483792559 -2.4125913016951884e-06 5.009581235593912e-07 -4.34141615625317e-06 1.3650140556886544e-06 -5.0186605757846995e-06 1.3975151086912711e-06
152.2964018632109 -67.39600344555909 3.34375 21.453125 [152.2964018632109,-67.39600344555909] -37.89668957665772 0.7847380659009769 0.0009055067292223367 2.6407367236400675e-05 [-4784.822265625,-3468.233398438] 34.03949167530847 45.934374930111815 21.196260612181344 54.76136507850151 4.856288943732579 -2.161248111977614e-06 4.770482162436044e-07 -4.102520237267731e-06 1.3642471806531594e-06 -4.780885399602977e-06 1.3951994685484746e-06
152.28256227976547 -67.39895615726616 3.359375 21.570312 [152.28256227976547,-67.39895615726616] -39.3631720310845 0.7748142609622198 0.0009194041337529207 2.6473585258646063e-05 [-4793.733398438,-3461.872070312] 33.913481652699176 45.821103094791624 21.009296683751245 54.69523138933812 4.887615752634247 -2.2387752854550838e-06 4.810771966363925e-07 -4.1676001400130644e-06 1.3543420828113069e-06 -4.844844559544595e-06 1.3858906799879251e-06
152.59988407237518 -67.73039264295879 3.328125 21.328125 [152.59988407237518,-67.73039264295879] -44.04542647878274 2.3940529289602757 0.0002508741590433725 2.2320215360144956e-05 [-4512.086914062,-2893.376953125] 32.82451575209703 43.285679767886904 20.395235447791674 52.319037383859154 1.3353341289243872 -2.5192607185061087e-06 5.187447355924291e-07 -4.396720417484789e-06 1.3468989100078785e-06 -4.995066299946032e-06 1.3761771161550465e-06
151.10299726359116 -68.21569076744586 3.34375 21.414062 [151.10299726359116,-68.21569076744586] -27.906975678565964 1.3326552340975346 0.0005509348564360071 2.728517619626783e-05 [-5410.197265625,-1904.943847656] 38.25116578923319 35.88093677320175 21.25298412991378 43.63616846998616 3.339212539199707 -1.5929856923872489e-06 4.4885255372431036e-07 -3.7764383359562653e-06 1.3563401325145172e-06 -3.641140948173784e-06 1.3510781790746647e-06
151.09776334097185 -68.21717837246824 3.34375 21.414062 [151.09776334097185,-68.21717837246824] -19.85384721558426 1.990138723478853 0.0003693678730644115 2.7318142865739057e-05 [-5413.306640625,-1901.827148438] 38.25116578923319 35.88093677320175 21.25298412991378 43.60788058339131 3.347194625834618 -1.1332970981000738e-06 4.3680281051048756e-07 -3.31674974166909e-06 1.341823516612341e-06 -3.1814523538866095e-06 1.3371648401162024e-06
151.7503504172594 -67.48207839029709 3.28125 20.867188 [151.7503504172594,-67.48207839029709] -42.66647633654413 2.3353302958225624 0.00033650403045829523 2.9204332668817844e-05 [-5140.993164062,-3270.1484375] 33.87115263435351 47.070820826117995 21.06582872699988 52.44444909778633 6.296406029345462 -2.4671948658271715e-06 5.186632276057116e-07 -4.425798928182092e-06 1.394873454098677e-06 -5.18907155788014e-06 1.4319498039618344e-06
151.81513928303033 -67.77937314406135 3.53125 23.242188 [151.81513928303033,-67.77937314406135] -28.033867304224575 1.0163398427729098 0.0006520553067789545 2.4628166906433893e-05 [-5032.837890625,-2744.59375] 38.265379284692685 44.123314629564554 20.697707147674606 49.747454539978094 3.909194246032712 -1.5360068317070704e-06 4.277008885231543e-07 -3.632609607246816e-06 1.2725214599868716e-06 -3.953572413119325e-06 1.2857234752503482e-06
151.82206717015188 -67.785682649359 3.53125 23.242188 [151.82206717015188,-67.785682649359] -28.25058258243572 2.3283199127689778 0.00028521704662574796 2.4678958866571718e-05 [-5026.805664062,-2733.893554688] 38.265379284692685 44.123314629564554 20.697707147674606 49.70511478862909 3.8379776409612987 -1.5478809033167858e-06 4.434066150166264e-07 -3.644483678856531e-06 1.2781560467714246e-06 -3.96544648472904e-06 1.291341394160981e-06
152.53358384262165 -67.74282096903043 3.34375 21.5 [152.53358384262165,-67.74282096903043] -33.986723207670764 1.6818926080137695 0.0003578900922587939 2.2369518735301196e-05 [-4554.592773438,-2866.233398438] 33.02782762571381 42.9634712581715 20.203822013197943 52.02203139523351 1.4952797492828722 -1.936148655018932e-06 4.7035453632386306e-07 -3.817671143815093e-06 1.30349991267242e-06 -4.383682846037349e-06 1.3284512329328058e-06
152.50831610449436 -67.74691009322945 3.34375 21.5 [152.50831610449436,-67.74691009322945] -29.504939387834796 1.1727587591670638 0.000516122817289307 2.249419458734764e-05 [-4570.904296875,-2857.03515625] 33.02782762571381 42.9634712581715 20.203822013197943 51.91512619730531 1.5607259501568933 -1.6808313164853208e-06 4.5105688035829655e-07 -3.5623538052814813e-06 1.2914097118614683e-06 -4.128365507503738e-06 1.3150364624752524e-06
151.562255350444 -67.86762970893237 3.4375 22.421875 [151.562255350444,-67.86762970893237] 12.741330675370193 0.13527677341261932 0.005227672096744252 2.628090268143281e-05 [-5183.859375,-2565.870117188] 39.47755232241322 41.44811939876803 21.829357140556834 48.21489822000967 4.204943600409024 7.107673304064424e-07 3.995002898166872e-07 -1.491463754406608e-06 1.2909350235776916e-06 -1.6013906322134145e-06 1.29277411172711e-06
152.27392593838604 -67.37671678531409 3.34375 21.453125 [152.27392593838604,-67.37671678531409] -36.22391564282523 2.3898029607839852 0.0003010154027620631 2.67337274888958e-05 [-4804.139648438,-3500.944335938] 34.03949167530847 45.934374930111815 21.196260612181344 54.88798696249273 5.078935599161241 -2.065849818705907e-06 4.882946837883937e-07 -4.007121943996023e-06 1.3663006392739807e-06 -4.68548710633127e-06 1.3965508132740495e-06
153.62562529341068 -67.21970350484268 3.796875 26.015625 [153.62562529341068,-67.21970350484268] -27.775978755861427 1.1514897665971546 0.0005516749907912046 2.360761327958252e-05 [-3899.319335938,-3878.088867188] 31.918829222074073 49.3728535409593 21.88897866202194 60.04458430510897 1.0102090323921402 -1.4384702143417128e-06 4.0342847301618286e-07 -3.091491535972885e-06 1.2443131317682944e-06 -3.995405465479836e-06 1.2784034305894511e-06
153.35093629837607 -66.93046550453109 3.9375 27.445312 [153.35093629837607,-66.93046550453109] -4.614874403117319 2.152059483105377 0.000328317696116075 2.6257735291437135e-05 [-4138.926757812,-4377.958007812] 32.14802572055038 52.75694267338632 23.048670390622206 62.16012072505134 4.082321009680754 -2.3268823749578743e-07 3.70222769052645e-07 -1.8536353728785188e-06 1.237918063679509e-06 -2.8927649663541617e-06 1.264029509101359e-06
152.3473813635932 -67.56230172868239 3.265625 20.578125 [152.3473813635932,-67.56230172868239] -23.496393978054464 1.5010055035541163 0.0004412030309823593 2.4611012164992875e-05 [-4716.668945312,-3174.91796875] 34.46269202992786 45.76293575518065 20.61729439536247 53.281972408050365 3.478408882238682 -1.3681916933080849e-06 4.4803227333182956e-07 -3.374949368908069e-06 1.3338139928383517e-06 -4.032960960460718e-06 1.359864948204603e-06
151.5939943908009 -67.78098310124064 3.453125 22.578125 [151.5939943908009,-67.78098310124064] -26.3060966121141 3.2764715129853634 0.0002149899729313208 2.61778095966597e-05 [-5181.720703125,-2723.25390625] 39.47387334996504 44.129959925667904 21.140150800014844 49.135595282361805 4.716438688241851 -1.4623829280191026e-06 4.6306777843896367e-07 -3.6567760886978323e-06 1.3237123813868684e-06 -3.915612723417375e-06 1.3339985841975988e-06
152.16105620390277 -67.74544507925327 3.5 22.929688 [152.16105620390277,-67.74544507925327] -13.288968072303373 2.3139322690950714 0.00027552119152455233 2.3692688998207537e-05 [-4806.204101562,-2833.036132812] 35.543125169779806 44.36971338982535 19.39031512941772 51.00393211965354 2.867430474665298 -7.330621972004759e-07 4.157907055836646e-07 -2.6937352374671873e-06 1.1876670483449908e-06 -3.180638217379977e-06 1.2043178070363315e-06
152.74273626563692 -67.11447145313943 3.75 25.546875 [152.74273626563692,-67.11447145313943] -15.9679157159851 1.6523991859864695 0.0004370490688279196 2.6838230270506306e-05 [-4530.952148438,-4005.603515625] 34.87480325700772 49.094376965583116 21.564943827532563 58.713285732249574 5.149370550079311 -8.34503138369409e-07 3.881754637728721e-07 -2.657103738575119e-06 1.2274610249385946e-06 -3.400236348813176e-06 1.251946455220147e-06
152.73365782915337 -67.12970755343552 3.75 25.546875 [152.73365782915337,-67.12970755343552] -18.20598565951683 1.3111122490304477 0.0005503338348417218 2.6814814211360485e-05 [-4534.407226562,-3977.680664062] 34.87480325700772 49.094376965583116 21.564943827532563 58.53983312315734 5.076822163410043 -9.514674576323039e-07 3.8824619590246746e-07 -2.7740680578380136e-06 1.2298234331498745e-06 -3.517200668076071e-06 1.2551970254412025e-06
143.6674654002472 -66.83377079063884 2.5625 13.613281 [143.6674654002472,-66.83377079063884] -51.95447583430411 1.752168062945022 0.0003974058702901118 2.587728692634496e-05 [-5154.497070312,3772.385620117] 32.04326580968899 22.289238695452063 18.98231790368134 34.28423898952906 40.698677379813034 -3.719548220043557e-06 7.081670517768049e-07 -6.013604129430976e-06 1.6513642916264104e-06 -5.315289429717242e-06 1.6102316577614598e-06
145.33041354283588 -66.33852391640312 2.734375 15.3984375 [145.33041354283588,-66.33852391640312] -41.0571813879448 1.1844992590771406 0.00045048531308029144 1.9830064785021143e-05 [-4064.825195312,2764.772460938] 30.05311887889255 32.64851241386105 20.177688091997016 44.02503743780085 38.849354382460206 -2.7637543442864345e-06 5.920095078766173e-07 -4.786772852938464e-06 1.561882344506872e-06 -4.9614811479289285e-06 1.5705723379559965e-06
147.80282593141413 -65.92302702393762 3.421875 22.21875 [147.80282593141413,-65.92302702393762] -41.22918686212931 1.2019059834124206 0.000393135037684254 1.7559856070845965e-05 [-2321.924804688,1893.884521484] 29.83056189878205 47.089902178943 22.28136951727395 55.6369453382996 32.92299337484428 -2.3104341362732877e-06 4.830168092952212e-07 -3.9821030136060734e-06 1.3928167730962951e-06 -4.949295723134593e-06 1.435664327844321e-06
148.96487408286674 -66.32431034752713 3.40625 21.984375 [148.96487408286674,-66.32431034752713] -36.48032553688762 2.0478489573278735 0.0002282073549074064 1.736745817693564e-05 [-1446.391113281,2580.826171875] 29.666903011630897 47.52753681141174 23.515186311363344 55.46915052250529 25.40907251497697 -2.055181952983824e-06 4.779009710057958e-07 -3.7265180162756295e-06 1.4559075223556773e-06 -4.732727574823725e-06 1.4965614182219112e-06
148.96012888954354 -66.31860349659695 3.40625 21.984375 [148.96012888954354,-66.31860349659695] -38.3185705389954 1.5737565218308203 0.0002954432081414763 1.7279065726335522e-05 [-1450.1484375,2570.670898438] 29.666903011630897 47.52753681141174 23.515186311363344 55.50830559566441 25.470524755798806 -2.1587426503705436e-06 4.786374801008271e-07 -3.8300787136623486e-06 1.4578246620859969e-06 -4.836288272210445e-06 1.4994068771892209e-06
148.9623715007769 -66.32559969555815 3.40625 21.984375 [148.9623715007769,-66.32559969555815] -36.630417084788604 2.991162811787121 0.00015626350944805315 1.737026042101388e-05 [-1448.124511719,2583.202392578] 29.666903011630897 47.52753681141174 23.515186311363344 55.449535784771 25.40880909885891 -2.0636376187708414e-06 4.939299825813435e-07 -3.7349736820626473e-06 1.4613838569352599e-06 -4.741183240610743e-06 1.5019694069156633e-06
146.19226130213377 -65.56638348085814 3.109375 19.15625 [146.19226130213377,-65.56638348085814] -77.67726827845428 2.2241321048440676 0.00021849673887159478 1.805985427357219e-05 [-3550.466796875,1327.990234375] 35.93569461031447 46.49268513933986 18.847703992960085 53.76132083704681 41.861828844682805 -4.687997055034863e-06 7.206029875233973e-07 -6.85679668248668e-06 1.4767894698805937e-06 -7.493934697339213e-06 1.5215758576526147e-06
145.54280116595595 -64.34143075572746 3.484375 22.84375 [145.54280116595595,-64.34143075572746] 14.015367657968927 1.6669164216122887 0.0003299479247536035 2.043938995087078e-05 [-4220.956054688,-829.8505859375] 41.502668786282634 49.63211290031504 21.828624467744813 62.644816552305656 54.18003509514165 7.745856193008636e-07 4.0804857146898786e-07 -1.5191373274662762e-06 1.2828370178329198e-06 -1.9684263263217006e-06 1.2913081624539525e-06
