data_processed/hvc_rms/hvc_rms_index_19.ecsv
# %ECSV 1.0
# ---
# datatype:
# - {name: ra_dec_obj.ra, unit: deg, datatype: float64}
# - {name: ra_dec_obj.dec, unit: deg, datatype: float64}
# - {name: 'H-alpha flux [Error]', unit: R, datatype: float32}
# - {name: H-alpha flux, unit: R, datatype: float32}
# - {name: ra_dec_deg, datatype: string, subtype: 'float64[2]'}
# - {name: RM, unit: rad / m2, datatype: float64}
# - {name: RM_uncert, unit: rad / m2, datatype: float64}
# - {name: pol_int, datatype: float64}
# - {name: pol_int_uncert, datatype: float64}
# - {name: ra_dec_pix_offsets, datatype: string, subtype: 'float64[2]'}
# - {name: interpolation_raw, unit: rad / m2, datatype: float64}
# - {name: interpolation_cor, unit: rad / m2, datatype: float64}
# - {name: interpolation_unc, unit: rad / m2, datatype: float64}
# - {name: interpolation_cor_unc, unit: rad / m2, datatype: float64}
# - {name: HI, unit: dex(1 / cm2), datatype: float64}
# - {name: 'HI [Error]', unit: dex(1 / cm2), datatype: float64}
# - {name: pixel location x, datatype: float64}
# - {name: pixel location y, datatype: float64}
# meta: !!omap
# - __serialized_columns__:
#     ra_dec_obj:
#       __class__: astropy.coordinates.sky_coordinate.SkyCoord
#       dec: !astropy.table.SerializedColumn
#         __class__: astropy.coordinates.angles.Latitude
#         unit: &id001 !astropy.units.Unit {unit: deg}
#         value: !astropy.table.SerializedColumn {name: ra_dec_obj.dec}
#       frame: icrs
#       ra: !astropy.table.SerializedColumn
#         __class__: astropy.coordinates.angles.Longitude
#         unit: *id001
#         value: !astropy.table.SerializedColumn {name: ra_dec_obj.ra}
#         wrap_angle: !astropy.coordinates.Angle
#           unit: *id001
#           value: 360.0
#       representation_type: spherical
# schema: astropy-2.0
ra_dec_obj.ra ra_dec_obj.dec "H-alpha flux [Error]" "H-alpha flux" ra_dec_deg RM RM_uncert pol_int pol_int_uncert ra_dec_pix_offsets interpolation_raw interpolation_cor interpolation_unc interpolation_cor_unc HI "HI [Error]" "pixel location x" "pixel location y"
[from data line 2577]
170.12123104250512 -59.853782648009464 10.5625 93.625 [170.12123104250512,-59.853782648009464] 78.98299411176451 2.730087362452687 0.00021280057428960155 2.1590268506876142e-05 [-4275.272460938,-687.630859375] 170.54929787471937 246.0441312992334 72.28253101601399 113.43496114192867 0.0 0.0 109.31570002713988 101.15472532519334
171.99317917317364 -59.31804663534277 7.28125 60.828125 [171.99317917317364,-59.31804663534277] -62.32898132121354 0.27225057622199483 0.0018136537183773157 1.8349823082162644e-05 [-2628.424804688,-1748.400878906] 130.52109116247658 159.9742089111501 56.1294433333808 70.85417474082308 0.0 0.0 119.14231282729406 92.54543836350172
172.2525784961441 -60.42749019026527 10.3125 91.125 [172.2525784961441,-60.42749019026527] 216.65548764595886 0.2458840772176417 0.0019915340223058985 1.8198133185611656e-05 [-2311.952148438,237.080078125] 160.98904622224688 237.55737005705075 62.36862956366743 102.06058634485085 0.0 0.0 107.00017521580389 86.86461176691296
173.17735334871054 -61.96385575022148 8.1875 70.125 [173.17735334871054,-61.96385575022148] 408.2488329760442 2.596455821646034 0.0002016292129422059 1.9455531315783222e-05 [-1419.983398438,2974.549560547] 328.09491492889447 258.3376493351579 145.0148499131094 112.86288161747505 0.0 0.0 91.09043234873707 76.12418616753394
173.19110112444358 -60.879016753669866 9.9375 87.34375 [173.19110112444358,-60.879016753669866] 377.32086657908985 2.2439038766217676 0.0002131978943035407 1.7778530576608664e-05 [-1458.211914062,1022.562988281] 147.42251948941885 222.6381673140214 56.30317239760001 95.17623072533588 0.0 0.0 103.53394511342253 79.9498510711951
178.52359019953542 -60.13855374310981 6.78125 55.953125 [178.52359019953542,-60.13855374310981] 375.7328545256319 2.982641155507482 0.00016867768285564515 1.869680229460432e-05 [3284.730712891,-237.3735351562] 79.52400188544883 115.50975055768853 47.77262359557769 65.49275438592817 0.0 0.0 120.303086183088 51.84605169670158
174.25640843053793 -62.36645514172167 29.875 286.25 [174.25640843053793,-62.36645514172167] 128.87589126559715 1.9323425197099984 0.0002928501579902372 2.102995174312188e-05 [-500.5229492188,3683.037353516] 420.19855278534123 299.64477163078266 190.6436935637434 135.8259084521723 19.049619674682617 9.524809837341309 88.23432600544083 68.93105609359077
177.0860441026729 -60.11535262763455 5.6875 44.71875 [177.0860441026729,-60.11535262763455] 468.52425760797195 2.170647170633887 0.00022346901578326455 1.8026659514466686e-05 [1999.508789062,-336.671875] 87.52638234443874 130.4635734741835 48.7573447799451 63.82290152605303 0.0 0.0 118.58671393009672 60.273949665134296
171.195007855394 -61.13847350945341 12.8125 115.875 [171.195007855394,-61.13847350945341] 785.0889953449191 2.6068675424106145 0.00021137300259320852 2.047751178906856e-05 [-3178.678710938,1559.434082031] 381.0905705490541 285.2128074013721 144.4829706973225 116.26064003608032 0.0 0.0 96.93196631763249 89.99367203907582
175.28080754730314 -59.82424922393537 8.3125 71.40625 [175.28080754730314,-59.82424922393537] 291.38110070385767 2.182220911844767 0.00021962068029602653 1.781068607016251e-05 [384.3198242188,-893.1938476562] 87.7273484644332 119.50320842689882 50.85489104132216 54.238313673523734 16.9538631439209 8.47693157196045 119.19360736494173 71.65330565452882
169.53662060194432 -61.70869066506696 9.1875 79.8125 [169.53662060194432,-61.70869066506696] 590.2844646775559 3.166926354803908 0.000220697577275467 2.597432277361235e-05 [-4531.513671875,2680.285400391] 379.1654153480906 262.9571840131125 194.6683528263109 121.90372498890625 0.0 0.0 87.25760148593008 96.61414591412336
179.87896724254972 -61.763214105470006 5.625 44.09375 [179.87896724254972,-61.763214105470006] 548.5191172747407 0.3174950977039194 0.0019192626747461818 2.2645407725114204e-05 [4272.161865234,2758.154785156] 240.0944047473811 260.59014139329054 97.7758843489206 126.17700693760003 0.0 0.0 102.9037845668388 40.02456317162614
177.0850221732015 -61.242011981037344 6.0 47.9375 [177.0850221732015,-61.242011981037344] 265.47019225283816 2.238987555556736 0.0002188388300570115 1.8208944291284373e-05 [1929.857910156,1690.05078125] 194.70864695919414 207.83200451233068 80.21344707244295 99.28243046359951 0.0 0.0 105.46720480768863 57.00715235609073
169.64210511061188 -60.79236224800713 9.625 84.46875 [169.64210511061188,-60.79236224800713] 225.4962200970739 1.941978657398012 0.00033141323239625596 2.3917897500260378e-05 [-4573.340820312,1029.150878906] 403.6525872180855 298.41181972766753 191.6788682479893 129.40200664526014 0.0 0.0 97.76546106589103 99.91063954351853
171.37999005509403 -59.500141140932094 7.03125 58.234375 [171.37999005509403,-59.500141140932094] -12.564698358188464 3.2406461676740768 0.00015468214320044898 1.8628612068754297e-05 [-3173.655273438,-1394.060058594] 150.85771892601775 191.7258263612418 68.49901432383608 84.92008725244243 0.0 0.0 115.86903221141552 95.38971499774493
170.79240434177603 -61.385467478150595 10.0 87.90625 [170.79240434177603,-61.385467478150595] 1197.1296218296911 0.899639254696273 0.0006492499294055168 2.1706460453503344e-05 [-3500.052734375,2023.588378906] 393.3979960229122 294.97408168086 153.64683462652155 125.25477931455791 0.0 0.0 93.36565870995037 91.20281712664791
173.8862914632107 -62.48907087280963 24.125 229.125 [173.8862914632107,-62.48907087280963] 443.1770119841294 0.2784636236553213 0.0021956327666005967 2.2721493625221395e-05 [-806.1767578125,3907.25390625] 411.0146493988612 282.81524810512553 173.22397875248035 124.65944901076793 19.389522552490234 9.694761276245117 86.23537420645243 70.47890967533363
173.8938291445612 -62.48653412001641 22.375 212.25 [173.8938291445612,-62.48653412001641] 460.8899102563392 3.2268876030040854 0.00018970448171031463 2.27494097385051e-05 [-799.978515625,3902.599609375] 412.62851060535604 286.4208867230776 174.63459978726544 126.59285413488313 19.389522552490234 9.694761276245117 86.2766026629829 70.44771755891816
168.85415606852868 -61.18542094911378 74.0 726.25 [168.85415606852868,-61.18542094911378] 1.1226838448787837 0.47675759780656785 0.0023106678172724947 4.09396232404244e-05 [-5197.415039062,1792.430664062] 546.8106665648074 296.919891458503 320.3388655492014 153.35007735712978 0.0 0.0 91.72405280594717 102.51371480026091
168.88995332800755 -61.18225101992279 67.5 662.75 [168.88995332800755,-61.18225101992279] 0.49282952310421024 0.6767903751772003 0.0015683093962563133 3.944524169520049e-05 [-5167.047851562,1783.935546875] 540.6437761850392 296.6484016530032 316.5317985507078 153.1428476368748 0.0 0.0 91.83443070096905 102.33444972943062
177.56632971894905 -60.55721278381557 6.03125 48.203125 [177.56632971894905,-60.55721278381557] 393.04135184366817 3.094828063403237 0.00015928107543578343 1.831932252467704e-05 [2397.189941406,474.1254882812] 106.39602682843925 159.80538831896513 57.689214660485504 78.84338757575894 0.0 0.0 114.11744369383291 56.238016027844424
176.4114229405401 -61.452869445257456 7.78125 65.875 [176.4114229405401,-61.452869445257456] 376.8346906875239 0.4202896460923909 0.0011837001478430856 1.848839010742435e-05 [1337.808105469,2052.702148438] 234.15033664546038 227.67943962173044 88.73415442601275 103.10481692300242 0.0 0.0 102.05805717321141 60.138136946039594
176.40838646599278 -61.45309441540924 7.78125 65.875 [176.40838646599278,-61.45309441540924] 376.9682180042319 0.5826723914409767 0.0008527557837445309 1.846536162916083e-05 [1335.1875,2053.045410156] 234.15033664546038 227.67943962173044 88.73415442601275 103.10481692300242 0.0 0.0 102.0510561877552 60.154307762430335
178.98428336330701 -60.534168373458606 6.5625 53.59375 [178.98428336330701,-60.534168373458606] 249.27468207183693 1.5293595537921338 0.0003454513737230301 1.963383910115817e-05 [3652.127441406,497.7158203125] 111.07137897026354 169.49253439939892 46.84051395792849 76.15139356923817 0.0 0.0 116.2625811711805 48.14328856684915
170.67274509258436 -60.4428747884144 7.25 60.484375 [170.67274509258436,-60.4428747884144] 332.7003505477747 0.3303046986955326 0.0016238992385590961 1.993345284285512e-05 [-3711.124023438,336.9111328125] 249.35754678269248 247.89506238777153 92.17972279758717 101.32840357525903 0.0 0.0 103.78828530134365 95.6522799103002
174.71609516181465 -60.66069795002204 7.21875 60.234375 [174.71609516181465,-60.66069795002204] 569.520754032989 0.45616713570644907 0.0010679039540984318 1.810359774952301e-05 [-123.3979492188,611.30078125] 119.37714789837645 194.820256276571 52.366636257832624 85.18616803672707 0.0 0.0 108.61936467993382 72.14831730946958
172.12675515899366 -60.97904587927289 8.4375 72.1875 [172.12675515899366,-60.97904587927289] 148.39857834488475 1.7635729739412436 0.0002879964916866016 1.887510322014064e-05 [-2382.361328125,1233.520019531] 239.5068600883705 266.7183385682205 94.46420200690696 117.40829272738917 0.0 0.0 100.48451017918615 85.48660367513708
171.10392724766908 -59.2295722224974 9.5625 83.625 [171.10392724766908,-59.2295722224974] 203.86431248756583 1.107361500239254 0.00046275153751851653 1.9043465954469254e-05 [-3452.78515625,-1866.418457031] 145.35998031862948 179.354938891574 70.2559640039967 83.14281976691781 0.0 0.0 118.3824853224778 98.05055371785375
169.1631465110156 -58.75555777118991 15.0 138.0625 [169.1631465110156,-58.75555777118991] -285.4301246194118 2.3818544645591864 0.00031145680388768195 2.7569046608320817e-05 [-5306.41015625,-2588.4140625] 145.34493698036633 180.73993890172642 75.47634398183138 92.87279870787353 0.0 0.0 119.59600285094007 111.27870445516669
174.0564116816314 -60.5109939189134 7.53125 63.203125 [174.0564116816314,-60.5109939189134] 417.51294791716197 2.863461480363104 0.00016741201994916756 1.7815035207850644e-05 [-708.4731445312,346.0107421875] 125.84639490989285 195.17751399384264 54.58437773997517 85.89090637982535 18.112590789794922 9.056295394897461 109.24632836139313 76.38556871124706
176.64239511757256 -61.11271289482274 6.28125 50.796875 [176.64239511757256,-61.11271289482274] 363.75685388450637 2.6645786595243317 0.00018482294383999624 1.8301771627555437e-05 [1553.131347656,1445.763671875] 185.07739396686617 218.76148471263338 77.27092635775796 103.8521636173518 0.0 0.0 106.34332989860013 59.870413379730735
175.56896999049013 -61.20439918495752 6.4375 52.296875 [175.56896999049013,-61.20439918495752] 267.5341523148304 0.5087909897941105 0.000981069772907971 1.8550174958958447e-05 [618.1645507812,1593.1015625] 188.72787965017963 239.58543308373675 68.60371696242957 105.79612021169329 0.0 0.0 103.68576731606072 65.5941577193048
176.12707502825998 -59.852161513203875 8.5 72.8125 [176.12707502825998,-59.852161513203875] 574.5623804093213 2.414798732443991 0.00019872201743852388 1.7833460734396913e-05 [1148.950195312,-833.1313476562] 83.00069236529535 108.40571683342615 45.87895410762425 50.83471322980869 0.0 0.0 120.21061639677032 66.63936402191439
175.22901906553741 -61.497623403337094 9.3125 81.03125 [175.22901906553741,-61.497623403337094] 280.6238861798171 2.388595374035949 0.0002124244619311139 1.8856271248155854e-05 [320.4223632812,2118.389160156] 238.67593076547666 248.58087355805964 87.74933303852225 106.33251376510401 0.0 0.0 99.77257530581937 66.53934328472405
172.70539817541024 -59.591682420475706 6.8125 56.03125 [172.70539817541024,-59.591682420475706] 293.69909050939077 0.30081304904454104 0.0015791126796150705 1.7652998959693774e-05 [-1958.962890625,-1281.041992188] 112.93097154434916 159.51188545680282 48.97632624479748 73.68009120871552 0.0 0.0 117.37769640649026 87.39183974120624
172.69720425640747 -59.596641598844506 6.8125 56.03125 [172.69720425640747,-59.596641598844506] 260.3735650848645 2.4983735984619257 0.00019030347438955098 1.7669033832479288e-05 [-1966.1328125,-1271.876953125] 112.93097154434916 159.51188545680282 48.97632624479748 73.68009120871552 0.0 0.0 117.30578707137465 87.42095751897477
176.39796467027728 -60.364200487639174 6.125 49.34375 [176.39796467027728,-60.364200487639174] 294.68670776835967 2.3224470782846103 0.00021047946965736073 1.8166207496651743e-05 [1372.279785156,93.49658203125] 125.82482496520146 177.2232040734246 52.376830721824525 74.90500399120359 0.0 0.0 114.68021584560438 63.508524689517344
178.00865158920368 -61.06068425231605 6.125 49.140625 [178.00865158920368,-61.06068425231605] 122.79645116765437 1.579051738645329 0.00031850561083819314 1.869055298161711e-05 [2744.547851562,1396.681640625] 168.84862536200336 207.7508732450823 72.05580041955002 99.2267681049441 0.0 0.0 108.83914921839255 52.32019093935969
176.2525174682588 -61.365737896445346 7.40625 62.09375 [176.2525174682588,-61.365737896445346] 270.37007226929796 1.6231854700609583 0.000307622804871886 1.8556470575856378e-05 [1204.518554688,1892.872558594] 215.60175393679162 230.26669534570397 80.96446490572713 105.43035952276549 0.0 0.0 102.8385258029382 61.28569674034429
175.90722677477603 -60.31943894009667 8.0 67.9375 [175.90722677477603,-60.31943894009667] 275.52456424429715 1.245802764360766 0.0003906426024693744 1.8085794753331946e-05 [936.8833007812,4.3564453125] 122.76949973163467 162.04995010605495 50.13358917639952 70.4466955935626 0.0 0.0 114.45368636678177 66.46385248510774
175.90994243964843 -60.32231527485686 8.0 67.9375 [175.90994243964843,-60.32231527485686] 289.061931403984 0.3242909337422392 0.0014935285554327192 1.7999359071699557e-05 [939.220703125,9.57177734375] 122.76949973163467 162.04995010605495 50.13358917639952 70.4466955935626 0.0 0.0 114.4245415272369 66.43930291046308
169.13748205128874 -61.499511698865795 15.4375 142.0625 [169.13748205128874,-61.499511698865795] 9.208886773160957 0.8124864653463902 0.001041675671549538 3.1452658497779846e-05 [-4903.456054688,2333.749023438] 522.7043891785081 307.79483569117934 290.0648787113441 154.6777801185524 0.0 0.0 88.794885551069 99.63529606689895
173.87376391451477 -60.95888895402972 8.875 76.90625 [173.87376391451477,-60.95888895402972] 477.0007605799291 2.260533813390032 0.00021413789965486136 1.798925795932451e-05 [-858.2202148438,1154.297851562] 156.71415463800247 212.37479671662885 56.608589956629835 86.56491528750308 16.138996124267578 8.069498062133789 103.7908665612315 75.86234153677833
177.92967200442516 -60.460311796669814 5.96875 47.5625 [177.92967200442516,-60.460311796669814] 421.0514838165834 1.083047952386835 0.00045158376204423715 1.817584899983893e-05 [2726.40234375,313.9809570312] 98.64366896494539 148.83626462106838 50.357361940779 70.23445882651777 0.0 0.0 115.74667906076775 54.41945821785703
178.3451080830281 -60.293285352469645 7.09375 59.03125 [178.3451080830281,-60.293285352469645] 434.10978773049493 2.755989806431569 0.00018076657259757532 1.8514177955774705e-05 [3110.375488281,32.08251953125] 90.11671388822863 131.17238738639156 47.03487334119689 67.05485706750736 0.0 0.0 118.25656867143539 52.471888810743394
173.6227108051829 -59.507224963031035 7.90625 67.1875 [173.6227108051829,-59.507224963031035] -131.1810768007864 1.680969999308382 0.0002829672289669057 1.767684718867296e-05 [-1126.409179688,-1454.478515625] 102.98323114286292 130.2758043023021 48.62942637362925 58.97849316403017 0.0 0.0 120.01855390557103 82.37196553415083
176.40864572467876 -61.73925404685297 8.5 72.9375 [176.40864572467876,-61.73925404685297] 234.89537907593277 1.9414078235818684 0.0002623863542974003 1.8930702212194808e-05 [1323.143066406,2567.865722656] 343.2970817233536 277.68995025551465 137.7305619378355 119.64049048745467 0.0 0.0 98.72837413109892 59.28736942962723
