data_processed/hvc_rms/hvc_rms_index_15.ecsv
# %ECSV 1.0
# ---
# datatype:
# - {name: ra_dec_obj.ra, unit: deg, datatype: float64}
# - {name: ra_dec_obj.dec, unit: deg, datatype: float64}
# - {name: 'H-alpha flux [Error]', unit: R, datatype: float32}
# - {name: H-alpha flux, unit: R, datatype: float32}
# - {name: ra_dec_deg, datatype: string, subtype: 'float64[2]'}
# - {name: RM, unit: rad / m2, datatype: float64}
# - {name: RM_uncert, unit: rad / m2, datatype: float64}
# - {name: pol_int, datatype: float64}
# - {name: pol_int_uncert, datatype: float64}
# - {name: ra_dec_pix_offsets, datatype: string, subtype: 'float64[2]'}
# - {name: interpolation_raw, unit: rad / m2, datatype: float64}
# - {name: interpolation_cor, unit: rad / m2, datatype: float64}
# - {name: interpolation_unc, unit: rad / m2, datatype: float64}
# - {name: pixel location x, datatype: float64}
# - {name: pixel location y, datatype: float64}
# meta: !!omap
# - __serialized_columns__:
#     ra_dec_obj:
#       __class__: astropy.coordinates.sky_coordinate.SkyCoord
#       dec: !astropy.table.SerializedColumn
#         __class__: astropy.coordinates.angles.Latitude
#         unit: &id001 !astropy.units.Unit {unit: deg}
#         value: !astropy.table.SerializedColumn {name: ra_dec_obj.dec}
#       frame: icrs
#       ra: !astropy.table.SerializedColumn
#         __class__: astropy.coordinates.angles.Longitude
#         unit: *id001
#         value: !astropy.table.SerializedColumn {name: ra_dec_obj.ra}
#         wrap_angle: !astropy.coordinates.Angle
#           unit: *id001
#           value: 360.0
#       representation_type: spherical
# schema: astropy-2.0
ra_dec_obj.ra ra_dec_obj.dec "H-alpha flux [Error]" "H-alpha flux" ra_dec_deg RM RM_uncert pol_int pol_int_uncert ra_dec_pix_offsets interpolation_raw interpolation_cor interpolation_unc "pixel location x" "pixel location y"
[from data line 105]
148.77534502676806 -50.26240911736742 2.921875 17.210938 [148.77534502676806,-50.26240911736742] -40.04496652772515 1.2869413050179501 0.0003964931019740001 1.896282683647484e-05 [-2976.310546875,-1487.4453125] -6.585311511263501 -8.916382290505732 25.320207099439727 9.928722625882529 9.282258456463069
148.81428569147397 -50.261886488602244 2.9375 17.3125 [148.81428569147397,-50.261886488602244] -41.03811680020253 2.464460382327315 0.00020845193188924095 1.909134248319153e-05 [-2931.579101562,-1489.948730469] -6.446025703600809 -8.922221932861977 25.52969176647893 10.118856330255312 9.05137721425126
147.10641459728546 -49.07278798693496 2.84375 16.40625 [147.10641459728546,-49.07278798693496] -34.73429876410532 0.49744724327178125 0.0017039785117665383 3.150067393823427e-05 [-5014.412109375,-3535.283203125] 7.36766087375099 -1.1053357839041489 25.91857083835246 12.859314577553505 28.37403271613539
147.09237639195499 -49.066211540932116 2.84375 16.40625 [147.09237639195499,-49.066211540932116] -9.329317032582962 1.0152302781562437 0.0008526950715669919 3.217118200477868e-05 [-5031.5859375,-3546.135742188] 7.36766087375099 -1.1053357839041489 25.91857083835246 12.84952187285353 28.50961914048935
147.08677710614413 -49.06158059440428 2.84375 16.40625 [147.08677710614413,-49.06158059440428] -26.860994270979617 2.8328862334657794 0.0003070599904746977 3.232667739680679e-05 [-5038.640625,-3554.069335938] 7.36766087375099 -1.1053357839041489 25.91857083835246 12.864139684565771 28.57912770565713
149.00590510313702 -50.29031751647556 3.03125 18.28125 [149.00590510313702,-50.29031751647556] -24.210485986950566 0.5726500982813817 0.0008923099038219647 1.8989509893765733e-05 [-2709.665039062,-1446.15234375] -4.397657166646737 -8.023612060322169 25.17100652211272 10.760099819368179 7.6834509251534655
149.00721717883212 -50.29195016895167 3.03125 18.28125 [149.00721717883212,-50.29195016895167] -23.03802888264691 0.8760126062458965 0.0005831381902199713 1.898412320548559e-05 [-2708.064453125,-1443.263671875] -4.397657166646737 -8.023612060322169 25.17100652211272 10.750905525879034 7.663403404522342
150.69334416542756 -49.212143013126926 3.625 24.242188 [150.69334416542756,-49.212143013126926] 94.85497998900199 0.7071609065158515 0.0007494402447448468 1.9695361563864867e-05 [-787.1586914062,-3426.118164062] -14.317161483879932 -11.08447450879606 23.949123183059026 28.987953171277695 5.171471793500132
150.68031306556185 -49.20346091352361 3.625 24.28125 [150.68031306556185,-49.20346091352361] 87.19875509307253 1.3743423537384682 0.00038758323354837415 1.9795597525850738e-05 [-802.6215820312,-3441.595703125] -13.980994524890235 -10.968537121621367 23.629420903727468 29.010055868072868 5.3162367886232005
150.68835458666038 -49.20998357089209 3.625 24.242188 [150.68835458666038,-49.20998357089209] 91.21833800838559 2.015690994071353 0.0002623725815184194 1.965400702671514e-05 [-793.0600585938,-3429.94921875] -14.317161483879932 -11.08447450879606 23.949123183059026 28.98523440451163 5.218485640043582
148.18991076359677 -50.773147458140464 3.453125 22.46875 [148.18991076359677,-50.773147458140464] -135.14580177226222 0.5253897225489508 0.0010060702753505884 1.964348746418398e-05 [-3609.826171875,-542.6596679688] 1.1863755058213805 -15.905954708516505 25.227423475051314 2.351892124711412 8.954763727543195
148.33573927131323 -48.856891670111125 2.921875 17.234375 [148.33573927131323,-48.856891670111125] -25.411602547105886 0.18911712372659428 0.0034658843584209164 2.4358673001178874e-05 [-3583.2578125,-3994.993164062] -11.738993980999624 -7.393460962170671 22.226664653177608 20.9901218613702 22.495369637171052
148.81837486416782 -50.499015845493204 3.0625 18.6875 [148.81837486416782,-50.499015845493204] -17.80617114396497 0.5783690327243561 0.0008754007068233433 1.881571073732695e-05 [-2912.27734375,-1063.566894531] -7.701487350673149 -13.48911956572524 27.754278536982373 7.904986954712967 7.260498451746116
148.8089298284736 -50.49584209208255 3.0625 18.6875 [148.8089298284736,-50.49584209208255] -20.54379999054023 1.164023450738615 0.0004363253622671685 1.8874736218774213e-05 [-2923.27734375,-1068.901367188] -7.701487350673149 -13.48911956572524 27.754278536982373 7.89019983036178 7.340806651814091
148.57675193139164 -49.15402981311879 2.875 16.773438 [148.57675193139164,-49.15402981311879] -42.56212114026779 0.4828127819052011 0.0011650115932243898 2.090343745432398e-05 [-3278.567382812,-3472.150390625] -6.860263841252506 -7.33995920578908 22.11865789561754 19.38954937096105 18.77717017283112
148.6014864798806 -49.14075851969491 2.921875 17.226562 [148.6014864798806,-49.14075851969491] -44.15909350034823 0.45893649923834356 0.0012486189520406136 2.1295665877294623e-05 [-3250.353515625,-3497.10546875] -6.118158317721295 -7.078214037005775 22.067892451698867 19.63506955092089 18.724338243509465
148.62310792068521 -49.124153277932024 2.984375 17.828125 [148.62310792068521,-49.124153277932024] -57.50056833574244 1.9285949819229415 0.0002967544909041086 2.1268998254640635e-05 [-3226.002929688,-3527.908203125] -7.028817649404313 -6.767827595084418 21.908578221482767 19.896697470382378 18.715535478706215
148.38066060083045 -50.11683658588218 2.9375 17.359375 [148.38066060083045,-50.11683658588218] -24.982242487686687 0.9081732873884866 0.0005831703570528947 1.968216494931037e-05 [-3440.407226562,-1732.047363281] -6.069107381110795 -10.098671522640313 23.716428585706126 9.408609981350537 12.74868647435892
151.10580437592267 -48.57033550115585 3.078125 18.835938 [151.10580437592267,-48.57033550115585] 26.705798396113643 0.14915680648677146 0.00513796100111451 2.848017037446941e-05 [-306.09375,-4583.543945312] 1.1094799353065443 -6.856986546851012 26.584743312060578 37.10791881125465 7.172842250871554
151.1031493546628 -48.56478884634615 3.078125 18.835938 [151.1031493546628,-48.56478884634615] 18.66222740635467 1.2376714343645079 0.0006211764618612569 2.8571238162133208e-05 [-309.2900390625,-4593.506835938] 1.1094799353065443 -6.856986546851012 26.584743312060578 37.14883357878966 7.229687642964564
151.1036072433699 -48.57746147905016 3.078125 18.835938 [151.1036072433699,-48.57746147905016] 32.874143280112186 0.3714409750077199 0.0020308527994020256 2.803347654777735e-05 [-308.6669921875,-4570.720703125] 1.1094799353065443 -6.856986546851012 26.584743312060578 37.02883467630318 7.135756866126712
148.56933635285404 -50.57602702821035 3.171875 19.640625 [148.56933635285404,-50.57602702821035] -46.8442139502035 2.6559631907093952 0.00019023804345118367 1.8777082986030587e-05 [-3191.890625,-914.7138671875] -7.777630438924548 -17.868674943457904 27.99898765331931 6.001144948836554 8.176735560422458
146.97764579975254 -50.06354143324991 3.671875 24.664062 [146.97764579975254,-50.06354143324991] -121.22565060530219 2.7960391306016588 0.0002480175072623933 2.5771178942496245e-05 [-5062.01171875,-1746.789550781] 11.023046457855646 -7.660631704780042 25.14268085152573 3.07569008045175 21.53462802702211
147.97064237171207 -49.17767725951717 2.890625 16.882812 [147.97064237171207,-49.17767725951717] -65.59445004835678 1.3965263699935035 0.00043103296238926033 2.2370120686140522e-05 [-3989.163085938,-3399.712890625] -9.523881026394195 -9.538106655645183 23.021262452367285 16.189943113321533 22.315688144133446
150.61929336275148 -49.301273371516665 3.578125 23.773438 [150.61929336275148,-49.301273371516665] 105.00232827042306 0.042445419338519065 0.01219466293873229 1.9235759235840553e-05 [-872.6469726562,-3264.939453125] -15.310640049884713 -11.03925803437274 23.80719553911422 27.784324866782754 4.993033159031256
149.80155935073347 -50.146068565857725 3.5 23.039062 [149.80155935073347,-50.146068565857725] 57.17247720193643 2.1966880624056806 0.00022196758578662282 1.8120352905364134e-05 [-1800.631835938,-1730.070800781] -10.881578144481974 -16.84652122006102 25.257736074797236 15.874353330757913 3.912406914694202
150.0940853927406 -49.3236539227609 2.828125 16.257812 [150.0940853927406,-49.3236539227609] -40.52094338964137 0.7869182899345959 0.0006643820860857756 1.9429259848809817e-05 [-1488.333984375,-3216.247070312] -12.380177068746775 -10.688366149139963 22.969427705477873 25.091184213730912 8.11825792283571
147.33671587778986 -49.97836300247513 3.578125 23.84375 [147.33671587778986,-49.97836300247513] -109.08466170262363 1.4061052488749206 0.0004373836156299717 2.2855411394855133e-05 [-4656.479492188,-1923.547363281] 7.1955576738310025 -8.247325663385068 23.774755227139597 5.628625382495329 20.052353347998633
147.51000949562507 -50.23043833808576 3.21875 20.132812 [147.51000949562507,-50.23043833808576] -131.66220767646695 0.4845494985594688 0.001226004568223651 2.207694318803331e-05 [-4432.963867188,-1481.226074219] 8.708509192006899 -11.403274888716098 23.952779581744462 4.138445195259919 17.097554235717098
149.67796306955282 -48.99829881160454 2.96875 17.734375 [149.67796306955282,-48.99829881160454] -101.93540958616374 0.8567212630752173 0.0006962634650236423 2.2167762306546957e-05 [-1989.404296875,-3791.594726562] -8.474819804921571 -1.5659122225182784 23.053137655656684 26.201408501945707 13.101802374995714
149.6755065934276 -48.998184189427874 2.96875 17.734375 [149.6755065934276,-48.998184189427874] -102.3000834743789 0.8352129439542285 0.0007139370914642703 2.2159801463822855e-05 [-1992.30859375,-3791.734375] -8.474819804921571 -1.5659122225182784 23.053137655656684 26.190679043280625 13.118005727506215
149.6764676792332 -50.40562442433877 3.09375 18.96875 [149.6764676792332,-50.40562442433877] 34.06543875331033 0.08801780804950868 0.005523129201831094 1.8066101871599744e-05 [-1934.287109375,-1259.857910156] -6.61292852681691 -18.18024331593336 25.084507472329584 12.820520604509056 2.7717882249830836
149.6732635268819 -50.40062335161016 3.09375 18.96875 [149.6732635268819,-50.40062335161016] 47.40397333700702 0.16357831875457668 0.002995788168118565 1.8211492721333493e-05 [-1938.166015625,-1268.772460938] -6.61292852681691 -18.18024331593336 25.084507472329584 12.853107904882563 2.827934801714491
149.1721341892549 -50.25287243219382 2.953125 17.507812 [149.1721341892549,-50.25287243219382] -32.865721135060355 1.0670986806174279 0.0004691490005827994 1.8604760409855796e-05 [-2520.631835938,-1519.422851562] -4.035752064834652 -8.447818234564554 24.817784669571456 11.900152304457833 6.955731372557693
149.55255168445063 -48.676261637423366 2.875 16.820312 [149.55255168445063,-48.676261637423366] -98.70390911197818 0.06238508942762033 0.011320077008816366 2.6244535246963323e-05 [-2151.231445312,-4367.114257812] -13.818563933707237 -2.7354261870210372 24.994129829843267 28.651925846282438 16.260845120192243
149.55552697392542 -48.68055715552889 2.921875 17.234375 [149.55552697392542,-48.68055715552889] -100.47285543664083 0.10626743166906279 0.006599989331243886 2.606466341838192e-05 [-2147.513671875,-4359.478515625] -13.56635530037922 -2.5607556978173918 25.13852325799143 28.625629499149454 16.210449701191692
150.05033914689633 -50.23544316043155 3.140625 19.375 [150.05033914689633,-50.23544316043155] 4.15364593355159 1.00224063202765 0.0004888723892759398 1.8208585864716223e-05 [-1510.922851562,-1574.84765625] -10.043042535386565 -17.355918040676695 24.52236294803595 16.18378764104682 1.7378219868551241
150.17288240430213 -48.78283702700672 2.84375 16.414062 [150.17288240430213,-48.78283702700672] -19.026759323452104 2.2510603648378114 0.00028519603314339394 2.3858290647489658e-05 [-1411.189453125,-4190.502929688] -10.790217541370117 -7.862332440828027 24.33378309121189 30.62913264642134 11.570347179788314
149.02830485541628 -49.17325232805539 2.84375 16.460938 [149.02830485541628,-49.17325232805539] -34.00398051687506 1.2944852951103047 0.0004285672960167674 2.0616970593351496e-05 [-2746.442382812,-3456.078125] -5.86422635321054 -3.5496933997191817 22.389401245857815 21.40738822279468 15.84763860194198
147.91990664754584 -49.25952892614304 2.828125 16.25 [147.91990664754584,-49.25952892614304] -35.87593812187717 0.23289049975116716 0.0025234234257026683 2.183989803443334e-05 [-4042.055664062,-3249.846679688] -9.384305407279129 -9.506546363733493 22.422421294005368 15.176528369445577 22.00534350058888
148.81936622938673 -50.21896744568433 2.96875 17.609375 [148.81936622938673,-50.21896744568433] -55.5294384808922 1.4879782226461624 0.0003475865453892177 1.922065730110801e-05 [-2928.375,-1567.350585938] -6.390302157671987 -8.494941244566842 24.996516231052723 10.547204641070039 9.340478882609204
146.90220619255587 -49.68498988196029 3.140625 19.375 [146.90220619255587,-49.68498988196029] -67.85499801718032 0.38533873941495406 0.0018830237168062035 2.6965418538449094e-05 [-5189.450195312,-2421.557617188] 8.91131363762862 -8.606530421303999 25.54510446011499 6.192090169036646 24.895053016170323
146.88969439945552 -49.68690868294335 3.140625 19.375 [146.88969439945552,-49.68690868294335] -57.60557059132168 1.5257117375368332 0.00047606075390103756 2.6992528620694383e-05 [-5203.771484375,-2417.227539062] 8.91131363762862 -8.606530421303999 25.54510446011499 6.112175277545475 24.95496553516773
148.4317478071469 -49.37582381783091 2.84375 16.367188 [148.4317478071469,-49.37582381783091] -99.97672415107199 0.422087863753605 0.0012879645955653134 2.020298276226292e-05 [-3433.587890625,-3066.809570312] -3.9348716870730116 -7.911070933376816 21.785878776547477 16.60093914658296 18.00281008608863
147.31816065513277 -49.53027734125448 2.9375 17.3125 [147.31816065513277,-49.53027734125448] -79.46426448960813 1.4944031984388653 0.00042911357484770883 2.3831355491129304e-05 [-4721.3359375,-2727.5] -0.31894998638444627 -9.075168284352777 24.37913829015942 9.686125229212848 23.58892466978409
147.32278474950536 -49.53562940709218 2.9375 17.3125 [147.32278474950536,-49.53562940709218] -81.8713794102446 1.6530912637496065 0.000385586953946611 2.3687971144193317e-05 [-4715.430664062,-2718.180664062] -0.31894998638444627 -9.075168284352777 24.37913829015942 9.659491779645123 23.520163150165217
147.32730093015908 -49.54970172203486 2.9375 17.3125 [147.32730093015908,-49.54970172203486] -73.59934153763022 2.92831380232812 0.00021670612633186974 2.358291614557351e-05 [-4708.811523438,-2693.186523438] -0.31894998638444627 -9.075168284352777 24.37913829015942 9.551581077592346 23.385372769161677
147.32029707542767 -49.53864645935585 2.9375 17.3125 [147.32029707542767,-49.53864645935585] -82.45557165105731 0.9529873570535815 0.0006711564548242173 2.3769476316814115e-05 [-4718.038085938,-2712.600585938] -0.31894998638444627 -9.075168284352777 24.37913829015942 9.61923471635373 23.512059942146152
147.6046602534221 -49.414688289267104 2.984375 17.835938 [147.6046602534221,-49.414688289267104] -59.28639512535063 0.5269259366068286 0.001144690195208803 2.2415387046266054e-05 [-4397.767578125,-2952.94140625] -7.002251226850495 -10.194242769667904 22.74185245770851 12.176053267700809 22.741726755328727
148.8758545819743 -50.57651893019466 3.15625 19.546875 [148.8758545819743,-50.57651893019466] -13.153186736166607 1.4959530413306037 0.0003319493970100742 1.8454341298410056e-05 [-2841.853515625,-926.3969726562] -7.052817294986624 -14.647738271669429 28.210478006172636 7.446264405680722 6.33893773500904
148.16728214208345 -48.810874702859714 2.96875 17.742188 [148.16728214208345,-48.810874702859714] -41.004666103062526 2.7672133472799283 0.0002455278833525261 2.5249464205643497e-05 [-3785.943359375,-4069.250976562] -9.268201365648139 -6.2299125012060195 23.362990479224063 20.58651675873648 23.88212312296946
149.078643536863 -50.859111789875726 3.34375 21.445312 [149.078643536863,-50.859111789875726] -0.962480238827092 3.1052030259566075 0.00016519104944066472 1.9062735241166372e-05 [-2594.551757812,-425.5] -1.719495436919967 -16.34857947689437 27.96566180543708 5.731553383302753 3.0277055336327976
