data_processed/hvc_rms/hvc_rms_index_12.ecsv
# %ECSV 1.0
# ---
# datatype:
# - {name: ra_dec_obj.ra, unit: deg, datatype: float64}
# - {name: ra_dec_obj.dec, unit: deg, datatype: float64}
# - {name: 'H-alpha flux [Error]', unit: R, datatype: float32}
# - {name: H-alpha flux, unit: R, datatype: float32}
# - {name: ra_dec_deg, datatype: string, subtype: 'float64[2]'}
# - {name: RM, unit: rad / m2, datatype: float64}
# - {name: RM_uncert, unit: rad / m2, datatype: float64}
# - {name: pol_int, datatype: float64}
# - {name: pol_int_uncert, datatype: float64}
# - {name: ra_dec_pix_offsets, datatype: string, subtype: 'float64[2]'}
# - {name: interpolation_raw, unit: rad / m2, datatype: float64}
# - {name: interpolation_cor, unit: rad / m2, datatype: float64}
# - {name: interpolation_unc, unit: rad / m2, datatype: float64}
# - {name: pixel location x, datatype: float64}
# - {name: pixel location y, datatype: float64}
# meta: !!omap
# - __serialized_columns__:
#     ra_dec_obj:
#       __class__: astropy.coordinates.sky_coordinate.SkyCoord
#       dec: !astropy.table.SerializedColumn
#         __class__: astropy.coordinates.angles.Latitude
#         unit: &id001 !astropy.units.Unit {unit: deg}
#         value: !astropy.table.SerializedColumn {name: ra_dec_obj.dec}
#       frame: icrs
#       ra: !astropy.table.SerializedColumn
#         __class__: astropy.coordinates.angles.Longitude
#         unit: *id001
#         value: !astropy.table.SerializedColumn {name: ra_dec_obj.ra}
#         wrap_angle: !astropy.coordinates.Angle
#           unit: *id001
#           value: 360.0
#       representation_type: spherical
# schema: astropy-2.0
ra_dec_obj.ra ra_dec_obj.dec "H-alpha flux [Error]" "H-alpha flux" ra_dec_deg RM RM_uncert pol_int pol_int_uncert ra_dec_pix_offsets interpolation_raw interpolation_cor interpolation_unc "pixel location x" "pixel location y"
[from data line 847]
53.4995307542421 -55.22227092887337 1.234375 0.3609619 [53.4995307542421,-55.22227092887337] 21.916388768841433 2.3732320132008327 0.00020551736347942945 1.8125809906990178e-05 [4104.0234375,-785.2221679688] 21.955397748420456 18.923987261309755 6.448114394275853 43.704101876387995 97.94184188343479
53.304874501731135 -56.868507374887415 1.265625 0.6430664 [53.304874501731135,-56.868507374887415] 17.22095598737155 0.3307452891439267 0.001474521406044566 1.8123974900158037e-05 [3741.53125,2162.139404297] 20.932923130073792 23.169802431839422 6.159380675660496 51.79389163608482 70.33953822150579
44.92504921902625 -56.85954666430496 1.234375 0.34106445 [44.92504921902625,-56.85954666430496] 18.230321749379307 2.2492441720116214 0.00024368554260905206 2.0369251530851307e-05 [-4496.188476562,2191.7890625] 18.854483934673016 20.788050047013556 5.839314098468199 6.118524508273708 22.13029475510325
48.18047312425911 -53.92005525827394 1.25 0.46520996 [48.18047312425911,-53.92005525827394] 28.937872487574595 2.478778345254747 0.0001833003831982628 1.6885338428625353e-05 [-1397.633300781,-3233.760742188] 19.496234023220886 21.381247647329587 6.624206703716652 3.80659624187399 90.74520512546405
48.17400379898513 -53.9124106751293 1.2578125 0.5944824 [48.17400379898513,-53.9124106751293] 24.64441271880914 2.9455144241985742 0.00015499919537926847 1.6966775002859905e-05 [-1404.746582031,-3247.380859375] 19.5295699175944 21.40231583056351 6.662611519055699 3.7194490248438115 90.8343854664156
51.34761822825622 -56.59552005503583 1.3046875 1.0849609 [51.34761822825622,-56.59552005503583] 41.29567645677641 0.21229456015871695 0.002033632217284882 1.6044270764432737e-05 [1831.640625,1592.562011719] 23.41884441243665 22.139850891185382 5.678087641526832 38.98820578095001 64.86794187182909
51.351341181265475 -56.59299457394114 1.3046875 1.0849609 [51.351341181265475,-56.59299457394114] 45.405570060095364 0.5228096315860494 0.0008249156771684287 1.602735440238393e-05 [1835.450683594,1588.116699219] 23.41884441243665 22.139850891185382 5.678087641526832 38.99380114571943 64.92783009144591
51.38045890896816 -56.58259588849835 1.3046875 1.0849609 [51.38045890896816,-56.58259588849835] 43.04522454371666 0.6810636908946904 0.0006302488399292424 1.59517555508191e-05 [1864.805175781,1570.184570312] 23.41884441243665 22.139850891185382 5.678087641526832 39.09519228398335 65.24670986433284
51.390907299736874 -56.587009448667835 1.3046875 1.0849609 [51.390907299736874,-56.587009448667835] 41.833103232604294 0.5674387703200212 0.0007599239585874694 1.6024992902937337e-05 [1874.938476562,1578.406738281] 23.41884441243665 22.139850891185382 5.678087641526832 39.18161499851169 65.23092509808998
51.36478421682226 -56.586059543671745 1.3046875 1.0849609 [51.36478421682226,-56.586059543671745] 30.670169816607537 2.7976862629833494 0.00015427983112628434 1.6040461839036306e-05 [1849.10546875,1575.996582031] 23.41884441243665 22.139850891185382 5.678087641526832 39.02747370904967 65.10917122801243
51.38307969997583 -56.58154682928958 1.296875 0.9453125 [51.38307969997583,-56.58154682928958] 47.861697706960605 2.3945535652110346 0.00017906965513516066 1.59351170122346e-05 [1867.453613281,1568.367675781] 23.264056780720047 21.966880720703806 5.689384892154211 39.103633889126854 65.27721226014296
49.44240556044649 -55.1121024361549 1.2421875 0.41394043 [49.44240556044649,-55.1121024361549] 29.88531740080799 0.04503018847629803 0.009785400237873184 1.6375367735498297e-05 [-58.29638671875,-1101.876464844] 20.35106304488014 20.257657542786525 5.246450372832656 18.793845486508303 78.4147810370846
49.42806607822594 -55.10527037480028 1.2265625 0.24414062 [49.42806607822594,-55.10527037480028] 43.20038180680395 0.028286525013264077 0.015623355844460113 1.6423383175952727e-05 [-73.072265625,-1114.159667969] 20.2009327078996 20.39522825236962 5.3204815451114476 18.667072589782492 78.44435388324268
49.4391019766415 -55.109821230137314 1.2421875 0.41394043 [49.4391019766415,-55.109821230137314] 11.573767096314405 0.164450707779763 0.002682473049253958 1.6393806981721813e-05 [-61.701171875,-1105.979492188] 20.35106304488014 20.257657542786525 5.246450372832656 18.760202612837247 78.43322291976642
48.55940651641172 -56.610832240888946 1.2734375 0.6994629 [48.55940651641172,-56.610832240888946] 51.40750376143206 0.9314555950795046 0.00046568300482283126 1.6119859326239628e-05 [-930.6923828125,1602.047607422] 21.128283966461137 20.507075443712452 6.095817361622331 23.55392720696068 49.07795123408732
46.68004209282394 -57.184902128293956 1.2890625 0.8894043 [46.68004209282394,-57.184902128293956] 16.11345051197045 3.2650807968862305 0.000143674210884395 1.7433374366281536e-05 [-2748.68359375,2684.759765625] 22.161056577368296 21.967110665691948 6.736349300720768 17.553332611481892 28.618161867802883
49.64726652846283 -55.54316720942024 1.265625 0.6208496 [49.64726652846283,-55.54316720942024] 40.186224758708796 1.9797241316236425 0.0002203288240986689 1.6210062774236698e-05 [150.9780273438,-325.845703125] 20.919416264789405 18.821327735876807 5.862855129922081 22.69774567777688 72.53714277289123
49.64278030348695 -55.53921497016433 1.265625 0.6208496 [49.64278030348695,-55.53921497016433] 39.790156227513314 2.5472999821427993 0.00017209745741705504 1.6291581666534746e-05 [146.423828125,-332.9692382812] 20.919416264789405 18.821327735876807 5.862855129922081 22.646889902255225 72.57592949590207
53.152675673596896 -56.79357521884732 1.25 0.46362305 [53.152675673596896,-56.79357521884732] -3.6371752895282787 1.028636643977285 0.0004690145031836539 1.7929037150996872e-05 [3599.305908203,2019.429443359] 21.240646855872335 23.09692127022402 6.336328045254883 50.48458171953189 70.80199279681324
53.1523437006499 -56.79245373381924 1.25 0.46362305 [53.1523437006499,-56.79245373381924] -2.700017003105393 0.9477834003112515 0.0005086230325143905 1.7914876729115588e-05 [3599.086914062,2017.396728516] 21.240646855872335 23.09692127022402 6.336328045254883 50.476160184527316 70.81829473759763
48.039596446563245 -53.74483473260219 1.2421875 0.44726562 [48.039596446563245,-53.74483473260219] 31.83376994421912 2.00570890244833 0.00023753368939917358 1.770524006074109e-05 [-1553.4140625,-3545.923828125] 19.20109791050697 21.162351254024777 6.571705489901016 1.8521889558686553 92.83750772853591
47.803367819271955 -54.113632235782575 1.2109375 0.1000061 [47.803367819271955,-54.113632235782575] 29.577391965027896 2.7527354449747214 0.00016412179591580436 1.678956479166493e-05 [-1788.89453125,-2876.885742188] 19.16573139551786 20.982835047881156 6.771847812132656 2.7876358307307783 85.15300005646122
49.35602560026242 -54.489677510759414 1.2578125 0.5476074 [49.35602560026242,-54.489677510759414] 40.51594717536133 0.25488897597444465 0.001712013271754615 1.6216864304233207e-05 [-149.529296875,-2221.958496094] 19.555207767853496 20.96396902143302 5.581325925168955 14.408911229262685 88.21826375484716
49.35252008015518 -54.483482263335226 1.234375 0.35803223 [49.35252008015518,-54.483482263335226] 30.26435575083628 0.1406562182897586 0.0031148854671647053 1.6282073930200745e-05 [-153.2177734375,-2233.099609375] 19.52771374788648 20.941724842134583 5.546700902249251 14.349714879397993 88.30118737181942
49.35122698847415 -54.48056031389894 1.234375 0.35803223 [49.35122698847415,-54.48056031389894] 32.00980677542678 0.19394494951279265 0.0022550209409738665 1.6253157995437475e-05 [-154.5810546875,-2238.354980469] 19.52771374788648 20.941724842134583 5.546700902249251 14.32394896291396 88.34239455730744
49.354606652838235 -54.489585979958804 1.2578125 0.5476074 [49.354606652838235,-54.489585979958804] 41.81519338031199 0.31159017950582607 0.001402514438035263 1.624051531285193e-05 [-151.0131835938,-2222.120117188] 19.555207767853496 20.96396902143302 5.581325925168955 14.399864840637633 88.2115472733733
44.31522355953993 -57.722522753031335 1.2578125 0.5930176 [44.31522355953993,-57.722522753031335] 34.616560806235746 1.6391670557883744 0.00038312909894701574 2.3338721325166826e-05 [-4975.995117188,3782.315185547] 22.03345843624447 21.517599649741772 6.195204232050486 9.708923458725963 4.932309148949344
46.82340606527223 -57.27709573613979 1.296875 0.97802734 [46.82340606527223,-57.27709573613979] 27.647481986318674 0.045890946731844115 0.01024291088186016 1.7468640796651736e-05 [-2602.48046875,2844.984130859] 23.585355321594946 22.54582221769261 6.822831910841364 18.96296116499377 28.09954770056561
46.816821743598474 -57.2729682359459 1.296875 0.97802734 [46.816821743598474,-57.2729682359459] 26.465035189349738 0.3570543235471625 0.0013192666821239324 1.7505543298533955e-05 [-2609.172851562,2837.810546875] 23.585355321594946 22.54582221769261 6.822831910841364 18.899042589311534 28.121818176563693
54.43641285060172 -57.06902312984607 1.2109375 0.1000061 [54.43641285060172,-57.06902312984607] 12.15563612888554 2.512364124156893 0.00024053883537172765 2.2458279902227397e-05 [4825.458984375,2592.157958984] 23.157958630052118 24.783599492612662 6.525777769446207 59.451367375102905 72.43636859235494
48.58197799547087 -57.454208338783836 1.3359375 1.3408203 [48.58197799547087,-57.454208338783836] 42.53309620615072 0.9959377243608427 0.00045604534983080693 1.687908568571883e-05 [-887.9306640625,3119.280761719] 22.41415381613807 21.24949319570742 7.0730696520769305 29.419602918242504 36.00524353968808
53.42948524613876 -57.200859014521875 1.28125 0.80322266 [53.42948524613876,-57.200859014521875] 19.857383607177788 0.2746378513631815 0.0018346241847092878 1.8724757851960117e-05 [3829.449951172,2766.072509766] 21.49081000957033 24.545766656703677 6.657443926486217 54.43566167961217 65.65169795150882
53.42710882018147 -57.19466784835255 1.28125 0.80322266 [53.42710882018147,-57.19466784835255] 23.862552651987915 0.2323236213810207 0.0021733810945298825 1.876454148606476e-05 [3827.779785156,2754.819091797] 21.49081000957033 24.545766656703677 6.657443926486217 54.386101688322924 65.73850394892065
45.099552537660394 -56.78443529495315 1.25 0.53344727 [45.099552537660394,-56.78443529495315] 22.643363973080504 1.6611051677337976 0.0003199931795876463 1.975361359850718e-05 [-4333.677734375,2045.786132812] 19.553560346840044 20.615779676074155 5.76100605573881 6.446260220717932 24.46711446636209
45.34420047485899 -56.61569590967315 1.2265625 0.24468994 [45.34420047485899,-56.61569590967315] 29.921005346899612 1.3683465277696207 0.00037323603939814836 1.8979657450540836e-05 [-4111.518554688,1727.780761719] 19.840195699896316 20.218673739979756 5.9036734751399615 6.450350228219918 28.722903234653813
45.34862519474007 -56.6164779084897 1.2265625 0.24468994 [45.34862519474007,-56.6164779084897] 25.257441642359417 3.2328345382325034 0.00015697450430274113 1.885911465126584e-05 [-4107.0625,1728.923339844] 19.840195699896316 20.218673739979756 5.9036734751399615 6.479116130645025 28.74047316804831
51.21167730566681 -57.99132157192691 1.3046875 1.0200195 [51.21167730566681,-57.99132157192691] -1.8882446627655196 1.266628241010783 0.00042753694973761517 2.0124797751536534e-05 [1633.844238281,4099.764526367] 25.352657105402542 25.560237979650516 6.56320781113441 47.01506590064457 42.18998126889505
49.62678919530984 -56.76387780253704 1.265625 0.63012695 [49.62678919530984,-56.76387780253704] 48.799463158578206 2.688324422001848 0.00016130214286755838 1.6115007705372223e-05 [126.0854492188,1871.285400391] 24.379544654498044 21.069828244162913 6.534984806775908 30.42938816060291 52.819897775257004
49.65536113442822 -56.76565938906396 1.265625 0.63012695 [49.65536113442822,-56.76565938906396] 54.037418772971215 2.6125143385304814 0.00016683073728561486 1.6197330913749033e-05 [154.2661132812,1874.549072266] 24.379544654498044 21.069828244162913 6.534984806775908 30.59860514236493 52.952808082755155
52.5550765184509 -57.63040541810044 1.2890625 0.9123535 [52.5550765184509,-57.63040541810044] 31.782084392892173 2.7607446820195487 0.0001840664652959447 1.888467955486089e-05 [2943.726074219,3495.236816406] 24.585046321443844 24.478426540340923 6.963062603114585 52.08652514153994 54.6351383570011
50.65738273353972 -55.80424111561241 1.265625 0.6586914 [50.65738273353972,-55.80424111561241] 40.89796084942954 2.8203032220497906 0.00015116071023477503 1.58432191840972e-05 [1171.774902344,153.69921875] 23.67010521682989 20.231086267227695 5.982860627166454 30.16603220607942 73.91872143239084
44.71295127912187 -58.000164021251976 1.234375 0.36889648 [44.71295127912187,-58.000164021251976] 1.440326613065914 0.5971045549265828 0.0011243979729627432 2.4950493573817624e-05 [-4559.817382812,4253.045043945] 22.08576867416422 22.172778915743336 6.87761895097077 13.803325000743598 3.4924113595550352
44.713432619915764 -57.99861144758662 1.234375 0.36889648 [44.713432619915764,-57.99861144758662] 1.5738684189507186 0.6700519603839131 0.001001466308223902 2.4937535338655338e-05 [-4559.557617188,4250.227783203] 22.08576867416422 22.172778915743336 6.87761895097077 13.793586903389382 3.5186458341722755
48.20607372141431 -54.097942474846825 1.265625 0.66674805 [48.20607372141431,-54.097942474846825] 28.963325735930827 1.567552436812563 0.00028398065327172895 1.6543200547293145e-05 [-1364.65234375,-2914.2734375] 19.20779860618236 20.999935140206304 6.530214242343653 5.0857457086762 87.90858095494877
46.404239259688424 -55.21889880273624 1.2734375 0.73583984 [46.404239259688424,-55.21889880273624] 32.549732027189165 2.572230051850978 0.00017797398520968992 1.7012770220839323e-05 [-3176.170898438,-838.7319335938] 19.836128681149205 21.15263246581548 5.9535202431120835 2.123922159727499 57.93823067238782
53.48761364471852 -54.933387818073896 1.2265625 0.23504639 [53.48761364471852,-54.933387818073896] 28.814337289581267 2.553129427490607 0.00019189824374504577 1.8207592903075283e-05 [4121.466796875,-1305.029296875] 21.55041562764668 18.01834219870638 6.4326528939182825 42.06812452748352 102.65042635487953
50.667156041702135 -57.6342849998789 1.28125 0.80371094 [50.667156041702135,-57.6342849998789] 47.34657514709703 1.3682420161631694 0.000350220063580632 1.780789754576152e-05 [1125.568847656,3446.835693359] 24.915978279137 24.391721029099394 5.892502843445872 41.77678047054019 44.86469623544917
48.74285866800335 -53.88161083936339 1.25 0.46826172 [48.74285866800335,-53.88161083936339] 15.487499030186893 1.4968349248827912 0.00029667757208569416 1.650316824403835e-05 [-802.3188476562,-3311.848632812] 19.534977593800107 21.940971384405195 6.215452414621717 6.960854191763133 94.80596636186033
48.74188246230838 -53.883186404699934 1.25 0.46826172 [48.74188246230838,-53.883186404699934] 13.654269119143361 1.6186072435210124 0.00027522814616430877 1.6555527677301946e-05 [-803.32421875,-3309.002929688] 19.534977593800107 21.940971384405195 6.215452414621717 6.9646809813109485 94.77350289256356
48.744365627754945 -53.88254554614714 1.25 0.46826172 [48.744365627754945,-53.88254554614714] 8.782593909126062 1.7769345406491992 0.00025021306816105866 1.6523046341413424e-05 [-800.7021484375,-3310.184570312] 19.534977593800107 21.940971384405195 6.215452414621717 6.975769422809776 94.79919973548635
48.76834506372309 -53.97011972904398 1.2890625 0.86621094 [48.76834506372309,-53.97011972904398] 33.29556798729533 1.2767773301886816 0.00034526137628550593 1.6382186415091368e-05 [-773.6352539062,-3152.91015625] 19.467223201499273 21.71052667777681 6.218846272386982 7.663032650100035 93.46473169600017
46.66315803480946 -55.84566867269973 1.296875 1.0048828 [46.66315803480946,-55.84566867269973] -65.29748198736667 1.6210108864687633 0.0002795783742136123 1.6842176323997987e-05 [-2864.63671875,277.1313476562] 18.077202089786397 19.489041726521304 6.130900985267471 7.92695182664113 49.532815639546925
