data_processed/hvc_rms/hvc_rms_index_20_with_B.ecsv
# %ECSV 1.0
# ---
# datatype:
# - {name: ra_dec_obj.ra, unit: deg, datatype: float64}
# - {name: ra_dec_obj.dec, unit: deg, datatype: float64}
# - {name: 'H-alpha flux [Error]', unit: R, datatype: float32}
# - {name: H-alpha flux, unit: R, datatype: float32}
# - {name: ra_dec_deg, datatype: string, subtype: 'float64[2]'}
# - {name: RM, unit: rad / m2, datatype: float64}
# - {name: RM_uncert, unit: rad / m2, datatype: float64}
# - {name: pol_int, datatype: float64}
# - {name: pol_int_uncert, datatype: float64}
# - {name: ra_dec_pix_offsets, datatype: string, subtype: 'float64[2]'}
# - {name: interpolation_raw, unit: rad / m2, datatype: float64}
# - {name: interpolation_cor, unit: rad / m2, datatype: float64}
# - {name: interpolation_unc, unit: rad / m2, datatype: float64}
# - {name: pixel location x, datatype: float64}
# - {name: pixel location y, datatype: float64}
# - {name: 'B_virtual [raw]', unit: G, datatype: float64}
# - {name: 'B_virtual_unc [raw]', unit: G, datatype: float64}
# - {name: 'B_virtual [int]', unit: G, datatype: float64}
# - {name: 'B_virtual_unc [int]', unit: G, datatype: float64}
# - {name: 'B_virtual [cor]', unit: G, datatype: float64}
# - {name: 'B_virtual_unc [cor]', unit: G, datatype: float64}
# meta: !!omap
# - __serialized_columns__:
#     ra_dec_obj:
#       __class__: astropy.coordinates.sky_coordinate.SkyCoord
#       dec: !astropy.table.SerializedColumn
#         __class__: astropy.coordinates.angles.Latitude
#         unit: &id001 !astropy.units.Unit {unit: deg}
#         value: !astropy.table.SerializedColumn {name: ra_dec_obj.dec}
#       frame: icrs
#       ra: !astropy.table.SerializedColumn
#         __class__: astropy.coordinates.angles.Longitude
#         unit: *id001
#         value: !astropy.table.SerializedColumn {name: ra_dec_obj.ra}
#         wrap_angle: !astropy.coordinates.Angle
#           unit: *id001
#           value: 360.0
#       representation_type: spherical
# schema: astropy-2.0
ra_dec_obj.ra ra_dec_obj.dec "H-alpha flux [Error]" "H-alpha flux" ra_dec_deg RM RM_uncert pol_int pol_int_uncert ra_dec_pix_offsets interpolation_raw interpolation_cor interpolation_unc "pixel location x" "pixel location y" "B_virtual [raw]" "B_virtual_unc [raw]" "B_virtual [int]" "B_virtual_unc [int]" "B_virtual [cor]" "B_virtual_unc [cor]"
[from data line 258]
177.1526794614807 -64.01881415725379 5.5 42.859375 [177.1526794614807,-64.01881415725379] 500.2332309355877 2.217046822219555 0.00023666848442862825 1.9499523460884194e-05 [2333.345214844,-1537.098632812] 183.26093753095716 258.62207049454054 85.97396693680517 21.22179501066921 36.597334802925616 2.018358259990677e-05 2.2504823469821813e-06 1.278930720745746e-05 3.7575750327816673e-06 9.748610272653262e-06 3.6444659181638685e-06
180.88238529161728 -66.14876552974529 4.4375 32.34375 [180.88238529161728,-66.14876552974529] 215.4717219464822 1.5076972510627635 0.00044125575831433547 2.47236867293652e-05 [4858.444091797,2499.078613281] 33.08770700704683 46.36038289037875 31.501824739959535 0.27921118891231345 12.702336392937013 1.000791782747413e-05 1.1803482848030143e-06 8.471108032505714e-06 1.7805514777347157e-06 7.854638045673402e-06 1.7439843634477286e-06
175.14849828595885 -62.98921181589394 47.25 460.125 [175.14849828595885,-62.98921181589394] -643.3116247513659 0.34395380552572447 0.0017754892019849438 2.2694826002567407e-05 [781.6196289062,-3438.46875] 313.8158052568149 252.040271593098 175.75400674981964 30.417562563144656 50.13653305697494 -7.921950387295208e-06 8.253656891604143e-07 -1.1786381161345671e-05 2.486580329805837e-06 -1.1025656974180871e-05 2.4488298918386688e-06
181.20638985080438 -65.14666741720094 5.09375 38.875 [181.20638985080438,-65.14666741720094] 616.5730719984241 1.709344184393991 0.0004379887641637022 2.7822822908326722e-05 [-3475.366210938,564.86328125] 75.41544347810786 135.55007335559998 44.11779904012269 12.394967974933252 13.321888274307867 2.6121492453729538e-05 2.923825198956665e-06 2.2926471413769014e-05 3.1780874268341217e-06 2.0378831317419258e-05 2.9551750861979615e-06
181.20353657679857 -65.14739222401352 5.09375 38.875 [181.20353657679857,-65.14739222401352] 614.9764218022771 3.3047517490159652 0.00022594343340642204 2.7748995610086754e-05 [-3477.422851562,566.3212890625] 75.41544347810786 135.55007335559998 44.11779904012269 12.383822214894735 13.334492417889578 2.6053849399006568e-05 2.918797030951423e-06 2.285882835904604e-05 3.174305973258224e-06 2.0311188262696288e-05 2.9518315653528734e-06
183.19027659203292 -66.06870269781992 5.5625 43.640625 [183.19027659203292,-66.06870269781992] 565.1554539127515 1.6904859088805055 0.0003671711851692136 2.3066879640142457e-05 [-1908.544921875,2137.424804688] 47.97513919220339 54.58321411066903 33.247807773009654 3.1043373305931254 1.7841128127151933 2.2598055783691393e-05 2.5086863680868284e-06 2.0679743106728105e-05 2.65541635297519e-06 2.041551554845818e-05 2.630433267744107e-06
182.43107663288794 -64.52117922642088 5.46875 42.6875 [182.43107663288794,-64.52117922642088] 551.6892953532858 2.94822539954233 0.0001986673470787643 2.1766864762514195e-05 [-2611.10546875,-617.7568359375] 148.5261688332452 238.10864287286816 75.98724839693745 20.856521579478795 8.440288225686345 2.2304517402027837e-05 2.4829923238443068e-06 1.6299679995718876e-05 3.574126159923295e-06 1.2677906167655104e-05 3.3902295891153145e-06
180.2930906363903 -66.03966515388309 4.40625 32.171875 [180.2930906363903,-66.03966515388309] 230.581742576988 0.35318529040954527 0.002507330839364381 3.290962648314399e-05 [-4022.979492188,2221.145263672] 31.20508924445448 45.85127530242597 30.307904154933375 1.0214604052032428 15.770545915606817 1.0738295846014276e-05 1.2575018197312437e-06 9.285060752622835e-06 1.7892325103866076e-06 8.6029812560046e-06 1.7450809627708872e-06
182.67736847454466 -64.94461817112341 5.5625 43.65625 [182.67736847454466,-64.94461817112341] 413.0726145291536 2.291710847178353 0.0002584077639156235 2.2007670822640222e-05 [-2383.080078125,133.6997070312] 101.5500772298594 175.41408665576168 51.8117588728756 16.041174813679845 6.3837456984224445 1.6513982644057092e-05 1.844594488784755e-06 1.2454172930483846e-05 2.502618293020485e-06 9.501207938916412e-06 2.339830644402172e-06
179.8357854497674 -65.90019239162112 4.59375 33.828125 [179.8357854497674,-65.90019239162112] 254.94224464369063 2.984545631742746 0.00031022060979686924 3.4407852967917114e-05 [-4379.436523438,2001.551757812] 35.8392534612792 57.19375990707935 31.80652254826024 2.220829070097352 18.296754501549458 1.1578478034757783e-05 1.3503273758937795e-06 9.950799540110905e-06 1.8613554845932148e-06 8.980961512006333e-06 1.7975749538153914e-06
183.70474300537307 -63.15384304969906 5.6875 44.796875 [183.70474300537307,-63.15384304969906] 1.6695058250038035 2.5075801524789134 0.00026950610446730615 2.5114939340291464e-05 [-1707.0390625,-3119.802734375] 468.7334132191551 313.5197243215943 241.0522686576595 38.09484881611115 4.262123743041002 6.588896921765487e-08 2.935437220988079e-07 -1.843321476096121e-05 9.732035351812948e-06 -1.230752785603128e-05 9.613967178277487e-06
183.22158759603096 -65.64615623970433 5.78125 45.9375 [183.22158759603096,-65.64615623970433] 446.5661298570213 1.5150865109852818 0.00039708368242144835 2.235775411205963e-05 [-1917.0078125,1376.6484375] 65.78449884007614 88.69001707497307 38.272014573445475 8.140892644791393 2.3911449721597364 1.74040666020414e-05 1.931521998587518e-06 1.4840240725768219e-05 2.226799206221033e-06 1.3947541664506997e-05 2.1560885253955235e-06
180.58215350718342 -64.2865753381 4.6875 34.828125 [180.58215350718342,-64.2865753381] 775.2254754068385 2.6739039479142623 0.00025014240993660524 2.4856606392479026e-05 [-4073.348632812,-941.392578125] 155.5152835542765 235.09957654519184 80.2367131598922 21.947670154414936 18.376194207253548 3.469857367581013e-05 3.913718358484086e-06 2.7737813619143184e-05 4.767230226043593e-06 2.4175673904457823e-05 4.515658010889309e-06
183.28192102150405 -63.78406908077097 5.71875 45.09375 [183.28192102150405,-63.78406908077097] 27.13397803855422 0.12207292460381196 0.00511087646227158 2.318587211588824e-05 [-2005.75390625,-1974.086914062] 294.1924785866481 293.8959902780073 146.01395652664382 30.283640080118175 5.409242915987534 1.0673428053485959e-06 2.994162791584718e-07 -1.0505019527994724e-05 5.865362157212117e-06 -1.0493356856835776e-05 5.8651091117261695e-06
183.28652975511005 -63.7868612764548 5.71875 45.09375 [183.28652975511005,-63.7868612764548] -0.7528342961830945 0.1542604838522718 0.004070398611473156 2.3334598562153307e-05 [-2001.89453125,-1969.211914062] 294.1924785866481 293.8959902780073 146.01395652664382 30.25412063404565 5.380114044906577 -2.9613507776448188e-08 2.754383153338844e-07 -1.1601975841119768e-05 5.890366769867996e-06 -1.159031316996082e-05 5.890088471999956e-06
183.28714034632387 -63.785407922440925 5.71875 45.09375 [183.28714034632387,-63.785407922440925] 1.7612282935445498 0.19506613674995843 0.003215290123628665 2.3308308230623684e-05 [-2001.512695312,-1971.844726562] 294.1924785866481 293.8959902780073 146.01395652664382 30.271847851159237 5.3794948229010515 6.927971803545114e-08 2.755646353562739e-07 -1.150308261530787e-05 5.8880172874259025e-06 -1.149141994414892e-05 5.887741252862319e-06
179.8710021633683 -64.08164991358122 4.6875 34.765625 [179.8710021633683,-64.08164991358122] 1012.734591664628 0.1875953094656524 0.003886229756480941 2.709312815412737e-05 [-4660.435546875,-1259.713378906] 198.05385874694693 265.50687802998516 90.8286610910876 23.635927658242053 22.50237660173184 4.5370049995388635e-05 5.111473367290222e-06 3.6497327026225666e-05 5.787877276230028e-06 3.3475462381332794e-05 5.552097338635252e-06
179.86840787698532 -64.08342746707092 4.6875 34.765625 [179.86840787698532,-64.08342746707092] 1012.7469596105615 0.3980330860369078 0.0018298046134719369 2.7066530844819285e-05 [-4662.16796875,-1256.336914062] 198.05385874694693 265.50687802998516 90.8286610910876 23.612305274890105 22.51144323045355 4.537060407375226e-05 5.111559749814263e-06 3.6497881104589294e-05 5.787942823403498e-06 3.347601645969643e-05 5.55216185607565e-06
180.8831637727231 -66.14911652105882 4.4375 32.34375 [180.8831637727231,-66.14911652105882] 211.10970309063023 1.2470152035632762 0.0006874541011274042 3.185841452251864e-05 [-3577.975585938,2381.986572266] 33.08770700704683 46.36038289037875 31.501824739959535 0.2757711727590504 12.697835166134155 9.805317106243054e-06 1.1576994771255047e-06 8.26850731127464e-06 1.7678755567621574e-06 7.652037324442325e-06 1.7319644063617114e-06
183.37271069114985 -65.68487541014464 5.8125 46.265625 [183.37271069114985,-65.68487541014464] 260.554452468369 1.159665993413392 0.0005088482486525137 2.1929559555179053e-05 [-1802.245117188,1441.837402344] 65.98801258297026 88.34969015441109 38.28117870249482 7.792024076336247 1.5821484311613858 1.0118541482564315e-05 1.1442234867205102e-06 7.555919979276747e-06 1.724453273673645e-06 6.68751201317676e-06 1.6806967889074673e-06
180.47055109561092 -65.07800295463475 4.34375 31.359375 [180.47055109561092,-65.07800295463475] 702.2949420175086 2.2226569062379604 0.000751738603344995 6.209376378705036e-05 [-4040.384765625,485.365234375] 78.63764523438927 149.0656789999899 42.30657258425421 12.5150501317014 17.130540402621364 3.3127180614928324e-05 3.7779481656797884e-06 2.9417850928844205e-05 3.906825059579704e-06 2.609576777642253e-05 3.5895511225696913e-06
180.46611031295714 -65.07964314593954 4.34375 31.359375 [180.46611031295714,-65.07964314593954] 683.668675458367 2.2144699282912716 0.0007559803684780624 6.221412651556145e-05 [-4043.489257812,488.5908203125] 78.63764523438927 149.0656789999899 42.30657258425421 12.491437798028755 17.14883813974143 3.224858152561423e-05 3.6785923602879815e-06 2.8539251839530108e-05 3.821844050439947e-06 2.521716868710843e-05 3.5076162710529437e-06
180.47184775762472 -65.07723241719457 4.34375 31.359375 [180.47184775762472,-65.07723241719457] 697.0022324636424 2.2508748401522434 0.000740563952075581 6.194733367176495e-05 [-4039.522460938,483.900390625] 78.63764523438927 149.0656789999899 42.30657258425421 12.525379404918112 17.125866714338827 3.287752404637951e-05 3.749754157189911e-06 2.9168194360295385e-05 3.882644972601743e-06 2.5846111207873713e-05 3.5662192283362824e-06
182.93478345372702 -65.09312445663126 5.75 45.375 [182.93478345372702,-65.09312445663126] 339.3233461241747 2.847893867604228 0.00020692901089189628 2.1900492703966033e-05 [-2174.985351562,391.43359375] 81.63105845165514 152.26717416686702 49.43609820722137 14.48364676178062 4.816489197675992 1.3306200285708253e-05 1.4942459508888218e-06 1.0105126072280605e-05 2.2545491052029198e-06 7.3352067199967215e-06 2.1207912881327705e-06
181.66108657800504 -65.14945229072859 5.1875 39.859375 [181.66108657800504,-65.14945229072859] 473.8352086693835 2.527887590411736 0.00025644690536737126 2.4091504581217666e-05 [-3132.045898438,546.1137695312] 79.75106375108317 133.43691812258453 45.710312377478594 12.766819729664803 11.056307224427655 1.9824886976590054e-05 2.22367178897722e-06 1.6488166116255617e-05 2.6660433370114256e-06 1.4241992814475274e-05 2.5012795931496822e-06
183.2821044416339 -64.74961096008809 6.40625 52.140625 [183.2821044416339,-64.74961096008809] 189.0835904350424 0.6863593296412421 0.0008513908274159134 2.1716468958056958e-05 [-1936.653320312,-237.62109375] 114.12769790716658 201.35295646032955 59.90118836450809 18.82512732498776 3.691044405523826 6.9169455705672424e-06 7.964300004257929e-07 2.7419927219264337e-06 2.2264640910170373e-06 -4.488307884730652e-07 2.206866515842763e-06
183.28942880506128 -64.7474213774479 6.40625 52.140625 [183.28942880506128,-64.7474213774479] 160.9228818770415 0.41933199045825176 0.0013997410147617818 2.1812949158395737e-05 [-1931.19140625,-241.783203125] 114.12769790716658 201.35295646032955 59.90118836450809 18.85666635382654 3.6578318278479856 5.886786962535014e-06 6.908616490629784e-07 1.7118341138942053e-06 2.2141065552319992e-06 -1.478989396505294e-06 2.212113445877747e-06
182.5076593366584 -65.15101609199967 5.3125 41.09375 [182.5076593366584,-65.15101609199967] 477.0883084634098 0.24955295977730146 0.0025353899740549616 2.351344141494099e-05 [-2492.861328125,511.27734375] 84.34860870625963 142.90893951731505 47.55470372508308 13.45941017831069 6.83914858669641 1.965891390945378e-05 2.1973814981607956e-06 1.6183242828183224e-05 2.671839082927006e-06 1.3770204232390497e-05 2.5002544334905466e-06
182.48287901991557 -65.15483082892565 5.3125 41.09375 [182.48287901991557,-65.15483082892565] 469.61725423371337 0.2999018010857605 0.0021117834000358173 2.3536243518529892e-05 [-2511.212890625,519.1147460938] 84.34860870625963 142.90893951731505 47.55470372508308 13.394197677422198 6.955269947842453 1.9351061444178526e-05 2.163580355913782e-06 1.5875390362907963e-05 2.649074127368525e-06 1.3462351767115242e-05 2.479593475278894e-06
182.5025328355943 -65.15274042418083 5.3125 41.09375 [182.5025328355943,-65.15274042418083] 475.2394786003136 0.30422834557624745 0.002091897219856204 2.3650957169933444e-05 [-2496.5703125,514.5791015625] 84.34860870625963 142.90893951731505 47.55470372508308 13.434845688808082 6.861375716642669 1.9582730975462173e-05 2.189025063126208e-06 1.6107059894191613e-05 2.6661904583139145e-06 1.3694021298398891e-05 2.4951220326710203e-06
179.63296478476857 -65.1609572366123 5.5625 43.59375 [179.63296478476857,-65.1609572366123] 589.758399574865 2.493236590174505 0.00034139079095234936 3.1631806613386336e-05 [-4657.912109375,691.6577148438] 66.98160836042513 131.93864819679024 38.66908067990558 10.703954567456094 21.083979982366145 2.3594493267702357e-05 2.619849519315896e-06 2.0914756771097685e-05 2.7938032449030893e-06 1.8316017286905843e-05 2.5621402585262227e-06
179.92883278517397 -63.94328677338777 4.75 35.4375 [179.92883278517397,-63.94328677338777] 728.982758196118 2.69022697421318 0.00026891928938921675 2.6885590596372064e-05 [-4638.103515625,-1511.911132812] 222.21854488451046 267.4603375896334 103.77812208427667 25.323566070309198 22.53597718156425 3.234702563054847e-05 3.6449551499794438e-06 2.248656063855118e-05 5.261461849619744e-06 2.047905440915026e-05 5.157219037636968e-06
182.54919379863057 -64.23506917462333 4.90625 37.0 [182.54919379863057,-64.23506917462333] 510.30495468188604 0.8095070340036555 0.0007394338187150063 2.2244806869101968e-05 [-2546.182617188,-1136.844726562] 180.91160814397617 263.3811514300985 97.12817254294772 24.343693312141568 8.38553608607549 2.2160398059263575e-05 2.496018410534243e-06 1.430416775377654e-05 4.5211505757029755e-06 1.0722862320194373e-05 4.395544655196575e-06
182.54527254227023 -64.23123178259372 4.90625 37.0 [182.54527254227023,-64.23123178259372] 798.5458809107122 0.5459888155598143 0.001095959414358522 2.223754915983691e-05 [-2549.599609375,-1143.584472656] 180.91160814397617 263.3811514300985 97.12817254294772 24.38589292178449 8.413082037029199 3.467748926834947e-05 3.888379413549277e-06 2.6821258962862438e-05 5.183877925745655e-06 2.3239953529280273e-05 4.963092871216385e-06
178.74617063894704 -65.85871130630275 4.46875 32.640625 [178.74617063894704,-65.85871130630275] -20.151711536245546 3.1549716627058615 0.0003927538881564457 4.6049472443101756e-05 [-5183.483398438,2009.658691406] 50.11387026515363 68.747770526977 29.926538377105132 1.589709117881739 23.636421402431097 -9.317112490465851e-07 3.703006993712541e-07 -3.2487182474508457e-06 1.4749414485197778e-06 -4.110253728262295e-06 1.502170173203864e-06
179.5272521489242 -65.22518148828085 5.09375 39.078125 [179.5272521489242,-65.22518148828085] 435.4440049388688 0.2324546738712533 0.004066287788147832 3.5127326562565486e-05 [-4725.895507812,814.5405273438] 65.67112441060382 128.48042753943812 38.15178641213936 9.840638148065409 21.447657203079643 1.8399841885646196e-05 2.065897453076392e-06 1.5624885078565236e-05 2.3876820538738124e-06 1.2970855551438276e-05 2.1826393311024513e-06
