data_processed/hvc_rms/hvc_rms_index_14_with_B.ecsv
# %ECSV 1.0
# ---
# datatype:
# - {name: ra_dec_obj.ra, unit: deg, datatype: float64}
# - {name: ra_dec_obj.dec, unit: deg, datatype: float64}
# - {name: 'H-alpha flux [Error]', unit: R, datatype: float32}
# - {name: H-alpha flux, unit: R, datatype: float32}
# - {name: ra_dec_deg, datatype: string, subtype: 'float64[2]'}
# - {name: RM, unit: rad / m2, datatype: float64}
# - {name: RM_uncert, unit: rad / m2, datatype: float64}
# - {name: pol_int, datatype: float64}
# - {name: pol_int_uncert, datatype: float64}
# - {name: ra_dec_pix_offsets, datatype: string, subtype: 'float64[2]'}
# - {name: interpolation_raw, unit: rad / m2, datatype: float64}
# - {name: interpolation_cor, unit: rad / m2, datatype: float64}
# - {name: interpolation_unc, unit: rad / m2, datatype: float64}
# - {name: interpolation_cor_unc, unit: rad / m2, datatype: float64}
# - {name: HI, unit: dex(1 / cm2), datatype: float64}
# - {name: 'HI [Error]', unit: dex(1 / cm2), datatype: float64}
# - {name: pixel location x, datatype: float64}
# - {name: pixel location y, datatype: float64}
# - {name: 'B_virtual [raw]', unit: G, datatype: float64}
# - {name: 'B_virtual_unc [raw]', unit: G, datatype: float64}
# - {name: 'B_virtual [int]', unit: G, datatype: float64}
# - {name: 'B_virtual_unc [int]', unit: G, datatype: float64}
# meta: !!omap
# - __serialized_columns__:
#     ra_dec_obj:
#       __class__: astropy.coordinates.sky_coordinate.SkyCoord
#       dec: !astropy.table.SerializedColumn
#         __class__: astropy.coordinates.angles.Latitude
#         unit: &id001 !astropy.units.Unit {unit: deg}
#         value: !astropy.table.SerializedColumn {name: ra_dec_obj.dec}
#       frame: icrs
#       ra: !astropy.table.SerializedColumn
#         __class__: astropy.coordinates.angles.Longitude
#         unit: *id001
#         value: !astropy.table.SerializedColumn {name: ra_dec_obj.ra}
#         wrap_angle: !astropy.coordinates.Angle
#           unit: *id001
#           value: 360.0
#       representation_type: spherical
# schema: astropy-2.0
ra_dec_obj.ra ra_dec_obj.dec "H-alpha flux [Error]" "H-alpha flux" ra_dec_deg RM RM_uncert pol_int pol_int_uncert ra_dec_pix_offsets interpolation_raw interpolation_cor interpolation_unc interpolation_cor_unc HI "HI [Error]" "pixel location x" "pixel location y" "B_virtual [raw]" "B_virtual_unc [raw]" "B_virtual [int]" "B_virtual_unc [int]"
[from data line 604]
131.02767945852526 -61.30520251922298 2.640625 14.378906 [131.02767945852526,-61.30520251922298] -60.44588362640196 1.5135761691263534 0.0003097266898930062 1.7421743509893154e-05 [-2320.07421875,1818.48046875] 28.252883518519038 35.01453335911446 21.29731568688757 18.226583410413838 0.0 0.0 13.775946429899705 2.8378819674071565 -2.08813046673011e-05 4.373761754804597e-06 -3.064139142732458e-05 9.394777384175929e-06
133.88172903898536 -59.28828431884025 3.015625 18.109375 [133.88172903898536,-59.28828431884025] 76.6030704416504 0.5532899663807993 0.0008297141417507759 1.7060430664644916e-05 [154.927734375,-1858.876953125] 52.356756507144105 51.02004997448135 20.671134567313057 21.504324426137924 18.495662689208984 9.247831344604492 42.06483210056979 11.531565742975545 2.6462878137894538e-05 5.174640252183808e-06 8.375999124352471e-06 7.679208586006696e-06
133.89274622512661 -59.29396820217138 3.015625 18.109375 [133.89274622512661,-59.29396820217138] 74.14997998276482 0.16899170768402236 0.0027111342737172078 1.7026489898088963e-05 [165.0283203125,-1848.62109375] 52.356756507144105 51.02004997448135 20.671134567313057 21.504324426137924 18.495662689208984 9.247831344604492 42.07364770978484 11.434788822552491 2.561544691222104e-05 5.0425278922833244e-06 7.5285678986789744e-06 7.650817371879198e-06
133.88583370628265 -59.289852270265065 3.015625 18.109375 [133.88583370628265,-59.289852270265065] 66.13218143180545 1.339311197337926 0.0003423352658002734 1.7038911350878855e-05 [158.6938476562,-1856.045410156] 52.356756507144105 51.02004997448135 20.671134567313057 21.504324426137924 18.495662689208984 9.247831344604492 42.072309239153356 11.500668016356258 2.284566203591062e-05 4.6511423721667005e-06 4.758783022368552e-06 7.5980450665535315e-06
129.5832979271661 -59.975746216041145 2.65625 14.503906 [129.5832979271661,-59.975746216041145] 18.45571344879981 1.4234366155272982 0.0003484115165776673 1.8430594252050587e-05 [-3716.393554688,-505.2563476562] 39.96637892997784 42.56964490082289 20.657805577858852 18.946779838105176 0.0 0.0 16.385212178583515 21.07846539426805 6.375609921739429e-06 2.702246680930792e-06 -7.430956957880979e-06 7.659248903177043e-06
129.58132894210482 -59.97246163698268 2.65625 14.503906 [129.58132894210482,-59.97246163698268] 18.831406760445258 1.4361172149970691 0.00034464274324232135 1.839364201633834e-05 [-3718.53125,-511.0458984375] 39.96637892997784 42.56964490082289 20.657805577858852 18.946779838105176 0.0 0.0 16.39872218858693 21.1180914707204 6.5053948803053965e-06 2.712257536268285e-06 -7.301171999315012e-06 7.655806741842252e-06
129.06134053698662 -59.79607398590534 2.625 14.199219 [129.06134053698662,-59.79607398590534] 2.2145436331387827 1.3968403768465183 0.0003809328031681579 1.977442463393523e-05 [-4207.811523438,-796.578125] 42.736798714278436 42.08275319960635 20.87320511723592 18.63026236433389 0.0 0.0 15.089369511846257 24.732927832924815 7.650241427259848e-07 2.4693953962017703e-06 -1.3998596817365028e-05 7.995104946995002e-06
131.2597199729934 -61.143066325933866 2.65625 14.527344 [131.2597199729934,-61.143066325933866] -58.294758095310826 1.0155211619619187 0.000457514142902134 1.7266416183911353e-05 [-2130.688476562,1519.061035156] 31.402174545555297 36.17105134965481 22.34835478082895 19.05275687258391 0.0 0.0 16.016474448922622 3.602621768446852 -2.0138188595577336e-05 4.250887003615462e-06 -3.098621222534687e-05 9.706698107306897e-06
133.37037641988758 -59.497436616225386 3.1875 19.867188 [133.37037641988758,-59.497436616225386] -0.6942641285865232 0.44567269935234416 0.0010162615507724351 1.6831787098400696e-05 [-313.2084960938,-1481.828613281] 51.194205736348636 51.21265913694325 21.27239999602977 22.07981628429411 0.0 0.0 38.05745016976232 11.562564973856524 -2.3983669224187404e-07 2.423432007430652e-06 -1.7925107268950987e-05 8.334272264186172e-06
133.36634836444418 -59.49774168254163 3.1875 19.867188 [133.36634836444418,-59.49774168254163] -1.3341776845639952 0.3221414723195198 0.0014051840692745504 1.6822423418677818e-05 [-316.8857421875,-1481.260253906] 51.194205736348636 51.21265913694325 21.27239999602977 22.07981628429411 0.0 0.0 38.03607772423902 11.575328889289949 -4.6089773265431314e-07 2.4220497661850112e-06 -1.8146168309363427e-05 8.347854549168203e-06
127.76489303723861 -60.32091911057364 2.21875 10.152344 [127.76489303723861,-60.32091911057364] -26.151187379160216 1.7399326355515528 0.0003925125377578223 2.5380178430639443e-05 [-5291.90234375,238.5341796875] 38.25164585276171 40.931366910426924 18.40682371750138 17.05946914241263 0.0 0.0 5.117731086170238 23.995750975371266 -9.034046295873942e-06 2.940036533769095e-06 -2.2248250856337033e-05 7.836449275878123e-06
131.59638982983384 -57.81140147511803 3.6875 24.835938 [131.59638982983384,-57.81140147511803] 42.65355209119519 0.6523634786990306 0.0010541229389391688 2.5555807449031396e-05 [-2029.334960938,-4483.510742188] 68.49076202031902 68.68112529339967 25.801867674752355 27.20250474857951 0.0 0.0 41.94128989999297 34.5956087375464 1.4734863036559459e-05 3.5179523676570732e-06 -8.925581361629713e-06 9.366077468690005e-06
131.58732575136239 -57.826648694651055 3.6875 24.835938 [131.58732575136239,-57.826648694651055] 42.23187691547982 0.23571185705419692 0.0028734176920410834 2.5170329107267576e-05 [-2037.158203125,-4455.826171875] 68.49076202031902 68.68112529339967 25.801867674752355 27.20250474857951 0.0 0.0 41.78340847305651 34.48510437596383 1.4589193434487427e-05 3.493478023442567e-06 -9.071250963701745e-06 9.367895390112046e-06
131.59040822223983 -57.82195680016921 3.6875 24.835938 [131.59040822223983,-57.82195680016921] 42.444977943789766 0.6015195578847067 0.0011285215761016852 2.522715772539524e-05 [-2034.470703125,-4464.354492188] 68.49076202031902 68.68112529339967 25.801867674752355 27.20250474857951 0.0 0.0 41.833469271330046 34.517950900778715 1.466281015129412e-05 3.5078747466877497e-06 -8.997634246895052e-06 9.367728013775324e-06
135.27856450987787 -58.84598165152547 3.046875 18.5 [135.27856450987787,-58.84598165152547] 137.7197920946602 3.1950412860502655 0.00014674522452062864 1.7424051845590403e-05 [1457.493652344,-2637.749023438] 53.819769341252645 50.15850750139472 20.12040567664551 21.2643269392449 0.0 0.0 52.07601243835347 10.03780697428465 4.757592684425359e-05 8.636884699542674e-06 2.8983643411280577e-05 8.968866640343063e-06
129.6512146450918 -59.736412036711314 2.890625 16.90625 [129.6512146450918,-59.736412036711314] 32.030882283155265 2.9623203236943443 0.00016628046849265842 1.830551538448493e-05 [-3681.776367188,-939.0268554688] 46.039344779576076 45.566529157554655 22.174742751441237 20.1282987761682 0.0 0.0 18.40120069636032 23.204563377461454 1.1065213569396461e-05 3.2477334080332514e-06 -4.839286908537436e-06 8.140929373172702e-06
132.58015487039137 -59.70163352626953 3.421875 22.257812 [132.58015487039137,-59.70163352626953] -77.8949770039125 1.215087401148502 0.00037365243159234794 1.687267859644325e-05 [-1028.844726562,-1106.267089844] 44.584293576899654 47.260320453817144 18.898347632129653 20.583496683729006 0.0 0.0 32.77969899190805 12.662409447226082 -2.690917311961762e-05 5.2561600072344215e-06 -4.231101955981091e-05 1.0102283486699136e-05
132.92173757370807 -58.88361352548905 3.25 20.421875 [132.92173757370807,-58.88361352548905] 0.9153178630449725 0.8968750215254362 0.0005218456964312231 1.739333005830915e-05 [-736.20703125,-2582.87890625] 54.263750524400876 55.70993241458026 23.278660124097282 23.88462645412008 18.16920280456543 9.084601402282715 40.53071731521095 19.128248314834536 3.1620070745920473e-07 2.4385611094455733e-06 -1.8429458039028414e-05 8.98588026846444e-06
124.79064934913062 -58.01038742767454 2.953125 17.53125 [124.79064934913062,-58.01038742767454] -54.0461812101035 1.8181763286430532 0.00035148606754174946 2.374940957387686e-05 [3137.165771484,4188.340087891] 47.70211383083766 49.62457347923066 19.16679889804736 20.142260865293913 0.0 0.0 5.078933831686413 57.968274445320276 -1.8670498440019455e-05 4.079474898683112e-06 -3.514941002864786e-05 9.324343195116126e-06
124.79822547388206 -58.01507186403494 2.953125 17.53125 [124.79822547388206,-58.01507186403494] -60.11670662742996 1.8914333660128542 0.00033930751951200645 2.3850266351258276e-05 [3143.966796875,4197.098632812] 47.70211383083766 49.62457347923066 19.16679889804736 20.142260865293913 0.0 0.0 5.089500393484968 57.89332888637455 -2.0767588979935427e-05 4.375160909602286e-06 -3.724650056856383e-05 9.565842117726857e-06
124.79277026113552 -58.01776886288847 2.953125 17.53125 [124.79277026113552,-58.01776886288847] -64.31235769113155 3.110606574575456 0.00020802099554747535 2.40470030930988e-05 [3138.537597656,4201.696655273] 47.70211383083766 49.62457347923066 19.16679889804736 20.142260865293913 0.0 0.0 5.042885621932783 57.884365669238605 -2.2216995670394852e-05 4.661391377861096e-06 -3.8695907259023254e-05 9.77328270183231e-06
124.76274859517667 -58.00931930852517 2.953125 17.53125 [124.76274859517667,-58.00931930852517] -56.010177872528 2.546768541297521 0.0002498318145470821 2.364535954161559e-05 [3110.696533203,4185.164550781] 47.70211383083766 49.62457347923066 19.16679889804736 20.142260865293913 0.0 0.0 4.935980551327475 58.07648665223883 -1.9348969995289028e-05 4.217965698997803e-06 -3.582788158391743e-05 9.421232799861765e-06
125.81983944447818 -57.82824702744699 3.078125 18.757812 [125.81983944447818,-57.82824702744699] -72.95974405893978 1.3521008618583308 0.0005001917425009704 2.51335775218351e-05 [4137.326171875,3915.200439453] 55.42671804202964 58.51601739927735 22.088441215976683 21.532215134287668 0.0 0.0 11.776477813370661 56.2147077391669 -2.5204274513700564e-05 5.001843243339157e-06 -4.435168566410497e-05 1.1089550033420298e-05
125.82933819132823 -57.826137506648784 3.078125 18.757812 [125.82933819132823,-57.826137506648784] -75.99391192633524 2.223970840613271 0.00030520906845144755 2.5225235255620635e-05 [4146.646728516,3911.980712891] 55.42671804202964 58.51601739927735 22.088441215976683 21.532215134287668 0.0 0.0 11.841120543470197 56.20237691271882 -2.625244156577665e-05 5.196119770962247e-06 -4.539985271618106e-05 1.1231958474022906e-05
125.46152484968482 -57.93094259689795 3.0625 18.632812 [125.46152484968482,-57.93094259689795] -52.58013819680398 0.062006366575733225 0.010710335200484939 2.468016448321003e-05 [3783.989013672,4079.122070312] 57.3794643335862 58.88981860403533 21.031976055971757 20.77924034474824 0.0 0.0 9.188198731916032 56.434069062421486 -1.8164047231442797e-05 3.961250387494742e-06 -3.798604344547136e-05 1.0083975366667146e-05
125.43826283507146 -57.92629242800566 3.0625 18.632812 [125.43826283507146,-57.92629242800566] -53.88815790656248 0.2501002718668092 0.0026453456075952904 2.4586985580209443e-05 [3762.297607422,4069.506347656] 57.3794643335862 58.88981860403533 21.031976055971757 20.77924034474824 0.0 0.0 9.094087606876087 56.56420960638138 -1.8615908573054026e-05 4.024219997760626e-06 -3.843790478708258e-05 1.0135277390975331e-05
124.80480205413019 -58.17655560458838 2.765625 15.660156 [124.80480205413019,-58.17655560458838] -48.131304648715954 1.694699780320685 0.0004241563677290421 2.6713295459551773e-05 [3136.001708984,4487.479736328] 44.541127496588544 46.15954147713205 18.63257803652305 18.43510072627083 0.0 0.0 4.087221769755047 56.19599469096397 -1.662717750337483e-05 3.799807699811278e-06 -3.2014112025333294e-05 8.843034225120842e-06
124.7484969790362 -57.803771929528025 3.28125 20.796875 [124.7484969790362,-57.803771929528025] -62.601776541345664 2.5805784806625276 0.00022412690003214688 2.1494124438629978e-05 [3114.889892578,3815.226074219] 52.636148575810005 55.96622373575163 20.170017478673202 21.293270222367465 0.0 0.0 6.179782974541695 60.25703369598955 -2.1626067653400496e-05 4.538240298300594e-06 -3.9809463924321056e-05 1.0122981046802805e-05
124.70453637180162 -58.22649387027157 2.75 15.4375 [124.70453637180162,-58.22649387027157] -54.067646632742424 0.8697740953601187 0.0008688502316961992 2.8084073002514367e-05 [3036.717773438,4572.721191406] 44.216799967742 45.01162112365182 18.417285603941142 17.81702596721906 0.0 0.0 3.231066900842052 56.02454428275746 -1.867791376763227e-05 4.043037556981628e-06 -3.395280787367596e-05 8.989462423446062e-06
124.70030186940299 -58.22899246497245 2.75 15.4375 [124.70030186940299,-58.22899246497245] -54.73344280558425 1.6113686620247265 0.00046716338090235055 2.797514905491016e-05 [3032.497070312,4577.024169922] 44.216799967742 45.01162112365182 18.417285603941142 17.81702596721906 0.0 0.0 3.1924356616527803 56.01321605034809 -1.890791607543807e-05 4.101664574572225e-06 -3.418281018148176e-05 9.027600372023604e-06
126.71060938946206 -57.267238557725896 4.6875 34.84375 [126.71060938946206,-57.267238557725896] 18.44651863123304 0.13556912104547728 0.005757504604984002 2.9007064289483895e-05 [5065.490722656,2967.415771484] 60.34610740167903 67.06877229961047 26.444404300557377 25.48303327447298 0.0 0.0 20.28002310333477 58.692907848670984 6.37243353030542e-06 2.6573146928483436e-06 -1.4474402987603247e-05 9.775215724970734e-06
126.74150089874594 -57.273834232493755 4.6875 34.84375 [126.74150089874594,-57.273834232493755] 15.385222321834675 0.41870300989207265 0.0018803333465961336 2.9258336748391738e-05 [5094.520019531,2981.512207031] 60.34610740167903 67.06877229961047 26.444404300557377 25.48303327447298 0.0 0.0 20.40185151034666 58.511905074263495 5.314894834891087e-06 2.59061740391045e-06 -1.553194168301758e-05 9.824475130831246e-06
126.73554986495117 -57.27205278416813 4.6875 34.84375 [126.73554986495117,-57.27205278416813] 15.927569658573768 0.5066461559263906 0.0015537458039103407 2.9254550117470838e-05 [5088.999267578,2977.879150391] 60.34610740167903 67.06877229961047 26.444404300557377 25.48303327447298 0.0 0.0 20.381820632887525 58.55194909235706 5.502251182329803e-06 2.6041265214021464e-06 -1.5344585335578866e-05 9.816182148459043e-06
126.71887212651187 -57.26864625462466 4.6875 34.84375 [126.71887212651187,-57.26864625462466] 18.581772520480527 1.0702120632664731 0.0007331256927361621 2.9157949869956124e-05 [5073.305664062,2970.545410156] 60.34610740167903 67.06877229961047 26.444404300557377 25.48303327447298 0.0 0.0 20.315012506030598 58.64810701563579 6.419157599826352e-06 2.68582291134206e-06 -1.4427678918082315e-05 9.780032968682663e-06
126.71923840324126 -57.272281677653154 4.6875 34.84375 [126.71923840324126,-57.272281677653154] 16.33368406689356 0.9535103704684583 0.0008207229277193333 2.908242990653548e-05 [5073.159912109,2977.094726562] 60.34610740167903 67.06877229961047 26.444404300557377 25.48303327447298 0.0 0.0 20.292575879928336 58.60993079125683 5.642545246724989e-06 2.6279251434543537e-06 -1.5204291271183678e-05 9.813635065904785e-06
125.10420216813299 -58.0265655245583 2.953125 17.5 [125.10420216813299,-58.0265655245583] -58.27429522020935 2.608234897537254 0.0002503622680713434 2.426745772698464e-05 [3434.068603516,4232.254150391] 49.728702046907216 52.226230322180456 19.59416825308667 20.106122690809055 0.0 0.0 6.6553826394856515 56.70574914161011 -2.013111960255866e-05 4.3301644560161625e-06 -3.731012528256414e-05 9.695805796708604e-06
125.86504369012438 -57.57642748046491 3.359375 21.609375 [125.86504369012438,-57.57642748046491] -6.550043474083567 0.3407207632111012 0.0018783451886505357 2.3783880262966582e-05 [4209.688232422,3465.824707031] 53.34559122443904 57.897709931228334 22.418243748930877 22.260368576757713 0.0 0.0 13.676110745495635 58.63130076201924 -2.2627422276058097e-06 2.452388809093925e-06 -2.0691218679363194e-05 8.866313717850635e-06
