data_processed/hvc_rms/hvc_rms_index_17_with_B.ecsv
# %ECSV 1.0
# ---
# datatype:
# - {name: ra_dec_obj.ra, unit: deg, datatype: float64}
# - {name: ra_dec_obj.dec, unit: deg, datatype: float64}
# - {name: 'H-alpha flux [Error]', unit: R, datatype: float32}
# - {name: H-alpha flux, unit: R, datatype: float32}
# - {name: ra_dec_deg, datatype: string, subtype: 'float64[2]'}
# - {name: RM, unit: rad / m2, datatype: float64}
# - {name: RM_uncert, unit: rad / m2, datatype: float64}
# - {name: pol_int, datatype: float64}
# - {name: pol_int_uncert, datatype: float64}
# - {name: ra_dec_pix_offsets, datatype: string, subtype: 'float64[2]'}
# - {name: interpolation_raw, unit: rad / m2, datatype: float64}
# - {name: interpolation_cor, unit: rad / m2, datatype: float64}
# - {name: interpolation_unc, unit: rad / m2, datatype: float64}
# - {name: pixel location x, datatype: float64}
# - {name: pixel location y, datatype: float64}
# - {name: 'B_virtual [raw]', unit: G, datatype: float64}
# - {name: 'B_virtual_unc [raw]', unit: G, datatype: float64}
# - {name: 'B_virtual [int]', unit: G, datatype: float64}
# - {name: 'B_virtual_unc [int]', unit: G, datatype: float64}
# - {name: 'B_virtual [cor]', unit: G, datatype: float64}
# - {name: 'B_virtual_unc [cor]', unit: G, datatype: float64}
# meta: !!omap
# - __serialized_columns__:
#     ra_dec_obj:
#       __class__: astropy.coordinates.sky_coordinate.SkyCoord
#       dec: !astropy.table.SerializedColumn
#         __class__: astropy.coordinates.angles.Latitude
#         unit: &id001 !astropy.units.Unit {unit: deg}
#         value: !astropy.table.SerializedColumn {name: ra_dec_obj.dec}
#       frame: icrs
#       ra: !astropy.table.SerializedColumn
#         __class__: astropy.coordinates.angles.Longitude
#         unit: *id001
#         value: !astropy.table.SerializedColumn {name: ra_dec_obj.ra}
#         wrap_angle: !astropy.coordinates.Angle
#           unit: *id001
#           value: 360.0
#       representation_type: spherical
# schema: astropy-2.0
ra_dec_obj.ra ra_dec_obj.dec "H-alpha flux [Error]" "H-alpha flux" ra_dec_deg RM RM_uncert pol_int pol_int_uncert ra_dec_pix_offsets interpolation_raw interpolation_cor interpolation_unc "pixel location x" "pixel location y" "B_virtual [raw]" "B_virtual_unc [raw]" "B_virtual [int]" "B_virtual_unc [int]" "B_virtual [cor]" "B_virtual_unc [cor]"
[from data line 255]
143.19923421686457 -66.95885464730337 2.5 12.953125 [143.19923421686457,-66.95885464730337] -37.661707901258495 0.72982315794366 0.0007507963609388916 2.0363316055481182e-05 [2707.367675781,3781.817138672] 33.176687037725564 21.948355461727864 19.44486860817934 31.677391035497635 41.27366524870649 -2.764148471071385e-06 6.323438073120518e-07 -5.19912271575981e-06 1.665599553575669e-06 -4.375029033129993e-06 1.6238338893898103e-06
143.18051126519754 -66.95836642985363 2.5 12.953125 [143.18051126519754,-66.95836642985363] -42.243489667825784 2.3138201959977547 0.0002366589549691494 2.0349851907220316e-05 [2694.260742188,3780.141601562] 33.176687037725564 21.948355461727864 19.44486860817934 31.620803222873178 41.34254131965622 -3.100424380226756e-06 6.783570334161251e-07 -5.53539862491518e-06 1.6920541145799987e-06 -4.711304942285364e-06 1.648032431659456e-06
140.81010463500309 -66.60635369128565 2.46875 12.6171875 [140.81010463500309,-66.60635369128565] -45.67185475191322 1.645380621587225 0.0002849233729590716 1.742220654900033e-05 [1040.942871094,3077.363769531] 31.335949315103605 21.355457688163774 21.328578448244304 26.72319506464362 52.498080352154375 -3.3963778862159564e-06 6.99851627859611e-07 -5.7266691755782205e-06 1.838795827220861e-06 -4.984472011932662e-06 1.8001909588398289e-06
144.47299204260813 -64.19367989455277 3.359375 21.617188 [144.47299204260813,-64.19367989455277] -30.11734084358636 1.086462361568418 0.0004613418838155198 1.8627144063288584e-05 [4006.227294922,-1114.815429688] 36.75997587360125 44.04106017192373 22.278343636966607 60.24421658403003 59.5758127304905 -1.7110616731041558e-06 4.5095452476871935e-07 -3.7995125143724727e-06 1.4028783135212899e-06 -4.213174010790844e-06 1.4194812212683594e-06
144.9350432215317 -67.17214202418492 2.8125 16.0625 [144.9350432215317,-67.17214202418492] -68.39368204753013 0.4285637340092498 0.0016028309850994102 2.5527709550024135e-05 [3891.694091797,4254.919189453] 29.10655202810353 20.127939611938764 17.860462207107656 35.34314784322851 33.44823332364285 -4.507731596080795e-06 7.307430776366776e-07 -6.426103590424825e-06 1.5001182938981605e-06 -5.834335847182365e-06 1.461497960855895e-06
144.93687422631058 -67.16671751308537 2.8125 16.0625 [144.93687422631058,-67.16671751308537] -61.64576947528416 2.4720667970933894 0.0002772290346601256 2.5468749237043806e-05 [3893.842041016,4245.313964844] 29.10655202810353 20.127939611938764 17.860462207107656 35.39704700301513 33.48640089777632 -4.0629861488571e-06 7.068535958933633e-07 -5.981358143201129e-06 1.4795644176886522e-06 -5.389590399958669e-06 1.4432707267412986e-06
142.97561664674168 -65.39428699043397 2.734375 15.292969 [142.97561664674168,-65.39428699043397] -13.799342710903266 1.6629999782298537 0.00028277418569958105 1.747594652478717e-05 [2712.854492188,961.7470703125] 31.723292080252094 36.26657942508289 19.835082900384084 44.491735279041336 55.280033724114446 -9.32097051730966e-07 5.001628719087842e-07 -3.0748938239163394e-06 1.4776236400368763e-06 -3.3817769000165777e-06 1.4883741548231405e-06
144.5020445146004 -64.42378228372803 3.375 21.679688 [144.5020445146004,-64.42378228372803] 1.4963213916720728 1.8939822713186831 0.00026475679152906744 1.863509976113372e-05 [3995.416259766,-700.1723632812] 36.27895850762245 43.726577301508705 21.55803949018036 58.30451178889655 57.580843310593536 8.488813848585648e-08 4.115218351632239e-07 -1.9732614482659037e-06 1.3115417890789648e-06 -2.3957739506493737e-06 1.3214683056785211e-06
146.19352714640462 -65.56600957449861 3.109375 19.15625 [146.19352714640462,-65.56600957449861] 53.12275794827432 3.1427678579488245 0.00021916245430809452 2.5596887592636132e-05 [5080.735595703,1468.068359375] 35.93569461031447 46.49268513933986 18.847703992960085 53.76882935974777 41.8600063848703 3.2060773806320524e-06 6.044967316570513e-07 1.0372777531802356e-06 1.2345703674264637e-06 4.0013973832770274e-07 1.2291108411292175e-06
146.18307495433498 -65.56645965257424 3.125 19.234375 [146.18307495433498,-65.56645965257424] -79.49305040987576 1.7544901709231524 0.00039228498221148387 2.557769033424457e-05 [5072.920898438,1468.03515625] 36.514015269823105 46.7801723406927 18.740580764871385 53.73071271721358 41.89609495776358 -4.787830393525345e-06 7.251695019760343e-07 -6.987052982130256e-06 1.4766715439758342e-06 -7.605378969058394e-06 1.5209164838202179e-06
143.07794222100324 -66.7597732304053 2.53125 13.238281 [143.07794222100324,-66.7597732304053] -47.75258949779329 3.1651579558217158 0.00016305361517756644 1.9179378222183157e-05 [2643.5,3419.202636719] 34.92505797967939 24.428138684029623 20.261205414238763 33.006135358661936 43.37944363748875 -3.4668077571952124e-06 7.199090219502638e-07 -6.002344849482957e-06 1.7595133133804645e-06 -5.240275156016545e-06 1.7170266503492287e-06
142.6482390701458 -66.00795753564785 2.71875 15.1171875 [142.6482390701458,-66.00795753564785] -15.01665069205071 0.8442532500122799 0.0005757396169909881 1.8063735227274183e-05 [2410.10546875,2051.337402344] 34.52331564351734 26.00447629089713 21.355788983248168 38.06590493500289 51.2707833505865 -1.0202020995161561e-06 4.96286079461754e-07 -3.3656491518618553e-06 1.586766677466468e-06 -2.786895741983002e-06 1.568500267878435e-06
144.11866752935765 -65.62841036213348 2.859375 16.578125 [144.11866752935765,-65.62841036213348] -1.7066436625475419 1.226257815228239 0.00040834745947714225 1.860888488782897e-05 [3535.378662109,1438.659179688] 31.20231010857998 35.0439963052538 17.12902226873142 46.342680882926174 49.11981673444507 -1.1071941478336116e-07 4.612507149218845e-07 -2.134985868832724e-06 1.2321807577262223e-06 -2.384217302910834e-06 1.2392616482998672e-06
138.01527390185308 -67.00129693545361 2.171875 9.722656 [138.01527390185308,-67.00129693545361] -37.319585425331454 1.4139579756880045 0.00037115899429745195 1.9503169465113284e-05 [-941.0004882812,3785.881347656] 34.59157525483437 26.74936271504351 18.856623722165022 13.831830484309648 58.1690313281963 -3.1614984933558954e-06 7.560717030410776e-07 -6.091895811669477e-06 1.918676700503444e-06 -5.42754911953563e-06 1.8771952279971462e-06
144.20480350566515 -66.21920770609078 2.703125 15.003906 [144.20480350566515,-66.21920770609078] -31.14597921183965 0.09657149444780617 0.0053244071240757035 1.9108601837171578e-05 [3517.045410156,2503.628173828] 32.1686569380297 30.80151145503081 20.68588550107067 41.42622675528355 43.91263431882612 -2.1239703639217032e-06 5.486913168659777e-07 -4.3176812605618255e-06 1.5874939699232213e-06 -4.224450077515404e-06 1.5834215998949084e-06
144.22703547467165 -66.22187043608177 2.703125 15.003906 [144.22703547467165,-66.22187043608177] -23.16579333828502 1.670867785300433 0.0003086132062658605 1.9163079245610585e-05 [3532.751464844,2509.643798828] 32.1686569380297 30.80151145503081 20.68588550107067 41.47583079423191 43.81030152891208 -1.5797691950089113e-06 5.303962400433763e-07 -3.7734800916490338e-06 1.5689743923237917e-06 -3.6802489086026126e-06 1.5653794556768102e-06
144.2167817045043 -66.22032924774668 2.703125 15.003906 [144.2167817045043,-66.22032924774668] -32.23436937720974 0.9480797414691559 0.0005445362870797095 1.918582132561152e-05 [3525.551757812,2506.306884766] 32.1686569380297 30.80151145503081 20.68588550107067 41.45571535066313 43.8600940613469 -2.1981920937927347e-06 5.571359336777614e-07 -4.391902990432857e-06 1.5920915569709732e-06 -4.298671807386435e-06 1.5879603213694546e-06
144.37144474907623 -64.58501422585569 3.265625 20.726562 [144.37144474907623,-64.58501422585569] -2.6328375617018955 2.0851680421894248 0.00023738356207103465 1.8395025988780893e-05 [3871.422119141,-419.01171875] 34.88253200141427 42.16954597568548 20.64609243840308 56.420735221546124 56.76455049271385 -1.5275979232551623e-07 4.241769248269168e-07 -2.176678176747121e-06 1.2970555240639394e-06 -2.599477804637284e-06 1.3081445390959884e-06
145.73738094569728 -65.89775093302363 2.765625 15.703125 [145.73738094569728,-65.89775093302363] -37.65519770216139 0.19642865025401623 0.0030800310090216563 2.248374362320273e-05 [4682.851074219,2026.676757812] 35.31139309343642 41.34301736735118 18.518155303762207 49.29192292764628 40.916373637718834 -2.5100393064417685e-06 5.637233861585853e-07 -4.863844094051589e-06 1.4548851754314694e-06 -5.265903170436291e-06 1.4769097608684307e-06
142.23713708763435 -65.80317686481995 2.796875 15.90625 [142.23713708763435,-65.80317686481995] -21.427303390378995 3.2260443743469 0.0001448388838814829 1.7364577044713216e-05 [2126.578613281,1668.496582031] 30.815918321411093 25.561878217316977 20.77221231582623 38.42020221196776 54.48346423353337 -1.419162905938845e-06 5.408124855288925e-07 -3.4601480638670323e-06 1.530645335225035e-06 -3.1121649935664838e-06 1.5187732754335389e-06
143.83932483684183 -64.45841229206245 2.984375 17.84375 [143.83932483684183,-64.45841229206245] 43.47749265959308 2.3358887646862403 0.0002082288543693937 1.8075976609300173e-05 [3477.853759766,-677.1494140625] 37.16566208480566 43.92155693385567 20.101256896620583 55.67586658988171 59.853245230023276 2.7187549166289898e-06 5.696529156336989e-07 3.9469434317404576e-07 1.3398859288696998e-06 -2.7768435001605538e-08 1.3390125730046318e-06
142.0291136047344 -66.59607699310378 2.421875 12.167969 [142.0291136047344,-66.59607699310378] -67.55831239750331 2.14155487271655 0.00022676573996156712 1.8047429390862986e-05 [1912.357910156,3087.315673828] 33.63256521733359 21.20094676597788 21.170830870062055 30.93459933387328 48.41388077573106 -5.115856850462258e-06 8.823136297619783e-07 -7.662684665718243e-06 1.9835674521884268e-06 -6.7212996879156966e-06 1.9211327660776917e-06
138.13500964441022 -66.47716523532152 2.359375 11.609375 [138.13500964441022,-66.47716523532152] 11.349811394428384 2.769892152845308 0.00016422313066968028 1.6904638584596283e-05 [-875.265625,2841.406494141] 33.03989318364416 22.315997189786884 16.848046277918616 18.451849401506706 62.57873848069926 8.798990706844575e-07 5.957155477954866e-07 -1.6815330357621355e-06 1.4487043482372828e-06 -8.50158329064904e-07 1.4352568858913857e-06
142.28980995023716 -67.1202011425658 2.421875 12.285156 [142.28980995023716,-67.1202011425658] -57.058593975494794 1.989088051497035 0.00029724361386003305 2.1972286060053743e-05 [2054.108398438,4037.415771484] 29.511476081991617 16.492193231463435 19.757146585946664 27.32280263934615 43.01344639737158 -4.300107943933727e-06 7.938532006406512e-07 -6.524181898365267e-06 1.8099998208069958e-06 -5.543009427940913e-06 1.750759669133129e-06
144.68824751757043 -66.75804142287078 2.59375 13.921875 [144.68824751757043,-66.75804142287078] -75.77294886899612 0.30918202500543357 0.0018587436507142181 2.135710773689748e-05 [3783.888916016,3497.869384766] 30.112119706270335 22.144261943186486 19.583810544448653 38.234429741323424 37.7279071787018 -5.364311121173398e-06 8.537275183862122e-07 -7.496084808663392e-06 1.7638016611497352e-06 -6.932003977068264e-06 1.7246593280941122e-06
143.0093230560976 -66.47531886016294 2.671875 14.7265625 [143.0093230560976,-66.47531886016294] -58.79037362537283 3.1268609940173366 0.00015840969337715155 1.8407678961124375e-05 [2624.819335938,2905.440185547] 33.502360981170106 24.862378478991133 21.39511561414922 35.24188865157237 46.027987002839154 -4.0467293756443414e-06 7.388492140835731e-07 -6.352803992551185e-06 1.7624812932461383e-06 -5.758086373993119e-06 1.728793407255776e-06
144.6737212021037 -65.36743940731169 3.03125 18.335938 [144.6737212021037,-65.36743940731169] -8.457990313093022 3.0323801013983647 0.00017550903988158996 1.9778430779692123e-05 [3985.685791016,1003.412597656] 33.84878379739666 42.50491962865708 17.927354121468014 50.51770905497392 49.20269362319891 -5.217521623674262e-07 4.748877297883419e-07 -2.6097985523544623e-06 1.2434465537426586e-06 -3.1437738136780567e-06 1.2617590180647922e-06
140.55300923056805 -67.28618623246605 2.375 11.7109375 [140.55300923056805,-67.28618623246605] -49.418344448985906 0.384677922197554 0.0015524935624790163 2.2194009764085175e-05 [833.7060546875,4296.202026367] 30.886147527433355 21.712315509779202 19.71910603519591 20.180415782883188 47.36782143884989 -3.8145296478319055e-06 7.48531270862556e-07 -6.198586150823929e-06 1.8209528726195766e-06 -5.490471490048614e-06 1.7786839978816119e-06
139.16271954236936 -66.48217773279478 2.359375 11.667969 [139.16271954236936,-66.48217773279478] -10.342502431124768 0.6030928422497547 0.0007398139443494266 1.6581178328879803e-05 [-136.9907226562,2842.1875] 35.497357126865666 22.757985114927852 19.122586679638506 22.04566695978474 59.138751203254515 -7.997912292375468e-07 5.53999718571173e-07 -3.5448207885965737e-06 1.6468631484069542e-06 -2.5596783562893e-06 1.6130630162802658e-06
139.1699066614107 -66.47785180463744 2.359375 11.667969 [139.1699066614107,-66.47785180463744] -7.609384171367445 1.4430265667032744 0.00031114596109545656 1.6685806302545215e-05 [-131.8515625,2834.388427734] 35.497357126865666 22.757985114927852 19.122586679638506 22.10620219458724 59.15373577612854 -5.88437736484713e-07 5.584058629664566e-07 -3.3334672958437392e-06 1.6418890446832229e-06 -2.348324863536466e-06 1.610355098120718e-06
145.28872665520555 -66.8977508364856 2.828125 16.226562 [145.28872665520555,-66.8977508364856] -67.60526784012869 1.8893469300216343 0.0003388151124563867 2.3789383568503344e-05 [4184.450683594,3786.000488281] 28.813552485670535 21.635661297949625 19.654294318538764 38.89632696467163 34.44490291480429 -4.433185545013734e-06 7.31089292889916e-07 -6.322621508525273e-06 1.585716722840329e-06 -5.851934467800352e-06 1.5571008889986173e-06
141.76397732059425 -65.79007716824349 2.75 15.4921875 [141.76397732059425,-65.79007716824349] 5.037401830431777 2.760376095966708 0.00016467359982417812 1.6892772778735002e-05 [1778.772460938,1630.344726562] 28.820417255774746 24.855271637089743 20.08136080115175 36.89685938892637 56.28185807215459 3.3806394691293843e-07 5.067868299322566e-07 -1.5960966257666175e-06 1.4532513149044647e-06 -1.3299926255180807e-06 1.4489647059191326e-06
143.7734374123323 -65.2056122009382 2.84375 16.390625 [143.7734374123323,-65.2056122009382] 14.39655548652437 0.7937005782529484 0.0006172143282137078 1.8205449203505027e-05 [3333.091308594,660.9291992188] 31.335082486789364 43.93434751627882 18.12456736066324 48.8851704878864 53.90728096598468 9.393111389770217e-07 4.744051316460486e-07 -1.1051634610865578e-06 1.2762353482702739e-06 -1.927209400908808e-06 1.2914050382212178e-06
142.1933594011106 -66.83826442947448 2.578125 13.816406 [142.1933594011106,-66.83826442947448] -7.492395034804267 0.48139776410672663 0.0010836843209941066 1.9387221042757265e-05 [2009.82421875,3527.703613281] 32.51660777610261 18.427353180795553 20.419302240377608 29.41484559162825 45.76553663095797 -5.324413235469608e-07 5.033791182191278e-07 -2.843209188981296e-06 1.5780091458973535e-06 -1.8419670855326804e-06 1.552830227908445e-06
143.75456251287568 -66.50434118496355 2.609375 14.078125 [143.75456251287568,-66.50434118496355] -49.04283600465363 2.7014652196214963 0.00018824354308066707 1.8898536428883028e-05 [3155.242919922,2991.584472656] 29.51198079666589 22.38803018086496 20.52565690865795 37.44638424189634 43.15070648066285 -3.4526440088386454e-06 6.913515221905809e-07 -5.53030451927285e-06 1.6963232646175021e-06 -5.028774277209085e-06 1.6700702797929975e-06
139.12281778908334 -67.2624740732195 2.359375 11.6640625 [139.12281778908334,-67.2624740732195] -61.15667535329105 2.6132357584911907 0.00022489179448722513 2.1840415952249516e-05 [-160.419921875,4245.967529297] 35.49198487892123 24.6210078962806 19.998595048333183 15.550222237429125 52.23417478096712 -4.730070165703927e-06 8.625865178170407e-07 -7.475143828187872e-06 1.93665291790556e-06 -6.634344625147554e-06 1.8796762405093488e-06
