data_processed/hvc_rms/hvc_rms_index_8.ecsv
# %ECSV 1.0
# ---
# datatype:
# - {name: ra_dec_obj.ra, unit: deg, datatype: float64}
# - {name: ra_dec_obj.dec, unit: deg, datatype: float64}
# - {name: 'H-alpha flux [Error]', unit: R, datatype: float32}
# - {name: H-alpha flux, unit: R, datatype: float32}
# - {name: ra_dec_deg, datatype: string, subtype: 'float64[2]'}
# - {name: RM, unit: rad / m2, datatype: float64}
# - {name: RM_uncert, unit: rad / m2, datatype: float64}
# - {name: pol_int, datatype: float64}
# - {name: pol_int_uncert, datatype: float64}
# - {name: ra_dec_pix_offsets, datatype: string, subtype: 'float64[2]'}
# - {name: interpolation_raw, unit: rad / m2, datatype: float64}
# - {name: interpolation_cor, unit: rad / m2, datatype: float64}
# - {name: interpolation_unc, unit: rad / m2, datatype: float64}
# - {name: pixel location x, datatype: float64}
# - {name: pixel location y, datatype: float64}
# meta: !!omap
# - __serialized_columns__:
#     ra_dec_obj:
#       __class__: astropy.coordinates.sky_coordinate.SkyCoord
#       dec: !astropy.table.SerializedColumn
#         __class__: astropy.coordinates.angles.Latitude
#         unit: &id001 !astropy.units.Unit {unit: deg}
#         value: !astropy.table.SerializedColumn {name: ra_dec_obj.dec}
#       frame: icrs
#       ra: !astropy.table.SerializedColumn
#         __class__: astropy.coordinates.angles.Longitude
#         unit: *id001
#         value: !astropy.table.SerializedColumn {name: ra_dec_obj.ra}
#         wrap_angle: !astropy.coordinates.Angle
#           unit: *id001
#           value: 360.0
#       representation_type: spherical
# schema: astropy-2.0
ra_dec_obj.ra ra_dec_obj.dec "H-alpha flux [Error]" "H-alpha flux" ra_dec_deg RM RM_uncert pol_int pol_int_uncert ra_dec_pix_offsets interpolation_raw interpolation_cor interpolation_unc "pixel location x" "pixel location y"
[from data line 53]
104.79512793714142 -54.663833541425745 3.15625 19.554688 [104.79512793714142,-54.663833541425745] -4.071781770881862 1.8232780030356084 0.00023962246658189057 1.623637711520151e-05 [1349.205078125,-1896.104980469] 47.02250718193055 49.64116521439079 13.154960629812868 11.778281950788255 25.04649350463933
105.91593151126204 -53.93916693852816 3.78125 25.765625 [105.91593151126204,-53.93916693852816] -6.987615941290388 0.5659527717283198 0.0008319215730595249 1.7497309777224514e-05 [2560.063476562,-3168.095703125] 49.0104940632793 56.84095181906581 14.920026939888329 21.980047900987643 31.18540806658143
105.41799912242193 -53.29150418026066 4.28125 30.757812 [105.41799912242193,-53.29150418026066] -38.305851733541346 1.7998140026345981 0.00032948074096885214 2.203770491109934e-05 [2064.265136719,-4349.142578125] 49.931478642803704 55.27386826176005 14.959472784096826 21.1547681538525 40.23038823568845
104.29837795520523 -56.46419151961961 3.078125 18.796875 [104.29837795520523,-56.46419151961961] 8.780371077145622 2.52777585117223 0.00017259350449312885 1.6213310907825552e-05 [794.9008789062,1336.372070312] 49.91573610494194 51.038191196439236 14.95155129151812 2.0883989403205305 4.026046432562225
104.40696710351995 -54.746238624709356 3.140625 19.390625 [104.40696710351995,-54.746238624709356] 12.24516038061969 1.7663037146013008 0.00024179681031275463 1.587174410805886e-05 [943.2612304688,-1754.228515625] 44.69770255325653 47.425100692441916 13.333831066989255 8.91355293456661 24.91909077925061
103.76342757147826 -53.64328761818539 3.703125 24.96875 [103.76342757147826,-53.64328761818539] -40.03074359256359 2.8664753748088807 0.00016552039966304954 1.7632278817127504e-05 [282.091796875,-3744.430664062] 44.947864085851364 44.46445690811454 14.056529518778937 8.608551637369487 39.89763756190541
106.19784531658436 -56.224937375330676 3.53125 23.328125 [106.19784531658436,-56.224937375330676] -28.013901615976494 2.755216668838567 0.00016772944414474486 1.7174091330819557e-05 [2699.685058594,953.6811523438] 48.57301885020337 53.15383168846808 14.871684429390047 14.995246433230932 2.8447448078507023
107.850463985123 -53.99885187869505 4.375 31.84375 [107.850463985123,-53.99885187869505] 0.39827799569634714 2.703152674591095 0.0002153127160150123 2.1629623401066736e-05 [4599.5546875,-2960.967773438] 47.65836018499067 58.47240979118346 14.417330016317328 34.58983714556541 25.579540632146973
107.84860235143742 -53.992542051146465 4.375 31.84375 [107.84860235143742,-53.992542051146465] 3.8840010788399715 2.7931441137980517 0.00020744658066716173 2.1533187789679015e-05 [4598.287353516,-2972.421875] 47.65836018499067 58.47240979118346 14.417330016317328 34.6039923676675 25.659362669184247
105.46186805708143 -56.231479711332646 3.1875 19.914062 [105.46186805708143,-56.231479711332646] 20.943484369429928 2.6290494815903274 0.00017130793658021068 1.6737282531585864e-05 [1963.485351562,940.7119140625] 49.56639743631656 53.97034648677488 14.634559361976532 10.306311934089763 4.402090646435454
104.53302779800502 -53.13887415748057 4.25 30.632812 [104.53302779800502,-53.13887415748057] -38.143181606271504 2.4445796056775846 0.00027554553749965197 2.5032617846874313e-05 [1116.381835938,-4643.84375] 48.68256544908334 49.99497815839115 15.058660717627827 15.712184114717616 44.24195177482852
107.21825405948421 -56.0207824589338 3.71875 25.125 [107.21825405948421,-56.0207824589338] -35.88419429104829 2.8395757413318217 0.00017992709339821896 1.8987103805368076e-05 [3738.960449219,633.9609375] 49.467962187606716 53.98748327263126 14.501811835990866 22.246172454538055 2.9606669313282055
105.44731912785207 -55.141601542863214 3.484375 22.914062 [105.44731912785207,-55.141601542863214] 24.4734387025401 0.84703018911121 0.0005170032899639458 1.6274246854329828e-05 [2003.997558594,-1020.67578125] 50.46220592664122 52.22095566117641 12.89701144362874 14.272544670772845 17.727523788469398
105.89791116701234 -54.47941976730146 3.4375 22.359375 [105.89791116701234,-54.47941976730146] 8.47963652431408 2.844304807929159 0.00015854061111226472 1.6758122721328065e-05 [2507.983398438,-2197.217773438] 50.673315212779464 53.91033611164508 14.126845273820301 19.7557188201489 24.703233119361812
107.24284365487301 -53.47042076705594 4.65625 34.703125 [107.24284365487301,-53.47042076705594] 10.533402977041307 0.5060348127668864 0.0011160715652846261 2.0988487448554153e-05 [4008.335449219,-3947.704101562] 51.365764460558424 59.51307707435451 16.17179823867432 32.74650000322026 33.449925747810084
107.2395325872603 -53.469318567224484 4.65625 34.703125 [107.2395325872603,-53.469318567224484] 11.111099742989506 0.3753685481781039 0.0015049519535870076 2.0993711215666954e-05 [4004.899414062,-3949.875] 51.365764460558424 59.51307707435451 16.17179823867432 32.72886208453576 33.47168581040023
104.04113026149275 -54.99853522328838 3.0625 18.609375 [104.04113026149275,-54.99853522328838] -5.032908954899302 1.6237368432117216 0.00026628551998732675 1.6068372807441042e-05 [559.6953125,-1304.127929688] 47.372872706951 47.90171467855223 14.591708037704146 5.595844660790135 22.634622254876376
106.76103204997186 -55.620082871928346 3.46875 22.625 [106.76103204997186,-55.620082871928346] 6.392839949005841 0.2374300722251649 0.002016339203110462 1.779131388588602e-05 [3313.788818359,-109.6328125] 47.368885201131256 55.29411655685531 14.858861605467542 20.91702154433733 8.870026904261977
106.77040853206252 -55.61882773034674 3.46875 22.625 [106.77040853206252,-55.61882773034674] -4.129129585506279 2.652478490746247 0.0001789641626948315 1.7641140013671114e-05 [3323.41015625,-111.4409179688] 47.368885201131256 55.29411655685531 14.858861605467542 20.98198914288332 8.863043946316338
104.71199032094486 -55.9537657384631 3.109375 19.148438 [104.71199032094486,-55.9537657384631] -37.46272205694682 2.732791049159675 0.0001595298583985111 1.6201570294019172e-05 [1222.293457031,423.7451171875] 50.60007775546411 52.50128077322365 14.394694799822554 6.533790790851185 9.436103243602702
105.34033955260219 -54.71149431185918 3.328125 21.34375 [105.34033955260219,-54.71149431185918] 13.377401371193006 0.2104267743041575 0.0020764134420857942 1.6237663334943662e-05 [1914.346191406,-1797.52734375] 49.8654727474024 51.82164159527566 13.137034977966092 15.193718634483503 23.206985934527665
105.32618717371678 -54.71819299864313 3.328125 21.34375 [105.32618717371678,-54.71819299864313] -0.8650532615952318 2.072376305255542 0.00021189041120274265 1.6318815225875282e-05 [1899.323730469,-1785.864746094] 49.8654727474024 51.82164159527566 13.137034977966092 15.075307242242388 23.15848502445897
104.28993207171322 -55.79148473747955 3.15625 19.53125 [104.28993207171322,-55.79148473747955] 65.45059367354013 0.7676657959708212 0.0005659873978970749 1.6146844216430013e-05 [800.36328125,125.51953125] 51.09854706056654 53.70347664217085 14.060609302793468 4.399524988212647 12.338134266985207
104.28900166087473 -55.790672226297254 3.15625 19.53125 [104.28900166087473,-55.790672226297254] 59.71666221060121 0.8291981469949513 0.0005229891752459805 1.6116091559874946e-05 [799.4384765625,124.0463867188] 51.09854706056654 53.70347664217085 14.060609302793468 4.396404000816574 12.35012798535422
103.81770332695031 -53.56885525393814 3.859375 26.625 [103.81770332695031,-53.56885525393814] -38.259013442875776 3.0653347396600124 0.00016289227872807045 1.85561172941672e-05 [340.6044921875,-3878.073242188] 45.5586881326978 44.62962207745794 13.903184803051262 9.24691039672507 40.68452144486969
103.95066085768357 -55.277282681306374 3.171875 19.789062 [103.95066085768357,-55.277282681306374] -9.191404209835905 1.7575094632949373 0.00024469024617671686 1.5981702176335755e-05 [463.0532226562,-803.087890625] 46.43618043250278 47.51070653772436 14.496099797459006 4.014898016828624 19.400277356990046
103.62979144427825 -53.28362646272175 4.34375 31.515625 [103.62979144427825,-53.28362646272175] -38.97244384317911 2.7276917527930333 0.00021874051292351384 2.2173447397807278e-05 [140.6733398438,-4391.71875] 49.71320091112999 45.259352779435645 13.09955368647284 9.00184398913143 44.61411502118085
103.62158191140291 -53.282798560793935 4.34375 31.515625 [103.62158191140291,-53.282798560793935] -38.159296597694734 1.0021203856467413 0.0005964176787823302 2.2211562376166433e-05 [131.8413085938,-4393.223632812] 49.71320091112999 45.259352779435645 13.09955368647284 8.94870320224561 44.64332668262023
107.28383628651507 -53.32039267421462 4.65625 34.5 [107.28383628651507,-53.32039267421462] -11.974076506917825 2.585221003580445 0.00023744186222948558 2.2812016055714522e-05 [4066.467773438,-4214.758789062] 53.21890572016866 60.70955972755809 16.46358066095771 33.643863995986976 35.12934502749613
105.92610950539911 -54.86472316621078 3.3125 21.070312 [105.92610950539911,-54.86472316621078] -2.3024582525929738 0.18994133382245496 0.002341365191757909 1.6527126230435534e-05 [2513.494628906,-1503.18359375] 49.68551145076074 52.80547120237424 13.812477871887934 18.451831833017764 19.973201862671885
105.9116438085209 -54.85961925237964 3.3125 21.070312 [105.9116438085209,-54.85961925237964] -0.7002314449554758 0.7061291869292503 0.0006298675368112966 1.6528829185374146e-05 [2498.838867188,-1512.88671875] 49.68551145076074 52.80547120237424 13.812477871887934 18.376877118103266 20.069196113322505
102.78559857254997 -53.44269575303077 4.0 28.007812 [102.78559857254997,-53.44269575303077] -27.13034491272068 1.1258653681908695 0.0004896810734355527 2.048842064744168e-05 [-764.9096679688,-4101.822265625] 48.189929345718355 42.61895262507924 13.793746512250411 2.6625775087577495 44.582252149448095
107.21626273102821 -53.17071907420614 4.875 36.6875 [107.21626273102821,-53.17071907420614] -34.90662720082332 3.2732982239294923 0.00020353685233278463 2.4759241272957642e-05 [4007.958251953,-4487.470703125] 54.467047055553245 61.69149055815724 17.109047474233126 33.81042277644087 37.08840477715057
105.62633500930993 -55.995903066979814 3.203125 19.960938 [105.62633500930993,-55.995903066979814] -15.792128293454986 2.9773091389773647 0.00015131232814870324 1.6741984950963178e-05 [2140.9921875,521.734375] 48.59128057825308 53.974832363564246 15.049915365208982 12.226345967732414 6.914580456382055
104.87560280477919 -55.31629575736354 3.34375 21.390625 [104.87560280477919,-55.31629575736354] -41.37558885895012 1.7436400104814174 0.0002505864805441104 1.6237649615266412e-05 [1409.870117188,-720.3916015625] 49.60250001392417 52.1861101400241 12.722971824841395 9.903296124777285 16.890690252001605
107.96627817424165 -55.77542504096405 3.921875 27.15625 [107.96627817424165,-55.77542504096405] -42.633722007903444 0.7621653359159485 0.0007706542124315927 2.1828176285183183e-05 [4518.031005859,237.61328125] 51.30832620580382 50.07084521512664 16.27720916283905 27.975568943861845 4.109484413454766
107.41236123895487 -53.70423138005354 4.40625 32.203125 [107.41236123895487,-53.70423138005354] 17.288439260960907 1.9777157373943899 0.0002681536527215516 1.97086233468863e-05 [4166.447021484,-3517.771484375] 48.52812471479304 58.37595708078664 14.981236738402583 32.910882805026404 30.223796238946306
108.13656626102942 -53.5418093030829 4.9375 37.4375 [108.13656626102942,-53.5418093030829] 13.206795737180968 1.1286339054216037 0.000595294814798484 2.4968582968271274e-05 [4954.975585938,-3761.771484375] 58.28310976189208 62.48918296584304 15.693364216243381 38.42129794851985 30.24377617978007
104.53385916346897 -53.4275782291281 4.125 29.296875 [104.53385916346897,-53.4275782291281] -37.12700783056211 1.12318145454946 0.00048869499723246 2.039841956468404e-05 [1109.763183594,-4124.69140625] 46.512826213636096 49.144134786063475 13.70430096893277 14.63255651360214 40.72777787938776
103.30290980430027 -54.95811459759063 2.796875 15.953125 [103.30290980430027,-54.95811459759063] -12.240913850913179 1.758414504091196 0.00024118399513196626 1.576080679781827e-05 [-202.6953125,-1378.76953125] 46.26639928545056 45.105972160766 13.37972470315222 0.8758591015587172 24.730135235039597
103.30023971136434 -54.95237344910235 2.78125 15.777344 [103.30023971136434,-54.95237344910235] -24.764083298400763 0.5154735423379557 0.000827866752755421 1.585898995309566e-05 [-205.484375,-1389.094726562] 46.178508222278296 45.054964625108354 13.32237997043661 0.8780672952786972 24.80683320290609
103.30290211513059 -54.95582948570222 2.78125 15.777344 [103.30290211513059,-54.95582948570222] -17.485417654715196 0.5772797281048774 0.0007361087652916425 1.5791995054126012e-05 [-202.71484375,-1382.882324219] 46.178508222278296 45.054964625108354 13.32237997043661 0.8837006250920467 24.75841111015552
103.2994306749593 -54.954803436194865 2.78125 15.777344 [103.2994306749593,-54.954803436194865] -36.47374721993749 1.2743809607860352 0.0003354798311785586 1.5888188856202206e-05 [-206.3081054688,-1384.71875] 46.178508222278296 45.054964625108354 13.32237997043661 0.8643360648292173 24.778508355366966
106.71686562988846 -53.36668014558659 4.5625 33.671875 [106.71686562988846,-53.36668014558659] -3.3176437687695004 0.48458237332886056 0.0012116212464313863 2.18194197011786e-05 [3454.243408203,-4162.356445312] 51.61160148393723 58.130370022125454 17.170547787408168 29.637581658341446 36.050192128681374
106.71636967384838 -53.36854961534115 4.5625 33.671875 [106.71636967384838,-53.36854961534115] -1.7649333889675751 0.5627453294334007 0.0010417367769123226 2.178605516106713e-05 [3453.560058594,-4159.022460938] 51.61160148393723 58.130370022125454 17.170547787408168 29.626632838156752 36.02910988288704
106.71845251240805 -53.37176520079341 4.5625 33.671875 [106.71845251240805,-53.37176520079341] -7.177665515005468 0.8933119267821511 0.0006528996507186223 2.1674958359578514e-05 [3455.532714844,-4153.141601562] 51.61160148393723 58.130370022125454 17.170547787408168 29.627575343422905 35.9852946571159
107.27654261502983 -55.01740651730087 3.796875 26.03125 [107.27654261502983,-55.01740651730087] 1.53563326945619 2.659281030942885 0.00018270564535076663 1.805613967095685e-05 [3895.53125,-1166.242675781] 47.497197024308505 51.94483300174174 14.766657071048554 26.639002151816385 14.87662771567011
107.82538609063072 -55.38909900891487 4.1875 29.984375 [107.82538609063072,-55.38909900891487] -35.4512229907139 1.929767651482666 0.0002821991606210214 2.0238086271465783e-05 [4419.078125,-465.4541015625] 52.09072870371338 52.05389774039321 14.815482306798351 28.660850115244784 9.074619438405534
107.07719421797843 -55.48728946190831 3.6875 24.804688 [107.07719421797843,-55.48728946190831] -18.883343166990787 0.6295080608970821 0.0007660265545474946 1.7920652713237688e-05 [3646.868652344,-332.5053710938] 48.525501352307884 54.085012657955204 14.218873237698057 23.46827416466067 9.717933122921977
107.4914244703718 -54.44442345144745 4.0625 28.554688 [107.4914244703718,-54.44442345144745] 22.486188972169856 3.278886208853456 0.00016498862153361472 2.0104303983644886e-05 [4175.390869141,-2183.352539062] 49.7786309046535 58.8872661420328 14.18701210704907 30.3760674981296 21.194948534677224
105.64041891319738 -53.50990286653204 4.4375 32.453125 [105.64041891319738,-53.50990286653204] -43.39660057398343 1.0642913427237202 0.0005033961617129357 1.9910360911084317e-05 [2291.637695312,-3949.528320312] 49.5920177430186 55.13819381294181 16.047242006617036 21.809067054467278 37.04351566813284
106.00361615674576 -55.504882828302556 3.484375 22.867188 [106.00361615674576,-55.504882828302556] 12.352999199217427 0.304478397595262 0.0015062494063792936 1.7043629204893075e-05 [2552.386230469,-348.8461914062] 49.92181635353558 55.07122956145042 14.506585048009972 16.49854252567502 12.031864201648204
106.01084915558644 -55.51233679260142 3.484375 22.867188 [106.01084915558644,-55.51233679260142] 2.239999917036144 1.3886757730837198 0.0003283125858606616 1.694326462093299e-05 [2559.268066406,-335.1713867188] 49.92181635353558 55.07122956145042 14.506585048009972 16.516653795739103 11.924718543949211
