data_processed/hvc_rms/hvc_rms_index_5_with_B.ecsv
# %ECSV 1.0
# ---
# datatype:
# - {name: ra_dec_obj.ra, unit: deg, datatype: float64}
# - {name: ra_dec_obj.dec, unit: deg, datatype: float64}
# - {name: 'H-alpha flux [Error]', unit: R, datatype: float32}
# - {name: H-alpha flux, unit: R, datatype: float32}
# - {name: ra_dec_deg, datatype: string, subtype: 'float64[2]'}
# - {name: RM, unit: rad / m2, datatype: float64}
# - {name: RM_uncert, unit: rad / m2, datatype: float64}
# - {name: pol_int, datatype: float64}
# - {name: pol_int_uncert, datatype: float64}
# - {name: ra_dec_pix_offsets, datatype: string, subtype: 'float64[2]'}
# - {name: interpolation_raw, unit: rad / m2, datatype: float64}
# - {name: interpolation_cor, unit: rad / m2, datatype: float64}
# - {name: interpolation_unc, unit: rad / m2, datatype: float64}
# - {name: pixel location x, datatype: float64}
# - {name: pixel location y, datatype: float64}
# - {name: 'B_virtual [raw]', unit: G, datatype: float64}
# - {name: 'B_virtual_unc [raw]', unit: G, datatype: float64}
# - {name: 'B_virtual [int]', unit: G, datatype: float64}
# - {name: 'B_virtual_unc [int]', unit: G, datatype: float64}
# - {name: 'B_virtual [cor]', unit: G, datatype: float64}
# - {name: 'B_virtual_unc [cor]', unit: G, datatype: float64}
# meta: !!omap
# - __serialized_columns__:
#     ra_dec_obj:
#       __class__: astropy.coordinates.sky_coordinate.SkyCoord
#       dec: !astropy.table.SerializedColumn
#         __class__: astropy.coordinates.angles.Latitude
#         unit: &id001 !astropy.units.Unit {unit: deg}
#         value: !astropy.table.SerializedColumn {name: ra_dec_obj.dec}
#       frame: icrs
#       ra: !astropy.table.SerializedColumn
#         __class__: astropy.coordinates.angles.Longitude
#         unit: *id001
#         value: !astropy.table.SerializedColumn {name: ra_dec_obj.ra}
#         wrap_angle: !astropy.coordinates.Angle
#           unit: *id001
#           value: 360.0
#       representation_type: spherical
# schema: astropy-2.0
ra_dec_obj.ra ra_dec_obj.dec "H-alpha flux [Error]" "H-alpha flux" ra_dec_deg RM RM_uncert pol_int pol_int_uncert ra_dec_pix_offsets interpolation_raw interpolation_cor interpolation_unc "pixel location x" "pixel location y" "B_virtual [raw]" "B_virtual_unc [raw]" "B_virtual [int]" "B_virtual_unc [int]" "B_virtual [cor]" "B_virtual_unc [cor]"
[from data line 253]
151.0688933259523 -7.776406881207041 0.31445312 0.7416992 [151.0688933259523,-7.776406881207041] 76.55434581286244 1.9363282196677816 0.0002894764730475296 2.0830560243733548e-05 [1108.731933594,-2821.233398438] -3.0503197062246628 -1.9057684975158495 6.2071043269321695 21.80348872716172 42.367619661828485 2.3480350367638e-05 5.848300170951508e-06 2.441592854644639e-05 6.340638723767203e-06 2.4064877758815324e-05 6.269056121348929e-06
151.81210330562106 -6.732404520652611 0.36328125 1.2231445 [151.81210330562106,-6.732404520652611] 57.438022396861115 0.38663126238983525 0.0023893029639415007 3.433024418363521e-05 [2439.648925781,-4695.420898438] -3.910893983362686 -1.2325181088683541 4.796499705735587 36.78111188662865 46.51064765236151 1.3718582012151711e-05 2.9117949967105707e-06 1.465266570119118e-05 3.2542354618931275e-06 1.401295845570588e-05 3.1681401500343277e-06
152.60482788360292 -8.94411569528382 0.32226562 0.80566406 [152.60482788360292,-8.94411569528382] -41.692982680259014 2.1234580453089777 0.00028111242391506546 2.2183620538487884e-05 [3835.599609375,-708.95703125] -4.259692183103651 -5.348929307102384 5.80020473086698 25.498782074901783 14.049123812267226 -1.2269718629225765e-05 3.446072988749412e-06 -1.1016144977884648e-05 3.6585453104903673e-06 -1.0695596238676804e-05 3.6125051696407196e-06
152.7435302212645 -7.243840808508707 0.26953125 0.2915039 [152.7435302212645,-7.243840808508707] 3.7090230801620248 0.813042241807868 0.0008513181266842367 2.5722530681928677e-05 [4099.302490234,-3766.998046875] -1.906138444414536 -1.7375526962619663 5.870014827434403 40.765560112372896 31.24036393157303 1.8146212009891818e-06 3.5520925348146145e-06 2.7471900091358423e-06 4.669983917964232e-06 2.6647102655024023e-06 4.6593701482482894e-06
152.74333190502335 -7.2509992378631924 0.28710938 0.47131348 [152.74333190502335,-7.2509992378631924] -0.974703484194803 1.234440024311076 0.0005578489541767951 2.5591475179961147e-05 [4098.883544922,-3754.124023438] -1.5817917217017743 -1.4035925478511295 5.899137025505945 40.70505306723112 31.162774797289785 -3.75030184640752e-07 2.7374952930694527e-06 2.3358530824741056e-07 3.554864379896548e-06 1.650207959052343e-07 3.5544766021384302e-06
153.16317751211216 -8.130429486588376 0.32226562 0.8076172 [153.16317751211216,-8.130429486588376] -10.4409066616983 1.0125497754570567 0.0008281594484423276 3.116298466225026e-05 [4837.807617188,-2166.541992188] -7.067333694373303 -3.8983667536401487 6.260788566985218 37.04787201050749 17.094974397248734 -3.0689094257962967e-06 2.1847559865974594e-06 -9.915987388351224e-07 2.7848802726812303e-06 -1.9230573591989344e-06 2.8081344913658853e-06
150.36076367671922 -9.215385485255892 0.36328125 1.2353516 [150.36076367671922,-9.215385485255892] -2.095690188174882 3.017636877284223 0.00017986273692798107 2.017051000117268e-05 [-153.5766601562,-232.3803710938] -4.182321508666174 -6.584978270543841 5.670245999883836 3.9336669309718673 33.69234831504082 -4.980585843578834e-07 1.8136420267820093e-06 4.959056674621358e-07 2.2594715007888986e-06 1.066917466949946e-06 2.2653328287377774e-06
153.10035699501043 -8.275777814401923 0.3203125 0.7988281 [153.10035699501043,-8.275777814401923] -12.823037827471873 2.0349090821729185 0.0003896020475465627 2.9462862836990746e-05 [4724.262451172,-1905.824707031] -6.288186025294704 -3.5667373422998176 6.361310261593945 35.29975958005775 16.162854673144466 -3.789770266547992e-06 2.309825293831637e-06 -1.931335412824814e-06 2.890738821395285e-06 -2.7356428974876426e-06 2.921927159427767e-06
153.1208495607736 -8.617295386646509 0.33203125 0.90185547 [153.1208495607736,-8.617295386646509] -3.4669465505357477 2.2657299163620452 0.00033082678387410885 2.7855919914731822e-05 [4756.514404297,-1290.91015625] -6.203045020449979 -5.0209363840311845 5.9093632057281695 32.622245821415845 12.235862763530122 -9.643336218956733e-07 2.056024740674827e-06 7.610477141471566e-07 2.629494181770465e-06 4.3224336535910405e-07 2.62635982686189e-06
150.69274899784804 -9.909396235838374 0.36328125 1.2353516 [150.69274899784804,-9.909396235838374] -15.807049630297513 1.576212674671377 0.00034230348540586976 2.0050944728901723e-05 [435.3955078125,1016.954101562] -7.248513616996748 -9.282363514236913 5.416709240910391 1.1266912469063755 22.991331083980185 -3.7566796877534494e-06 1.824100343030251e-06 -2.03400882201622e-06 2.165199260441858e-06 -1.5506471083756867e-06 2.153275031759642e-06
151.3008269359829 -9.50043863466489 0.3203125 0.80200195 [151.3008269359829,-9.50043863466489] -4.949657740740064 3.0105701328382555 0.00018293694092807067 2.0467220316171674e-05 [1515.399414062,282.5263671875] -5.5144965557485985 -7.754782225582707 5.030784030968194 9.725009713280087 21.311378883062616 -1.4599436402908945e-06 2.2702026694259777e-06 1.6660401162159088e-07 2.693467443109421e-06 8.273953203192517e-07 2.6993110760845624e-06
153.1615905119103 -7.308631892874178 0.3515625 1.1000977 [153.1615905119103,-7.308631892874178] -0.21028111503374014 1.7964316739434572 0.0004499921537069017 3.0041689160314433e-05 [4844.390625,-3645.155273438] -3.828789580368819 -3.0439089816845324 5.505253764543326 43.85127427149291 26.169534647699493 -5.29582085743802e-08 1.8200672323542627e-06 9.113025960730141e-07 2.294074704017733e-06 7.136344866736633e-07 2.2917190600612114e-06
151.69042957816944 -10.63193129238015 0.32617188 0.84472656 [151.69042957816944,-10.63193129238015] -3.8290900336727356 1.0329582044322358 0.0005532589950984155 2.123830905159285e-05 [2199.228515625,2321.059082031] -11.298742522770063 -13.894147764545636 5.868643191544454 3.630100232056293 5.40942462806197 -1.1004900920482006e-06 2.047069987989658e-06 2.1467968846400224e-06 2.681322569966889e-06 2.892722869222943e-06 2.7129420971578184e-06
151.96348561100353 -7.40306545193096 0.36328125 1.2143555 [151.96348561100353,-7.40306545193096] -4.393880402833325 0.7348549048386723 0.0008532555802613566 2.3301798243768732e-05 [2706.243652344,-3488.095703125] -2.6243168465920603 -0.41074869437217565 5.9246622904807325 32.67005205160149 37.48115449674083 -1.0532317665381808e-06 1.6971388514596992e-06 -4.2417188896169224e-07 2.2065430729834768e-06 -9.547735625556843e-07 2.2115896808241325e-06
152.08340466916556 -7.052868149775517 0.34375 1.0317383 [152.08340466916556,-7.052868149775517] -0.23318722241344275 2.5973439253147266 0.000281829747817926 2.720351324735866e-05 [2922.481445312,-4117.05859375] -3.9733791529091693 -2.2379360356638403 5.845984028772309 36.56920337739393 40.15825128154847 -6.064131512283285e-08 1.9416863255109466e-06 9.726525970403803e-07 2.4728850221156867e-06 5.213433363466928e-07 2.4679925675981117e-06
152.26599119861686 -7.130997155807754 0.31054688 0.6887207 [152.26599119861686,-7.130997155807754] -4.54692935922426 0.11829712095202269 0.005944983301646703 2.6135662748148807e-05 [3247.951171875,-3974.940429688] -2.394247103002192 -1.64470549560016 5.7656226117690785 37.53041025769221 37.41825681779642 -1.4472557116477308e-06 2.255893908872106e-06 -6.851836579250565e-07 2.8915560056450422e-06 -9.23757492424936e-07 2.8954647204090013e-06
150.5271453615886 -7.825010738611095 0.296875 0.56396484 [150.5271453615886,-7.825010738611095] -6.039339518906905 1.8105089637674194 0.00030267682361495406 2.0365193936304728e-05 [142.55859375,-2734.737304688] -2.0809121792592227 -1.0976170324427494 5.566428080610443 16.643285469496732 47.207885038137874 -2.124281484002625e-06 2.6109522056653764e-06 -1.3923399863608432e-06 3.232867872916808e-06 -1.7382049053892636e-06 3.2457993283375337e-06
153.13606268774853 -7.919960674340291 0.32617188 0.85375977 [153.13606268774853,-7.919960674340291] -14.546829054659966 1.427370805553405 0.0005684833787265817 3.0155274368264204e-05 [4792.025878906,-2545.645507812] -6.911092393111965 -3.7955017889715617 5.645986855995568 38.566827239272016 19.684546657204464 -4.1586189414927736e-06 2.2231106812632405e-06 -2.182889411406957e-06 2.64362678556755e-06 -3.0735683388646667e-06 2.682819405641226e-06
151.17695618960056 -8.666441017006886 0.33789062 0.9765625 [151.17695618960056,-8.666441017006886] -6.597014750923488 2.578228954497413 0.00021243213608170935 2.0354029548942834e-05 [1298.52734375,-1219.130371094] -2.830806008708531 -3.329359877536904 5.422250946610683 15.507349916180829 31.5442778224799 -1.7633806371101836e-06 2.02341365188428e-06 -1.0067067942219278e-06 2.4728840116642896e-06 -8.734434513250128e-07 2.4709566922521547e-06
150.97987363884906 -9.015189070678652 0.3828125 1.4277344 [150.97987363884906,-9.015189070678652] 59.440842089319545 2.5599255598957154 0.00021685725925814597 2.063051191479689e-05 [946.9545898438,-592.0366210938] -5.115467726882677 -6.235449127903527 5.82554441565609 10.944649286145705 29.732347175127643 1.3140439153686165e-05 2.686440905153528e-06 1.4271302883825437e-05 3.111868322502344e-06 1.4518894387176949e-05 3.1415883391157228e-06
150.98672479556853 -9.015377100746642 0.3828125 1.4277344 [150.98672479556853,-9.015377100746642] 6.516816173080774 0.43496523643466334 0.0012791689238596687 2.0677172537122917e-05 [959.1333007812,-591.6796875] -5.115467726882677 -6.235449127903527 5.82554441565609 11.002485080839051 29.66214252706982 1.4406563465141876e-06 1.567811063923883e-06 2.5715200766534557e-06 2.0578771352654876e-06 2.8191115800049716e-06 2.0663148596271498e-06
150.1003724476379 -8.995250605468655 0.37695312 1.362793 [150.1003724476379,-8.995250605468655] 6.888898597478633 0.5919153173738178 0.000915921494956911 2.0147749056615527e-05 [-616.6079101562,-628.3344726562] -3.976884446725373 -5.440846737743249 6.104502185888238 3.449219163227781 38.61883850684558 1.558775187963411e-06 1.6102422547552874e-06 2.4586387457202337e-06 2.144589555154064e-06 2.789894615299727e-06 2.1555978392517188e-06
151.31471246081236 -7.567394822932362 0.32421875 0.83618164 [151.31471246081236,-7.567394822932362] -14.894122644573446 1.519350353475311 0.000378242928322614 2.1356862497666644e-05 [1547.859863281,-3196.369140625] -3.121119299133596 -1.2547748427619236 6.110772996497511 25.65351158374301 42.21728688952362 -4.302424381159021e-06 2.264302202275939e-06 -3.400835204706868e-06 2.8152642532192123e-06 -3.9399610118694705e-06 2.847194497390608e-06
151.06820668225038 -10.339466230422115 0.35546875 1.15625 [151.06820668225038,-10.339466230422115] 6.438848212395307 0.6096298211890225 0.0008936488866908476 2.0246120857455102e-05 [1099.643066406,1791.821777344] -8.280596545902805 -10.89331265360693 4.961471352336921 0.7897285415956503 14.7114647539006 1.5817248895636253e-06 1.7489258579377478e-06 3.6158815003492404e-06 2.208999728286891e-06 4.257704068702975e-06 2.2449986439780752e-06
152.3488005987461 -8.342064015663679 0.33398438 0.93481445 [152.3488005987461,-8.342064015663679] -3.298650911417564 1.547169516085314 0.0003915342986004806 2.2512121060633954e-05 [3386.042480469,-1795.166503906] -4.219674109270861 -2.5053949422585884 5.773456582865119 28.305162804556176 23.21064034744336 -9.012022816945083e-07 1.9668568390360844e-06 2.516265678571811e-07 2.515258448225703e-06 -2.167201406185302e-07 2.5151284157787715e-06
151.29631029903663 -8.275247478394649 0.34179688 1.0078125 [151.29631029903663,-8.275247478394649] -15.352441137631335 1.0317154206729096 0.0005379244101834525 2.0624806244020698e-05 [1512.427734375,-1922.71875] -3.4803336164289025 -3.3955762189879906 5.881606356572413 19.739882685066505 34.61296899671902 -4.039579920791152e-06 2.0168185733329575e-06 -3.123824200346177e-06 2.4941554017917773e-06 -3.1461258185560387e-06 2.4951882964892057e-06
153.02227784792578 -9.239193946945095 0.35742188 1.1538086 [153.02227784792578,-9.239193946945095] -19.664356103912134 1.28333476471843 0.0005480129728704123 2.613602288967661e-05 [4573.468505859,-172.8603515625] -5.724839304747936 -7.2889488673297205 6.260167956409927 26.57060336364657 6.559156836472539 -4.835723714912606e-06 1.9527397221528855e-06 -3.4279104591037456e-06 2.4103517021199638e-06 -3.0432753525927533e-06 2.3937253915448594e-06
151.55320728219138 -10.541117671892184 0.37304688 1.3085938 [151.55320728219138,-10.541117671892184] -10.055478859377374 1.709491179753213 0.0003269934795010848 2.0773738485444507e-05 [1957.099121094,2156.826171875] -9.832795866566755 -13.029577656102337 5.960418626124223 3.230547572805335 7.742074037993461 -2.3219291865279475e-06 1.7093040500640198e-06 -5.1420140958098897e-08 2.1593697477966244e-06 6.867546435437419e-07 2.1624534407771224e-06
152.1077422898734 -9.092027753494369 0.36328125 1.2207031 [152.1077422898734,-9.092027753494369] -3.752558354980298 2.5086333954460587 0.00022621498781374082 2.1089548306134658e-05 [2951.009521484,-447.5024414062] -4.040016182879771 -6.423312819151904 5.554449222443348 20.023474010739392 17.54759428475063 -8.971623928397055e-07 1.7846194510092445e-06 6.872547428250444e-08 2.219040940544595e-06 6.385245049110243e-07 2.2217852516344726e-06
152.10935980148258 -9.089268715131393 0.36328125 1.2207031 [152.10935980148258,-9.089268715131393] -13.873457590873489 2.798724682989822 0.00020297232900584993 2.111084982002438e-05 [2953.906005859,-452.455078125] -4.040016182879771 -6.423312819151904 5.554449222443348 20.06022006727835 17.56081898010416 -3.3168689815760595e-06 1.8924147628706273e-06 -2.3509811144538495e-06 2.275774870480523e-06 -1.7811820838253295e-06 2.260076926226898e-06
150.60899356371982 -7.758895425889274 0.328125 0.88793945 [150.60899356371982,-7.758895425889274] 0.4403572408476835 2.5459993932781098 0.00021584127003558475 2.0422151176406607e-05 [288.55859375,-2853.651367188] -2.2034784163043244 -0.9520908113350286 5.704560593717023 17.897220513345474 47.12905801545503 1.2344175840898906e-07 2.0881683476287088e-06 7.411249144785028e-07 2.634419541154111e-06 3.9033362032091567e-07 2.631235713261353e-06
152.6895142013176 -7.18231227791508 0.328125 0.87475586 [152.6895142013176,-7.18231227791508] 5.489471112840853 0.12418425010188595 0.005609951407527594 2.5890135404089248e-05 [4003.469238281,-3878.291015625] -1.9520134821929391 -1.8152918710559627 5.9065707620042955 40.80130208966716 32.484584476041846 1.550371256786644e-06 2.0034264556459936e-06 2.1016712879631953e-06 2.6236697716363908e-06 2.063057503186645e-06 2.6223431544637623e-06
152.68922424978726 -7.180998586626861 0.328125 0.87475586 [152.68922424978726,-7.180998586626861] 5.795816959267005 0.1337731103446188 0.005213982060630058 2.592071999459801e-05 [4002.963378906,-3880.657226562] -1.9520134821929391 -1.8152918710559627 5.9065707620042955 40.80955534974646 32.50221911368135 1.636891394186418e-06 2.0064517741769456e-06 2.1881914253629695e-06 2.6267665718582468e-06 2.1495776405864186e-06 2.6253864504189324e-06
150.60374447717587 -8.17513943264743 0.328125 0.8774414 [150.60374447717587,-8.17513943264743] -3.772223504078263 2.3548692692334554 0.00023235140914318908 2.0333906212336925e-05 [278.9140625,-2104.634765625] -3.429524984487663 -3.121153111637456 5.671197284641477 14.494948122368442 42.60232293354284 -1.0637436695304188e-06 2.094326670127771e-06 -9.663886044340377e-08 2.625920297446729e-06 -1.8359781906581995e-07 2.6261200968506826e-06
153.25494388073287 -8.493948915487042 0.33398438 0.93408203 [153.25494388073287,-8.493948915487042] -20.943435230046855 0.8027062719986048 0.0010428090946520187 3.110786242898052e-05 [4996.504150391,-1511.053710938] -6.286542308825081 -3.75646663982162 6.103672634602868 34.79491230808185 12.17427234374395 -5.724058232737953e-06 2.2407493535391866e-06 -4.0058809679757796e-06 2.670974846185561e-06 -4.697376909474047e-06 2.715732919585949e-06
