data_processed/hvc_rms/hvc_rms_index_23.ecsv
# %ECSV 1.0
# ---
# datatype:
# - {name: ra_dec_obj.ra, unit: deg, datatype: float64}
# - {name: ra_dec_obj.dec, unit: deg, datatype: float64}
# - {name: 'H-alpha flux [Error]', unit: R, datatype: float32}
# - {name: H-alpha flux, unit: R, datatype: float32}
# - {name: ra_dec_deg, datatype: string, subtype: 'float64[2]'}
# - {name: RM, unit: rad / m2, datatype: float64}
# - {name: RM_uncert, unit: rad / m2, datatype: float64}
# - {name: pol_int, datatype: float64}
# - {name: pol_int_uncert, datatype: float64}
# - {name: ra_dec_pix_offsets, datatype: string, subtype: 'float64[2]'}
# - {name: interpolation_raw, unit: rad / m2, datatype: float64}
# - {name: interpolation_cor, unit: rad / m2, datatype: float64}
# - {name: interpolation_unc, unit: rad / m2, datatype: float64}
# - {name: pixel location x, datatype: float64}
# - {name: pixel location y, datatype: float64}
# meta: !!omap
# - __serialized_columns__:
#     ra_dec_obj:
#       __class__: astropy.coordinates.sky_coordinate.SkyCoord
#       dec: !astropy.table.SerializedColumn
#         __class__: astropy.coordinates.angles.Latitude
#         unit: &id001 !astropy.units.Unit {unit: deg}
#         value: !astropy.table.SerializedColumn {name: ra_dec_obj.dec}
#       frame: icrs
#       ra: !astropy.table.SerializedColumn
#         __class__: astropy.coordinates.angles.Longitude
#         unit: *id001
#         value: !astropy.table.SerializedColumn {name: ra_dec_obj.ra}
#         wrap_angle: !astropy.coordinates.Angle
#           unit: *id001
#           value: 360.0
#       representation_type: spherical
# schema: astropy-2.0
ra_dec_obj.ra ra_dec_obj.dec "H-alpha flux [Error]" "H-alpha flux" ra_dec_deg RM RM_uncert pol_int pol_int_uncert ra_dec_pix_offsets interpolation_raw interpolation_cor interpolation_unc "pixel location x" "pixel location y"
[from data line 947]
197.57420372729771 -45.84171308031109 1.6875 4.9101562 [197.57420372729771,-45.84171308031109] -57.864981762362596 0.3133282162546079 0.0014098110514231396 1.6416067158059357e-05 [-1473.294921875,-1178.24609375] -62.78585954244453 -60.270396099515565 11.326479247922542 56.85235379583696 57.64508010399118
200.89320382120147 -47.537692900016914 2.1875 9.894531 [200.89320382120147,-47.537692900016914] 28.255518065641432 0.8544969696967526 0.0005796145750403666 1.8405962286508514e-05 [2604.790527344,1898.746582031] -42.02896455747299 -55.5482297875793 9.345566626764857 33.80827970596761 31.55604938031979
200.89019790084248 -47.53534322504991 2.1875 9.894531 [200.89019790084248,-47.53534322504991] 29.295132691717924 0.9175170518614671 0.0005373921022758008 1.832374026075142e-05 [2601.256835938,1894.420410156] -42.02896455747299 -55.5482297875793 9.345566626764857 33.839376200928655 31.577291578479844
197.95356768336507 -46.97170647402038 1.875 6.7714844 [197.95356768336507,-46.97170647402038] 13.312756121842611 1.1743009661335508 0.0003779290534124101 1.649295222936634e-05 [-977.1840820312,849.6640625] -55.49872217704855 -57.753257158844704 9.985475158061629 43.086294690691375 55.50463710606891
197.95483388468813 -46.9754028296592 1.875 6.7714844 [197.95483388468813,-46.9754028296592] 19.20523670139251 0.33062254085254245 0.0013426940765556975 1.6497503732293906e-05 [-975.5615234375,856.3012695312] -55.49872217704855 -57.753257158844704 9.985475158061629 43.04123685422019 55.497685730429566
197.95602422051448 -46.97838217362011 1.875 6.7714844 [197.95602422051448,-46.97838217362011] 15.602542585517 0.2647584726837118 0.0016695612740916888 1.642710120848738e-05 [-974.0454101562,861.6489257812] -55.49872217704855 -57.753257158844704 9.985475158061629 43.00480503417316 55.49064491858621
197.95414717288907 -46.97770299441131 1.875 6.7714844 [197.95414717288907,-46.97770299441131] 15.686479631566066 0.23519199984534325 0.0018787895395335822 1.642136981331634e-05 [-976.3627929688,860.4497070312] -55.49872217704855 -57.753257158844704 9.985475158061629 43.014189838673474 55.50586307207277
202.24044789764403 -46.69476697298473 1.875 6.75 [202.24044789764403,-46.69476697298473] -59.25810197194312 2.7995495860379473 0.0002133366228244337 2.2195364582213577e-05 [4307.616455078,441.4379882812] -50.17476902212506 -61.50783291773668 8.33529369463727 42.28656026651606 18.794483158357252
199.56808486726388 -44.70072191263242 1.6875 4.8496094 [199.56808486726388,-44.70072191263242] -91.91395500431635 2.8263204501759027 0.0001784714365740147 1.8745577462186448e-05 [1047.641113281,-3237.075195312] -94.1387483149877 -67.65135683635917 12.23548769482586 68.92034280964663 38.74270840713575
200.94081127926162 -45.892688740232245 1.7578125 5.5585938 [200.94081127926162,-45.892688740232245] -63.35612562753553 1.6578385321283826 0.0003085015357781648 1.9006767532786125e-05 [2744.997070312,-1059.409179688] -51.48404781443216 -59.45339755001284 8.360019411509327 53.33093608672448 28.492534667199607
201.44204716210703 -46.46231854566594 1.875 6.7773438 [201.44204716210703,-46.46231854566594] -30.69024342386223 2.812979368678058 0.000183185059419123 1.9149846616903308e-05 [3337.632324219,-15.2841796875] -45.47091681568763 -61.19099732011477 7.610979176015554 45.99778962672008 25.14948162512269
201.8897705275439 -45.74790966373923 1.8203125 6.1933594 [201.8897705275439,-45.74790966373923] -62.01109429375806 1.1309374816046454 0.0004900685656386496 2.059700846295327e-05 [3942.797607422,-1279.686523438] -53.68504083302224 -55.87816163075311 7.430598538126395 53.95488354692543 20.038662006902996
196.62124662727493 -46.27472680007621 1.6953125 4.9765625 [196.62124662727493,-46.27472680007621] -20.15533738193111 1.516635017480276 0.00029479939378184377 1.6615613003816744e-05 [-2646.905273438,-374.1337890625] -59.29825694808986 -59.42132521084245 11.14599605410284 52.21356219961558 66.28338925727053
196.62013258074197 -46.27727887594296 1.6953125 4.9765625 [196.62013258074197,-46.27727887594296] -16.822912373612485 1.7040855478846249 0.0002620359852300471 1.659438008831327e-05 [-2648.166992188,-369.5043945312] -59.29825694808986 -59.42132521084245 11.14599605410284 52.183556796153425 66.2949543475795
201.38912957201552 -46.582008412994334 1.859375 6.59375 [201.38912957201552,-46.582008412994334] -58.36280966338555 2.476818529044361 0.0002085004092673098 1.9191539001105308e-05 [3264.892578125,197.8237304688] -46.499737667574976 -60.93008264264435 7.546570585636659 44.63536401542501 25.80526450005914
198.53369158026408 -44.77581774395629 1.6953125 4.9257812 [198.53369158026408,-44.77581774395629] -84.5710357994544 0.21953744708102804 0.002105120534676223 1.717490250673694e-05 [-275.3901367188,-3107.008789062] -85.43047310720046 -71.30949132073637 13.458591698100417 68.9132239872597 48.05705527511259
202.23066711119537 -44.669063583956806 1.6875 4.8964844 [202.23066711119537,-44.669063583956806] -63.883163384338985 2.4566970327126714 0.0002638739254560666 2.409110842553708e-05 [4453.940185547,-3201.305664062] -71.31845263662345 -62.63106477161677 9.61497084647371 66.32727569081953 15.037170734658957
201.00360104503847 -45.78334821508165 1.75 5.529297 [201.00360104503847,-45.78334821508165] -50.31712604218211 0.8855445291995376 0.0005819257606538139 1.9150789844714218e-05 [2829.153320312,-1253.916992188] -52.53336606628272 -59.22819276006612 8.475360549437807 54.56287761407543 27.769762083804835
202.5684052147659 -46.66331468159177 1.828125 6.2890625 [202.5684052147659,-46.66331468159177] -51.45629478689689 2.828186258751917 0.00023829100734606854 2.504519193107361e-05 [4714.429199219,403.611328125] -53.6165324607895 -62.6736422488957 8.169950425227459 42.24563179035272 15.96297399222135
198.02287292350232 -48.48701101520302 2.265625 10.636719 [198.02287292350232,-48.48701101520302] 127.7412842391548 1.132643924026138 0.0004448226975251753 1.872358653451493e-05 [-866.455078125,3575.569091797] -53.39747572153572 -53.26007923833324 14.444176036189507 24.918354056752833 56.478092343587605
201.6971130872236 -44.8391569231963 1.75 5.4746094 [201.6971130872236,-44.8391569231963] -105.85414782357546 1.742148924648021 0.00033141568353313173 2.1456902954251706e-05 [3760.919433594,-2923.264648438] -76.18511335593374 -69.154561622491 11.317970189108006 64.98046816142369 20.072310255766297
202.10720833581766 -45.81739430888284 1.9296875 7.3203125 [202.10720833581766,-45.81739430888284] -46.952857027134534 1.6274896512402117 0.0003533338958639058 2.137037980967685e-05 [4210.226318359,-1143.508789062] -56.87868486134757 -57.15709148269179 7.63758775832622 52.86176088417892 18.288846670074463
197.14048805866233 -45.52132790851767 1.640625 4.373047 [197.14048805866233,-45.52132790851767] -70.60615924811474 0.6117972185550182 0.0007129380868431885 1.6209440243881498e-05 [-2028.583007812,-1745.172851562] -64.24090205384036 -64.35885599535034 11.433621984638037 60.95217844295962 61.14512292859558
201.47695915606604 -46.43913279259073 1.875 6.7773438 [201.47695915606604,-46.43913279259073] -53.685780145926834 2.37236208120286 0.00021972327984221256 1.9371611479966486e-05 [3382.310302734,-55.50927734375] -45.47091681568763 -61.19099732011477 7.610979176015554 46.23337486102946 24.8120073976595
199.81277450675455 -47.78045275388065 1.984375 7.8046875 [199.81277450675455,-47.78045275388065] 27.999483955442003 2.019408771048121 0.000228863124576928 1.7175475303262115e-05 [1286.407226562,2308.942626953] -43.444932399397544 -54.463917958290345 9.292219379471753 31.965205604548373 40.88933509158369
201.67497252735228 -45.20547103863416 1.8203125 6.1972656 [201.67497252735228,-45.20547103863416] -88.6361995430705 1.7245696408148627 0.0003351670697041269 2.1480816351697827e-05 [3708.896484375,-2265.611328125] -68.04936526276163 -63.48954970048679 9.497559387073837 60.656823906666204 20.926357261605972
202.57562256418072 -46.11189654433548 2.015625 8.136719 [202.57562256418072,-46.11189654433548] -67.5190171730303 1.361242171296819 0.0004861000613620663 2.4590636729317505e-05 [4771.271972656,-587.3427734375] -54.51957689857312 -59.05753919810004 8.273847376070023 48.772135698134434 14.82682543866531
201.9740142645148 -46.51010512513975 1.859375 6.6308594 [201.9740142645148,-46.51010512513975] -83.93575456484088 2.8207062607137683 0.00019995417403040588 2.0960278077169238e-05 [3992.827148438,95.35107421875] -47.16631245320116 -59.469763016955035 7.792076488945403 44.80438754286888 20.70969189825746
199.33975221813688 -44.662304090385426 1.7578125 5.6015625 [199.33975221813688,-44.662304090385426] -63.79713242648268 2.742731311048911 0.00018179403842844157 1.8529837252395514e-05 [756.0297851562,-3308.793945312] -95.93542725315308 -69.65871920910976 12.479542206623993 69.58798145104288 40.72654563593687
199.60083002136273 -44.77538272967476 1.703125 5.0195312 [199.60083002136273,-44.77538272967476] -122.03330692152255 1.1582194647767696 0.0004288222940133031 1.8457671750062408e-05 [1088.126953125,-3102.314453125] -97.6810708565105 -68.98111779451132 12.383120789759204 67.9992359960579 38.55428427003676
201.86389163477364 -45.504669111559394 1.859375 6.6308594 [201.86389163477364,-45.504669111559394] -61.372559477618076 2.4397033422258296 0.0002373940147927684 2.1523628604555328e-05 [3927.340576172,-1718.418945312] -56.29417883070115 -54.11853588446999 8.236510389257951 56.87426512115121 19.818880808693848
200.37069694804035 -46.678710855634456 1.8671875 6.7089844 [200.37069694804035,-46.678710855634456] -54.92120145127756 1.177342618075886 0.0004068223437708722 1.7799850955054607e-05 [2002.228515625,337.8823242188] -45.3332070481251 -56.21803590837396 9.226491165158606 44.56816989333606 34.61340247148655
200.3828886648524 -46.68243779732033 1.8671875 6.7089844 [200.3828886648524,-46.68243779732033] -56.34701973819362 2.2988380997063445 0.00020745336739257675 1.7723013902618e-05 [2017.139648438,344.8994140625] -45.3332070481251 -56.21803590837396 9.226491165158606 44.511625266685314 34.515445137906
196.941971034658 -45.13298779144475 1.625 4.2246094 [196.941971034658,-45.13298779144475] 20.909734652109734 0.8851887872395309 0.0005225117067098316 1.718860503439002e-05 [-2294.516601562,-2438.44140625] -65.18788816109982 -66.57346216782457 11.002045029995326 65.71539271036431 62.564337565633195
200.78157026119868 -45.43553154451367 1.8515625 6.4902344 [200.78157026119868,-45.43553154451367] -60.133043831111955 2.3163211723498045 0.00022680449281640215 1.9523565480304532e-05 [2566.499023438,-1887.264648438] -64.38350933476454 -63.359682335763736 10.575028257718545 58.94352999535931 29.134179125992887
202.1529235888561 -45.56423565297748 1.7890625 5.9257812 [202.1529235888561,-45.56423565297748] -61.17090628365563 1.5941180259023655 0.0003746829907315478 2.2196942345097285e-05 [4286.831787109,-1596.278320312] -58.42821429834827 -51.66294843728102 7.401201218992948 55.80807999913577 17.418552360323247
199.7604065787541 -44.95467768213353 1.7421875 5.40625 [199.7604065787541,-44.95467768213353] -83.07940864060306 1.4446816564742502 0.0003416178510204951 1.8340932731304875e-05 [1287.987792969,-2777.338867188] -105.47462258874106 -74.92084751262738 13.430606289945574 65.7103626580847 37.38880056138191
197.40945437472416 -46.77457045830799 1.78125 5.814453 [197.40945437472416,-46.77457045830799] -30.14351827169192 0.7992710775032796 0.0005536300115908592 1.644456635762617e-05 [-1651.4296875,503.9184570312] -56.17833323781055 -58.511097178037495 10.411036965281806 45.79190428197285 59.93974024550016
197.41374197975455 -46.782871285100654 1.7734375 5.7304688 [197.41374197975455,-46.782871285100654] -27.277842154460668 0.6286071009381646 0.0007083904746672463 1.6548578660775002e-05 [-1645.891601562,518.7680664062] -56.43689752057161 -58.703525396752184 10.316659554294548 45.68997477417406 59.91080137412132
197.4088136272507 -46.77166379300654 1.78125 5.814453 [197.4088136272507,-46.77166379300654] -28.69126362270706 0.586224546501807 0.0007539827127421199 1.6426085952370904e-05 [-1652.30859375,498.7006835938] -56.17833323781055 -58.511097178037495 10.411036965281806 45.827076807253206 59.94253888119283
197.41325400824067 -46.77625652985231 1.78125 5.814453 [197.41325400824067,-46.77625652985231] -32.17389035605186 1.9167804348554074 0.0002309923666334243 1.645427302928029e-05 [-1646.6953125,506.8735351562] -56.17833323781055 -58.511097178037495 10.411036965281806 45.76943186756375 59.908892275184144
201.77934265937188 -44.270961643135784 1.7421875 5.4375 [201.77934265937188,-44.270961643135784] -110.67064188571997 2.42256849606214 0.0002776955958354631 2.500079162557446e-05 [3903.652099609,-3940.724609375] -68.61894589648263 -62.648016071726566 9.755023429635887 71.62595382965446 18.30746907039702
202.53607168803973 -46.66099536941375 1.84375 6.4277344 [202.53607168803973,-46.66099536941375] -50.47620359408574 3.106318461760128 0.00021384528189782973 2.468620628607884e-05 [4674.775634766,397.5200195312] -53.868436820707686 -62.82123098457427 8.119496989363324 42.31456960503397 16.231695540209103
201.48561097865803 -46.51183324287693 1.890625 6.935547 [201.48561097865803,-46.51183324287693] -47.90290336657898 2.265610130170713 0.00023167074159409964 1.9505858521854215e-05 [3388.501464844,75.64404296875] -45.52135126929787 -61.092116343458905 7.582554564604245 45.35948919239968 24.864298644696873
201.48527529680908 -46.50621802786514 1.890625 6.935547 [201.48527529680908,-46.50621802786514] -39.161859510033004 2.9804408824290434 0.00017597440048939817 1.94912059065516e-05 [3388.436035156,65.5283203125] -45.52135126929787 -61.092116343458905 7.582554564604245 45.42660415695127 24.857424985737225
201.88473512237834 -47.683475493272475 2.09375 8.9375 [201.88473512237834,-47.683475493272475] -12.740352203963306 0.40818397252717425 0.0012768941056481757 1.9369550098459728e-05 [3797.797363281,2201.138427734] -44.246806478900034 -55.916702510629406 9.863931050992957 30.97982939300664 23.581766269028776
201.87879953662224 -47.681961047850784 2.09375 8.9375 [201.87879953662224,-47.681961047850784] -8.170842210829436 0.15021707259887404 0.003486110141993244 1.946117696297145e-05 [3790.725341797,2198.130126953] -44.246806478900034 -55.916702510629406 9.863931050992957 31.004733104167826 23.6281214491205
201.88616950693807 -47.68391804209552 2.09375 8.9375 [201.88616950693807,-47.68391804209552] -12.824726436322724 0.491880593593118 0.0010621386223002905 1.9415545316439146e-05 [3799.500732422,2202.003173828] -44.246806478900034 -55.916702510629406 9.863931050992957 30.972901385556042 23.570701982052697
201.27801504125483 -45.654384534707596 1.8984375 6.9726562 [201.27801504125483,-45.654384534707596] -69.26227607592757 1.7516925365774816 0.0003019497906351626 1.965627934825961e-05 [3180.647705078,-1475.488769531] -53.285763683255055 -57.91182573882878 8.832213582040888 55.7887088891398 25.173859045139125
196.78569062140625 -44.730148579809345 1.640625 4.373047 [196.78569062140625,-44.730148579809345] -31.34737607140013 0.672083375396098 0.0007210350055015723 1.8008942266258432e-05 [-2510.413085938,-3158.321289062] -65.56964351441619 -63.26233451752454 11.445639218939709 70.62583079282058 63.62457332863323
196.8212739543899 -44.72521970669867 1.640625 4.373047 [196.8212739543899,-44.72521970669867] -34.00943269398816 0.41163506605417016 0.0011682534409954242 1.7871381922314916e-05 [-2465.146484375,-3168.307617188] -65.56964351441619 -63.26233451752454 11.445639218939709 70.66532242273865 63.302154439627884
