data_processed/hvc_rms/hvc_rms_index_21_with_B.ecsv
# %ECSV 1.0
# ---
# datatype:
# - {name: ra_dec_obj.ra, unit: deg, datatype: float64}
# - {name: ra_dec_obj.dec, unit: deg, datatype: float64}
# - {name: 'H-alpha flux [Error]', unit: R, datatype: float32}
# - {name: H-alpha flux, unit: R, datatype: float32}
# - {name: ra_dec_deg, datatype: string, subtype: 'float64[2]'}
# - {name: RM, unit: rad / m2, datatype: float64}
# - {name: RM_uncert, unit: rad / m2, datatype: float64}
# - {name: pol_int, datatype: float64}
# - {name: pol_int_uncert, datatype: float64}
# - {name: ra_dec_pix_offsets, datatype: string, subtype: 'float64[2]'}
# - {name: interpolation_raw, unit: rad / m2, datatype: float64}
# - {name: interpolation_cor, unit: rad / m2, datatype: float64}
# - {name: interpolation_unc, unit: rad / m2, datatype: float64}
# - {name: pixel location x, datatype: float64}
# - {name: pixel location y, datatype: float64}
# - {name: 'B_virtual [raw]', unit: G, datatype: float64}
# - {name: 'B_virtual_unc [raw]', unit: G, datatype: float64}
# - {name: 'B_virtual [int]', unit: G, datatype: float64}
# - {name: 'B_virtual_unc [int]', unit: G, datatype: float64}
# - {name: 'B_virtual [cor]', unit: G, datatype: float64}
# - {name: 'B_virtual_unc [cor]', unit: G, datatype: float64}
# meta: !!omap
# - __serialized_columns__:
#     ra_dec_obj:
#       __class__: astropy.coordinates.sky_coordinate.SkyCoord
#       dec: !astropy.table.SerializedColumn
#         __class__: astropy.coordinates.angles.Latitude
#         unit: &id001 !astropy.units.Unit {unit: deg}
#         value: !astropy.table.SerializedColumn {name: ra_dec_obj.dec}
#       frame: icrs
#       ra: !astropy.table.SerializedColumn
#         __class__: astropy.coordinates.angles.Longitude
#         unit: *id001
#         value: !astropy.table.SerializedColumn {name: ra_dec_obj.ra}
#         wrap_angle: !astropy.coordinates.Angle
#           unit: *id001
#           value: 360.0
#       representation_type: spherical
# schema: astropy-2.0
ra_dec_obj.ra ra_dec_obj.dec "H-alpha flux [Error]" "H-alpha flux" ra_dec_deg RM RM_uncert pol_int pol_int_uncert ra_dec_pix_offsets interpolation_raw interpolation_cor interpolation_unc "pixel location x" "pixel location y" "B_virtual [raw]" "B_virtual_unc [raw]" "B_virtual [int]" "B_virtual_unc [int]" "B_virtual [cor]" "B_virtual_unc [cor]"
[from data line 918]
179.07263198408637 -69.93443292025526 3.234375 20.289062 [179.07263198408637,-69.93443292025526] -89.75179182926728 1.204517884810192 0.00047323841775987087 2.1183706451098938e-05 [3697.0234375,1009.829101562] 25.17309615270103 45.71163264234865 21.82387879266463 7.149414742826934 39.592002952549365 -5.263332080653222e-06 7.575590026949021e-07 -6.739562937435674e-06 1.5709672467769412e-06 -7.94400839520734e-06 1.650318799815882e-06
177.11428861226022 -68.35960370009687 3.78125 25.742188 [177.11428861226022,-68.35960370009687] 64.27212981765251 0.7872019003953653 0.0006563333644402866 1.9200799783248813e-05 [2678.80078125,-1917.608398438] 31.146426102502097 2.107135073735119 26.944775142093466 23.63423390422838 52.14318606033521 3.3461746222164752e-06 5.344033238025434e-07 1.7246104871454658e-06 1.4637352111543089e-06 3.236471677420359e-06 1.4979095139330038e-06
177.1173097004732 -68.35720087996917 3.78125 25.742188 [177.1173097004732,-68.35720087996917] 62.86036807142666 0.3648509856451144 0.0014024548568898243 1.901573505682842e-05 [2681.084472656,-1921.791015625] 31.146426102502097 2.107135073735119 26.944775142093466 23.665451829353856 52.13718515529672 3.2726746255423406e-06 5.269756802247267e-07 1.6511104904713322e-06 1.4621401484106796e-06 3.1629716807462257e-06 1.4953484468535228e-06
177.1220705963128 -68.37033094916477 3.78125 25.742188 [177.1220705963128,-68.37033094916477] 72.31529756086438 2.1527519667763992 0.0002378316402069639 1.9027088089752495e-05 [2682.6875,-1898.00390625] 31.146426102502097 2.107135073735119 26.944775142093466 23.517723162806078 52.07814234896068 3.7649229017728457e-06 5.802162662090269e-07 2.1433587667018365e-06 1.4748759387174115e-06 3.65521995697673e-06 1.5144494485552768e-06
175.58935531136203 -69.86066434950122 3.109375 19.0625 [175.58935531136203,-69.86066434950122] -42.58933822550626 0.9317174970092068 0.0005411317672498568 1.8736824308101176e-05 [1557.57421875,727.7421875] 16.62511929515559 35.00001822869727 22.53894020888654 4.554894918906484 53.87600828633367 -2.576674726668979e-06 5.295962061368815e-07 -3.582502159085604e-06 1.4937566356241544e-06 -4.694192071628048e-06 1.53851881499284e-06
168.13754219603783 -68.91387931347964 4.21875 30.046875 [168.13754219603783,-68.91387931347964] -73.04879972038941 0.15599253523593956 0.0032248290108352505 1.8694730623339624e-05 [-3193.721679688,-879.3720703125] 16.66965858999677 23.999073572094133 25.762288477614437 5.17001102836673 87.62212347801164 -3.5201572420311936e-06 5.246768589924345e-07 -4.3234533897074694e-06 1.3778978262638437e-06 -4.67665143440964e-06 1.3928450953212193e-06
177.3002013960482 -68.41710669277097 3.765625 25.703125 [177.3002013960482,-68.41710669277097] 38.859981183009175 0.5201265307165006 0.0009814475692086705 1.8970763669763754e-05 [2794.803222656,-1806.041992188] 30.846815252199004 4.06096004317796 25.031278250446036 23.163098236154042 51.173453236674504 2.0246886860036512e-06 4.3468735022931734e-07 4.175031975124835e-07 1.3553572511552512e-06 1.8131039244204334e-06 1.370734515195264e-06
179.37275708911474 -69.09441378764946 3.75 25.4375 [179.37275708911474,-69.09441378764946] -100.69841477159595 1.359643450828397 0.0004168021925351944 2.106026022512599e-05 [4036.632080078,-475.6079101562] 27.71201963645656 18.85688597987371 22.53509222941494 17.26817744227833 40.498891773198466 -5.273926278474709e-06 7.182566443542812e-07 -6.725301147898575e-06 1.4644272524874796e-06 -6.261526994186365e-06 1.4363277727846198e-06
170.02281231472247 -68.1694107400673 4.28125 30.820312 [170.02281231472247,-68.1694107400673] -116.26792216618549 1.6757150060727886 0.00029327406042273094 1.8263437134360286e-05 [-2042.315429688,-2297.258789062] 10.426266313944758 2.7872003935324514 22.88759470528855 16.49150293121238 83.10215819167956 -5.532100057649548e-06 7.161122199657465e-07 -6.028188294214064e-06 1.3314912306124292e-06 -5.664716786068438e-06 1.3107026424795232e-06
170.02668764920162 -68.17719276047613 4.28125 30.820312 [170.02668764920162,-68.17719276047613] -117.41897027639575 1.4837170566918476 0.0003314477401070708 1.827573511005493e-05 [-2039.033203125,-2283.401367188] 10.426266313944758 2.7872003935324514 22.88759470528855 16.409963626649187 83.05312167702186 -5.586867642708392e-06 7.206341618398926e-07 -6.082955879272907e-06 1.3341919124923855e-06 -5.719484371127283e-06 1.31325018071756e-06
172.58207681802256 -68.70248404199535 3.4375 22.34375 [172.58207681802256,-68.70248404199535] 5.163767417829797 1.3702187431585355 0.00035077812735219286 1.7862042252027224e-05 [-322.517578125,-1387.593261719] -1.0788989792011554 1.4913767598734076 21.276365989168653 14.170375353998566 70.2458696167896 2.8856076147881025e-07 4.000579225473568e-07 3.488516084139419e-07 1.2546777206368253e-06 2.0521990224589424e-07 1.2542330986464462e-06
179.53836051268195 -69.27182765394116 3.765625 25.632812 [179.53836051268195,-69.27182765394116] -62.75655947814563 1.3638072354622304 0.0004359348875327164 2.2094456356042476e-05 [4108.748046875,-146.9760742188] 25.371278324434975 21.4868454091167 22.325221682756563 15.332413466012099 39.357676597593354 -3.2742333666750654e-06 5.320935241745408e-07 -4.597943377801371e-06 1.3343459456689604e-06 -4.395278668841742e-06 1.3250970963282751e-06
167.7072746906174 -67.5326387660392 5.28125 40.921875 [167.7072746906174,-67.5326387660392] 40.46390333610737 2.1162999640870317 0.000268434268578482 2.1111733024247324e-05 [-3687.28515625,-3332.01953125] 27.535009879718185 8.826514953245834 31.596626187563817 19.78958410876237 95.72607138301169 1.6708545532669758e-06 3.541507196029332e-07 5.338659575393703e-07 1.3404960137502725e-06 1.3063859409186008e-06 1.346983421095188e-06
174.98170450405374 -68.39031971222832 3.453125 22.546875 [174.98170450405374,-68.39031971222832] -75.87600921969539 2.5973546646902124 0.00018991878693083253 1.8331917188392206e-05 [1263.458984375,-1931.068359375] 7.006463281058626 -7.9290225990505405 26.452942423687748 20.835978717661874 61.211626046347874 -4.220947362331393e-06 6.490782330679545e-07 -4.610713679901237e-06 1.623229491973806e-06 -3.779859495830357e-06 1.5929615020384703e-06
170.908538418148 -67.07507317042649 4.84375 36.40625 [170.908538418148,-67.07507317042649] -79.7978799522526 2.0604597002366654 0.0003173200440912024 2.429798915374406e-05 [-1518.989257812,-4290.081054688] 28.543927130551214 -8.99612980226049 26.834867980390904 30.215903777072185 83.78139951153071 -3.493429746795764e-06 5.048845709937887e-07 -4.743039438029464e-06 1.3281397510603188e-06 -3.0995928744871584e-06 1.2659052525352325e-06
178.6813965565023 -70.02918244867212 3.03125 18.289062 [178.6813965565023,-70.02918244867212] -95.74764895823513 0.6976789625266453 0.0008008029954922433 2.076299597815804e-05 [3440.995361328,1156.787109375] 23.1249000412464 46.4033567016069 22.004205780382986 5.690820092458807 40.9259716131221 -5.913996062527949e-06 8.439736413937396e-07 -7.342339936014996e-06 1.6860930731737654e-06 -8.780168462657465e-06 1.7860230159073443e-06
180.85266107418585 -70.41670978054206 3.21875 20.148438 [180.85266107418585,-70.41670978054206] -82.67807333008135 3.1283888730577485 0.0002186537293926361 2.5420630899010007e-05 [4677.856445312,1994.25] 29.154026736051993 49.62955580093184 20.32407055371129 2.932294600020441 31.259114422478888 -4.865397140417489e-06 7.391590145831205e-07 -6.581038453767175e-06 1.503722820103597e-06 -7.78597195727391e-06 1.584882534396845e-06
180.60734548713825 -68.39994817590437 4.53125 33.21875 [180.60734548713825,-68.39994817590437] -51.52828328654416 3.1269329753314508 0.00024397973920171993 2.8351826223718338e-05 [4976.496826172,-1626.743652344] 21.253167750045172 6.760019177101505 21.369351453811053 26.505001023579098 36.8765910576617 -2.361580014770584e-06 4.4110879733124344e-07 -3.3356286926581317e-06 1.1065771453524876e-06 -2.6713967827644374e-06 1.0833434591980971e-06
177.46742231901487 -70.19286341048246 3.171875 19.640625 [177.46742231901487,-70.19286341048246] -101.17631638933211 2.5835941251677847 0.00021025612929332407 2.0187458947454952e-05 [2676.31640625,1389.748046875] 21.038961015504874 43.031981261508946 21.192459136412875 2.64291922002883 45.34059078325345 -6.030451736074412e-06 8.540916200034658e-07 -7.284445195303875e-06 1.6028449725259488e-06 -8.595303821681175e-06 1.6951247239704186e-06
177.45182812928434 -70.18059547844227 3.15625 19.601562 [177.45182812928434,-70.18059547844227] -87.0654963131414 3.2753544464023094 0.00016475375430192172 2.0054060810597048e-05 [2668.417480469,1367.043457031] 21.711765477103558 43.25230891057454 21.600043932468232 2.7707456143981517 45.43825345872028 -5.194567193796377e-06 7.785120278444754e-07 -6.489950892766227e-06 1.5772082144717271e-06 -7.775119013253531e-06 1.6597938625402327e-06
179.71540825107647 -68.50863656227524 4.125 29.21875 [179.71540825107647,-68.50863656227524] -97.90982990593758 0.05776961177293742 0.010604373028840796 2.2766336390311845e-05 [4368.958007812,-1500.541992188] 28.26141565230827 12.962610777291168 22.506710672420017 24.45299944268106 40.493972397058315 -4.7845832331432e-06 6.453778466451131e-07 -6.16564063672393e-06 1.3505593831451302e-06 -5.418030255187587e-06 1.307942477477342e-06
179.70640547493392 -68.5361862897087 4.09375 28.992188 [179.70640547493392,-68.5361862897087] -108.90121271846027 0.07526826296719191 0.008128677773229794 2.273738444139579e-05 [4357.733398438,-1451.890625] 28.038056890174765 13.003946892005931 22.606463097984527 24.121274547637086 40.46521725280536 -5.3424548175913e-06 7.00996133783395e-07 -6.717940437719949e-06 1.3922593384206216e-06 -5.980399951411852e-06 1.3475320979325914e-06
179.70881665592668 -68.5349425092813 4.09375 28.992188 [179.70881665592668,-68.5349425092813] -108.41755674963316 0.06201887064691061 0.00987193744909275 2.2752805358624386e-05 [4359.551513672,-1453.944335938] 28.038056890174765 13.003946892005931 22.606463097984527 24.13804351222575 40.457848943049385 -5.318727715787601e-06 6.986282008713732e-07 -6.694213335916249e-06 1.3907615865358016e-06 -5.956672849608153e-06 1.3461546825506011e-06
179.71345511164216 -68.51422869251434 4.125 29.21875 [179.71345511164216,-68.51422869251434] -98.31322405966023 0.21731268646084975 0.0028433172965475774 2.2962496905707883e-05 [4366.596191406,-1490.67578125] 28.26141565230827 12.962610777291168 22.506710672420017 24.385551238798257 40.48868777238931 -4.804295992384061e-06 6.473718429584439e-07 -6.185353395964789e-06 1.3517768766104851e-06 -5.437743014428447e-06 1.3090523249783658e-06
179.70899964521738 -68.53117362762791 4.09375 28.992188 [179.70899964521738,-68.53117362762791] -109.5734977166264 0.1496336844079362 0.004100222677823544 2.280056012521107e-05 [4360.400390625,-1460.674804688] 28.038056890174765 13.003946892005931 22.606463097984527 24.1824859227454 40.46632161990897 -5.375435646156841e-06 7.043159805497409e-07 -6.75092126628549e-06 1.3943595780863794e-06 -6.013380779977392e-06 1.3494661055688556e-06
175.39938388582073 -68.59649669652813 3.375 21.8125 [175.39938388582073,-68.59649669652813] -39.69737950435762 1.8405196957289975 0.0002700728962844055 1.847269136673145e-05 [1526.160644531,-1550.706542969] 10.96564966152871 2.163746796111944 25.57440316098491 18.9546375544586 58.75485805047242 -2.2452140496737293e-06 4.884487310875346e-07 -2.865411931530431e-06 1.5412413136559008e-06 -2.3675917674783465e-06 1.5292912010976882e-06
179.85362244965637 -68.08210772326721 4.25 30.429688 [179.85362244965637,-68.08210772326721] -86.99264982833301 1.156019291984472 0.0005712518866056782 2.4541518569804137e-05 [4543.651123047,-2253.4921875] 28.24713730460924 0.5671317231995978 27.580535139943308 29.589547091105374 40.931664973077204 -4.165646837951749e-06 5.836087981635748e-07 -5.518262241969604e-06 1.5016028284358715e-06 -4.192803965296537e-06 1.4449153778154925e-06
178.4260712900413 -66.92980183612092 4.03125 28.296875 [178.4260712900413,-66.92980183612092] -1.7192093265851045 0.9495111308222874 0.0007715932561380101 2.7226836698683048e-05 [3768.517822266,-4413.442382812] 28.39030998534146 -5.687352580211524 28.681363224622658 41.71318481452681 50.30559138884837 -8.537056477692307e-08 3.509181889474772e-07 -1.4951446743990192e-06 1.4767936714498471e-06 1.970455984849237e-07 1.4669633055962365e-06
168.21302806577995 -68.8284071820822 4.40625 31.945312 [168.21302806577995,-68.8284071820822] -72.73098169129376 1.796131046955768 0.0002795715908077921 1.8661208306939785e-05 [-3157.184570312,-1036.641113281] 16.227373684303327 21.212646303672138 25.908195272810037 6.243269674274529 87.70485380039236 -3.3991044750271445e-06 5.124563458925202e-07 -4.157495702886178e-06 1.3425318310203485e-06 -4.390483929851844e-06 1.3520339992469644e-06
174.56315634669807 -68.26406856977538 3.734375 25.34375 [174.56315634669807,-68.26406856977538] -89.3618383588661 0.627949822021582 0.0007708017147799436 1.7987728215311175e-05 [991.6000976562,-2165.896484375] 2.8971818808301744 -11.91246389012134 26.25295517468685 21.775532678753393 63.428354414209025 -4.688838677336823e-06 6.583336589528432e-07 -4.840854556906831e-06 1.5331356811474152e-06 -4.063788628499757e-06 1.502297768823923e-06
174.54731740911515 -68.26580025407881 3.65625 24.625 [174.54731740911515,-68.26580025407881] -106.20669285220788 0.38686507295386174 0.0012626429712962414 1.8153016026976215e-05 [980.9711914062,-2163.036132812] 3.1558420267351712 -10.937492614029054 26.091335946028018 21.7357962128375 63.490435433959874 -5.653434961018545e-06 7.578272948480522e-07 -5.821421998052298e-06 1.5904267953661547e-06 -5.071226801914299e-06 1.5550660996031174e-06
174.54981960252474 -68.25775139071027 3.734375 25.34375 [174.54981960252474,-68.25775139071027] -103.96399408374417 0.6334686504463359 0.0007690458768672876 1.8104480953745957e-05 [982.984375,-2177.4765625] 2.8971818808301744 -11.91246389012134 26.25295517468685 21.831610029753392 63.50703911580308 -5.455017549579222e-06 7.338675253367123e-07 -5.60703342914923e-06 1.5680607728495354e-06 -4.829967500742156e-06 1.5326773537798582e-06
178.58378594458975 -69.01657855196974 3.953125 27.546875 [178.58378594458975,-69.01657855196974] -17.61696807359752 1.217253067540326 0.00044383231824943816 2.0077447715428717e-05 [3545.128173828,-663.9360351562] 22.766709911786087 17.48115877090734 24.13458268843138 17.45273529999986 44.02912599741467 -8.866324709674115e-07 3.718628389892807e-07 -2.0324428158892146e-06 1.287624274809391e-06 -1.7664298873941378e-06 1.282414933905703e-06
178.58618176137497 -69.01750182504584 3.953125 27.546875 [178.58618176137497,-69.01750182504584] -20.721187860170645 1.1959938888731245 0.0004514357066531667 2.0064741579335892e-05 [3546.516357422,-662.1420898438] 22.766709911786087 17.48115877090734 24.13458268843138 17.444204620129767 44.01655118490976 -1.042862649071675e-06 3.7702215525354857e-07 -2.188672993993478e-06 1.2909621301401832e-06 -1.922660065498401e-06 1.2853380177746522e-06
180.3783416448355 -67.87973041996784 4.53125 33.15625 [180.3783416448355,-67.87973041996784] -1.7996110652412034 0.8454517975084979 0.0009115353722918112 2.8639872562534187e-05 [4936.470214844,-2574.62109375] 27.051059354509455 -7.321301328500528 24.794187696691605 32.43599845214965 39.08764299860627 -8.255522896734382e-08 3.2358567386717436e-07 -1.323493586123654e-06 1.191923612176578e-06 2.5330162320880673e-07 1.1828500157044671e-06
169.87168934473848 -68.46392071785425 4.46875 32.734375 [169.87168934473848,-68.46392071785425] -24.31899503827315 1.672058544882097 0.00028974810572408535 1.8004488516031266e-05 [-2115.776367188,-1762.799316406] 15.291053568371547 5.896445065696234 21.647403396721135 12.94579062499895 82.49200078849162 -1.1227737014463532e-06 3.5565309061666256e-07 -1.8287400782211924e-06 1.0732825369972535e-06 -1.395004253793098e-06 1.0649389275304792e-06
