data_processed/hvc_rms/hvc_rms_index_5.ecsv
# %ECSV 1.0
# ---
# datatype:
# - {name: ra_dec_obj.ra, unit: deg, datatype: float64}
# - {name: ra_dec_obj.dec, unit: deg, datatype: float64}
# - {name: 'H-alpha flux [Error]', unit: R, datatype: float32}
# - {name: H-alpha flux, unit: R, datatype: float32}
# - {name: ra_dec_deg, datatype: string, subtype: 'float64[2]'}
# - {name: RM, unit: rad / m2, datatype: float64}
# - {name: RM_uncert, unit: rad / m2, datatype: float64}
# - {name: pol_int, datatype: float64}
# - {name: pol_int_uncert, datatype: float64}
# - {name: ra_dec_pix_offsets, datatype: string, subtype: 'float64[2]'}
# - {name: interpolation_raw, unit: rad / m2, datatype: float64}
# - {name: interpolation_cor, unit: rad / m2, datatype: float64}
# - {name: interpolation_unc, unit: rad / m2, datatype: float64}
# - {name: interpolation_cor_unc, unit: rad / m2, datatype: float64}
# - {name: pixel location x, datatype: float64}
# - {name: pixel location y, datatype: float64}
# meta: !!omap
# - __serialized_columns__:
#     ra_dec_obj:
#       __class__: astropy.coordinates.sky_coordinate.SkyCoord
#       dec: !astropy.table.SerializedColumn
#         __class__: astropy.coordinates.angles.Latitude
#         unit: &id001 !astropy.units.Unit {unit: deg}
#         value: !astropy.table.SerializedColumn {name: ra_dec_obj.dec}
#       frame: icrs
#       ra: !astropy.table.SerializedColumn
#         __class__: astropy.coordinates.angles.Longitude
#         unit: *id001
#         value: !astropy.table.SerializedColumn {name: ra_dec_obj.ra}
#         wrap_angle: !astropy.coordinates.Angle
#           unit: *id001
#           value: 360.0
#       representation_type: spherical
# schema: astropy-2.0
ra_dec_obj.ra ra_dec_obj.dec "H-alpha flux [Error]" "H-alpha flux" ra_dec_deg RM RM_uncert pol_int pol_int_uncert ra_dec_pix_offsets interpolation_raw interpolation_cor interpolation_unc interpolation_cor_unc "pixel location x" "pixel location y"
[from data line 247]
149.56286636191922 -8.688503183998009 0.35742188 1.1582031 [149.56286636191922,-8.688503183998009] 1.0270726372421288 1.3378043066788907 0.0004067530371058268 2.0222372096135974e-05 [-1573.471679688,-1178.787597656] -3.1612397098079836 -3.967204481743739 6.150006569163072 5.340172004839543 1.1998377075169628 47.16801652882714
152.97210694644022 -8.389471947176746 0.36914062 1.2792969 [152.97210694644022,-8.389471947176746] -14.875499308182683 0.447916259097582 0.0015937953042635422 2.6530050305326614e-05 [4494.743164062,-1702.887207031] -5.626951608357966 -3.900890071922959 5.928725399895146 6.095339864427984 33.256626522273564 16.25883347520994
152.64616397631193 -6.782058473573705 0.34960938 1.0883789 [152.64616397631193,-6.782058473573705] -3.9387534610491652 1.1842798066835485 0.0007416686160785721 3.264171205573233e-05 [3929.46875,-4598.610351562] -2.8307840570254807 -2.1805720450704658 5.685917538803104 5.882611846576058 43.698089562783935 37.408619304836975
152.24462887795153 -8.060875953291776 0.328125 0.8701172 [152.24462887795153,-8.060875953291776] -4.311198778506529 1.4575789205849536 0.00041467523385597867 2.246202365915689e-05 [3202.877929688,-2302.169921875] -3.927359384456989 -2.274341475611417 6.252094442530112 5.784335252537244 29.726049411956183 27.35329145677065
152.24185180534857 -8.061693108117257 0.328125 0.8701172 [152.24185180534857,-8.061693108117257] -1.7350593893328468 2.5896760063228568 0.00023300443537144704 2.2424270537285195e-05 [3197.924560547,-2300.724609375] -3.927359384456989 -2.274341475611417 6.252094442530112 5.784335252537244 29.695314529653842 27.372756728589593
150.95350649411685 -8.7470149450069 0.35351562 1.1274414 [150.95350649411685,-8.7470149450069] 7.540368760336294 1.3054541420815813 0.00042246422520875746 2.0495582318965992e-05 [900.7397460938,-1074.802246094] -3.6152596762655627 -4.28359206224177 5.600858364208838 5.332310603759137 12.907560767638188 32.89781016857478
151.0688933259523 -7.776406881207041 0.31445312 0.7416992 [151.0688933259523,-7.776406881207041] 76.55434581286244 1.9363282196677816 0.0002894764730475296 2.0830560243733548e-05 [1108.731933594,-2821.233398438] -3.0503197062246628 -1.9057684975158495 6.2071043269321695 5.753322478471068 21.80348872716172 42.367619661828485
151.81210330562106 -6.732404520652611 0.36328125 1.2231445 [151.81210330562106,-6.732404520652611] 57.438022396861115 0.38663126238983525 0.0023893029639415007 3.433024418363521e-05 [2439.648925781,-4695.420898438] -3.910893983362686 -1.2325181088683541 4.796499705735587 5.518555223452002 36.78111188662865 46.51064765236151
152.60482788360292 -8.94411569528382 0.32226562 0.80566406 [152.60482788360292,-8.94411569528382] -41.692982680259014 2.1234580453089777 0.00028111242391506546 2.2183620538487884e-05 [3835.599609375,-708.95703125] -4.259692183103651 -5.348929307102384 5.80020473086698 6.008620338221393 25.498782074901783 14.049123812267226
152.7435302212645 -7.243840808508707 0.26953125 0.2915039 [152.7435302212645,-7.243840808508707] 3.7090230801620248 0.813042241807868 0.0008513181266842367 2.5722530681928677e-05 [4099.302490234,-3766.998046875] -1.906138444414536 -1.7375526962619663 5.870014827434403 5.94663866417912 40.765560112372896 31.24036393157303
152.74333190502335 -7.2509992378631924 0.28710938 0.47131348 [152.74333190502335,-7.2509992378631924] -0.974703484194803 1.234440024311076 0.0005578489541767951 2.5591475179961147e-05 [4098.883544922,-3754.124023438] -1.5817917217017743 -1.4035925478511295 5.899137025505945 5.947278120731449 40.70505306723112 31.162774797289785
153.16317751211216 -8.130429486588376 0.32226562 0.8076172 [153.16317751211216,-8.130429486588376] -10.4409066616983 1.0125497754570567 0.0008281594484423276 3.116298466225026e-05 [4837.807617188,-2166.541992188] -7.067333694373303 -3.8983667536401487 6.260788566985218 6.136332497343289 37.04787201050749 17.094974397248734
150.36076367671922 -9.215385485255892 0.36328125 1.2353516 [150.36076367671922,-9.215385485255892] -2.095690188174882 3.017636877284223 0.00017986273692798107 2.017051000117268e-05 [-153.5766601562,-232.3803710938] -4.182321508666174 -6.584978270543841 5.670245999883836 5.2077757456832146 3.9336669309718673 33.69234831504082
153.10035699501043 -8.275777814401923 0.3203125 0.7988281 [153.10035699501043,-8.275777814401923] -12.823037827471873 2.0349090821729185 0.0003896020475465627 2.9462862836990746e-05 [4724.262451172,-1905.824707031] -6.288186025294704 -3.5667373422998176 6.361310261593945 6.224529780984566 35.29975958005775 16.162854673144466
153.1208495607736 -8.617295386646509 0.33203125 0.90185547 [153.1208495607736,-8.617295386646509] -3.4669465505357477 2.2657299163620452 0.00033082678387410885 2.7855919914731822e-05 [4756.514404297,-1290.91015625] -6.203045020449979 -5.0209363840311845 5.9093632057281695 5.822618612398812 32.622245821415845 12.235862763530122
150.69274899784804 -9.909396235838374 0.36328125 1.2353516 [150.69274899784804,-9.909396235838374] -15.807049630297513 1.576212674671377 0.00034230348540586976 2.0050944728901723e-05 [435.3955078125,1016.954101562] -7.248513616996748 -9.282363514236913 5.416709240910391 5.575276032679184 1.1266912469063755 22.991331083980185
151.3008269359829 -9.50043863466489 0.3203125 0.80200195 [151.3008269359829,-9.50043863466489] -4.949657740740064 3.0105701328382555 0.00018293694092807067 2.0467220316171674e-05 [1515.399414062,282.5263671875] -5.5144965557485985 -7.754782225582707 5.030784030968194 5.17810376658243 9.725009713280087 21.311378883062616
153.1615905119103 -7.308631892874178 0.3515625 1.1000977 [153.1615905119103,-7.308631892874178] -0.21028111503374014 1.7964316739434572 0.0004499921537069017 3.0041689160314433e-05 [4844.390625,-3645.155273438] -3.828789580368819 -3.0439089816845324 5.505253764543326 6.005131945807429 43.85127427149291 26.169534647699493
151.69042957816944 -10.63193129238015 0.32617188 0.84472656 [151.69042957816944,-10.63193129238015] -3.8290900336727356 1.0329582044322358 0.0005532589950984155 2.123830905159285e-05 [2199.228515625,2321.059082031] -11.298742522770063 -13.894147764545636 5.868643191544454 5.904541636277739 3.630100232056293 5.40942462806197
151.96348561100353 -7.40306545193096 0.36328125 1.2143555 [151.96348561100353,-7.40306545193096] -4.393880402833325 0.7348549048386723 0.0008532555802613566 2.3301798243768732e-05 [2706.243652344,-3488.095703125] -2.6243168465920603 -0.41074869437217565 5.9246622904807325 5.903726255526799 32.67005205160149 37.48115449674083
152.08340466916556 -7.052868149775517 0.34375 1.0317383 [152.08340466916556,-7.052868149775517] -0.23318722241344275 2.5973439253147266 0.000281829747817926 2.720351324735866e-05 [2922.481445312,-4117.05859375] -3.9733791529091693 -2.2379360356638403 5.845984028772309 6.191546997380556 36.56920337739393 40.15825128154847
152.26599119861686 -7.130997155807754 0.31054688 0.6887207 [152.26599119861686,-7.130997155807754] -4.54692935922426 0.11829712095202269 0.005944983301646703 2.6135662748148807e-05 [3247.951171875,-3974.940429688] -2.394247103002192 -1.64470549560016 5.7656226117690785 5.870273787057193 37.53041025769221 37.41825681779642
150.5271453615886 -7.825010738611095 0.296875 0.56396484 [150.5271453615886,-7.825010738611095] -6.039339518906905 1.8105089637674194 0.00030267682361495406 2.0365193936304728e-05 [142.55859375,-2734.737304688] -2.0809121792592227 -1.0976170324427494 5.566428080610443 5.468063689161174 16.643285469496732 47.207885038137874
153.13606268774853 -7.919960674340291 0.32617188 0.85375977 [153.13606268774853,-7.919960674340291] -14.546829054659966 1.427370805553405 0.0005684833787265817 3.0155274368264204e-05 [4792.025878906,-2545.645507812] -6.911092393111965 -3.7955017889715617 5.645986855995568 5.754264331790511 38.566827239272016 19.684546657204464
151.17695618960056 -8.666441017006886 0.33789062 0.9765625 [151.17695618960056,-8.666441017006886] -6.597014750923488 2.578228954497413 0.00021243213608170935 2.0354029548942834e-05 [1298.52734375,-1219.130371094] -2.830806008708531 -3.329359877536904 5.422250946610683 5.459890261961075 15.507349916180829 31.5442778224799
150.97987363884906 -9.015189070678652 0.3828125 1.4277344 [150.97987363884906,-9.015189070678652] 59.440842089319545 2.5599255598957154 0.00021685725925814597 2.063051191479689e-05 [946.9545898438,-592.0366210938] -5.115467726882677 -6.235449127903527 5.82554441565609 5.53893081128167 10.944649286145705 29.732347175127643
150.98672479556853 -9.015377100746642 0.3828125 1.4277344 [150.98672479556853,-9.015377100746642] 6.516816173080774 0.43496523643466334 0.0012791689238596687 2.0677172537122917e-05 [959.1333007812,-591.6796875] -5.115467726882677 -6.235449127903527 5.82554441565609 5.53893081128167 11.002485080839051 29.66214252706982
150.1003724476379 -8.995250605468655 0.37695312 1.362793 [150.1003724476379,-8.995250605468655] 6.888898597478633 0.5919153173738178 0.000915921494956911 2.0147749056615527e-05 [-616.6079101562,-628.3344726562] -3.976884446725373 -5.440846737743249 6.104502185888238 5.4129733119801875 3.449219163227781 38.61883850684558
151.31471246081236 -7.567394822932362 0.32421875 0.83618164 [151.31471246081236,-7.567394822932362] -14.894122644573446 1.519350353475311 0.000378242928322614 2.1356862497666644e-05 [1547.859863281,-3196.369140625] -3.121119299133596 -1.2547748427619236 6.110772996497511 5.805954803227723 25.65351158374301 42.21728688952362
151.06820668225038 -10.339466230422115 0.35546875 1.15625 [151.06820668225038,-10.339466230422115] 6.438848212395307 0.6096298211890225 0.0008936488866908476 2.0246120857455102e-05 [1099.643066406,1791.821777344] -8.280596545902805 -10.89331265360693 4.961471352336921 5.377860895117491 0.7897285415956503 14.7114647539006
152.3488005987461 -8.342064015663679 0.33398438 0.93481445 [152.3488005987461,-8.342064015663679] -3.298650911417564 1.547169516085314 0.0003915342986004806 2.2512121060633954e-05 [3386.042480469,-1795.166503906] -4.219674109270861 -2.5053949422585884 5.773456582865119 5.847446940147396 28.305162804556176 23.21064034744336
151.29631029903663 -8.275247478394649 0.34179688 1.0078125 [151.29631029903663,-8.275247478394649] -15.352441137631335 1.0317154206729096 0.0005379244101834525 2.0624806244020698e-05 [1512.427734375,-1922.71875] -3.4803336164289025 -3.3955762189879906 5.881606356572413 5.479822541519338 19.739882685066505 34.61296899671902
153.02227784792578 -9.239193946945095 0.35742188 1.1538086 [153.02227784792578,-9.239193946945095] -19.664356103912134 1.28333476471843 0.0005480129728704123 2.613602288967661e-05 [4573.468505859,-172.8603515625] -5.724839304747936 -7.2889488673297205 6.260167956409927 6.173761629596464 26.57060336364657 6.559156836472539
151.55320728219138 -10.541117671892184 0.37304688 1.3085938 [151.55320728219138,-10.541117671892184] -10.055478859377374 1.709491179753213 0.0003269934795010848 2.0773738485444507e-05 [1957.099121094,2156.826171875] -9.832795866566755 -13.029577656102337 5.960418626124223 5.893575957699039 3.230547572805335 7.742074037993461
152.1077422898734 -9.092027753494369 0.36328125 1.2207031 [152.1077422898734,-9.092027753494369] -3.752558354980298 2.5086333954460587 0.00022621498781374082 2.1089548306134658e-05 [2951.009521484,-447.5024414062] -4.040016182879771 -6.423312819151904 5.554449222443348 5.787750161863781 20.023474010739392 17.54759428475063
152.10935980148258 -9.089268715131393 0.36328125 1.2207031 [152.10935980148258,-9.089268715131393] -13.873457590873489 2.798724682989822 0.00020297232900584993 2.111084982002438e-05 [2953.906005859,-452.455078125] -4.040016182879771 -6.423312819151904 5.554449222443348 5.787750161863781 20.06022006727835 17.56081898010416
150.60899356371982 -7.758895425889274 0.328125 0.88793945 [150.60899356371982,-7.758895425889274] 0.4403572408476835 2.5459993932781098 0.00021584127003558475 2.0422151176406607e-05 [288.55859375,-2853.651367188] -2.2034784163043244 -0.9520908113350286 5.704560593717023 5.589560032046576 17.897220513345474 47.12905801545503
152.6895142013176 -7.18231227791508 0.328125 0.87475586 [152.6895142013176,-7.18231227791508] 5.489471112840853 0.12418425010188595 0.005609951407527594 2.5890135404089248e-05 [4003.469238281,-3878.291015625] -1.9520134821929391 -1.8152918710559627 5.9065707620042955 5.871716127921077 40.80130208966716 32.484584476041846
152.68922424978726 -7.180998586626861 0.328125 0.87475586 [152.68922424978726,-7.180998586626861] 5.795816959267005 0.1337731103446188 0.005213982060630058 2.592071999459801e-05 [4002.963378906,-3880.657226562] -1.9520134821929391 -1.8152918710559627 5.9065707620042955 5.871716127921077 40.80955534974646 32.50221911368135
150.60374447717587 -8.17513943264743 0.328125 0.8774414 [150.60374447717587,-8.17513943264743] -3.772223504078263 2.3548692692334554 0.00023235140914318908 2.0333906212336925e-05 [278.9140625,-2104.634765625] -3.429524984487663 -3.121153111637456 5.671197284641477 5.50461892120088 14.494948122368442 42.60232293354284
153.25494388073287 -8.493948915487042 0.33398438 0.93408203 [153.25494388073287,-8.493948915487042] -20.943435230046855 0.8027062719986048 0.0010428090946520187 3.110786242898052e-05 [4996.504150391,-1511.053710938] -6.286542308825081 -3.75646663982162 6.103672634602868 5.8432573128688015 34.79491230808185 12.17427234374395
151.3687132554909 -8.956252192854507 0.359375 1.1948242 [151.3687132554909,-8.956252192854507] 61.47219664907933 2.1800618673816166 0.00024967564037540476 2.0228034892920764e-05 [1638.429199219,-696.697265625] -2.371110368228228 -4.009308248219088 5.574847744286114 5.6199694651459 14.792275473523205 26.4840361789054
151.89334111496456 -9.939072557888599 0.34179688 1.0126953 [151.89334111496456,-9.939072557888599] -19.59644820523876 2.1789676961249707 0.0002586519180351518 2.0944750832441957e-05 [2563.717773438,1075.467773438] -5.866233244059146 -9.739928192077151 5.595540915384472 5.7345697563962705 11.143669460785986 10.671609389931291
151.3207092476579 -10.366601122690344 0.31835938 0.76660156 [151.3207092476579,-10.366601122690344] -41.211640564071395 1.273326320932605 0.00043102688169845816 2.039636504301591e-05 [1546.595214844,1841.603027344] -7.871277026322931 -11.10818967654481 5.563436774959849 5.698969152400032 2.714324839116216 11.908161251617003
151.4809111491607 -9.476177122441488 0.34960938 1.0981445 [151.4809111491607,-9.476177122441488] -25.706438259808024 1.2208080466921865 0.0004528020832742218 2.0543030107774217e-05 [1835.19140625,239.7104492188] -5.203918795915342 -8.002951507478608 4.881786535124644 5.0434213677751165 11.471064827469945 19.765259138503325
150.00097645079498 -8.270115865423914 0.37109375 1.296875 [150.00097645079498,-8.270115865423914] -3.6442777312295083 1.595120856098765 0.0003424700018998961 2.0301345988304214e-05 [-794.84375,-1933.267578125] -2.4839994186546583 -3.09414147037514 5.511322887306347 5.38282954647294 8.423436785114518 47.47953122564513
151.42849720240784 -8.671025206183776 0.328125 0.876709 [151.42849720240784,-8.671025206183776] -16.918833944743138 1.3764301532834395 0.00039238361859623495 2.007121898195738e-05 [1746.060058594,-1209.794921875] -2.921336705863979 -3.5452902759240996 5.56361963541408 5.536848914895239 17.651050519413275 28.973271701631802
152.99038697518287 -7.355024089131127 0.32617188 0.8479004 [152.99038697518287,-7.355024089131127] -12.90361822097286 2.097444842118704 0.0003489673179648649 2.720094595275332e-05 [4538.576904297,-3563.978515625] -2.476097600251913 -1.9085481674095726 5.587749712142326 5.9842168589836 41.98918386396804 27.440766530511155
