data_processed/hvc_rms/hvc_rms_index_8_with_B.ecsv
# %ECSV 1.0
# ---
# datatype:
# - {name: ra_dec_obj.ra, unit: deg, datatype: float64}
# - {name: ra_dec_obj.dec, unit: deg, datatype: float64}
# - {name: 'H-alpha flux [Error]', unit: R, datatype: float32}
# - {name: H-alpha flux, unit: R, datatype: float32}
# - {name: ra_dec_deg, datatype: string, subtype: 'float64[2]'}
# - {name: RM, unit: rad / m2, datatype: float64}
# - {name: RM_uncert, unit: rad / m2, datatype: float64}
# - {name: pol_int, datatype: float64}
# - {name: pol_int_uncert, datatype: float64}
# - {name: ra_dec_pix_offsets, datatype: string, subtype: 'float64[2]'}
# - {name: interpolation_raw, unit: rad / m2, datatype: float64}
# - {name: interpolation_cor, unit: rad / m2, datatype: float64}
# - {name: interpolation_unc, unit: rad / m2, datatype: float64}
# - {name: interpolation_cor_unc, unit: rad / m2, datatype: float64}
# - {name: HI, unit: dex(1 / cm2), datatype: float64}
# - {name: 'HI [Error]', unit: dex(1 / cm2), datatype: float64}
# - {name: pixel location x, datatype: float64}
# - {name: pixel location y, datatype: float64}
# - {name: 'B_virtual [raw]', unit: G, datatype: float64}
# - {name: 'B_virtual_unc [raw]', unit: G, datatype: float64}
# - {name: 'B_virtual [int]', unit: G, datatype: float64}
# - {name: 'B_virtual_unc [int]', unit: G, datatype: float64}
# meta: !!omap
# - __serialized_columns__:
#     ra_dec_obj:
#       __class__: astropy.coordinates.sky_coordinate.SkyCoord
#       dec: !astropy.table.SerializedColumn
#         __class__: astropy.coordinates.angles.Latitude
#         unit: &id001 !astropy.units.Unit {unit: deg}
#         value: !astropy.table.SerializedColumn {name: ra_dec_obj.dec}
#       frame: icrs
#       ra: !astropy.table.SerializedColumn
#         __class__: astropy.coordinates.angles.Longitude
#         unit: *id001
#         value: !astropy.table.SerializedColumn {name: ra_dec_obj.ra}
#         wrap_angle: !astropy.coordinates.Angle
#           unit: *id001
#           value: 360.0
#       representation_type: spherical
# schema: astropy-2.0
ra_dec_obj.ra ra_dec_obj.dec "H-alpha flux [Error]" "H-alpha flux" ra_dec_deg RM RM_uncert pol_int pol_int_uncert ra_dec_pix_offsets interpolation_raw interpolation_cor interpolation_unc interpolation_cor_unc HI "HI [Error]" "pixel location x" "pixel location y" "B_virtual [raw]" "B_virtual_unc [raw]" "B_virtual [int]" "B_virtual_unc [int]"
[from data line 265]
103.42898565095771 -54.79561237624651 2.90625 17.054688 [103.42898565095771,-54.79561237624651] 3.5061602889123247 2.577050434331586 0.00016692587122430652 1.5986569231840062e-05 [-72.69091796875,-1671.493164062] 48.158885521074666 46.94027076425883 13.372055869245868 13.400988074082704 0.0 0.0 2.272899934921952 26.467438802502784 5.551420671727924e-07 1.1818736375123514e-06 -7.070015101326468e-06 2.4881485796145322e-06
108.06690223824359 -55.20433427871555 4.09375 28.898438 [108.06690223824359,-55.20433427871555] -10.077118972929167 0.8155533794595003 0.0007098537471473534 2.151443642079807e-05 [4687.03125,-781.4858398438] 55.27683022679956 53.66145333826128 15.485616922647289 14.732448977440166 0.0 0.0 30.972426376896806 10.679423602681027 -1.5955438989680354e-06 1.1229570096976723e-06 -1.034770902270929e-05 2.815655747281961e-06
105.09623695384174 -55.58216095766668 3.15625 19.617188 [105.09623695384174,-55.58216095766668] -24.16228383176018 3.100545229402382 0.00014282426219923316 1.6456927786828094e-05 [1624.806152344,-237.1240234375] 52.16162160627472 54.35795865859588 13.78893734696271 15.68102436123996 0.0 0.0 10.356769773023984 13.147477178516965 -3.825695087699542e-06 1.2494533786234765e-06 -1.208461882748537e-05 2.674182487111867e-06
107.0107879575341 -54.741733435677084 3.796875 26.015625 [107.0107879575341,-54.741733435677084] -0.06003200262276426 2.667682176924452 0.00018087239500105058 1.79314363795559e-05 [3646.684082031,-1676.172851562] 46.27271801796637 53.6659836057539 14.538447034928582 16.778015136816403 0.0 0.0 26.02290228137076 18.837349187761447 -9.505067448830834e-09 1.1860905787037403e-06 -7.336019036428394e-06 2.6538541140043875e-06
106.66934969088395 -55.606353831113054 3.484375 22.859375 [106.66934969088395,-55.606353831113054] -3.9282036483087572 1.2113613376846109 0.00038732094564046266 1.7436262358342584e-05 [3221.875244141,-138.6381835938] 47.87084927700724 55.80991046764168 15.262646744506139 15.820680679564836 0.0 0.0 20.383569886621217 9.251810332611058 -6.219656016565987e-07 1.1258837234846884e-06 -8.201517029751481e-06 2.7434740850907553e-06
108.4416350588789 -54.80447399311886 4.28125 30.929688 [108.4416350588789,-54.80447399311886] -15.57466086042945 1.6353874811422593 0.0004359768407705657 2.6496761223440017e-05 [5121.411376953,-1473.002441406] 55.30721306821654 55.12307539124817 16.68034595560894 15.594008453123653 17.948570251464844 8.974285125732422 35.06411110514887 14.482850212039239 -2.4659880647545015e-06 1.1548001315450044e-06 -1.122296380523913e-05 3.0099878297381e-06
104.38588695604697 -55.203979594246675 3.1875 19.820312 [104.38588695604697,-55.203979594246675] -22.49655087576529 1.310661808212479 0.000330703483306166 1.61078700432831e-05 [910.9306640625,-930.7172851562] 45.57175681401203 48.11619776909863 13.900644267271481 14.354304035297492 0.0 0.0 7.119420592041024 19.35286967371553 -3.561954026153347e-06 1.1623189224795436e-06 -1.0777482466889462e-05 2.616020767918034e-06
105.27804566729512 -53.349899433225396 4.1875 30.015625 [105.27804566729512,-53.349899433225396] 55.30296660034588 2.5043222159088283 0.00022592515926611573 2.102633146328763e-05 [1911.146484375,-4248.169921875] 50.112114632986916 55.05310084748081 14.393444870121074 16.436103327904256 0.0 0.0 19.979042913731632 39.86926822634882 8.756303383045823e-06 1.3660767163499345e-06 8.218849265563831e-07 2.5658393174763458e-06
107.53092945697156 -55.917953421400924 3.703125 24.984375 [107.53092945697156,-55.917953421400924] -39.824817661074206 1.8514232815421194 0.00028849802803224253 1.9849851989534437e-05 [4063.577148438,466.748046875] 48.58913908180262 51.29901374893052 14.958706212471375 15.244820424775133 0.0 0.0 24.6370060667017 3.4543220002719863 -6.305596373064481e-06 1.2504114613456457e-06 -1.3998877024641882e-05 2.85519748272522e-06
105.46369167846113 -55.752575013100625 3.21875 20.117188 [105.46369167846113,-55.752575013100625] -22.90513855474967 0.5503995110398288 0.0008131804245304598 1.6633117597027627e-05 [1989.794921875,79.09375] 49.980778643380575 54.44763502813373 14.350662371107628 15.254596691234513 0.0 0.0 12.091982199954828 10.24597986869253 -3.6266470778230087e-06 1.1482287671192863e-06 -1.1540270668488768e-05 2.6895186788053945e-06
105.46854415037234 -55.74740599053804 3.203125 20.03125 [105.46854415037234,-55.74740599053804] -24.616024109442005 0.8776102017625635 0.0005067155352876712 1.652626017580915e-05 [1994.971679688,69.9326171875] 50.29140401984576 54.42840889383683 14.225899034669768 15.172103989274413 0.0 0.0 12.142378118172473 10.298164955817128 -3.897537301105589e-06 1.1588432004425047e-06 -1.1860343244943429e-05 2.6838007142366583e-06
106.3587416399962 -56.23217002343467 3.453125 22.460938 [106.3587416399962,-56.23217002343467] -26.233364797521997 0.7464054564950708 0.0006290009951410794 1.7447565657436633e-05 [2859.961914062,973.1372070312] 48.532358128631905 52.44392810089448 14.380897742088223 14.835912817406518 0.0 0.0 15.985371882754862 2.3930566180763435 -4.153616253269502e-06 1.1621090371649062e-06 -1.1837906586914517e-05 2.7028263791866885e-06
103.19085708006925 -53.62051002493755 3.921875 27.1875 [103.19085708006925,-53.62051002493755] -42.68914337878935 1.7863697286198439 0.00027931932165538124 1.8543044156707948e-05 [-329.0502929688,-3785.201171875] 47.01673594905275 44.63931643552891 13.46002732792029 13.256285797872302 0.0 0.0 4.801343480150763 41.48083215440079 -6.7591146292084e-06 1.2628264930069864e-06 -1.42034314418238e-05 2.6673308966256335e-06
105.56112664834204 -56.34696580578591 3.296875 20.9375 [105.56112664834204,-56.34696580578591] 25.19903480502214 1.2526609114085903 0.0003652470368181343 1.700313214757145e-05 [2056.514160156,1151.364746094] 49.884426010223976 54.62890852848268 15.77930546000699 15.585080230492613 0.0 0.0 10.509157511890635 2.7731176466195393 3.98984733146892e-06 1.1694059219365687e-06 -3.90852042502484e-06 2.7577957867981425e-06
103.55429836513184 -53.43266287580853 4.21875 30.296875 [103.55429836513184,-53.43266287580853] -37.98941445776649 2.5071420815724537 0.00021668486374471605 2.018906586465282e-05 [59.228515625,-4123.790039062] 49.083701294377384 45.14501263639974 13.567391082231037 13.802210967639457 0.0 0.0 7.947346060344898 42.96154520026266 -6.0149908546567945e-06 1.2699359350898534e-06 -1.3786577192914447e-05 2.6817633667959448e-06
103.42432406062693 -54.44389730722891 3.125 19.3125 [103.42432406062693,-54.44389730722891] 31.33792900502543 2.2206694766803188 0.00019427984217929784 1.6033205844730903e-05 [-78.2099609375,-2304.456054688] 45.627959247930065 44.804107056365666 13.267280703991606 13.51593108145673 0.0 0.0 3.4722188982027546 30.817122905790256 4.961838950654734e-06 1.2273268216599974e-06 -2.2625882091285568e-06 2.407666221172162e-06
105.02589420281996 -54.46283727424408 3.265625 20.695312 [105.02589420281996,-54.46283727424408] -4.110840273545941 1.2550272598636776 0.0003489055435214445 1.627307896680395e-05 [1597.225585938,-2252.850585938] 48.18837282226539 52.04080649252336 13.373856689302825 15.364803214542869 0.0 0.0 14.05306805406758 26.96466164044159 -6.508830684353597e-07 1.1271844359131013e-06 -8.280709059803369e-06 2.4862754659670627e-06
105.57799544747101 -55.22225951929408 3.59375 23.890625 [105.57799544747101,-55.22225951929408] 18.467329652177607 1.595446703601108 0.00028094794568016176 1.6657770142085575e-05 [2134.03125,-871.6611328125] 50.85974118690212 52.52214707761942 12.974929031981087 15.147312843853497 0.0 0.0 14.818511321533492 16.445899846226666 2.9239939744602034e-06 1.1600862954081357e-06 -5.128798690968359e-06 2.3827477785149714e-06
104.17024982891067 -54.154517943793714 3.3125 21.15625 [104.17024982891067,-54.154517943793714] -17.392491275332148 0.20696986795146116 0.0021077932053787203 1.6212269927314234e-05 [707.482421875,-2821.805664062] 44.03780086925147 46.922075786963745 12.947227538527667 14.33952409970626 0.0 0.0 9.49331171768847 32.70231539662609 -2.7538112248906618e-06 1.130046523502241e-06 -9.726463298331389e-06 2.4545475385359654e-06
104.92675036258734 -55.152172024514876 3.375 21.804688 [104.92675036258734,-55.152172024514876] -9.578238094583988 0.0731630175304757 0.006112334754825262 1.6619097801838152e-05 [1468.286621094,-1014.682617188] 48.57394142310277 51.2655846596665 12.740315859622733 15.280088673432138 0.0 0.0 10.839485491584014 18.7827529213489 -1.5165544235144088e-06 1.1148773936517867e-06 -9.207428779038119e-06 2.4143377937570917e-06
104.9655760724968 -55.15114592870054 3.328125 21.34375 [104.9655760724968,-55.15114592870054] -5.839955789789428 0.05416404055061956 0.008224567278641539 1.6555138381459987e-05 [1508.245605469,-1015.696289062] 49.09673287524909 51.64717206527555 12.705231403452693 15.368125558796933 0.0 0.0 11.096614999908525 18.707772903684372 -9.246597024082862e-07 1.1107812502637355e-06 -8.698309374383603e-06 2.3978013888606872e-06
104.94091786622921 -55.15071491755433 3.375 21.804688 [104.94091786622921,-55.15071491755433] -9.573470129487584 0.07539833694432027 0.0059174443805862734 1.658076845352197e-05 [1482.907714844,-1017.003417969] 48.57394142310277 51.2655846596665 12.740315859622733 15.280088673432138 0.0 0.0 10.937306401913247 18.768637702816704 -1.5157994956783382e-06 1.1148746928215586e-06 -9.206673851202047e-06 2.4143214746369223e-06
104.93386075567022 -55.151969896974286 3.375 21.804688 [104.93386075567022,-55.151969896974286] -9.440167510396892 0.18730390138271452 0.0023799979701991793 1.656655143797203e-05 [1475.604980469,-1014.895507812] 48.57394142310277 51.2655846596665 12.740315859622733 15.280088673432138 0.0 0.0 10.886629809125111 18.769205053689348 -1.4946932468409493e-06 1.1150266090483124e-06 -9.18556760236466e-06 2.413970222665096e-06
104.95794657536794 -55.14970396480003 3.328125 21.34375 [104.95794657536794,-55.14970396480003] -6.055427847626197 0.06986161178203153 0.006372594788192063 1.654487949279657e-05 [1500.455078125,-1018.456542969] 49.09673287524909 51.64717206527555 12.705231403452693 15.368125558796933 0.0 0.0 11.0521525506324 18.742598135515436 -9.587761128826591e-07 1.1109844776929953e-06 -8.732425784857977e-06 2.398588615337551e-06
104.9534910647098 -55.15361778343618 3.328125 21.34375 [104.9534910647098,-55.15361778343618] -6.104186630315954 0.1069493046065094 0.004169204480027903 1.6570662196267956e-05 [1495.727050781,-1011.509765625] 49.09673287524909 51.64717206527555 12.705231403452693 15.368125558796933 0.0 0.0 11.008645177176732 18.70482689708706 -9.664962537731997e-07 1.1111003811206777e-06 -8.740145925748516e-06 2.3987991052978327e-06
104.51809696930935 -55.00757969815397 3.21875 20.140625 [104.51809696930935,-55.00757969815397] 6.4208272626712155 1.606034220750859 0.0002682213724251787 1.6008729940517545e-05 [1051.867675781,-1282.313964844] 45.125338844332035 47.62499712911423 13.648569332339045 14.116755558308418 0.0 0.0 8.694985329102565 21.46836884508548 1.0166310224979717e-06 1.1399750903934914e-06 -6.128214570310469e-06 2.489670523093914e-06
104.52333049015685 -55.00962058805967 3.21875 20.140625 [104.52333049015685,-55.00962058805967] -4.177358919618013 0.9106408878366095 0.00047322881610828763 1.601500326293994e-05 [1057.215332031,-1278.561523438] 45.125338844332035 47.62499712911423 13.648569332339045 14.116755558308418 0.0 0.0 8.72189376047038 21.431681040472313 -6.614151878033082e-07 1.1188985278670442e-06 -7.80626078061175e-06 2.5102058850398904e-06
107.29276273247042 -55.81906505031056 3.65625 24.59375 [107.29276273247042,-55.81906505031056] -21.911388881271108 0.21172165917483596 0.002433372816167985 1.914620232763387e-05 [3833.6484375,275.4731445312] 48.238144493288395 52.584709431404534 13.916597312511225 14.375963358624492 0.0 0.0 23.52175065776828 5.211689848324113 -3.46930337344881e-06 1.1423488999438485e-06 -1.1107009879699644e-05 2.6187679648379825e-06
107.2921828357337 -55.81982428298295 3.65625 24.59375 [107.2921828357337,-55.81982428298295] -21.482678937949228 0.21694393761495392 0.002371355746729878 1.91184611402351e-05 [3832.988525391,276.8056640625] 48.238144493288395 52.584709431404534 13.916597312511225 14.375963358624492 0.0 0.0 23.515032507157343 5.20394134451567 -3.4014242964693975e-06 1.1410934083091518e-06 -1.1039130802720233e-05 2.6169792325559223e-06
105.84832743535539 -55.082370810331284 3.71875 25.242188 [105.84832743535539,-55.082370810331284] -5.530671414825373 0.6864126565439531 0.0006556034555753955 1.6723809808526716e-05 [2419.84375,-1114.447753906] 49.79475709109052 52.389799533803966 13.176087996157912 14.857739003937644 0.0 0.0 17.108455853303894 17.51821660442647 -8.756896744820803e-07 1.1158049413545932e-06 -8.75985985156502e-06 2.4644330841949707e-06
108.39930722757781 -53.74748231914625 5.03125 38.34375 [108.39930722757781,-53.74748231914625] -0.721173458362804 0.6023016665633778 0.001176856588611136 2.6341852347614334e-05 [5209.573486328,-3373.401367188] 57.75635073739215 61.572702882798254 16.45509450839978 18.315023960248578 0.0 0.0 39.288276199462416 27.10958075815779 -1.1418580198165322e-07 1.1124652642979175e-06 -9.2589416883873e-06 2.926233582876022e-06
105.99953448903726 -55.2072791461708 3.5625 23.546875 [105.99953448903726,-55.2072791461708] 4.871141931325392 1.2078172876477682 0.0003735706646550586 1.6768055767656805e-05 [2567.44921875,-884.3247070312] 51.219737696850686 53.76669730898833 13.705917531345182 14.799271392780591 0.0 0.0 17.612209624561274 15.650527559661896 7.712641688971189e-07 1.1263671148635614e-06 -7.338527946140129e-06 2.5123389911568215e-06
106.06971734632069 -55.71607578711589 3.40625 22.09375 [106.06971734632069,-55.71607578711589] -17.655949692562785 2.388472378599915 0.00019365954932400495 1.7189682029054118e-05 [2605.639160156,33.50390625] 48.14252799245456 55.75445747778075 14.671318454857623 15.591382081328582 0.0 0.0 16.116880560038226 9.316559549714384 -2.795525475895672e-06 1.1918046197340952e-06 -1.0418092702263445e-05 2.7290649084022996e-06
108.47159565559883 -55.25466913775887 4.21875 30.085938 [108.47159565559883,-55.25466913775887] -24.29642253574616 1.5676708965804913 0.0004226209427969941 2.4621506003129195e-05 [5094.831298828,-662.5581054688] 56.15828244866371 51.96773793702904 16.97207088819034 15.018793737778736 18.311176300048828 9.155588150024414 33.35851857757348 9.060347096423811 -3.846933716650461e-06 1.1759096009393446e-06 -1.2738662114240645e-05 3.0867983289890466e-06
107.42462157846583 -54.597274650315036 4.0 27.953125 [107.42462157846583,-54.597274650315036] -0.7580999016685007 0.08934137962423132 0.005882643083811438 1.9531421710489605e-05 [4090.301269531,-1912.703613281] 48.89410457950572 56.82620201164075 14.740279350038879 17.311887949931094 0.0 0.0 29.311710427609796 19.537560406812645 -1.2003248906406915e-07 1.1084643759958843e-06 -7.861599346308299e-06 2.657619335347828e-06
107.37920386376264 -54.598209468698954 3.984375 27.765625 [107.37920386376264,-54.598209468698954] 4.107729947276352 0.14497998208826696 0.003596152648924396 1.937558675644957e-05 [4042.957763672,-1913.687011719] 47.99649316226274 56.07126879488921 14.772909498266724 17.38237296051694 0.0 0.0 29.01105565310388 19.64040828028442 6.503906000903324e-07 1.1097661716278765e-06 -6.949054443937892e-06 2.646262256832717e-06
106.34802244204201 -56.195900002085274 3.4375 22.4375 [106.34802244204201,-56.195900002085274] -36.090135496505724 2.8512670213888374 0.00016293526994252096 1.7264805836794177e-05 [2851.946777344,907.4677734375] 48.24630008651588 52.500012838463 14.353261571025714 14.944906145453865 0.0 0.0 16.056265108197522 2.8575771148882723 -5.714271674182823e-06 1.2793975400819961e-06 -1.335326948274452e-05 2.7774903264909957e-06
