data_processed/hvc_rms/hvc_rms_index_18.ecsv
# %ECSV 1.0
# ---
# datatype:
# - {name: ra_dec_obj.ra, unit: deg, datatype: float64}
# - {name: ra_dec_obj.dec, unit: deg, datatype: float64}
# - {name: 'H-alpha flux [Error]', unit: R, datatype: float32}
# - {name: H-alpha flux, unit: R, datatype: float32}
# - {name: ra_dec_deg, datatype: string, subtype: 'float64[2]'}
# - {name: RM, unit: rad / m2, datatype: float64}
# - {name: RM_uncert, unit: rad / m2, datatype: float64}
# - {name: pol_int, datatype: float64}
# - {name: pol_int_uncert, datatype: float64}
# - {name: ra_dec_pix_offsets, datatype: string, subtype: 'float64[2]'}
# - {name: interpolation_raw, unit: rad / m2, datatype: float64}
# - {name: interpolation_cor, unit: rad / m2, datatype: float64}
# - {name: interpolation_unc, unit: rad / m2, datatype: float64}
# - {name: pixel location x, datatype: float64}
# - {name: pixel location y, datatype: float64}
# meta: !!omap
# - __serialized_columns__:
#     ra_dec_obj:
#       __class__: astropy.coordinates.sky_coordinate.SkyCoord
#       dec: !astropy.table.SerializedColumn
#         __class__: astropy.coordinates.angles.Latitude
#         unit: &id001 !astropy.units.Unit {unit: deg}
#         value: !astropy.table.SerializedColumn {name: ra_dec_obj.dec}
#       frame: icrs
#       ra: !astropy.table.SerializedColumn
#         __class__: astropy.coordinates.angles.Longitude
#         unit: *id001
#         value: !astropy.table.SerializedColumn {name: ra_dec_obj.ra}
#         wrap_angle: !astropy.coordinates.Angle
#           unit: *id001
#           value: 360.0
#       representation_type: spherical
# schema: astropy-2.0
ra_dec_obj.ra ra_dec_obj.dec "H-alpha flux [Error]" "H-alpha flux" ra_dec_deg RM RM_uncert pol_int pol_int_uncert ra_dec_pix_offsets interpolation_raw interpolation_cor interpolation_unc "pixel location x" "pixel location y"
[from data line 477]
182.1664432199258 -57.00925058879294 4.53125 33.234375 [182.1664432199258,-57.00925058879294] 148.6714770598038 1.565117637698244 0.0003155438767360491 1.8353354184094768e-05 [-2285.501953125,2351.232910156] 4.167046674706912 -8.875279627618802 32.41543299780061 84.5363168770291 36.70820341238027
182.17219554556976 -56.986865999369286 4.65625 34.578125 [182.17219554556976,-56.986865999369286] 139.35957238598635 0.20144394407359476 0.002469177418397085 1.848481956142013e-05 [-2281.241210938,2310.784179688] 3.7486656934343556 -8.69878467059143 32.221770357513634 84.8074475999781 36.71570262279147
182.16752639856855 -57.005798342791365 4.53125 33.234375 [182.16752639856855,-57.005798342791365] 144.2732225262639 0.7790491643734205 0.0006323414931703593 1.8307340101559135e-05 [-2284.653320312,2344.98828125] 4.167046674706912 -8.875279627618802 32.41543299780061 84.57834397149622 36.70809404869556
182.15689041895422 -57.91884231623721 4.34375 31.5625 [182.15689041895422,-57.91884231623721] 171.12593602078206 2.7666551066126175 0.00021581056516504506 2.218893348350281e-05 [-2238.42578125,3987.088623047] 21.186586424043877 -12.699672112921878 34.41633276035517 73.76210578933637 34.95252100955554
182.16598513628736 -57.920887013508526 4.375 31.664062 [182.16598513628736,-57.920887013508526] 142.85176480828656 1.5161279913341157 0.00039535265017802006 2.2275590394930846e-05 [-2229.611328125,3990.471069336] 21.730265604499664 -12.738524594440097 34.6760671039037 73.74751415310766 34.891105754841874
184.6089018469147 -58.0047149890678 5.75 45.453125 [184.6089018469147,-58.0047149890678] 188.10237548059098 2.825835931028851 0.00021399719389813613 2.2473138312688756e-05 [104.8627929688,4103.779174805] 14.631777111807914 -23.23527325963805 28.11932188197809 75.03723520812582 19.313480411442015
179.7232816409356 -54.69143684171077 3.84375 26.476562 [179.7232816409356,-54.69143684171077] 45.95832810510213 0.5277931724977496 0.0011647899267016191 2.2846521043997364e-05 [-4962.767578125,-1687.938964844] -22.21279947670564 -2.3282825838958265 21.590490606556706 108.82275148568101 58.15759916197135
179.71791116679523 -54.69038770359862 3.84375 26.476562 [179.71791116679523,-54.69038770359862] 43.89835819931538 0.9786044516879754 0.000626698778844733 2.2791596031088087e-05 [-4968.463867188,-1689.437988281] -22.21279947670564 -2.3282825838958265 21.590490606556706 108.82747743480081 58.196960967043196
180.53417925280633 -53.37689603790991 3.046875 18.398438 [180.53417925280633,-53.37689603790991] -65.50862915672793 0.7846656947065013 0.0008234746019870738 2.4012842811706855e-05 [-4254.048828125,-4102.375] -39.6712513816663 -35.43029184284982 23.757199792439486 125.41644326192545 55.65589855707162
180.5303499515927 -53.380054344609064 3.046875 18.398438 [180.5303499515927,-53.380054344609064] -59.878429465560245 1.371621036422342 0.0004725424738495928 2.4087054260909813e-05 [-4257.834960938,-4096.46875] -39.6712513816663 -35.43029184284982 23.757199792439486 125.37398049102762 55.67574456268494
181.4355620738246 -54.144981410675 3.765625 25.671875 [181.4355620738246,-54.144981410675] -6.652910811968409 0.7261912633478274 0.0007025178622327693 1.8959072789787408e-05 [-3228.374023438,-2770.999023438] -35.0462410803042 -18.103387986698376 24.36399513507115 117.54287474742682 47.57785089935214
181.4372867085572 -54.14564159761111 3.765625 25.671875 [181.4372867085572,-54.14564159761111] -3.906539903594907 1.0102294148470403 0.0005053108384789187 1.8970873427181752e-05 [-3226.506835938,-2769.892578125] -35.0462410803042 -18.103387986698376 24.36399513507115 117.53723745882257 47.56437658227151
182.6455073607693 -56.65033341182384 4.25 30.601562 [182.6455073607693,-56.65033341182384] 158.96412660859093 0.5939982030398794 0.0007997585226267858 1.7654389791974953e-05 [-1833.783203125,1691.360107422] -2.324350455379406 -9.050955188176907 28.959082168401693 89.29653867189995 34.291917292439166
187.71357733983285 -56.53098688349963 4.25 30.585938 [187.71357733983285,-56.53098688349963] 156.47599198258214 0.4156477998030815 0.0012025678966354487 1.8575640394893436e-05 [3189.364501953,1525.927734375] -8.391697646146817 -19.90759724958675 23.56059049976373 94.72078467082338 1.041792458847567
184.53057856768908 -55.24863051544101 3.75 25.46875 [184.53057856768908,-55.24863051544101] 70.43267802835402 0.7570050174082624 0.0006087779071574693 1.712641030749809e-05 [32.37451171875,-856.1547851562] -25.654984140669548 -1.5534228274829225 24.12332591650778 107.76708728236758 24.11979086554493
185.2332152656457 -54.85382848814783 3.390625 21.898438 [185.2332152656457,-54.85382848814783] 95.16661275271582 0.43501401044355353 0.0010504737118243982 1.6982324542062716e-05 [760.7338867188,-1562.737792969] -34.813975510381 -7.18686823037662 21.82152865719249 113.06951011722072 19.881089285758208
185.23553487809846 -54.85747517872831 3.390625 21.898438 [185.23553487809846,-54.85747517872831] 97.72727714709386 1.50483604358508 0.00030430358177442694 1.701786022109894e-05 [763.068359375,-1556.149414062] -34.813975510381 -7.18686823037662 21.82152865719249 113.02797141793258 19.859769985686853
186.5301362716121 -56.90987396099169 4.09375 28.859375 [186.5301362716121,-56.90987396099169] 120.70021896688675 0.6053869563633147 0.000801331253019293 1.802826128678558e-05 [1995.645507812,2163.118652344] -2.0722878255613395 -21.245621296927908 28.760468187756192 89.49539985016258 8.436945598595003
186.74853538392338 -54.969821999358174 3.859375 26.664062 [186.74853538392338,-54.969821999358174] 82.74716927416955 0.7317909436541626 0.0006243062916602013 1.6978270377435446e-05 [2323.622070312,-1320.322265625] -36.1202072364152 -7.648375170130468 24.40679017744329 112.80849708339701 9.242483075262726
180.89041169707016 -54.69376752086968 4.03125 28.398438 [180.89041169707016,-54.69376752086968] 179.7477280921389 0.5238134122781261 0.0009836791276031192 1.9148677014417774e-05 [-3751.583984375,-1757.114746094] -18.75669062117008 -1.3169794649638717 22.051673904895118 110.37441503914465 50.14511811680654
179.96713251742284 -55.79599760724382 4.125 29.257812 [179.96713251742284,-55.79599760724382] 60.460536554973984 0.9779325350588437 0.0005848411466553648 2.1254726360381697e-05 [-4580.817382812,278.9350585938] -11.296778792362847 2.13160897487095 30.454071739728413 96.17770694403907 53.8166894959777
182.7269441833628 -56.292785735375915 4.0 28.140625 [182.7269441833628,-56.292785735375915] 155.40414240409615 1.2483634067809921 0.0003737402680468554 1.7338823495555986e-05 [-1769.837890625,1045.934570312] -4.451667781911049 -7.413503168186537 29.50282958522067 93.61849486734263 34.437822582043054
186.4971314946595 -53.66505787552717 3.421875 22.164062 [186.4971314946595,-53.66505787552717] 78.73527464641487 0.49100466709203794 0.0011316495879550154 2.0649345601741332e-05 [2130.525878906,-3675.131835938] -44.60855241966517 -31.908460470655793 19.834488306463687 128.21871219393256 12.559382964579754
181.97789023831123 -53.16555428602272 2.734375 15.300781 [181.97789023831123,-53.16555428602272] -15.698196351569003 2.9501273206270717 0.000250063316093157 2.741570692058056e-05 [-2719.751953125,-4554.685546875] -38.10311491806365 -31.10355538901598 27.24297409387066 129.7879281594819 45.80624269359532
179.94519068587624 -55.143901886533136 3.78125 25.796875 [179.94519068587624,-55.143901886533136] 110.17446297894739 0.9374415017388253 0.0006494690833191085 2.262618645728746e-05 [-4679.740234375,-890.8422851562] -12.220916256717683 3.626991791134378 24.216250949983586 103.81474112179944 55.54034944196792
181.72712746776088 -54.383090862230524 3.984375 27.890625 [181.72712746776088,-54.383090862230524] 66.86908297742845 0.46628558073336684 0.0011093533281245418 1.9223416671194843e-05 [-2904.538085938,-2355.8125] -28.13413513517871 -10.563732155684924 24.363251451097693 115.08925556910731 45.03907662335155
181.72906520271417 -54.37989417879653 3.984375 27.890625 [181.72906520271417,-54.37989417879653] 74.4407182174942 2.658258496006268 0.00019483894229671103 1.9247825691981612e-05 [-2902.735351562,-2361.641601562] -28.13413513517871 -10.563732155684924 24.363251451097693 115.12938339878178 45.0323300378202
185.65226750387893 -58.206748946459015 5.5625 43.46875 [185.65226750387893,-58.206748946459015] 80.82536801430223 1.6775428649675037 0.00042806040920506867 2.6686240256015483e-05 [1093.66796875,4476.124145508] 20.185903737767646 -18.618558394370744 34.17841919198135 73.4246807936272 12.433744896454527
181.63015722694126 -53.30052166144673 2.84375 16.398438 [181.63015722694126,-53.30052166144673] -27.623624442030255 1.6430947150226487 0.0003919026609460073 2.3930375546718926e-05 [-3084.833984375,-4297.590820312] -35.03325679715691 -28.0017904235889 24.623686324596953 127.76104388386148 48.01400510742383
183.02355973790756 -56.0985907213838 4.28125 30.835938 [183.02355973790756,-56.0985907213838] 182.93738438013673 0.7338002862402814 0.0006343963103782032 1.7300044827809877e-05 [-1481.149414062,689.533203125] -7.243433841822499 -5.203975057235354 28.38358375061593 96.22797284007311 32.8337416540096
186.7285004304685 -56.87379072494994 4.03125 28.273438 [186.7285004304685,-56.87379072494994] 135.8987373369176 0.32128759075342433 0.0014921602544074888 1.781632485751211e-05 [2192.563476562,2104.201416016] -2.8903456943876864 -20.724512952005746 28.910536701578092 90.05258136126281 7.178440989965793
184.30216963427 -58.06221009840367 5.75 45.5625 [184.30216963427,-58.06221009840367] 205.00677470838556 1.3455062674134317 0.000457063726826469 2.2854471596963532e-05 [-187.373046875,4207.373535156] 10.848943224552492 -21.803480226746387 29.285041095891827 74.09892212932436 21.16130579472565
184.29539471891025 -58.068088551872975 5.75 45.5625 [184.29539471891025,-58.068088551872975] 227.23296409637516 1.2685028006121961 0.0004899348581342299 2.3096090547966596e-05 [-193.7919921875,4217.964599609] 10.848943224552492 -21.803480226746387 29.285041095891827 74.02329155007328 21.194656532205727
187.52218629531276 -56.323051512881754 4.25 30.523438 [187.52218629531276,-56.323051512881754] 95.84111643579021 2.008676445319396 0.0002457399102445522 1.8344014513807076e-05 [3016.098144531,1143.491699219] -12.38018343681715 -18.71315985106343 24.595028245205977 97.10374758513103 2.5207272246552748
183.43161019268905 -55.96634284146251 4.25 30.609375 [183.43161019268905,-55.96634284146251] 129.43505283929687 0.35684798705248977 0.0013136238262770462 1.7420594486923497e-05 [-1075.258789062,444.0014648438] -8.570117256324227 -1.086951292511042 27.508708325044253 98.20699814263708 30.350964424336325
183.43533345420036 -55.97341545308217 4.25 30.609375 [183.43533345420036,-55.97341545308217] 133.73301794806977 0.8083893311604832 0.0005769965771035082 1.733414851553317e-05 [-1071.3125,456.6728515625] -8.570117256324227 -1.086951292511042 27.508708325044253 98.12671321104244 30.313538676013422
185.2220613633356 -54.291728722648294 3.296875 20.914062 [185.2220613633356,-54.291728722648294] 19.135043629283935 2.73300321930868 0.00017205762268251008 1.7475224526771905e-05 [759.5668945312,-2574.375976562] -37.344623346619215 -16.817714547207075 23.418248495942272 119.75721737035019 20.77203795944729
187.62066648656477 -54.35258092157278 3.609375 24.109375 [187.62066648656477,-54.35258092157278] 61.0453269594443 0.8525762413590938 0.0006195362814105763 1.9629474528833126e-05 [3273.061523438,-2395.172851562] -35.87184186960119 -24.886275112575788 21.450364805851116 120.72394903084773 3.817750332401374
187.61071781103843 -54.35382463623564 3.609375 24.109375 [187.61071781103843,-54.35382463623564] 59.4691765333181 2.242961249763836 0.000235565672551974 1.963552319154056e-05 [3262.541748047,-2393.405761719] -35.87184186960119 -24.886275112575788 21.450364805851116 120.70335450705056 3.886600501560224
187.5973205950216 -54.350975120524424 3.609375 24.109375 [187.5973205950216,-54.350975120524424] 64.67513226882339 1.0781040147560015 0.0004892630275847037 1.9602513648077928e-05 [3248.733886719,-2399.157226562] -35.87184186960119 -24.886275112575788 21.450364805851116 120.7297117635967 3.983835413169345
187.61611945777443 -54.35129160242937 3.609375 24.109375 [187.61611945777443,-54.35129160242937] 60.67938352577371 0.9315231909448937 0.0005667959218281039 1.9621359339739964e-05 [3268.401123047,-2397.705078125] -35.87184186960119 -24.886275112575788 21.450364805851116 120.73675524558757 3.851071545822606
187.00152581810542 -57.4843788436713 4.34375 31.414062 [187.00152581810542,-57.4843788436713] 190.00934223927985 0.5781688192663181 0.0008813798111683496 1.8937666663358654e-05 [2420.590332031,3211.331542969] -2.980466305008362 -27.99514924734923 27.67610882166018 82.92338099189374 4.714672566675972
187.0166168150849 -57.48260496035656 4.34375 31.414062 [187.0166168150849,-57.48260496035656] 183.6164958435022 1.2046210259348302 0.0004232350006994199 1.8947011478525318e-05 [2435.295898438,3208.670410156] -2.980466305008362 -27.99514924734923 27.67610882166018 82.95344710221639 4.619272465890617
183.28054823954741 -53.445160115909985 4.09375 28.960938 [183.28054823954741,-53.445160115909985] 39.14398083136115 1.6507453749522505 0.00034754418751892924 2.1320570521422032e-05 [-1306.233398438,-4089.83984375] -36.77774824236631 -32.5239571392527 27.108512508612243 127.97123937767651 35.92528140946456
181.9931034786257 -54.561512116463696 3.90625 27.132812 [181.9931034786257,-54.561512116463696] 92.48150699172187 0.5813690614353422 0.000848230617946637 1.8326290405760197e-05 [-2614.591796875,-2045.549316406] -21.838097707488245 -6.8680840259229345 23.821841055286733 113.29781499143814 42.824075323820125
183.16752622246824 -58.23875430025212 4.78125 35.78125 [183.16752622246824,-58.23875430025212] 236.65197956957846 1.2054267005713404 0.0006362721151213542 2.8503119964588744e-05 [-1261.385742188,4536.729980469] 17.885100634514927 -7.86139795178557 33.623490904466465 70.98480248407327 27.99384217547822
181.88572688324737 -57.67020413678846 4.03125 28.351562 [181.88572688324737,-57.67020413678846] 262.69178278618165 0.5543427378906708 0.0009934681103229504 2.0466378270980477e-05 [-2514.692382812,3549.422363281] 12.457757599409696 -14.339195033920959 32.89263653693252 76.41225240248355 37.170161918396616
180.07435568458862 -53.64791465653466 3.421875 22.203125 [180.07435568458862,-53.64791465653466] -105.5008392817155 1.05585700668235 0.0006655183527427639 2.6114026817126124e-05 [-4716.211914062,-3586.020507812] -35.035050414445266 -26.327879820678717 22.542688676171434 121.5850513114492 58.26680716163969
180.08045950590338 -53.65327433616648 3.390625 21.875 [180.08045950590338,-53.65327433616648] -97.88075482709985 2.5148262060134496 0.0002757627742086 2.577224907732172e-05 [-4709.120117188,-3576.813476562] -35.10591361247622 -26.46828191285349 22.854457737826902 121.53066482579129 58.21084982584421
184.33265689422092 -57.750431058826116 4.6875 34.953125 [184.33265689422092,-57.750431058826116] 137.22141996913132 0.7602276591712779 0.0007037377088974571 1.988214296490112e-05 [-159.7319335938,3646.50390625] 13.925806913994839 -23.24460438757044 31.943973339848903 77.83299687964472 21.465886042535658
184.32685837787318 -57.75151063378535 4.6875 34.953125 [184.32685837787318,-57.75151063378535] 140.86197172103553 1.879249646691478 0.00028364698276624103 1.980940123612353e-05 [-165.2963867188,3648.459594727] 13.925806913994839 -23.24460438757044 31.943973339848903 77.81523754291061 21.50109615000133
184.34112542068647 -57.748775476295414 4.6875 34.953125 [184.34112542068647,-57.748775476295414] 138.54748969741453 1.8085597536488895 0.00029562274478487326 1.986915557542468e-05 [-151.6049804688,3643.506591797] 13.925806913994839 -23.24460438757044 31.943973339848903 77.85986685342186 21.414583645908124
