data_processed/hvc_rms/hvc_rms_index_11.ecsv
# %ECSV 1.0
# ---
# datatype:
# - {name: ra_dec_obj.ra, unit: deg, datatype: float64}
# - {name: ra_dec_obj.dec, unit: deg, datatype: float64}
# - {name: 'H-alpha flux [Error]', unit: R, datatype: float32}
# - {name: H-alpha flux, unit: R, datatype: float32}
# - {name: ra_dec_deg, datatype: string, subtype: 'float64[2]'}
# - {name: RM, unit: rad / m2, datatype: float64}
# - {name: RM_uncert, unit: rad / m2, datatype: float64}
# - {name: pol_int, datatype: float64}
# - {name: pol_int_uncert, datatype: float64}
# - {name: ra_dec_pix_offsets, datatype: string, subtype: 'float64[2]'}
# - {name: interpolation_raw, unit: rad / m2, datatype: float64}
# - {name: interpolation_cor, unit: rad / m2, datatype: float64}
# - {name: interpolation_unc, unit: rad / m2, datatype: float64}
# - {name: interpolation_cor_unc, unit: rad / m2, datatype: float64}
# - {name: HI, unit: dex(1 / cm2), datatype: float64}
# - {name: 'HI [Error]', unit: dex(1 / cm2), datatype: float64}
# - {name: pixel location x, datatype: float64}
# - {name: pixel location y, datatype: float64}
# meta: !!omap
# - __serialized_columns__:
#     ra_dec_obj:
#       __class__: astropy.coordinates.sky_coordinate.SkyCoord
#       dec: !astropy.table.SerializedColumn
#         __class__: astropy.coordinates.angles.Latitude
#         unit: &id001 !astropy.units.Unit {unit: deg}
#         value: !astropy.table.SerializedColumn {name: ra_dec_obj.dec}
#       frame: icrs
#       ra: !astropy.table.SerializedColumn
#         __class__: astropy.coordinates.angles.Longitude
#         unit: *id001
#         value: !astropy.table.SerializedColumn {name: ra_dec_obj.ra}
#         wrap_angle: !astropy.coordinates.Angle
#           unit: *id001
#           value: 360.0
#       representation_type: spherical
# schema: astropy-2.0
ra_dec_obj.ra ra_dec_obj.dec "H-alpha flux [Error]" "H-alpha flux" ra_dec_deg RM RM_uncert pol_int pol_int_uncert ra_dec_pix_offsets interpolation_raw interpolation_cor interpolation_unc interpolation_cor_unc HI "HI [Error]" "pixel location x" "pixel location y"
[from data line 387]
118.3523556227055 -56.64244079481947 6.71875 55.1875 [118.3523556227055,-56.64244079481947] -184.89644350095173 0.02035681364802258 0.023715095594370787 1.794086522774572e-05 [-3112.8203125,1723.3125] 68.22668413375581 66.68021313098465 23.88667866287772 24.541993407278852 0.0 0.0 32.16837507737398 39.984910984244834
118.34291820995453 -56.64447408663731 6.71875 55.1875 [118.34291820995453,-56.64447408663731] -7.078897743019949 1.352357782817886 0.0003566984300823958 1.7926747679855838e-05 [-3121.978515625,1727.392578125] 68.22668413375581 66.68021313098465 23.88667866287772 24.541993407278852 0.0 0.0 32.10189297482327 39.99242836154508
120.85298152211399 -55.92129900630934 8.4375 72.53125 [120.85298152211399,-55.92129900630934] -191.67216591439043 0.6210585725633571 0.0007363776264556742 1.6995809269839454e-05 [-651.56640625,357.67578125] 79.92054259592031 72.96855131808735 30.77357109434259 27.328839963033104 0.0 0.0 50.933575953662285 39.568163560528774
120.01866948702171 -56.446136371792505 6.6875 54.96875 [120.01866948702171,-56.446136371792505] -135.89197716231934 0.3157002526680491 0.0014246146144894754 1.671402424872841e-05 [-1472.607421875,1315.046875] 68.51687734962572 66.34148171820979 26.980897192715982 24.514656813630072 0.0 0.0 42.990195113782306 36.73373871097078
116.94425168775733 -56.78488913803583 5.0625 38.765625 [116.94425168775733,-56.78488913803583] -173.15979125853386 2.1136765292808994 0.0002679989536596703 2.1051368159308566e-05 [-4486.286132812,2056.480957031] 54.95971148402225 62.72918460918535 20.102282921994266 23.05573274018603 0.0 0.0 23.13390216710536 42.7796685287185
122.76882157511189 -57.95704652505934 3.234375 20.375 [122.76882157511189,-57.95704652505934] 11.593973622430877 2.9496654088384484 0.0001916342135411111 2.1006539113895367e-05 [1212.624023438,4029.047363281] 51.21959514834386 53.2837061310417 17.83697787362131 19.388928741200488 0.0 0.0 49.45765804737084 11.430676733991277
119.42790981791889 -56.42649084188141 6.53125 53.1875 [119.42790981791889,-56.42649084188141] -164.18795017888039 2.2708832958088387 0.0001996461069469199 1.6848621142386005e-05 [-2061.1328125,1294.76171875] 68.07283918785784 67.80951426298822 27.27099610380962 24.977608467105938 0.0 0.0 39.667364778559204 38.88692422752024
121.56616995590302 -57.74860757969807 3.328125 21.242188 [121.56616995590302,-57.74860757969807] -114.84969743679892 1.169496005424441 0.00043200611914938765 1.8775752177337372e-05 [64.55908203125,3643.060058594] 56.68329721621717 52.9157850534608 17.747584990292616 19.580473989109045 0.0 0.0 44.09473264076473 17.634692328402025
120.7527845631653 -56.95007709943743 4.4375 32.40625 [120.7527845631653,-56.95007709943743] -174.46447732589166 0.37340391058488354 0.0011951454184247839 1.6584726580408492e-05 [-732.4946289062,2210.216552734] 71.84014115925162 59.212988969603266 24.664199598728665 22.955644555583316 0.0 0.0 44.261723488524694 28.877199246760938
120.75762928961066 -56.95146940503761 4.4375 32.40625 [120.75762928961066,-56.95146940503761] -173.22349809225744 0.5938972629758232 0.0007530204604110389 1.6619838664409632e-05 [-727.7119140625,2212.670898438] 71.84014115925162 59.212988969603266 24.664199598728665 22.955644555583316 0.0 0.0 44.281125258130146 28.84621375672441
120.77478030588684 -56.95576096604805 4.40625 32.109375 [120.77478030588684,-56.95576096604805] -163.76823593789678 1.7623531304416569 0.00025414375766807007 1.6644895939946444e-05 [-710.7954101562,2220.215332031] 71.18285910049364 58.50573328962528 24.431242537237424 22.886023856039508 0.0 0.0 44.35354790388283 28.743366455725663
117.03855162590753 -58.06865309635434 3.40625 22.054688 [117.03855162590753,-58.06865309635434] -109.36335090453433 1.0756435047819402 0.0006568561150560322 2.6257133340597806e-05 [-4242.119140625,4355.272827148] 46.59834140030706 54.89720296363467 16.20021631199406 19.26814228610916 0.0 0.0 16.827617268350878 28.18005928372554
116.99725381494397 -58.05783080265816 3.359375 21.570312 [116.99725381494397,-58.05783080265816] -111.5521096633773 0.5546004235948646 0.001277066509564604 2.632100186811419e-05 [-4282.61328125,4338.390014648] 46.10175592132382 54.447648169902735 16.60133425319955 19.308838931102247 0.0 0.0 16.650025262882195 28.421639292681448
116.98689985296797 -58.05443953473373 3.359375 21.570312 [116.98689985296797,-58.05443953473373] -111.74032932813058 0.8450959845866888 0.000836804826362739 2.628082036336931e-05 [-4292.850585938,4332.944458008] 46.10175592132382 54.447648169902735 16.60133425319955 19.308838931102247 0.0 0.0 16.609068467608267 28.489782954279463
117.02690111767303 -58.06410601673338 3.40625 22.070312 [117.02690111767303,-58.06410601673338] -107.44743597979524 0.8984526762971218 0.0007840110214878818 2.6177373996907025e-05 [-4253.71875,4347.826293945] 46.60094057463989 54.92898482531389 16.381044684929982 19.329477041992753 0.0 0.0 16.785473304363336 28.264919483751783
118.2312699923588 -56.01365659135612 9.25 80.59375 [118.2312699923588,-56.01365659135612] -190.70822278655226 1.0787997422134945 0.00043691101698248243 1.7516306385336298e-05 [-3286.184570312,598.3779296875] 63.85390977075899 69.62591238488729 27.522091144342024 25.211924234427514 0.0 0.0 34.959282256011875 47.269228102549505
118.23940319814925 -56.01888644622457 9.125 78.96875 [118.23940319814925,-56.01888644622457] -193.97747886787712 2.3195682949423135 0.0002015616624024368 1.737495941047188e-05 [-3277.5703125,607.3959960938] 64.19965932471672 69.34465822974295 27.34004972620755 25.024155260940706 0.0 0.0 34.97840935156751 47.18573329720539
120.16088831167592 -55.380088930210334 8.6875 75.0625 [120.16088831167592,-55.380088930210334] -172.50579464410163 0.061834058816128065 0.007377755555342528 1.6953552663910565e-05 [-1368.295898438,-606.3193359375] 75.07635492291733 77.25306768676542 30.241398198376917 26.089046440076622 0.0 0.0 50.05458366547623 47.73634084406467
121.58946988103857 -56.65729917736453 4.9375 37.390625 [121.58946988103857,-56.65729917736453] -72.98855027785591 0.5809169190996444 0.0007666948207703214 1.6551801069969013e-05 [89.51806640625,1679.415039062] 74.38926308440521 66.5474070443502 23.607003027585677 24.711226514396525 0.0 0.0 50.777827675542085 29.204118694278122
121.58342762433983 -56.6579932434933 4.84375 36.453125 [121.58342762433983,-56.6579932434933] -71.14296718838627 1.9642708841001306 0.00022520601278135232 1.643955524551074e-05 [83.53857421875,1680.656738281] 74.67224713935529 66.86562164194953 23.926225774863134 24.78648369139445 0.0 0.0 50.73918034658641 29.217258489275537
120.35245505557842 -57.56472779042984 3.171875 19.773438 [120.35245505557842,-57.56472779042984] -157.07120399878912 0.3017639072837652 0.0016108963454903116 1.8065234102013705e-05 [-1106.79296875,3321.401855469] 57.429889277244435 53.59430458903883 19.52663459759094 21.339169359816072 0.0 0.0 38.394099956515106 23.555742806212947
119.5063782328984 -56.293010692413745 8.25 70.1875 [119.5063782328984,-56.293010692413745] -165.6979921709753 1.622676143504398 0.0002745592487646384 1.655680875216513e-05 [-1990.032226562,1052.322753906] 66.34513881412899 68.40219848518404 26.696409650305775 23.92741107513058 0.0 0.0 40.891456644637174 40.07867490603894
119.50168652998642 -56.293125155590445 8.25 70.1875 [119.50168652998642,-56.293125155590445] -156.97352759736296 3.096662942435752 0.00014379436118943444 1.654796127529877e-05 [-1994.709960938,1052.663574219] 66.34513881412899 68.40219848518404 26.696409650305775 23.92741107513058 0.0 0.0 40.86337031123833 40.09283672329252
118.66547356218643 -55.841197939341285 8.8125 76.40625 [118.66547356218643,-55.841197939341285] -154.9585805853066 1.1442162850454254 0.0004082137849907606 1.7358192249913165e-05 [-2862.62890625,268.9951171875] 68.41078929034136 72.82448344431822 31.419076522835788 26.48103530490919 0.0 0.0 38.50733019333734 47.74770141079239
121.99028014651695 -58.145442984841466 3.15625 19.484375 [121.99028014651695,-58.145442984841466] -145.49565180881604 2.4173601015104618 0.00026176690084360986 2.351607216305361e-05 [466.7490234375,4358.44152832] 46.934928551241484 47.10903721168766 17.053289321262938 19.16539291844803 0.0 0.0 44.0504157975771 12.004826303179698
121.998061917452 -58.14582062345962 3.15625 19.484375 [121.998061917452,-58.14582062345962] -141.99173483851786 2.454857923862633 0.0002561836526998613 2.33714942041969e-05 [474.1362304688,4359.173339844] 46.934928551241484 47.10903721168766 17.053289321262938 19.16539291844803 0.0 0.0 44.09075395456705 11.97533838550271
117.98129252323943 -57.70389180515282 3.546875 23.53125 [117.98129252323943,-57.70389180515282] -132.83941763288897 0.6493903947334223 0.0008567991703101969 2.0677289154379536e-05 [-3380.922851562,3648.430664062] 49.04037698748125 54.40101416098257 15.316576597277164 20.542704815003056 18.457164764404297 9.228582382202148 24.1669189821057 29.433690860297475
119.06811534487677 -55.72418590036453 8.25 70.75 [119.06811534487677,-55.72418590036453] -170.46851307462063 1.7734834632953063 0.0002567078724309646 1.6919013376434595e-05 [-2463.5078125,43.05419921875] 66.536020881725 72.67268716675788 31.62230388998499 26.495466669452405 0.0 0.0 41.56534960115857 47.69799169601038
118.6788250996469 -56.06764233755618 9.0 78.21875 [118.6788250996469,-56.06764233755618] -163.3065704152939 1.803522465518944 0.0002547579404094309 1.707489291942569e-05 [-2832.528320312,675.703125] 67.32252944662308 69.6319594298474 29.522300502226763 25.59690961026293 0.0 0.0 37.308770260583174 45.23254026307586
116.15046721417006 -56.34162526659863 5.75 45.34375 [116.15046721417006,-56.34162526659863] -154.42509094993684 2.992771613829986 0.0002442434117588094 2.7164714000096676e-05 [-5328.11328125,1316.92578125] 54.20805116956889 65.08851365167169 22.354242548060476 24.183023426197213 0.0 0.0 20.782925594408653 50.134804450507545
116.14158628571101 -56.340801325319084 5.8125 45.96875 [116.14158628571101,-56.340801325319084] -151.2176779715357 1.6769758015548495 0.0004379313729221741 2.7292389316581826e-05 [-5337.049804688,1316.130371094] 54.43926767205728 64.5479407865521 22.39960112200425 24.099640865082236 0.0 0.0 20.73418798028979 50.17091025933382
118.02648957381454 -56.455768507800336 6.625 54.265625 [118.02648957381454,-56.455768507800336] -244.33677390434445 0.7355679177343409 0.000659421706669661 1.8025807179517553e-05 [-3451.793945312,1403.153808594] 68.47771417175349 69.54405443872433 23.37568620052403 23.924443390230287 0.0 0.0 31.293107945215183 43.066302605181136
116.28255453022636 -57.563800840037764 3.640625 24.414062 [116.28255453022636,-57.563800840037764] -126.22293088686936 1.0135083131431972 0.0006486292988886348 2.44305126611773e-05 [-5029.21484375,3499.954589844] 50.73348447097419 61.365616572153655 18.881724902211225 20.822041728922265 0.0 0.0 15.14754461134828 36.0432743452659
116.27938106165043 -57.56311799808748 3.640625 24.414062 [116.27938106165043,-57.56311799808748] -128.6651181452575 1.2334500821045213 0.0005314220613369925 2.435958364475632e-05 [-5032.360351562,3498.959960938] 50.73348447097419 61.365616572153655 18.881724902211225 20.822041728922265 0.0 0.0 15.132727973943247 36.06019535409905
117.47309838793457 -57.682773552875126 3.484375 22.796875 [117.47309838793457,-57.682773552875126] -129.66764885344278 0.448773408555143 0.001253691119977726 2.0908668081275404e-05 [-3870.864257812,3637.080566406] 48.78125048614737 55.03262617454591 16.60970623954672 20.30774085018748 0.0 0.0 21.375471585606533 31.197344870138068
116.92218734643495 -57.272026098179936 4.25 30.429688 [116.92218734643495,-57.272026098179936] -95.9516603896228 1.3019738787982003 0.00042266791529235325 2.0450797862503858e-05 [-4449.260742188,2932.590087891] 46.95960864026163 57.861044627070136 19.430579128633727 21.997675219402016 0.0 0.0 20.399967164187387 37.4194416072221
120.48855605827555 -56.04827507389286 9.6875 84.84375 [120.48855605827555,-56.04827507389286] -228.28157857081823 1.4621785470154476 0.00031311222750114357 1.7014106174411507e-05 [-1015.741210938,590.6015625] 77.45044702966845 71.85612434759932 30.822523366449307 26.683628282450933 0.0 0.0 48.05391247500302 39.44695565533516
120.49118017975296 -56.05182658924627 9.6875 84.84375 [120.49118017975296,-56.05182658924627] -227.37369752203986 3.2134904434813536 0.00014234332592402647 1.6998978515284122e-05 [-1013.010253906,596.955078125] 77.45044702966845 71.85612434759932 30.822523366449307 26.683628282450933 0.0 0.0 48.048298676177524 39.399960138089455
117.04646350720746 -57.619270377331425 3.46875 22.625 [117.04646350720746,-57.619270377331425] -120.80685009183526 1.4521437441449823 0.000387375206126817 2.0904998067611124e-05 [-4287.78515625,3548.1640625] 48.096844685541576 57.51333571139747 18.36608034050035 20.920667470882776 0.0 0.0 19.266018457020664 33.17563552886145
120.2770992966247 -56.353805478949916 7.0 57.96875 [120.2770992966247,-56.353805478949916] -173.49301140919547 2.1914676629847976 0.00020347698133111572 1.6571394484041154e-05 [-1218.522460938,1143.875488281] 71.03219155627482 67.57759335337425 27.33162542789712 24.40601130656274 0.0 0.0 45.02852610095374 36.87166920566369
120.71881126007675 -56.50292589605852 6.0 47.921875 [120.71881126007675,-56.50292589605852] 4.294458013319224 1.7069396499918044 0.0002625657814484617 1.665578078888438e-05 [-775.0166015625,1405.888671875] 72.5802593829441 65.93558528415402 26.45809494702946 24.388964939799443 0.0 0.0 46.70654167258567 33.79226149383953
122.29479980237119 -57.447059639115366 3.4375 22.320312 [122.29479980237119,-57.447059639115366] -116.6227889888927 0.3910854851772158 0.0012107438581434654 1.7596758572728184e-05 [770.7719726562,3104.946044922] 55.05737355082237 55.2487143493602 18.33782224576325 21.679193378636764 0.0 0.0 49.96450071419531 18.424756620176595
120.44020882461425 -56.43835455795507 6.8125 56.171875 [120.44020882461425,-56.43835455795507] -137.67928350926735 1.6507782620347464 0.0002678447406098033 1.6431626987020102e-05 [-1053.5390625,1293.357910156] 71.76897432100681 66.70057309597874 27.11757841700769 24.645595616014106 0.0 0.0 45.47805127118386 35.41761514563041
121.34117887913237 -57.878726913504465 3.234375 20.34375 [121.34117887913237,-57.878726913504465] -115.74610101490993 0.389205445762135 0.001351666492076328 1.955046805243142e-05 [-151.0048828125,3877.262939453] 57.18292732318575 52.0263418604093 17.072714631636128 19.235167514917446 0.0 0.0 42.070773019663875 16.97600305071751
121.325256600039 -57.88379288985525 3.234375 20.34375 [121.325256600039,-57.88379288985525] -106.50879070041765 1.7529047691287896 0.00029929975406704144 1.949725113933972e-05 [-166.2202148438,3886.411865234] 57.18292732318575 52.0263418604093 17.072714631636128 19.235167514917446 0.0 0.0 41.952413002813955 16.973435481065053
117.58921070069712 -56.72505192419181 5.46875 42.75 [117.58921070069712,-56.72505192419181] -188.10555015796317 0.12853161272251493 0.004005992057113177 1.9135012215877133e-05 [-3858.231445312,1910.173828125] 65.80623397848916 68.51309454548905 21.696601923251187 24.835632053776507 0.0 0.0 27.245135643830054 41.46322637342064
119.19258881668566 -56.999530761161466 4.625 34.359375 [119.19258881668566,-56.999530761161466] -86.41894125964923 1.8222220644467844 0.0002594921831962265 1.7572529622705322e-05 [-2260.48828125,2332.894042969] 65.77655648859354 60.223077871483184 22.42184701976092 23.726684775174572 0.0 0.0 35.03623105645727 33.408769593072066
