data_processed/hvc_rms/hvc_rms_index_4_with_B.ecsv
# %ECSV 1.0
# ---
# datatype:
# - {name: ra_dec_obj.ra, unit: deg, datatype: float64}
# - {name: ra_dec_obj.dec, unit: deg, datatype: float64}
# - {name: 'H-alpha flux [Error]', unit: R, datatype: float32}
# - {name: H-alpha flux, unit: R, datatype: float32}
# - {name: ra_dec_deg, datatype: string, subtype: 'float64[2]'}
# - {name: RM, unit: rad / m2, datatype: float64}
# - {name: RM_uncert, unit: rad / m2, datatype: float64}
# - {name: pol_int, datatype: float64}
# - {name: pol_int_uncert, datatype: float64}
# - {name: ra_dec_pix_offsets, datatype: string, subtype: 'float64[2]'}
# - {name: interpolation_raw, unit: rad / m2, datatype: float64}
# - {name: interpolation_cor, unit: rad / m2, datatype: float64}
# - {name: interpolation_unc, unit: rad / m2, datatype: float64}
# - {name: pixel location x, datatype: float64}
# - {name: pixel location y, datatype: float64}
# - {name: 'B_virtual [raw]', unit: G, datatype: float64}
# - {name: 'B_virtual_unc [raw]', unit: G, datatype: float64}
# - {name: 'B_virtual [int]', unit: G, datatype: float64}
# - {name: 'B_virtual_unc [int]', unit: G, datatype: float64}
# - {name: 'B_virtual [cor]', unit: G, datatype: float64}
# - {name: 'B_virtual_unc [cor]', unit: G, datatype: float64}
# meta: !!omap
# - __serialized_columns__:
#     ra_dec_obj:
#       __class__: astropy.coordinates.sky_coordinate.SkyCoord
#       dec: !astropy.table.SerializedColumn
#         __class__: astropy.coordinates.angles.Latitude
#         unit: &id001 !astropy.units.Unit {unit: deg}
#         value: !astropy.table.SerializedColumn {name: ra_dec_obj.dec}
#       frame: icrs
#       ra: !astropy.table.SerializedColumn
#         __class__: astropy.coordinates.angles.Longitude
#         unit: *id001
#         value: !astropy.table.SerializedColumn {name: ra_dec_obj.ra}
#         wrap_angle: !astropy.coordinates.Angle
#           unit: *id001
#           value: 360.0
#       representation_type: spherical
# schema: astropy-2.0
ra_dec_obj.ra ra_dec_obj.dec "H-alpha flux [Error]" "H-alpha flux" ra_dec_deg RM RM_uncert pol_int pol_int_uncert ra_dec_pix_offsets interpolation_raw interpolation_cor interpolation_unc "pixel location x" "pixel location y" "B_virtual [raw]" "B_virtual_unc [raw]" "B_virtual [int]" "B_virtual_unc [int]" "B_virtual [cor]" "B_virtual_unc [cor]"
[from data line 37]
15.325671289709481 -15.45666983135787 0.26953125 0.35876465 [15.325671289709481,-15.45666983135787] -0.4145706128639171 0.42354779708211854 0.0011986123052883046 1.886643581403818e-05 [2931.354003906,2617.155517578] 5.1569276070046035 5.576978648830064 2.5727638647840667 21.734044416826464 39.51685629146141 -1.8282783923888955e-07 3.093489105892024e-06 -2.457060267309022e-06 3.428232187621594e-06 -2.6423050047892492e-06 3.448727081962913e-06
15.680772811775109 -12.72366814350499 0.27148438 0.36035156 [15.680772811775109,-12.72366814350499] -2.2170568550982463 0.6649708701099549 0.0007655237850188044 1.8917773131346678e-05 [3589.811035156,-2296.733398438] 3.9736213041443538 2.9587580650439387 3.2510293745963432 54.73970160563147 47.453258561819894 -9.755785881704335e-07 3.117083967596797e-06 -2.72410382463728e-06 3.568340400714619e-06 -2.2775303217021103e-06 3.5210818872852456e-06
16.04171943372808 -12.961924639156672 0.30078125 0.64746094 [16.04171943372808,-12.961924639156672] -6.770118987546301 1.3243327444127388 0.000419350763356223 2.0638743721146674e-05 [4219.081054688,-1862.025390625] 3.7191076479713647 1.987257259844505 3.236098091481358 52.713277071111065 28.837191011007235 -2.2224814764468315e-06 2.403345554416616e-06 -3.4433828921727356e-06 2.7081145288727236e-06 -2.8748544195314887e-06 2.666642907780703e-06
15.874094010551564 -15.303416264626623 0.24511719 0.11303711 [15.874094010551564,-15.303416264626623] 6.847608903616478 3.225309177380054 0.00016307021772707446 1.9545856525915884e-05 [3885.105957031,2349.283203125] 4.182487005149102 4.714990448189583 2.5933568549455295 24.830123345362836 11.497298203446917 5.379935397042208e-06 8.421822883915531e-06 2.0938964010378043e-06 6.782967816154712e-06 1.6755264031912118e-06 6.643944755799295e-06
15.515505779586825 -15.374827347718787 0.30273438 0.6953125 [15.515505779586825,-15.374827347718787] -2.051457995861113 2.950927852113624 0.00017406192588284333 1.9088468210807728e-05 [3261.821777344,2472.370849609] 4.911776384111424 5.408271952612208 2.5209079220714172 23.119568485460945 30.020591655027147 -6.498621526501953e-07 2.411312655594476e-06 -2.2058177611759203e-06 2.588188142535835e-06 -2.363097939263001e-06 2.5958802510485757e-06
14.5297594050805 -13.39430138087804 0.31054688 0.7285156 [14.5297594050805,-13.39430138087804] 3.9091500188465886 1.351737325360823 0.00033269408628382185 1.6712679720357946e-05 [1565.30859375,-1102.314941406] 2.553318681089472 2.670164133321008 3.085256646018859 44.869372942245604 97.02394400112689 1.2097943061107745e-06 2.224047441558749e-06 4.1959940768635037e-07 2.406064335283082e-06 3.8343835934511545e-07 2.4057413044609456e-06
15.550782161843273 -14.91900069934014 0.28125 0.47473145 [15.550782161843273,-14.91900069934014] 3.917379100699205 1.6622229378006117 0.0002989316803931373 1.8465876117057693e-05 [3330.175292969,1652.56640625] 4.850939303385721 4.666783885857776 2.9709616763072644 28.56355254361722 33.18616121222476 1.5018281363944918e-06 2.797167605349658e-06 -3.5790433945045213e-07 2.9862271580168195e-06 -2.87303618814663e-07 2.98549604457316e-06
15.480554605860961 -14.954437240703244 0.27929688 0.4588623 [15.480554605860961,-14.954437240703244] 7.329003910056601 2.839464707535381 0.00017442158902771738 1.8405406639579903e-05 [3207.563476562,1715.372070312] 4.892749304970904 4.759659003072924 2.9403971557183706 27.990279365543074 36.518252481937 2.857935325413096e-06 3.0821414085481425e-06 9.500142424567178e-07 3.1753006979710833e-06 1.0019126286401676e-06 3.176906939453494e-06
14.482896716805726 -13.54218290596687 0.30664062 0.685791 [14.482896716805726,-13.54218290596687] 7.190429936006163 0.1868274938939864 0.002373264454632416 1.647766336403127e-05 [1482.34375,-836.443359375] 2.631851133778127 3.0386238711333338 3.2741127073302563 43.046240025643556 98.50824505286892 2.293546752812342e-06 2.300978579475443e-06 1.4540595906420255e-06 2.4904698633798136e-06 1.3243104241531273e-06 2.486262657181806e-06
14.48451625773332 -13.541529728464196 0.30664062 0.685791 [14.48451625773332,-13.541529728464196] 7.5089927230241305 0.2779312972147578 0.0015930297857374173 1.6453945471985954e-05 [1485.181640625,-837.6088867188] 2.631851133778127 3.0386238711333338 3.2741127073302563 43.05605003882431 98.4322982191502 2.3951594035487365e-06 2.307917372342731e-06 1.55567224137842e-06 2.494897030045844e-06 1.4259230748895216e-06 2.490389832863462e-06
14.487504891266822 -13.5444029837186 0.30664062 0.685791 [14.487504891266822,-13.5444029837186] 7.630683401659573 1.6144392241700294 0.00027510382391760624 1.650543713566351e-05 [1490.393066406,-832.4184570312] 2.631851133778127 3.0386238711333338 3.2741127073302563 43.025495467996166 98.27001623985598 2.433975338522838e-06 2.365310905472653e-06 1.5944881763525214e-06 2.5473395919235944e-06 1.4647390098636232e-06 2.5428103119010773e-06
14.487510634272821 -15.357125251013121 0.28125 0.4864502 [14.487510634272821,-15.357125251013121] 3.0708160129099813 1.909787917690812 0.0002423914901750342 1.720327822920851e-05 [1478.308105469,2430.226806641] 5.045242706993944 4.610821104434303 2.8974826945431778 21.41637796822954 86.95355600766106 1.1630094397031961e-06 2.770473005274638e-06 -7.477741660743832e-07 2.9676578634119597e-06 -5.832457728187161e-07 2.964273674417238e-06
14.664313225042125 -15.142601928276774 0.27148438 0.38952637 [14.664313225042125,-15.142601928276774] 6.743090431950665 1.1257891660984327 0.0004121353748134707 1.7242715441462602e-05 [1786.970214844,2045.397705078] 6.504096008174045 5.763120395395669 2.963385934476081 24.23208660850571 78.76872066769465 2.8539028685354317e-06 3.1716391096772843e-06 1.0115048559162769e-07 3.2524744695638036e-06 4.147563089397905e-07 3.255694759622931e-06
14.671661469109766 -15.143336275105582 0.2734375 0.39831543 [14.671661469109766,-15.143336275105582] 2.8830395204761503 0.9999602304629726 0.00046510209253224424 1.7283819594502523e-05 [1799.729492188,2046.774902344] 6.5592500530041296 5.807664855942624 2.9619460400909103 24.234756341795446 78.36078450418563 1.2066620794995796e-06 2.990323215857027e-06 -1.5386344218846666e-06 3.2547830176732703e-06 -1.2240673303251462e-06 3.237929140051647e-06
14.544553718287787 -13.070461199685914 0.32421875 0.86083984 [14.544553718287787,-13.070461199685914] -10.777067458545552 1.4928246938307124 0.00030087126231903165 1.669160972602181e-05 [1593.325683594,-1685.0703125] 3.869629986223871 3.700054255248238 3.3920594084256024 48.751432147621586 98.04703711825096 -3.0682310140391827e-06 2.135973348672825e-06 -4.169914638295761e-06 2.4170997228745575e-06 -4.121636429125303e-06 2.413489771260256e-06
15.961346639740016 -12.08649609063372 0.2734375 0.37841797 [15.961346639740016,-12.08649609063372] -8.786382749083714 1.6485267676211912 0.0003286800736814258 2.0136226242685487e-05 [4092.078613281,-3438.592773438] 1.092912046988236 1.0160389775177359 3.12710587371634 62.84862901389795 40.194098645618396 -3.7728789987150527e-06 3.3925374502925176e-06 -4.24217620864534e-06 3.7193848874087847e-06 -4.209166857965475e-06 3.7141822345022974e-06
14.567069867334755 -13.872694851728234 0.27734375 0.40771484 [14.567069867334755,-13.872694851728234] -1.4330062865611364 1.7557733036241858 0.0002552994708665518 1.665816115288719e-05 [1627.335449219,-240.982421875] 4.236835717458861 5.563343877100085 3.481745810973771 39.21316401712386 92.4533717883578 -5.928140229169327e-07 2.9927778293467485e-06 -2.3455318230127675e-06 3.415963590073241e-06 -2.8942891075576606e-06 3.4676688401185383e-06
14.56829732979333 -13.86395173406279 0.27734375 0.4116211 [14.56829732979333,-13.86395173406279] -2.9665795488694418 3.1839791273302342 0.00014135380944532125 1.6725782012131354e-05 [1629.541503906,-256.7114257812] 4.142994089908477 5.374573698435533 3.5340264087309494 39.31902955394014 92.44404015447299 -1.2213941104113665e-06 3.1946725862942897e-06 -2.9271392278183e-06 3.6309060822707656e-06 -3.4342026844281007e-06 3.6845217256131608e-06
16.077833118040836 -11.977699470076207 0.26757812 0.3190918 [16.077833118040836,-11.977699470076207] -5.590510675098513 1.2268062871727063 0.00047080430149491417 2.146471459548572e-05 [4298.66796875,-3632.237304688] 0.4955569099307849 0.49754409507318087 3.1392095127356923 64.38448848016003 36.0398123195132 -2.614220978824119e-06 3.5072101671071223e-06 -2.8459520934632094e-06 3.8325032971639955e-06 -2.846881336137085e-06 3.832630211619956e-06
15.026414925525165 -11.716845434384751 0.29101562 0.55615234 [15.026414925525165,-11.716845434384751] -18.48591077194668 0.9668448889950635 0.0006125061221259471 2.2007765145421314e-05 [2450.718261719,-4116.415039062] -1.6150813004347726 -0.9894994007059212 2.9636057738637267 65.54235803986523 83.52894966999429 -6.547757712220856e-06 3.0897911928902895e-06 -5.975691711727452e-06 3.178093684733443e-06 -6.197274448932453e-06 3.210414956676089e-06
14.309245136717971 -15.87616156675772 0.26171875 0.27929688 [14.309245136717971,-15.87616156675772] 8.815702952125168 1.2676768655597062 0.00038104578469409106 1.79512390187061e-05 [1165.961425781,3363.120849609] 4.875583425460824 4.2661312818520924 2.9944444587132373 14.987268844907021 93.4478918787654 4.406284594067946e-06 4.13063098060077e-06 1.969359455894798e-06 3.970597157973773e-06 2.273977205130266e-06 4.007476096117062e-06
15.764767589599904 -11.494924493568528 0.2890625 0.53125 [15.764767589599904,-11.494924493568528] 6.364793223895652 2.893912011353116 0.0002514460464302879 2.7042001776856585e-05 [3754.422363281,-4505.836914062] -1.759116790631642 -0.6614851926781968 2.903635998118439 69.43903846318585 53.23768191653335 2.3066593478431644e-06 2.823567275172798e-06 2.944179381302286e-06 3.058555375969159e-06 2.5463876390031247e-06 3.0290941289954808e-06
15.365527181694615 -11.910663830782159 0.32226562 0.86621094 [15.365527181694615,-11.910663830782159] -9.017113165884238 1.0877789798345172 0.0005090371599373162 2.0577795769924805e-05 [3046.023925781,-3763.868164062] 1.016283445766783 0.670196844898558 3.1428644462073474 63.78004059786474 67.54975813520923 -2.5592005638965556e-06 2.078947831637885e-06 -2.8476380182833267e-06 2.2769007347548153e-06 -2.7494131199367e-06 2.2717393853559625e-06
15.886557606673321 -14.032601254872796 0.27539062 0.38659668 [15.886557606673321,-14.032601254872796] -1.734475143850415 1.2368174211995062 0.0004216233971767619 1.9379340803137e-05 [3929.470214844,62.32763671875] 4.654171879004359 4.365189316904088 3.1064499087046005 39.76280253189748 25.520297318370922 -7.368645353985916e-07 3.032011459712195e-06 -2.714116392507652e-06 3.443204926167787e-06 -2.59134668772676e-06 3.4304160754154783e-06
16.546543132783114 -13.32488437672787 0.30273438 0.66064453 [16.546543132783114,-13.32488437672787] -7.564689595622099 1.6514329730247672 0.0004200977021269623 2.5782199273247017e-05 [5096.112060547,-1198.879882812] 3.8239636383632387 1.969565440890145 2.9813319200913138 49.729390330977935 1.8116143851666493 -2.45841855003767e-06 2.4144258385432798e-06 -3.7011533674269116e-06 2.6892469134536664e-06 -3.0984998321830293e-06 2.6426758723216775e-06
15.932242324579006 -14.545914532117857 0.31054688 0.76586914 [15.932242324579006,-14.545914532117857] -6.82560802700222 3.089394776216521 0.0001751478746207732 2.010883833697589e-05 [4000.050292969,986.9990234375] 3.5748270091892262 3.9298880449287275 3.0572745438524467 33.84861150141353 17.59832480993373 -2.060215704417116e-06 2.354259151757461e-06 -3.139227964683218e-06 2.5826608253342294e-06 -3.2463982444536488e-06 2.589171631179067e-06
16.221107516106375 -11.93426602532267 0.29882812 0.642334 [16.221107516106375,-11.93426602532267] -8.645710825053406 0.3468173426737027 0.0017292713931219023 2.2288080446106988e-05 [4551.434814453,-3707.685546875] 0.523353976054635 0.2073765349720842 3.153665846031904 65.2178657574608 30.22913975047004 -2.849501498169871e-06 2.416791030624876e-06 -3.021991414732819e-06 2.6427711800637e-06 -2.917849810881866e-06 2.635480720014276e-06
14.971176249257583 -12.784372096220816 0.31445312 0.78222656 [14.971176249257583,-12.784372096220816] -4.814476606433743 0.944372919120309 0.0004946459325448266 1.7359878055255215e-05 [2343.890136719,-2196.38671875] 4.829638928648839 3.7295623705192735 3.3068691384268463 52.75481480435087 79.66090527893539 -1.437909110200929e-06 2.1332204394274885e-06 -2.88034665475249e-06 2.414159464117769e-06 -2.551793785113626e-06 2.396164618856747e-06
15.721268596544432 -12.095016222423189 0.27734375 0.42333984 [15.721268596544432,-12.095016222423189] 4.6912551530567494 0.42122171766365385 0.0012465972982414575 1.9513970281028064e-05 [3669.713867188,-3427.201171875] 1.1974784865130603 1.248692313780471 3.1113317480058256 62.25360090147467 50.6389365064756 1.9045532339729427e-06 2.91958597479278e-06 1.4184015646024482e-06 3.15167783950311e-06 1.3976098026615689e-06 3.1506057466151986e-06
15.649613384301135 -14.300513338970267 0.27929688 0.44335938 [15.649613384301135,-14.300513338970267] -0.29468160492054596 2.255479253635186 0.00022272026628733014 1.8668407707576533e-05 [3511.838623047,540.8237304688] 4.7812896308385895 4.407956171023776 3.074160760288284 36.067521601062026 34.55301272747374 -1.1690247679196234e-07 2.9177984617437217e-06 -2.013677133817007e-06 3.2302481084401543e-06 -1.8655728565465217e-06 3.2206907651590366e-06
14.382197436171461 -14.452681495431438 0.28125 0.48376465 [14.382197436171461,-14.452681495431438] -2.933613701767338 2.4528576826505346 0.000182599668920603 1.6644894224986788e-05 [1300.981445312,801.8359375] 4.030569411707636 5.140148751786885 3.0022106655968637 32.05752550178261 98.49857843343943 -1.1141264768865165e-06 2.8372718234483624e-06 -2.6448542941881174e-06 3.143713737575166e-06 -3.0662498311137235e-06 3.178960585107786e-06
16.254621521209543 -14.314588512758126 0.24609375 0.1000061 [16.254621521209543,-14.314588512758126] 1.3339481840846303 2.931255509396537 0.00020853823275484898 2.2716847799512736e-05 [4565.955810547,576.4790039062] 3.299462241355216 3.837984481291909 3.0709024591107625 37.38788056407827 4.154652106231879 1.1142287011571702e-06 6.4862809164309575e-06 -1.641767050075928e-06 7.1319191267767804e-06 -2.091587322788142e-06 7.30891036816338e-06
15.645552597508026 -13.201559019324321 0.25 0.1404419 [15.645552597508026,-13.201559019324321] -2.4079987041386572 2.2162366647182346 0.0002201410391508289 1.8131170870875476e-05 [3521.245117188,-1437.233886719] 4.059833949146148 3.53258999323894 3.218675261064834 49.021419446096616 45.049572291284676 -1.697291918569207e-06 5.393511666681814e-06 -4.558889535202262e-06 6.9688033442843485e-06 -4.187258560510411e-06 6.779603363038282e-06
15.788164132136366 -11.50875112391421 0.29101562 0.5578613 [15.788164132136366,-11.50875112391421] 6.841198541415848 2.478813204229595 0.00029054464514414807 2.6764884875929732e-05 [3795.476318359,-4480.600585938] -1.8310666266307405 -0.6851197238784228 2.918745250999805 69.32099222981037 52.14463881143001 2.419455843828356e-06 2.7097736820053265e-06 3.067030215982735e-06 2.945995857910479e-06 2.6617550417868266e-06 2.915841355213963e-06
16.26589389294425 -11.756967593066728 0.296875 0.61865234 [16.26589389294425,-11.756967593066728] -3.816493230347166 2.477872523824743 0.0002655780054531163 2.4455681409091765e-05 [4633.231689453,-4025.709960938] -0.9633757539502744 -0.3947682329934792 3.263038622912144 67.40719702050978 29.85569425441463 -1.2817100783848e-06 2.515316794734841e-06 -9.581752681324832e-07 2.7349764802446272e-06 -1.149133288039524e-06 2.7398033366891014e-06
