data_processed/hvc_rms/hvc_rms_index_22_with_B.ecsv
# %ECSV 1.0
# ---
# datatype:
# - {name: ra_dec_obj.ra, unit: deg, datatype: float64}
# - {name: ra_dec_obj.dec, unit: deg, datatype: float64}
# - {name: 'H-alpha flux [Error]', unit: R, datatype: float32}
# - {name: H-alpha flux, unit: R, datatype: float32}
# - {name: ra_dec_deg, datatype: string, subtype: 'float64[2]'}
# - {name: RM, unit: rad / m2, datatype: float64}
# - {name: RM_uncert, unit: rad / m2, datatype: float64}
# - {name: pol_int, datatype: float64}
# - {name: pol_int_uncert, datatype: float64}
# - {name: ra_dec_pix_offsets, datatype: string, subtype: 'float64[2]'}
# - {name: interpolation_raw, unit: rad / m2, datatype: float64}
# - {name: interpolation_cor, unit: rad / m2, datatype: float64}
# - {name: interpolation_unc, unit: rad / m2, datatype: float64}
# - {name: pixel location x, datatype: float64}
# - {name: pixel location y, datatype: float64}
# - {name: 'B_virtual [raw]', unit: G, datatype: float64}
# - {name: 'B_virtual_unc [raw]', unit: G, datatype: float64}
# - {name: 'B_virtual [int]', unit: G, datatype: float64}
# - {name: 'B_virtual_unc [int]', unit: G, datatype: float64}
# - {name: 'B_virtual [cor]', unit: G, datatype: float64}
# - {name: 'B_virtual_unc [cor]', unit: G, datatype: float64}
# meta: !!omap
# - __serialized_columns__:
#     ra_dec_obj:
#       __class__: astropy.coordinates.sky_coordinate.SkyCoord
#       dec: !astropy.table.SerializedColumn
#         __class__: astropy.coordinates.angles.Latitude
#         unit: &id001 !astropy.units.Unit {unit: deg}
#         value: !astropy.table.SerializedColumn {name: ra_dec_obj.dec}
#       frame: icrs
#       ra: !astropy.table.SerializedColumn
#         __class__: astropy.coordinates.angles.Longitude
#         unit: *id001
#         value: !astropy.table.SerializedColumn {name: ra_dec_obj.ra}
#         wrap_angle: !astropy.coordinates.Angle
#           unit: *id001
#           value: 360.0
#       representation_type: spherical
# schema: astropy-2.0
ra_dec_obj.ra ra_dec_obj.dec "H-alpha flux [Error]" "H-alpha flux" ra_dec_deg RM RM_uncert pol_int pol_int_uncert ra_dec_pix_offsets interpolation_raw interpolation_cor interpolation_unc "pixel location x" "pixel location y" "B_virtual [raw]" "B_virtual_unc [raw]" "B_virtual [int]" "B_virtual_unc [int]" "B_virtual [cor]" "B_virtual_unc [cor]"
13.435603188518105 -36.52085482126486 1.2109375 0.1000061 [13.435603188518105,-36.52085482126486] -15.393782509891794 1.658302924217356 0.0002468823518461392 1.5214672750420818e-05 [499.6162109375,-1307.800292969] 3.2067397375962337 0.2676403693150067 3.1218873142825285 45.86345763261181 6.828917717233253 -1.2858216305952482e-05 7.808786337324178e-05 -1.553676221605678e-05 9.430265772759576e-05 -1.308177265142157e-05 7.948033788436863e-05
13.94721616456157 -37.39177695547764 1.25 0.47460938 [13.94721616456157,-37.39177695547764] -195.23299599615294 2.5430418593072255 0.00016337833981958365 1.5440334001822898e-05 [1225.562988281,264.455078125] 4.377941095420113 2.359165903732337 2.949977510076066 56.65302074498459 30.857675736499232 -7.48572203921344e-05 9.884861831364083e-05 -7.65358326562729e-05 0.00010106971792851208 -7.576178368634712e-05 0.00010004849310056425
13.94364361583724 -37.40791331660457 1.2421875 0.4099121 [13.94364361583724,-37.40791331660457] 141.08274223544694 2.2886871295016853 0.0001812046200766462 1.5412191513864572e-05 [1220.191894531,293.453125] 4.423780252574064 2.53315168307859 2.9452628543187815 56.842586613626736 30.566353233328073 5.82072595257961e-05 8.840259875610946e-05 5.638211690972087e-05 8.564260184117114e-05 5.7162143623603806e-05 8.682571892909935e-05
14.204436272980644 -37.39254766269574 1.2109375 0.10266113 [14.204436272980644,-37.39254766269574] -4.465741560758576 1.7231570419132014 0.00023707493665876093 1.5181658062079217e-05 [1593.343261719,269.6694335938] 4.467020547485553 3.7237145133521867 2.7818981235880273 56.920944803955535 44.470840631865485 -3.68162198127245e-06 2.2514362114226745e-05 -7.364298377715086e-06 4.390241396464901e-05 -6.751506124324362e-06 4.03295673762282e-05
13.790594061627605 -36.29371272793049 1.2421875 0.45666504 [13.790594061627605,-36.29371272793049] -1.4280883496509558 0.23717750621434797 0.0018039465950649913 1.59003204808102e-05 [1016.0703125,-1713.768066406] 2.4604403460966617 -1.1757190483567461 2.7975466067334827 43.39362325074012 29.20817235193067 -5.582192746894014e-07 2.8415337077610437e-06 -1.519970153583072e-06 3.603253593054848e-06 -9.864754400997464e-08 2.951144079512421e-06
14.434402565981435 -37.38322828028284 1.21875 0.21398926 [14.434402565981435,-37.38322828028284] 4.371404682590577 1.5308369155459043 0.0002756616411708622 1.5682452006085918e-05 [1922.378417969,257.1640625] 4.979678285866715 5.09340427310751 2.698545230724135 57.08717936111714 56.67503197705719 2.49616713631334e-06 8.204869336885784e-06 -3.4733745526506357e-07 4.482758326848174e-06 -4.122774671165931e-07 4.527201177876836e-06
14.29259023423947 -36.64749518217101 1.2109375 0.1000061 [14.29259023423947,-36.64749518217101] -6.536497347431709 1.7858945390507324 0.0002339418995944256 1.5526462705676823e-05 [1736.319335938,-1069.755859375] 4.208060968047125 2.4290357238054963 2.6193126640753546 48.15578474413178 55.77718220305542 -5.4598469689014945e-06 3.3605507914715164e-05 -8.974782828299059e-06 5.4719954247465086e-05 -7.488787336969385e-06 4.579655046212152e-05
14.219237322237518 -35.676914213530154 1.234375 0.3388672 [14.219237322237518,-35.676914213530154] -2.6634222963067584 2.160065925502679 0.0001996183788032702 1.6024195446697202e-05 [1650.706054688,-2817.649414062] 3.0561529627301236 -0.08403937737036493 2.6255225823160306 36.52131992835825 61.41978623050363 -1.2085758342010826e-06 3.9883898165566626e-06 -2.5953602812260244e-06 5.9049582563934455e-06 -1.1704414532011311e-06 4.126130601945753e-06
13.552061917252882 -36.27787793614699 1.21875 0.1932373 [13.552061917252882,-36.27787793614699] -7.513348101005468 2.9517145223458177 0.0001436641367369114 1.5759100412960345e-05 [670.1645507812,-1744.388183594] 1.8199802938157583 -1.6366375226642216 2.9014484583448317 43.021915533255765 14.89086414885469 -4.514780693398262e-06 1.4956848979172859e-05 -5.6084092305593545e-06 1.8355748545934604e-05 -3.5313230670403466e-06 1.2165168785948738e-05
14.241511230747326 -37.06510914567922 1.21875 0.17700195 [14.241511230747326,-37.06510914567922] -6.67414381367258 2.423393845411298 0.00016771232520620678 1.5104198479287404e-05 [1653.513671875,-319.0415039062] 4.055110783849599 2.6537096559170754 2.8360812486632563 53.062597497328966 49.13573116036355 -4.190396954564382e-06 1.5162383172400654e-05 -6.73641998814868e-06 2.3728295878354407e-05 -5.856542781040655e-06 2.077528627082816e-05
13.973145574288655 -35.07950616967933 1.234375 0.3696289 [13.973145574288655,-35.07950616967933] -0.7874842137351391 2.702745714522082 0.00019508982409078058 1.959514618139487e-05 [1300.519042969,-3896.182617188] 1.8039884648590514 -0.07399840302918914 2.7245638746173944 29.096435401249664 51.48722908054606 -3.4214289602691975e-07 3.3099769190586264e-06 -1.1259323701529729e-06 3.94647506315201e-06 -3.0999237482004083e-07 3.50693638652893e-06
14.525959959147453 -37.824924347412875 1.2265625 0.30151367 [14.525959959147453,-37.824924347412875] 10.390151611745251 0.3329339452466055 0.0013267954487785104 1.6416128896606977e-05 [2041.141601562,1054.029296875] 6.373282780207356 7.970408743706445 2.7368079242618584 62.45684173172356 57.40915200435256 4.9982389457619154e-06 1.0720270011325767e-05 1.9323365995077577e-06 5.345696498370306e-06 1.1640304678604852e-06 4.3260840932539224e-06
14.535894320880603 -37.83006681679036 1.234375 0.31921387 [14.535894320880603,-37.83006681679036] 5.747067700804804 0.06936814553977713 0.006410287305049771 1.6525183181145056e-05 [2055.118652344,1063.499023438] 6.422561291596441 8.052637707508 2.7355518408506203 62.531010733566745 57.861514369848464 2.6869158956402254e-06 6.144801413924574e-06 -3.1581226479148265e-07 3.566645115077792e-06 -1.0779188661123036e-06 4.0865934799279235e-06
13.73544014160545 -34.75996805051307 1.25 0.5161133 [13.73544014160545,-34.75996805051307] -3.326655256370861 3.215568405090184 0.0001941614342790598 2.3202213966452218e-05 [954.1044921875,-4473.686523438] 1.4940366823209221 0.9700852254427899 3.050413900428801 25.02190803392739 37.62597918873098 -1.223161812098485e-06 3.198190818096067e-06 -1.7724969474989833e-06 3.7300077664174194e-06 -1.579847765646023e-06 3.600090085440468e-06
14.070373459674325 -34.95408613095183 1.25 0.46813965 [14.070373459674325,-34.95408613095183] 7.162762214290104 1.1032792890276324 0.0004911402351081642 2.0137227779124708e-05 [1445.935058594,-4120.34765625] 1.3074188565979281 -0.4951060252718342 2.8212219350221317 27.729003297533154 59.75643938358371 2.7652949198146406e-06 4.601795767012315e-06 2.2605456884347133e-06 4.221453119643373e-06 2.956438243506493e-06 4.931639214936639e-06
14.414783413133648 -37.126033745125355 1.2109375 0.1000061 [14.414783413133648,-37.126033745125355] 2.2041417052436127 2.7517817916230163 0.00014995452094693725 1.5334946301029787e-05 [1900.800292969,-206.1357421875] 4.415388560339289 3.765695892220789 2.911989116170827 54.00430021797354 58.01502603847075 1.8410894656191e-06 1.2796230468574042e-05 -1.8470243002593409e-06 1.305612134671108e-05 -1.3043448870812606e-06 1.0380851968457836e-05
13.510415243343889 -36.3252754666397 1.2109375 0.14282227 [13.510415243343889,-36.3252754666397] -84.43231323992181 0.5626897716477774 0.0007628441223361549 1.5951940766461972e-05 [609.3637695312,-1659.366210938] 2.043969182656638 -1.3186546952468983 2.952139751035242 43.56315861868245 12.142039449056028 -5.901458578196082e-05 0.0002502860006519249 -6.04432330620941e-05 0.00025635101999138993 -5.809290239270793e-05 0.0002463872168431624
13.683771272990953 -35.24085598167465 1.2578125 0.5786133 [13.683771272990953,-35.24085598167465] -10.6910949411839 2.985439980405535 0.0001573531434385787 1.7457918868881143e-05 [872.564453125,-3609.272460938] 1.8380313900307912 -0.04935240376843675 2.75520859480776 30.717051208574844 29.915359027551858 -3.712586844798408e-06 4.83516656053346e-06 -4.3508611465884164e-06 5.515089555291385e-06 -3.6954487419195287e-06 4.9135763364234e-06
13.769792431858852 -35.67534641259306 1.25 0.46740723 [13.769792431858852,-35.67534641259306] 10.477209361529216 2.5496533694899473 0.0001705358501691868 1.6158667148299892e-05 [993.642578125,-2826.743164062] 1.722180154267553 -1.2449327062111348 2.9904434630808128 35.98639056508091 32.35314937580438 4.048056310830634e-06 6.141459593640414e-06 3.3826613567631596e-06 5.492895219683227e-06 4.5290582192626595e-06 6.8163431872738105e-06
13.38965049519344 -35.44016250840351 1.25 0.49243164 [13.38965049519344,-35.44016250840351] -16.59549620933818 1.7496098295345768 0.00025637779146435577 1.666979715415454e-05 [439.1030273438,-3252.7578125] 1.3688922716246443 -0.2518402804716784 2.901521207927953 32.89045089571391 8.635346828068123 -6.246919385235979e-06 8.399794173445728e-06 -6.7622013364378915e-06 9.088573913941165e-06 -6.152121018846877e-06 8.357419095836466e-06
13.514240205185406 -37.77701960662354 1.265625 0.65405273 [13.514240205185406,-37.77701960662354] -13.708512867232555 0.2073425754758867 0.0020374883781355438 1.5699735369501153e-05 [603.2778320312,953.6865234375] 3.5655562838559844 2.64207535975191 2.9337424564639383 60.9559959251269 6.392864900087261 -4.477469079804613e-06 4.9153932386895626e-06 -5.6420496705577165e-06 6.0172022930139e-06 -5.340422694421674e-06 5.751429436247393e-06
14.168814594104628 -36.322685223682264 1.2421875 0.43359375 [14.168814594104628,-36.322685223682264] -7.144951019612326 0.3676816388572347 0.0011304721971503522 1.544687142803235e-05 [1564.140136719,-1656.476074219] 3.317674265057846 0.835228054752688 2.750157149470642 44.13591783650145 51.64096840642628 -2.8661992855466882e-06 4.982941673405079e-06 -4.197085331103006e-06 6.738794014033699e-06 -3.201251275018632e-06 5.498594159665995e-06
14.155092120083603 -36.31370538206812 1.25 0.48010254 [14.155092120083603,-36.31370538206812] -8.33174343404917 0.22659419309752624 0.0018403333203172569 1.549722607345784e-05 [1544.420410156,-1672.861816406] 3.3023324341448306 0.8228997661838893 2.749152252641135 44.01232818587994 50.906895960824386 -3.1762707901624115e-06 4.930290398254197e-06 -4.435203225253315e-06 6.459328790022871e-06 -3.489980941135112e-06 5.382116097476872e-06
14.157543222949489 -36.318420399345214 1.25 0.48010254 [14.157543222949489,-36.318420399345214] -7.240174499570859 0.7422874127871925 0.0005637883955335175 1.5552382605920707e-05 [1547.881347656,-1664.336425781] 3.3023324341448306 0.8228997661838893 2.749152252641135 44.07143146014403 51.00904654939245 -2.760137174253986e-06 4.491535691643878e-06 -4.019069609344889e-06 5.983721370121963e-06 -3.0738473252266857e-06 4.938493571140773e-06
14.293119444228765 -37.0832748911557 1.21875 0.17572021 [14.293119444228765,-37.0832748911557] -6.433374911167414 0.47873875796729076 0.0008649485706164169 1.5388545650124817e-05 [1727.209960938,-285.4248046875] 4.177067891819681 3.098297443952509 2.867819953433684 53.34097237929325 51.79639193116191 -4.053933613498017e-06 1.4741874422400348e-05 -6.6860755555317205e-06 2.368094003537067e-05 -6.006298014156714e-06 2.137652258401877e-05
13.394425411030216 -35.46168155375133 1.25 0.47302246 [13.394425411030216,-35.46168155375133] -14.477761050276488 0.3056356784211703 0.0014550412552137922 1.6526772948746357e-05 [445.986328125,-3214.020507812] 1.3686270058473675 -0.29249177667750725 2.9035607439631006 33.150922240904265 8.855161099695124 -5.5604399775104456e-06 7.840272023727761e-06 -6.08608536502489e-06 8.570343054702375e-06 -5.448103341860583e-06 7.781032255253214e-06
13.393091318912914 -35.45195746397471 1.25 0.47302246 [13.393091318912914,-35.45195746397471] -12.131811283081964 0.2860798672013072 0.0015650867953998812 1.663927601715306e-05 [444.083984375,-3231.521484375] 1.3686270058473675 -0.29249177667750725 2.9035607439631006 33.033678255004816 8.811433937434686 -4.659436512579613e-06 6.731858569155168e-06 -5.1850819000940585e-06 7.459055136355648e-06 -4.547099876929752e-06 6.689361958714408e-06
14.128420876174106 -36.87713246795646 1.21875 0.17095947 [14.128420876174106,-36.87713246795646] -7.138110671842908 0.5086260063687664 0.0008124660997875147 1.5357216767125265e-05 [1494.794921875,-659.2524414062] 3.9922689832860327 1.9233293789190316 2.7059045278465534 50.69335994897369 44.44732631013858 -4.560215081764416e-06 1.686669171586425e-05 -7.110694622499942e-06 2.5805120464366578e-05 -5.788942968478832e-06 2.1192929877280722e-05
13.631978867010327 -36.048904516154174 1.25 0.47338867 [13.631978867010327,-36.048904516154174] -12.20267388886863 0.15961201165158478 0.0026105735218202018 1.5484964111915976e-05 [788.4228515625,-2155.845703125] 1.4016764717247538 -1.92335912945821 2.9004971011198104 40.33742054973436 21.059406564249002 -4.684839413229308e-06 6.757298221519585e-06 -5.222969763932399e-06 7.4991993001226425e-06 -3.946425133085364e-06 5.978281640271562e-06
13.617656866645321 -36.041332137457346 1.2578125 0.5876465 [13.617656866645321,-36.041332137457346] -9.648505328637759 0.37868593354538654 0.001103741991120384 1.553300356180559e-05 [767.654296875,-2169.590332031] 1.421885030777788 -1.8186156517570944 2.9462549983970234 40.23618862834621 20.21259185033955 -3.324685766172889e-06 4.311010628108889e-06 -3.8146394700828658e-06 4.8631468676253694e-06 -2.698026468634863e-06 3.906678484875614e-06
14.443933488693675 -37.623710570263235 1.2109375 0.14135742 [14.443933488693675,-37.623710570263235] 2.287729550167196 0.24913467824654065 0.0016896255660204 1.564347954789866e-05 [1929.783691406,690.1772460938] 5.663229382921392 6.496681024499067 2.6707468560355547 59.95875469527357 55.021995562025495 1.6072891323453131e-06 8.463648472878372e-06 -2.3715234158787395e-06 1.1443990874031879e-05 -2.957081164934023e-06 1.3719844505325805e-05
13.567487842175312 -35.87694178733344 1.2265625 0.2593994 [13.567487842175312,-35.87694178733344] -17.86075661616215 1.8434022478830823 0.0002329855928090038 1.5960918580262205e-05 [696.0830078125,-2465.801269531] 1.5263535078856982 -1.5919002479605906 3.071523905125503 38.23285913311486 18.003062496352186 -9.263262930239747e-06 2.223561818871e-05 -1.0054887505384826e-05 2.4136374946019698e-05 -8.437643340181116e-06 2.0375334988439783e-05
14.361165922303611 -37.08006299528386 1.2109375 0.14050293 [14.361165922303611,-37.08006299528386] -2.182215560593939 0.7298941476118819 0.0005705509333280273 1.5476152649202393e-05 [1824.977050781,-289.9296875] 4.265159375889677 3.339155922243429 2.8830104110736734 53.38801936653181 55.53338368878349 -1.5378132285143786e-06 8.278473170685311e-06 -4.54348261718838e-06 2.0303662158588447e-05 -3.89092547004769e-06 1.7606416030945144e-05
14.368549516737914 -37.07745363865923 1.2109375 0.128479 [14.368549516737914,-37.07745363865923] -11.496373304310167 1.6871732412180833 0.00024615679084997896 1.5434060679400498e-05 [1835.640625,-294.4833984375] 4.277743873613954 3.373438458965317 2.885180476450813 53.3664786776842 55.959654665474545 -8.47214560934605e-06 4.0284030172437915e-05 -1.1624589255479034e-05 5.508929246879055e-05 -1.0958169772967019e-05 5.196613776361529e-05
13.38935190105359 -37.24211883791607 1.21875 0.21289062 [13.38935190105359,-37.24211883791607] -12.901370577585123 1.7452216020773796 0.0002338089584395475 1.5164232357012517e-05 [428.6538085938,-9.7939453125] 4.017313004159386 1.7859431422667296 3.0423931018825088 54.48496477444871 1.6225554889849718 -7.385947490543921e-06 2.1551328738874143e-05 -9.685832043379892e-06 2.8098114828485893e-05 -8.40838787318024e-06 2.4493573478246394e-05
13.514943271983991 -35.30158234382676 1.2734375 0.6984863 [13.514943271983991,-35.30158234382676] -1.3161339513181245 1.3851900324153787 0.0003365455860556443 1.732454988633739e-05 [623.9096679688,-3501.364257812] 1.5467279229292275 -0.41830995314573105 2.876777229151707 31.30955006874501 17.89614270910579 -4.1597743411951985e-07 2.287283459170419e-06 -9.048364229912358e-07 2.569074989990206e-06 -2.837663466371651e-07 2.44555687625666e-06
