data_processed/hvc_rms/hvc_rms_index_19.ecsv
# %ECSV 1.0
# ---
# datatype:
# - {name: ra_dec_obj.ra, unit: deg, datatype: float64}
# - {name: ra_dec_obj.dec, unit: deg, datatype: float64}
# - {name: 'H-alpha flux [Error]', unit: R, datatype: float32}
# - {name: H-alpha flux, unit: R, datatype: float32}
# - {name: ra_dec_deg, datatype: string, subtype: 'float64[2]'}
# - {name: RM, unit: rad / m2, datatype: float64}
# - {name: RM_uncert, unit: rad / m2, datatype: float64}
# - {name: pol_int, datatype: float64}
# - {name: pol_int_uncert, datatype: float64}
# - {name: ra_dec_pix_offsets, datatype: string, subtype: 'float64[2]'}
# - {name: interpolation_raw, unit: rad / m2, datatype: float64}
# - {name: interpolation_cor, unit: rad / m2, datatype: float64}
# - {name: interpolation_unc, unit: rad / m2, datatype: float64}
# - {name: interpolation_cor_unc, unit: rad / m2, datatype: float64}
# - {name: HI, unit: dex(1 / cm2), datatype: float64}
# - {name: 'HI [Error]', unit: dex(1 / cm2), datatype: float64}
# - {name: pixel location x, datatype: float64}
# - {name: pixel location y, datatype: float64}
# meta: !!omap
# - __serialized_columns__:
#     ra_dec_obj:
#       __class__: astropy.coordinates.sky_coordinate.SkyCoord
#       dec: !astropy.table.SerializedColumn
#         __class__: astropy.coordinates.angles.Latitude
#         unit: &id001 !astropy.units.Unit {unit: deg}
#         value: !astropy.table.SerializedColumn {name: ra_dec_obj.dec}
#       frame: icrs
#       ra: !astropy.table.SerializedColumn
#         __class__: astropy.coordinates.angles.Longitude
#         unit: *id001
#         value: !astropy.table.SerializedColumn {name: ra_dec_obj.ra}
#         wrap_angle: !astropy.coordinates.Angle
#           unit: *id001
#           value: 360.0
#       representation_type: spherical
# schema: astropy-2.0
ra_dec_obj.ra ra_dec_obj.dec "H-alpha flux [Error]" "H-alpha flux" ra_dec_deg RM RM_uncert pol_int pol_int_uncert ra_dec_pix_offsets interpolation_raw interpolation_cor interpolation_unc interpolation_cor_unc HI "HI [Error]" "pixel location x" "pixel location y"
[from data line 581]
180.38493337325238 -64.0908507334819 4.875 36.625 [180.38493337325238,-64.0908507334819] 625.6653642582863 2.0433550334030444 0.000336053519722891 2.5518843208601553e-05 [4861.06262207,-1223.970703125] 185.3957926465335 246.8375409067517 92.95167874392838 119.01997168381817 0.0 0.0 76.05653777884413 31.83669245462511
171.8120728900763 -65.09642798365854 7.09375 58.9375 [171.8120728900763,-65.09642798365854] 118.33670022010759 0.22310408697708795 0.002216445256634738 1.8376941739206214e-05 [-1803.559570312,381.9545898438] 73.26831265492494 88.79521162188546 44.9357244810585 59.01508667320828 0.0 0.0 53.08982311601676 71.4111916108418
171.81098882347047 -65.09521472968625 7.09375 58.9375 [171.81098882347047,-65.09521472968625] 119.04929552537199 0.21165077822729142 0.0023438791364237994 1.8435876327791696e-05 [-1804.462890625,379.8032226562] 73.26831265492494 88.79521162188546 44.9357244810585 59.01508667320828 0.0 0.0 53.10186061562217 71.42106431051184
171.8091427290412 -65.09725179847197 7.09375 58.9375 [171.8091427290412,-65.09725179847197] 119.58293155777335 0.25028243827006624 0.001983907262992162 1.84527223764946e-05 [-1805.72265625,383.5200195312] 73.26831265492494 88.79521162188546 44.9357244810585 59.01508667320828 0.0 0.0 53.07571567867535 71.42207345848124
171.8018192573535 -65.08141329956011 7.09375 58.9375 [171.8018192573535,-65.08141329956011] 73.81775274319146 1.625252708094442 0.0003056395947747504 1.8460319647771586e-05 [-1812.34765625,355.2407226562] 73.26831265492494 88.79521162188546 44.9357244810585 59.01508667320828 0.0 0.0 53.24390037738658 71.51822542151604
171.8050226710745 -65.08695979458616 7.09375 58.9375 [171.8050226710745,-65.08695979458616] 96.45302327670001 1.7805910627416395 0.00027985948082346316 1.851880320196749e-05 [-1809.54296875,365.1254882812] 73.26831265492494 88.79521162188546 44.9357244810585 59.01508667320828 0.0 0.0 53.18604019056647 71.4814845474798
171.81153892494714 -65.11479177406888 7.09375 58.9375 [171.81153892494714,-65.11479177406888] 178.57270562825977 2.030327344739872 0.0002445921232641941 1.845513532473088e-05 [-1802.717773438,415.0009765625] 73.26831265492494 88.79521162188546 44.9357244810585 59.01508667320828 0.0 0.0 52.880202717763495 71.343026170656
173.0238955421757 -63.551120727751254 23.75 225.9375 [173.0238955421757,-63.551120727751254] 724.5543167617188 1.8411779061072828 0.0002982528893834422 2.040746769183018e-05 [-936.6684570312,-2424.671386719] 216.9144862910399 233.1563010653102 134.48706106024625 111.9419448622896 18.933246612548828 9.466623306274414 72.67263171862965 71.19438926297039
179.19271848419822 -65.77270513556502 4.625 34.203125 [179.19271848419822,-65.77270513556502] 241.99038367105226 1.018585653756098 0.0005452053978223084 2.0637942834987227e-05 [3688.919921875,1711.019775391] 46.41926217014169 73.94409777848085 32.37765246135653 45.53301883916184 17.889253616333008 8.944626808166504 55.06777482790494 33.70926508653747
179.21699508621546 -65.77614591691056 4.625 34.203125 [179.21699508621546,-65.77614591691056] 260.3012294860603 1.5653765470769883 0.00035363225408027287 2.0572136403059328e-05 [3706.288574219,1718.611328125] 46.41926217014169 73.94409777848085 32.37765246135653 45.53301883916184 17.889253616333008 8.944626808166504 55.05257181677348 33.58348120330402
170.65400651911096 -65.72905728293102 5.84375 46.390625 [170.65400651911096,-65.72905728293102] 60.490112459253524 2.140594797216386 0.0002350612754366968 1.8699252971953035e-05 [-2616.220703125,1559.90234375] 61.883426338998426 40.272634543567946 39.04013782426119 36.87315292541483 0.0 0.0 44.01943872952029 74.38287454528086
179.33387743482038 -62.73032384320707 6.5625 53.75 [179.33387743482038,-62.73032384320707] 1.578042434923523 0.5344957549436229 0.0013058073210795204 2.5937735824306873e-05 [4234.659179688,-3737.961914062] 419.7079382757151 315.3759369599517 170.9430108814252 144.50303422595525 0.0 0.0 90.9212323894601 40.63853768614422
179.33288583796852 -62.73154827092309 6.5625 53.75 [179.33288583796852,-62.73154827092309] 0.8213803643425901 0.707002407399573 0.0009875110632598541 2.5946068813276375e-05 [4233.669189453,-3735.833007812] 419.7079382757151 315.3759369599517 170.9430108814252 144.50303422595525 0.0 0.0 90.90572624529705 40.640811571375934
175.96907038392874 -64.30391705738148 6.15625 49.671875 [175.96907038392874,-64.30391705738148] 709.8356699828498 1.9670486140485934 0.0002641536069073938 1.9309914091374856e-05 [1386.528320312,-1059.069335938] 132.75340005904496 200.69806374716472 68.42165881521733 97.80723190270129 0.0 0.0 68.3620383412117 53.739734940115795
173.2424466790774 -62.43520761263755 11.4375 102.3125 [173.2424466790774,-62.43520761263755] -14.25690721905774 2.361087602785644 0.0003295505940191887 2.891631205439684e-05 [-791.1875,-4434.879882812] 364.21151011003917 273.3796405847337 152.92177350254536 113.4065437107633 18.69516372680664 9.34758186340332 85.80252864599493 74.08352369164436
180.44644164601752 -66.67774959589222 4.59375 34.078125 [180.44644164601752,-66.67774959589222] 37.04352352103586 1.5210004211420403 0.0004466193317655755 2.5245010455416335e-05 [4448.119873047,3413.831298828] 21.72821587632459 11.224052446677316 27.5171367708344 20.106280245765536 17.863292694091797 8.931646347045898 45.650693802652086 25.563844943247886
180.32278445786474 -64.04512773589649 4.75 35.59375 [180.32278445786474,-64.04512773589649] -3.541066479625004 1.5676518147500274 0.00044663269188613956 2.6020091616917152e-05 [4820.36730957,-1310.630371094] 198.00839527913365 253.66378784765743 96.8049511584561 120.78123207434516 0.0 0.0 76.53203991493774 32.26268786369769
180.32478325649924 -64.04619596361375 4.8125 36.234375 [180.32478325649924,-64.04619596361375] -3.326251645701464 1.5374876440353138 0.0004544516657735955 2.5966178430205034e-05 [4821.748291016,-1308.564453125] 194.98756594621406 250.81382665038242 96.8024940283448 119.79972604959384 0.0 0.0 76.52149151752815 32.24990539383475
175.00085442992224 -63.44380972648713 264.0 2636.0 [175.00085442992224,-63.44380972648713] 7.86300997955046 0.275551183699588 0.0020937308639560606 2.1440348448690357e-05 [650.6450195312,-2622.295898438] 328.9247808360637 300.0983270800101 185.37198871145887 140.75183399292052 0.0 0.0 76.95085464359136 61.42118263839848
179.74932869513265 -63.009598034306855 5.5625 43.734375 [179.74932869513265,-63.009598034306855] 801.9437327775676 1.800141755643208 0.00038178381192096624 2.554070722925851e-05 [4532.485595703,-3208.568359375] 392.7581868918687 308.0652638004739 167.44956108474324 141.7557562981 0.0 0.0 88.1072520338771 37.72616536357168
173.28363009454864 -66.91495515112511 4.28125 30.757812 [173.28363009454864,-66.91495515112511] 28.43508043678662 0.8558263215735439 0.0006432086028185474 2.045719980690047e-05 [-641.1713867188,3625.211181641] 12.517729095436886 -8.733416339808173 24.576363721947462 16.93640334424561 0.0 0.0 34.56785320641859 57.781708257524315
173.27638230646997 -66.91754918853704 4.28125 30.757812 [173.27638230646997,-66.91754918853704] 28.64387715758374 0.6772775325373168 0.0008106521545447743 2.0403746229376215e-05 [-646.2172851562,3629.950927734] 12.517729095436886 -8.733416339808173 24.576363721947462 16.93640334424561 0.0 0.0 34.52794108790795 57.80501702141146
168.92973337710436 -65.17805478229842 6.46875 52.71875 [168.92973337710436,-65.17805478229842] 65.89209537291777 0.19129017242693297 0.0028504652499459983 2.026362373570633e-05 [-3970.955078125,660.259765625] 62.122110627022074 59.952844370463744 39.49448077138997 41.16307654048206 0.0 0.0 47.20777351492006 84.77663518796658
168.94007913536458 -65.18029013846656 6.4375 52.484375 [168.94007913536458,-65.18029013846656] 87.3935924712663 0.1929843501102284 0.002819479648254086 2.0220866361557828e-05 [-3962.8359375,663.6206054688] 61.7663308324759 59.94516178735857 39.650970745722184 41.06451883515535 0.0 0.0 47.20162613956836 84.71819147057636
168.4030604152191 -64.71894824699096 7.15625 59.5 [168.4030604152191,-64.71894824699096] 171.4057284683194 1.092974130497298 0.0005374868203738412 2.1831642218648373e-05 [-4442.610351562,-127.95703125] 77.58148915203245 89.33051619101364 44.725539066796905 53.04806984077767 0.0 0.0 51.35718669564221 89.2925738589679
170.29913301931083 -64.79437249611459 6.53125 53.171875 [170.29913301931083,-64.79437249611459] 104.0376996731309 1.6947560679323148 0.0002974673726854747 1.8735066474453566e-05 [-2982.016601562,-103.8686523438] 82.17958831749642 98.64559949275295 50.652759665013996 60.40931546736327 0.0 0.0 53.96308377738387 79.88286704110237
177.9710083221753 -67.24688722029519 4.125 29.21875 [177.9710083221753,-67.24688722029519] 101.80762999252616 2.665814027359486 0.00025736028618721313 2.549647155988636e-05 [2628.848144531,4296.115234375] 27.340339412219322 -16.715731685061403 28.72201955250831 8.593700207797673 16.116914749145508 8.058457374572754 36.52608460882641 35.520662604724976
173.10205072965672 -66.58894348579258 4.53125 33.15625 [173.10205072965672,-66.58894348579258] 49.241640655420454 1.3482476652982065 0.0003685224488788514 1.8464703084652847e-05 [-779.5766601562,3040.811767578] 11.454249312105706 -6.62245846721817 24.884021733526126 20.037958308605365 0.0 0.0 38.04032428691653 59.78612582594337
173.09858732633404 -66.58903505151335 4.53125 33.15625 [173.09858732633404,-66.58903505151335] 51.4856744368851 1.5910225849593564 0.00031101365379719185 1.838927058417467e-05 [-782.0502929688,3041.019287109] 11.454249312105706 -6.62245846721817 24.884021733526126 20.037958308605365 0.0 0.0 38.03429007190471 59.80159302180505
171.23745745092597 -62.97217940247073 8.5 73.28125 [171.23745745092597,-62.97217940247073] 770.1228366444728 2.40231192405987 0.00024480411174441976 2.1855301802065374e-05 [-2415.897460938,-3418.526367188] 217.09970271708434 268.16283446895466 99.63724159544523 127.34427969609598 0.0 0.0 76.22550090507593 82.54297414171697
172.18835461300893 -65.41571044493085 6.40625 52.203125 [172.18835461300893,-65.41571044493085] 254.84677841141283 2.0082280764737237 0.0002422067339764734 1.8076233853248602e-05 [-1500.297363281,946.4770507812] 64.70042065100304 73.58642298788229 41.24877500914677 53.72311240550733 0.0 0.0 50.0570554446067 68.39567033444405
172.80061352986996 -66.96156311120424 4.40625 32.0 [172.80061352986996,-66.96156311120424] 44.36702108744355 0.17991337596332382 0.0032167405374431794 2.150741366100591e-05 [-980.1259765625,3715.235595703] 16.450491178407773 -9.056496092089713 23.53194857401802 14.897662051752809 0.0 0.0 33.34689473387357 59.78441990014949
172.7941739438028 -66.96794130358245 4.40625 32.0 [172.7941739438028,-66.96794130358245] 36.47219879216448 0.8526900211127911 0.0006824158963207526 2.1624646588144427e-05 [-984.4028320312,3726.806152344] 16.450491178407773 -9.056496092089713 23.53194857401802 14.897662051752809 0.0 0.0 33.26477172507566 59.789756103335094
171.14601130709525 -65.19096366959805 6.125 49.109375 [171.14601130709525,-65.19096366959805] 112.30407514379304 1.2272739053497348 0.0004004771467582031 1.8265347599417297e-05 [-2299.633789062,573.5717773438] 71.60033447619887 82.34413941451469 42.659984390823794 52.30589621191029 0.0 0.0 50.92465355345348 74.22549097395199
176.86595126988496 -64.08795158845136 5.53125 43.296875 [176.86595126988496,-64.08795158845136] 457.1165226921272 0.18214305620761712 0.0028463614244868163 1.9266878893762047e-05 [2102.305175781,-1422.833496094] 170.18744842730544 244.91085589708908 83.7936287594963 118.1598535167741 0.0 0.0 72.05089779509944 49.8565589014604
176.85629291292827 -64.08956144794966 5.53125 43.296875 [176.85629291292827,-64.08956144794966] 484.5575616673163 0.11872757470903335 0.004359690058659043 1.9236050778982107e-05 [2094.595214844,-1420.258789062] 170.18744842730544 244.91085589708908 83.7936287594963 118.1598535167741 0.0 0.0 72.0197393499243 49.90094305085836
170.11358581597526 -66.649055455475 4.9375 37.359375 [170.11358581597526,-66.649055455475] 59.55563724407478 1.0232149645681332 0.0005347386397607268 2.0333734716371303e-05 [-2907.397460938,3236.047119141] 38.25774249951223 3.768766238412539 30.465746944615823 21.685670594907013 0.0 0.0 32.74915148278899 73.06890415713224
170.35700933799296 -64.6199492711047 6.90625 57.1875 [170.35700933799296,-64.6199492711047] 125.90605678277417 1.2288214879494586 0.000421340419524954 1.9241132204443442e-05 [-2956.745117188,-419.9609375] 89.30711158262226 110.2318980828785 51.18130537601695 63.6321106381171 0.0 0.0 56.03158302009365 80.31995776181134
176.81175264341027 -65.43963627019669 5.46875 42.625 [176.81175264341027,-65.43963627019669] 527.938943102915 1.214742146619539 0.0004088870179554166 1.845848807085876e-05 [1959.187011719,1006.272949219] 48.24532305711257 93.34817365193199 32.33823619449122 56.25666479736853 0.0 0.0 56.26056821354814 46.13231626385391
174.26905822140253 -65.66983037714436 5.03125 38.234375 [174.26905822140253,-65.66983037714436] 161.36562483126505 1.156825018486668 0.0004173046511615693 1.794029586113986e-05 [56.99609375,1380.104492188] 42.81945696128129 66.58124534530364 31.138056837206953 44.74949041716085 17.91249656677246 8.95624828338623 50.245993206305 57.59515692184482
180.04568488238144 -66.2119216798009 4.34375 31.421875 [180.04568488238144,-66.2119216798009] 162.8188123347145 1.4575196565134259 0.0004081149038559268 2.2105766514975145e-05 [4242.493408203,2552.004638672] 29.608149417922057 37.99722349455317 29.680104674304506 28.518921319046665 18.22699546813965 9.113497734069824 50.75902136703235 28.54550652049147
177.083572380792 -64.35075380698453 5.625 44.25 [177.083572380792,-64.35075380698453] 1.6696682675204553 1.2833873767234358 0.0004065737065641921 1.9391247768030035e-05 [2251.804199219,-942.7924804688] 130.34283647924855 220.0190334999008 65.04549835636756 110.83990349007505 0.0 0.0 69.26928422845253 47.9848964884377
173.40917958123123 -63.30243326826934 43.5 422.625 [173.40917958123123,-63.30243326826934] 425.22091956113735 2.380189510780981 0.00023656854590298174 2.0925567293727646e-05 [-633.3051757812,-2876.895507812] 282.22748561995155 246.78604577218582 154.22058894827236 114.82189096231207 18.2034969329834 9.1017484664917 76.13913387717935 70.11369898486987
179.2609710610995 -65.2448424068669 4.8125 36.109375 [179.2609710610995,-65.2448424068669] 420.28178351900885 1.1863639288743482 0.00048407382294075353 2.1342153288695373e-05 [3815.513427734,767.9892578125] 65.16302651516841 124.69709121831954 37.71359749334697 65.15671979372016 0.0 0.0 61.332077113196874 34.70976629806523
179.25848395937874 -65.2298278553109 4.78125 35.859375 [179.25848395937874,-65.2298278553109] 443.62103913856083 2.256565953098267 0.0002544504873972278 2.1338310064105818e-05 [3815.812744141,740.900390625] 65.8938454729591 124.61790494688174 37.742106264879425 65.47480345669234 0.0 0.0 61.505631879128714 34.75981240419242
175.30636566680582 -65.07620228112266 5.6875 44.96875 [175.30636566680582,-65.07620228112266] 308.1437575538512 1.7431499930678247 0.0002845973079702531 1.8436320502342654e-05 [845.0649414062,319.0043945312] 71.54603087143778 125.93022760991354 41.482015232878155 71.51275479679417 19.141807556152344 9.570903778076172 58.52614473767903 54.575170388839524
179.29919423575097 -66.16489408535192 4.28125 30.960938 [179.29919423575097,-66.16489408535192] 159.514197469947 2.72502952829975 0.00020520490490764926 2.078105793325719e-05 [3709.884033203,2420.792236328] 34.34151150585602 41.071685687892106 28.153866220329835 30.405636977541416 19.262609481811523 9.631304740905762 50.57558471113225 32.209536791042865
