data_processed/hvc_rms/hvc_rms_index_5_with_B.ecsv
# %ECSV 1.0
# ---
# datatype:
# - {name: ra_dec_obj.ra, unit: deg, datatype: float64}
# - {name: ra_dec_obj.dec, unit: deg, datatype: float64}
# - {name: 'H-alpha flux [Error]', unit: R, datatype: float32}
# - {name: H-alpha flux, unit: R, datatype: float32}
# - {name: ra_dec_deg, datatype: string, subtype: 'float64[2]'}
# - {name: RM, unit: rad / m2, datatype: float64}
# - {name: RM_uncert, unit: rad / m2, datatype: float64}
# - {name: pol_int, datatype: float64}
# - {name: pol_int_uncert, datatype: float64}
# - {name: ra_dec_pix_offsets, datatype: string, subtype: 'float64[2]'}
# - {name: interpolation_raw, unit: rad / m2, datatype: float64}
# - {name: interpolation_cor, unit: rad / m2, datatype: float64}
# - {name: interpolation_unc, unit: rad / m2, datatype: float64}
# - {name: interpolation_cor_unc, unit: rad / m2, datatype: float64}
# - {name: HI, unit: dex(1 / cm2), datatype: float64}
# - {name: 'HI [Error]', unit: dex(1 / cm2), datatype: float64}
# - {name: pixel location x, datatype: float64}
# - {name: pixel location y, datatype: float64}
# - {name: 'B_virtual [raw]', unit: G, datatype: float64}
# - {name: 'B_virtual_unc [raw]', unit: G, datatype: float64}
# - {name: 'B_virtual [int]', unit: G, datatype: float64}
# - {name: 'B_virtual_unc [int]', unit: G, datatype: float64}
# meta: !!omap
# - __serialized_columns__:
#     ra_dec_obj:
#       __class__: astropy.coordinates.sky_coordinate.SkyCoord
#       dec: !astropy.table.SerializedColumn
#         __class__: astropy.coordinates.angles.Latitude
#         unit: &id001 !astropy.units.Unit {unit: deg}
#         value: !astropy.table.SerializedColumn {name: ra_dec_obj.dec}
#       frame: icrs
#       ra: !astropy.table.SerializedColumn
#         __class__: astropy.coordinates.angles.Longitude
#         unit: *id001
#         value: !astropy.table.SerializedColumn {name: ra_dec_obj.ra}
#         wrap_angle: !astropy.coordinates.Angle
#           unit: *id001
#           value: 360.0
#       representation_type: spherical
# schema: astropy-2.0
ra_dec_obj.ra ra_dec_obj.dec "H-alpha flux [Error]" "H-alpha flux" ra_dec_deg RM RM_uncert pol_int pol_int_uncert ra_dec_pix_offsets interpolation_raw interpolation_cor interpolation_unc interpolation_cor_unc HI "HI [Error]" "pixel location x" "pixel location y" "B_virtual [raw]" "B_virtual_unc [raw]" "B_virtual [int]" "B_virtual_unc [int]"
151.1280213173401 -8.958555203324222 0.38085938 1.4023438 [151.1280213173401,-8.958555203324222] -7.930563975250907 2.1863277969699735 0.00024976170885945506 2.0293167345703772e-05 [1210.500488281,-693.5229492188] -4.058395074770506 -4.996453040912568 5.69231481383027 5.571194281242521 0.0 0.0 12.69186447055813 28.867828244591237 -2.152581620810128e-06 2.019054969163095e-06 -1.0510172585276906e-06 2.5252009221084703e-06
150.43025219955578 -8.875757259586802 0.33789062 0.97143555 [150.43025219955578,-8.875757259586802] -68.21586284316314 3.1238492881899753 0.00017331871982437371 2.0120753876667205e-05 [-30.14111328125,-843.7202148438] -2.587094473891677 -4.61966363006079 6.219674098724063 5.230989005244087 0.0 0.0 7.300711536749986 36.67841751506262 -1.8515733945548527e-05 3.5769818312267927e-06 -1.7813522598010348e-05 3.874899733154979e-06
151.70094294212132 -10.934116349441984 0.39453125 1.5117188 [151.70094294212132,-10.934116349441984] -17.643568754913172 1.7910141637282897 0.00032580653983325854 2.168540417884446e-05 [2215.59765625,2864.882080078] -12.471441765112036 -13.7087536163028 6.149150602812701 5.911554367818234 18.611154556274414 9.305577278137207 1.1823928435201196 2.141731180200395 -4.788968596161452e-06 2.100633106390357e-06 -1.4038630207745971e-06 2.5847121989599073e-06
149.99845877585213 -8.87250998999227 0.34765625 1.0717773 [149.99845877585213,-8.87250998999227] 1.6498722293709336 0.42935144509831563 0.0012644156884378504 2.0174905442771534e-05 [-798.0610351562,-849.0571289062] -3.3098397713845595 -4.4554181969005615 6.290262690374687 5.484580101845932 0.0 0.0 3.5495182077311256 40.94235296470083 4.478224560967042e-07 1.9048709395583005e-06 1.3462075245411445e-06 2.5658139163363713e-06
153.25740053431315 -7.534272993057153 0.3359375 0.95654297 [153.25740053431315,-7.534272993057153] -3.7651041693281755 1.2087881988163622 0.0006965597561580197 3.129084519437828e-05 [5012.677246094,-3237.90234375] -4.5365339192006475 -2.329522708594602 5.382859106753745 5.811882316631927 18.119659423828125 9.059829711914062 42.80993660399281 22.66599549768489 -1.0219568319004698e-06 1.9347970079303373e-06 2.0938807208463383e-07 2.419386976891138e-06
151.98585500102942 -6.985538111619808 0.3515625 1.112793 [151.98585500102942,-6.985538111619808] 3.8219721930370385 0.6365187182360346 0.0011813657947147356 2.7945010353912014e-05 [2748.685058594,-4238.935546875] -4.292081901386699 -2.0233441603726448 5.572818838112161 6.113272824368289 0.0 0.0 36.260680457555736 41.905775402654854 1.0373924381233705e-06 1.914790925106351e-06 2.20238608104326e-06 2.459197621938684e-06
150.1165619332243 -8.705520595941701 0.3828125 1.4233398 [150.1165619332243,-8.705520595941701] -1.6039300953043156 1.934660882654281 0.00027990026840542085 2.012411862751268e-05 [-588.2895507812,-1149.855957031] -2.8860409248271353 -3.9886486564506507 6.346655221062697 5.676140979884668 0.0 0.0 5.934148615641561 41.60173944720259 -4.3535244845018396e-07 1.9724181943822525e-06 3.4800150608269096e-07 2.6184563147258138e-06
151.2899169813147 -10.101796139421156 0.33007812 0.8964844 [151.2899169813147,-10.101796139421156] -22.061704907166085 0.7485877112455082 0.000733599389593031 2.040846579835009e-05 [1493.324707031,1364.880859375] -7.967459433960744 -10.377710049233649 5.224444944543531 5.542038699141098 0.0 0.0 4.65335286532013 15.01549642527425 -5.988176963845733e-06 2.1299682786877847e-06 -3.825580861523571e-06 2.4542995536834505e-06
151.27929690247117 -10.105543063244983 0.33007812 0.8964844 [151.27929690247117,-10.105543063244983] -12.590101123999856 2.8568394185284456 0.00019212818062322383 2.039790679174684e-05 [1474.489746094,1371.580078125] -7.967459433960744 -10.377710049233649 5.224444944543531 5.542038699141098 0.0 0.0 4.531645548550614 15.081913512758547 -3.4173131152132966e-06 2.121241155535664e-06 -1.254717012891135e-06 2.502212732025773e-06
151.10340886114213 -9.124272290196805 0.28125 0.40026855 [151.10340886114213,-9.124272290196805] -1.4466806632761322 0.27623529374013883 0.0019726212489006223 2.025030535901624e-05 [1166.205078125,-395.3198242188] -4.766452578608413 -6.076124192003656 5.69073218700249 5.474370033338723 0.0 0.0 11.119939022385097 27.324720691494804 -3.9267046034403673e-07 1.9024797436215027e-06 9.010809360503034e-07 2.453883696219569e-06
151.10005177681575 -9.121541863087005 0.28125 0.40026855 [151.10005177681575,-9.121541863087005] -2.2112481923580223 0.3361931041634471 0.0016270123273291843 2.0327704918220086e-05 [1160.248046875,-400.2456054688] -4.766452578608413 -6.076124192003656 5.69073218700249 5.474370033338723 0.0 0.0 11.113321957312564 27.38763436654517 -6.001959296682811e-07 1.9045268457837272e-06 6.935554667260591e-07 2.4527695748004855e-06
150.69320680290176 -9.456269349190647 0.41015625 1.7099609 [150.69320680290176,-9.456269349190647] -4.010920084101914 1.8111864784731577 0.0003025555492393753 2.0364652009053366e-05 [436.794921875,201.3427734375] -4.3460642991071925 -7.225685336620653 5.762658195386696 5.53059754047345 0.0 0.0 4.850775477387515 27.828069328581932 -1.0886782935639626e-06 1.9700116168122995e-06 9.096771424990302e-08 2.5096708623979105e-06
152.39038079466522 -8.4890480591044 0.33007812 0.88964844 [152.39038079466522,-8.4890480591044] -2.5018347333284625 0.33773840074332645 0.0017677370978382127 2.2187420889086034e-05 [3458.740722656,-1530.23046875] -4.949661200949011 -3.5985647203855966 5.607432942642905 5.851796201628703 18.316394805908203 9.158197402954102 27.446509213569243 21.182952367771122 -6.790694182751199e-07 1.9052009990732191e-06 6.644100320703693e-07 2.438409677918294e-06
152.6642913530249 -7.733560830393228 0.33398438 0.9243164 [152.6642913530249,-7.733560830393228] -28.11874524652415 1.2303063998931474 0.0005251027483193571 2.4008569132243593e-05 [3953.477294922,-2886.885742188] -0.45085267388874994 -0.584917371892498 5.468850164847424 5.632938097067578 18.152847290039062 9.076423645019531 36.049459130190826 26.63599270504551 -7.632230747624107e-06 2.271554041779873e-06 -7.50985645210935e-06 2.7051154777078856e-06
149.90859974205264 -8.887321576163169 0.37695312 1.3535156 [149.90859974205264,-8.887321576163169] -0.4685694969963789 0.9008772115991017 0.0006031270390493345 2.0192175086509516e-05 [-957.8271484375,-822.1733398438] -3.25035534112374 -4.495582223523537 6.2399003646418585 5.384646221657959 0.0 0.0 2.6418112064752677 41.65707327938753 -1.2718314743495156e-07 1.9157743165738237e-06 7.550561473036846e-07 2.559774679618201e-06
152.24359136364947 -7.504486672573067 0.36328125 1.2265625 [152.24359136364947,-7.504486672573067] -5.875733166789689 1.6195714414041154 0.0003849234239190348 2.3167712408088688e-05 [3205.279785156,-3303.29296875] -0.7833182461748613 -0.3667398381983271 5.432157569386964 5.449861045102771 0.0 0.0 34.28399691813979 33.49617496695009 -1.594841837615441e-06 1.966228788267016e-06 -1.3822268880074111e-06 2.4544666629822736e-06
151.70071416531033 -9.365242900971419 0.35742188 1.1738281 [151.70071416531033,-9.365242900971419] -10.792962015705628 0.20865903241446343 0.002686983889886846 2.083583717459569e-05 [2226.074707031,41.29443359375] -4.088688252708127 -7.9615096283789875 5.599441857936313 5.574481747888218 17.329605102539062 8.664802551269531 14.273204653236462 18.74016157325741 -2.9295182211016376e-06 1.9557945442223293e-06 -1.819731424920684e-06 2.4504935856178292e-06
151.70558173465648 -9.359726919096467 0.3515625 1.1118164 [151.70558173465648,-9.359726919096467] -9.01540268178992 0.4297538377669485 0.0013022510579252266 2.0798077192885367e-05 [2234.752929688,31.396484375] -4.197112574721705 -7.977246410947692 5.564792252134303 5.52358182639459 17.329605102539062 8.664802551269531 14.360596185013947 18.750166079345036 -2.4470378371053167e-06 1.9420281481227116e-06 -1.3078215824969955e-06 2.438705130630833e-06
150.39295952990867 -9.20147907095987 0.36132812 1.2138672 [150.39295952990867,-9.20147907095987] 5.464912545556589 2.3576311978613558 0.00023166552631968622 2.029766054000303e-05 [-96.3759765625,-257.4233398438] -3.914185824204622 -6.330549681266612 5.762307931341228 5.238215149340729 0.0 0.0 4.327051415056985 33.52593115812283 1.4833333848148705e-06 2.0183760124250655e-06 2.545755236767946e-06 2.574065683764788e-06
150.71000676367913 -9.157669973075334 0.33398438 0.9301758 [150.71000676367913,-9.157669973075334] 1.0582030440248698 0.19165144045438987 0.0028369755979466478 2.0205815875614973e-05 [467.021484375,-336.1137695312] -4.371875280804894 -6.889931505666306 5.818266074567951 5.272732402040466 0.0 0.0 7.439225895785967 30.872353041670067 2.8722653656938666e-07 1.9012477927995437e-06 1.4738783821762425e-06 2.482007115868419e-06
150.71463007567976 -9.16497317683384 0.328125 0.87475586 [150.71463007567976,-9.16497317683384] 20.579985959250664 1.5306874463192066 0.0003546928122310591 2.0176582673315302e-05 [475.2275390625,-322.9619140625] -4.5305354960952915 -7.049060692689709 5.809181743307172 5.310735769176166 0.0 0.0 7.41966774363209 30.74790631052474 5.585996112087589e-06 2.1338108875525022e-06 6.8157128726807815e-06 2.7232285206024456e-06
150.71168519297527 -9.15968046754049 0.33398438 0.9301758 [150.71168519297527,-9.15968046754049] 0.9744067792345684 0.38688981095883046 0.0014033783105337205 2.017765795301974e-05 [470.0014648438,-332.4926757812] -4.371875280804894 -6.889931505666306 5.818266074567951 5.272732402040466 0.0 0.0 7.4373629994381645 30.83408054696588 2.644818364392254e-07 1.903353612008553e-06 1.451133682046081e-06 2.483352199836491e-06
152.75633240126865 -8.810230348572146 0.34179688 1.003418 [152.75633240126865,-8.810230348572146] -3.122389354163464 2.1210173698334263 0.00029260517037960353 2.3064015657516595e-05 [4106.28515625,-948.2333984375] -5.0243124530035495 -5.274899818082115 5.539238796605971 5.871973734651201 18.585922241210938 9.292961120605469 27.906889657248257 13.93125657773271 -8.47505670184425e-07 1.9897669660851783e-06 5.162362625828115e-07 2.491696608157437e-06
151.42732251037012 -7.80031894730785 0.36132812 1.2001953 [151.42732251037012,-7.80031894730785] -12.503494009307431 3.2254477980846974 0.00017450250246276908 2.091704737415562e-05 [1747.808105469,-2776.7578125] -2.1858297006436125 -0.8461015324808239 6.020908333659174 5.823196098627577 0.0 0.0 24.750425827008257 38.51216943482723 -3.3938054701201984e-06 2.158908245046508e-06 -2.800508845250908e-06 2.690891096111051e-06
151.7414397314246 -9.801450682859988 0.35546875 1.1513672 [151.7414397314246,-9.801450682859988] -31.56084525209884 2.4447652666043997 0.00022588646442805283 2.052277471927478e-05 [2295.434570312,826.7153320312] -6.0041764669927 -9.329492730093913 5.497814551573771 5.830422391320961 17.87118148803711 8.935590744018555 10.998996137879658 13.669596615245155 -8.566515021997682e-06 2.421260377312828e-06 -6.936810003378213e-06 2.7322960536359363e-06
149.8476258485246 -8.16364381675548 0.36914062 1.2788086 [149.8476258485246,-8.16364381675548] -67.9693611361892 2.5731403606802643 0.00021468104085894086 2.0528909129965026e-05 [-1068.279785156,-2124.474609375] -2.1435802236601633 -2.3596982294406743 5.598392346434565 5.424097506068852 0.0 0.0 7.922037548621574 50.13969476462148 -1.84488263402904e-05 3.535899317321461e-06 -1.7866997430444558e-05 3.7801965429387096e-06
152.69288633625507 -7.642909371973811 0.34570312 1.0454102 [152.69288633625507,-7.642909371973811] 2.5405438661252617 2.0474599620132516 0.00031606586604875536 2.4049259980006368e-05 [4005.296630859,-3049.665039062] 0.023669720266622785 -0.10296622243348885 5.461828351845406 5.669072525807573 0.0 0.0 37.04387651136267 27.340727197893102 6.895761827468424e-07 1.982571106552881e-06 6.83151544477149e-07 2.4755131854476304e-06
151.54751600287037 -10.885574322873332 0.36328125 1.1943359 [151.54751600287037,-10.885574322873332] -16.118392060422245 1.2752570663247784 0.0004455579741758006 2.1115951825001588e-05 [1944.817382812,2776.635498047] -11.958375652495578 -13.458123595976307 6.099397871141865 5.824937486627081 18.645139694213867 9.322569847106934 0.29819817848965613 4.189175363827417 -4.374992070495099e-06 2.049992236236679e-06 -1.1291472951881962e-06 2.549930629775701e-06
152.23802190489715 -8.316763013585629 0.38476562 1.4433594 [152.23802190489715,-8.316763013585629] -1.518190927794016 1.0785035115171766 0.0005545112297400678 2.2224940776444488e-05 [3189.059082031,-1841.732421875] -3.793937394289121 -2.0982873928876704 6.057273131574878 5.9245267541675135 18.885150909423828 9.442575454711914 27.559923887206423 24.621429487999876 -4.1208038901756424e-07 1.92350927427413e-06 6.177026038360618e-07 2.5314496590426484e-06
152.25479127530468 -8.300681160723059 0.38476562 1.4462891 [152.25479127530468,-8.300681160723059] 0.9657217251057847 3.210423122598067 0.0001878770227900995 2.2415304728202556e-05 [3219.043701172,-1870.522460938] -3.817417116890473 -2.0770636059000513 6.0392703085263655 5.913843677451124 18.885150909423828 9.442575454711914 27.83719823345382 24.62538441879269 2.6212446463670245e-07 2.0907021587025682e-06 1.2982805249658723e-06 2.664214283129596e-06
151.51127627765536 -9.752183781087108 0.3203125 0.79296875 [151.51127627765536,-9.752183781087108] 7.563522714112786 2.1444747610420327 0.0002564811698936806 2.044019941182851e-05 [1887.553710938,736.6743164062] -7.24672594685925 -9.571664677178921 5.189037140044203 5.520721398992529 0.0 0.0 9.444647123021696 16.512204324738832 2.0529561370147093e-06 2.0131773170604856e-06 4.0199245812436155e-06 2.5162660770209544e-06
150.43428034362555 -9.338028849556297 0.35546875 1.152832 [150.43428034362555,-9.338028849556297] -0.235789215893713 2.3027539177112 0.0002379676421672028 2.036451824220018e-05 [-22.9462890625,-11.64111328125] -4.246381733855633 -7.066212826189326 5.553042919874942 5.283149961538016 0.0 0.0 3.5733223796723905 31.65016277953282 -6.399992914778546e-08 2.000191876974411e-06 1.0885893827557587e-06 2.510327746039216e-06
152.87936401535467 -7.701990625733519 0.33007812 0.89575195 [152.87936401535467,-7.701990625733519] -12.83097757274416 2.297090874985607 0.00030048919207894046 2.5651675408772912e-05 [4337.094970703,-2941.162109375] -1.576538233805226 -0.5659780780567782 5.238030355196347 5.546578338828451 18.113367080688477 9.056683540344238 38.166157888479574 24.756108128368396 -3.482693864687245e-06 2.07322530802603e-06 -3.0547763499702386e-06 2.500111643284823e-06
152.15396124392512 -10.53650475634623 0.33398438 0.9265137 [152.15396124392512,-10.53650475634623] -33.99176858016881 0.09698840249292223 0.006040463750184666 2.177202336116006e-05 [3019.927490234,2152.760009766] -10.023632507133184 -13.596593274516936 5.6612606026073555 5.904722084479539 0.0 0.0 8.336110174209125 1.7234684368086164 -9.2263370591103e-06 2.390139443703521e-06 -6.505636844605419e-06 2.6489705086373175e-06
152.15504461194408 -10.545321493167421 0.33398438 0.9265137 [152.15504461194408,-10.545321493167421] -30.42169417557911 0.6417216661719016 0.0009129409795339535 2.1771989061966936e-05 [3021.757324219,2168.635742188] -10.023632507133184 -13.596593274516936 5.6612606026073555 5.904722084479539 0.0 0.0 8.27097063793508 1.6199404291733117 -8.257316876910546e-06 2.3073900300538672e-06 -5.5366166624056646e-06 2.599717962924897e-06
151.31506361210054 -8.708829836821886 0.328125 0.88427734 [151.31506361210054,-8.708829836821886] -12.444129187748944 2.2212549434687894 0.0002487726256350667 2.0535708945001878e-05 [1544.083984375,-1142.279785156] -2.667281901102036 -3.3316601059874 5.399546450681891 5.445582273241417 0.0 0.0 16.358461003759885 29.70146736689958 -3.377692161633152e-06 2.0628209947515873e-06 -2.6537156555801776e-06 2.509055534823538e-06
