data_processed/hvc_rms/hvc_rms_index_3.ecsv
# %ECSV 1.0
# ---
# datatype:
# - {name: ra_dec_obj.ra, unit: deg, datatype: float64}
# - {name: ra_dec_obj.dec, unit: deg, datatype: float64}
# - {name: 'H-alpha flux [Error]', unit: R, datatype: float32}
# - {name: H-alpha flux, unit: R, datatype: float32}
# - {name: ra_dec_deg, datatype: string, subtype: 'float64[2]'}
# - {name: RM, unit: rad / m2, datatype: float64}
# - {name: RM_uncert, unit: rad / m2, datatype: float64}
# - {name: pol_int, datatype: float64}
# - {name: pol_int_uncert, datatype: float64}
# - {name: ra_dec_pix_offsets, datatype: string, subtype: 'float64[2]'}
# - {name: interpolation_raw, unit: rad / m2, datatype: float64}
# - {name: interpolation_cor, unit: rad / m2, datatype: float64}
# - {name: interpolation_unc, unit: rad / m2, datatype: float64}
# - {name: interpolation_cor_unc, unit: rad / m2, datatype: float64}
# - {name: pixel location x, datatype: float64}
# - {name: pixel location y, datatype: float64}
# meta: !!omap
# - __serialized_columns__:
#     ra_dec_obj:
#       __class__: astropy.coordinates.sky_coordinate.SkyCoord
#       dec: !astropy.table.SerializedColumn
#         __class__: astropy.coordinates.angles.Latitude
#         unit: &id001 !astropy.units.Unit {unit: deg}
#         value: !astropy.table.SerializedColumn {name: ra_dec_obj.dec}
#       frame: icrs
#       ra: !astropy.table.SerializedColumn
#         __class__: astropy.coordinates.angles.Longitude
#         unit: *id001
#         value: !astropy.table.SerializedColumn {name: ra_dec_obj.ra}
#         wrap_angle: !astropy.coordinates.Angle
#           unit: *id001
#           value: 360.0
#       representation_type: spherical
# schema: astropy-2.0
ra_dec_obj.ra ra_dec_obj.dec "H-alpha flux [Error]" "H-alpha flux" ra_dec_deg RM RM_uncert pol_int pol_int_uncert ra_dec_pix_offsets interpolation_raw interpolation_cor interpolation_unc interpolation_cor_unc "pixel location x" "pixel location y"
[from data line 148]
358.86035164534684 -6.542576326043253 0.29101562 0.548584 [358.86035164534684,-6.542576326043253] 9.594953296696902 0.9652319630699723 0.0006193977633313355 2.2218259293623915e-05 [-2036.873046875,3361.278320312] -1.257902562859837 -2.8161143305852923 3.204770095163404 3.901770077819985 33.12402955584491 59.64250679556699
358.2432861304811 -5.795475002890162 0.34765625 1.1147461 [358.2432861304811,-5.795475002890162] -15.653162198659 0.5802991248026882 0.0010200556573028569 2.1998065333605816e-05 [-3144.4296875,2019.240966797] -2.0918977071218703 -4.691689265035431 4.15791917274929 4.385939198736384 44.611183095532965 63.472785829088934
358.2418822943765 -5.801795990147603 0.34765625 1.1147461 [358.2418822943765,-5.801795990147603] -17.964823344095358 0.5102131309112411 0.0011567569401854671 2.1933222709004706e-05 [-3146.907226562,2030.622802734] -2.0918977071218703 -4.691689265035431 4.15791917274929 4.385939198736384 44.555256508735056 63.598175431659
358.2434084721313 -5.801038732442575 0.34765625 1.1147461 [358.2434084721313,-5.801038732442575] -18.213650364047655 0.6538750475729527 0.0009046047182318124 2.1981752637355995e-05 [-3144.1796875,2029.253173828] -2.0918977071218703 -4.691689265035431 4.15791917274929 4.385939198736384 44.55348686541481 63.55099616869211
0.6817857292300387 -5.9376535420925265 0.3203125 0.717041 [0.6817857292300387,-5.9376535420925265] 8.642817784845757 2.3629711213432114 0.00023912235818538536 2.099845307911636e-05 [1221.6015625,2271.767578125] 0.47828026305998467 1.6091442378054635 3.968557964815322 3.6456873804203207 28.82243893119005 5.0171822695529045
358.32601921244435 -5.224254684654122 0.28710938 0.50927734 [358.32601921244435,-5.224254684654122] -4.409105153062607 0.7411549191723054 0.0007598637099268125 2.0929237307391927e-05 [-2999.221679688,990.7993164062] -2.741447016797112 -3.6169246726462316 3.8656433841980684 4.1657107964658096 49.96955364336168 53.35150074010335
358.32925424162227 -5.226194411034131 0.28710938 0.50927734 [358.32925424162227,-5.226194411034131] -1.0404717162312296 0.35451309941463677 0.001587185785985835 2.0910708883266287e-05 [-2993.416015625,994.2768554688] -2.741447016797112 -3.6169246726462316 3.8656433841980684 4.1657107964658096 49.92979019476604 53.30267832165373
358.747650022848 -4.613245460531984 0.29882812 0.6088867 [358.747650022848,-4.613245460531984] 7.264127975361729 0.4742987475510296 0.001142694275640543 2.0141450009798287e-05 [-2245.748046875,-110.5737304688] -4.119546198418105 -2.127600499127485 3.86147282783239 4.105402332031344 53.78973817894553 35.06726020206224
358.7521665598504 -4.622548463226312 0.29296875 0.5588379 [358.7521665598504,-4.622548463226312] 1.8640404182162658 1.63589417686472 0.00033153435274487647 2.015544751051223e-05 [-2237.6171875,-93.8427734375] -3.9247704215339634 -2.0854465710938888 3.8693167010735676 4.135595463130375 53.66595971164361 35.08477678630561
358.749725232476 -4.61425771743461 0.29882812 0.6088867 [358.749725232476,-4.61425771743461] 6.121215387420043 1.0888425037284934 0.0004972272627879361 2.0120033593611597e-05 [-2242.022460938,-108.7583007812] -4.119546198418105 -2.127600499127485 3.86147282783239 4.105402332031344 53.766970437849295 35.03182533102563
0.12657561408582285 -6.187204377787662 0.28515625 0.39367676 [0.12657561408582285,-6.187204377787662] 5.248300711332045 2.735762339470994 0.0002014547138248481 2.048162940720311e-05 [227.5087890625,2720.255615234] -1.1199484176312202 -0.3680441280515221 4.033349718329519 3.8469965200016034 29.28329943089898 22.738349905127507
359.81613155809146 -5.1104964302336855 0.28125 0.4312744 [359.81613155809146,-5.1104964302336855] -1.0723463435156164 0.6064205603487973 0.0008827682868050311 1.989433118317777e-05 [-328.6469726562,782.51171875] -1.280017842952707 0.3923721491071115 4.297407954016369 3.906175727296399 42.415891494091284 15.886400332873563
359.8090515882808 -5.12209699726847 0.28125 0.4312744 [359.8090515882808,-5.12209699726847] 0.7363647860525766 0.5816480271674066 0.0009157964919252041 1.9795566656576926e-05 [-341.333984375,803.3955078125] -1.280017842952707 0.3923721491071115 4.297407954016369 3.906175727296399 42.332862606836215 16.214602313508294
359.81185919346893 -5.1169413470402585 0.28125 0.4312744 [359.81185919346893,-5.1169413470402585] -4.376663274982004 1.53833929963867 0.0003471008729759766 1.9843420890823668e-05 [-336.3032226562,794.1142578125] -1.280017842952707 0.3923721491071115 4.297407954016369 3.906175727296399 42.37166203810477 16.077090023728942
359.86184688242406 -7.1434784256984205 0.2890625 0.49816895 [359.86184688242406,-7.1434784256984205] 69.00190101799686 2.058567883739361 0.00037938410194716753 2.9023716547745648e-05 [-245.7451171875,4440.495727539] 0.9479017084412954 -1.3161713942760969 3.897511398507453 3.9609920663548595 20.830393614212426 43.47020851623438
359.86087042076235 -7.14139127275192 0.2890625 0.49816895 [359.86087042076235,-7.14139127275192] 12.561334343189799 3.2296551698254508 0.00024135302249590217 2.8967939199887234e-05 [-247.490234375,4436.742675781] 0.9479017084412954 -1.3161713942760969 3.897511398507453 3.9609920663548595 20.857890718654858 43.46387011422485
359.6039429308931 -6.542837657811278 0.29101562 0.49645996 [359.6039429308931,-6.542837657811278] 0.07507100766070963 0.6859153048208867 0.0008511381316469496 2.1695978620084618e-05 [-707.25390625,3360.295654297] -0.5438301022225269 -2.294827347934802 3.8945376177429645 4.0301139932758225 28.60808935874263 41.11973912559188
358.10797092624347 -4.882492911017557 0.27539062 0.3843994 [358.10797092624347,-4.882492911017557] -3.4414528287053536 2.3492639858263464 0.0002404727670829589 2.0994542971100213e-05 [-3391.677734375,376.6362304688] -4.008655933977802 -2.5429594198367327 3.6722220623013317 3.8169602671014973 54.826702528452074 53.67923203647479
359.8567505751028 -4.48094997536996 0.27539062 0.40222168 [359.8567505751028,-4.48094997536996] -0.41565064798180557 2.878941477364946 0.0001884536707804281 2.0162581742682043e-05 [-256.060546875,-350.6806640625] -1.5453543112171635 0.7824442995877443 3.9312371349233604 3.497378172426776 48.87831450606768 6.745874022325552
358.71487426569774 -4.093743413944316 0.28125 0.44677734 [358.71487426569774,-4.093743413944316] -18.227897252939222 2.082667471296837 0.00026453659902770846 2.047455176870195e-05 [-2306.130859375,-1045.551757812] -6.511258260989582 -3.8443962431389016 3.9090236349405343 3.9677078468471674 59.42415754089734 29.01718858512504
0.07786005713726235 -6.544286296334231 0.27734375 0.33044434 [0.07786005713726235,-6.544286296334231] -10.635134617319967 2.14252858374502 0.00026873174619182315 2.139706972680637e-05 [140.2348632812,3362.709960938] -0.9937158694554842 -2.0689621898704122 3.775194659377191 3.967927606120503 25.809942265918835 29.0598746011774
358.184784018551 -5.494022326091455 0.296875 0.5966797 [358.184784018551,-5.494022326091455] -11.450686308705555 0.15470639283451335 0.0037251322300866758 2.1417000987930785e-05 [-3250.834960938,1476.97265625] -2.172231425450154 -4.422210618997665 4.026070473127777 4.1375663654665 48.06349704177774 60.49626429685304
358.18389866182184 -5.495019504173699 0.296875 0.5966797 [358.18389866182184,-5.495019504173699] -11.441413203885137 0.1632292688898142 0.003526180278275443 2.139002295757902e-05 [-3252.415039062,1478.771484375] -2.172231425450154 -4.422210618997665 4.026070473127777 4.1375663654665 48.05875528170964 60.531358715676106
358.1860352182775 -5.489282475637993 0.296875 0.5966797 [358.1860352182775,-5.489282475637993] -24.06105130325754 1.936237590729675 0.00029700882630697757 2.1371583711355505e-05 [-3248.620117188,1468.436035156] -2.172231425450154 -4.422210618997665 4.026070473127777 4.1375663654665 48.10436772472519 60.398956167905
357.30468742109343 -2.8037991789391667 0.25976562 0.22253418 [357.30468742109343,-2.8037991789391667] -7.194137757103626 2.9475418082121956 0.0002819508329787562 3.088460555101644e-05 [-4842.967773438,-3359.688476562] -8.192089483719608 -6.424136808868575 3.738022738855329 3.530563970523513 81.21149897420821 44.318469738305794
358.7364501853446 -4.866247088096655 0.296875 0.5925293 [358.7364501853446,-4.866247088096655] 3.023704783297444 2.0133278630833416 0.0002684567770194263 2.0086190579756048e-05 [-2265.0078125,344.8637695312] -3.696863654021548 -3.4948498074408043 3.92236601480902 4.42119257820881 51.21432276973076 38.731001766333975
358.73843407798955 -4.86693098250744 0.296875 0.5925293 [358.73843407798955,-4.86693098250744] 1.113054707988536 1.212550240420587 0.00044563788816393354 2.0081241206188242e-05 [-2261.448242188,346.0883789062] -3.696863654021548 -3.4948498074408043 3.92236601480902 4.42119257820881 51.19544928427115 38.69327693088644
0.836545021821997 -7.0989132208298145 0.30078125 0.56933594 [0.836545021821997,-7.0989132208298145] -14.347445654744401 0.24620986921054472 0.003195055334411871 2.9234289584092432e-05 [1495.185058594,4361.216430664] 1.7986340550892463 0.12570947682440048 3.7764351126736635 3.9769659643544757 15.633393764296557 17.164165695138763
0.8341568336875484 -7.095836641589713 0.30078125 0.56933594 [0.8341568336875484,-7.095836641589713] -15.200356060757436 1.0160884750310817 0.0007785521089010678 2.9398685616736245e-05 [1490.9296875,4355.678466797] 1.7986340550892463 0.12570947682440048 3.7764351126736635 3.9769659643544757 15.679376980017992 17.183497120027823
359.3404847082708 -5.766683660081546 0.29296875 0.5151367 [359.3404847082708,-5.766683660081546] 12.989439363754261 2.087720219642741 0.00025968480031470143 2.0147795360526245e-05 [-1180.09375,1964.048828125] -1.5286048765572573 -3.284225866895205 4.403537100195961 4.136348389453439 38.254030846421074 36.56050977664654
357.28552229585813 -4.262001567756315 0.30273438 0.64282227 [357.28552229585813,-4.262001567756315] 20.384803331655835 2.0555360942861647 0.0003758215900759089 2.8708832805269845e-05 [-4869.725585938,-735.3999023438] -5.73294983224926 -4.799416447118783 4.023504086012753 3.969555636206236 66.28293967207298 63.84115780458342
0.845940439470536 -6.082719829000709 0.3046875 0.5703125 [0.845940439470536,-6.082719829000709] -15.795275554085006 0.7233065077361177 0.0007919630245308152 2.1288054886340387e-05 [1515.064941406,2533.135253906] 0.04404547965067959 1.192857000939516 3.9514843193066636 3.7358917718224625 26.37813695189061 2.6976579848960682
0.843625972110219 -6.081486193177673 0.3046875 0.5703125 [0.843625972110219,-6.081486193177673] -18.016741689463245 1.661101825587029 0.00034278466212747487 2.1160520196547046e-05 [1510.926269531,2530.910400391] 0.04404547965067959 1.192857000939516 3.9514843193066636 3.7358917718224625 26.403913220318714 2.7415500579236323
357.3451844689291 -3.9661904729042856 0.26367188 0.246521 [357.3451844689291,-3.9661904729042856] -6.341069766061699 0.5432834481155001 0.0013372162542580595 2.6998325184332357e-05 [-4764.517578125,-1268.239257812] -5.606287119875119 -3.728161955927381 3.9740601275773737 4.010246067537601 68.94789270971023 58.51188040851639
358.189270111452 -2.6582431688037915 0.27539062 0.36828613 [358.189270111452,-2.6582431688037915] -28.151264945199443 1.5711789921254375 0.0004134558661085587 2.414145964104326e-05 [-3254.264648438,-3626.634765625] -8.829400110267787 -9.245151243637189 3.6218411938184363 3.817808112928911 77.55712332304847 23.047190849346407
357.17242447321894 -4.263528930594209 0.2734375 0.34973145 [357.17242447321894,-4.263528930594209] -11.794826052435674 1.2254047616585981 0.0006850432842663417 3.119652927312563e-05 [-5072.491210938,-731.8505859375] -5.613127430915469 -4.569869043377306 4.066880084448277 3.883431736178897 66.97485423253511 66.37737614031721
358.4431153794072 -2.736350665778536 0.28710938 0.48657227 [358.4431153794072,-2.736350665778536] -35.08969433236478 0.915922155749439 0.000687653042233675 2.340650853549764e-05 [-2797.852539062,-3487.21875] -8.775927554849796 -9.807054579348165 3.6828193782086007 4.119452571468172 75.2890601528743 18.30606939754034
358.95910664515264 -2.808979031770087 0.2578125 0.2062378 [358.95910664515264,-2.808979031770087] -10.395453093004743 0.3886788874178843 0.0015634002601910876 2.2582386387667984e-05 [-1870.25390625,-3358.274414062] -8.57252152334249 -8.857906613264639 3.9989195428461843 4.1516887851796795 71.63787786768432 7.466460579193608
358.12713633940706 -4.776508383899416 0.28320312 0.44604492 [358.12713633940706,-4.776508383899416] -6.814649818214319 0.40627236874929845 0.001396081674216615 2.1078359909337576e-05 [-3357.848632812,185.7734375] -4.4617288629476874 -2.6567281767130533 3.6314112508010363 3.821870768747523 55.803742087944556 51.77422847519392
359.7869871892203 -5.233580977536394 0.26757812 0.29296875 [359.7869871892203,-5.233580977536394] -6.933172756438377 2.948464311872654 0.00017892342964342166 1.9605223284334733e-05 [-380.8237304688,1004.0703125] -1.7680317893049624 -0.11275145648602125 4.331662237273383 3.8947861702556037 41.27772034501038 18.24053014723313
358.52276591442455 -7.1857471734905936 0.30078125 0.6503906 [358.52276591442455,-7.1857471734905936] 6.005751374486987 0.9126742009714385 0.0009612907624997475 3.260462776812655e-05 [-2636.844726562,4519.255981445] 0.8675643014030586 0.6788952358473264 3.3497256616144164 4.3210447243124115 28.701011850650843 77.83938251033533
357.058471488336 -3.657609613875777 0.29492188 0.57592773 [357.058471488336,-3.657609613875777] -15.907216647025683 0.291584470868634 0.002891066778235351 3.132789518279093e-05 [-5280.645507812,-1821.567871094] -6.423314060762557 -4.122032644794066 4.036365413694392 3.6669848472509816 73.89205095890088 60.7186908417807
357.05691504642954 -3.6530046404764325 0.29492188 0.57592773 [357.05691504642954,-3.6530046404764325] -15.466205837511328 1.680420629432584 0.0005013898644974725 3.131138355122099e-05 [-5283.46484375,-1829.84375] -6.423314060762557 -4.122032644794066 4.036365413694392 3.6669848472509816 73.94897782036173 60.69163492917778
357.7042233719657 -4.4496970237404545 0.27929688 0.41625977 [357.7042233719657,-4.4496970237404545] -14.518504502718109 0.19482637399919853 0.0031968501852707946 2.3146148505371566e-05 [-4117.83984375,-400.2333984375] -4.337192845515947 -3.4463274016901018 4.147984382741698 3.8824264729187785 61.76155461132862 56.9904040397887
357.7063904010123 -4.449341387156474 0.27929688 0.41625977 [357.7063904010123,-4.449341387156474] -14.357052789511163 0.482294424679654 0.001294535043406285 2.320249864975515e-05 [-4113.956054688,-400.8862304688] -4.337192845515947 -3.4463274016901018 4.147984382741698 3.8824264729187785 61.75188086089531 56.936402294362324
358.6334532486595 -5.960067240988583 0.30859375 0.7133789 [358.6334532486595,-5.960067240988583] -3.0613698630136987 1.663607565556663 0.0003436190907380533 2.124402844204629e-05 [-2445.255859375,2313.888671875] -1.8215207656135546 -4.362488674628971 4.184994409564697 4.386212439517874 40.50673755304672 56.55169138816382
357.94876114501983 -4.198858281936004 0.27929688 0.41345215 [357.94876114501983,-4.198858281936004] -22.83227436779455 1.0754972018908466 0.0005457891640375806 2.181438114970867e-05 [-3680.533203125,-853.0893554688] -6.811061304835537 -4.233260068887787 3.785730591848527 3.8942583175905394 62.86085660358901 48.04871914776686
357.9439695673912 -4.205353628621032 0.27929688 0.41345215 [357.9439695673912,-4.205353628621032] -10.15541556303243 0.17927518383566546 0.003305895155178341 2.2025103387545544e-05 [-3689.098632812,-841.373046875] -6.811061304835537 -4.233260068887787 3.785730591848527 3.8942583175905394 62.822513255363106 48.244505827108696
