data_processed/hvc_rms/hvc_rms_index_10_with_B.ecsv
# %ECSV 1.0
# ---
# datatype:
# - {name: ra_dec_obj.ra, unit: deg, datatype: float64}
# - {name: ra_dec_obj.dec, unit: deg, datatype: float64}
# - {name: 'H-alpha flux [Error]', unit: R, datatype: float32}
# - {name: H-alpha flux, unit: R, datatype: float32}
# - {name: ra_dec_deg, datatype: string, subtype: 'float64[2]'}
# - {name: RM, unit: rad / m2, datatype: float64}
# - {name: RM_uncert, unit: rad / m2, datatype: float64}
# - {name: pol_int, datatype: float64}
# - {name: pol_int_uncert, datatype: float64}
# - {name: ra_dec_pix_offsets, datatype: string, subtype: 'float64[2]'}
# - {name: interpolation_raw, unit: rad / m2, datatype: float64}
# - {name: interpolation_cor, unit: rad / m2, datatype: float64}
# - {name: interpolation_unc, unit: rad / m2, datatype: float64}
# - {name: pixel location x, datatype: float64}
# - {name: pixel location y, datatype: float64}
# - {name: 'B_virtual [raw]', unit: G, datatype: float64}
# - {name: 'B_virtual_unc [raw]', unit: G, datatype: float64}
# - {name: 'B_virtual [int]', unit: G, datatype: float64}
# - {name: 'B_virtual_unc [int]', unit: G, datatype: float64}
# - {name: 'B_virtual [cor]', unit: G, datatype: float64}
# - {name: 'B_virtual_unc [cor]', unit: G, datatype: float64}
# meta: !!omap
# - __serialized_columns__:
#     ra_dec_obj:
#       __class__: astropy.coordinates.sky_coordinate.SkyCoord
#       dec: !astropy.table.SerializedColumn
#         __class__: astropy.coordinates.angles.Latitude
#         unit: &id001 !astropy.units.Unit {unit: deg}
#         value: !astropy.table.SerializedColumn {name: ra_dec_obj.dec}
#       frame: icrs
#       ra: !astropy.table.SerializedColumn
#         __class__: astropy.coordinates.angles.Longitude
#         unit: *id001
#         value: !astropy.table.SerializedColumn {name: ra_dec_obj.ra}
#         wrap_angle: !astropy.coordinates.Angle
#           unit: *id001
#           value: 360.0
#       representation_type: spherical
# schema: astropy-2.0
ra_dec_obj.ra ra_dec_obj.dec "H-alpha flux [Error]" "H-alpha flux" ra_dec_deg RM RM_uncert pol_int pol_int_uncert ra_dec_pix_offsets interpolation_raw interpolation_cor interpolation_unc "pixel location x" "pixel location y" "B_virtual [raw]" "B_virtual_unc [raw]" "B_virtual [int]" "B_virtual_unc [int]" "B_virtual [cor]" "B_virtual_unc [cor]"
[from data line 441]
72.1520998465152 -58.37000262055225 1.2890625 0.92529297 [72.1520998465152,-58.37000262055225] 44.049685365641345 2.2693031548302 0.00020365417634046838 1.717491279649488e-05 [144.5786132812,-3511.235351562] 31.06056889546384 33.13333292971044 7.080368224003318 32.412173930882204 32.00788561257605 1.2096279520087134e-05 8.732948343403562e-06 3.56688094904732e-06 3.7603004785267563e-06 2.997688844057008e-06 3.5066518965454187e-06
77.42044821196149 -60.15457530547661 1.2109375 0.1000061 [77.42044821196149,-60.15457530547661] 67.42801205699637 1.3449511163879324 0.00045260737595418754 2.262230378862581e-05 [4849.350097656,-100.4467773438] 35.00200766370605 37.60043327967971 8.705086654287403 67.71903540812718 11.928742455676229 5.632169764332506e-05 0.0003410791110263129 2.708499864531496e-05 0.00016426836160297287 2.4914569213585123e-05 0.00015114983459760806
70.31345400235655 -59.93602365078585 1.28125 0.8508301 [70.31345400235655,-59.93602365078585] 53.09091659921703 0.7528374816033729 0.0005743302416522144 1.6068362517683105e-05 [-1519.606445312,-673.7915039062] 33.01012372601535 34.47008680735732 6.848156916560437 25.406764514630595 5.228365525004847 1.5203635195311647e-05 1.1703893552371966e-05 5.750532649143882e-06 5.18901951310892e-06 5.332443312790745e-06 4.925592991985806e-06
69.87803656532473 -58.68561555423776 1.296875 0.98339844 [69.87803656532473,-58.68561555423776] 40.75515120353443 0.8709617792432875 0.0005297959406605255 1.7148116551866678e-05 [-1983.686523438,-2911.642578125] 29.467067750139496 33.36304595283368 6.704359036421956 19.27971235838686 23.34877159369057 1.0855913794338627e-05 7.464930686055574e-06 3.006796865048273e-06 3.274716858480122e-06 1.9690285765232512e-06 2.904618322790189e-06
69.87524393967055 -58.67926796449351 1.2890625 0.8852539 [69.87524393967055,-58.67926796449351] 41.57665597433457 0.7585024424321313 0.0006094058250920746 1.7177987719158455e-05 [-1986.659179688,-2922.973632812] 29.592065141833178 33.42031581219663 6.75655654341131 19.245200602753812 23.440143472106 1.16725102574056e-05 8.788341327869682e-06 3.3646347005284995e-06 3.687598427713171e-06 2.2898658387585284e-06 3.213663118745365e-06
68.20410966174451 -59.423587888201226 1.2734375 0.73535156 [68.20410966174451,-59.423587888201226] 4.10983157593897 1.191085472821874 0.0003949912384008164 1.748393137694646e-05 [-3472.114257812,-1515.567871094] 31.286875150974414 33.609223130406804 6.838396362912483 11.485190413503574 8.745240177592905 1.2659750567352479e-06 2.449203585619264e-06 -8.371501032604047e-06 7.895033471101248e-06 -9.086867236959806e-06 8.473263591812399e-06
68.20425441430383 -59.42243204427607 1.28125 0.8029785 [68.20425441430383,-59.42243204427607] 7.605341441583741 1.0772489422419271 0.0004371672147716911 1.7501382806408e-05 [-3472.100585938,-1517.65234375] 31.25798470486106 33.64919769794971 6.792302752828315 11.482322779062542 8.763135772608848 2.2418956170048617e-06 2.756539802541676e-06 -6.972304619038729e-06 6.301084582691584e-06 -7.677184205275187e-06 6.808811224592631e-06
71.61359404774376 -58.90773760530601 1.3046875 1.0449219 [71.61359404774376,-58.90773760530601] 34.09876263634362 0.5594591117239283 0.0007761184074311666 1.613634008853576e-05 [-358.181640625,-2542.846679688] 31.321700829143182 31.997712171514834 6.962171151018261 30.390775047969555 23.028014430775784 8.81140865593031e-06 5.846559694535976e-06 7.176162580145548e-07 2.595083121168837e-06 5.429292097715819e-07 2.578148482949385e-06
71.59674852241244 -58.911358020870345 1.3046875 1.0449219 [71.59674852241244,-58.911358020870345] 35.13891535808026 1.423194516842116 0.00030567656432428186 1.6167211077307105e-05 [-373.80078125,-2536.23828125] 31.321700829143182 31.997712171514834 6.962171151018261 30.297560838295567 22.945704115604258 9.080192916331335e-06 6.017463031284986e-06 9.86400518415579e-07 2.651608530783604e-06 8.11713470172606e-07 2.6279384417550264e-06
68.61814876218757 -59.459678781393755 1.296875 0.9436035 [68.61814876218757,-59.459678781393755] 40.39980998335075 0.3291535741413569 0.0014123209482207807 1.7275899910810167e-05 [-3090.44921875,-1471.314453125] 31.808676311412565 34.11464442424893 6.842813551545555 14.035697525669093 9.076004122905715 1.0985837772377275e-05 7.848703476028887e-06 2.3361694235595727e-06 3.116924543221226e-06 1.709112226846635e-06 2.9149258388405664e-06
68.61280104903437 -59.45723721081385 1.296875 0.9436035 [68.61280104903437,-59.45723721081385] 42.216715855112525 0.5240404583852692 0.0008945083633958912 1.7420392121684064e-05 [-3095.555664062,-1475.452148438] 31.808676311412565 34.11464442424893 6.842813551545555 13.996553153149307 9.101895630398076 1.1479905273266028e-05 8.182050622254981e-06 2.8302369244483254e-06 3.3096210964185257e-06 2.2031797277353874e-06 3.0720583850386797e-06
69.15987445808288 -58.6721380430795 1.2890625 0.9165039 [69.15987445808288,-58.6721380430795] 5.915678500987194 2.7947053122322254 0.00017112268659227577 1.7772655124826507e-05 [-2655.934570312,-2910.6015625] 29.62105028912558 33.449016332422175 7.4304535219898264 14.888511066336719 22.17052654361987 1.6322475952375715e-06 2.3799682588013304e-06 -6.540760470492853e-06 5.480234000013747e-06 -7.596968708952611e-06 6.1268983556205395e-06
74.27095019594111 -58.06179786850433 1.2109375 0.1000061 [74.27095019594111,-58.06179786850433] 30.518778889099405 1.8481965286672186 0.00028954855555370285 1.9887411320964984e-05 [2162.850097656,-4028.56640625] 34.51388361502834 32.59651170925236 7.880001903283096 44.97542415819555 39.563942136473315 2.549191922761125e-05 0.00015447165536705418 -3.3370564185844378e-06 2.2094566398787737e-05 -1.7355018502006349e-06 1.3795706385084223e-05
74.26153576489452 -58.05831516834147 1.2109375 0.1000061 [74.26153576489452,-58.05831516834147] 26.515817375123994 1.8316498694126238 0.00029299184681378407 1.9943744315752006e-05 [2154.102539062,-4035.134765625] 34.51388361502834 32.59651170925236 7.880001903283096 44.90999806963248 39.604692094932034 2.214830014126749e-05 0.0001342437875862542 -6.680675504928192e-06 4.142665408255605e-05 -5.079120936544389e-06 3.20259406025976e-05
74.26456452755447 -58.06208039949699 1.2109375 0.1000061 [74.26456452755447,-58.06208039949699] 34.97483323360103 1.7215411839293595 0.00030932340689387517 1.9789686059915797e-05 [2156.757324219,-4028.267578125] 34.51388361502834 32.59651170925236 7.880001903283096 44.9358746867299 39.55190789441758 2.9214000567649872e-05 0.00017699283991904393 3.8502492145418886e-07 9.220292329449525e-06 1.986579489837992e-06 1.4975602296239226e-05
77.15784458403095 -60.49915705619153 1.2109375 0.1000061 [77.15784458403095,-60.49915705619153] -24.132058506957073 1.3147588949185562 0.0004370592955715062 2.135478396656332e-05 [4566.666015625,499.0634765625] 36.961508111718864 40.30557085527753 8.23461341302078 66.72437856308716 6.6129822654281725 -2.0157178912392978e-05 0.00012219636203982846 -5.1030621874790606e-05 0.0003091235466337766 -5.3823871816429314e-05 0.0003260296974263936
68.54489913985037 -59.57909009257015 1.3125 1.0957031 [68.54489913985037,-59.57909009257015] 44.65716222549545 0.5633335469134658 0.0008183495759693039 1.7132201726257095e-05 [-3146.165039062,-1253.216796875] 32.230982377053714 34.226322695283756 6.989442161466647 13.982786455232826 7.108581207996167 1.126920569562805e-05 7.051563900375432e-06 3.13573836187493e-06 3.1397973633090407e-06 2.6322155369051707e-06 2.9652959514531445e-06
68.55294773681214 -59.58989712037568 1.3125 1.0957031 [68.55294773681214,-59.58989712037568] 43.2680780016534 1.366672829769823 0.00033520789622711554 1.7025015032784625e-05 [-3137.833984375,-1234.17578125] 32.230982377053714 34.226322695283756 6.989442161466647 14.064265398722682 6.961507286982396 1.0918671199773076e-05 6.853489543582797e-06 2.785203866019955e-06 3.032446581632461e-06 2.2816810410501963e-06 2.8739994916822112e-06
68.55126195586706 -59.58370592772512 1.3125 1.0957031 [68.55126195586706,-59.58370592772512] 45.479515657260066 1.1250110372758733 0.00040818330238165797 1.706556696881525e-05 [-3139.9453125,-1245.223632812] 32.230982377053714 34.226322695283756 6.989442161466647 14.034726455575083 7.051932374258286 1.1476726046568986e-05 7.1774933471180036e-06 3.3432587128158655e-06 3.2267492735404196e-06 2.8397358878461067e-06 3.0446518682946423e-06
72.99190523868575 -58.19219975185452 1.265625 0.6201172 [72.99190523868575,-58.19219975185452] 38.82350349373567 0.12694959664354086 0.003985963960606261 1.8805002529233605e-05 [942.001953125,-3824.166015625] 31.977824759837887 32.542264094851376 7.015369119375177 37.23428722730773 35.92492666165276 1.3022863068762976e-05 1.354618110588425e-05 2.2962980859952096e-06 4.072672351513287e-06 2.1069639067218127e-06 3.963803040260628e-06
77.25585169785319 -60.25128934756421 1.2578125 0.5541992 [77.25585169785319,-60.25128934756421] 66.95687242898596 1.8095970512485768 0.0003240452585337672 2.1791958052203788e-05 [4688.70703125,61.16845703125] 35.198632580990555 38.18238036382359 8.51356627833527 66.89806888549629 10.349769356401794 2.3758052574712862e-05 2.7166739402328018e-05 1.1268655548229923e-05 1.3426112394168613e-05 1.0209943662166046e-05 1.2279770006490824e-05
77.23054500324884 -60.25758741879321 1.25 0.5065918 [77.23054500324884,-60.25758741879321] 68.1256663811393 1.3088351409979118 0.0004423561993872285 2.1516209689082587e-05 [4665.301513672,70.6748046875] 35.21994271558715 38.395441598827105 8.446644406429549 66.7588061682178 10.232481685549146 2.5283099923910904e-05 3.1386999024183956e-05 1.2212118335110829e-05 1.5653099111062233e-05 1.1033613083888059e-05 1.4251291146001132e-05
76.84577943365612 -59.30336772006003 1.2578125 0.55444336 [76.84577943365612,-59.30336772006003] 62.85722572224215 0.4403809322463914 0.0012586386734577465 2.0598627384868725e-05 [4448.413818359,-1668.430664062] 36.23666641541887 36.09180098423241 8.855668405419697 62.96037932077979 23.906858183820532 2.229847949588729e-05 2.5494409469147005e-05 9.443592030219124e-06 1.146852035566452e-05 9.494982762308514e-06 1.1523328004806934e-05
76.84375751401396 -59.30130383606185 1.2578125 0.55444336 [76.84375751401396,-59.30130383606185] 62.76354957282078 0.5709882928575565 0.0009759020252199298 2.0708189297465038e-05 [4446.832275391,-1672.271484375] 36.23666641541887 36.09180098423241 8.855668405419697 62.944934704209345 23.93536027570849 2.2265248062696833e-05 2.5457103799522207e-05 9.410360597028669e-06 1.143382570743498e-05 9.46175132911806e-06 1.1488606407218764e-05
73.29686744789377 -60.41914354227338 1.3125 1.1630859 [73.29686744789377,-60.41914354227338] 60.68080765580203 1.8214454143961063 0.00023465541750397915 1.5883838003554414e-05 [1153.262207031,187.7036132812] 37.52023574944039 33.96186988656328 8.31546012074077 44.047738833669655 2.995344500644478 1.4862575861491758e-05 8.674778543444821e-06 5.672728664166376e-06 4.218070721753657e-06 6.54428071864693e-06 4.611741657401401e-06
71.4266204002045 -59.247051108923074 1.328125 1.2861328 [71.4266204002045,-59.247051108923074] -67.40352129456954 1.4127853150183025 0.0003069028031093049 1.611334590946536e-05 [-526.7338867188,-1930.985351562] 32.34686269412175 32.96481759827638 7.484611675038895 30.115936638361518 17.595748041546813 -1.5699589991737225e-05 8.394746781409651e-06 -2.323380292398719e-05 1.241317208817762e-05 -2.337773663015386e-05 1.2487182976143285e-05
75.92079920146443 -58.21823490846382 1.2421875 0.40698242 [75.92079920146443,-58.21823490846382] 34.67176239200318 2.9046319076545157 0.00017910042353104004 1.933287397125213e-05 [3715.148681641,-3673.958007812] 35.469973702745506 33.354178996128 8.767354579925106 55.585469053537054 39.06830537465453 1.4356108303163678e-05 2.217005443606772e-05 -3.305054959787692e-07 4.8250141815909944e-06 5.455554787142003e-07 4.870426849944324e-06
74.09805322148989 -60.23274601804663 1.28125 0.7844238 [74.09805322148989,-60.23274601804663] 62.6273769090002 1.8733651719185442 0.0002299509584860946 1.600907979228741e-05 [1875.527832031,-129.3203125] 37.455494201469385 33.49351005893371 8.293147297267815 48.293146109551344 6.915650812519971 1.8678305202186708e-05 1.5498015407267035e-05 7.50738943462501e-06 6.988270651839327e-06 8.689031596135855e-06 7.858477344461686e-06
70.79637112047686 -60.028232583938944 1.2890625 0.8869629 [70.79637112047686,-60.028232583938944] 60.13632607532229 2.7293662204544007 0.0001584665623458202 1.6073414788830284e-05 [-1081.26171875,-517.3872070312] 32.85745205434006 33.36172917316694 7.288869448759222 28.485573251897222 4.728476118754543 1.6866804120633748e-05 1.2528775549306922e-05 7.651073066336903e-06 6.325019187421954e-06 7.509635370673267e-06 6.233474019894638e-06
75.42840588259418 -59.980483957350756 1.234375 0.32958984 [75.42840588259418,-59.980483957350756] 68.92172990278607 0.08933157171419882 0.0050449003415281935 1.6748127936451705e-05 [3086.543457031,-532.9814453125] 36.16858551405332 34.600590657748796 8.74582366142838 55.61520155638266 12.364581809714764 3.171158091683445e-05 5.9538609650221404e-05 1.507005105688844e-05 2.8718977114458977e-05 1.5791501256020356e-05 3.0050536866800357e-05
69.68441815696227 -59.00760657447067 1.2265625 0.29174805 [69.68441815696227,-59.00760657447067] 48.420905141239075 0.2853408268312092 0.0015987785790844598 1.6953561238708846e-05 [-2144.64453125,-2326.510742188] 30.85114845076542 33.25255526442804 6.045313053300258 19.01683725600583 18.08492831265312 2.367977432276651e-05 4.994032934573621e-05 8.592319208465062e-06 1.8636172569389774e-05 7.417934482718701e-06 1.6250281531807024e-05
69.6790316093482 -59.01245473525639 1.2265625 0.29174805 [69.6790316093482,-59.01245473525639] 45.520914958024434 0.16322475636257872 0.0027755144743520682 1.6835973314921492e-05 [-2149.330078125,-2317.616210938] 30.85114845076542 33.25255526442804 6.045313053300258 18.998374898643533 18.0009215560533 2.2261562232834402e-05 4.6963722860582404e-05 7.174107118532954e-06 1.57577898538665e-05 5.999722392786592e-06 1.3409655940398097e-05
74.9603957114321 -59.57907484608022 1.234375 0.3499756 [74.9603957114321,-59.57907484608022] 57.88799588985634 2.2150098916443444 0.0002011409056319968 1.6557119159862903e-05 [2697.986328125,-1275.164550781] 35.33110209843153 32.86883609343961 7.9628320420228995 52.05530108459993 17.754096181088016 2.5847483924399733e-05 4.575935324809118e-05 1.0071845478423454e-05 1.8430789401097192e-05 1.1171268251716882e-05 2.0310525761655045e-05
71.29505135530124 -57.77812948168713 1.265625 0.63061523 [71.29505135530124,-57.77812948168713] 21.42012105585278 0.8621279738826282 0.0007523575409195851 2.4104865831899156e-05 [-675.5634765625,-4572.33203125] 30.848201875918686 32.464198467297486 7.7878238783718 25.708007479297976 39.637310675441995 7.125056721093248e-06 7.5522107477176855e-06 -3.1360985513975916e-06 4.711469931686438e-06 -3.6736336729146203e-06 5.090542398224365e-06
72.51334365070744 -58.51664736283279 1.3203125 1.1850586 [72.51334365070744,-58.51664736283279] 34.395484374644845 2.0003369790176366 0.0002250998320667011 1.6733509620342214e-05 [483.5629882812,-3245.704101562] 29.716957320654878 31.903757630224096 7.110284535587034 34.97092384456755 30.33926218021452 8.3460340455745e-06 5.029990185554424e-06 1.1352404766401788e-06 2.5510182349166244e-06 6.046153039942126e-07 2.492733924857628e-06
