data_processed/hvc_rms/hvc_rms_index_5_with_B.ecsv
# %ECSV 1.0
# ---
# datatype:
# - {name: ra_dec_obj.ra, unit: deg, datatype: float64}
# - {name: ra_dec_obj.dec, unit: deg, datatype: float64}
# - {name: 'H-alpha flux [Error]', unit: R, datatype: float32}
# - {name: H-alpha flux, unit: R, datatype: float32}
# - {name: ra_dec_deg, datatype: string, subtype: 'float64[2]'}
# - {name: RM, unit: rad / m2, datatype: float64}
# - {name: RM_uncert, unit: rad / m2, datatype: float64}
# - {name: pol_int, datatype: float64}
# - {name: pol_int_uncert, datatype: float64}
# - {name: ra_dec_pix_offsets, datatype: string, subtype: 'float64[2]'}
# - {name: interpolation_raw, unit: rad / m2, datatype: float64}
# - {name: interpolation_cor, unit: rad / m2, datatype: float64}
# - {name: interpolation_unc, unit: rad / m2, datatype: float64}
# - {name: interpolation_cor_unc, unit: rad / m2, datatype: float64}
# - {name: HI, unit: dex(1 / cm2), datatype: float64}
# - {name: 'HI [Error]', unit: dex(1 / cm2), datatype: float64}
# - {name: pixel location x, datatype: float64}
# - {name: pixel location y, datatype: float64}
# - {name: 'B_virtual [raw]', unit: G, datatype: float64}
# - {name: 'B_virtual_unc [raw]', unit: G, datatype: float64}
# - {name: 'B_virtual [int]', unit: G, datatype: float64}
# - {name: 'B_virtual_unc [int]', unit: G, datatype: float64}
# meta: !!omap
# - __serialized_columns__:
#     ra_dec_obj:
#       __class__: astropy.coordinates.sky_coordinate.SkyCoord
#       dec: !astropy.table.SerializedColumn
#         __class__: astropy.coordinates.angles.Latitude
#         unit: &id001 !astropy.units.Unit {unit: deg}
#         value: !astropy.table.SerializedColumn {name: ra_dec_obj.dec}
#       frame: icrs
#       ra: !astropy.table.SerializedColumn
#         __class__: astropy.coordinates.angles.Longitude
#         unit: *id001
#         value: !astropy.table.SerializedColumn {name: ra_dec_obj.ra}
#         wrap_angle: !astropy.coordinates.Angle
#           unit: *id001
#           value: 360.0
#       representation_type: spherical
# schema: astropy-2.0
ra_dec_obj.ra ra_dec_obj.dec "H-alpha flux [Error]" "H-alpha flux" ra_dec_deg RM RM_uncert pol_int pol_int_uncert ra_dec_pix_offsets interpolation_raw interpolation_cor interpolation_unc interpolation_cor_unc HI "HI [Error]" "pixel location x" "pixel location y" "B_virtual [raw]" "B_virtual_unc [raw]" "B_virtual [int]" "B_virtual_unc [int]"
[from data line 553]
152.00859063235373 -10.039455510366587 0.35351562 1.1259766 [152.00859063235373,-10.039455510366587] -33.46987352875395 2.812445365671718 0.00021725879644359221 2.2707544143377825e-05 [2767.129394531,1257.014160156] -5.872891859885536 -9.899299400569147 5.634857884318046 5.674833262280763 18.486412048339844 9.243206024169922 11.281942542032084 8.43948866445271 -9.084679832818039e-06 2.4961503120330416e-06 -7.490609207065972e-06 2.813814573666368e-06
152.37448114733678 -9.225077574778764 0.3515625 1.1030273 [152.37448114733678,-9.225077574778764] -9.744275024474454 1.9966808444087671 0.00031361177840677945 2.3270714600000016e-05 [3423.592773438,-205.6083984375] -3.9678152829901916 -6.8562195837444015 5.50358557961902 5.918034495995746 18.896860122680664 9.448430061340332 21.19298064709301 13.39218474343943 -2.6448746131121467e-06 2.0190242824898403e-06 -1.5678961939746854e-06 2.4891666248846237e-06
152.97207644079313 -8.389845758729658 0.36914062 1.2792969 [152.97207644079313,-8.389845758729658] -14.465311927188822 0.6316502009347505 0.0012674303071407741 2.975153856600042e-05 [4494.684570312,-1702.21484375] -5.626951608357966 -3.900890071922959 5.928725399895146 6.095339864427984 18.249055862426758 9.124527931213379 33.253251059118156 16.25508067453802 -3.926298897647699e-06 2.0050114049499993e-06 -2.3989834821061284e-06 2.5241071860490903e-06
149.56282045599184 -8.68888287052512 0.35742188 1.1582031 [149.56282045599184,-8.68888287052512] -1.6517882941933286 1.4362645530023783 0.00041035758334582263 2.190310115760312e-05 [-1573.551757812,-1178.104003906] -3.1612397098079836 -3.967204481743739 6.150006569163072 5.340172004839543 0.0 0.0 1.1963868905252184 47.164331025689535 -4.4834253082705623e-07 1.940860991068301e-06 4.097082357443737e-07 2.5598131674240243e-06
151.1110077150919 -7.33110560506041 0.31445312 0.7355957 [151.1110077150919,-7.33110560506041] -9.97186853072257 2.5203853503788483 0.0002779145721019177 2.6030767240777028e-05 [1185.055664062,-3622.244140625] -3.1928790862681016 -0.9925285590898572 5.737203311942004 5.687257324673872 0.0 0.0 25.76977391842206 46.87923404479693 -2.7066499925295893e-06 2.063711511086992e-06 -1.8400113953228499e-06 2.5664377575067245e-06
151.10565178038476 -7.330103101476482 0.328125 0.88183594 [151.10565178038476,-7.330103101476482] -12.513096609686649 0.7062517805202387 0.000992037349706217 2.6037320101623388e-05 [1175.497070312,-3624.065429688] -3.0791022494572884 -0.9396011908959307 5.740566844120516 5.673204276708729 0.0 0.0 25.730612452175365 46.9439021737162 -3.3964118901872696e-06 1.982827939978293e-06 -2.5606555768328736e-06 2.497300077389266e-06
150.95341492879842 -8.747296394556496 0.35351562 1.1274414 [150.95341492879842,-8.747296394556496] 7.98828337022379 1.3630189862666833 0.0004437039705862036 2.2475218558751735e-05 [900.576171875,-1074.295898438] -3.6152596762655627 -4.28359206224177 5.600858364208838 5.332310603759137 0.0 0.0 12.904467684365045 32.895667186705396 2.1682483135157974e-06 1.9654427854829294e-06 3.1495330692874085e-06 2.5105642048213334e-06
152.74356081346656 -7.244232048083518 0.26953125 0.2915039 [152.74356081346656,-7.244232048083518] 4.964026565943101 0.9067704641530548 0.0009016698233938912 3.038460563333056e-05 [4099.353515625,-3766.293945312] -1.906138444414536 -1.7375526962619663 5.870014827434403 5.94663866417912 0.0 0.0 40.762612881538416 31.235693904121717 1.3473786207902404e-06 1.9275390055779396e-06 1.8647590485846613e-06 2.508987330644212e-06
152.7433471115064 -7.251485583570884 0.28710938 0.47131348 [152.7433471115064,-7.251485583570884] 0.24439346189423047 1.4288469694481725 0.0005703966817530218 3.0288056834605532e-05 [4098.90625,-3753.249023438] -1.5817917217017743 -1.4035925478511295 5.899137025505945 5.947278120731449 0.0 0.0 40.70119098260352 31.15720667515734 6.633536731579507e-08 1.939206173644131e-06 4.956788287279606e-07 2.51600921598796e-06
152.24470525403336 -8.061254356736079 0.328125 0.8701172 [152.24470525403336,-8.061254356736079] 2.582030418889712 1.6282245889308573 0.00040936310078270536 2.4770325057215697e-05 [3203.010986328,-2301.48828125] -3.927359384456989 -2.274341475611417 6.252094442530112 5.784335252537244 18.134550094604492 9.067275047302246 29.72359471548407 27.34836021560386 7.008368183422698e-07 1.9538284738984454e-06 1.766834350886079e-06 2.6004235573990354e-06
152.24171445270088 -8.061595032436172 0.328125 0.8701172 [152.24171445270088,-8.061595032436172] 0.39440856795408535 2.2991228438068845 0.00028979140031916754 2.476032684242002e-05 [3197.680664062,-2300.90234375] -3.927359384456989 -2.274341475611417 6.252094442530112 5.784335252537244 18.134550094604492 9.067275047302246 29.694934402862145 27.37523806915715 1.0705375268612543e-07 1.9999295831568544e-06 1.1730512852299348e-06 2.629299199260056e-06
152.6658019510664 -8.094850743293035 0.34179688 1.0107422 [152.6658019510664,-8.094850743293035] 0.41088634392448947 1.4617837231356718 0.0004992283083400153 2.7120083890003598e-05 [3952.704101562,-2236.76171875] -3.5375468300338624 -2.67713900519733 5.4790516368797615 5.640165162978956 18.669116973876953 9.334558486938477 33.077633587073706 22.650043516335245 1.115262918165593e-07 1.941065009090752e-06 1.071717561044055e-06 2.4510134793616884e-06
153.1631470025946 -8.13078516824167 0.32226562 0.8076172 [153.1631470025946,-8.13078516824167] -10.910848034843447 1.2235224036161618 0.0007644111828854633 3.475743034423794e-05 [4837.749023438,-2165.90234375] -7.067333694373303 -3.8983667536401487 6.260788566985218 6.136332497343289 18.625560760498047 9.312780380249023 37.0446481596432 17.091402982180853 -2.9615158544273947e-06 1.984154514335547e-06 -1.043239592346197e-06 2.575845286245919e-06
150.36064158655728 -9.215679238832507 0.36328125 1.2353516 [150.36064158655728,-9.215679238832507] 3.6770323801006044 2.9936076151038993 0.0001994316486787033 2.2186952705099893e-05 [-153.7934570312,-231.8515625] -4.182321508666174 -6.584978270543841 5.670245999883836 5.2077757456832146 0.0 0.0 3.93021304941999 33.69038253907229 9.980516322961586e-07 2.0723986509149496e-06 2.1332531690303554e-06 2.5983342777606444e-06
153.10035709959098 -8.2761801832381 0.3203125 0.7988281 [153.10035709959098,-8.2761801832381] -13.466996953384132 2.446668610237489 0.00036215089214502923 3.292861108653818e-05 [4724.2578125,-1905.100585938] -6.288186025294704 -3.5667373422998176 6.361310261593945 6.224529780984566 18.38412857055664 9.19206428527832 35.29640622921124 16.158464496662873 -3.6553276942001495e-06 2.0930762906937336e-06 -1.948534367959285e-06 2.6694701235625906e-06
153.1207885428291 -8.617677557616899 0.33203125 0.90185547 [153.1207885428291,-8.617677557616899] -6.326164874551971 1.8347952723352503 0.0004590023828788355 3.1297615855100974e-05 [4756.401123047,-1290.223144531] -6.203045020449979 -5.0209363840311845 5.9093632057281695 5.822618612398812 18.252639770507812 9.126319885253906 32.618529344711305 12.232356651709324 -1.717101870897441e-06 1.9826316042343784e-06 -3.341824565363109e-08 2.5358956996802038e-06
150.6925963309256 -9.909621231840369 0.36328125 1.2353516 [150.6925963309256,-9.909621231840369] -12.760377177616844 1.4737528201376007 0.00039717996624643285 2.1753076486878307e-05 [435.1245117188,1017.358886719] -7.248513616996748 -9.282363514236913 5.416709240910391 5.575276032679184 0.0 0.0 1.1235263720047897 22.990443915550713 -3.463530900559188e-06 2.0164929194428084e-06 -1.4960772315853502e-06 2.4468182955384876e-06
151.96345511368793 -7.403427663136063 0.36328125 1.2143555 [151.96345511368793,-7.403427663136063] -5.104925433966996 0.8291708523631143 0.0008743288711155846 2.694185842269215e-05 [2706.187011719,-3487.444335938] -2.6243168465920603 -0.41074869437217565 5.9246622904807325 5.903726255526799 0.0 0.0 32.6668344225352 37.47744422550295 -1.3856225987277103e-06 1.925633197146039e-06 -6.733080358812846e-07 2.501580562229565e-06
153.16157525380586 -7.309004431917411 0.3515625 1.1000977 [153.16157525380586,-7.309004431917411] -0.7843321222552582 1.9989284231742397 0.00046930822579598487 3.486294838196492e-05 [4844.359375,-3644.485351562] -3.828789580368819 -3.0439089816845324 5.505253764543326 6.005131945807429 18.740476608276367 9.370238304138184 43.84806545395804 26.165555897740433 -2.1289014454035158e-07 1.9762330957617834e-06 8.263527272619011e-07 2.4807504136303573e-06
152.2659759740545 -7.1313648077956 0.31054688 0.6887207 [152.2659759740545,-7.1313648077956] -3.901894305163144 0.13574228321652498 0.006191443205759772 3.1233147091704916e-05 [3247.921386719,-3974.279296875] -2.394247103002192 -1.64470549560016 5.7656226117690785 5.870273787057193 0.0 0.0 37.5272793936756 37.41431213950227 -1.05908558254486e-06 1.907630885799363e-06 -4.092185206708204e-07 2.4626359476948923e-06
150.52722154805662 -7.825353181515648 0.296875 0.56396484 [150.52722154805662,-7.825353181515648] -3.2437938697438966 1.6927530494894445 0.0003648073424463096 2.2949111645591206e-05 [142.6943359375,-2734.12109375] -2.0809121792592227 -1.0976170324427494 5.566428080610443 5.468063689161174 0.0 0.0 16.64120328704894 47.203357260598295 -8.804583239600385e-07 1.9596549866727462e-06 -3.1563931164614614e-07 2.471102254570088e-06
152.08340465625682 -7.053251489136638 0.34375 1.0317383 [152.08340465625682,-7.053251489136638] 4.571683542430284 2.910572880107802 0.000300262892613369 3.247796770775788e-05 [2922.479003906,-4116.369140625] -3.9733791529091693 -2.2379360356638403 5.845984028772309 6.191546997380556 0.0 0.0 36.56608707511873 40.153969132273915 1.2408855158733174e-06 2.066916400929453e-06 2.319374128253724e-06 2.6238883774759047e-06
150.69227599070578 -7.871410916609171 0.33398438 0.935791 [150.69227599070578,-7.871410916609171] 0.7420285630694369 2.7680643811439363 0.00022408643046557854 2.3051566765372203e-05 [436.9760742188,-2651.110351562] -2.829702795344928 -1.680157817179904 5.964305330793835 5.650274306112248 0.0 0.0 17.724938675895828 45.06433187848006 2.0140775006217435e-07 2.043404269541759e-06 9.694699268031193e-07 2.6112238653073804e-06
150.10025018504322 -8.995581710325666 0.37695312 1.362793 [150.10025018504322,-8.995581710325666] 6.578546993317136 0.6485436528908392 0.0009267553833360778 2.233639257458194e-05 [-616.8247070312,-627.73828125] -3.976884446725373 -5.440846737743249 6.104502185888238 5.4129733119801875 0.0 0.0 3.4454684606355386 38.6164517740242 1.7856055879055152e-06 1.928657891057423e-06 2.8650456371658016e-06 2.5669290655770677e-06
150.9797515481691 -9.015469476632548 0.3828125 1.4277344 [150.9797515481691,-9.015469476632548] 13.037514260391635 2.731020532439327 0.00022261761401016345 2.2594003524379116e-05 [946.7368164062,-591.5322265625] -5.115467726882677 -6.235449127903527 5.82554441565609 5.53893081128167 0.0 0.0 10.94129598640393 29.73053344050504 3.538753821991718e-06 2.1139364800070236e-06 4.927237900185745e-06 2.694300550831817e-06
150.98661811311686 -9.01567186322853 0.3828125 1.4277344 [150.98661811311686,-9.01567186322853] 5.751987699029136 0.4435556347955361 0.001368969332455728 2.2565789008115233e-05 [958.9428710938,-591.1494140625] -5.115467726882677 -6.235449127903527 5.82554441565609 5.53893081128167 0.0 0.0 10.999147674352798 29.660020616281145 1.5612537825425365e-06 1.919553644363231e-06 2.949737860736564e-06 2.5178579986537264e-06
151.29641721057985 -8.275498461918755 0.34179688 1.0078125 [151.29641721057985,-8.275498461918755] -13.589537974281013 0.9948654369693493 0.0006235959589616504 2.305559520560463e-05 [1512.6171875,-1922.266601562] -3.4803336164289025 -3.3955762189879906 5.881606356572413 5.479822541519338 0.0 0.0 19.73876699936727 34.609152420864575 -3.6885888279859836e-06 2.0047184170276796e-06 -2.7439268593804684e-06 2.5332686680066503e-06
153.13606266864713 -7.920314525257378 0.32617188 0.85375977 [153.13606266864713,-7.920314525257378] -11.741326372729867 1.5092323077331902 0.0005932668966958576 3.327475854354659e-05 [4792.021728516,-2545.008789062] -6.911092393111965 -3.7955017889715617 5.645986855995568 5.754264331790511 18.621639251708984 9.310819625854492 38.56388662949303 19.680661333736907 -3.186931400181023e-06 2.007141291103093e-06 -1.3110634907158796e-06 2.483698748303983e-06
151.31471239161743 -7.567768810390164 0.32421875 0.83618164 [151.31471239161743,-7.567768810390164] -15.027684751844152 1.5782368030095102 0.000415892747775936 2.4392831567611163e-05 [1547.858398438,-3195.696289062] -3.121119299133596 -1.2547748427619236 6.110772996497511 5.805954803227723 0.0 0.0 25.650482461180218 42.213146706489624 -4.078942947954075e-06 2.050453433064286e-06 -3.2317820069873006e-06 2.6081607326345e-06
152.34881588061842 -8.342413927242148 0.33398438 0.93481445 [152.34881588061842,-8.342413927242148] -2.8665289602827744 1.387076184086618 0.0004754211700024868 2.450685237531361e-05 [3386.066650391,-1794.536621094] -4.219674109270861 -2.5053949422585884 5.773456582865119 5.847446940147396 18.740737915039062 9.370368957519531 28.30240201661377 23.20666674343056 -7.780578499436977e-07 1.9407975771331194e-06 3.672822496722856e-07 2.492151748025731e-06
150.60903943856866 -7.75929812017602 0.328125 0.88793945 [150.60903943856866,-7.75929812017602] -0.8180674228776236 2.550006088368531 0.000243101536265614 2.3037620713447946e-05 [288.6401367188,-2852.926757812] -2.2034784163043244 -0.9520908113350286 5.704560593717023 5.589560032046576 0.0 0.0 17.894385322628523 47.12415923883759 -2.2204686886901584e-07 2.0224444211862807e-06 3.7604012161370474e-07 2.547555417176579e-06
151.06805432640553 -10.339676758211274 0.35546875 1.15625 [151.06805432640553,-10.339676758211274] -6.264539492098464 0.7089467776154044 0.0008418680208239754 2.2180245497884474e-05 [1099.372558594,1792.200195312] -8.280596545902805 -10.89331265360693 4.961471352336921 5.377860895117491 0.0 0.0 0.7866823698291228 14.710756516254378 -1.700374981604474e-06 1.9283219093381288e-06 5.472154785040415e-07 2.3383720200632057e-06
153.02221685483508 -9.239524798959424 0.35742188 1.1538086 [153.02221685483508,-9.239524798959424] -7.273817402012113 1.9376848482940057 0.00039811934923355446 2.8668510673833154e-05 [4573.355957031,-172.265625] -5.724839304747936 -7.2889488673297205 6.260167956409927 6.173761629596464 18.094451904296875 9.047225952148438 26.567306318352394 6.556244724467433 -1.974321839097802e-06 1.9957132518427877e-06 -4.2043690633021084e-07 2.6035019348514512e-06
152.6895904927144 -7.182468703518018 0.328125 0.87475586 [152.6895904927144,-7.182468703518018] 6.077682286913786 0.14560730662864577 0.005726617459019688 3.098775008457923e-05 [4003.604003906,-3878.008789062] -1.9520134821929391 -1.8152918710559627 5.9065707620042955 5.871716127921077 0.0 0.0 40.8006823440021 32.48205254345294 1.6496565980378428e-06 1.9180101638968476e-06 2.179488821629376e-06 2.5098109278380587e-06
152.68872073896742 -7.180905662530255 0.328125 0.87475586 [152.68872073896742,-7.180905662530255] 6.063881398678655 0.184223349583449 0.004519517214573984 3.094178916579294e-05 [4002.065673828,-3880.830078125] -1.9520134821929391 -1.8152918710559627 5.9065707620042955 5.871716127921077 0.0 0.0 40.805940972124745 32.50846393770894 1.6459106427112725e-06 1.918175305493066e-06 2.1757428663028054e-06 2.509917605427373e-06
150.60377504408652 -8.175515202904933 0.328125 0.8774414 [150.60377504408652,-8.175515202904933] -0.7977631691806252 2.4395292207604022 0.0002525011625912321 2.2891703371099742e-05 [278.9682617188,-2103.958496094] -3.429524984487663 -3.121153111637456 5.671197284641477 5.50461892120088 0.0 0.0 14.492180376415945 42.59790219864408 -2.1653571436993846e-07 2.012364493366848e-06 7.143353400412605e-07 2.5358578435981296e-06
