data_processed/hvc_rms/hvc_rms_index_1_with_B.ecsv
# %ECSV 1.0
# ---
# datatype:
# - {name: ra_dec_obj.ra, unit: deg, datatype: float64}
# - {name: ra_dec_obj.dec, unit: deg, datatype: float64}
# - {name: 'H-alpha flux [Error]', unit: R, datatype: float32}
# - {name: H-alpha flux, unit: R, datatype: float32}
# - {name: ra_dec_deg, datatype: string, subtype: 'float64[2]'}
# - {name: RM, unit: rad / m2, datatype: float64}
# - {name: RM_uncert, unit: rad / m2, datatype: float64}
# - {name: pol_int, datatype: float64}
# - {name: pol_int_uncert, datatype: float64}
# - {name: ra_dec_pix_offsets, datatype: string, subtype: 'float64[2]'}
# - {name: interpolation_raw, unit: rad / m2, datatype: float64}
# - {name: interpolation_cor, unit: rad / m2, datatype: float64}
# - {name: interpolation_unc, unit: rad / m2, datatype: float64}
# - {name: pixel location x, datatype: float64}
# - {name: pixel location y, datatype: float64}
# - {name: 'B_virtual [raw]', unit: G, datatype: float64}
# - {name: 'B_virtual_unc [raw]', unit: G, datatype: float64}
# - {name: 'B_virtual [int]', unit: G, datatype: float64}
# - {name: 'B_virtual_unc [int]', unit: G, datatype: float64}
# - {name: 'B_virtual [cor]', unit: G, datatype: float64}
# - {name: 'B_virtual_unc [cor]', unit: G, datatype: float64}
# meta: !!omap
# - __serialized_columns__:
#     ra_dec_obj:
#       __class__: astropy.coordinates.sky_coordinate.SkyCoord
#       dec: !astropy.table.SerializedColumn
#         __class__: astropy.coordinates.angles.Latitude
#         unit: &id001 !astropy.units.Unit {unit: deg}
#         value: !astropy.table.SerializedColumn {name: ra_dec_obj.dec}
#       frame: icrs
#       ra: !astropy.table.SerializedColumn
#         __class__: astropy.coordinates.angles.Longitude
#         unit: *id001
#         value: !astropy.table.SerializedColumn {name: ra_dec_obj.ra}
#         wrap_angle: !astropy.coordinates.Angle
#           unit: *id001
#           value: 360.0
#       representation_type: spherical
# schema: astropy-2.0
ra_dec_obj.ra ra_dec_obj.dec "H-alpha flux [Error]" "H-alpha flux" ra_dec_deg RM RM_uncert pol_int pol_int_uncert ra_dec_pix_offsets interpolation_raw interpolation_cor interpolation_unc "pixel location x" "pixel location y" "B_virtual [raw]" "B_virtual_unc [raw]" "B_virtual [int]" "B_virtual_unc [int]" "B_virtual [cor]" "B_virtual_unc [cor]"
[from data line 1264]
317.4788818523042 -10.522682186439877 0.40234375 1.6274414 [317.4788818523042,-10.522682186439877] -44.63262618557212 0.6611252550526785 0.0008486375393365494 2.085041433167343e-05 [822.0688476562,2121.125] -20.565929638472085 -19.402171292168898 7.355577629601318 33.261770949858715 51.83501641442217 -9.241626127263469e-06 2.0288882943209804e-06 -4.983247247917912e-06 2.2404936219634517e-06 -5.224214908980463e-06 2.253290650019013e-06
316.63540654601456 -7.773822714611028 0.38085938 1.4282227 [316.63540654601456,-7.773822714611028] -28.590590172135514 3.0741294097125302 0.00018113194650069614 2.0693116517046655e-05 [-675.8500976562,-2826.494140625] -20.68957973986439 -17.081159315255753 7.1484787905094445 57.017142057183946 21.533213887579223 -6.319370164040094e-06 1.9720426342969437e-06 -1.7463581300999182e-06 2.330438115489537e-06 -2.5439262891793527e-06 2.3493595385192044e-06
318.9933471660191 -8.418116645265037 0.34179688 1.0478516 [318.9933471660191,-8.418116645265037] -7.442518445903024 0.213688032724431 0.002910304167966087 2.311145487152654e-05 [3523.092285156,-1657.535644531] -9.089602951753458 -12.163362476738056 6.695962720324661 28.598578765750062 14.145323900876065 -1.920519279361729e-06 1.842240553868036e-06 4.250251539470572e-07 2.5015349355871436e-06 1.2181994632568703e-06 2.5105583744204393e-06
315.91830458845317 -10.435982702922331 0.31835938 0.8000488 [315.91830458845317,-10.435982702922331] -29.491694167450984 2.4261502590648933 0.0002341314787233259 2.1109901447334497e-05 [-1940.145507812,1967.573242188] -19.24334350480347 -20.528214060607034 7.20458377193213 50.28661036281426 60.4721210491698 -8.709437542312243e-06 2.8989616509255132e-06 -3.0265256889362854e-06 3.122572472728009e-06 -2.647079876424173e-06 3.1060906390105958e-06
316.95803840396974 -8.759054123180684 0.3984375 1.6118164 [316.95803840396974,-8.759054123180684] -35.81422449120985 0.08909779802336189 0.006206991080591456 2.0552127968750386e-05 [-100.2016601562,-1053.76953125] -19.85264398815044 -18.436456612572417 7.322720959561764 48.202402150502394 32.084609330761396 -7.4515462219716285e-06 1.849196654823254e-06 -3.3209836757308618e-06 2.1680913760049167e-06 -3.615637150377015e-06 2.1790823341217446e-06
316.9577940530115 -8.761321997483453 0.3984375 1.6118164 [316.9577940530115,-8.761321997483453] -40.39792425425696 0.2265891830423425 0.002438261926267974 2.0531857145614042e-05 [-100.6357421875,-1049.6875] -19.85264398815044 -18.436456612572417 7.322720959561764 48.192652116182444 32.11554089766878 -8.405235744422938e-06 1.942915327509653e-06 -4.274673198182172e-06 2.2072239416298738e-06 -4.569326672828324e-06 2.2209806850836772e-06
316.9563902993582 -8.769010423515054 0.3984375 1.6118164 [316.9563902993582,-8.769010423515054] -35.49517664668747 0.318888293438103 0.0017370753191056952 2.05857137386575e-05 [-103.130859375,-1035.848632812] -19.85264398815044 -18.436456612572417 7.322720959561764 48.16568569564299 32.224147645263656 -7.385164782913457e-06 1.8440616641421505e-06 -3.25460223667269e-06 2.1666736724112283e-06 -3.5492557113188427e-06 2.177461809798099e-06
315.9356690234186 -7.615278355540512 0.359375 1.2182617 [315.9356690234186,-7.615278355540512] -28.51234314217333 1.0979751417211394 0.0005436946429985918 2.218483815984379e-05 [-1924.413085938,-3109.174804688] -23.757025636555976 -20.269735573023716 7.012880093981157 65.277647271751 24.102508742115788 -6.823563609951627e-06 2.065317335333655e-06 -1.1380408591218705e-06 2.3939279048858737e-06 -1.9726178511358218e-06 2.410061475469841e-06
316.03866580884113 -9.562462851044497 0.3515625 1.1411133 [316.03866580884113,-9.562462851044497] -31.392856316416022 1.0823962090755355 0.0005105288863030169 2.0535973048788932e-05 [-1731.765625,394.7358398438] -21.35247507824129 -21.830776031899262 7.003350899781795 53.6148655028569 48.371593395152104 -7.762740822598348e-06 2.232899843142928e-06 -2.482758387017893e-06 2.5026027734948788e-06 -2.3644854174918012e-06 2.4989543588180703e-06
316.3718567620025 -9.594170575522634 0.36914062 1.3149414 [316.3718567620025,-9.594170575522634] -15.704151483401542 1.9260873645040495 0.0002884249308050976 2.0645123371067756e-05 [-1140.30859375,450.4521484375] -21.453901468577058 -20.936611853610852 7.062605859753145 49.91302094074172 46.67349078575171 -3.6175114091564837e-06 1.7778534532541778e-06 1.324476918931534e-06 2.3436092339396977e-06 1.205317275957109e-06 2.341820517894477e-06
316.6050111218759 -8.054513929017507 0.41992188 1.8325195 [316.6050111218759,-8.054513929017507] -24.347905498014505 2.377767457634081 0.00023569867750030483 2.0827408147885442e-05 [-729.5600585938,-2321.34765625] -20.87400831483058 -18.796770337462952 6.962654810779759 55.78776219183828 25.32088810733194 -4.751009902314465e-06 1.600041285935976e-06 -6.778620000096127e-07 1.9840858984471293e-06 -1.0831937112215711e-06 1.9879007124042995e-06
315.0767519161173 -8.03315328374142 0.36523438 1.2827148 [315.0767519161173,-8.03315328374142] -30.863656208124404 0.8082204917172463 0.0007583512152598179 2.2777651694123486e-05 [-3452.819335938,-2350.724609375] -21.183698143532194 -22.60250427479018 7.574192987693633 72.05520589452067 34.938992323706316 -7.198316642539343e-06 2.0422724292632284e-06 -2.2576522614678086e-06 2.4425693217753537e-06 -1.9267447462239466e-06 2.434515228828862e-06
315.0797423506947 -8.031340691826424 0.36523438 1.2827148 [315.0797423506947,-8.031340691826424] -30.969030641228358 0.3591982738370027 0.0017004645832150024 2.269919914969073e-05 [-3447.5078125,-2354.015625] -21.183698143532194 -22.60250427479018 7.574192987693633 72.03347890808084 34.89696169629042 -7.222893074132392e-06 2.037747993796378e-06 -2.2822286930608574e-06 2.437374788233642e-06 -1.951321177816996e-06 2.4292085027464225e-06
319.09170538012256 -9.109701218274889 0.44726562 2.0761719 [319.09170538012256,-9.109701218274889] -13.082062776958526 0.6812817373635508 0.0008882469667176492 2.248895024071897e-05 [3691.246582031,-411.7690429688] -11.343638092554745 -14.36250503003554 7.223055674350244 23.756904196237656 22.608082753772578 -2.3982431422555865e-06 1.3325452631591926e-06 -3.1869324805888905e-07 1.8487125504978017e-06 2.34734529626694e-07 1.8484649374133334e-06
317.1448364042831 -7.173875492194104 0.39648438 1.5893555 [317.1448364042831,-7.173875492194104] -33.387547454326395 2.563515909407225 0.00024997636729023816 2.3814620914804055e-05 [233.009765625,-3906.139648438] -16.825339779224514 -13.373128148377278 7.714347160246267 54.99814426396847 10.499542088932685 -6.995562357825425e-06 1.8966881180458542e-06 -3.4702146581124973e-06 2.3102309163781077e-06 -4.193543071768489e-06 2.3384422671656187e-06
316.50155638777994 -7.517723717763906 0.41210938 1.7392578 [316.50155638777994,-7.517723717763906] -71.61145100904027 1.0843375764123737 0.0005416918404430662 2.1828581015662047e-05 [-915.1083984375,-3286.966796875] -19.223067070663532 -15.9678280183249 7.712432410131644 59.84994578083388 19.151936069850308 -1.4343301463551533e-05 2.5626019281957765e-06 -1.0493047877518342e-05 2.6146541150238963e-06 -1.1145050796125933e-05 2.6737072115369112e-06
314.71099879928664 -10.962488206102133 0.30859375 0.7145996 [314.71099879928664,-10.962488206102133] -30.620078927481877 1.0854592322574963 0.00059687827633593 2.4077311575102914e-05 [-4069.293945312,2925.288818359] -23.30138262900117 -20.95105378020848 7.618910942077264 60.400004587379954 74.69927981545288 -9.568052569659426e-06 3.147876318931275e-06 -2.2869200007968105e-06 3.294472300363434e-06 -3.021342339631878e-06 3.3266921846797802e-06
315.0088194343651 -9.167410846745655 0.375 1.3920898 [315.0088194343651,-9.167410846745655] -26.8584239396687 2.8777962648698856 0.00020721130775335972 2.216063493421577e-05 [-3563.138671875,-308.6206054688] -21.351595283612347 -23.334388059321203 7.780043247246606 66.64473227146175 49.77386535388723 -6.013059845963113e-06 1.9544533150366895e-06 -1.2328679577294629e-06 2.438200120461537e-06 -7.889606141987269e-07 2.4333656026012505e-06
319.59487914091994 -10.238996476632455 0.3984375 1.6147461 [319.59487914091994,-10.238996476632455] -15.93471328298682 1.2844013319439687 0.0005662661400104769 2.7029004097622207e-05 [4569.418212891,1626.739257812] -13.08880481417382 -15.15314096280677 6.368920835394326 12.343725294259457 34.3693868649425 -3.312384673025355e-06 1.5634883984389244e-06 -5.915853913100519e-07 1.9873470051726572e-06 -1.6246719525159874e-07 1.9854475224807555e-06
318.08038335904075 -11.305270131143184 0.31445312 0.74853516 [318.08038335904075,-11.305270131143184] -12.485674303535694 0.9917749594753843 0.000634144855018977 2.3372776994019742e-05 [1881.504394531,3531.543701172] -18.607165874999673 -19.135964300702724 6.228008793183691 22.802631554998925 58.487763665315924 -3.8120144202438293e-06 2.32766741723011e-06 1.8689590627246845e-06 2.908133937857403e-06 2.0304070690699596e-06 2.9137805885905737e-06
318.91961670377907 -8.594310673328076 0.296875 0.5966797 [318.91961670377907,-8.594310673328076] -7.691956204124636 0.42746630812510383 0.0014200986613255161 2.255948138649971e-05 [3390.323486328,-1341.146972656] -11.318017191039154 -13.20377806129698 6.673322768868083 28.400813145947495 16.958716083534455 -2.6303576903091305e-06 2.497111225635587e-06 1.23997552109645e-06 3.326646248312307e-06 1.8848343158601154e-06 3.3477761084040657e-06
318.88641360039503 -11.082463321707735 0.36523438 1.2783203 [318.88641360039503,-11.082463321707735] -39.648151313987235 0.631435350511297 0.0009971873014589783 2.3399917945538843e-05 [3306.270996094,3136.627441406] -14.077348230240634 -17.234608449066883 6.274458494764132 15.401533817091376 50.37057553248542 -9.263001436466598e-06 2.26769099025929e-06 -5.974109204249027e-06 2.4212923010351725e-06 -5.236478193141355e-06 2.3721118250653716e-06
319.805267293909 -10.078943127477892 0.41210938 1.7358398 [319.805267293909,-10.078943127477892] 75.49503016024822 1.5902716068718272 0.0005261756225838489 3.109644422758951e-05 [4944.150390625,1341.517089844] -10.736297705010475 -13.206669097122965 6.235700270661294 10.975437700101565 30.816475952129622 1.513603665454586e-05 2.674931622035423e-06 1.7288562393686787e-05 3.204228578109346e-06 1.778384839942766e-05 3.2638259813286527e-06
318.1075440094008 -7.644981918234608 0.37890625 1.4121094 [318.1075440094008,-7.644981918234608] -16.543396695192452 2.3929114455231497 0.00024309136059532603 2.161746948198321e-05 [1950.114746094,-3055.659179688] -12.280337418268628 -13.879488682681863 6.779805047218204 42.22824888957405 10.06519056646539 -3.6773854202768334e-06 1.7484427276284236e-06 -9.476235333999647e-07 2.23579505998844e-06 -5.921526677173787e-07 2.232598028843904e-06
318.09857172706666 -7.64223033813807 0.36328125 1.2607422 [318.09857172706666,-7.64223033813807] -25.190298464427165 0.3253866314066497 0.0017882394081408894 2.1623902295653635e-05 [1934.123535156,-3060.659179688] -12.038438367361502 -13.876861355726039 6.805388773522952 42.33803406683546 10.090263401178618 -5.926097665295042e-06 1.931618900939648e-06 -3.094016830549697e-06 2.3573577376816997e-06 -2.66152198756255e-06 2.342072251405549e-06
318.10531614396854 -7.643446724709371 0.36328125 1.2607422 [318.10531614396854,-7.643446724709371] -21.92590168497181 1.615913141162499 0.00035837150733093574 2.1520888099024714e-05 [1946.147949219,-3058.43359375] -12.038438367361502 -13.876861355726039 6.805388773522952 42.26028106032322 10.0604152375181 -5.158137962052718e-06 1.9037235873064751e-06 -2.326057127307374e-06 2.36128626313842e-06 -1.8935622843202265e-06 2.3501083106267735e-06
318.750030490994 -10.264540556871925 0.38867188 1.503418 [318.750030490994,-10.264540556871925] -56.60075018330002 0.807924730022494 0.0007420482234978427 2.227982291536236e-05 [3073.735107422,1663.563964844] -16.58944193248155 -17.79454369445866 6.84308358303711 21.14906103827684 40.242931878092804 -1.2193572174968599e-05 2.448075950616438e-06 -8.61968743154963e-06 2.5141592522523845e-06 -8.360070814009014e-06 2.492314919576366e-06
318.75274663845147 -10.27563007313819 0.37695312 1.3842773 [318.75274663845147,-10.27563007313819] -63.18876872335753 0.8105637231278756 0.0007408638573169945 2.2316920922645387e-05 [3078.435791016,1683.545898438] -16.89447030187507 -17.934532726315073 6.778380359051064 21.0614285138314 40.37373188819538 -1.418655583447042e-05 2.804306222306577e-06 -1.0393566177073312e-05 2.7742613976842183e-06 -1.0160061015416336e-05 2.751123283709402e-06
317.09384161523997 -10.27792925836122 0.4140625 1.7670898 [317.09384161523997,-10.27792925836122] -56.053526690793866 3.117231859341982 0.0001788485919588591 2.0718739729270013e-05 [140.7705078125,1680.120605469] -20.594374579062922 -20.344501767899455 7.127501245512341 38.63363349951874 51.03916371386276 -1.113838591321979e-05 2.2419489577802098e-06 -7.046081552632957e-06 2.325514309263946e-06 -7.095733732687794e-06 2.328807128542606e-06
315.6697691103869 -7.811563767301865 0.38671875 1.4873047 [315.6697691103869,-7.811563767301865] -20.493300932449703 0.5610142057519276 0.0010593116448716956 2.20854528178474e-05 [-2397.591796875,-2754.376953125] -23.459539323697516 -20.963798990089856 7.121773481450136 67.00181961790588 28.317994208812706 -4.438748906567527e-06 1.6751477875944402e-06 6.424727504450882e-07 2.168704222572898e-06 1.0190758169102493e-07 2.166383545463621e-06
315.6713258236404 -7.808171052087117 0.38671875 1.4873047 [315.6713258236404,-7.808171052087117] -22.249173541366225 0.9484999672887827 0.0006256103649143357 2.2052100282453523e-05 [-2394.8359375,-2760.4921875] -23.459539323697516 -20.963798990089856 7.121773481450136 67.00405359993488 28.264935925628834 -4.819062339166324e-06 1.70926541518526e-06 2.6215931784629065e-07 2.173043191835334e-06 -2.7840585090777267e-07 2.1730937131937515e-06
318.3511962190198 -9.860844663128708 0.42773438 1.8833008 [318.3511962190198,-9.860844663128708] -55.067219186981944 1.2975423744275554 0.00044084439375720574 2.125766580123243e-05 [2370.5390625,933.9013671875] -19.387296676285793 -18.44439734786443 7.210588115073346 27.522532958303373 37.45647134769706 -1.0599415982769145e-05 2.0583032676857112e-06 -6.8677217863443845e-06 2.1895982426422085e-06 -7.049212378376574e-06 2.201674714837681e-06
316.7542113525047 -11.342935594232232 0.36523438 1.2705078 [316.7542113525047,-11.342935594232232] -79.30782130559082 0.9766551499623433 0.0006278622857540456 2.2788426785643423e-05 [-459.1166992188,3596.631835938] -18.347537157038825 -18.356211086968713 7.647316097160828 36.7049385119617 67.23992861702118 -1.8585574220826683e-05 3.560583200827782e-06 -1.4285878327182437e-05 3.438695585532284e-06 -1.4283845615076061e-05 3.438452722624746e-06
314.60018944743376 -6.932263636139364 0.35546875 1.1640625 [314.60018944743376,-6.932263636139364] -37.4654454031468 3.202141450900487 0.0002773702552193266 3.300723169701724e-05 [-4312.471679688,-4325.973632812] -21.418495828915137 -22.099683371505613 9.278251490769145 83.16268872527985 24.202241511033208 -9.172577394466323e-06 2.488902568799287e-06 -3.928737142475701e-06 3.0325890705221585e-06 -3.7619635892101985e-06 3.0259389498573446e-06
318.01376341393325 -10.913129841683334 0.29492188 0.55029297 [318.01376341393325,-10.913129841683334] -24.158384084034036 0.586408052647575 0.000991096795413816 2.1598555191934925e-05 [1766.305175781,2825.686523438] -19.546066263782574 -19.336875004947153 6.063466997133709 25.543892025258742 53.647150802955366 -8.602398042829649e-06 3.488521554526079e-06 -1.6423695248748655e-06 3.3367384494371908e-06 -1.7168590465797628e-06 3.3397332775260565e-06
