data_processed/hvc_rms/hvc_rms_index_4.ecsv
# %ECSV 1.0
# ---
# datatype:
# - {name: ra_dec_obj.ra, unit: deg, datatype: float64}
# - {name: ra_dec_obj.dec, unit: deg, datatype: float64}
# - {name: 'H-alpha flux [Error]', unit: R, datatype: float32}
# - {name: H-alpha flux, unit: R, datatype: float32}
# - {name: ra_dec_deg, datatype: string, subtype: 'float64[2]'}
# - {name: RM, unit: rad / m2, datatype: float64}
# - {name: RM_uncert, unit: rad / m2, datatype: float64}
# - {name: pol_int, datatype: float64}
# - {name: pol_int_uncert, datatype: float64}
# - {name: ra_dec_pix_offsets, datatype: string, subtype: 'float64[2]'}
# - {name: interpolation_raw, unit: rad / m2, datatype: float64}
# - {name: interpolation_cor, unit: rad / m2, datatype: float64}
# - {name: interpolation_unc, unit: rad / m2, datatype: float64}
# - {name: pixel location x, datatype: float64}
# - {name: pixel location y, datatype: float64}
# meta: !!omap
# - __serialized_columns__:
#     ra_dec_obj:
#       __class__: astropy.coordinates.sky_coordinate.SkyCoord
#       dec: !astropy.table.SerializedColumn
#         __class__: astropy.coordinates.angles.Latitude
#         unit: &id001 !astropy.units.Unit {unit: deg}
#         value: !astropy.table.SerializedColumn {name: ra_dec_obj.dec}
#       frame: icrs
#       ra: !astropy.table.SerializedColumn
#         __class__: astropy.coordinates.angles.Longitude
#         unit: *id001
#         value: !astropy.table.SerializedColumn {name: ra_dec_obj.ra}
#         wrap_angle: !astropy.coordinates.Angle
#           unit: *id001
#           value: 360.0
#       representation_type: spherical
# schema: astropy-2.0
ra_dec_obj.ra ra_dec_obj.dec "H-alpha flux [Error]" "H-alpha flux" ra_dec_deg RM RM_uncert pol_int pol_int_uncert ra_dec_pix_offsets interpolation_raw interpolation_cor interpolation_unc "pixel location x" "pixel location y"
16.556604418734704 -12.227003345936753 0.26953125 0.34301758 [16.556604418734704,-12.227003345936753] -6.236453331352919 3.028982995594483 0.0002371876041314102 2.6699155617186363e-05 [5135.975585938,-3174.223632812] 0.7039075990665641 -0.0025523254138621887 3.241359551703207 62.59251026779907 13.003543289090885
15.316870716566337 -14.985239117981793 0.25195312 0.18707275 [15.316870716566337,-14.985239117981793] 4.760064703651318 1.5897196387990074 0.0003119226041641429 1.8427910340188626e-05 [2922.625976562,1768.687011719] 4.961172373210461 5.097940256359895 2.942374718678273 27.278152458193517 44.897206593003375
15.306609279463618 -14.989460119633293 0.27539062 0.42907715 [15.306609279463618,-14.989460119633293] 0.15842608870381253 2.0336670339421503 0.0002425532087198007 1.833139755561638e-05 [2904.733886719,1776.157226562] 5.066108897855436 5.256617633093423 2.9079281667218524 27.207137549252366 45.402169601258265
14.74772835297754 -11.752962314334667 0.28125 0.44958496 [14.74772835297754,-11.752962314334667] -7.664948114790436 1.6673827824858976 0.00033201387433056556 2.0573124219821303e-05 [1959.395996094,-4054.051757812] -1.8101038057818288 -1.435450353603751 3.0905584459357263 64.72644295801888 95.49701564516363
15.79293824266697 -15.501446747565707 0.24804688 0.14202881 [15.79293824266697,-15.501446747565707] 7.555598365696756 2.150444479014671 0.00024481705670066433 1.9564944026889444e-05 [3740.746337891,2704.30859375] 4.668109525033768 4.855012081972866 2.5807053460419156 22.304929115998902 13.365451093855427
15.791090056020694 -15.49733825764807 0.24804688 0.14202881 [15.791090056020694,-15.49733825764807] -1.4085986293242958 2.77516992701177 0.00018956138999435418 1.9550063321952554e-05 [3737.6171875,2696.886962891] 4.668109525033768 4.855012081972866 2.5807053460419156 22.34832099760206 13.518601055173804
15.354701110024648 -14.63290405966734 0.2890625 0.55029297 [15.354701110024648,-14.63290405966734] 2.9070227476767228 0.8968781358466528 0.0005321073423857161 1.7735416490851673e-05 [2993.236816406,1135.036621094] 4.509230899304423 4.606554993752726 3.0333694221112215 31.517031814438383 46.35954236506586
14.481093474135863 -15.289235066970363 0.27148438 0.3885498 [14.481093474135863,-15.289235066970363] 9.178865596510402 2.587801685947938 0.00017724219859668148 1.704538532358103e-05 [1467.646972656,2308.017578125] 5.090127167603793 4.718537921614052 2.91743440807637 22.215849651659028 87.7943849488538
14.482926307454404 -15.285733252511589 0.28125 0.47143555 [14.482926307454404,-15.285733252511589] 5.521335405803191 2.4533243455421894 0.000188219240197408 1.716041109764201e-05 [1470.853515625,2301.727294922] 5.238532233138999 4.890012743986839 2.927071734399811 22.2601432724623 87.71732669618495
14.800420666282546 -12.058534606749191 0.32421875 0.87646484 [14.800420666282546,-12.058534606749191] -8.331238261184405 2.0380412928115144 0.00024406024271382437 1.848496876291022e-05 [2049.930175781,-3503.952148438] 0.1784254635122624 0.16565497244333605 2.797655087959009 61.15245151211616 91.61077117525019
15.179553110324088 -13.891469819384564 0.2890625 0.5234375 [15.179553110324088,-13.891469819384564] -15.22660314645768 1.6847688413498292 0.0002789850461669411 1.746746776424689e-05 [2697.174316406,-201.5952148438] 5.630524222822551 5.573169108157053 3.3178549094943093 39.95414763128167 61.77312114950155
16.569454207157314 -12.517038582626531 0.25976562 0.25048828 [16.569454207157314,-12.517038582626531] -7.9259463587651275 0.12047006398710722 0.006761618026206649 3.0271816166661272e-05 [5152.827392578,-2652.129882812] 2.3832340923350435 1.2223022747052577 3.2567105687796376 59.230351779355146 9.51550130078158
15.517056528097697 -13.839680802729477 0.28320312 0.45715332 [15.517056528097697,-13.839680802729477] -16.793516131622404 2.1284986148566367 0.00022613583147482413 1.7887574571388806e-05 [3287.381347656,-290.5473632812] 5.3308661671611794 5.0086546544572075 3.488410163049282 41.21954767233012 45.56399912859615
15.722888987123468 -15.628117562292786 0.2734375 0.40368652 [15.722888987123468,-15.628117562292786] -1.190470414513237 0.15134885806049123 0.003464785073660382 1.9487860020262344e-05 [3617.100097656,2931.133300781] 4.795366578886588 4.795755867135924 2.6833503898888176 20.644566057602447 15.589995216845182
15.724569297392339 -15.627795263464124 0.2734375 0.40368652 [15.724569297392339,-15.627795263464124] -0.8401079106053895 0.20600805510007392 0.002552472087731451 1.954132045762522e-05 [3620.016601562,2930.579101562] 4.795366578886588 4.795755867135924 2.6833503898888176 20.652562682798248 15.501451096634355
15.721411718147479 -15.626249252235183 0.2734375 0.40368652 [15.721411718147479,-15.626249252235183] -0.3114246536721644 0.33242691022961784 0.0015828681210629254 1.9554630259517027e-05 [3614.573974609,2927.749267578] 4.795366578886588 4.795755867135924 2.6833503898888176 20.66274092362255 15.695265025360186
15.05737970538021 -13.852868058484425 0.27148438 0.3605957 [15.05737970538021,-13.852868058484425] -0.9195748148642553 2.6290921290858695 0.00017860998868556756 1.74509972917087e-05 [2484.178710938,-272.4135742188] 5.45125738999924 5.591330377355575 3.290324009107748 40.1969550284382 68.13564155444965
15.680929143574833 -11.374394221781571 0.26367188 0.27844238 [15.680929143574833,-11.374394221781571] -10.870587861253298 2.474181921889802 0.0003145353271050661 2.8920764089664347e-05 [3608.172607422,-4723.869140625] -1.791371812414842 -0.8114581611819092 2.8200345133658344 70.70647325256073 57.63901861812383
16.38288500205558 -12.713832048000873 0.33203125 0.9555664 [16.38288500205558,-12.713832048000873] 2.9152781637479404 2.5290920107043924 0.000269400451417696 2.5320463535410385e-05 [4821.680419922,-2301.959960938] 3.950266429408629 2.161078001713273 3.113966145596288 56.44888577005452 15.80148541228482
15.815290426917372 -14.056331697401143 0.28125 0.44799805 [15.815290426917372,-14.056331697401143] -3.1797650633024115 2.952944342012931 0.00017610500523572537 1.932571915956644e-05 [3804.716308594,103.8764648438] 4.882980922639075 4.481337189509242 3.1389446365341214 39.317297258410235 28.785899572387734
14.486934543738995 -15.557220496813182 0.28515625 0.517334 [14.486934543738995,-15.557220496813182] 2.9215033483464303 0.8684202767428558 0.0005398363267381848 1.742211051125958e-05 [1475.883300781,2790.276855469] 4.6046956300603075 3.957627813764237 2.94522429019056 19.032926433595208 85.52668551107308
14.261246810056324 -15.660910595915487 0.328125 0.94921875 [14.261246810056324,-15.660910595915487] 1.1976175837749612 2.1570055203676755 0.000215042331967378 1.7237882685151416e-05 [1084.013671875,2975.625732422] 4.637048425439778 4.004049967099519 3.0858224037812456 17.492205645807303 97.68109204674374
14.808938089186794 -12.847507455568442 0.30859375 0.72436523 [14.808938089186794,-12.847507455568442] -7.133238244793559 1.2612942741055697 0.00036591546301906094 1.7151649368758458e-05 [2058.653320312,-2084.27734375] 4.8407957496733625 3.8660263006705353 3.3891252701289263 51.76318820772883 86.82917853498475
14.807014549782277 -12.838310086280954 0.30859375 0.72436523 [14.807014549782277,-12.838310086280954] -7.14419846554879 2.617916343776823 0.00017730148958798074 1.72495135415398e-05 [2055.353515625,-2100.845703125] 4.8407957496733625 3.8660263006705353 3.3891252701289263 51.869998528249994 86.97298355849762
14.44207295674466 -16.170135466613644 0.2890625 0.5546875 [14.44207295674466,-16.170135466613644] 2.8979331476427332 2.160597155915624 0.0002494746835260397 2.003129300620127e-05 [1393.858398438,3892.661132812] 4.583513415891009 4.291562643045399 2.723091063437817 11.671547008987545 83.40888359497467
15.387023904479186 -15.541054658140068 0.2578125 0.23474121 [15.387023904479186,-15.541054658140068] 0.10181687501886005 0.9405493065603255 0.0005372465453053723 1.8778629879640486e-05 [3036.506591797,2769.765625] 4.758031066413929 5.240208294195964 2.52927281355782 20.873474416976023 35.19670810160551
15.388049084258725 -15.54015534724071 0.2578125 0.23474121 [15.388049084258725,-15.54015534724071] 0.35089296346192905 1.1037612538133357 0.0004570551956449879 1.874789437268198e-05 [3038.296875,2768.160644531] 4.758031066413929 5.240208294195964 2.52927281355782 20.88633705244456 35.1500244682893
15.070926646500725 -12.789426031419836 0.265625 0.29223633 [15.070926646500725,-12.789426031419836] -7.661234175721473 0.39688361693525076 0.0011979747698616634 1.7669308226024283e-05 [2518.888183594,-2186.267578125] 5.112132638716697 3.802089419937975 3.3004234276610864 52.85139158223342 75.0032234109367
14.345589737426648 -14.660168631607055 0.30273438 0.70288086 [14.345589737426648,-14.660168631607055] 45.087151935560755 1.6814501959097532 0.00026697031368988174 1.6682290635249995e-05 [1236.016113281,1175.09765625] 4.76452449817351 5.4213463865215985 3.187901760486932 29.536526477459347 99.21601796315554
14.35368335370359 -14.673237865178221 0.31054688 0.76708984 [14.35368335370359,-14.673237865178221] 2.1632441220244623 0.7031840803797815 0.0006373129454485997 1.6654456840029788e-05 [1250.034667969,1198.663085938] 4.777122919574126 5.412477071090647 3.182046117274428 29.39060618052804 98.70867698430902
14.885704882256523 -15.128056484733978 0.30273438 0.69433594 [14.885704882256523,-15.128056484733978] 5.913488453868682 2.915137727669062 0.0001645637371194881 1.78279711485374e-05 [2171.711425781,2021.071777344] 6.712074333460602 6.146611024737618 3.068885798960886 24.768084283413714 66.79984144017817
14.99419793100308 -11.47942729678759 0.34765625 1.1079102 [14.99419793100308,-11.47942729678759] -17.971032327258467 2.1275299446169202 0.00032095581727343176 2.5376378080041293e-05 [2395.98828125,-4543.712890625] -2.116479233270308 -1.2079886083598077 3.038345287357948 68.32261807625821 86.22711482293562
15.470949222463492 -15.170115485996906 0.30859375 0.75024414 [15.470949222463492,-15.170115485996906] 5.925104513885017 1.800962686333808 0.0002816144512938486 1.884813376458716e-05 [3187.638183594,2103.384765625] 5.140008818475309 5.215194894528338 2.7062782890469146 25.4283594136798 34.71717089180629
15.04880530971853 -15.045403450529351 0.28710938 0.53808594 [15.04880530971853,-15.045403450529351] 5.37954219533859 2.179837367105237 0.00022078110629460205 1.7885237081377397e-05 [2455.99609375,1873.918945312] 5.989715639389056 6.0151158953351125 3.0350900967376173 26.040640083080802 58.692418573919895
15.048128990083216 -15.049432879391459 0.28710938 0.53808594 [15.048128990083216,-15.049432879391459] 7.900231537562254 2.5315171087763444 0.00018936953678348712 1.7815568560303724e-05 [2454.774414062,1881.163574219] 5.989715639389056 6.0151158953351125 3.0350900967376173 25.991655861899176 58.69237300982377
15.49918744564702 -16.228591938594402 0.2890625 0.54663086 [15.49918744564702,-16.228591938594402] 6.933732214581802 1.8344137606090687 0.0003272846742464178 2.2311649136662212e-05 [3219.911865234,4008.103271484] 4.947662827789329 4.220880166818751 2.4515114573020873 13.052897049020885 20.49078682645313
16.240263017942393 -12.640788211161624 0.28515625 0.48742676 [16.240263017942393,-12.640788211161624] -17.369177959024583 2.751529333631648 0.0002245554554768577 2.2961828071441965e-05 [4572.839111328,-2436.225585938] 4.701488710025065 2.5647132653974207 3.0999903453941084 56.955822291057075 22.908266720154643
15.325671289709481 -15.45666983135787 0.26953125 0.35876465 [15.325671289709481,-15.45666983135787] -0.4145706128639171 0.42354779708211854 0.0011986123052883046 1.886643581403818e-05 [2931.354003906,2617.155517578] 5.1569276070046035 5.576978648830064 2.5727638647840667 21.734044416826464 39.51685629146141
15.680772811775109 -12.72366814350499 0.27148438 0.36035156 [15.680772811775109,-12.72366814350499] -2.2170568550982463 0.6649708701099549 0.0007655237850188044 1.8917773131346678e-05 [3589.811035156,-2296.733398438] 3.9736213041443538 2.9587580650439387 3.2510293745963432 54.73970160563147 47.453258561819894
16.04171943372808 -12.961924639156672 0.30078125 0.64746094 [16.04171943372808,-12.961924639156672] -6.770118987546301 1.3243327444127388 0.000419350763356223 2.0638743721146674e-05 [4219.081054688,-1862.025390625] 3.7191076479713647 1.987257259844505 3.236098091481358 52.713277071111065 28.837191011007235
15.874094010551564 -15.303416264626623 0.24511719 0.11303711 [15.874094010551564,-15.303416264626623] 6.847608903616478 3.225309177380054 0.00016307021772707446 1.9545856525915884e-05 [3885.105957031,2349.283203125] 4.182487005149102 4.714990448189583 2.5933568549455295 24.830123345362836 11.497298203446917
15.515505779586825 -15.374827347718787 0.30273438 0.6953125 [15.515505779586825,-15.374827347718787] -2.051457995861113 2.950927852113624 0.00017406192588284333 1.9088468210807728e-05 [3261.821777344,2472.370849609] 4.911776384111424 5.408271952612208 2.5209079220714172 23.119568485460945 30.020591655027147
14.5297594050805 -13.39430138087804 0.31054688 0.7285156 [14.5297594050805,-13.39430138087804] 3.9091500188465886 1.351737325360823 0.00033269408628382185 1.6712679720357946e-05 [1565.30859375,-1102.314941406] 2.553318681089472 2.670164133321008 3.085256646018859 44.869372942245604 97.02394400112689
15.550782161843273 -14.91900069934014 0.28125 0.47473145 [15.550782161843273,-14.91900069934014] 3.917379100699205 1.6622229378006117 0.0002989316803931373 1.8465876117057693e-05 [3330.175292969,1652.56640625] 4.850939303385721 4.666783885857776 2.9709616763072644 28.56355254361722 33.18616121222476
15.480554605860961 -14.954437240703244 0.27929688 0.4588623 [15.480554605860961,-14.954437240703244] 7.329003910056601 2.839464707535381 0.00017442158902771738 1.8405406639579903e-05 [3207.563476562,1715.372070312] 4.892749304970904 4.759659003072924 2.9403971557183706 27.990279365543074 36.518252481937
14.482896716805726 -13.54218290596687 0.30664062 0.685791 [14.482896716805726,-13.54218290596687] 7.190429936006163 0.1868274938939864 0.002373264454632416 1.647766336403127e-05 [1482.34375,-836.443359375] 2.631851133778127 3.0386238711333338 3.2741127073302563 43.046240025643556 98.50824505286892
14.48451625773332 -13.541529728464196 0.30664062 0.685791 [14.48451625773332,-13.541529728464196] 7.5089927230241305 0.2779312972147578 0.0015930297857374173 1.6453945471985954e-05 [1485.181640625,-837.6088867188] 2.631851133778127 3.0386238711333338 3.2741127073302563 43.05605003882431 98.4322982191502
14.487504891266822 -13.5444029837186 0.30664062 0.685791 [14.487504891266822,-13.5444029837186] 7.630683401659573 1.6144392241700294 0.00027510382391760624 1.650543713566351e-05 [1490.393066406,-832.4184570312] 2.631851133778127 3.0386238711333338 3.2741127073302563 43.025495467996166 98.27001623985598
14.487510634272821 -15.357125251013121 0.28125 0.4864502 [14.487510634272821,-15.357125251013121] 3.0708160129099813 1.909787917690812 0.0002423914901750342 1.720327822920851e-05 [1478.308105469,2430.226806641] 5.045242706993944 4.610821104434303 2.8974826945431778 21.41637796822954 86.95355600766106
14.664313225042125 -15.142601928276774 0.27148438 0.38952637 [14.664313225042125,-15.142601928276774] 6.743090431950665 1.1257891660984327 0.0004121353748134707 1.7242715441462602e-05 [1786.970214844,2045.397705078] 6.504096008174045 5.763120395395669 2.963385934476081 24.23208660850571 78.76872066769465
14.671661469109766 -15.143336275105582 0.2734375 0.39831543 [14.671661469109766,-15.143336275105582] 2.8830395204761503 0.9999602304629726 0.00046510209253224424 1.7283819594502523e-05 [1799.729492188,2046.774902344] 6.5592500530041296 5.807664855942624 2.9619460400909103 24.234756341795446 78.36078450418563
14.544553718287787 -13.070461199685914 0.32421875 0.86083984 [14.544553718287787,-13.070461199685914] -10.777067458545552 1.4928246938307124 0.00030087126231903165 1.669160972602181e-05 [1593.325683594,-1685.0703125] 3.869629986223871 3.700054255248238 3.3920594084256024 48.751432147621586 98.04703711825096
