data_processed/hvc_rms/hvc_rms_index_4.ecsv
# %ECSV 1.0
# ---
# datatype:
# - {name: ra_dec_obj.ra, unit: deg, datatype: float64}
# - {name: ra_dec_obj.dec, unit: deg, datatype: float64}
# - {name: 'H-alpha flux [Error]', unit: R, datatype: float32}
# - {name: H-alpha flux, unit: R, datatype: float32}
# - {name: ra_dec_deg, datatype: string, subtype: 'float64[2]'}
# - {name: RM, unit: rad / m2, datatype: float64}
# - {name: RM_uncert, unit: rad / m2, datatype: float64}
# - {name: pol_int, datatype: float64}
# - {name: pol_int_uncert, datatype: float64}
# - {name: ra_dec_pix_offsets, datatype: string, subtype: 'float64[2]'}
# - {name: interpolation_raw, unit: rad / m2, datatype: float64}
# - {name: interpolation_cor, unit: rad / m2, datatype: float64}
# - {name: interpolation_unc, unit: rad / m2, datatype: float64}
# - {name: pixel location x, datatype: float64}
# - {name: pixel location y, datatype: float64}
# meta: !!omap
# - __serialized_columns__:
#     ra_dec_obj:
#       __class__: astropy.coordinates.sky_coordinate.SkyCoord
#       dec: !astropy.table.SerializedColumn
#         __class__: astropy.coordinates.angles.Latitude
#         unit: &id001 !astropy.units.Unit {unit: deg}
#         value: !astropy.table.SerializedColumn {name: ra_dec_obj.dec}
#       frame: icrs
#       ra: !astropy.table.SerializedColumn
#         __class__: astropy.coordinates.angles.Longitude
#         unit: *id001
#         value: !astropy.table.SerializedColumn {name: ra_dec_obj.ra}
#         wrap_angle: !astropy.coordinates.Angle
#           unit: *id001
#           value: 360.0
#       representation_type: spherical
# schema: astropy-2.0
ra_dec_obj.ra ra_dec_obj.dec "H-alpha flux [Error]" "H-alpha flux" ra_dec_deg RM RM_uncert pol_int pol_int_uncert ra_dec_pix_offsets interpolation_raw interpolation_cor interpolation_unc "pixel location x" "pixel location y"
[from data line 105]
14.66176504071041 -16.041383785857075 0.27929688 0.4588623 [14.66176504071041,-16.041383785857075] 4.512159903254239 2.6331561327596815 0.0002010013937260072 1.966909524177043e-05 [1774.76171875,3662.534912109] 5.139132752602438 4.670045905611126 2.84650006723951 13.546902183678867 71.50310538588201
14.889382319711505 -12.789458323492951 0.31835938 0.82421875 [14.889382319711505,-12.789458323492951] 1.8017918860596984 1.309506459595612 0.0003544404115716062 1.7248827557677314e-05 [2200.303222656,-2188.018554688] 4.876988609627108 3.7828764852479106 3.344383666800733 52.57111183852521 83.427825333501
14.928628064754275 -12.788334860232698 0.3203125 0.8457031 [14.928628064754275,-12.788334860232698] 9.109351409350369 1.735917090753696 0.00027014288641159947 1.742734456813032e-05 [2269.186035156,-2189.669921875] 5.0117813182646085 3.9134915679167674 3.3364772066058057 52.64299592833163 81.61134307231714
14.895398052001914 -12.777909105098988 0.32226562 0.8461914 [14.895398052001914,-12.777909105098988] -9.720989112627702 2.509450948564725 0.00018483276657587147 1.7237186411530995e-05 [2210.961425781,-2208.74609375] 4.919468573889404 3.8229423285273714 3.3431285998283684 52.717486471572215 83.21842416581467
16.093507773208433 -12.58775342356532 0.30078125 0.64575195 [16.093507773208433,-12.58775342356532] -6.052784031084933 0.008112355642980356 0.07697755763028898 2.3207043292844092e-05 [4316.227783203,-2534.41015625] 4.782372851539255 2.729046651581716 3.055722535438069 57.23481378186989 29.979560685520937
15.093801524260522 -14.559347111198424 0.28125 0.46643066 [15.093801524260522,-14.559347111198424] -37.60964420667899 1.5407938790111104 0.00030251489152115604 1.73220786294728e-05 [2539.873535156,999.595703125] 4.66993006792276 5.008767943279463 3.0540612510512677 31.882222797571103 60.59002459104295
15.369794908324167 -11.624821409546035 0.265625 0.3121338 [15.369794908324167,-11.624821409546035] -12.10995465491181 0.4908824588938239 0.001290601799201326 2.354390424331416e-05 [3056.711181641,-4277.923828125] -0.6689261289321828 -0.41027910243885524 3.1477623103562853 67.18099631749885 69.22600479043922
15.326557188040438 -11.617360064071926 0.26953125 0.33422852 [15.326557188040438,-11.617360064071926] -13.250188395642034 1.5649634292618013 0.00040605227998090864 2.3615375186986503e-05 [2980.593505859,-4291.893554688] -0.8047279999384138 -0.5579393513853845 3.1205233355208657 67.19695313522686 71.13420875879092
15.359606735953081 -11.623251706511287 0.265625 0.30895996 [15.359606735953081,-11.623251706511287] -14.893645900454727 2.789822349649845 0.00022601817419168476 2.343303896137913e-05 [3038.773925781,-4280.877929688] -0.7028765966837613 -0.45110941646063063 3.1409525666474263 67.18240170292461 69.6744593242438
15.106946007073047 -13.270571694561859 0.29882812 0.60913086 [15.106946007073047,-13.270571694561859] 6.704472155133034 2.4888434610749663 0.00018497308813393971 1.7108614171145652e-05 [2577.083007812,-1319.961914062] 5.02526349772428 4.057589765380764 3.282684878841475 47.19428096885417 70.01012407289318
15.452712995226294 -15.130377830996151 0.31445312 0.81152344 [15.452712995226294,-15.130377830996151] 7.866554340790226 1.3128620552690984 0.00038084158318603444 1.8581131695712604e-05 [3156.565429688,2031.629150391] 5.1417856409456695 5.1169794707260285 2.756644640349224 25.856115909868436 36.12681811602397
14.75016778764871 -13.81152068391116 0.24902344 0.12112427 [14.75016778764871,-13.81152068391116] -14.125175493868582 0.541807355826019 0.000829656249491538 1.670520421121655e-05 [1947.759277344,-349.7124023438] 4.588003207135553 5.320983524972588 3.367612873693058 40.19924746530137 83.69205824000801
14.747513787055391 -13.811108527677808 0.24707031 0.1000061 [14.747513787055391,-13.811108527677808] -12.101777235849891 0.43899780356902796 0.0010241181481947666 1.6707870973481947e-05 [1943.124511719,-350.4760742188] 4.551948404394635 5.303427081655653 3.375522029727785 40.20024744141392 83.82680807570432
15.193428931200868 -12.331251133988093 0.26757812 0.31103516 [15.193428931200868,-12.331251133988093] -8.236413144148482 3.0297818490823754 0.0001608922573320788 1.8115703649736163e-05 [2738.721679688,-3009.341796875] 2.3985454664221217 1.6354654382105442 3.128119791098058 58.49546778941158 72.41589413395923
14.88864626569108 -16.09171290862586 0.29882812 0.6425781 [14.88864626569108,-16.09171290862586] 5.750594198077613 0.39781520842575135 0.001379916834653406 2.040060270832639e-05 [2166.620605469,3754.955810547] 5.37644039631825 4.66187001326611 2.6946738958607774 13.350699203808176 57.721071299368305
14.882728441208943 -16.10323906720372 0.30273438 0.67822266 [14.882728441208943,-16.10323906720372] 0.7681743296880005 0.4885469767559212 0.001133621776349876 2.058179334088342e-05 [2156.263183594,3775.634765625] 5.406860633350338 4.7578419044682665 2.698790221258298 13.203152224675932 57.952437923111574
14.883859696710374 -16.100664172969648 0.30273438 0.67822266 [14.883859696710374,-16.100664172969648] 0.055512079523788935 0.8391048845398407 0.0006585368859520829 2.0535489430165882e-05 [2158.247070312,3771.013427734] 5.406860633350338 4.7578419044682665 2.698790221258298 13.235755924364753 57.911898633699366
15.240037084403157 -14.979395837326882 0.2890625 0.5637207 [15.240037084403157,-14.979395837326882] 6.421834553115554 0.02120017401731613 0.023188730443590863 1.8269434348278035e-05 [2789.159667969,1757.244140625] 5.08123232728114 5.479345821018174 2.929983995370432 27.19079515444662 49.05337364034858
15.206025001095544 -15.001369480178163 0.28515625 0.5270996 [15.206025001095544,-15.001369480178163] 5.633092243075765 0.04798719108856481 0.010208073807178194 1.820446138674305e-05 [2729.760742188,1796.393554688] 5.094036003252019 5.526013296189246 2.9397710896511358 26.863298473067857 50.659333374187554
16.412284916659686 -13.290012287450441 0.296875 0.60058594 [16.412284916659686,-13.290012287450441] -14.880471593061568 1.4746380042209282 0.00043801486522175646 2.400396446556668e-05 [4861.942382812,-1264.464355469] 3.5598751735345107 1.9611174700354317 2.9813085720806827 49.77835891289499 8.410266583136945
14.611808906317119 -16.282751069929176 0.24414062 0.1000061 [14.611808906317119,-16.282751069929176] 5.025834313458243 0.9489261398814712 0.0006180952505164891 2.1796989743835093e-05 [1686.296386719,4096.319458008] 4.539851441039243 4.462753982184596 2.7138989371981888 10.597845654995467 72.30464691514226
16.363586399722344 -13.650091223637062 0.30664062 0.6904297 [16.363586399722344,-13.650091223637062] -4.752956625105691 1.0365196907932002 0.0006026481572327816 2.3214006029048285e-05 [4769.547363281,-617.384765625] 4.4521938022093055 3.2990497667144596 3.249257284841434 45.44060354168994 6.6751109256092604
15.05420309126404 -15.373462736074607 0.2890625 0.55615234 [15.05420309126404,-15.373462736074607] -16.930635743750933 1.0452593111986654 0.0004661750312864153 1.8108469949906288e-05 [2461.54296875,2464.33984375] 6.421334821400871 5.658172300504733 2.8403590990361294 22.16642229929539 55.343585891578186
15.054465285986828 -15.374814035238819 0.2890625 0.55615234 [15.054465285986828,-15.374814035238819] -24.82004149228982 1.5762346431686771 0.0003097536321370897 1.8144540696355247e-05 [2461.981933594,2466.774169922] 6.421334821400871 5.658172300504733 2.8403590990361294 22.15092889430241 55.31617620083989
15.713039430856643 -14.042674052126278 0.29882812 0.6257324 [15.713039430856643,-14.042674052126278] 7.692738850819618 0.8428599422257214 0.0006011603260655097 1.8830178136986696e-05 [3626.514892578,77.68896484375] 5.177053647979993 4.6604089372846875 3.1927028175973393 39.245656319384125 33.97779935470999
14.807374860019909 -12.15650255914086 0.31835938 0.82910156 [14.807374860019909,-12.15650255914086] -6.5603012874135525 2.3171066226820622 0.00020960072328223388 1.8048765344435167e-05 [2061.413085938,-3327.6484375] 0.7674622894406867 0.6253163222337754 2.7671761692606696 59.99416879486148 90.77925212324044
15.448321409960172 -11.896875521000004 0.2890625 0.5463867 [15.448321409960172,-11.896875521000004] -6.931396404032748 0.9764061587129096 0.000564845247958858 2.049598018960623e-05 [3191.937255859,-3787.579101562] 1.0601919117347032 0.7161182559149428 3.171515937442748 64.08836687796509 64.02491582683342
15.446337728330942 -11.895417446016303 0.2890625 0.5463867 [15.446337728330942,-11.895417446016303] -4.363150312814518 0.666823027082091 0.0008279925160317086 2.051850446973083e-05 [3188.462158203,-3790.228515625] 1.0601919117347032 0.7161182559149428 3.171515937442748 64.1021437222729 64.12142691191912
14.734054639630031 -12.925116627418713 0.30664062 0.6923828 [14.734054639630031,-12.925116627418713] -7.174537606420223 0.8445372187237755 0.0005413538116176934 1.6990599222403903e-05 [1926.666503906,-1945.239257812] 5.023941939165535 4.296634471992222 3.4896227232204824 50.733663548942445 89.88718981277498
14.735604156637285 -12.928301679133352 0.30664062 0.6923828 [14.735604156637285,-12.928301679133352] 3.305643732746569 2.2130123294349304 0.00020624229385632676 1.696173473643032e-05 [1929.359863281,-1939.494628906] 5.023941939165535 4.296634471992222 3.4896227232204824 50.697844788660404 89.79615426759165
15.93393035733665 -12.241471279861466 0.32421875 0.88549805 [15.93393035733665,-12.241471279861466] -3.183504036567926 2.979822132319312 0.00017863239687555748 1.9781502272436386e-05 [4041.506103516,-3160.264648438] 2.3030951602217327 1.6317200111573453 3.0896066541523033 60.96146230398017 40.10680976125332
16.037300055762227 -12.248560135704892 0.29296875 0.5793457 [16.037300055762227,-12.248560135704892] -4.837826274842543 0.357193545983125 0.0015290931247015163 2.0297672544720624e-05 [4223.074707031,-3145.70703125] 2.6360059074935496 1.5934846678965893 3.1431301754638916 61.10271349530251 35.49432377752146
16.031816429868176 -12.249680533688068 0.29296875 0.5793457 [16.031816429868176,-12.249680533688068] -2.5461717216535935 0.39544313197392594 0.0013789155768564906 2.0264244551101877e-05 [4213.419433594,-3143.7890625] 2.6360059074935496 1.5934846678965893 3.1431301754638916 61.07739916793366 35.725926301390245
14.951416088348358 -14.274478895199078 0.30078125 0.6533203 [14.951416088348358,-14.274478895199078] 2.0313298879660096 1.5724713848225735 0.0002929534069540434 1.7119457861051834e-05 [2294.8125,485.4018554688] 5.297325654378343 5.699007124742895 2.9370827660344085 35.011911496238895 70.24951941677182
15.902091043259597 -15.795514110577104 0.2734375 0.38708496 [15.902091043259597,-15.795514110577104] 11.34015512028395 2.0382380988453264 0.0002782306211983881 2.107504660728179e-05 [3924.288818359,3235.153808594] 4.7049548356527415 4.17808451421868 2.9131778240016417 19.153927737878348 3.4545496118266783
15.901369133510146 -15.79594891547749 0.2734375 0.38708496 [15.901369133510146,-15.79594891547749] 11.722073205244268 2.387120472101092 0.00023762317287303038 2.1080059434356875e-05 [3923.031005859,3235.924072266] 4.7049548356527415 4.17808451421868 2.9131778240016417 19.146909096382046 3.4885771343510896
14.764466327007018 -11.6409413978058 0.30078125 0.6567383 [14.764466327007018,-11.6409413978058] -16.233804176496353 0.38417444303365056 0.0015367128849651493 2.19396606675541e-05 [1989.691894531,-4255.383789062] -2.230211331846596 -1.6314659468079045 3.123329973373133 66.08417116723717 95.31912002892022
14.770967433635306 -11.630220241419378 0.29882812 0.6296387 [14.770967433635306,-11.630220241419378] -16.263577691183634 0.6068519426791681 0.0009788260527683838 2.2074809778220992e-05 [2001.228027344,-4274.610351562] -2.2217733630148144 -1.6062043461359772 3.1161968745854534 66.22046371589215 95.08939227422434
15.59794234881834 -15.894877481134237 0.25390625 0.20361328 [15.59794234881834,-15.894877481134237] 8.314304539810799 1.7286112044457729 0.00031411714164918423 2.0178908158609114e-05 [3396.181396484,3409.205810547] 4.509165355038593 4.154059334555516 2.6380442938090622 17.207943192533776 19.15465201540701
14.964739681009833 -13.021736051030656 0.27539062 0.39257812 [14.964739681009833,-13.021736051030656] -12.1516982915997 2.37955425846601 0.00020035527546985465 1.771760834978164e-05 [2330.3828125,-1769.28125] 6.053055766795166 4.73240155523493 3.34916570537558 49.92143799656219 78.44573805274194
16.145410478854096 -11.996111961460459 0.28515625 0.5073242 [16.145410478854096,-11.996111961460459] -8.915131303727883 2.6395870577608576 0.00021985653542040565 2.1566718680877135e-05 [4417.246582031,-3597.873046875] 0.663024680769339 0.3565717297738704 3.138318693633002 64.31792483067989 32.958101478146546
14.390297056372026 -16.522701287520377 0.265625 0.31884766 [14.390297056372026,-16.522701287520377] 1.2024024652596081 0.551933235838232 0.0012348083962224956 2.532764578645057e-05 [1302.006835938,4526.451904297] 2.5457888703993974 2.831753113032521 2.5827349628163083 7.399240181005553 83.66987686012499
14.385378914108024 -16.53465653011504 0.26953125 0.3635254 [14.385378914108024,-16.53465653011504] -4.947127815194572 2.1829596061861056 0.0003130432387181062 2.5395614782504943e-05 [1293.440429688,4547.923461914] 2.2390701147632566 2.594646355646337 2.54031439633978 7.2497181340309 83.87337930323656
14.634797099705589 -11.680774692780764 0.27539062 0.39855957 [14.634797099705589,-11.680774692780764] -12.255465686192286 0.7809477580830927 0.000745593379084601 2.1638777855711556e-05 [1760.875,-4184.771484375] -2.170387300227422 -1.9427768392549174 3.193880146331387 65.44657707115641 100.77674627814804
15.723251285616948 -13.690125436412767 0.265625 0.27539062 [15.723251285616948,-13.690125436412767] -8.859957712987384 2.065495425662361 0.00023692809880747413 1.8186516048900523e-05 [3649.873291016,-556.7143554688] 4.71877233638762 4.30716005597962 3.401287962840977 43.42194518708379 36.91071469364442
15.259319290770389 -13.595342679632749 0.2890625 0.51953125 [15.259319290770389,-13.595342679632749] -17.97319384237985 0.20767493423025138 0.002272857137005454 1.7541427114380387e-05 [2840.087402344,-733.6733398438] 4.408901015772764 4.202187888264311 3.4870760333621633 43.60930334451268 60.22469277369328
15.26220314275284 -13.60534481591802 0.2890625 0.51953125 [15.26220314275284,-13.60534481591802] -11.641499616021276 0.6281396184818235 0.0007556576952651875 1.763965142868953e-05 [2845.010742188,-715.6357421875] 4.408901015772764 4.202187888264311 3.4870760333621633 43.49606288338407 60.00492318791839
16.12485697271731 -12.670688516541235 0.30664062 0.7192383 [16.12485697271731,-12.670688516541235] -10.739463075643748 0.4730575769553771 0.0012346494251705684 2.170532858013025e-05 [4369.831542969,-2384.602539062] 4.76580573253981 2.5758173470833565 3.075109828671484 56.331585573638336 27.804237553742496
16.11859318090544 -12.685234314007667 0.3203125 0.85595703 [16.11859318090544,-12.685234314007667] -7.705319765007173 0.751399944122152 0.0007759804948692102 2.1668590714375025e-05 [4358.592773438,-2358.543945312] 4.747694860388861 2.560039519865091 3.081934248841341 56.14594674694206 27.950137174344036
15.895041431698202 -12.262949818413778 0.32617188 0.91503906 [15.895041431698202,-12.262949818413778] -9.241004398955809 0.18558069555109313 0.002844434323833778 1.961721771217023e-05 [3972.828369141,-3122.28125] 2.4987868969043543 1.8010871097482943 3.055429175628544 60.62523175569379 41.64384468878325
15.895468780667267 -12.268610029342728 0.32617188 0.91503906 [15.895468780667267,-12.268610029342728] -13.577056780810047 1.5062962845663697 0.00034859732511677695 1.951385880865041e-05 [3973.494140625,-3112.090820312] 2.4987868969043543 1.8010871097482943 3.055429175628544 60.55933022196177 41.57798840113355
