data_processed/hvc_rms/hvc_rms_index_13_with_B.ecsv
# %ECSV 1.0
# ---
# datatype:
# - {name: ra_dec_obj.ra, unit: deg, datatype: float64}
# - {name: ra_dec_obj.dec, unit: deg, datatype: float64}
# - {name: 'H-alpha flux [Error]', unit: R, datatype: float32}
# - {name: H-alpha flux, unit: R, datatype: float32}
# - {name: ra_dec_deg, datatype: string, subtype: 'float64[2]'}
# - {name: RM, unit: rad / m2, datatype: float64}
# - {name: RM_uncert, unit: rad / m2, datatype: float64}
# - {name: pol_int, datatype: float64}
# - {name: pol_int_uncert, datatype: float64}
# - {name: ra_dec_pix_offsets, datatype: string, subtype: 'float64[2]'}
# - {name: interpolation_raw, unit: rad / m2, datatype: float64}
# - {name: interpolation_cor, unit: rad / m2, datatype: float64}
# - {name: interpolation_unc, unit: rad / m2, datatype: float64}
# - {name: pixel location x, datatype: float64}
# - {name: pixel location y, datatype: float64}
# - {name: 'B_virtual [raw]', unit: G, datatype: float64}
# - {name: 'B_virtual_unc [raw]', unit: G, datatype: float64}
# - {name: 'B_virtual [int]', unit: G, datatype: float64}
# - {name: 'B_virtual_unc [int]', unit: G, datatype: float64}
# - {name: 'B_virtual [cor]', unit: G, datatype: float64}
# - {name: 'B_virtual_unc [cor]', unit: G, datatype: float64}
# meta: !!omap
# - __serialized_columns__:
#     ra_dec_obj:
#       __class__: astropy.coordinates.sky_coordinate.SkyCoord
#       dec: !astropy.table.SerializedColumn
#         __class__: astropy.coordinates.angles.Latitude
#         unit: &id001 !astropy.units.Unit {unit: deg}
#         value: !astropy.table.SerializedColumn {name: ra_dec_obj.dec}
#       frame: icrs
#       ra: !astropy.table.SerializedColumn
#         __class__: astropy.coordinates.angles.Longitude
#         unit: *id001
#         value: !astropy.table.SerializedColumn {name: ra_dec_obj.ra}
#         wrap_angle: !astropy.coordinates.Angle
#           unit: *id001
#           value: 360.0
#       representation_type: spherical
# schema: astropy-2.0
ra_dec_obj.ra ra_dec_obj.dec "H-alpha flux [Error]" "H-alpha flux" ra_dec_deg RM RM_uncert pol_int pol_int_uncert ra_dec_pix_offsets interpolation_raw interpolation_cor interpolation_unc "pixel location x" "pixel location y" "B_virtual [raw]" "B_virtual_unc [raw]" "B_virtual [int]" "B_virtual_unc [int]" "B_virtual [cor]" "B_virtual_unc [cor]"
[from data line 183]
47.698635379240685 -56.81081011425442 1.265625 0.67285156 [47.698635379240685,-56.81081011425442] 27.285038984728665 2.3987673513320296 0.00018494830335826369 1.6487210544437363e-05 [-1773.645507812,1978.689208984] 22.604275039667698 22.09596538328547 6.349243570809862 48.26784509662252 13.759378687108665 8.78645279644353e-06 8.636575257646433e-06 1.5073209709391213e-06 3.4476795193821486e-06 1.6710091666671394e-06 3.5143830671085954e-06
45.90560884962179 -56.74305729283103 1.2109375 0.1000061 [45.90560884962179,-56.74305729283103] 34.21241368757096 1.228251661013766 0.00039415487968203107 1.7991317625871613e-05 [-3544.733398438,1925.635253906] 19.903436679287502 19.90817797577171 6.22817387963966 38.309472924070974 3.470965449722371 2.8577161932802248e-05 0.00017313614019723756 1.1952093085060923e-05 7.279895042277691e-05 1.1948132744856985e-05 7.277511203333941e-05
45.91035044834457 -55.8935661601299 1.2578125 0.5595703 [45.91035044834457,-55.8935661601299] 28.78811872510262 0.3465649804267548 0.0013409975760134162 1.7271154617441447e-05 [-3619.7265625,398.4677734375] 19.657545841459516 20.619444743529215 5.566788879007411 32.177097788506444 16.84174383547088 1.0165636742794975e-05 1.172597144034043e-05 3.224180366735616e-06 4.817092256835095e-06 2.884515419709835e-06 4.535041679848577e-06
48.15407926225164 -57.10262300147667 1.2578125 0.58984375 [48.15407926225164,-57.10262300147667] 40.41966396444841 1.5528712540976297 0.00028383102943627537 1.637962769528431e-05 [-1314.711425781,2493.546386719] 22.66836777463042 21.597147483025367 6.661619766675334 52.72343420967263 11.945876868800497 1.3901857798948768e-05 1.5078258123306655e-05 6.1053450517284245e-06 7.3490759746779296e-06 6.473778400861169e-06 7.701636357100106e-06
46.680202574720326 -55.0908509154112 1.28125 0.84155273 [46.680202574720326,-55.0908509154112] 32.580649661134075 1.7205874183954881 0.0002640916228992923 1.6886516605909168e-05 [-2902.49609375,-1081.099609375] 19.465119339683273 20.8424322572125 6.367047246886299 30.787234414371255 34.82459920331894 9.381401140611792e-06 7.4847997817977465e-06 3.7765376810200844e-06 4.0062004314397645e-06 3.379948751398406e-06 3.792355072932304e-06
47.31614731244266 -56.92796327729 1.296875 0.9951172 [47.31614731244266,-56.92796327729] 38.686195387076225 0.5510408091295564 0.0008236461319050839 1.6866816864338338e-05 [-2143.564453125,2200.245361328] 21.964115644532775 21.271492894824934 6.83443987632221 47.05213373586491 9.578122637427896 1.0243952155879278e-05 6.990331530419019e-06 4.427940848549788e-06 3.900782680407541e-06 4.611344624472683e-06 3.991674477827147e-06
49.712226629408406 -55.53608699739833 1.2734375 0.7128906 [49.712226629408406,-55.53608699739833] 38.67166441689839 0.9451135827224599 0.00046645431542253335 1.638331657350481e-05 [217.1728515625,-338.4184570312] 21.119822541606187 18.70636523370376 5.869634190358334 51.02837783725647 46.02216593720368 1.2098458715495893e-05 1.1083009985778421e-05 5.49110666714267e-06 5.705491300564793e-06 6.2461585647411145e-06 6.300316525481017e-06
49.69966485283365 -55.53705213100073 1.2734375 0.7128906 [49.69966485283365,-55.53705213100073] 32.41578989848495 2.9768800873237007 0.0001475106332513841 1.631899358167953e-05 [204.3725585938,-336.7192382812] 21.119822541606187 18.70636523370376 5.869634190358334 50.96185510536907 45.935032660592015 1.0141303761563397e-05 9.409488072956514e-06 3.5339517132101743e-06 4.370244994489731e-06 4.289003610808618e-06 4.8845467938574136e-06
47.85595339710539 -55.570209484420545 1.28125 0.8220215 [47.85595339710539,-55.570209484420545] 32.597689658881265 0.1855486462613788 0.0023306870613592303 1.607127966405831e-05 [-1671.9375,-257.494140625] 21.40854076255586 20.565340180446142 6.409415455224227 40.659121981564454 34.4811000952086 9.497162539214832e-06 7.724869915910173e-06 3.2598986877871146e-06 3.7668957168951156e-06 3.5055606676776053e-06 3.900307261869917e-06
49.43728252520126 -55.22894299471424 1.25 0.52734375 [49.43728252520126,-55.22894299471424] 35.5079581020485 3.127072395084028 0.0001395134024153525 1.6212969630853965e-05 [-63.3818359375,-891.5688476562] 20.536747411368935 20.254339617740264 5.2736152276795325 47.498485717226345 49.467286416319894 1.2915982008036498e-05 1.5603144745280333e-05 5.445761971544775e-06 7.304405420655154e-06 5.548487506225035e-06 7.412819990860943e-06
47.99454127715247 -56.44932945402028 1.296875 1.0043945 [47.99454127715247,-56.44932945402028] 65.34728120966521 1.5793668680628057 0.00026748233313874097 1.569953643418103e-05 [-1496.478515625,1321.309570312] 21.818999711125574 21.558322261892524 6.125653283423657 47.3747932716808 21.254181241724382 1.7223602259379277e-05 1.1385292073666095e-05 1.1472762044371908e-05 7.88106299278589e-06 1.1541468876859309e-05 7.923573713359084e-06
47.96222701267864 -56.45706945786198 1.3046875 1.0327148 [47.96222701267864,-56.45706945786198] 38.47768926718844 0.7388061710823901 0.0005710425218679642 1.567861392637533e-05 [-1528.302246094,1335.942382812] 21.964784855513024 21.655171096433634 6.112076093820947 47.25154815485473 20.93567772115125 1.0001552237859494e-05 6.638669839680081e-06 4.2922191851314356e-06 3.6567669068848495e-06 4.372697463426416e-06 3.695381264218714e-06
44.90629175725177 -54.164512425224785 1.2421875 0.4116211 [44.90629175725177,-54.164512425224785] 29.397714051509862 3.166401634393507 0.00018028913154553673 2.1215059343533677e-05 [-4834.79296875,-2646.959960938] 20.119977409880505 20.54449584925478 5.923796565426322 14.30069032220888 38.00860599778821 1.2103567158937439e-05 1.856692313434262e-05 3.819810898498355e-06 7.020857473991011e-06 3.6450290283103928e-06 6.805242661880782e-06
47.98041165735489 -56.531139379708435 1.265625 0.68969727 [47.98041165735489,-56.531139379708435] 31.339073062190803 0.6153978339469779 0.0006825827683192363 1.5610614061047146e-05 [-1507.273925781,1468.825195312] 22.174654210500233 21.95360657065533 6.074278049281074 47.85735886186137 19.87418031902712 9.967942612547505e-06 9.457595461788607e-06 2.9149043754331804e-06 3.993739354882358e-06 2.9852124596652997e-06 4.0376396583336825e-06
47.966369832399614 -56.52239980632472 1.2890625 0.8684082 [47.966369832399614,-56.52239980632472] 37.45139575066181 2.739268498791046 0.00015433215621548814 1.5710851737992673e-05 [-1521.559082031,1453.40625] 22.256355144288104 21.86435950895281 6.084921714615511 47.721191302292254 19.92724534657009 1.061584779911641e-05 8.217813271848904e-06 4.307135559181564e-06 4.228992958134706e-06 4.418249335296674e-06 4.292586357700449e-06
47.66471436781736 -54.41597757294595 1.28125 0.7741699 [47.66471436781736,-54.41597757294595] 31.02675509537904 1.6138567936289099 0.00027724500096991866 1.6627900689753454e-05 [-1920.973632812,-2329.303222656] 18.873549416572267 21.10224902438426 6.371504792097654 31.92833610207515 52.23351274155334 9.314656520508606e-06 8.047675429745133e-06 3.648558676960698e-06 4.187260621555605e-06 2.9794725520873697e-06 3.802700520086751e-06
45.93425328258965 -54.23313502975889 1.2421875 0.43615723 [45.93425328258965,-54.23313502975889] 27.140805878217126 0.7505497867745774 0.0006577865931267906 1.8347344965459426e-05 [-3748.02734375,-2587.329101562] 18.37309432050575 20.465893492853166 5.994889914459897 20.653448921372387 43.991501937259955 1.0855500125994179e-05 1.574309057599902e-05 3.5068190070142704e-06 6.2221762615432764e-06 2.669762739008191e-06 5.3093787312818955e-06
45.93419290716349 -54.2343597214438 1.2421875 0.43615723 [45.93419290716349,-54.2343597214438] 26.868059835781956 0.8631893565965387 0.0005688003527749421 1.8246292682677205e-05 [-3747.979492188,-2585.125] 18.37309432050575 20.465893492853166 5.994889914459897 20.66150643302865 43.9707313716674 1.0746409971806986e-05 1.5590902297757725e-05 3.3977288528270766e-06 6.100087598571357e-06 2.5606725848209977e-06 5.201625820313005e-06
48.53376030551185 -55.765056569935275 1.234375 0.35742188 [48.53376030551185,-55.765056569935275] 40.86874451479316 2.5264196014777474 0.00016773810480827711 1.5748743771596523e-05 [-977.423828125,80.212890625] 21.212327588150558 20.047489891014358 6.503197942974913 45.77358495871886 35.441687422803625 1.805715667416592e-05 3.139564501477049e-05 8.684852062647433e-06 1.563913078370349e-05 9.199515702230232e-06 1.6495524725685554e-05
46.02602756796283 -55.384437525154226 1.25 0.53686523 [46.02602756796283,-55.384437525154226] -55.295001896742626 1.9526324675572517 0.00024058162325611834 1.7457886284647674e-05 [-3549.034179688,-522.7543945312] 20.29157534832224 21.249811680770204 5.707549659476373 29.184930097301617 25.759159156265014 -1.993434043567298e-05 2.3423099052392772e-05 -2.7249633990141482e-05 3.199166143008404e-05 -2.7595086718482444e-05 3.239285996943972e-05
49.336494399215695 -55.94040303987027 1.2578125 0.6057129 [49.336494399215695,-55.94040303987027] 6.046079413345984 1.6824877187290121 0.0002613365511492923 1.6340327679802718e-05 [-163.8295898438,389.2124023438] 21.87927867582272 19.659066436584137 6.271425734028612 51.45585042263042 37.32027887742288 2.0520553615777184e-06 3.2471982915277933e-06 -5.373829752512797e-06 6.470480357937689e-06 -4.62028383988168e-06 5.804076869960766e-06
48.794013828804005 -55.43288816104369 1.21875 0.18841553 [48.794013828804005,-55.43288816104369] 3.622628375604619 1.697581195554656 0.00025474250844125017 1.607091780757085e-05 [-719.9829101562,-520.8349609375] 20.348040587653177 20.363869463199254 5.956162513930564 45.08354475351234 42.37573859761301 2.2045201546600164e-06 8.371828873616822e-06 -1.017810950876349e-05 3.341844498395948e-05 -1.0187742038393612e-05 3.344915635771844e-05
48.79430765579064 -55.431724418266064 1.21875 0.18841553 [48.79430765579064,-55.431724418266064] 3.9104518990851123 1.7539989842498587 0.00024647448887289215 1.6066083336300007e-05 [-719.7041015625,-522.9326171875] 20.348040587653177 20.363869463199254 5.956162513930564 45.077694872572465 42.396433214474655 2.3796727490500236e-06 8.863684277935651e-06 -1.0002956914373483e-05 3.2861252794180794e-05 -1.0012589444003603e-05 3.289194746417578e-05
47.94657916657831 -54.81827936510788 1.234375 0.31323242 [47.94657916657831,-54.81827936510788] 68.64307825619403 1.348115263588166 0.0003187458526290761 1.5969093792943334e-05 [-1609.869140625,-1612.689453125] 19.038106173751498 20.5251669527658 5.877253148262021 36.19887360402436 47.32301418255929 3.2397539716684087e-05 6.399059393927919e-05 2.3412106420809033e-05 4.638430890979879e-05 2.2710256913573512e-05 4.500627447805957e-05
44.795860174834 -53.67613591875094 1.2578125 0.5678711 [44.795860174834,-53.67613591875094] 4.402522204834487 1.3925260157041657 0.0005195910478452433 2.6888939912580632e-05 [-5009.051757812,-3515.827148438] 18.66420830098401 18.61732893312282 6.325296663213598 10.23094868629562 45.37485019695305 1.5432109921032772e-06 3.033009479424225e-06 -4.9991322531743695e-06 6.483016887083644e-06 -4.982699682838483e-06 6.46737951836625e-06
44.794830168536855 -53.67772675650047 1.2578125 0.5678711 [44.794830168536855,-53.67772675650047] 14.47884237863354 2.4956724426212253 0.0002902060681071657 2.6915520072292153e-05 [-5009.95703125,-3512.897460938] 18.66420830098401 18.61732893312282 6.325296663213598 10.236146797192077 45.34074501266218 5.0752517925069865e-06 6.211870248077852e-06 -1.4670914527706602e-06 3.789358391672004e-06 -1.450658882434774e-06 3.7815396436732384e-06
45.61973601441477 -54.10556405480287 1.28125 0.79052734 [45.61973601441477,-54.10556405480287] 27.642207229009593 1.0596648898239178 0.0004709637947760999 1.8546619847591137e-05 [-4090.82421875,-2798.764648438] 18.38026903966859 20.04737685927066 5.806580977275369 17.965569749888914 43.96820135850385 8.212264042678406e-06 7.018524532241222e-06 2.751642852818607e-06 3.526127168155784e-06 2.2563593362469596e-06 3.283989870540773e-06
45.6171761128216 -54.10534675780255 1.28125 0.79052734 [45.6171761128216,-54.10534675780255] 28.679283328760707 0.5146064573395861 0.0009711862390164363 1.8573188002585064e-05 [-4093.541015625,-2799.00390625] 18.38026903966859 20.04737685927066 5.806580977275369 17.949341084093703 43.954219436582434 8.520370508017731e-06 7.253367252960797e-06 3.0597493181579302e-06 3.6807877155590074e-06 2.564465801586283e-06 3.4199875188646734e-06
45.23541284494422 -54.96573267591877 1.2578125 0.595459 [45.23541284494422,-54.96573267591877] 28.556012287050677 0.20105856087024027 0.0025584988937445282 1.9116857652956546e-05 [-4401.612304688,-1229.892578125] 20.18183588826815 21.08594550456339 6.088927358024062 21.843913560338592 27.166553066466577 9.77507882522008e-06 1.0635248282253857e-05 2.8665849268988154e-06 4.395879867357791e-06 2.5570969396726323e-06 4.17585094940403e-06
45.27992262333714 -54.02544387473084 1.21875 0.16308594 [45.27992262333714,-54.02544387473084] 19.104764537972667 1.8373433150557 0.00029687984057126174 2.027121243218504e-05 [-4457.135742188,-2921.728515625] 18.903084966014944 19.707546198623653 5.6475620884004885 15.457032482112368 42.94909864443662 1.2496317943740655e-05 4.6945644914565644e-05 1.3191746220854823e-07 6.0247378225616916e-06 -3.942760596279007e-07 6.182718417941004e-06
46.630580959895575 -55.038082048637754 1.2578125 0.6010742 [46.630580959895575,-55.038082048637754] 31.269953868880123 1.8668726961545923 0.00024220902379792214 1.6804040766122957e-05 [-2957.446289062,-1173.900390625] 19.80403779521674 21.096557676366537 6.3141387883712685 30.145335043801424 35.36206761655262 1.0653978706284257e-05 1.1457500754771483e-05 3.906549597389186e-06 5.24894795164021e-06 3.466175449446378e-06 4.895994549138527e-06
46.22388067617064 -56.0318373901017 1.2578125 0.61279297 [46.22388067617064,-56.0318373901017] 27.354027481114755 0.6331878318769172 0.0007187776301845546 1.6913590674001676e-05 [-3292.056640625,631.4169921875] 18.75882782776486 19.844003240766217 5.529896928874933 34.85703360147102 16.71487716436195 9.230240698620022e-06 9.800601795361869e-06 2.900332015381953e-06 4.246777362119071e-06 2.5341544837865696e-06 3.9903613384297685e-06
46.214371141199855 -56.0291595558821 1.2578125 0.61279297 [46.214371141199855,-56.0291595558821] 26.39378535411018 1.3913282472687796 0.00032982496954988866 1.705382635500887e-05 [-3301.833984375,627.0546875] 18.75882782776486 19.844003240766217 5.529896928874933 34.786657476858295 16.695066939332946 8.906220187661396e-06 9.486267135295711e-06 2.5763115044233276e-06 4.040595829286358e-06 2.210133972827943e-06 3.803438440620593e-06
48.94234091333142 -56.2963448218124 1.265625 0.65478516 [48.94234091333142,-56.2963448218124] 20.73684225479361 1.5487330557686072 0.0002793294058180745 1.6076885867174443e-05 [-555.9897460938,1031.937011719] 21.591979403796632 20.486409420505098 6.001227779910263 51.56686953756741 29.324568463225432 6.769270135086762e-06 6.974775971248403e-06 -2.7914830488770567e-07 3.0640277205224618e-06 8.175051365896794e-08 3.0530557186829162e-06
46.262932205617176 -55.50846480919195 1.25 0.48937988 [46.262932205617176,-55.50846480919195] 25.655823933898578 2.8120762361490317 0.0001631524577641778 1.705019750037634e-05 [-3296.827148438,-311.466796875] 19.160201234347785 20.05057609632191 5.721400224153897 31.36394796827426 25.33067230349411 9.687496183756497e-06 1.2725730785634435e-05 2.4527109429480055e-06 4.758335884079801e-06 2.1165103555215245e-06 4.485948755589919e-06
47.38884342830895 -54.25732822032648 1.2265625 0.27648926 [47.38884342830895,-54.25732822032648] -0.1976638552780226 1.8413614807560454 0.0002491231180304434 1.7047542742828536e-05 [-2218.299804688,-2606.436523438] 19.183099579141054 21.291102911965908 6.392905527963322 29.272689208682436 53.13642654853811 -9.929714562387067e-08 3.6427790550724633e-06 -9.735995922686382e-06 2.2150965299719416e-05 -1.0794958946658056e-05 2.445013503792055e-05
