data_processed/hvc_rms/hvc_rms_index_20.ecsv
# %ECSV 1.0
# ---
# datatype:
# - {name: ra_dec_obj.ra, unit: deg, datatype: float64}
# - {name: ra_dec_obj.dec, unit: deg, datatype: float64}
# - {name: 'H-alpha flux [Error]', unit: R, datatype: float32}
# - {name: H-alpha flux, unit: R, datatype: float32}
# - {name: ra_dec_deg, datatype: string, subtype: 'float64[2]'}
# - {name: RM, unit: rad / m2, datatype: float64}
# - {name: RM_uncert, unit: rad / m2, datatype: float64}
# - {name: pol_int, datatype: float64}
# - {name: pol_int_uncert, datatype: float64}
# - {name: ra_dec_pix_offsets, datatype: string, subtype: 'float64[2]'}
# - {name: interpolation_raw, unit: rad / m2, datatype: float64}
# - {name: interpolation_cor, unit: rad / m2, datatype: float64}
# - {name: interpolation_unc, unit: rad / m2, datatype: float64}
# - {name: interpolation_cor_unc, unit: rad / m2, datatype: float64}
# - {name: HI, unit: dex(1 / cm2), datatype: float64}
# - {name: 'HI [Error]', unit: dex(1 / cm2), datatype: float64}
# - {name: pixel location x, datatype: float64}
# - {name: pixel location y, datatype: float64}
# meta: !!omap
# - __serialized_columns__:
#     ra_dec_obj:
#       __class__: astropy.coordinates.sky_coordinate.SkyCoord
#       dec: !astropy.table.SerializedColumn
#         __class__: astropy.coordinates.angles.Latitude
#         unit: &id001 !astropy.units.Unit {unit: deg}
#         value: !astropy.table.SerializedColumn {name: ra_dec_obj.dec}
#       frame: icrs
#       ra: !astropy.table.SerializedColumn
#         __class__: astropy.coordinates.angles.Longitude
#         unit: *id001
#         value: !astropy.table.SerializedColumn {name: ra_dec_obj.ra}
#         wrap_angle: !astropy.coordinates.Angle
#           unit: *id001
#           value: 360.0
#       representation_type: spherical
# schema: astropy-2.0
ra_dec_obj.ra ra_dec_obj.dec "H-alpha flux [Error]" "H-alpha flux" ra_dec_deg RM RM_uncert pol_int pol_int_uncert ra_dec_pix_offsets interpolation_raw interpolation_cor interpolation_unc interpolation_cor_unc HI "HI [Error]" "pixel location x" "pixel location y"
177.4477079140603 -65.64891056822657 4.6875 34.9375 [177.4477079140603,-65.64891056822657] 371.5575157190246 2.04050192820561 0.00024068315292847 1.8251199182253606e-05 [2414.899902344,1404.513671875] 46.226057798743696 71.93371658225144 29.03841603464979 46.35811185714447 0.0 0.0 2.587440607194594 30.452926415481897
180.2407073532766 -63.07048808387282 5.90625 47.0 [180.2407073532766,-63.07048808387282] 0.05473561483548744 0.6748299708036279 0.001102998643226817 2.7661647569917263e-05 [4921.551147461,-3062.771484375] 390.8752692476586 314.9731915287184 174.1765050009671 150.31397262048176 0.0 0.0 35.920830724766574 22.96085344948483
180.22070308533876 -63.0687751853067 5.90625 47.0 [180.22070308533876,-63.0687751853067] 0.2926713883376789 1.3471515901035427 0.0005497028326965887 2.752029888009319e-05 [4905.622558594,-3067.392578125] 390.8752692476586 314.9731915287184 174.1765050009671 150.31397262048176 0.0 0.0 35.919835683851716 23.071505560779087
179.83522023555392 -65.89984895719617 4.59375 33.828125 [179.83522023555392,-65.89984895719617] 258.5169304568658 1.9369259785676143 0.00029642093238808735 2.1336864353115636e-05 [4140.925537109,1978.783447266] 35.8392534612792 57.19375990707935 31.80652254826024 38.11893174117024 17.925203323364258 8.962601661682129 2.2243096603854156 18.300302577365983
177.3191985155509 -64.86019897932918 5.15625 39.671875 [177.3191985155509,-64.86019897932918] 352.26394934404374 3.0519701118624423 0.00016232282759881406 1.841062697677339e-05 [2389.970214844,-18.19873046875] 75.06873390713336 153.171115689524 43.004428541650256 80.40350422299295 0.0 0.0 11.626849592455528 33.33537310511679
179.15611252470052 -65.98552709460832 4.4375 32.265625 [179.15611252470052,-65.98552709460832] 212.69398386857162 2.5029209946394344 0.00021956494423577814 2.042296749720296e-05 [3631.738525391,2090.730712891] 42.76720911661064 57.99172460802261 30.19266071469779 38.91916441343023 18.502511978149414 9.251255989074707 0.5335218888387772 21.34522082055446
175.71908559936605 -64.0297851531427 6.125 49.15625 [175.71908559936605,-64.0297851531427] 763.333807749827 0.22400168596186895 0.002351332542336902 1.9573750344724058e-05 [1203.326171875,-1557.412109375] 176.3060251492616 221.02266531648945 96.90083749860688 106.99291828321638 0.0 0.0 19.197211672254753 43.86078754445657
174.01991257457442 -63.86643588193241 20.125 188.625 [174.01991257457442,-63.86643588193241] 1221.3290565936743 0.14255248242522245 0.003765658914115339 1.9949153298507675e-05 [-136.666015625,-1865.70703125] 175.97767647601873 233.8295346215799 116.80324354264042 117.05866944903082 0.0 0.0 18.61844906017177 53.01583250209296
174.01312261584474 -63.86816418559188 20.125 188.625 [174.01312261584474,-63.86816418559188] 1220.0282650645747 0.912826398196258 0.0005920251122482101 2.0083390050637467e-05 [-142.0405273438,-1862.581542969] 175.97767647601873 233.8295346215799 116.80324354264042 117.05866944903082 0.0 0.0 18.588262660319288 53.044258498830686
177.73951724753758 -65.46470628595159 4.90625 37.046875 [177.73951724753758,-65.46470628595159] 444.75053813142887 2.8906099693613236 0.00017797990805062995 1.9119176278411736e-05 [2649.765136719,1085.123046875] 58.97346285793364 91.75373327870761 32.334286979239465 53.34123068273615 0.0 0.0 5.076266715707106 29.561755754450587
175.0565488702507 -62.65880229298031 18.5 173.5 [175.0565488702507,-62.65880229298031] -15.796450009465389 2.9313773604172066 0.00023235587281443185 2.531244438405797e-05 [714.4306640625,-4033.838867188] 396.0647850513185 296.3462753824087 195.2162837728254 138.70032840947826 18.054655075073242 9.027327537536621 34.096765937495775 51.69820057394236
176.51092533505326 -64.7409668084979 5.8125 46.171875 [176.51092533505326,-64.7409668084979] -9.915712638459837 0.5741488099990635 0.0008913187722907359 1.9018060542122232e-05 [1780.4453125,-259.2490234375] 95.17151295957436 172.98432277631613 51.96323078438813 90.95999194299917 0.0 0.0 12.003281942706053 37.694670609421564
175.33302293993424 -65.44176470505548 4.9375 37.3125 [175.33302293993424,-65.44176470505548] 420.86367065170185 0.24080829079419197 0.002005535859766591 1.794777308524091e-05 [853.3974609375,977.255859375] 47.79975222151363 87.23706199942436 36.495367678379935 57.13120413052724 18.939435958862305 9.469717979431152 2.336671596917995 41.2652937362559
175.32781982320557 -65.45449065102851 4.8125 36.109375 [175.32781982320557,-65.45449065102851] 398.49683401844715 0.5424889077510042 0.0008867984119807171 1.7878228041262486e-05 [849.0932617188,1000.087890625] 46.40285924645042 83.54817124233455 36.219961651529005 55.53349486743828 18.939435958862305 9.469717979431152 2.1826031716816487 41.24923906382787
175.32536297657765 -65.45355984165097 4.84375 36.328125 [175.32536297657765,-65.45355984165097] 402.1178993330659 0.466556933361457 0.0010317247234013626 1.788863441645634e-05 [847.2866210938,998.3798828125] 46.289391375833254 83.86484622670395 36.111750667202955 55.44995699837465 18.939435958862305 9.469717979431152 2.190072221485252 41.26406573477493
175.3313293917798 -65.443458494118 4.9375 37.3125 [175.3313293917798,-65.443458494118] 422.2440339406135 0.5196428538350674 0.0009305424115464798 1.7970072705650547e-05 [852.0756835938,980.28125] 47.79975222151363 87.23706199942436 36.495367678379935 57.13120413052724 18.939435958862305 9.469717979431152 2.314824565245999 41.26797647683384
173.99482696209012 -64.88343821153843 5.625 44.265625 [173.99482696209012,-64.88343821153843] 285.30898375334465 2.031085277134554 0.00024330109606063443 1.8364576880084974e-05 [-150.830078125,-35.1552734375] 86.55743184043934 132.78166397534835 46.23270213740775 75.58703983782196 19.20585060119629 9.602925300598145 6.8936492473849285 49.623210188640996
176.39541616329475 -65.08519749858118 5.375 41.734375 [176.39541616329475,-65.08519749858118] -77.04198103067704 2.894552202039445 0.00016932479499153912 1.821422293710617e-05 [1670.233886719,356.822265625] 79.16280122111068 139.23712701695987 41.24468137587945 74.4518807880581 0.0 0.0 7.85758133851823 37.22311117374761
177.59364324074141 -64.26211548430777 6.03125 48.40625 [177.59364324074141,-64.26211548430777] 466.5363669100657 3.0162372643801856 0.00017708234477149739 1.9849495277925947e-05 [2657.152587891,-1082.357910156] 147.7573998558109 227.61544568966877 65.46429140495295 109.36113742525606 0.0 0.0 18.934759334189266 33.659356834000164
179.5267028199431 -65.22480783478136 5.09375 39.078125 [179.5267028199431,-65.22480783478136] 436.63511975643655 0.1454324933225626 0.004032137458806091 2.1792421091310964e-05 [4018.023681641,748.49609375] 65.67112441060382 128.48042753943812 38.15178641213936 66.15652158520511 0.0 0.0 9.844458614513997 21.45128682024938
176.06019571468823 -65.67873391848775 4.625 34.125 [176.06019571468823,-65.67873391848775] 219.90183613520594 1.4930267145017875 0.0003226008147387033 1.789953470003118e-05 [1384.564453125,1416.5078125] 40.397722339491416 72.21730651785161 31.6270996250738 49.14514075210927 17.545076370239258 8.772538185119629 0.5433644988841024 37.025467404869005
176.07165534922356 -65.67838276371884 4.625 34.125 [176.07165534922356,-65.67838276371884] 223.09250411920516 2.4444230834025116 0.00019756162202456054 1.7946826427510688e-05 [1393.07421875,1416.127441406] 40.397722339491416 72.21730651785161 31.6270996250738 49.14514075210927 0.0 0.0 0.562030006599116 36.971716952453335
174.801681812306 -64.277763421067 5.46875 42.53125 [174.801681812306,-64.277763421067] 409.1336539104987 3.230648699314321 0.000161705688682306 1.9414389433630865e-05 [476.0732421875,-1123.302734375] 143.47262186424598 191.6330769527324 81.19599993249906 97.37798771939387 0.0 0.0 15.03896296749599 47.684566804705355
177.60310361149646 -63.311695085468294 7.5 62.84375 [177.60310361149646,-63.311695085468294] -0.4736550492249296 1.9312140497129804 0.0003029224692659609 2.17405538514687e-05 [2755.813232422,-2789.912109375] 322.408947268902 271.0620989074342 138.29030926611605 126.73224137500043 0.0 0.0 30.033902622208416 36.284783264296266
179.89643859326816 -64.41657248656267 4.75 35.578125 [179.89643859326816,-64.41657248656267] 540.502474979477 3.0345135028408436 0.00020060125844453887 2.2622022535242194e-05 [4426.452880859,-676.1264648438] 143.57310774276084 228.21118569787296 69.86842066233724 109.97230957494766 0.0 0.0 19.724535494213114 21.568281685503962
176.19778455186437 -65.56981668821501 4.71875 35.15625 [176.19778455186437,-65.56981668821501] 275.73505789239516 2.8684545242058515 0.00016689668383447004 1.7791164684395928e-05 [1492.750976562,1223.690917969] 43.533580874039764 80.37648434049804 32.60331777644305 53.06224021449923 0.0 0.0 1.981502883445728 36.70175976552241
176.18589791586277 -65.56285102060193 4.75 35.578125 [176.18589791586277,-65.56285102060193] 279.162231096475 1.9581545861057517 0.00024549758923524313 1.786499541255521e-05 [1484.304199219,1210.880371094] 43.95155831405451 80.85615062151743 33.13260437401497 53.54444008228892 17.534278869628906 8.767139434814453 2.0472201364486864 36.78033113636616
177.49389660693097 -64.0090789895756 5.65625 44.546875 [177.49389660693097,-64.0090789895756] 1.9957804092103617 2.843516793144687 0.00018615214549710956 1.9671276670453124e-05 [2602.912597656,-1541.29296875] 193.78994584335246 264.0012633917605 84.47118436799393 123.3767242251743 0.0 0.0 21.763163741148674 34.88191834905206
179.6323394799151 -65.16061392117278 5.5625 43.59375 [179.6323394799151,-65.16061392117278] 593.7044560108594 1.796366973256268 0.00033305238472450266 2.2233934024881627e-05 [4107.295654297,640.1494140625] 66.98160836042513 131.93864819679024 38.66908067990558 67.62382447649188 0.0 0.0 10.707345137690936 21.08791072289364
180.40556330847312 -64.02548988274899 4.78125 35.75 [180.40556330847312,-64.02548988274899] 515.3221986990401 0.1957155365064563 0.003569307902398903 2.5960796886803864e-05 [4888.640991211,-1339.457519531] 204.5793392458947 254.3879887000936 100.6533093127612 120.38866473342526 0.0 0.0 24.84706067431921 19.881160281943266
176.73616049434685 -63.25202577468304 12.3125 111.0 [176.73616049434685,-63.25202577468304] 581.8637274961823 0.20433714588268495 0.002799937181144643 2.12620097940416e-05 [2060.14453125,-2930.141601562] 326.3495951370026 290.0884799001981 145.43187025576492 129.89033226482488 0.0 0.0 29.60285531240538 40.99806003164326
176.77990732155155 -63.249755983329024 12.3125 111.0 [176.77990732155155,-63.249755983329024] 574.9229840029526 2.00492512651311 0.0002867492856827094 2.136531038893311e-05 [2095.713867188,-2932.786132812] 326.3495951370026 290.0884799001981 145.43187025576492 129.89033226482488 0.0 0.0 29.6875840853138 40.7757663141133
179.62551871984465 -64.40015416887778 4.875 36.640625 [179.62551871984465,-64.40015416887778] 687.3777089364113 3.0663046684733595 0.00019215653351188896 2.189672493760135e-05 [4219.387695312,-724.0712890625] 145.41349236129568 231.0250349313651 67.89467726880389 110.08742410669574 0.0 0.0 19.63406924345304 22.984404906612326
179.92747487527117 -63.943038891021374 4.75 35.4375 [179.92747487527117,-63.943038891021374] 734.5113612225573 2.2539682320842522 0.0002878372693313728 2.4110350272879703e-05 [4527.11328125,-1522.763183594] 222.21854488451046 267.4603375896334 103.77812208427667 126.21725415676869 17.757417678833008 8.878708839416504 25.325054865983702 22.54358720283153
179.42460617447543 -62.55059792022297 6.96875 57.546875 [179.42460617447543,-62.55059792022297] 1.636349964525177 1.9964438046652067 0.0003735873292029439 2.771774733019104e-05 [4335.374511719,-4054.0078125] 413.99228154380114 325.128175778298 161.4648973720503 144.75728100239203 0.0 0.0 41.13482502136685 28.59652050341515
179.4868164314698 -62.51502999966726 6.9375 57.390625 [179.4868164314698,-62.51502999966726] 0.8886336993978255 1.328670572007588 0.0005709000238155816 2.8189416114356412e-05 [4392.015625,-4113.46875] 414.14066330084364 331.108042314714 160.52735001336669 146.84948923934272 0.0 0.0 41.623496523632184 28.347655492515287
179.46121223782495 -62.52172478205037 6.9375 57.390625 [179.46121223782495,-62.52172478205037] 3.388002204092901 2.1529265929867814 0.000352040727035466 2.816636705657702e-05 [4369.854248047,-4103.2421875] 414.14066330084364 331.108042314714 160.52735001336669 146.84948923934272 0.0 0.0 41.51567003853961 28.46984755241533
179.80113230065422 -64.50357058051797 4.625 34.109375 [179.80113230065422,-64.50357058051797] 856.6799410265861 0.4772405437528572 0.0012593911296944055 2.2336065017287602e-05 [4338.926757812,-526.7578125] 131.13801037278404 216.0980911589196 63.32778898654408 103.97864538435847 0.0 0.0 18.602892588970235 21.84222097979091
178.854690450029 -62.44030355376492 7.53125 63.34375 [178.854690450029,-62.44030355376492] 3.0800546335308674 2.073642092681969 0.0003731547208999508 2.8756196561054915e-05 [3878.566650391,-4288.756835938] 363.9378337109576 289.6004939455787 127.17431180949717 123.88416517940405 0.0 0.0 41.761839315633324 31.963139921762604
175.75781266399474 -62.901634426202854 14.25 130.5 [175.75781266399474,-62.901634426202854] -215.87969348398684 0.08445585842718663 0.007551042894144965 2.369984037997391e-05 [1283.434570312,-3586.052734375] 314.4079560433532 270.11289334179475 163.93440562578058 127.83930441302053 0.0 0.0 32.31612177263878 47.21021624449941
175.75584420762044 -62.902324524534045 14.25 130.5 [175.75584420762044,-62.902324524534045] -215.9367142460456 0.08079985306497285 0.007885636006193963 2.3678598889672157e-05 [1281.791015625,-3584.8515625] 314.4079560433532 270.11289334179475 163.93440562578058 127.83930441302053 0.0 0.0 32.3053126780037 47.21843453068573
175.762649726042 -62.896053393006035 14.25 130.5 [175.762649726042,-62.896053393006035] -214.10006250691487 2.147625652828269 0.00030001615761347404 2.3944839516459357e-05 [1287.644042969,-3595.991210938] 314.4079560433532 270.11289334179475 163.93440562578058 127.83930441302053 0.0 0.0 32.38768048599218 47.202221986332916
178.36706549940908 -63.11307125097068 6.59375 53.921875 [178.36706549940908,-63.11307125097068] 2.9807033207217626 2.250152351251245 0.000268729385032232 2.2471692601698577e-05 [3395.305908203,-3109.52734375] 398.00776134302646 283.47809789512064 172.41188830092307 133.4685257125683 0.0 0.0 33.29838389490237 32.80641853311363
174.74380511593384 -63.47637959130047 195.0 1938.5 [174.74380511593384,-63.47637959130047] -10.006303293265862 2.87950096375302 0.00019679021321261978 2.105859671425947e-05 [443.2993164062,-2565.91015625] 312.40584076962386 289.6238776422577 176.89598536222923 133.19219332944266 0.0 0.0 24.196124413566167 50.63939652640124
180.30740364883312 -65.54174791338257 5.65625 44.484375 [180.30740364883312,-65.54174791338257] 557.8897142453869 0.18502577919796825 0.003506962708893854 2.4114157483316477e-05 [4548.733154297,1369.479980469] 48.77556740749671 98.36536634979555 34.005380438211816 51.651988717885246 0.0 0.0 6.896756444382163 16.861787952382656
173.9783019770888 -65.4192963721179 4.90625 36.90625 [173.9783019770888,-65.4192963721179] 198.17011385062682 1.8415945652700751 0.00026524442738539756 1.8153024601774496e-05 [-160.1674804688,929.4125976562] 49.26694356290759 85.01571716195764 37.07863609916188 54.85034519101706 18.141021728515625 9.070510864257812 0.7125480927948047 47.845284500374646
173.64619459550408 -65.07679738564426 5.46875 42.578125 [173.64619459550408,-65.07679738564426] 304.76277300534576 2.1170429499057772 0.00023590421808755482 1.8559833611742195e-05 [-414.1767578125,314.4482421875] 74.13402346001776 111.90209539777422 42.934681808517105 66.54807689613268 18.72517967224121 9.362589836120605 4.1590848987800655 50.6430454022759
