data_processed/hvc_rms/hvc_rms_index_24_with_B.ecsv
# %ECSV 1.0
# ---
# datatype:
# - {name: ra_dec_obj.ra, unit: deg, datatype: float64}
# - {name: ra_dec_obj.dec, unit: deg, datatype: float64}
# - {name: 'H-alpha flux [Error]', unit: R, datatype: float32}
# - {name: H-alpha flux, unit: R, datatype: float32}
# - {name: ra_dec_deg, datatype: string, subtype: 'float64[2]'}
# - {name: RM, unit: rad / m2, datatype: float64}
# - {name: RM_uncert, unit: rad / m2, datatype: float64}
# - {name: pol_int, datatype: float64}
# - {name: pol_int_uncert, datatype: float64}
# - {name: ra_dec_pix_offsets, datatype: string, subtype: 'float64[2]'}
# - {name: interpolation_raw, unit: rad / m2, datatype: float64}
# - {name: interpolation_cor, unit: rad / m2, datatype: float64}
# - {name: interpolation_unc, unit: rad / m2, datatype: float64}
# - {name: pixel location x, datatype: float64}
# - {name: pixel location y, datatype: float64}
# - {name: 'B_virtual [raw]', unit: G, datatype: float64}
# - {name: 'B_virtual_unc [raw]', unit: G, datatype: float64}
# - {name: 'B_virtual [int]', unit: G, datatype: float64}
# - {name: 'B_virtual_unc [int]', unit: G, datatype: float64}
# - {name: 'B_virtual [cor]', unit: G, datatype: float64}
# - {name: 'B_virtual_unc [cor]', unit: G, datatype: float64}
# meta: !!omap
# - __serialized_columns__:
#     ra_dec_obj:
#       __class__: astropy.coordinates.sky_coordinate.SkyCoord
#       dec: !astropy.table.SerializedColumn
#         __class__: astropy.coordinates.angles.Latitude
#         unit: &id001 !astropy.units.Unit {unit: deg}
#         value: !astropy.table.SerializedColumn {name: ra_dec_obj.dec}
#       frame: icrs
#       ra: !astropy.table.SerializedColumn
#         __class__: astropy.coordinates.angles.Longitude
#         unit: *id001
#         value: !astropy.table.SerializedColumn {name: ra_dec_obj.ra}
#         wrap_angle: !astropy.coordinates.Angle
#           unit: *id001
#           value: 360.0
#       representation_type: spherical
# schema: astropy-2.0
ra_dec_obj.ra ra_dec_obj.dec "H-alpha flux [Error]" "H-alpha flux" ra_dec_deg RM RM_uncert pol_int pol_int_uncert ra_dec_pix_offsets interpolation_raw interpolation_cor interpolation_unc "pixel location x" "pixel location y" "B_virtual [raw]" "B_virtual_unc [raw]" "B_virtual [int]" "B_virtual_unc [int]" "B_virtual [cor]" "B_virtual_unc [cor]"
[from data line 723]
212.8095397015667 -31.9110392934506 1.3359375 1.3823242 [212.8095397015667,-31.9110392934506] -14.030233161302558 2.6353137305767635 0.00016483221400059585 1.6142958117849052e-05 [-2028.551757812,-1247.336914062] -24.871363757409373 -23.89670455317299 6.23018275529435 56.72145025374016 41.07572163950226 -3.1521622530626303e-06 2.285713768674584e-06 2.4356689053339775e-06 2.4932791427082062e-06 2.2166929326703305e-06 2.4434210675017777e-06
214.1203004342252 -32.77318559973724 1.3515625 1.503418 [214.1203004342252,-32.77318559973724] -25.99073597834329 3.1275507960425113 0.000138106768870254 1.6051958928571503e-05 [-25.6806640625,291.81640625] -25.55556576129914 -23.888668225473648 6.535108386040187 42.353824455034555 31.181035641289554 -5.599217572313888e-06 3.0522884161002357e-06 -9.374927775233334e-08 2.170720189316385e-06 -4.528511508819659e-07 2.1802006628594915e-06
212.95739727371318 -31.954009917452435 1.4140625 2.1386719 [212.95739727371318,-31.954009917452435] -17.345298808340065 2.7800519867476225 0.00015659259391310836 1.617829829148447e-05 [-1801.841796875,-1172.665527344] -24.956159045727304 -24.437739110490764 6.2808426241868345 55.718049189636986 39.6772638975533 -3.1329851830572455e-06 1.7329334345501035e-06 1.3747074995668924e-06 1.8329390011325304e-06 1.2810681801383555e-06 1.8249580039103977e-06
215.46646114520195 -32.063434602010915 1.3125 1.0986328 [215.46646114520195,-32.063434602010915] -27.563780762659345 3.2411662821575002 0.00013505666606372413 1.6267695708443124e-05 [2027.400390625,-973.0600585938] -20.095480693698597 -17.75009841634722 6.974488219944178 45.17323994014464 13.432621509442242 -6.946421596753895e-06 4.624605407486497e-06 -1.8821061354669683e-06 2.856777980141385e-06 -2.473172152292506e-06 3.016710975415834e-06
212.51899700127314 -33.354053492321654 1.40625 2.09375 [212.51899700127314,-33.354053492321654] -44.77255497714557 2.5000862207414323 0.0001765650533338191 1.6404705550336997e-05 [-2432.7734375,1355.871582031] -27.439744213865247 -29.208565961718655 6.890317619049421 41.43044732971157 50.802898202828146 -8.173312430172441e-06 3.148982742262398e-06 -3.16413655047518e-06 2.152572990254297e-06 -2.841234880336647e-06 2.097421055596139e-06
213.02018706271318 -32.15259924029623 1.390625 1.909668 [213.02018706271318,-32.15259924029623] -26.21368667064164 3.1304960166510956 0.00013830103844060607 1.608967603629042e-05 [-1702.264648438,-816.2778320312] -24.436758250926673 -24.0588088561649 6.537552244743364 53.26126044659668 39.932657678670694 -5.0106931344059744e-06 2.3833189444877654e-06 -3.396562698282494e-07 1.9303461919606653e-06 -4.119005314340262e-07 1.9323235177114244e-06
213.4271241779152 -32.33441915187881 1.328125 1.2983398 [213.4271241779152,-32.33441915187881] -19.991459364658393 2.0418108083924067 0.0002087138075355444 1.5837089918285922e-05 [-1080.030761719,-494.3491210938] -27.792815275746406 -25.312178550287367 7.011361649537851 49.77421983141653 36.42741976400498 -4.634457888048925e-06 2.9411035277517505e-06 1.8085250696372435e-06 2.526141353359643e-06 1.233459176248227e-06 2.4309646602861627e-06
216.07379144403814 -32.42987058147883 1.3125 1.1054688 [216.07379144403814,-32.42987058147883] -38.33458549080065 0.32240525451172275 0.001426195842103137 1.7087950622248038e-05 [2941.571289062,-299.3764648438] -12.42514815246595 -12.992745982492576 6.760889477532122 38.72905733405878 8.981311841828756 -9.630884415283262e-06 6.04465515396195e-06 -6.5092864074507105e-06 4.610794187861431e-06 -6.366687523822143e-06 4.538446273798947e-06
216.07385263682866 -32.4352950959463 1.3125 1.1054688 [216.07385263682866,-32.4352950959463] -18.355567164150806 0.07943643172100616 0.005811444519788149 1.71558613096741e-05 [2941.487304688,-289.6123046875] -12.42514815246595 -12.992745982492576 6.760889477532122 38.668927508945444 9.009174536930004 -4.6115105581962815e-06 3.2802035965442816e-06 -1.4899125503637303e-06 2.603558483049622e-06 -1.3473136667351632e-06 2.5753952244843995e-06
214.57704170550406 -32.392784106390934 1.3203125 1.2104492 [214.57704170550406,-32.392784106390934] -38.05369669361393 3.027215249781097 0.00014221169716719788 1.5998796894188805e-05 [668.4057617188,-391.5288085938] -23.19240129505091 -22.291102063209298 7.385675467791177 44.91455170459608 24.49054534077254 -9.136338869143094e-06 5.3718787120893e-06 -3.5680588902810743e-06 3.2228845062150524e-06 -3.7844524583200303e-06 3.2974400333092782e-06
212.88774102506565 -32.037090434555196 1.359375 1.6254883 [212.88774102506565,-32.037090434555196] -15.594280226334542 3.060146298134619 0.00014023917195989 1.5948514277068875e-05 [-1906.471679688,-1021.923339844] -23.990452322538875 -23.61545990095601 6.197135194516075 55.02724700328622 40.81925925573046 -3.2308890685663025e-06 2.1011905929867134e-06 1.7395545193305956e-06 2.1696626880843466e-06 1.6618620001438952e-06 2.1584926541787993e-06
214.30545057815863 -32.044643447066505 1.34375 1.4130859 [214.30545057815863,-32.044643447066505] -20.505816608295962 3.288898923128213 0.00012779095177628975 1.5619219728601983e-05 [256.5942382812,-1019.343261719] -22.270587310784286 -22.188203101642177 6.901017218562027 49.81379774475272 25.644188391992884 -4.556605352271834e-06 2.795632422874961e-06 3.921503728477488e-07 2.311096863228684e-06 3.7384374622124585e-07 2.310386336165258e-06
213.31343086962997 -32.333427352214954 1.3125 1.109375 [213.31343086962997,-32.333427352214954] -13.883854612886585 2.280809842456778 0.00018850853132164192 1.5978234527910908e-05 [-1252.944335938,-494.8857421875] -27.627853988709177 -25.332856003675772 7.040507941347964 50.19032098351818 37.63856390033743 -3.481925736099949e-06 2.78383833876014e-06 3.446851503270581e-06 3.2833509279582697e-06 2.871289977225191e-06 3.0787046975749116e-06
212.42141701130194 -33.385696533396654 1.453125 2.5498047 [212.42141701130194,-33.385696533396654] -46.77403114646837 2.9517721023821784 0.000148747453018928 1.6317028237913516e-05 [-2578.486328125,1415.117675781] -27.81314022826423 -29.39843441776256 6.871125610235268 41.39956068710899 51.97665677336295 -7.737487797592711e-06 2.6315975170416182e-06 -3.136562287130733e-06 1.9364243628297394e-06 -2.8743185987809407e-06 1.8997319222598976e-06
213.9024047718457 -32.188388947502595 1.34375 1.4091797 [213.9024047718457,-32.188388947502595] -15.410068955572264 3.1887704346206314 0.00013395863884193296 1.5874596085967127e-05 [-357.783203125,-760.4150390625] -24.880519973397554 -23.332942510141656 6.9060141081518305 49.69457305217293 30.648624328202686 -3.4290200858103996e-06 2.387012226149712e-06 2.10734727115311e-06 2.5172722935360298e-06 1.7629831919818033e-06 2.4541570419741544e-06
212.3427579966868 -33.70183933750015 1.46875 2.65625 [212.3427579966868,-33.70183933750015] -45.097288967981015 3.0393571283271625 0.00015030459463600168 1.6977068190716447e-05 [-2686.802734375,1985.967773438] -29.973884328239055 -30.76101997726307 6.8956937888785035 38.08330485157785 54.216469960525046 -7.3091116415350625e-06 2.4588549883174168e-06 -2.4511152541889063e-06 1.8129380554823121e-06 -2.3235407931202265e-06 1.7986804831432875e-06
212.35934448427585 -33.70417784042803 1.46875 2.65625 [212.35934448427585,-33.70417784042803] -44.04865639950916 3.285104839170036 0.0001388879430697439 1.6955963897187188e-05 [-2661.904296875,1989.758300781] -29.973884328239055 -30.76101997726307 6.8956937888785035 38.00192363529413 54.052425356340336 -7.139155249713987e-06 2.424708188946893e-06 -2.281158862367831e-06 1.8054307515352208e-06 -2.1535844012991514e-06 1.7921364681839301e-06
212.3624266731414 -33.70885085298322 1.46875 2.65625 [212.3624266731414,-33.70885085298322] -48.20080267018301 2.527412985068835 0.00018057561064818348 1.6960709190555907e-05 [-2657.146484375,1998.08984375] -29.973884328239055 -30.76101997726307 6.8956937888785035 37.93881589868465 54.04078669441856 -7.812111459252126e-06 2.5717864382963703e-06 -2.9541150719059694e-06 1.8551880241398136e-06 -2.8265406108372896e-06 1.8383091022990833e-06
213.41407767392704 -32.37991321942691 1.3359375 1.362793 [213.41407767392704,-32.37991321942691] -21.993570929419985 2.0761189949565275 0.00020616637639969118 1.590665211186091e-05 [-1099.317871094,-412.3286132812] -27.728463159564114 -25.27054953389871 6.949296563643963 49.30978126867831 36.783224992597525 -4.976562243497238e-06 2.9799327854294955e-06 1.2976541296840518e-06 2.3707025018084185e-06 7.414934140586678e-07 2.310537813979669e-06
213.31198099738776 -32.15196978268437 1.328125 1.3032227 [213.31198099738776,-32.15196978268437] -11.308261629012184 3.076840342377298 0.00013937373712495456 1.5936561008265126e-05 [-1257.661132812,-821.4755859375] -27.083477573314262 -25.41440242898134 6.829947449597681 52.23469770327756 36.7931112521394 -2.6165869513246473e-06 2.2278798590184316e-06 3.650182985534183e-06 3.032369314642782e-06 3.2639803677739743e-06 2.912097462687054e-06
213.95918265033023 -35.13695141761686 1.2109375 0.1000061 [213.95918265033023,-35.13695141761686] 80.96705536206669 3.287672691708076 0.00020088953898325779 2.4544523179121808e-05 [-262.1147460938,4545.342651367] -29.397782579193418 -36.789368820631594 6.962279989497235 16.429077178387843 44.0797887886888 6.763067562066013e-05 0.00040955380100571526 9.218624193944707e-05 0.000558254154877585 9.836033298402573e-05 0.000595633948007851
213.88883984069196 -32.18083949431388 1.328125 1.2929688 [213.88883984069196,-32.18083949431388] -17.302987136690895 2.5969247036438983 0.00016443151983827509 1.5869130509542802e-05 [-378.478515625,-773.9565429688] -25.389703826265176 -23.355222884480682 6.883269112336642 49.82867012885504 30.756684842992854 -4.0195339844282555e-06 2.720455183862033e-06 1.8785676888853866e-06 2.5543073853607236e-06 1.405951878587887e-06 2.4703122447448658e-06
214.1745605613119 -31.96770872183775 1.359375 1.559082 [214.1745605613119,-31.96770872183775] -24.86023564956901 1.7272575884886785 0.00024523957917976466 1.574187192825411e-05 [56.93701171875,-1158.009765625] -23.331869611106324 -22.261935134437323 6.872238215272556 51.160093244953714 26.66083668567626 -5.259196431774687e-06 2.794147690999574e-06 -3.2332667031931047e-07 2.1120538338006378e-06 -5.496718933191528e-07 2.1213030789763354e-06
213.09867882130183 -32.15929411589443 1.3671875 1.6533203 [213.09867882130183,-32.15929411589443] -23.29682990315679 3.0493523549785535 0.00014121705380581857 1.6003075718531037e-05 [-1582.552734375,-805.44140625] -25.161659923034513 -24.50415438665339 6.6728868644320585 52.90920593582314 39.11966783672028 -4.785936832552869e-06 2.5615715161725776e-06 3.830975594397816e-07 2.089452708650368e-06 2.480242478667143e-07 2.085796869438381e-06
212.14175403548307 -32.28746419080911 1.4140625 2.1376953 [212.14175403548307,-32.28746419080911] -11.390778913004578 3.2057035625436976 0.00013885002423208136 1.6541619354490122e-05 [-3035.928710938,-553.9663085938] -26.1654714405164 -24.447213473989994 6.535598417735174 54.76530960198602 50.03223259982019 -2.0579231579084956e-06 1.5596077203647092e-06 2.66928031309881e-06 2.041107540283416e-06 2.358850017894113e-06 1.9956774768764955e-06
213.23028581916836 -32.242977016951215 1.328125 1.2451172 [213.23028581916836,-32.242977016951215] -15.58333616148534 2.7861221645079626 0.00015582819895798255 1.613447764234912e-05 [-1380.763671875,-656.6577148438] -26.723083328555685 -25.11779003784547 6.952871930736804 51.502242503571324 38.10113711696113 -3.6889601131623883e-06 2.676183407095531e-06 2.637052974035266e-06 2.815012740979317e-06 2.25704044924656e-06 2.7166556019928395e-06
212.97732522129579 -34.22380069587186 1.3359375 1.3735352 [212.97732522129579,-34.22380069587186] -43.87327828682462 3.257561362953166 0.00013935280414779363 1.687007528768513e-05 [-1726.237304688,2911.967285156] -30.254873920250574 -34.613018697575626 7.1545712494789395 30.063194672686677 49.933286865753416 -9.888463871185838e-06 5.190927069861551e-06 -3.069410466245181e-06 2.816556794405888e-06 -2.0871415577255775e-06 2.58728801510401e-06
212.95278911662547 -32.16744622942115 1.390625 1.9345703 [212.95278911662547,-32.16744622942115] -27.459300448666845 3.113856254510203 0.00013895837154899085 1.6080219748746105e-05 [-1804.66015625,-788.443359375] -24.103883749555887 -23.787324529880603 6.493303323900833 53.33089583763922 40.72777326725418 -5.214898305137662e-06 2.418744178689316e-06 -6.372397173750245e-07 1.9218358435938146e-06 -6.973586610912504e-07 1.924699332486619e-06
215.31831352421847 -32.274704108693854 1.3046875 1.0581055 [215.31831352421847,-32.274704108693854] -29.912068807645184 3.213371736682836 0.00013546590980319432 1.6177063520532002e-05 [1797.294921875,-595.4760742188] -19.43817281442014 -17.337666871801087 6.872747208482812 43.406595556275306 16.080240966501833 -7.681227106962549e-06 5.1784415396480025e-06 -2.689629204052376e-06 3.13610730116475e-06 -3.229025635925307e-06 3.3278356710598404e-06
212.26673866317873 -33.69606794104147 1.4921875 2.8857422 [212.26673866317873,-33.69606794104147] -41.87765066520259 3.2183284569239747 0.0001420926667909419 1.699459164848355e-05 [-2800.770507812,1977.545410156] -30.089911377784144 -30.67808403686747 6.858100930524994 38.399783400549495 54.990713756884816 -6.511816887855948e-06 2.1478317213698055e-06 -1.8329490442317564e-06 1.6805460884612987e-06 -1.741490411917015e-06 1.6732407158058878e-06
213.96603389194217 -31.89077747069247 1.3671875 1.6665039 [213.96603389194217,-31.89077747069247] -19.969054384979422 3.270825914482362 0.00012941310022792572 1.5730566914200405e-05 [-261.7075195312,-1296.2734375] -25.36958484057739 -22.821222909052608 6.791799170676053 52.79170850196533 28.51478404222462 -4.086043313414542e-06 2.333233385270463e-06 1.10504989027353e-06 2.1555063538235244e-06 5.836072105290465e-07 2.1191779278076087e-06
214.293044955981 -31.933435527609277 1.328125 1.2583008 [214.293044955981,-31.933435527609277] -16.01771973636708 3.1560760629701456 0.0001358026256256148 1.592811311699866e-05 [237.9536132812,-1219.534179688] -22.865779150428597 -22.265126275877222 6.876411420911891 51.10167123192514 25.225251574824142 -3.7718732612946613e-06 2.7105617709674725e-06 1.6125898455452831e-06 2.5762011776754575e-06 1.4711473334943162e-06 2.5518227005212396e-06
215.77999889302527 -31.88707744535828 1.296875 0.97680664 [215.77999889302527,-31.88707744535828] -31.978620650348294 3.042021974246565 0.00014653318047874118 1.656559449048387e-05 [2510.3359375,-1283.764648438] -18.79186949116837 -17.10542344386371 6.282612964505865 45.89092563090503 9.209172558229056 -8.54681020074159e-06 6.078099981173882e-06 -3.5243752554002813e-06 3.543300113999182e-06 -3.975105586695756e-06 3.7512593369245033e-06
216.30111696608938 -31.53615772729086 1.375 1.7329102 [216.30111696608938,-31.53615772729086] -40.425339854158835 0.29394152595789297 0.0015790355913566931 1.72489064458215e-05 [3318.884521484,-1900.962402344] -16.996613560728775 -15.914797923976078 6.102701806557337 47.66736241436138 1.8503622753510172 -8.111745011349642e-06 3.5869387466116227e-06 -4.7012060830814745e-06 2.670895043487043e-06 -4.918283110171105e-06 2.734824280844807e-06
211.60121180197285 -32.62060552932979 1.40625 2.0722656 [211.60121180197285,-32.62060552932979] -24.915908116311392 3.0212313374144584 0.00015492648936886024 1.7394756904743112e-05 [-3843.573242188,63.0458984375] -25.10446651290607 -23.862840661208438 6.641885841470991 52.781025081075086 57.354181574366976 -4.571962329417427e-06 2.129079967852296e-06 3.459965745987962e-08 1.8554571475623754e-06 -1.9323336370446326e-07 1.8566569063632004e-06
