data_processed/hvc_rms/hvc_rms_index_3_with_B.ecsv
# %ECSV 1.0
# ---
# datatype:
# - {name: ra_dec_obj.ra, unit: deg, datatype: float64}
# - {name: ra_dec_obj.dec, unit: deg, datatype: float64}
# - {name: 'H-alpha flux [Error]', unit: R, datatype: float32}
# - {name: H-alpha flux, unit: R, datatype: float32}
# - {name: ra_dec_deg, datatype: string, subtype: 'float64[2]'}
# - {name: RM, unit: rad / m2, datatype: float64}
# - {name: RM_uncert, unit: rad / m2, datatype: float64}
# - {name: pol_int, datatype: float64}
# - {name: pol_int_uncert, datatype: float64}
# - {name: ra_dec_pix_offsets, datatype: string, subtype: 'float64[2]'}
# - {name: interpolation_raw, unit: rad / m2, datatype: float64}
# - {name: interpolation_cor, unit: rad / m2, datatype: float64}
# - {name: interpolation_unc, unit: rad / m2, datatype: float64}
# - {name: pixel location x, datatype: float64}
# - {name: pixel location y, datatype: float64}
# - {name: 'B_virtual [raw]', unit: G, datatype: float64}
# - {name: 'B_virtual_unc [raw]', unit: G, datatype: float64}
# - {name: 'B_virtual [int]', unit: G, datatype: float64}
# - {name: 'B_virtual_unc [int]', unit: G, datatype: float64}
# - {name: 'B_virtual [cor]', unit: G, datatype: float64}
# - {name: 'B_virtual_unc [cor]', unit: G, datatype: float64}
# meta: !!omap
# - __serialized_columns__:
#     ra_dec_obj:
#       __class__: astropy.coordinates.sky_coordinate.SkyCoord
#       dec: !astropy.table.SerializedColumn
#         __class__: astropy.coordinates.angles.Latitude
#         unit: &id001 !astropy.units.Unit {unit: deg}
#         value: !astropy.table.SerializedColumn {name: ra_dec_obj.dec}
#       frame: icrs
#       ra: !astropy.table.SerializedColumn
#         __class__: astropy.coordinates.angles.Longitude
#         unit: *id001
#         value: !astropy.table.SerializedColumn {name: ra_dec_obj.ra}
#         wrap_angle: !astropy.coordinates.Angle
#           unit: *id001
#           value: 360.0
#       representation_type: spherical
# schema: astropy-2.0
ra_dec_obj.ra ra_dec_obj.dec "H-alpha flux [Error]" "H-alpha flux" ra_dec_deg RM RM_uncert pol_int pol_int_uncert ra_dec_pix_offsets interpolation_raw interpolation_cor interpolation_unc "pixel location x" "pixel location y" "B_virtual [raw]" "B_virtual_unc [raw]" "B_virtual [int]" "B_virtual_unc [int]" "B_virtual [cor]" "B_virtual_unc [cor]"
[from data line 217]
359.5409546745182 -6.045339525523897 0.27929688 0.35583496 [359.5409546745182,-6.045339525523897] 11.234547779760543 0.23831674111740117 0.0022675284282094262 2.0082417668512398e-05 [-820.677734375,2465.227539062] -0.8249725745218202 -1.9998130443878832 4.060667877470233 34.16508111947587 35.526123852164346 4.97484921536048e-06 3.6921139367984716e-06 5.340161130491368e-06 4.180416776500647e-06 5.86040051210816e-06 4.2919166823714965e-06
359.5421143912905 -6.050729736289031 0.27929688 0.35583496 [359.5421143912905,-6.050729736289031] 7.1335457357581085 1.1466586338383244 0.0004702249354509616 2.0037729249791008e-05 [-818.59375,2474.92578125] -0.8249725745218202 -1.9998130443878832 4.060667877470233 34.10197339847093 35.573742034301176 3.158855621247866e-06 3.388770472069013e-06 3.5241675363787542e-06 3.887524057851009e-06 4.044406917995545e-06 3.968776002882474e-06
359.5403442865647 -6.038769742258686 0.27929688 0.35583496 [359.5403442865647,-6.038769742258686] 9.775873973780437 1.482913075727597 0.0003657324558394752 2.0155236570474516e-05 [-821.7802734375,2453.406005859] -0.8249725745218202 -1.9998130443878832 4.060667877470233 34.2372810081157 35.448077059662864 4.328923595441875e-06 3.616283598421228e-06 4.694235510572764e-06 4.1042876922302325e-06 5.214474892189555e-06 4.20486457219623e-06
358.3193967257661 -5.457117933897939 0.3203125 0.8376465 [358.3193967257661,-5.457117933897939] -21.05755870358799 1.0583962219114942 0.0005360681652405602 2.1085164869253397e-05 [-3009.943359375,1409.951660156] -2.0207395043866394 -4.302736673422924 4.064048174720854 47.611453676938254 56.799109788947135 -6.077518216304324e-06 2.413374994121796e-06 -5.494303356443907e-06 2.626555543051063e-06 -4.835685728465512e-06 2.5680677582266653e-06
358.00372307173444 -4.758910152996369 0.2890625 0.5131836 [358.00372307173444,-4.758910152996369] -10.380710522877722 0.236572757962615 0.002449554559690479 2.1535777378759885e-05 [-3579.186523438,154.7060546875] -4.266460075060316 -2.6273291378418278 3.62142017418088 56.738606008378724 54.38253006790637 -3.827712697252206e-06 2.8196924741241038e-06 -2.2545271849852883e-06 2.982838178955783e-06 -2.8589291945609112e-06 3.027787927386474e-06
358.0167846145156 -4.750101197209996 0.28515625 0.4777832 [358.0167846145156,-4.750101197209996] -13.897086962511672 1.569991441730221 0.00037044827448974495 2.161392123045452e-05 [-3555.81640625,138.7836914062] -4.336218487353969 -2.6180457999851283 3.61904345937332 56.749531452993324 53.96022844035406 -5.310763607242912e-06 3.202488652581761e-06 -3.6536802632432195e-06 3.2749789850422914e-06 -4.310278944941908e-06 3.351642538742899e-06
358.0101318587601 -4.7598833991979825 0.28515625 0.4777832 [358.0101318587601,-4.7598833991979825] -12.317055283008422 2.7913707930370064 0.0002067864487044363 2.1451037792227483e-05 [-3567.692382812,156.4252929688] -4.336218487353969 -2.6180457999851283 3.61904345937332 56.689354438163264 54.248239955742974 -4.706955430433447e-06 3.232059633592834e-06 -3.049872086433755e-06 3.3331931101626078e-06 -3.7064707681324428e-06 3.3972287101243813e-06
357.25091570462143 -3.192170317301045 0.28320312 0.44873047 [357.25091570462143,-3.192170317301045] -4.030640526909854 1.3601470562901126 0.0005677472363007298 2.8697865638268416e-05 [-4937.778320312,-2660.55078125] -7.26051755161523 -5.022132742635513 3.8180396472798197 77.50844192951001 50.42755115536602 -1.5893879714915697e-06 2.8598683476253365e-06 1.2736257818554196e-06 3.2168609974874695e-06 3.909715567490822e-07 3.1921758647631727e-06
357.24197364820367 -3.1739812904748437 0.265625 0.28051758 [357.24197364820367,-3.1739812904748437] -5.81360900092796 1.420046790709001 0.0005461516053663359 2.8822030432337314e-05 [-4953.91796875,-2693.216796875] -7.348183331484499 -5.198166239845661 3.815894224527256 77.75090603484932 50.389074071626965 -2.899441918675882e-06 3.826507409997088e-06 7.653437203343739e-07 4.055551378672413e-06 -3.0694195976076373e-07 4.041451787083975e-06
359.0656434261471 -5.90138145733508 0.25390625 0.15161133 [359.0656434261471,-5.90138145733508] 1.7570654197873135 1.240320024633932 0.00044330807468009913 2.0433751163521178e-05 [-1671.854492188,2207.013183594] -2.7186360278392887 -4.143156012243529 4.425478440679555 38.48706408175235 45.21447855355245 1.1919848613278907e-06 4.926107735249002e-06 3.036294670257647e-06 6.2298439903521325e-06 4.002682282777182e-06 6.6057310015586464e-06
359.469085821187 -6.035641661896351 0.28515625 0.40771484 [359.469085821187,-6.035641661896351] 8.002647787951963 1.5645935585276634 0.0003457413406858337 2.010303148357998e-05 [-949.3344726562,2447.866943359] -1.1749237591240524 -2.404189218982429 4.150564936338611 34.68950674316545 37.178917596414976 3.310579914166133e-06 3.1990086198141272e-06 3.7966289195326556e-06 3.6921906578367185e-06 4.30515830235919e-06 3.764237019649865e-06
357.87152092329876 -4.031450627826099 0.27929688 0.4116211 [357.87152092329876,-4.031450627826099] -30.76727233081999 0.8347732811201678 0.0007325609047495478 2.2725894211699218e-05 [-3819.903320312,-1153.995117188] -7.213309690233088 -4.678845058784238 3.8519728050072257 65.06180792173609 47.57683535896376 -1.2667438913818243e-05 5.30974857259356e-06 -9.69758968945427e-06 4.746106456529213e-06 -1.0741074323155484e-05 5.01528414993538e-06
357.87759374131923 -4.036440251984468 0.27929688 0.4116211 [357.87759374131923,-4.036440251984468] -10.910883096530005 0.15506085677670128 0.003903715030265561 2.2495154964755116e-05 [-3808.983398438,-1145.047363281] -7.213309690233088 -4.678845058784238 3.8519728050072257 64.97345652831041 47.50541648675426 -4.49220664201214e-06 3.285775876389668e-06 -1.5223574176481676e-06 3.3332921965387197e-06 -2.565842051349381e-06 3.4112177565605254e-06
357.85101302398607 -4.052256716787489 0.27734375 0.38562012 [357.85101302398607,-4.052256716787489] -6.347426379945428 0.1774718658215295 0.003433811043039942 2.2647205002833907e-05 [-3856.6015625,-1116.434570312] -7.095029991286895 -4.589388057382977 3.8494994225415993 64.97005230940056 48.31687817558168 -2.7000167943525107e-06 3.142229542721881e-06 3.1800956565925584e-07 3.4010324259534714e-06 -7.478200946183709e-07 3.410274650998049e-06
357.8466187282554 -4.052588375938038 0.27734375 0.38562012 [357.8466187282554,-4.052588375938038] -10.108615411475071 0.14770690079859178 0.0041372207485408 2.271005484431451e-05 [-3864.484375,-1115.813476562] -7.095029991286895 -4.589388057382977 3.8494994225415993 64.9931733773875 48.4207271234809 -4.299920904142565e-06 3.377991357882159e-06 -1.281894544130798e-06 3.4317903572458212e-06 -2.3477242044084246e-06 3.5083888587361137e-06
357.8516236598587 -4.046944654260843 0.27734375 0.39733887 [357.8516236598587,-4.046944654260843] -6.914932175603157 0.1483053495842372 0.004097676694561497 2.2584121926840063e-05 [-3855.53125,-1125.999023438] -7.154186726944978 -4.6292682533114 3.8507212934270747 65.02139038688904 48.23258391962554 -2.8977174379603603e-06 3.1143621563093734e-06 1.002601425333726e-07 3.348682821684931e-06 -9.578124610259084e-07 3.3662358243388894e-06
358.12759417820786 -3.301850083646119 0.30078125 0.6381836 [358.12759417820786,-3.301850083646119] -14.335555173705803 0.8075467283445257 0.0007547544098947372 2.2650720670129128e-05 [-3363.13671875,-2468.368164062] -7.34799175120245 -6.3230048000625265 4.149637302046364 71.1463358386253 32.37258721002536 -4.7401308794685046e-06 2.618850576464648e-06 -2.3104766261166435e-06 2.7660391853504315e-06 -2.6493942501136677e-06 2.7853076802287283e-06
357.3386536877113 -5.419743169443387 0.26171875 0.2401123 [357.3386536877113,-5.419743169443387] -21.298990400937885 3.131532989788462 0.00023280681190997822 2.7093267065859522e-05 [-4766.29296875,1348.110839844] -1.8810430580619975 -3.584979649078643 3.810736798881997 54.163130425583745 78.9886964790594 -1.1481547949972016e-05 7.570400370835928e-06 -1.0467542794772274e-05 7.3986499650098845e-06 -9.549009601170385e-06 7.009292847225578e-06
358.38040149585635 -6.028419457215047 0.29882812 0.63427734 [358.38040149585635,-6.028419457215047] -1.1418034665433063 0.4219658499405138 0.0014045220651177847 2.2024931891579926e-05 [-2897.76953125,2437.852050781] -1.9825529818621905 -4.2361034401078035 4.0918639179178875 41.372629656022355 63.62470343577934 -3.787044357485517e-07 2.3278793652349743e-06 2.7885321785597355e-07 2.693830592043113e-06 1.02629319305982e-06 2.705320260378913e-06
358.3788454378269 -6.032275622307127 0.29882812 0.63427734 [358.3788454378269,-6.032275622307127] -1.3928536445911437 1.3080364613394366 0.00045466579250345266 2.2101453391439793e-05 [-2900.533203125,2444.797607422] -1.9825529818621905 -4.2361034401078035 4.0918639179178875 41.34288723691452 63.71870486652642 -4.6197079358332514e-07 2.3647627879812483e-06 1.9558686002120008e-07 2.7244890183885676e-06 9.430268352250466e-07 2.734402943291753e-06
359.45794681188556 -5.383828697474849 0.27148438 0.32678223 [359.45794681188556,-5.383828697474849] 6.656547124060832 2.126967555231188 0.00025124559109675123 1.9859486632882998e-05 [-970.376953125,1274.81640625] -1.9108806076305562 -2.3944398014717576 4.366750792881582 41.576261625827215 28.373961581917683 3.075873222612379e-06 3.6245787140585974e-06 3.958857506066899e-06 4.2814944492267466e-06 4.182301695398621e-06 4.3197005265443685e-06
357.186309594602 -4.315496043827159 0.28125 0.43847656 [357.186309594602,-4.315496043827159] -13.45304505094019 0.5612210268022626 0.0014742027350014082 3.0746794822963116e-05 [-5047.25390625,-638.4125976562] -5.4998375814800475 -4.490901800620656 4.0353573146497865 66.35672752876553 66.78175052649021 -5.3665606089567515e-06 3.3231036281661942e-06 -3.1726177797555607e-06 3.3993510093491064e-06 -3.575092832654357e-06 3.4433881082418343e-06
357.17236315045557 -4.319170004657604 0.28125 0.43847656 [357.17236315045557,-4.319170004657604] -14.843837460655468 0.9031189464403354 0.0009265407995732877 3.109697929500224e-05 [-5072.231445312,-631.69921875] -5.4998375814800475 -4.490901800620656 4.0353573146497865 66.4067717840527 67.14214679476027 -5.921362271550785e-06 3.4376676822975915e-06 -3.7274194423495943e-06 3.47275324982641e-06 -4.12989449524839e-06 3.5229109236545914e-06
359.4942322065434 -5.870902558355041 0.28710938 0.44104004 [359.4942322065434,-5.870902558355041] 5.487240067873533 0.7291949445164106 0.000735482489142853 1.9930798085307314e-05 [-904.5952148438,2151.377197266] -0.8376707957036398 -2.2777578801828144 4.230231788897379 36.26194885265693 34.223847015407046 2.1825469072336564e-06 2.8947196680068302e-06 2.515730034238967e-06 3.3747557044875497e-06 3.0885239294393975e-06 3.428566544837674e-06
359.4965820777268 -5.868851246474314 0.28710938 0.44104004 [359.4965820777268,-5.868851246474314] 2.9469482717292723 0.9739650252972735 0.0005492060817986236 1.9878673601516618e-05 [-900.3911132812,2147.682617188] -0.8376707957036398 -2.2777578801828144 4.230231788897379 36.26962268431214 34.136683699402965 1.172147155342672e-06 2.8388010289204658e-06 1.5053302823479823e-06 3.3153551243810313e-06 2.078124177548413e-06 3.350472400831128e-06
359.48980725727415 -5.876837225504916 0.30273438 0.59375 [359.48980725727415,-5.876837225504916] 12.87518608603051 2.3290488686035857 0.00023014827717467287 1.992026137317959e-05 [-912.5083007812,2162.062988281] -0.8528242922889622 -2.2403612461158984 4.190994746079554 36.225852363542 34.41714007410019 4.413674864996116e-06 2.7963469674959836e-06 4.70602707784824e-06 3.1746679614872324e-06 5.1816813275374056e-06 3.228354891135305e-06
0.35229268623698673 -6.178937945700774 0.41015625 1.6293945 [0.35229268623698673,-6.178937945700774] 5.273819717617484 0.41601558102502945 0.0013398297555415437 2.0714188226342443e-05 [631.4389648438,2705.518798828] -0.9421694425302298 -0.25523538942706203 3.8284725128447477 28.090247324331926 16.830468161930185 1.0913417924696448e-06 1.4608981512359978e-06 1.2863103244401656e-06 1.6652262028845528e-06 1.1441591169732698e-06 1.6627407452504703e-06
359.42541504010745 -4.165229345881514 0.29492188 0.5739746 [359.42541504010745,-4.165229345881514] -4.181483435835559 1.917619368210569 0.0002816207902469225 2.0069466293188737e-05 [-1030.50390625,-918.5708007812] -3.148461996192833 -1.5537978400629013 4.02425384993407 54.62668738412049 13.163281888286292 -1.457916578056576e-06 2.5614765601328466e-06 -3.601733943116899e-07 2.8951592509287674e-06 -9.16169213816798e-07 2.904226947025704e-06
357.0396726341108 -4.906157048828869 0.28125 0.4522705 [357.0396726341108,-4.906157048828869] -16.11990929851825 0.3400275644363145 0.0023900180916047375 3.0201187268180124e-05 [-5305.704101562,425.8432617188] -3.7512999873537667 -4.180004747159531 4.387697683335362 61.28074767599276 78.31663105970483 -6.331579928822208e-06 3.431882169450562e-06 -4.858143864941664e-06 3.608380559750271e-06 -4.689757157404406e-06 3.584962232555171e-06
0.8924247511381166 -6.291094247640156 0.2578125 0.1000061 [0.8924247511381166,-6.291094247640156] 2.294957015092881 2.08737341971899 0.0002807645106398556 2.1779658361549487e-05 [1597.626464844,2908.181152344] 0.5563195260313265 1.0438282833828998 3.9038688112747586 23.900857447529688 4.3066608266553885 1.9169462537206355e-06 6.585029797480561e-06 1.4522601509814822e-06 7.168111095974807e-06 1.0450507436090837e-06 7.048685971386869e-06
0.890416274418186 -6.288453992985561 0.2578125 0.1000061 [0.890416274418186,-6.288453992985561] 5.540708090216767 1.7731260297212077 0.0003301430544674653 2.1754568501779207e-05 [1594.041503906,2903.426025391] 0.5563195260313265 1.0438282833828998 3.9038688112747586 23.939997039952573 4.323474103297485 4.6280778013050446e-06 8.493639726884584e-06 4.163391698565892e-06 8.715179806138236e-06 3.7561822911934928e-06 8.400600630908219e-06
358.48995970291236 -2.616371888194934 0.30859375 0.7116699 [358.48995970291236,-2.616371888194934] -37.98865499470764 3.1404554670765648 0.00020708535735448287 2.4168557718570955e-05 [-2713.924804688,-3703.232421875] -9.095342543042634 -10.486682686771143 3.887277864906368 76.2956907501781 15.813878547456625 -1.1894967124898147e-05 3.6834899620856776e-06 -9.047043170911046e-06 3.4297246459669566e-06 -8.611388229415818e-06 3.3673548247306093e-06
358.48297122717463 -2.6142347014342144 0.30859375 0.7116699 [358.48297122717463,-2.6142347014342144] -22.160627125449277 3.10509846632616 0.00020922615379580226 2.414349015327621e-05 [-2726.491210938,-3707.049804688] -9.095342543042634 -10.486682686771143 3.887277864906368 76.35762332827665 15.945400089592113 -6.938911924127572e-06 2.898744552739553e-06 -4.090987970140471e-06 2.8553857961595128e-06 -3.655333028645244e-06 2.82263337881729e-06
357.9169311209784 -2.6877340101667357 0.24902344 0.1000061 [357.9169311209784,-2.6877340101667357] -18.95113604624992 1.0366764948029568 0.0006468404297653238 2.4920061614718267e-05 [-3743.57421875,-3572.227539062] -9.055269566037424 -8.619860560821895 3.6300969608839537 78.81459626200046 29.45260739171863 -1.582962513401961e-05 2.0625065405887175e-05 -8.265882128426365e-06 1.2271794392764155e-05 -8.629573324337656e-06 1.2655900714015834e-05
357.9275207774198 -2.6817883634856248 0.24902344 0.1000061 [357.9275207774198,-2.6817883634856248] -17.5930482970088 1.5118989557154856 0.00044696144017139646 2.5113169501926263e-05 [-3724.564453125,-3582.979492188] -9.053309371963264 -8.645272170365509 3.625186886289476 78.81565904356182 29.145649177440646 -1.4695232983748204e-05 1.9294593664774118e-05 -7.133127301495796e-06 1.1146141239232742e-05 -7.473955203647074e-06 1.1488868636137246e-05
