data_processed/hvc_rms/hvc_rms_index_2_with_B.ecsv
# %ECSV 1.0
# ---
# datatype:
# - {name: ra_dec_obj.ra, unit: deg, datatype: float64}
# - {name: ra_dec_obj.dec, unit: deg, datatype: float64}
# - {name: 'H-alpha flux [Error]', unit: R, datatype: float32}
# - {name: H-alpha flux, unit: R, datatype: float32}
# - {name: ra_dec_deg, datatype: string, subtype: 'float64[2]'}
# - {name: RM, unit: rad / m2, datatype: float64}
# - {name: RM_uncert, unit: rad / m2, datatype: float64}
# - {name: pol_int, datatype: float64}
# - {name: pol_int_uncert, datatype: float64}
# - {name: ra_dec_pix_offsets, datatype: string, subtype: 'float64[2]'}
# - {name: interpolation_raw, unit: rad / m2, datatype: float64}
# - {name: interpolation_cor, unit: rad / m2, datatype: float64}
# - {name: interpolation_unc, unit: rad / m2, datatype: float64}
# - {name: pixel location x, datatype: float64}
# - {name: pixel location y, datatype: float64}
# - {name: 'B_virtual [raw]', unit: G, datatype: float64}
# - {name: 'B_virtual_unc [raw]', unit: G, datatype: float64}
# - {name: 'B_virtual [int]', unit: G, datatype: float64}
# - {name: 'B_virtual_unc [int]', unit: G, datatype: float64}
# - {name: 'B_virtual [cor]', unit: G, datatype: float64}
# - {name: 'B_virtual_unc [cor]', unit: G, datatype: float64}
# meta: !!omap
# - __serialized_columns__:
#     ra_dec_obj:
#       __class__: astropy.coordinates.sky_coordinate.SkyCoord
#       dec: !astropy.table.SerializedColumn
#         __class__: astropy.coordinates.angles.Latitude
#         unit: &id001 !astropy.units.Unit {unit: deg}
#         value: !astropy.table.SerializedColumn {name: ra_dec_obj.dec}
#       frame: icrs
#       ra: !astropy.table.SerializedColumn
#         __class__: astropy.coordinates.angles.Longitude
#         unit: *id001
#         value: !astropy.table.SerializedColumn {name: ra_dec_obj.ra}
#         wrap_angle: !astropy.coordinates.Angle
#           unit: *id001
#           value: 360.0
#       representation_type: spherical
# schema: astropy-2.0
ra_dec_obj.ra ra_dec_obj.dec "H-alpha flux [Error]" "H-alpha flux" ra_dec_deg RM RM_uncert pol_int pol_int_uncert ra_dec_pix_offsets interpolation_raw interpolation_cor interpolation_unc "pixel location x" "pixel location y" "B_virtual [raw]" "B_virtual_unc [raw]" "B_virtual [int]" "B_virtual_unc [int]" "B_virtual [cor]" "B_virtual_unc [cor]"
[from data line 362]
317.1213990262555 -5.091322916418097 0.4375 1.9770508 [317.1213990262555,-5.091322916418097] 16.783825412484493 0.35259343814192584 0.001589281269749245 2.0824936891020852e-05 [191.8969726562,747.9716796875] -6.928552513168244 -5.484490941356326 7.160102010183935 15.179025070235184 21.430391144723217 3.153048675471949e-06 1.39138237034062e-06 4.454662746620055e-06 1.986632871065408e-06 4.183377964134493e-06 1.9745989003559833e-06
315.5425416458041 -5.7000231694383565 0.39257812 1.5405273 [315.5425416458041,-5.7000231694383565] -44.23749455635348 1.2037464922864343 0.0004917836253773973 2.1999752853907522e-05 [-2635.895507812,1846.288574219] -15.57517660548606 -13.623966234258814 7.531241148851278 28.19364596784817 39.71154337126245 -9.414655885483276e-06 2.1075873126020398e-06 -6.099935430203316e-06 2.3998831089113056e-06 -6.515193445819217e-06 2.4262973558516063e-06
317.36004629289437 -7.143867976021567 0.40234375 1.6420898 [317.36004629289437,-7.143867976021567] -22.227732699290282 2.9354630144870084 0.0002753252874625874 3.0035261491522977e-05 [617.3920898438,4441.323364258] -14.980449623256034 -12.531190574948202 7.497196632264524 0.903598686723285 45.67216878619729 -4.581897211989479e-06 1.7127048750242666e-06 -1.4939133275451038e-06 2.2109149704735572e-06 -1.998789526872441e-06 2.2201113350062658e-06
314.5488278953899 -6.698220293259043 0.39648438 1.5805664 [314.5488278953899,-6.698220293259043] -32.73435845759778 0.4154471392736851 0.001789984116821404 2.7635902595558314e-05 [-4406.314453125,3647.357666016] -22.117600684245744 -21.737447854367698 8.883565322220644 33.00950547466505 58.625994862009065 -6.8777453906402645e-06 1.8160517231391654e-06 -2.2306640569663606e-06 2.402741824851697e-06 -2.3105371474018853e-06 2.404539953432814e-06
314.545623666448 -6.702783543295428 0.39648438 1.5805664 [314.545623666448,-6.702783543295428] -36.363625617626894 2.2848658283092833 0.0003265560026827922 2.7728544716186507e-05 [-4411.99609375,3655.586425781] -22.117600684245744 -21.737447854367698 8.883565322220644 33.01781308628108 58.703408474393655 -7.640282878999038e-06 1.945434719905087e-06 -2.9932015453251327e-06 2.4679838330959998e-06 -3.0730746357606575e-06 2.470322098296179e-06
316.85964962820356 -4.772311791950053 0.43164062 1.9394531 [316.85964962820356,-4.772311791950053] 0.8659631400413236 0.6909736092216845 0.0008131364905493826 2.088015001715237e-05 [-277.5263671875,173.7744140625] -8.716942059805154 -7.195508041116333 6.921227186234396 19.777625256751207 19.277302293611683 1.6425114169840062e-07 1.3343815319447597e-06 1.8176329304122723e-06 1.8897315893826372e-06 1.529055665360899e-06 1.8844902332077524e-06
317.0977479155879 -6.139712357001985 0.34375 1.0478516 [317.0977479155879,-6.139712357001985] -15.251070369856508 0.5902743573234039 0.0009657170791871499 2.1184222653955453e-05 [149.2260742188,2634.787109375] -13.02559761017679 -9.541226451775353 7.276538138788615 9.361780763386605 34.71963952916303 -3.935492385959146e-06 1.9565731709364435e-06 -5.742764860746901e-07 2.6121414705615848e-06 -1.4734078802126035e-06 2.6244487541239928e-06
317.0959167536531 -6.140306974363579 0.34375 1.0478516 [317.0959167536531,-6.140306974363579] -16.962781026588157 0.6207409499905852 0.0009167971500299123 2.1149122574671906e-05 [145.9487304688,2635.856689453] -13.02559761017679 -9.541226451775353 7.276538138788615 9.377570679989049 34.7395839375622 -4.377194121848251e-06 1.989764459629416e-06 -1.0159782219637962e-06 2.6173130709425834e-06 -1.9151096161017094e-06 2.6348775847904833e-06
314.3697812983867 -6.769098275296367 0.35546875 1.1811523 [314.3697812983867,-6.769098275296367] 4.235435142209962 2.8250195656554715 0.0002817494600996745 2.957966530925556e-05 [-4725.389648438,3776.018066406] -23.079684468722142 -23.358401114430027 8.673732217915557 34.503004826086226 60.66421860214177 1.0294226316479165e-06 1.843534525363019e-06 6.638940597492312e-06 3.0274326438135234e-06 6.706682686150288e-06 3.032019426584154e-06
315.54949938429024 -2.996631375761355 0.40429688 1.6616211 [315.54949938429024,-2.996631375761355] 16.044564278524405 1.9922140051428336 0.00031148203680238983 2.30609767490058e-05 [-2632.872070312,-3019.301757812] -3.0681412316815173 -6.400056805636767 9.876399565257483 43.93367676460389 6.646608528552861 3.287839155770351e-06 1.5722010361485866e-06 3.9165601794043875e-06 2.5829382616115795e-06 4.599333628256101e-06 2.608586477150887e-06
314.6966246109439 -4.504184218791045 0.36914062 1.2949219 [314.6966246109439,-4.504184218791045] 23.985305044876593 0.8830165246721678 0.0007196536960810062 2.361571474899843e-05 [-4157.91796875,-302.0249023438] -4.957538071991176 -8.452741458886383 8.638164767704843 43.952211738453116 30.696708010972998 5.567652183744717e-06 1.8876309532981299e-06 6.718433781930611e-06 2.82587432996039e-06 7.529767085103914e-06 2.88341029560203e-06
315.2140809406028 -2.4250815234634766 0.41601562 1.7714844 [315.2140809406028,-2.4250815234634766] 5.832848279193035 1.1945234524783652 0.0006243811229846008 2.7717442067372236e-05 [-3237.083007812,-4046.079101562] -5.032854483079888 -6.579194768649678 9.959008360833923 50.8431787788511 2.107332521522949 1.1576056854758742e-06 1.4196923222680828e-06 2.1564420489329474e-06 2.448370224966405e-06 2.4633336772719635e-06 2.4546992016183433e-06
315.21258555807026 -2.42404553384895 0.41601562 1.7714844 [315.21258555807026,-2.42404553384895] 6.409134820313416 1.3581508321522864 0.0005510208580622323 2.781152132419233e-05 [-3239.7734375,-4047.935546875] -5.032854483079888 -6.579194768649678 9.959008360833923 50.86492369964651 2.1052923078814274 1.2719773516897728e-06 1.427606388923225e-06 2.270813715146846e-06 2.4539868087828483e-06 2.577705343485862e-06 2.4606135733394758e-06
318.3652037319557 -5.372499060200748 0.375 1.3623047 [318.3652037319557,-5.372499060200748] 21.257832267422426 0.5650170194495698 0.001020003199546289 2.1417647527721172e-05 [2420.600585938,1256.374511719] -0.8873121338029988 -2.780440692653203 6.865065046075588 0.5567323560060231 16.28697300600743 4.810946027313797e-06 1.7753750053355763e-06 5.01175722628298e-06 2.370476918810508e-06 5.440198809828272e-06 2.3958843525575728e-06
318.3617553671962 -5.36636911839027 0.38671875 1.4790039 [318.3617553671962,-5.36636911839027] 27.576820707359314 1.2241394874235145 0.00047207905931551965 2.147604704889392e-05 [2414.446777344,1245.329589844] -0.7740993429842997 -2.6603751882999953 6.878881533410621 0.6286146156113546 16.23391023042177 5.989742731988583e-06 1.8127790498321253e-06 6.1578787170131355e-06 2.3600800934273575e-06 6.567581748225511e-06 2.387743777277791e-06
316.9733581053915 -5.072799801628484 0.43554688 1.9765625 [316.9733581053915,-5.072799801628484] 0.4853237094091333 3.0308819273295353 0.00018539889795815616 2.0882614414178336e-05 [-73.52734375,714.6186523438] -7.46680855071897 -6.057646958600319 7.126390502523093 16.83318313462655 22.22147381873947 9.11853074520932e-08 1.4332479024711598e-06 1.4940906676953786e-06 1.9728119421396456e-06 1.2293295803307024e-06 1.9691097977889546e-06
318.4020995974516 -4.560809246802765 0.44726562 2.0888672 [318.4020995974516,-4.560809246802765] 34.480468091941596 2.8648693502229623 0.0002024721185114167 2.1556524960680654e-05 [2489.764648438,-204.5043945312] -3.3759109438441515 -2.225655869414645 6.98043253718152 4.966309751214908 5.835845992522536 6.301825500087902e-06 1.6394388817641985e-06 6.918824132914321e-06 2.1154053886130335e-06 6.708597672521822e-06 2.102117670223506e-06
314.0714417685752 -4.096654505403537 0.39453125 1.5478516 [314.0714417685752,-4.096654505403537] 45.65736350761321 1.5617564692140666 0.0006139667773983858 3.56341897487955e-05 [-5281.408203125,-1031.356933594] 0.23348267898620936 -5.565729190487847 10.093344760938898 52.86570777456359 29.939194033648164 9.6938168185273e-06 2.1462117862042523e-06 9.644244566725815e-06 3.0290714151807726e-06 1.0875513594012876e-05 3.128943439918083e-06
314.0762938276755 -4.0937329539665255 0.39453125 1.5478516 [314.0762938276755,-4.0937329539665255] 42.96947163354446 1.070527615037274 0.0008868243510498153 3.5281268201145066e-05 [-5272.727539062,-1036.651855469] 0.23348267898620936 -5.565729190487847 10.093344760938898 52.83190830889589 29.871606619343765 9.123132717355188e-06 2.0703953781557144e-06 9.073560465553705e-06 2.9760650049836177e-06 1.0304829492840765e-05 3.072094969874257e-06
316.3638610276518 -6.0642809865636975 0.5078125 2.6845703 [316.3638610276518,-6.0642809865636975] -31.8418397238187 3.148578723713314 0.00018044978238087198 2.111444266050413e-05 [-1164.33203125,2499.583740234] -12.474060953673433 -12.607009954574362 8.17176477302494 17.491176505894487 38.738658475753255 -5.133450688692968e-06 1.407268500187086e-06 -3.1224181180612915e-06 1.852841598786391e-06 -3.1009844588834462e-06 1.8522279304532858e-06
314.7503967176254 -3.831296220186075 0.37109375 1.300293 [314.7503967176254,-3.831296220186075] 27.561577960482957 2.01994999418866 0.0003192043414587739 2.396172672419401e-05 [-4064.982421875,-1513.477539062] -1.622763672299669 -7.2972982777920095 8.533062609059138 47.316262763042005 22.178276291702787 6.384576652038328e-06 2.002128508214435e-06 6.760486154346043e-06 2.8383732829346683e-06 8.074979149099638e-06 2.9345200088686032e-06
316.30297830389975 -6.397837658714117 0.54296875 3.0439453 [316.30297830389975,-6.397837658714117] 72.14796516007243 0.9305126606179479 0.0006295146058092079 2.176891585426302e-05 [-1272.490234375,3099.869140625] -15.813612855373513 -14.456644317441075 8.092992491538674 16.23187467134278 43.32575046071497 1.0923310988750548e-05 1.7489011254903949e-06 1.331751587993081e-05 2.3434505222440903e-06 1.3112068792006709e-05 2.324776551406554e-06
314.03277597188287 -6.418240076399545 0.34570312 1.0678711 [314.03277597188287,-6.418240076399545] 1.3762938461901615 0.08420197359049647 0.010704220900797336 3.349546699146156e-05 [-5330.81640625,3147.246582031] -21.79795424259897 -21.75387089861917 9.098639047591897 40.018436637920104 58.50298886377459 3.518036871548268e-07 1.7906321170280997e-06 5.92372475343485e-06 3.1328768750328867e-06 5.912456314651127e-06 3.132146656889156e-06
314.03359964749836 -6.415100106286001 0.34570312 1.0678711 [314.03359964749836,-6.415100106286001] -1.5212833084783552 0.2710731968808916 0.003331054343717152 3.355652641506108e-05 [-5329.377929688,3141.591064453] -21.79795424259897 -21.75387089861917 9.098639047591897 40.027327676590176 58.458953724733874 -3.8886541461425093e-07 1.792105717965147e-06 5.183055651665772e-06 3.088217037074151e-06 5.171787212882048e-06 3.0875689773985107e-06
316.88925159963213 -6.276594181748173 0.37304688 1.3466797 [316.88925159963213,-6.276594181748173] -24.27008021035372 0.5695509043645353 0.001001989205425677 2.1208223514344044e-05 [-223.8559570312,2881.09765625] -13.805052493105972 -11.106965792820748 7.793830612395938 10.765729872433667 37.85758153121378 -5.52443274852662e-06 1.8407333748485637e-06 -2.3820828499255973e-06 2.420269567535853e-06 -2.9962299147985476e-06 2.4388164623851197e-06
316.88571172358536 -6.275653371170514 0.37304688 1.3466797 [316.88571172358536,-6.275653371170514] -27.47921493141299 1.8886566575500283 0.0003039288052779083 2.133209848023104e-05 [-230.1899414062,2879.406005859] -13.805052493105972 -11.106965792820748 7.793830612395938 10.808241836757247 37.86968809321024 -6.254906187171892e-06 1.9470676569347648e-06 -3.1125562885708705e-06 2.4769381340744046e-06 -3.726703353443821e-06 2.499964726347422e-06
316.399383447027 -5.245511066350303 0.38085938 1.4228516 [316.399383447027,-5.245511066350303] -33.648059656391936 0.40197717739793193 0.001381764395319195 2.0641635143127035e-05 [-1102.313476562,1025.96875] -11.369452931912386 -9.330060523962839 8.098213519909255 21.829321957349748 28.29952313409649 -7.451245318329321e-06 1.9634257632504876e-06 -4.933519666509021e-06 2.5019875944868835e-06 -5.385135994081826e-06 2.5260959823851098e-06
316.4009705098053 -5.245037164785057 0.38085938 1.4228516 [316.4009705098053,-5.245037164785057] -35.262497113353476 0.6485670058243997 0.0008577412001941521 2.067377691700363e-05 [-1099.469726562,1025.11328125] -11.369452931912386 -9.330060523962839 8.098213519909255 21.81546161633537 28.28283322453717 -7.808756855867116e-06 2.002412909960572e-06 -5.291031204046817e-06 2.5234362634353383e-06 -5.742647531619623e-06 2.5489898663533397e-06
317.16867061203646 -6.092457784421049 0.37890625 1.3974609 [317.16867061203646,-6.092457784421049] -11.60600632807959 0.19046050121665967 0.002940926178576892 2.0816022530727896e-05 [276.1787109375,2549.777099609] -12.725572291789694 -9.417569668673288 7.115966886277752 8.889314854806798 33.641669980492225 -2.5933527785793964e-06 1.6206305625719852e-06 2.5016611405475063e-07 2.2312098655948386e-06 -4.890044112491396e-07 2.2322571857467203e-06
317.16299437439227 -6.092828711494226 0.37890625 1.3974609 [317.16299437439227,-6.092828711494226] -11.011243991424664 0.5176869225806809 0.001086524430452182 2.0903325981946324e-05 [266.0190429688,2550.442382812] -12.725572291789694 -9.417569668673288 7.115966886277752 8.946674949743283 33.685026892610495 -2.460453612858051e-06 1.618712057031884e-06 3.830652797760957e-07 2.23429983172276e-06 -3.5610524552779437e-07 2.234181743035408e-06
315.750366052383 -4.354207098671082 0.36523438 1.2470703 [315.750366052383,-4.354207098671082] -28.456663212394748 0.3381860557287834 0.001678650789422113 2.109719702620133e-05 [-2268.452148438,-576.7998046875] -3.871932306379472 -6.177573510214161 7.1262789185388 33.80727267487691 21.746006670585302 -6.731116974696871e-06 2.0215232644987764e-06 -5.815253119619296e-06 2.566802068417219e-06 -5.269878543237746e-06 2.5317710138733687e-06
314.175079222145 -3.817889111161426 0.35742188 1.1938477 [314.175079222145,-3.817889111161426] 59.45978414736205 0.3601320950410567 0.002317129236538693 3.1011358219206554e-05 [-5097.290039062,-1533.856445312] -2.0411776224847333 -4.3799678769608015 10.13994229789764 53.40707321344712 25.88781025023991 1.4374657540093026e-05 3.0290754027276537e-06 1.4868120974622178e-05 3.952818425792114e-06 1.5433533537891496e-05 4.018391010715494e-06
317.6119690956327 -4.627233391849385 0.41601562 1.7724609 [317.6119690956327,-4.627233391849385] 22.98618303070109 0.4424137877226196 0.0012742149490568252 2.0949808248468105e-05 [1072.157226562,-86.9423828125] -4.704584919949465 -1.586867979934914 6.606964667847901 12.789788427545545 12.242347406716817 4.560654348445514e-06 1.5464701948960853e-06 5.494084037234706e-06 2.077318268833393e-06 4.875502461480764e-06 2.0432701355893644e-06
315.7902529038249 -6.676221421211124 0.38476562 1.4399414 [315.7902529038249,-6.676221421211124] -40.320994586268505 1.6625914681314649 0.00038841567444229853 2.399888132514569e-05 [-2188.294921875,3601.957763672] -18.35668608771327 -15.484734480929298 8.889874579474924 20.051390053628666 50.22567502563106 -8.875799031952867e-06 2.1336977254859217e-06 -4.834969725061843e-06 2.6352353163809653e-06 -5.467168051339977e-06 2.6671105387713664e-06
314.7742307929575 -3.4757055995195905 0.37695312 1.3745117 [314.7742307929575,-3.4757055995195905] 7.5002052650608135 2.233763719273463 0.00028781799688209917 2.3892625854766538e-05 [-4023.8046875,-2153.572265625] -0.6609157116648159 -5.1096228637214285 8.372048378146394 49.159816677006575 17.727062423125062 1.689847680961391e-06 1.6785444706761274e-06 1.8387565232127474e-06 2.5277854262136654e-06 2.841080752817451e-06 2.552624443935072e-06
