data_processed/hvc_rms/hvc_rms_index_6.ecsv
# %ECSV 1.0
# ---
# datatype:
# - {name: ra_dec_obj.ra, unit: deg, datatype: float64}
# - {name: ra_dec_obj.dec, unit: deg, datatype: float64}
# - {name: 'H-alpha flux [Error]', unit: R, datatype: float32}
# - {name: H-alpha flux, unit: R, datatype: float32}
# - {name: ra_dec_deg, datatype: string, subtype: 'float64[2]'}
# - {name: RM, unit: rad / m2, datatype: float64}
# - {name: RM_uncert, unit: rad / m2, datatype: float64}
# - {name: pol_int, datatype: float64}
# - {name: pol_int_uncert, datatype: float64}
# - {name: ra_dec_pix_offsets, datatype: string, subtype: 'float64[2]'}
# - {name: interpolation_raw, unit: rad / m2, datatype: float64}
# - {name: interpolation_cor, unit: rad / m2, datatype: float64}
# - {name: interpolation_unc, unit: rad / m2, datatype: float64}
# - {name: pixel location x, datatype: float64}
# - {name: pixel location y, datatype: float64}
# meta: !!omap
# - __serialized_columns__:
#     ra_dec_obj:
#       __class__: astropy.coordinates.sky_coordinate.SkyCoord
#       dec: !astropy.table.SerializedColumn
#         __class__: astropy.coordinates.angles.Latitude
#         unit: &id001 !astropy.units.Unit {unit: deg}
#         value: !astropy.table.SerializedColumn {name: ra_dec_obj.dec}
#       frame: icrs
#       ra: !astropy.table.SerializedColumn
#         __class__: astropy.coordinates.angles.Longitude
#         unit: *id001
#         value: !astropy.table.SerializedColumn {name: ra_dec_obj.ra}
#         wrap_angle: !astropy.coordinates.Angle
#           unit: *id001
#           value: 360.0
#       representation_type: spherical
# schema: astropy-2.0
ra_dec_obj.ra ra_dec_obj.dec "H-alpha flux [Error]" "H-alpha flux" ra_dec_deg RM RM_uncert pol_int pol_int_uncert ra_dec_pix_offsets interpolation_raw interpolation_cor interpolation_unc "pixel location x" "pixel location y"
[from data line 479]
78.85158531106957 -54.47755446294193 1.3125 1.15625 [78.85158531106957,-54.47755446294193] 19.31606359941884 1.3436044938762892 0.0003615990022276599 1.8055410813102963e-05 [2459.689941406,-2202.231445312] 31.666958772450556 28.141382401908277 7.770992645358469 20.31873291007912 23.49490837602798
78.8384016283751 -54.45676056041545 1.3359375 1.3227539 [78.8384016283751,-54.45676056041545] 21.50332468653774 1.4061172260461892 0.0003470440359712815 1.8134885473490815e-05 [2447.15625,-2240.096679688] 31.44588685161257 28.04070483038025 7.610860466347042 20.217727116376864 23.797304208909736
78.2550430092317 -53.85628120060443 1.265625 0.6726074 [78.2550430092317,-53.85628120060443] 2.4354817759604477 0.6204792773086568 0.0008126066859583249 1.873770408240481e-05 [1863.97265625,-3338.224609375] 31.417694462733348 28.79240041250023 7.544734300831303 15.854896061647196 32.48283072019467
77.04236589403223 -54.92894352397354 1.3046875 1.0180664 [77.04236589403223,-54.92894352397354] 9.93662006815901 1.3941737524945013 0.00033630782407930446 1.7424590342922453e-05 [561.9418945312,-1429.368164062] 30.925240146292936 31.6097305640247 7.589711213522014 8.077015017320718 15.986396413871717
77.91950238222198 -53.59140795375735 1.328125 1.2626953 [77.91950238222198,-53.59140795375735] 5.0245466321552765 1.3262557305314489 0.00041671911883676553 2.0539005097461103e-05 [1517.400390625,-3822.76171875] 31.992673003950856 29.360028767734715 7.889981195026933 13.353040277597984 36.298084051345995
78.5681763118709 -53.979781963910284 1.28125 0.8469238 [78.5681763118709,-53.979781963910284] 12.747353495856276 0.7279805293366727 0.0006968045394824507 1.8851218977008675e-05 [2189.745605469,-3106.966796875] 31.178659620778912 28.72248344523131 7.571998735648215 18.119726194106534 30.754067637394883
80.22108461202055 -53.583473208778145 1.34375 1.4145508 [80.22108461202055,-53.583473208778145] 49.35354189966983 1.2768027945972813 0.00046344704422142315 2.1990375454507394e-05 [3974.451660156,-3745.8984375] 32.73113855127611 30.56365777522336 8.740345609456337 29.740553709626056 36.86697632367532
80.21194467808084 -53.56623090705532 1.34375 1.4145508 [80.21194467808084,-53.56623090705532] 44.46900244905612 1.1073905083577544 0.0005351654039962487 2.20240675519132e-05 [3966.322265625,-3777.392578125] 32.73113855127611 30.56365777522336 8.740345609456337 29.67418495236211 37.118389499292334
80.2127533390201 -53.570235989289735 1.34375 1.4145508 [80.2127533390201,-53.570235989289735] 47.40344283999014 1.492486891367489 0.0003983731076172252 2.2095775160018098e-05 [3966.809326172,-3770.15234375] 32.73113855127611 30.56365777522336 8.740345609456337 29.68023594333431 37.059920092870016
78.98233029115858 -53.67050577406441 1.3359375 1.3320312 [78.98233029115858,-53.67050577406441] 9.451293322890661 0.8653217660696145 0.0006507807322738938 2.092767669410478e-05 [2647.255371094,-3648.626953125] 31.949296384644327 27.8915062034054 7.470791544128311 20.942184218422312 35.42442074189921
79.55410763424655 -54.592117395380264 1.2890625 0.91674805 [79.55410763424655,-54.592117395380264] 16.57731119563234 2.592556703512932 0.0001914789105917435 1.8448366378967838e-05 [3184.645019531,-1967.629882812] 33.52317424433043 30.109890787258095 8.660638583730263 25.251796631682964 22.003599917749398
79.5625838550294 -54.59392934129722 1.2890625 0.91674805 [79.5625838550294,-54.59392934129722] 12.828094305651465 2.635439408459408 0.0001881128889579596 1.842384588580342e-05 [3193.330322266,-1963.982421875] 33.52317424433043 30.109890787258095 8.660638583730263 25.311310234432085 21.979024933106075
80.52157591207883 -54.68311304654373 1.2890625 0.890625 [80.52157591207883,-54.68311304654373] 22.87467239279557 0.548494662163558 0.0010360984975229816 2.1119428048224716e-05 [4182.322753906,-1752.689941406] 35.0086463241387 31.876760713167112 8.533121132208288 31.99265901370029 20.848928588755143
80.51227576456377 -54.682994906347325 1.2890625 0.890625 [80.51227576456377,-54.682994906347325] 23.09935067055039 1.0782081149255602 0.0005252532933209045 2.1046509678602537e-05 [4172.681152344,-1753.462402344] 35.0086463241387 31.876760713167112 8.533121132208288 31.92812807905682 20.849464684947407
78.41511532518213 -53.67384363041191 1.2890625 0.8977051 [78.41511532518213,-53.67384363041191] 5.399472352367713 0.058600637020006986 0.009132541838809823 1.9888531189620484e-05 [2042.680175781,-3661.80078125] 30.84741568846676 27.990346447730527 7.571618011866557 16.91276339500655 35.23247765691531
78.41490163636767 -53.67676186158529 1.2890625 0.8977051 [78.41490163636767,-53.67676186158529] 5.565981743855373 0.0797872231284036 0.006736714084068335 1.9975155516815057e-05 [2042.311035156,-3656.559570312] 30.84741568846676 27.990346447730527 7.571618011866557 16.912394843557195 35.18924098162688
78.40728767736132 -53.70468150993432 1.2890625 0.8977051 [78.40728767736132,-53.70468150993432] 4.64502173937812 0.3532153336754108 0.0015114030845815225 1.9839401025389526e-05 [2032.849609375,-3606.578125] 30.84741568846676 27.990346447730527 7.571618011866557 16.869404155051143 34.77395673450428
78.4126892171053 -53.68016789035411 1.2890625 0.8977051 [78.4126892171053,-53.68016789035411] 1.0527501130959767 0.22430750284347167 0.0024014158367848524 2.001796262479359e-05 [2039.788574219,-3650.5] 30.84741568846676 27.990346447730527 7.571618011866557 16.898022029383583 35.13821063751925
78.40840922314412 -53.70027519290637 1.2890625 0.8977051 [78.40840922314412,-53.70027519290637] 4.931583773971181 1.1754197639311743 0.00045543599520105434 1.9894317463500522e-05 [2034.256835938,-3614.46875] 30.84741568846676 27.990346447730527 7.571618011866557 16.875607590120353 34.839476901872786
78.40969839560566 -53.68402103852293 1.2890625 0.8977051 [78.40969839560566,-53.68402103852293] 2.194476526955112 0.8647942528110677 0.0006187961744687638 1.988699287080887e-05 [2036.415527344,-3643.659179688] 30.84741568846676 27.990346447730527 7.571618011866557 16.878301652359028 35.08033770755651
80.40689097058596 -54.948223234696236 1.2734375 0.76831055 [80.40689097058596,-54.948223234696236] 11.259529607377228 0.015698486233892407 0.033948639205494596 1.9805638614637816e-05 [4036.696044922,-1283.118652344] 34.33454284222362 30.179315533365685 8.051939481715682 31.25541520368722 16.967110198853106
78.48754872489927 -54.94267281010262 1.3125 1.0888672 [78.48754872489927,-54.94267281010262] 4.666013816970537 0.532985784059441 0.0008935039629885942 1.7697862304300095e-05 [2055.5390625,-1377.401855469] 33.386738872524134 29.491860386449673 7.13925113524559 18.032508634246824 16.501287121539917
78.31130234807956 -54.540283177217 1.28125 0.83740234 [78.31130234807956,-54.540283177217] 9.945382846865018 0.6636833556097312 0.0007180537979839298 1.771032834604105e-05 [1892.109863281,-2106.341796875] 32.59149347710142 28.357016514088127 7.059295378318291 16.58857960209548 22.378980714963745
78.31618497964782 -54.53930306242051 1.28125 0.83740234 [78.31618497964782,-54.53930306242051] 12.78620967279302 0.7036177617574627 0.000677166202515441 1.7706828113382734e-05 [1897.251464844,-2107.971679688] 32.59149347710142 28.357016514088127 7.059295378318291 16.62200474600843 22.395374016229653
80.56192022857049 -55.66975406491946 1.3046875 1.0332031 [80.56192022857049,-55.66975406491946] 18.134834079292354 2.7570796702243356 0.00019354597401737253 1.983088796565612e-05 [4120.930908203,22.57958984375] 34.050310889597206 31.846912605086075 7.95235590885917 32.51419294657467 6.481780409865905
78.78887947156493 -54.400646290674224 1.328125 1.2700195 [78.78887947156493,-54.400646290674224] 26.250734602795536 0.9172536266958529 0.0005317072360512151 1.8124695183213646e-05 [2398.661132812,-2342.750976562] 31.346762412874494 28.10618215736402 7.668924927921534 19.847660396229912 24.609172346473315
80.60447684457024 -54.07053354110698 1.296875 0.97875977 [80.60447684457024,-54.07053354110698] 29.884653288789718 0.8794779302313135 0.0006588141507121826 2.1532604703395908e-05 [4332.5234375,-2848.072265625] 33.40492673015294 30.82720248143763 8.55077576889579 32.49274122874942 29.782477169067988
78.1016999027156 -55.10946664102112 1.28125 0.82592773 [78.1016999027156,-55.10946664102112] 4.007605780848784 0.7000484607755987 0.0006651903942647645 1.730544523576727e-05 [1649.925292969,-1087.598632812] 32.4109062089452 29.845157928913025 7.69899897357139 15.48523989584237 13.866247423540699
78.099716003226 -55.10197061561933 1.28125 0.82592773 [78.099716003226,-55.10197061561933] 3.2781368074237522 3.235598556528451 0.00014385208686835382 1.7297347196270666e-05 [1648.192382812,-1101.134277344] 32.4109062089452 29.845157928913025 7.69899897357139 15.466656337860854 13.976275371278916
76.00260941866408 -55.8395576567517 1.2109375 0.14208984 [76.00260941866408,-55.8395576567517] 1.045928105170186 0.9482843318950375 0.0004806320062311018 1.6937915661765287e-05 [-501.7172851562,209.3002929688] 34.29619900467196 34.35044784929591 8.641409852397615 1.9137628674375264 1.6505659148942868
80.66285696207682 -56.08419786586323 1.2109375 0.1000061 [80.66285696207682,-56.08419786586323] 13.157531000836443 3.2620820235339223 0.00017459278735166544 2.11655656078556e-05 [4178.301269531,773.2998046875] 35.55651446675717 33.088435088992696 8.402160157923165 33.333077787473826 0.47218820386888183
77.03173055669583 -55.70417015750165 1.234375 0.30541992 [77.03173055669583,-55.70417015750165] 21.763923476193707 2.575096748470368 0.00017917459353118518 1.7146626251925434e-05 [540.2939453125,-34.13232421875] 34.55983619552421 34.00873994551077 8.04267037930695 8.691363067364364 4.4309866861119644
77.02149947355122 -55.6975785547212 1.234375 0.30541992 [77.02149947355122,-55.6975785547212] 1.890951611230092 0.19447355094025096 0.002376692246242815 1.717679753715705e-05 [530.0068359375,-46.07568359375] 34.55983619552421 34.00873994551077 8.04267037930695 8.616151856132205 4.52232086575782
77.02564978966087 -55.69947446766846 1.234375 0.30541992 [77.02564978966087,-55.69947446766846] 10.189440519076376 0.3752001611824241 0.0012271898645649015 1.7111318662523485e-05 [534.1909179688,-42.63134765625] 34.55983619552421 34.00873994551077 8.04267037930695 8.645926997307697 4.496852978797733
80.73191072083311 -55.134647415585476 1.3203125 1.1704102 [80.73191072083311,-55.134647415585476] 9.042780999721188 1.378169731961795 0.0003940970683025091 2.018434286575963e-05 [4351.549560547,-928.4956054688] 34.38698957021926 30.72915536514544 8.21439721305558 33.53159271270329 14.302136699986477
80.10660545930482 -53.333362817459445 1.375 1.7124023 [80.10660545930482,-53.333362817459445] 43.364775352844994 0.08093847139328078 0.008530660209559218 2.5659391012266178e-05 [3875.125488281,-4201.612304688] 32.04217146122227 30.087451978969288 8.664762476376769 28.90657507354024 40.51690904886118
80.11576837430529 -53.33455253077667 1.375 1.7124023 [80.11576837430529,-53.33455253077667] 22.79397713810313 0.7663137845801179 0.0008917957831346375 2.5396902717206753e-05 [3884.846679688,-4198.962890625] 32.04217146122227 30.087451978969288 8.664762476376769 28.972299338642188 40.49988125896812
80.11184683145747 -53.332851660385714 1.375 1.7124023 [80.11184683145747,-53.332851660385714] 44.24766353791864 0.22554378758195792 0.0030385906524897843 2.5468992761314986e-05 [3880.794677734,-4202.237304688] 32.04217146122227 30.087451978969288 8.664762476376769 28.94410585690025 40.52459270498093
78.78953536388117 -53.8664129181837 1.296875 0.93896484 [78.78953536388117,-53.8664129181837] 3.994515667027631 0.9580051536030444 0.0005436203446338938 1.935406744268351e-05 [2430.479492188,-3303.459960938] 31.374103879564814 28.409871658532868 7.572437014988552 19.639382880131734 32.48987673376405
77.91385628721818 -55.85830310715084 1.2265625 0.2824707 [77.91385628721818,-55.85830310715084] 3.5716293734486273 0.9806960701757482 0.00047511297313292735 1.7315698979551718e-05 [1429.181640625,255.80078125] 33.00951261990793 31.387042500566732 8.624193705344025 14.763680516713066 2.684197349493843
79.61098475676722 -53.236663731477364 1.375 1.7128906 [79.61098475676722,-53.236663731477364] 6.490666934942842 2.2029234377759015 0.0003319279322472512 2.7173895894096e-05 [3350.879394531,-4401.134765625] 30.622609863260603 28.552547015311802 8.109735877692659 25.34235755852285 41.900592180810236
80.25663757165714 -53.68426154010065 1.328125 1.284668 [80.25663757165714,-53.68426154010065] 42.51259055883443 0.8283138208034216 0.0006927795171082937 2.1325471876119467e-05 [4002.790283203,-3562.8125] 32.94078420729436 30.927699982642572 8.862569677764736 30.00128312449533 35.39679678439052
80.24729165843061 -53.68309793810458 1.328125 1.284668 [80.24729165843061,-53.68309793810458] 45.15763161267466 1.0569378598747292 0.0005469619878983079 2.1484007891618026e-05 [3992.958984375,-3565.44140625] 32.94078420729436 30.927699982642572 8.862569677764736 29.934768608714876 35.41323833682873
79.19679283652096 -54.44309258022336 1.3515625 1.5405273 [79.19679283652096,-54.44309258022336] -9.856585844199811 0.579759948604788 0.0008483304387051015 1.8277717603417502e-05 [2822.745605469,-2251.0625] 32.513771063110255 29.075218346934207 8.520001960981894 22.711222443229644 24.1024990603064
79.19330606823452 -54.451896450602796 1.3515625 1.5405273 [79.19330606823452,-54.451896450602796] 22.91714284843553 0.5796991864852323 0.0008474148969470412 1.825607824247551e-05 [2818.494140625,-2235.373046875] 32.513771063110255 29.075218346934207 8.520001960981894 22.690208972867822 23.972089489592463
81.56845096247653 -55.31077192591267 1.328125 1.2626953 [81.56845096247653,-55.31077192591267] -8.226495495344878 0.13666014280872138 0.005196736140439056 2.639254312513244e-05 [5186.478149414,-554.6596679688] 34.697038069963874 33.13092382360339 8.379737551997925 39.283308837195136 11.83289767524775
81.56053155395804 -55.314506420346156 1.3125 1.140625 [81.56053155395804,-55.314506420346156] -4.464074558782686 0.4802822504940203 0.0014775289023849186 2.6371888151033108e-05 [5177.909423828,-548.5473632812] 34.79428309494184 32.9525113534462 8.366451918114786 39.229566270713576 11.778364175661409
77.85538491943146 -55.272357986483264 1.265625 0.626709 [77.85538491943146,-55.272357986483264] 1.1862074358249097 0.44383045032691093 0.0010447053491512992 1.7231362408538524e-05 [1390.705078125,-799.8701171875] 32.587989321524894 31.005842506424976 7.789662995047047 13.914779191826142 11.331829256713263
79.51278674730263 -53.64946729705323 1.3359375 1.3554688 [79.51278674730263,-53.64946729705323] 16.000851357394293 0.40626092075231063 0.0014026944684589903 2.117760462464216e-05 [3213.869384766,-3664.030273438] 32.58354305359022 28.930821074420194 7.5828451759471225 24.70814514119388 35.82994420154591
79.52512368796665 -53.65988546432279 1.3359375 1.3286133 [79.52512368796665,-53.65988546432279] 18.0216206414323 1.6615656905165683 0.00034373252023381465 2.1224958090669293e-05 [3226.216308594,-3644.734375] 32.85524196437431 29.248740700859354 7.5618777290298445 24.79797748559031 35.678805458851684
76.80884568502555 -53.3488235208903 1.265625 0.6604004 [76.80884568502555,-53.3488235208903] 5.708570637334018 0.5020740818374916 0.0012190518675447555 2.274566769653526e-05 [332.8515625,-4273.859375] 26.25847159575585 28.875380375067873 7.283875353038216 5.29613762285544 39.46762389096716
77.86551681428826 -54.3376654858932 1.3125 1.1572266 [77.86551681428826,-54.3376654858932] 5.587652668658381 0.5570572791761182 0.0008523228362183597 1.764463510145046e-05 [1433.85546875,-2481.5546875] 32.95693386214112 30.062219152314835 7.788997400446634 13.366279475040301 25.19966618999183
