data_processed/hvc_rms/hvc_rms_index_0.ecsv
# %ECSV 1.0
# ---
# datatype:
# - {name: ra_dec_obj.ra, unit: deg, datatype: float64}
# - {name: ra_dec_obj.dec, unit: deg, datatype: float64}
# - {name: 'H-alpha flux [Error]', unit: R, datatype: float32}
# - {name: H-alpha flux, unit: R, datatype: float32}
# - {name: ra_dec_deg, datatype: string, subtype: 'float64[2]'}
# - {name: RM, unit: rad / m2, datatype: float64}
# - {name: RM_uncert, unit: rad / m2, datatype: float64}
# - {name: pol_int, datatype: float64}
# - {name: pol_int_uncert, datatype: float64}
# - {name: ra_dec_pix_offsets, datatype: string, subtype: 'float64[2]'}
# - {name: interpolation_raw, unit: rad / m2, datatype: float64}
# - {name: interpolation_cor, unit: rad / m2, datatype: float64}
# - {name: interpolation_unc, unit: rad / m2, datatype: float64}
# - {name: interpolation_cor_unc, unit: rad / m2, datatype: float64}
# - {name: pixel location x, datatype: float64}
# - {name: pixel location y, datatype: float64}
# meta: !!omap
# - __serialized_columns__:
#     ra_dec_obj:
#       __class__: astropy.coordinates.sky_coordinate.SkyCoord
#       dec: !astropy.table.SerializedColumn
#         __class__: astropy.coordinates.angles.Latitude
#         unit: &id001 !astropy.units.Unit {unit: deg}
#         value: !astropy.table.SerializedColumn {name: ra_dec_obj.dec}
#       frame: icrs
#       ra: !astropy.table.SerializedColumn
#         __class__: astropy.coordinates.angles.Longitude
#         unit: *id001
#         value: !astropy.table.SerializedColumn {name: ra_dec_obj.ra}
#         wrap_angle: !astropy.coordinates.Angle
#           unit: *id001
#           value: 360.0
#       representation_type: spherical
# schema: astropy-2.0
ra_dec_obj.ra ra_dec_obj.dec "H-alpha flux [Error]" "H-alpha flux" ra_dec_deg RM RM_uncert pol_int pol_int_uncert ra_dec_pix_offsets interpolation_raw interpolation_cor interpolation_unc interpolation_cor_unc "pixel location x" "pixel location y"
[from data line 889]
317.5337828411547 -8.300097488216345 0.39648438 1.5805664 [317.5337828411547,-8.300097488216345] -50.185130320698875 1.841731303307446 0.0003031030433714459 2.074556512821237e-05 [925.1489257812,-1879.134277344] -18.46018221419605 -17.488447935836156 6.301329936424427 7.428552054345249 84.63372875653454 13.36985154408012
318.9944152180354 -9.103080791770397 0.42773438 1.8857422 [318.9944152180354,-9.103080791770397] -29.34720516676687 2.233658412303002 0.0002686329307096068 2.2298965295044922e-05 [3518.506591797,-424.6791992188] -12.302566640765571 -14.742862327716077 7.428864732685373 5.382725797758702 64.81955992860367 14.170643404934708
316.8731384468957 -11.2417029761366 0.34375 1.0634766 [316.8731384468957,-11.2417029761366] -35.95673143366436 1.8742430747621883 0.0003221068849255344 2.2435441784485714e-05 [-249.3188476562,3414.398681641] -19.23430526303268 -18.887723977148852 7.827928513095973 6.984439654997772 75.96044300604376 56.16253302927635
316.8750610491561 -11.2482699751774 0.34375 1.0634766 [316.8750610491561,-11.2482699751774] -37.12828193506271 1.5414589948672537 0.00039247300589912847 2.248280382531113e-05 [-245.9189453125,3426.211425781] -19.23430526303268 -18.887723977148852 7.827928513095973 6.984439654997772 75.90621007365712 56.23783316962454
316.3196718205259 -11.128650673929162 0.38867188 1.4858398 [316.3196718205259,-11.128650673929162] -81.89356296960887 1.9109872279900686 0.0003043319666024991 2.1612950563289112e-05 [-1226.893554688,3212.168945312] -18.658393599635467 -18.282703087376845 6.6341627261545835 6.677602933070784 82.42795878686343 58.07792143749202
318.89962770916515 -8.233307006829197 0.3671875 1.3100586 [318.89962770916515,-8.233307006829197] -5.053579146927544 2.619114091427254 0.00023957450116121013 2.3318666586947162e-05 [3357.893798828,-1991.049316406] -8.749200080165082 -11.724244672353063 6.532208697774398 5.322512933056265 70.61103334568884 3.356201611897177
316.48953244859024 -11.017173825834556 0.34375 1.0639648 [316.48953244859024,-11.017173825834556] -21.441068785399967 0.8243215457658187 0.0006959162225926904 2.1318778388581297e-05 [-927.2641601562,3011.083251953] -20.075071563209157 -18.536356405282064 7.1471174653556675 6.730467607124183 81.196620074787 55.561075542768776
318.0657959079576 -10.561073313531093 0.44140625 2.024414 [318.0657959079576,-10.561073313531093] -32.21923647582487 1.3027569946936228 0.00043480619223199224 2.1050762778549925e-05 [1860.420410156,2192.443115234] -19.650197483245087 -18.801955943167794 6.946194886966144 6.433911052279491 66.83400639538195 39.612798295792345
318.5799866835677 -8.674244793851898 0.43554688 1.9863281 [318.5799866835677,-8.674244793851898] 63.7811126173389 2.171531587083945 0.00026878976179931495 2.1691399677802552e-05 [2785.541992188,-1200.249511719] -14.914667053692627 -15.120760234228529 6.366370651335104 5.598787706568507 71.54041580973342 11.287703822971707
316.076721367205 -8.08455197287301 0.35546875 1.1821289 [316.076721367205,-8.08455197287301] -27.0886638787023 0.9876959946191494 0.0005719722531684447 2.0994568695495056e-05 [-1670.908203125,-2265.494140625] -20.46171432876276 -19.983031244396862 6.480493839995606 8.553430401665183 101.20201089090892 20.147784312306158
316.75006104517246 -10.217130796063717 0.4140625 1.7680664 [316.75006104517246,-10.217130796063717] -74.6705456455921 1.1380265623499877 0.0004950436753264221 2.0936525885930798e-05 [-468.193359375,1570.857421875] -19.141955264619533 -19.896323937435934 6.716230505015184 6.537091253322757 82.60164005414708 43.41116019439778
316.74490369989053 -10.21724523492429 0.4140625 1.7680664 [316.74490369989053,-10.21724523492429] -76.60059431619698 1.234949193973852 0.0004550925071066034 2.088610607203837e-05 [-477.3291015625,1571.0703125] -19.141955264619533 -19.896323937435934 6.716230505015184 6.537091253322757 82.65576869532242 43.44516451106756
316.7354431972191 -10.212780003713227 0.43164062 1.9443359 [316.7354431972191,-10.212780003713227] -78.46902247575665 0.6864134455659807 0.0008134533675295031 2.075043218371668e-05 [-494.0947265625,1563.046875] -18.99206459390218 -19.855986833842934 6.919027603699406 6.770484463672874 82.77967662718686 43.44622496192278
317.4930725071539 -10.167151409625587 0.4453125 2.0517578 [317.4930725071539,-10.167151409625587] -72.35792468654783 0.6643183679298872 0.0008368661501934085 2.0660506559183914e-05 [848.140625,1481.302246094] -23.997366498543396 -20.895257354828022 6.796812063513034 6.588108932494679 74.98390541527829 38.04158112683763
319.4483337639865 -8.45241636274773 0.36523438 1.2758789 [319.4483337639865,-8.45241636274773] -19.02757922053114 1.22593967732014 0.0005671214640573638 2.5837702227560436e-05 [4332.257568359,-1590.741699219] -9.284383602584304 -11.853208006425294 6.6202586747544565 4.824500622616362 63.619284282889794 2.507818531297744
319.43801884556916 -8.458018221423847 0.36523438 1.2758789 [319.43801884556916,-8.458018221423847] -20.623668971414084 2.835264248634621 0.0002437906410536018 2.5687348284581632e-05 [4313.846191406,-1580.786132812] -9.284383602584304 -11.853208006425294 6.6202586747544565 4.824500622616362 63.69671500002221 2.652018476270314
316.3014528849032 -10.625586477233266 0.359375 1.2163086 [316.3014528849032,-10.625586477233266] -26.56881811683408 0.13771950083489265 0.004030171630593697 2.062660180678074e-05 [-1261.196289062,2307.046386719] -17.931000349702302 -18.679106660269497 7.840693222266599 7.607817901595485 85.22667125806788 51.57475922728827
316.2976682170708 -10.636334434961025 0.359375 1.2163086 [316.2976682170708,-10.636334434961025] -24.178688009640343 0.7430814229434761 0.0007513471037282196 2.074845312027342e-05 [-1267.846679688,2326.401367188] -17.931000349702302 -18.679106660269497 7.840693222266599 7.607817901595485 85.21092216690204 51.73922403279539
316.3016969778536 -10.627675027506145 0.359375 1.2163086 [316.3016969778536,-10.627675027506145] -25.317614382829003 0.29731279142763656 0.001863407533441189 2.0588757792047266e-05 [-1260.755859375,2310.803955078] -17.931000349702302 -18.679106660269497 7.840693222266599 7.607817901595485 85.21320138567103 51.60063594412077
317.65960694628524 -10.560364761795213 0.38476562 1.4448242 [317.65960694628524,-10.560364761795213] -12.921994378055281 0.31816686594790866 0.0018076811946403431 2.1373984654874194e-05 [1141.748535156,2189.441162109] -20.225219782297074 -18.841698746559405 7.204120815408081 6.437059051008056 71.14649411639391 42.18925782484348
316.68545521888535 -10.962850540007452 0.33203125 0.96118164 [316.68545521888535,-10.962850540007452] -34.73552014009014 2.3639946874610613 0.00023801992123371676 2.0910696878548694e-05 [-581.2197265625,2912.922363281] -20.964379899221427 -18.76551031117762 7.613816780524666 6.9432073967192505 79.39476766791995 53.63149920542264
316.6840211182169 -10.960653251234126 0.33203125 0.96118164 [316.6840211182169,-10.960653251234126] -27.383984405092463 1.6525244234425296 0.00034151639627578133 2.0973366649265393e-05 [-583.7583007812,2908.971191406] -20.964379899221427 -18.76551031117762 7.613816780524666 6.9432073967192505 79.42138320091408 53.61136275851004
318.80560300664325 -10.335806903869388 0.3984375 1.5966797 [318.80560300664325,-10.335806903869388] -45.21931776481703 2.525336118655559 0.0002396738950179747 2.2493064428934203e-05 [3171.401367188,1792.315429688] -16.36749919132979 -17.80113077630963 6.756254486882071 5.619883395646824 60.182442400131436 31.836505533466152
318.9212952260982 -8.528763832660301 0.30078125 0.6430664 [318.9212952260982,-8.528763832660301] -1.1746515017920511 0.779395240678447 0.0007853800733113448 2.274816296283504e-05 [3393.893554688,-1459.102539062] -10.476841729500988 -12.730451769761936 6.689266277874739 5.4049072142244 68.74508904287813 7.085651640303695
316.37335203037463 -8.141275646214856 0.3515625 1.1333008 [316.37335203037463,-8.141275646214856] -37.14353571408153 0.21451756764922783 0.002612808882489531 2.0829517548262574e-05 [-1142.168945312,-2164.598632812] -20.453666205481703 -19.410803264228516 7.08082732131704 8.712946227765553 97.75698267982057 18.943502749049003
316.3902893351292 -8.149064066567496 0.36523438 1.2763672 [316.3902893351292,-8.149064066567496] -36.36331030611131 0.10178322465352922 0.005502579472994849 2.0813793083174832e-05 [-1111.969238281,-2150.63671875] -20.48451608661405 -19.301514632954177 7.15544528333931 8.748885030731124 97.5353177126143 18.93278457317092
316.37808220381964 -8.143084660071082 0.36523438 1.2763672 [316.37808220381964,-8.143084660071082] -32.91057315179037 0.31062671147529086 0.0018015159701676804 2.0796278200206008e-05 [-1133.735839844,-2161.358398438] -20.48451608661405 -19.301514632954177 7.15544528333931 8.748885030731124 97.6970867393527 18.93582705294557
317.1037597473642 -8.8471166039551 0.39453125 1.5668945 [317.1037597473642,-8.8471166039551] -37.44649202308117 1.925816092691073 0.0002854036904348198 2.0425989256117194e-05 [159.0,-895.2524414062] -20.090215402927782 -17.745320619430196 7.440503492517848 7.747663729214861 86.18312100022422 23.27759065276223
317.0738831765628 -8.839373465957179 0.36132812 1.2255859 [317.0738831765628,-8.839373465957179] -34.61942974579608 2.7503250612973495 0.00020014822661629136 2.0457119203796628e-05 [105.8642578125,-909.2006835938] -19.97149639856531 -17.741129305473194 7.460381834038429 7.813293320607043 86.54106134374899 23.3715346109002
317.07632449278594 -8.839001675021409 0.36132812 1.2255859 [317.07632449278594,-8.839001675021409] -36.41594545545111 1.8293453313058654 0.0003006111950811006 2.0436642585501538e-05 [110.2065429688,-909.869140625] -19.97149639856531 -17.741129305473194 7.460381834038429 7.813293320607043 86.5172697270732 23.35083708547154
318.51861580062484 -10.714170474876683 0.34570312 1.0805664 [318.51861580062484,-10.714170474876683] -31.803934028479823 1.6386342789538435 0.00036715073244693487 2.2358112538627775e-05 [2660.152832031,2470.845214844] -17.98848451783165 -18.474740339042732 6.131029763180998 5.966089528439784 61.2280788346892 38.76344720714951
319.5021362504487 -9.074507659142158 0.30078125 0.6135254 [319.5021362504487,-9.074507659142158] -18.616794598974202 1.0664940144862902 0.0006403498808353963 2.5379581624679082e-05 [4420.558349609,-470.3989257812] -9.243350836583387 -12.472910854154303 6.41504836544518 4.679452774021941 59.620874787101 10.384868459176687
319.49652093442523 -9.074924579321536 0.30078125 0.6135254 [319.49652093442523,-9.074924579321536] -19.521814874468554 1.3015031480768897 0.0005237319356061772 2.5331621062933654e-05 [4410.581542969,-469.71875] -9.243350836583387 -12.472910854154303 6.41504836544518 4.679452774021941 59.67778958530198 10.428264339104317
316.9836425730766 -8.858380225684522 0.3828125 1.4472656 [316.9836425730766,-8.858380225684522] -32.31195122945245 2.840478332123242 0.00019545064710280145 2.063180842429698e-05 [-54.63671875,-874.99609375] -19.737612882646108 -18.10076502181972 7.335513155322643 7.80055943477003 87.39202583417568 24.204224343368878
316.9833984601716 -8.855702426954016 0.3828125 1.4472656 [316.9833984601716,-8.855702426954016] -36.07613991731425 1.74045838121049 0.00031863556404445985 2.0609459070057317e-05 [-55.0712890625,-879.8159179688] -19.737612882646108 -18.10076502181972 7.335513155322643 7.80055943477003 87.40914238421101 24.171118113361445
314.7243348771765 -11.764214495269023 0.3515625 1.1474609 [314.7243348771765,-11.764214495269023] -12.502230138016376 1.2647176776647333 0.0007030998625856929 3.3046030944279225e-05 [-4034.381835938,4367.298828125] -20.25443563885905 -18.775826359279005 7.280630911898282 7.947278776717219 96.17321199500293 76.05234963160001
314.7295228680475 -11.762267146574738 0.3515625 1.1474609 [314.7295228680475,-11.762267146574738] -20.04918355494661 1.8046472130967368 0.0004898156847794616 3.2849873858802495e-05 [-4025.275390625,4363.737548828] -20.25443563885905 -18.775826359279005 7.280630911898282 7.947278776717219 96.12775595525568 75.99612588133232
319.0515746413007 -9.129041757122245 0.45507812 2.1699219 [319.0515746413007,-9.129041757122245] -51.8036760843328 2.3224858084658617 0.0002611310743730584 2.2538257045794518e-05 [3619.772216797,-377.3725585938] -11.395481977061955 -14.431807441752499 7.261829872311693 5.195833421308917 64.074724299026 14.132667050253076
316.90472400766186 -7.5013052358897285 0.44726562 2.0908203 [316.90472400766186,-7.5013052358897285] 54.68466115454627 3.083225255864699 0.0001880535927175352 2.1547435674502767e-05 [-195.6640625,-3317.140625] -19.28511122908038 -15.380748715076617 7.269885901253975 9.080595198977392 95.69272004591699 7.275252763819481
317.3441162737076 -9.430890076615206 0.47265625 2.3457031 [317.3441162737076,-9.430890076615206] -100.94358823514872 2.6949509094290685 0.00020682643934488045 2.0714078468924448e-05 [585.5322265625,155.78125] -23.121540352457586 -19.358594931971947 7.364672530932044 6.725857993305272 80.48660819585825 29.32224467935157
314.47207621970944 -11.50906085576454 0.33007812 0.94555664 [314.47207621970944,-11.50906085576454] -19.629752051038686 1.0305719999846008 0.0007617732390009031 2.9175126905872673e-05 [-4482.624023438,3911.448486328] -21.325585551390887 -20.38444881085479 7.013314664377318 7.78406158517436 100.15302685669985 74.22525770251286
316.2315367485772 -8.260201565024252 0.38476562 1.484375 [316.2315367485772,-8.260201565024252] 3.9430647625619164 0.32600061746183834 0.0017128873656815135 2.0751807581360958e-05 [-1394.426757812,-1950.064941406] -20.47660922055054 -19.394320902249184 6.949556025175414 8.883901424777171 98.6034312893355 21.385849318425244
316.2334897283461 -8.257416715536568 0.38476562 1.484375 [316.2334897283461,-8.257416715536568] -1.8926230104222885 0.9722833467204205 0.0005753680374612098 2.0789655026013746e-05 [-1390.958007812,-1955.084472656] -20.47660922055054 -19.394320902249184 6.949556025175414 8.883901424777171 98.59803402271541 21.337573945275835
316.2362671571666 -8.255244389268176 0.38476562 1.484375 [316.2362671571666,-8.255244389268176] -12.36800762492478 1.6326660313542967 0.0003440730385442339 2.0876452564133593e-05 [-1386.018554688,-1959.004882812] -20.47660922055054 -19.394320902249184 6.949556025175414 8.883901424777171 98.5805721924163 21.291782397499446
316.77938832483534 -8.175377912593753 0.3046875 0.6789551 [316.77938832483534,-8.175377912593753] -22.653389720795754 1.2446584001718757 0.0004493181556860103 2.0783220497383665e-05 [-418.65625,-2104.126953125] -20.052896899898986 -18.23235723113796 6.878491313921299 8.322742898579428 93.28175297814096 16.728352306173292
315.7490536837263 -9.23438540915816 0.36132812 1.2602539 [315.7490536837263,-9.23438540915816] -33.17698274396367 0.8145021295602001 0.00069171450823956 2.0937644039626642e-05 [-2247.85546875,-194.1655273438] -19.63027429778247 -20.669233469051346 6.9632811314232 8.229574355582649 98.43703270027754 36.97030971267577
315.74041735618295 -9.219373585622183 0.36132812 1.2602539 [315.74041735618295,-9.219373585622183] -29.577854289748778 1.2753877707000434 0.00044354302384241434 2.1022613430752977e-05 [-2263.291992188,-221.1313476562] -19.63027429778247 -20.669233469051346 6.9632811314232 8.229574355582649 98.60895562625524 36.83191265689857
315.74560536509756 -9.228436446884231 0.36132812 1.2602539 [315.74560536509756,-9.228436446884231] -33.56064990682339 0.8003407218699615 0.0007029885253614179 2.090893218506246e-05 [-2254.018554688,-204.8515625] -19.63027429778247 -20.669233469051346 6.9632811314232 8.229574355582649 98.50543510528553 36.91562240530584
