data_processed/hvc_rms/hvc_rms_index_14.ecsv
# %ECSV 1.0
# ---
# datatype:
# - {name: ra_dec_obj.ra, unit: deg, datatype: float64}
# - {name: ra_dec_obj.dec, unit: deg, datatype: float64}
# - {name: 'H-alpha flux [Error]', unit: R, datatype: float32}
# - {name: H-alpha flux, unit: R, datatype: float32}
# - {name: ra_dec_deg, datatype: string, subtype: 'float64[2]'}
# - {name: RM, unit: rad / m2, datatype: float64}
# - {name: RM_uncert, unit: rad / m2, datatype: float64}
# - {name: pol_int, datatype: float64}
# - {name: pol_int_uncert, datatype: float64}
# - {name: ra_dec_pix_offsets, datatype: string, subtype: 'float64[2]'}
# - {name: interpolation_raw, unit: rad / m2, datatype: float64}
# - {name: interpolation_cor, unit: rad / m2, datatype: float64}
# - {name: interpolation_unc, unit: rad / m2, datatype: float64}
# - {name: interpolation_cor_unc, unit: rad / m2, datatype: float64}
# - {name: pixel location x, datatype: float64}
# - {name: pixel location y, datatype: float64}
# meta: !!omap
# - __serialized_columns__:
#     ra_dec_obj:
#       __class__: astropy.coordinates.sky_coordinate.SkyCoord
#       dec: !astropy.table.SerializedColumn
#         __class__: astropy.coordinates.angles.Latitude
#         unit: &id001 !astropy.units.Unit {unit: deg}
#         value: !astropy.table.SerializedColumn {name: ra_dec_obj.dec}
#       frame: icrs
#       ra: !astropy.table.SerializedColumn
#         __class__: astropy.coordinates.angles.Longitude
#         unit: *id001
#         value: !astropy.table.SerializedColumn {name: ra_dec_obj.ra}
#         wrap_angle: !astropy.coordinates.Angle
#           unit: *id001
#           value: 360.0
#       representation_type: spherical
# schema: astropy-2.0
ra_dec_obj.ra ra_dec_obj.dec "H-alpha flux [Error]" "H-alpha flux" ra_dec_deg RM RM_uncert pol_int pol_int_uncert ra_dec_pix_offsets interpolation_raw interpolation_cor interpolation_unc interpolation_cor_unc "pixel location x" "pixel location y"
[from data line 50]
128.35627737103528 -60.011448013643694 2.25 10.558594 [128.35627737103528,-60.011448013643694] -1.9049425386834997 0.3894250477155312 0.00141985562534475 2.0548341337829482e-05 [4428.9375,-391.9404296875] 33.84335868914935 37.276937810581636 18.606911490921906 16.880437130883127 10.132568934842539 25.07090918708991
129.1648864583521 -61.79920962444002 2.109375 9.160156 [129.1648864583521,-61.79920962444002] -8.520753983404568 0.24783251332284104 0.002767953875320639 2.5493286879804788e-05 [4872.238769531,2872.234863281] 26.352461177607907 33.93249065180447 17.1684048669352 18.659049714086937 1.678037417113046 4.337619101315795
129.16555789049025 -61.79534148925189 2.109375 9.160156 [129.16555789049025,-61.79534148925189] -7.832301959921547 2.310732769671803 0.00029641078048046974 2.5453787929003075e-05 [4873.420410156,2865.350830078] 26.352461177607907 33.93249065180447 17.1684048669352 18.659049714086937 1.7079138123226585 4.374206485880904
127.38667301247955 -57.92877190210441 3.578125 23.8125 [127.38667301247955,-57.92877190210441] -32.56711503652233 1.5688309189705243 0.00039866445466185956 2.3243009426754022e-05 [3780.954345703,-4191.5625] 51.956197140076966 59.465448509327956 21.87038330875176 22.89686971283046 19.409644922403686 49.51772930695756
125.42919164348649 -58.44777677668793 2.546875 13.519531 [125.42919164348649,-58.44777677668793] -49.880731025136974 2.7008283683791623 0.00018058699514148028 1.8125590392154185e-05 [1884.993652344,-3342.905273438] 47.80793391941859 49.66103492845556 19.87149896623353 17.962442229208538 5.6510982501462195 51.22223605487852
124.94749443565335 -58.682018528487454 2.375 11.8046875 [124.94749443565335,-58.682018528487454] -36.03092057899669 1.5084043188771499 0.0003098817364760012 1.737090524584461e-05 [1421.964355469,-2933.68359375] 47.80355234045409 46.37051895784084 19.630088198805783 15.876761427281545 1.5971054376774418 50.46031118998758
127.58051292742995 -60.02033231502567 2.171875 9.792969 [127.58051292742995,-60.02033231502567] 5.48305154568064 2.113124402374543 0.00023065210415885637 1.811303345755145e-05 [3732.183349609,-423.9770507812] 37.62063990188038 37.99471124859515 17.732188086977928 16.049125392350774 6.240496682280082 27.677882784771782
127.07767499500956 -58.09580617821679 3.203125 20.054688 [127.07767499500956,-58.09580617821679] -51.062664740109376 0.9170618176321227 0.0006202275717144512 2.1137731812635394e-05 [3470.049560547,-3908.615234375] 52.38966751418564 59.91474017881186 21.910892891262275 21.583079865412827 16.657421027476403 48.95849606701108
127.71524810038657 -59.651790615176196 2.3125 11.15625 [127.71524810038657,-59.651790615176196] 54.339886740616464 2.7172711403991325 0.0001836706301467371 1.8547329840888804e-05 [3895.912841797,-1078.186523438] 43.97437804446899 43.382375247935094 17.534694686562183 16.52886597925004 9.405344960259754 30.942510361210907
128.03680414673516 -60.31158079037217 2.328125 11.230469 [128.03680414673516,-60.31158079037217] 60.48380248902998 2.6251065398432365 0.00020146072470142632 1.965377722212121e-05 [4104.856201172,126.22265625] 34.64096360955175 39.42067165959255 18.726861962997766 17.06237867185334 6.513619885204207 23.15550206995249
126.85775762175174 -59.525718689512814 2.109375 9.160156 [126.85775762175174,-59.525718689512814] 15.438703815686342 2.7928325926468567 0.00017259630269214182 1.791369169199315e-05 [3129.542724609,-1350.379882812] 46.01138981989322 42.3802133668829 18.62160122166428 16.927753318487785 5.93891715829227 35.20657527125695
127.15293897381576 -59.59210210988007 2.171875 9.777344 [127.15293897381576,-59.59210210988007] 22.514036016554932 1.2132862426784385 0.00039983418778042934 1.802818068368174e-05 [3391.788818359,-1216.483886719] 46.0813017695488 43.1235227562299 18.75093024260582 17.497403954895223 6.9853594926947835 33.50776115966573
124.80426805953827 -58.17602915964717 2.765625 15.660156 [124.80426805953827,-58.17602915964717] -48.92583526378491 1.3022438426141503 0.0004096906303101409 1.982700186707516e-05 [1306.631835938,-3846.7109375] 44.541127496588544 46.15954147713205 18.63257803652305 18.43510072627083 4.0877486986323675 56.20330577784148
126.47347277717766 -59.86545949066207 2.1875 9.855469 [126.47347277717766,-59.86545949066207] -1.2763048415954117 0.2107341780281435 0.00220892049066597 1.7299110174797245e-05 [2751.254882812,-756.7416992188] 40.299817063355604 38.3980534304355 16.16756882118674 14.687176986831085 1.7460678716055327 33.04652376208628
126.48072057399109 -59.86236940907169 2.1875 9.859375 [126.48072057399109,-59.86236940907169] 5.736618593299313 1.2533994701981215 0.00037215639442912766 1.733499399064368e-05 [2758.051269531,-761.9951171875] 41.02008009060207 38.68576269377436 16.45576426070665 14.935962997943145 1.8029320041977144 33.05362950887593
127.45901488755214 -58.644947108690694 3.078125 18.71875 [127.45901488755214,-58.644947108690694] -17.335511496804468 2.9277207349878056 0.00018011400344340614 1.9596830271777264e-05 [3772.848876953,-2901.440429688] 52.009097831522226 52.04500370848693 21.55438509747486 19.945599163123692 14.929665741676331 42.028038371897765
127.32660677480952 -57.97891251623307 3.578125 23.710938 [127.32660677480952,-57.97891251623307] -3.523515929904375 1.8904632504042491 0.000319567393872215 2.24511919739683e-05 [3718.480224609,-4104.95703125] 51.9763354020365 59.66523341781636 21.892049223399425 22.690221060559356 18.754092036382985 49.23222222551976
127.19564816968645 -59.77936567302665 2.25 10.441406 [127.19564816968645,-59.77936567302665] 22.887492921603624 1.556370800939808 0.0003078856507721344 1.780783923713321e-05 [3411.499023438,-877.7680664062] 42.16107059869843 39.26946796220599 17.611546696714743 16.291767934081548 5.944164830129694 31.454431314195517
127.28894038936211 -58.432590460128736 3.0625 18.671875 [127.28894038936211,-58.432590460128736] 55.541814158391524 2.4632694196219553 0.00021294320683448657 1.949325699830042e-05 [3635.884033203,-3292.376953125] 53.32256153948452 56.443308342383766 21.397551731236327 19.91146598146774 15.487099904831325 44.78677591302403
125.32923104122261 -58.94616687334608 2.40625 12.0546875 [125.32923104122261,-58.94616687334608] 19.46827139816294 2.6200702998515357 0.00017723734872510184 1.725746066458665e-05 [1765.473144531,-2449.317382812] 48.89915703494109 46.878065176059394 19.731455166981217 16.638304079843152 1.8941725752454204 46.41755536618621
127.33552563172313 -57.65463258115224 4.03125 28.25 [127.33552563172313,-57.65463258115224] -39.49901143664357 2.756289751825911 0.000273959519995209 2.806208721972182e-05 [3760.633300781,-4686.6015625] 57.084410522632666 62.92099904080052 22.39546120995645 23.319363800421378 21.000281524645857 52.46904573700476
128.32957463898623 -58.61723708090145 3.21875 20.15625 [128.32957463898623,-58.61723708090145] -9.920321447742953 0.4928447175018443 0.001258043023839894 2.3041688597752463e-05 [4589.380615234,-2896.002929688] 52.11050948751944 55.37989192611322 21.06970098396491 21.027323404514767 19.588408102309813 39.14918300491058
128.33149717881946 -58.61682889036993 3.21875 20.15625 [128.33149717881946,-58.61682889036993] -10.254042089575938 0.5284293335033067 0.0011749594551276417 2.3073766918121776e-05 [4591.229736328,-2896.6015625] 52.11050948751944 55.37989192611322 21.06970098396491 21.027323404514767 19.601055149681088 39.14623384747756
125.95904548547526 -58.54026428518381 2.515625 13.183594 [125.95904548547526,-58.54026428518381] -14.561107500252913 0.31940103112837603 0.0015362975008193628 1.823561191393836e-05 [2377.40234375,-3159.4921875] 49.97649354729626 49.14379419284189 21.184885781491563 18.788350235688867 7.833102888217013 48.42013618020769
125.96253216654627 -58.53832631639684 2.515625 13.183594 [125.96253216654627,-58.53832631639684] -15.406390493366061 0.5150427061020707 0.0009565881801386982 1.8309519815282168e-05 [2380.806152344,-3162.850585938] 49.97649354729626 49.14379419284189 21.184885781491563 18.788350235688867 7.864110193944498 48.42779994780631
125.95049290688986 -58.544372436303426 2.515625 13.183594 [125.95049290688986,-58.544372436303426] -11.290220754518025 0.5717874711869654 0.0008586806297960998 1.824630811731411e-05 [2369.098144531,-3152.4140625] 49.97649354729626 49.14379419284189 21.184885781491563 18.788350235688867 7.761291753487285 48.40795249034204
125.94367981539104 -58.54599774303543 2.515625 13.1171875 [125.94367981539104,-58.54599774303543] -12.128337852195685 0.48314411638218174 0.001012867329227138 1.8186032430277473e-05 [2362.595214844,-3149.736328125] 50.35505266538718 49.46389265933574 21.15296097892858 18.796533296988354 7.714912867171506 48.41514526825995
125.95242284696765 -58.539440299592385 2.515625 13.183594 [125.95242284696765,-58.539440299592385] -12.459029156083158 0.8723242353816252 0.0005641603398252217 1.8288967738762208e-05 [2371.242675781,-3161.211914062] 49.97649354729626 49.14379419284189 21.184885781491563 18.788350235688867 7.803812768903299 48.45180711925718
128.3383025663001 -59.76922981888874 2.375 11.699219 [128.3383025663001,-59.76922981888874] 1.1321243855401877 2.5319640572774333 0.0002157017070634581 2.0296437773768157e-05 [4445.105224609,-827.9228515625] 40.32806934609012 40.39084697254437 18.478981528498426 17.10575593540676 11.706033084231649 27.568868369977963
129.40863048256622 -61.52213672389838 2.171875 9.7734375 [129.40863048256622,-61.52213672389838] 64.13906933849842 0.17689744906266303 0.004017626036211336 2.6411908449570308e-05 [5124.219482422,2394.101318359] 23.506933634159484 32.903060434300365 17.55758914172448 19.003461351040855 4.733742564284739 6.291832665490119
129.38861071069766 -61.52665327247324 2.171875 9.7734375 [129.38861071069766,-61.52665327247324] -7.56572587250942 1.9964626346422687 0.00035284415877957244 2.6178986058983857e-05 [5106.388183594,2400.643066406] 23.506933634159484 32.903060434300365 17.55758914172448 19.003461351040855 4.609001147307026 6.314636180932439
125.82078530970418 -59.42774212629873 5.15625 39.515625 [125.82078530970418,-59.42774212629873] 11.465617014184659 0.394443022176595 0.001168364415325253 1.71266058128989e-05 [2190.494140625,-1568.366210938] 40.629280867062754 39.22202996042996 18.16570475745689 15.836558620727823 1.3053416884463331 39.76669546253288
127.80020146131444 -58.84642020459914 3.078125 18.726562 [127.80020146131444,-58.84642020459914] -11.029572871395775 0.4063138470874923 0.0013718074885165855 2.071397728630473e-05 [4067.917724609,-2519.37109375] 50.667293643946095 49.43574150773608 21.217985382231667 20.528778182028958 15.311041519762057 38.76896524076574
127.79828650615629 -58.84136577158624 3.078125 18.726562 [127.79828650615629,-58.84136577158624] -13.620035360367087 1.2676015497398192 0.0004390784514530667 2.0683955202563207e-05 [4066.732910156,-2528.564453125] 50.667293643946095 49.43574150773608 21.217985382231667 20.528778182028958 15.335713494955371 38.82675646494931
127.30770112130769 -59.28551096647104 2.484375 12.8515625 [127.30770112130769,-59.28551096647104] 3.506485856644897 1.6916564789572586 0.00029964437243160444 1.8837662220926373e-05 [3564.626708984,-1759.213378906] 48.07136694845617 47.496978734992254 19.17294171901824 17.69362770981938 9.828222903965411 36.08195420727657
124.70388787438168 -58.22599429919266 2.75 15.4375 [124.70388787438168,-58.22599429919266] -59.42006868703536 0.5322813681697225 0.0009729811541764147 1.9246616645423985e-05 [1209.679199219,-3758.766601562] 44.216799967742 45.01162112365182 18.417285603941142 17.81702596721906 3.230802888622634 56.03197188246895
124.69959254463524 -58.22861505866253 2.75 15.4375 [124.69959254463524,-58.22861505866253] -60.94174408894722 0.9838641070419075 0.0005267925827694643 1.926120580721932e-05 [1205.520019531,-3754.131835938] 44.216799967742 45.01162112365182 18.417285603941142 17.81702596721906 3.1910638075587485 56.0195847795801
128.9828948294397 -60.353538547101884 2.296875 11.0390625 [128.9828948294397,-60.353538547101884] 0.11015305186943651 0.9268322777221519 0.0007423364967379437 2.5568818847943024e-05 [4938.629150391,266.3818359375] 35.237263953422016 40.57587291290766 18.76120264441988 17.866313811278882 10.831918504310465 19.44549121148384
125.79096238390429 -58.0870287697908 2.96875 17.757812 [125.79096238390429,-58.0870287697908] -43.6083716912602 2.1244706709825976 0.00026301032344231345 2.076501448567339e-05 [2248.261230469,-3980.15625] 55.522449010261745 56.994309091573626 21.525229988259728 20.056091174988694 9.9228373959063 53.66364988578084
128.75146496380316 -60.39197165633252 2.25 10.550781 [128.75146496380316,-60.39197165633252] -4.468890609226444 3.245734398052128 0.00019432739066832093 2.3439897085044294e-05 [4727.921386719,318.3681640625] 33.06429370985434 38.99904064321794 18.989773139602544 17.605345459154638 9.44435080222354 19.869347815677656
127.59700016565952 -58.71368798839361 2.953125 17.570312 [127.59700016565952,-58.71368798839361] -20.79461148677435 0.5645990329635502 0.0009506838038466693 1.9947337156231753e-05 [3894.073486328,-2769.973632812] 51.21824079615098 50.77262275949781 21.492427499439664 20.095197099582006 15.173269669833871 40.837808760944654
127.59523772543321 -58.708938574999515 2.953125 17.570312 [127.59523772543321,-58.708938574999515] -24.100970696159056 3.1548843787564964 0.00017023617966052527 1.9959240691205475e-05 [3892.961181641,-2778.606445312] 51.21824079615098 50.77262275949781 21.492427499439664 20.095197099582006 15.196477287773064 40.892063937532384
125.47541062763557 -58.79362468220395 2.421875 12.167969 [125.47541062763557,-58.79362468220395] 18.80321664259473 0.4504864409544806 0.0010447636388450413 1.7490751771499185e-05 [1909.517578125,-2719.61328125] 51.5282017004845 50.734701617363605 20.19902608925156 17.625896022697166 3.6463091808772106 47.492768926715144
125.23775495278842 -58.925411450078485 2.40625 12.097656 [125.23775495278842,-58.925411450078485] 8.810233292583536 1.5961553372958386 0.00028948867419317385 1.7171784710081963e-05 [1681.590820312,-2489.041015625] 48.16515276795738 45.43057671361689 19.694878773176846 16.147204970190312 1.55116307079129 46.94491915967751
129.00196851850924 -61.543926228848825 2.125 9.2421875 [129.00196851850924,-61.543926228848825] -23.86559035797314 1.0840711610827864 0.0005810670341110925 2.340953200937153e-05 [4773.616455078,2402.650146484] 24.044659978589927 32.48536196713521 17.023526130598917 18.481036254307504 2.6841568510726574 7.4487603532370485
127.63711543311433 -57.65160369517644 4.03125 28.25 [127.63711543311433,-57.65160369517644] -39.42535009103918 0.11111276745248318 0.006920451165937178 2.857637103638423e-05 [4050.685546875,-4674.180664062] 56.910890390603754 63.02622914788641 22.866206908805587 23.781077872473467 22.615555478265605 51.38139040344595
126.69548019446333 -58.87292482986937 2.3125 11.121094 [126.69548019446333,-58.87292482986937] -4.405084970941699 0.7017508313790064 0.0007019788865753572 1.8306937086039923e-05 [3039.173828125,-2531.268554688] 45.91479968284618 46.2790068326577 19.2794770604912 17.14489475671024 9.460712219377228 42.43083197509873
125.10356119106812 -58.02605444921212 2.953125 17.5 [125.10356119106812,-58.02605444921212] -49.64747420547962 3.1214197944663953 0.00018345771028333412 2.1281236206747316e-05 [1597.307128906,-4109.807617188] 49.728702046907216 52.226230322180456 19.59416825308667 20.106122690809055 6.655258383133287 56.71327553676042
125.46107499943028 -57.9304619407157 3.0625 18.632812 [125.46107499943028,-57.9304619407157] -52.61690148854799 0.06047903719779497 0.009896914072168703 2.224402484749874e-05 [1943.0703125,-4272.073242188] 57.3794643335862 58.88981860403533 21.031976055971757 20.77924034474824 9.18892748806934 56.440607019468644
