data_processed/hvc_rms/hvc_rms_index_0.ecsv
# %ECSV 1.0
# ---
# datatype:
# - {name: ra_dec_obj.ra, unit: deg, datatype: float64}
# - {name: ra_dec_obj.dec, unit: deg, datatype: float64}
# - {name: 'H-alpha flux [Error]', unit: R, datatype: float32}
# - {name: H-alpha flux, unit: R, datatype: float32}
# - {name: ra_dec_deg, datatype: string, subtype: 'float64[2]'}
# - {name: RM, unit: rad / m2, datatype: float64}
# - {name: RM_uncert, unit: rad / m2, datatype: float64}
# - {name: pol_int, datatype: float64}
# - {name: pol_int_uncert, datatype: float64}
# - {name: ra_dec_pix_offsets, datatype: string, subtype: 'float64[2]'}
# - {name: interpolation_raw, unit: rad / m2, datatype: float64}
# - {name: interpolation_cor, unit: rad / m2, datatype: float64}
# - {name: interpolation_unc, unit: rad / m2, datatype: float64}
# - {name: interpolation_cor_unc, unit: rad / m2, datatype: float64}
# - {name: pixel location x, datatype: float64}
# - {name: pixel location y, datatype: float64}
# meta: !!omap
# - __serialized_columns__:
#     ra_dec_obj:
#       __class__: astropy.coordinates.sky_coordinate.SkyCoord
#       dec: !astropy.table.SerializedColumn
#         __class__: astropy.coordinates.angles.Latitude
#         unit: &id001 !astropy.units.Unit {unit: deg}
#         value: !astropy.table.SerializedColumn {name: ra_dec_obj.dec}
#       frame: icrs
#       ra: !astropy.table.SerializedColumn
#         __class__: astropy.coordinates.angles.Longitude
#         unit: *id001
#         value: !astropy.table.SerializedColumn {name: ra_dec_obj.ra}
#         wrap_angle: !astropy.coordinates.Angle
#           unit: *id001
#           value: 360.0
#       representation_type: spherical
# schema: astropy-2.0
ra_dec_obj.ra ra_dec_obj.dec "H-alpha flux [Error]" "H-alpha flux" ra_dec_deg RM RM_uncert pol_int pol_int_uncert ra_dec_pix_offsets interpolation_raw interpolation_cor interpolation_unc interpolation_cor_unc "pixel location x" "pixel location y"
[from data line 988]
317.7244263035698 -9.801417399605155 0.52734375 2.868164 [317.7244263035698,-9.801417399605155] -98.11225591800985 3.0210791488897923 0.00018389716360872304 2.0646471329357534e-05 [1259.429199219,823.7143554688] -22.35052622458846 -19.56974354375518 6.6235933684851505 6.218569560599136 74.47568357302907 31.7321618009164
317.1586913406489 -8.286931132652597 0.40234375 1.6376953 [317.1586913406489,-8.286931132652597] -49.64662553048391 1.2837179303253339 0.0004340069273962776 2.0704987467786905e-05 [257.0771484375,-1903.45703125] -20.405118153680668 -18.42593011348141 7.10619374193449 8.060614446267822 88.66432348746491 15.673971109526974
317.15527343720515 -8.288342511255358 0.40234375 1.6376953 [317.15527343720515,-8.288342511255358] -52.742986334176585 2.6642659320039246 0.0002100550789054916 2.0797898837081124e-05 [250.98828125,-1900.919433594] -20.405118153680668 -18.42593011348141 7.10619374193449 8.060614446267822 88.69264135075105 15.714651219904226
319.02389532479344 -11.621810882893424 0.33789062 0.99121094 [319.02389532479344,-11.621810882893424] -23.318234711028747 0.8274608376196024 0.0009448655641148797 2.9055354123483316e-05 [3542.284912109,4108.169921875] -15.425305180655753 -17.019011613993783 6.27790122935296 5.938454754877764 51.150385158587596 47.82043222086395
319.4645080910088 -8.49210826162671 0.36328125 1.2592773 [319.4645080910088,-8.49210826162671] -16.158545642302414 1.9557498401762337 0.00035668020910089687 2.592394068883236e-05 [4360.579101562,-1519.106933594] -9.468491640784402 -11.797315080080539 6.65290725967391 4.852535744521895 63.22874754326563 2.9215738813168173
318.58294669717276 -10.405478542743763 0.4453125 2.0644531 [318.58294669717276,-10.405478542743763] -45.87153541575011 1.0435529351098254 0.0005748773646202203 2.2294533839293287e-05 [2776.675292969,1915.826660156] -19.053591716834166 -18.837200909897426 6.415263018710946 5.75608193733873 62.17213943723141 34.211963136587656
318.0778198976237 -8.02894948014335 0.29492188 0.578125 [318.0778198976237,-8.02894948014335] -31.886504814812668 0.9350950323397168 0.0006117489951986783 2.1258749655735155e-05 [1895.348144531,-2364.922851562] -14.69714142882479 -15.039336867145305 5.883937554644603 6.585504922813083 80.39904407628887 6.233644541881404
318.075103707318 -8.018644461416208 0.29492188 0.578125 [318.075103707318,-8.018644461416208] -31.18683917596392 2.074430163871488 0.00027672665033340495 2.133332296142557e-05 [1890.555664062,-2383.481445312] -14.69714142882479 -15.039336867145305 5.883937554644603 6.585504922813083 80.48491355307328 6.118258716798664
315.853363165166 -11.204832058032704 0.44140625 2.0146484 [315.853363165166,-11.204832058032704] -51.7416909788356 2.60253908807773 0.00023444378501969094 2.2674863872169183e-05 [-2049.817382812,3351.392089844] -20.06287031905651 -18.510836373300812 6.557812977775569 6.9983281536323965 86.99701609547401 61.93473024483046
317.2217713004957 -11.653813386910267 0.33203125 0.93359375 [317.2217713004957,-11.653813386910267] -24.342026509719815 3.2098086539225674 0.0002256071775905329 2.6911676847702597e-05 [365.6474609375,4155.752929688] -15.920676191308468 -17.64732445864753 6.411921541866443 6.205873315407861 70.14100866441822 59.50454831121351
317.46456900785165 -9.114065046080917 0.41796875 1.7832031 [317.46456900785165,-9.114065046080917] -42.27514875755557 1.9885259741104726 0.0002826760642829512 2.0889546281108717e-05 [800.1328125,-414.2661132812] -22.03485548735552 -19.74415107836109 7.340822117357607 6.675021563596125 80.92050236161606 24.401914692763967
317.4646301805781 -9.112243663683344 0.41796875 1.7832031 [317.4646301805781,-9.112243663683344] -40.63424614416116 2.602358197744164 0.0002152154175480343 2.081369361551477e-05 [800.2456054688,-417.5444335938] -22.03485548735552 -19.74415107836109 7.340822117357607 6.675021563596125 80.92971314888689 24.377748835878265
315.53543087433064 -10.003971148941499 0.41601562 1.7900391 [315.53543087433064,-10.003971148941499] -36.42766517588099 1.0725319537679523 0.0005323017831939032 2.121665254105429e-05 [-2621.307617188,1192.526367188] -17.490674251911123 -19.286957381854492 7.67386458589804 7.80875230608629 96.61866488463227 48.23761308521898
316.8079529764833 -8.538187089094222 0.35742188 1.2016602 [316.8079529764833,-8.538187089094222] -18.477957412640322 2.739388727709532 0.00020101219272542116 2.046372865831164e-05 [-367.419921875,-1451.200683594] -19.85724246858802 -19.54332063143665 7.212066089157644 8.177139297422807 90.9922604851763 21.208817127565
318.0823973476528 -11.095678320533143 0.29296875 0.5378418 [318.0823973476528,-11.095678320533143] -53.837920188056195 1.2467026268724164 0.00047779728289220393 2.2136821004429707e-05 [1886.423828125,3154.489257812] -19.410938238617 -19.431473224240644 5.782231952078611 5.883662734813441 63.866076098572194 46.659348664038134
317.0307921840067 -7.753683799756682 0.40234375 1.6538086 [317.0307921840067,-7.753683799756682] -40.43747419632551 1.799975011357495 0.000311125916291688 2.0811882618117818e-05 [29.2998046875,-2863.09375] -20.82352311581206 -16.456369404561542 6.806440153934434 8.882671668210728 92.95981588750487 9.66528214081518
318.9022217454504 -8.473640417128479 0.33789062 1.0048828 [318.9022217454504,-8.473640417128479] 3.322185044013757 2.7396135500648793 0.00022515867151884895 2.2923803985944586e-05 [3360.442626953,-1558.495117188] -10.221072443703546 -12.446408310066492 6.535014669197183 5.400033486271764 69.25077624198843 6.490153542430562
318.624786415319 -9.347713490979352 0.40234375 1.6323242 [318.624786415319,-9.347713490979352] -57.380896974698594 0.4459573522724887 0.0013181161053213313 2.1845183540093766e-05 [2859.89453125,12.31298828125] -16.943091528816222 -16.462947008368317 7.1527096727900155 5.6606866488517795 67.39173709201316 19.863295092468434
318.61468516513827 -9.347871665647666 0.40234375 1.6323242 [318.61468516513827,-9.347871665647666] -56.93594257355921 0.15164297976677765 0.0038445941309522584 2.1666138322066653e-05 [2841.959472656,12.51611328125] -16.943091528816222 -16.462947008368317 7.1527096727900155 5.6606866488517795 67.49759995771183 19.93210735363391
318.9806213661143 -9.519764015162139 0.41992188 1.8066406 [318.9806213661143,-9.519764015162139] -54.6820359017611 1.5690727576219041 0.00038738855758832877 2.258908159016581e-05 [3489.842285156,325.2001953125] -13.560310689317825 -17.019339155766858 7.126774565015955 5.205589470119869 62.70105489062257 19.792037062860345
318.9813538193065 -9.525014005419996 0.41992188 1.8066406 [318.9813538193065,-9.525014005419996] -53.48640947158899 2.7106223268037746 0.00022472785281534615 2.2637820743595154e-05 [3491.088134766,334.6572265625] -13.560310689317825 -17.019339155766858 7.126774565015955 5.205589470119869 62.66492623330498 19.857023153270347
318.9964294640041 -8.130688541308931 0.36328125 1.2607422 [318.9964294640041,-8.130688541308931] -7.455557626698781 1.8769180388486584 0.00033810152312357093 2.3583113365933975e-05 [3531.151855469,-2174.77734375] -7.901435061731378 -11.454443018922516 6.660128051615098 5.4333115807086765 70.16390898250756 1.3555320643949926
316.81945813569735 -8.969587249760671 0.38867188 1.5146484 [316.81945813569735,-8.969587249760671] -59.598456378511685 1.365517141408672 0.0004099316278824319 2.0802584106861876e-05 [-346.537109375,-674.7353515625] -20.18956790414201 -18.821556208449532 7.140752697816945 7.814343025756456 88.52599197515292 26.708185443665116
316.81787105213584 -8.963537254001814 0.38867188 1.5146484 [316.81787105213584,-8.963537254001814] -57.26201742699193 1.7507057464375542 0.00031998743007738764 2.0818756176419888e-05 [-349.3647460938,-685.6235351562] -20.18956790414201 -18.821556208449532 7.140752697816945 7.814343025756456 88.57551972567978 26.640090268214408
319.4781799839221 -8.8409310468016 0.27539062 0.35925293 [319.4781799839221,-8.8409310468016] -32.5268608976114 0.26052347242181023 0.002606651438621802 2.5237046182772917e-05 [4380.830078125,-891.1157226562] -9.797500249781553 -11.850813146064908 6.490649688910772 4.77095581869804 61.156437755262914 7.444596927455677
319.4770202876157 -8.841468860467385 0.27539062 0.35925293 [319.4770202876157,-8.841468860467385] -32.50824723100215 0.2583573116930704 0.002632969305640432 2.52798944497832e-05 [4378.762939453,-890.162109375] -9.797500249781553 -11.850813146064908 6.490649688910772 4.77095581869804 61.16569337081842 7.459577965686549
319.47372441512414 -8.84235478996874 0.27539062 0.35925293 [319.47372441512414,-8.84235478996874] -30.071956460197292 1.2199990674892747 0.0005537045218151665 2.5104193403085683e-05 [4372.895751953,-888.6083984375] -9.797500249781553 -11.850813146064908 6.490649688910772 4.77095581869804 61.19553686713368 7.493632254509066
318.3161009975295 -8.437159673784066 0.359375 1.2275391 [318.3161009975295,-8.437159673784066] -18.286996334476804 3.0491606310202433 0.00018805336819109546 2.130934611047217e-05 [2317.569824219,-1628.866210938] -14.18603598106041 -14.858706853881333 6.655216194866796 6.282659938206519 75.6282405771301 9.948891329690923
316.71823130874486 -8.014915286855075 0.34960938 1.1264648 [316.71823130874486,-8.014915286855075] -69.05227070116412 2.4739589906649964 0.00022539605856913643 2.0722756164784846e-05 [-527.8295898438,-2392.80859375] -21.252463532485322 -18.306911532747456 6.731430345642129 8.426598417704707 94.81090255530398 15.071786426799918
316.66378786892096 -10.19080642377438 0.4453125 2.0722656 [316.66378786892096,-10.19080642377438] -82.13021862058072 0.5957660271110783 0.0009373205683714176 2.0752603322641436e-05 [-621.0717773438,1523.612304688] -18.842173923184856 -19.813618910999384 7.121824702383597 7.003868514581651 83.65582332348083 43.6096185104243
317.3727721867217 -9.751906422538049 0.54296875 3.0410156 [317.3727721867217,-9.751906422538049] -130.059546093539 1.9337831374680627 0.0002876029124254233 2.0668537715253924e-05 [635.8134765625,733.6538085938] -22.490429805701286 -18.805803778297445 7.243238201090326 6.846752013519641 78.46460670876081 33.34439692554133
318.78790285635813 -10.24185189776958 0.390625 1.515625 [318.78790285635813,-10.24185189776958] -0.5476314882781579 1.143619708605407 0.0005226972721422661 2.2214705897216257e-05 [3141.0078125,1623.063476562] -16.232252341690863 -17.640164485072205 6.886810597987639 5.5287184048295845 60.86854213481729 30.692988954358952
314.89605690335225 -10.668287239016855 0.35546875 1.1918945 [314.89605690335225,-10.668287239016855] -39.54817986913173 2.7358116461917863 0.00023135887857490066 2.3522369494911192e-05 [-3746.185546875,2393.864013672] -22.740515377573928 -21.38277910119586 7.855311489462416 7.838782807039058 99.94804230963427 60.76731827183994
314.9973756279126 -10.608670228789208 0.33984375 1.0332031 [314.9973756279126,-10.608670228789208] -34.4870394353636 1.5076638627307977 0.0004153259794873012 2.3270318444319432e-05 [-3567.778320312,2285.532470703] -22.021256889056033 -21.205095228641408 7.797055217348101 7.890441675738105 99.17902737614645 59.37827990108599
315.0033567499724 -10.608731336329749 0.33984375 1.0332031 [315.0033567499724,-10.608731336329749] -35.31532791741883 3.105170331970783 0.0002014046599801974 2.3241472822902064e-05 [-3557.202148438,2285.58203125] -22.021256889056033 -21.205095228641408 7.797055217348101 7.890441675738105 99.11508804080108 59.34259521683089
317.00082386249 -8.083071917516488 0.35742188 1.2016602 [317.00082386249,-8.083071917516488] -21.741929437267697 1.1739358024596023 0.00047220192135349697 2.0600644177424425e-05 [-24.1298828125,-2270.379882812] -20.34678781274269 -17.80415460739409 6.527702246555394 8.170922958620613 91.4529264113695 14.08864557965353
317.64056390475076 -11.672010443397195 0.33398438 0.9472656 [317.64056390475076,-11.672010443397195] -12.514970799585116 2.8176028039722776 0.0002562278569419664 2.682963832262872e-05 [1103.841308594,4189.35168457] -15.92107790793204 -18.1119571119694 6.870479513575081 6.2733936491593045 65.59392687995978 57.16291047922641
317.6381834743024 -11.665074377629837 0.33398438 0.9472656 [317.6381834743024,-11.665074377629837] -23.717318498538997 3.1684826972943365 0.0002269865157300533 2.672760851284246e-05 [1099.672851562,4176.869628906] -15.92107790793204 -18.1119571119694 6.870479513575081 6.2733936491593045 65.65467136955749 57.08442136460417
318.84088133973654 -10.898448897645943 0.3671875 1.2895508 [318.84088133973654,-10.898448897645943] -38.0127370269915 0.33406046581075965 0.0018748538945032654 2.3275617669657107e-05 [3227.895263672,2805.122070312] -14.170640233550966 -17.273749453998306 6.344418936093737 5.932879387822252 56.845160461655496 39.17590589160818
317.78131094421656 -10.271966851917139 0.44921875 2.0859375 [317.78131094421656,-10.271966851917139] -65.65944507956179 2.1166988043664916 0.0002634646407038208 2.0724788391977448e-05 [1358.344238281,1670.848144531] -21.39692017373311 -18.92567153403243 6.626873984748085 6.217813399546896 71.37391272112836 37.586854458540074
314.9959412948757 -11.304570132067616 0.34179688 1.0644531 [314.9959412948757,-11.304570132067616] -34.53028025903864 0.1633715417358001 0.004073678020534534 2.473271599195512e-05 [-3561.926757812,3537.639648438] -22.783791651136678 -19.737801108898164 7.2019020855213665 7.891342142004067 95.61365975423678 68.43059775341317
317.4078979845939 -11.362159701139374 0.41015625 1.7290039 [317.4078979845939,-11.362159701139374] -28.594260739062793 2.987187999038041 0.00020997992341793687 2.331036275229182e-05 [694.4829101562,3631.430175781] -17.215455033029095 -17.176552906969345 6.8817853812533105 6.367086090185099 69.65558973568204 54.45309821951014
314.63293463850243 -11.231811513155883 0.33398438 0.9753418 [314.63293463850243,-11.231811513155883] 2.3924714271945353 1.3022827269013804 0.0005161869652192623 2.4981644101012933e-05 [-4203.251953125,3410.746337891] -23.038965246831253 -20.211089634422983 7.378835419528541 7.9232602575165085 99.85112898478906 69.662686323054
319.1348266991673 -10.876211131370825 0.34375 1.0566406 [319.1348266991673,-10.876211131370825] -36.5911703268505 2.771114033652923 0.00023519710553383832 2.4221167535944357e-05 [3747.425048828,2768.013916016] -13.056006180533164 -16.31548280191309 6.431149564742939 5.933668119062455 53.8450274410244 36.983277256337715
317.5263060586488 -9.860544230317037 0.5078125 2.6796875 [317.5263060586488,-9.860544230317037] -72.5100831053976 1.438339392706798 0.00038527736618607436 2.0594135905529126e-05 [907.8759765625,929.5307617188] -23.41532367209897 -19.664716454436427 6.944470661203549 6.738080436567129 76.25897332011436 33.78645778797045
319.3039550956705 -9.513379116596948 0.3828125 1.4418945 [319.3039550956705,-9.513379116596948] -27.490947831449667 2.8011459838723765 0.0002393022605771196 2.4911004912773848e-05 [4063.507568359,317.1674804688] -11.152089633109997 -14.63235377149093 6.641124211150421 4.935848136884179 59.320496100105174 17.559560287964814
318.5568848918858 -11.564189946846076 0.33984375 1.0112305 [318.5568848918858,-11.564189946846076] -18.57809605704718 2.08243796833931 0.0003385424135577503 2.6199551855181067e-05 [2719.858398438,4000.390869141] -14.880794413935025 -16.917130799947717 6.328474122829846 6.35009781050314 56.40699629102846 49.98633478699685
318.501922574911 -11.1513900229548 0.32421875 0.85302734 [318.501922574911,-11.1513900229548] -16.208712232326196 0.3358138415420064 0.0018566583039789752 2.3170706727648422e-05 [2626.765625,3257.403076172] -16.11762880893876 -18.334381708930074 6.030491707941351 6.029475763389253 59.12315473384024 44.75230777740944
