data_processed/hvc_rms/hvc_rms_index_10_with_B.ecsv
# %ECSV 1.0
# ---
# datatype:
# - {name: ra_dec_obj.ra, unit: deg, datatype: float64}
# - {name: ra_dec_obj.dec, unit: deg, datatype: float64}
# - {name: 'H-alpha flux [Error]', unit: R, datatype: float32}
# - {name: H-alpha flux, unit: R, datatype: float32}
# - {name: ra_dec_deg, datatype: string, subtype: 'float64[2]'}
# - {name: RM, unit: rad / m2, datatype: float64}
# - {name: RM_uncert, unit: rad / m2, datatype: float64}
# - {name: pol_int, datatype: float64}
# - {name: pol_int_uncert, datatype: float64}
# - {name: ra_dec_pix_offsets, datatype: string, subtype: 'float64[2]'}
# - {name: interpolation_raw, unit: rad / m2, datatype: float64}
# - {name: interpolation_cor, unit: rad / m2, datatype: float64}
# - {name: interpolation_unc, unit: rad / m2, datatype: float64}
# - {name: pixel location x, datatype: float64}
# - {name: pixel location y, datatype: float64}
# - {name: 'B_virtual [raw]', unit: G, datatype: float64}
# - {name: 'B_virtual_unc [raw]', unit: G, datatype: float64}
# - {name: 'B_virtual [int]', unit: G, datatype: float64}
# - {name: 'B_virtual_unc [int]', unit: G, datatype: float64}
# - {name: 'B_virtual [cor]', unit: G, datatype: float64}
# - {name: 'B_virtual_unc [cor]', unit: G, datatype: float64}
# meta: !!omap
# - __serialized_columns__:
#     ra_dec_obj:
#       __class__: astropy.coordinates.sky_coordinate.SkyCoord
#       dec: !astropy.table.SerializedColumn
#         __class__: astropy.coordinates.angles.Latitude
#         unit: &id001 !astropy.units.Unit {unit: deg}
#         value: !astropy.table.SerializedColumn {name: ra_dec_obj.dec}
#       frame: icrs
#       ra: !astropy.table.SerializedColumn
#         __class__: astropy.coordinates.angles.Longitude
#         unit: *id001
#         value: !astropy.table.SerializedColumn {name: ra_dec_obj.ra}
#         wrap_angle: !astropy.coordinates.Angle
#           unit: *id001
#           value: 360.0
#       representation_type: spherical
# schema: astropy-2.0
ra_dec_obj.ra ra_dec_obj.dec "H-alpha flux [Error]" "H-alpha flux" ra_dec_deg RM RM_uncert pol_int pol_int_uncert ra_dec_pix_offsets interpolation_raw interpolation_cor interpolation_unc "pixel location x" "pixel location y" "B_virtual [raw]" "B_virtual_unc [raw]" "B_virtual [int]" "B_virtual_unc [int]" "B_virtual [cor]" "B_virtual_unc [cor]"
[from data line 881]
78.4951552021211 -57.845016458277236 1.2578125 0.5439453 [78.4951552021211,-57.845016458277236] 41.91118590783414 1.5406222186847651 0.00036331010824007396 2.080091030623742e-05 [1911.933105469,3843.948486328] 36.93601348029481 35.44504529564868 7.851059174971159 71.37372430329037 46.73542859298368 1.5010700666532383e-05 1.7596045004946017e-05 1.7818828662688497e-06 4.332072083758404e-06 2.3158805720904546e-06 4.659368992570896e-06
75.22050452214809 -56.702766466552994 1.2578125 0.5720215 [75.22050452214809,-56.702766466552994] 8.301591098817578 1.535167804038842 0.0002928521073644464 1.6707555420905206e-05 [-1263.251953125,1772.853027344] 35.22824575510782 34.172536363125545 8.232962074246077 48.8484106290548 61.00630856088583 2.899371075102565e-06 4.061275813330297e-06 -9.404265125855637e-06 1.105230571143078e-05 -9.035553485112034e-06 1.0671453803184292e-05
73.10939825828714 -56.42539225228682 1.3046875 1.0263672 [73.10939825828714,-56.42539225228682] 5.193271065060538 0.23169182076934025 0.002093098439820031 1.802225206815024e-05 [-3372.171875,1344.467285156] 30.776429518132055 33.56981263278479 7.492309126362492 34.57046437226586 62.82266318253983 1.3540610507492682e-06 2.0224469400907112e-06 -6.6703928954355925e-06 5.048322434481416e-06 -7.398722156124367e-06 5.450504919537313e-06
73.11082496824594 -56.41968919371732 1.3046875 1.0263672 [73.11082496824594,-56.41968919371732] 8.312498128141765 0.15872183560351344 0.00305591596506058 1.8025477907263562e-05 [-3371.259765625,1334.145507812] 30.776429518132055 33.56981263278479 7.492309126362492 34.569690636733526 62.91108409383605 2.167348826728681e-06 2.295318268230028e-06 -5.85710511945618e-06 4.613597179924586e-06 -6.585434380144954e-06 5.001954923274954e-06
77.3501817015771 -56.070529985473684 1.2109375 0.1000061 [77.3501817015771,-56.070529985473684] 3.3049689202502712 0.5052615875731536 0.0009137948510918497 1.715827768782969e-05 [855.154296875,628.48046875] 34.36364096725412 32.32514274923081 8.52949962024589 62.174485205247606 72.1944717445765 2.7605954049124033e-06 1.771352974827639e-05 -2.594288460938004e-05 0.00015735454717883486 -2.4240154886532556e-05 0.00014706352139827805
76.99835182231566 -56.78672788813663 1.2578125 0.5605469 [76.99835182231566,-56.78672788813663] 3.879350628820652 2.4910173595749554 0.0001882357750488519 1.742559530928099e-05 [492.3500976562,1914.060058594] 38.623509664844086 34.08918166328282 8.211100644057046 60.587903732745644 61.3089753411316 1.3686793053525695e-06 3.0405473862056114e-06 -1.2258136993649467e-05 1.4339705525402118e-05 -1.0658374174245784e-05 1.2616746380553734e-05
72.38776403613404 -56.34402841075765 1.2578125 0.61157227 [72.38776403613404,-56.34402841075765] -27.19328010120985 1.1112360019367473 0.0004564199827248654 1.8848624243048837e-05 [-4097.717773438,1237.119140625] 30.464957562653215 31.797647498562853 7.4946867165307465 29.683413251786305 63.11811579774849 -9.185151822309691e-06 9.779159606063845e-06 -1.947538747728468e-05 2.0403632124112695e-05 -1.9925533960086128e-05 2.086163239020778e-05
75.30838038332145 -57.61194226976508 1.2421875 0.4206543 [75.30838038332145,-57.61194226976508] 17.981943710715164 0.2819670527272755 0.0017393256267190208 1.8225857223413864e-05 [-1147.842773438,3407.047851562] 35.86810412894796 33.29815813975336 8.21492316034201 50.77546218702196 47.47867004699265 7.3235660596846824e-06 1.1202711060540222e-05 -7.284556079384794e-06 1.1638197223438408e-05 -6.237885623483348e-06 1.0221436502452296e-05
75.31081406746416 -57.607196828716724 1.2421875 0.4206543 [75.31081406746416,-57.607196828716724] 25.48911345706621 2.060939024137224 0.0002374905110294846 1.818947263934782e-05 [-1145.646484375,3398.471679688] 35.86810412894796 33.29815813975336 8.21492316034201 50.78358007896145 47.55217337575368 1.0381036066439675e-05 1.5640930422145036e-05 -4.227086072629801e-06 7.689229637645546e-06 -3.1804156167283564e-06 6.493009149307313e-06
74.85621665027253 -57.31227493470392 1.2890625 0.9008789 [74.85621665027253,-57.31227493470392] 1.6975887003461256 0.7115667065534876 0.0006623066306570289 1.751392259141417e-05 [-1596.715820312,2876.962890625] 37.27784442230921 34.82603660804082 8.668533166403996 47.409732383667915 51.483606823814625 4.7244134896605366e-07 1.9875625311857407e-06 -9.902035756019135e-06 7.786978265365043e-06 -9.21969415528729e-06 7.338444320974693e-06
76.9861070205961 -56.23802198298953 1.2421875 0.40454102 [76.9861070205961,-56.23802198298953] 9.13175413868582 1.7651865489510676 0.00025998876384770867 1.7055085135396524e-05 [487.2661132812,926.4252929688] 36.114705160576925 33.5673456098972 8.820752954088434 59.915562549321294 69.45569519930677 3.7924648485714542e-06 6.558041747091063e-06 -1.1206159485583142e-05 1.787269985348765e-05 -1.0148227854277096e-05 1.6309465204229284e-05
76.98185751760626 -56.236251786842146 1.2421875 0.40454102 [76.98185751760626,-56.236251786842146] 10.942658944477314 1.955909306367183 0.00023632903569012183 1.7178075182100922e-05 [483.0375976562,923.2094726562] 36.114705160576925 33.5673456098972 8.820752954088434 59.88549202827335 69.4789766068468 4.54454300527287e-06 7.613192274797514e-06 -1.0454081328881726e-05 1.67638077851429e-05 -9.39614969757568e-06 1.5210336391500366e-05
74.29122882984528 -57.751400018906224 1.21875 0.1675415 [74.29122882984528,-57.751400018906224] 30.870192863524096 1.0778061163872736 0.00048220489424228826 1.9314388421117896e-05 [-2119.930664062,3681.839111328] 35.42474525909473 32.764610260155976 7.724436810451797 44.54529339651481 44.24734283938983 1.9921717268028068e-05 7.262458954662929e-05 -2.9392270242078406e-06 1.2652855202515306e-05 -1.2225400706170305e-06 8.094657988631763e-06
74.01692172366484 -56.792911507603556 1.28125 0.84228516 [74.01692172366484,-56.792911507603556] 8.240066225165563 2.2445014109966896 0.00021128986350772382 1.7624112179244656e-05 [-2446.052734375,1967.246582031] 32.941462787042326 35.149249962368486 8.633355124073384 41.13520948500468 58.355555298999434 2.3716454404068744e-06 2.7885150371866135e-06 -7.109524720655991e-06 6.348217754289542e-06 -7.744967233455195e-06 6.770281711303525e-06
71.23055992923396 -56.241519968173705 1.2578125 0.61083984 [71.23055992923396,-56.241519968173705] -2.783013015903573 2.2245903992536156 0.0003072136221579137 2.5397983141790164e-05 [-5262.319335938,1131.158691406] 29.089659816600786 29.8119663834454 7.391909685497411 21.879999940892617 63.02613340410721 -9.405896444385278e-07 2.6659722173148674e-06 -1.0772175996128913e-05 1.1676862229954972e-05 -1.1016297770982848e-05 1.1917656021689789e-05
78.25690456349766 -58.21151350522118 1.234375 0.38269043 [78.25690456349766,-58.21151350522118] 49.87543074669228 1.3740564153821888 0.0005035553312910799 2.5713456830387696e-05 [1666.658691406,4496.717285156] 38.8007557309149 37.81538056894397 8.406143455074096 70.25217938552976 41.183950784891294 2.1296659776918728e-05 3.4534417907951624e-05 4.728853113044936e-06 8.972550709815344e-06 5.1496053604531005e-06 9.557774533950413e-06
73.11162587472859 -56.39330677539693 1.3046875 1.0732422 [73.11162587472859,-56.39330677539693] 6.288435952507049 0.45843929470651634 0.001049595579204849 1.7881853465975705e-05 [-3372.801757812,1286.678710938] 30.70174071785533 33.53831146410764 7.441330464228753 34.52812602032304 63.31284616119183 1.6034019532524344e-06 2.0420436221838453e-06 -6.224813426063517e-06 4.629121288646336e-06 -6.948071659021495e-06 5.0025841336921234e-06
75.22193915271276 -57.9213714822706 1.2109375 0.1000061 [75.22193915271276,-57.9213714822706] 26.899206717202762 2.402752268994204 0.00023512077045556725 2.099465272851821e-05 [-1220.659179688,3965.053466797] 34.582176283949984 32.520652156336816 8.34620999927588 50.719392815296715 42.761628517252575 2.2468540022965045e-05 0.00013618709239708528 -6.4174795569448525e-06 3.995925434272845e-05 -4.695516606269356e-06 2.991914528139329e-05
75.23073552351573 -57.918666889332385 1.25 0.46557617 [75.23073552351573,-57.918666889332385] 23.63710903892447 2.80623170131542 0.00020099734599860085 2.0961509418202393e-05 [-1212.34375,3960.03515625] 34.74680920098506 32.55998959267341 8.393307717191668 50.770551862382035 42.811562174563505 9.150558888849382e-06 1.2652926594279766e-05 -4.300862910222487e-06 7.250205358451881e-06 -3.454286386325518e-06 6.378160512313188e-06
75.22929397310583 -57.91632463098781 1.25 0.46557617 [75.22929397310583,-57.91632463098781] 21.894030393251583 2.768610015459552 0.0002035933520895408 2.094759080563263e-05 [-1213.80078125,3955.848144531] 34.74680920098506 32.55998959267341 8.393307717191668 50.7576508657919 42.84499810872103 8.475766393334823e-06 1.1770064329337747e-05 -4.975655405737046e-06 7.991582481775297e-06 -4.129078881840077e-06 7.064888084345003e-06
72.35564418558835 -57.856933606291236 1.2890625 0.8798828 [72.35564418558835,-57.856933606291236] 21.601310546110888 2.311323362569862 0.000253225725166629 2.1750900203074583e-05 [-3964.4375,3956.450195312] 31.07479694454208 32.25417057415683 7.452823127203421 32.54373831942962 40.07707509208012 6.08297900496748e-06 4.946119567702164e-06 -2.6677556781793097e-06 3.548307323181031e-06 -2.999870019697836e-06 3.689951863920674e-06
71.51592282549726 -57.86812593153062 1.2734375 0.7258301 [71.51592282549726,-57.86812593153062] 22.193696271374197 1.8183316651597576 0.0003719464498071603 2.5134035416063308e-05 [-4764.568359375,4029.408691406] 30.29662669563319 32.108924968433996 7.384403916532432 27.302274828205782 38.62251347589063 6.881146305967608e-06 6.469091581952017e-06 -2.5123102107294856e-06 3.895942427070001e-06 -3.0742125370796776e-06 4.197547994299836e-06
73.34236871820686 -57.07793804429927 1.2421875 0.4293213 [73.34236871820686,-57.07793804429927] 12.458798874091238 2.9317627119569196 0.00016983560238678397 1.850402710956963e-05 [-3086.534179688,2506.677490234] 33.23370920315152 33.16456747042289 7.959715670506093 37.26662247001718 53.22582247626997 5.022657877181847e-06 7.897011543743462e-06 -8.375226863080109e-06 1.2924059117622163e-05 -8.347352966724525e-06 1.2886115646981542e-05
73.33454903274614 -57.07915114359112 1.2421875 0.41333008 [73.33454903274614,-57.07915114359112] 10.724777119309037 2.6300278782104853 0.0001897533493376239 1.8546352313884767e-05 [-3094.071289062,2509.206787109] 33.58255679941843 33.34173503208406 8.040038513751789 37.21846214194716 53.19748076293013 4.406445516371844e-06 7.3102229209261975e-06 -9.391482887256742e-06 1.4839809533014926e-05 -9.292537428054169e-06 1.4697980991485805e-05
72.13236215992617 -58.22166061075065 1.2734375 0.7507324 [72.13236215992617,-58.22166061075065] 39.90228016741681 3.182844017084852 0.00023392218790029747 2.7669128223937628e-05 [-4135.258789062,4624.198608398] 31.574776751474698 33.290525974032015 6.986239296234282 31.953784925132027 34.22131413076522 1.2164766068678955e-05 1.0636781495153968e-05 2.5387554436997182e-06 3.836721735559143e-06 2.0156853876187915e-06 3.6038168743238683e-06
76.86055758238084 -57.72023387074348 1.2109375 0.1000061 [76.86055758238084,-57.72023387074348] 31.059301841139153 2.3840596313979954 0.00021588941913864068 1.912745438867224e-05 [347.6005859375,3592.889648438] 37.010945474416665 33.57209480830435 8.235145275026946 60.82127384358887 47.342739881509715 2.5943410667820498e-05 0.0001572084034794183 -4.971326648499279e-06 3.148902860147416e-05 -2.0989016496188866e-06 1.571571678918838e-05
74.52735947159248 -58.2689704921972 1.2421875 0.42089844 [74.52735947159248,-58.2689704921972] 38.61396913278963 0.07852061805308912 0.009192624186885538 2.682451745309529e-05 [-1866.086914062,4605.497802734] 33.058081349562165 32.39891343268765 8.131730460789665 46.95598522000773 36.7697004345423 1.5721878023536514e-05 2.341702241322484e-05 2.262108558174226e-06 5.501814765812498e-06 2.5304921980557217e-06 5.751627237913676e-06
74.01598375839372 -57.71856303432411 1.2421875 0.40698242 [74.01598375839372,-57.71856303432411] 21.62604470680269 2.4746818290203874 0.00021468641794456232 1.9743886347337187e-05 [-2386.239257812,3631.751464844] 36.54078356287027 33.223898630359066 7.8568851569500575 42.74296846955872 44.40690169610252 8.954429153896313e-06 1.4029995629001499e-05 -6.1755616547630274e-06 1.04481566129019e-05 -4.802180089041256e-06 8.598192392675565e-06
78.80933358626555 -56.32782735987252 1.25 0.5222168 [78.80933358626555,-56.32782735987252] 10.526516487648315 0.28332279345774575 0.0016483451333242102 1.7355549497082953e-05 [2305.073730469,1124.737792969] 36.7917366406391 32.270401931467 7.946945042919435 72.10623904475904 69.22815341060232 3.847759250371737e-06 5.280568313759462e-06 -9.600730110982646e-06 1.2156098678044438e-05 -7.948045913731144e-06 1.029529411326475e-05
78.81246966337632 -56.32830058612799 1.25 0.5222168 [78.81246966337632,-56.32830058612799] 12.297152150357048 0.49610196779699345 0.0009466601918222441 1.745314785111758e-05 [2308.172363281,1125.693359375] 36.7917366406391 32.270401931467 7.946945042919435 72.12740815127677 69.2227343274194 4.494979986521239e-06 5.9736563032760214e-06 -8.953509374833143e-06 1.1423423913415181e-05 -7.300825177581641e-06 9.581157740447749e-06
76.47020734847501 -56.63435757011156 1.25 0.49804688 [76.47020734847501,-56.63435757011156] 2.0049022691795013 2.0633885670989947 0.00022099889000771266 1.6946492175005968e-05 [-28.49365234375,1638.074707031] 37.43747634475851 34.40136867711115 8.404455013290676 56.94941103992335 63.15869311106803 7.504240288522452e-07 2.890081640222469e-06 -1.3262220008999865e-05 1.7197787359251916e-05 -1.2125821400943255e-05 1.5814434957501512e-05
77.68395238215669 -56.4774474672956 1.25 0.4732666 [77.68395238215669,-56.4774474672956] 15.043061369690752 1.2143404912264477 0.0003853480215713824 1.7390109364074794e-05 [1177.856445312,1365.708007812] 37.369157177738124 34.36514117969759 8.631668999602077 64.77657547118997 66.37885473307915 5.7760631503231465e-06 8.11769436769375e-06 -8.572519656622096e-06 1.2131987335874193e-05 -7.419071852159682e-06 1.071758738211804e-05
72.10853607245957 -56.668136709188175 1.3046875 1.0634766 [72.10853607245957,-56.668136709188175] -2.0581816069656114 0.8346829180128585 0.0006670897452226961 2.0692572874835637e-05 [-4338.247070312,1836.344238281] 28.8371463317771 31.08619515167603 7.053079415737993 28.491745780423116 57.78735617063967 -5.271914587280505e-07 1.8350538650956868e-06 -7.913661723913854e-06 5.531352473916884e-06 -8.489742728670848e-06 5.8504715664378454e-06
75.79281621697659 -56.13848108720599 1.2109375 0.1000061 [75.79281621697659,-56.13848108720599] 9.542384940310223 1.9038665367863743 0.00023806703328114564 1.6843970171798378e-05 [-708.2431640625,749.169921875] 33.026869601204005 34.4234018699956 9.167753783003487 51.870002175895706 69.99750741979642 7.970623825452161e-06 4.8640921718810646e-05 -1.961626932234201e-05 0.00011917699091892283 -2.078277365477792e-05 0.00012621773599249002
73.79688228573109 -56.56854233913229 1.2890625 0.8779297 [73.79688228573109,-56.56854233913229] 10.971401569470148 0.6318012246649689 0.0007446101036586039 1.748308590183595e-05 [-2678.661132812,1571.858398438] 31.528644570141907 34.44441720345514 8.151201059328645 39.32391077887746 61.48893537370941 3.0930068215242477e-06 3.026509294412412e-06 -5.795402932815999e-06 5.251768032690869e-06 -6.617404077131701e-06 5.75873761037965e-06
73.80227617199486 -56.56834400440204 1.2890625 0.8779297 [73.80227617199486,-56.56834400440204] 10.701909430612888 0.33841620681568896 0.0013899850708830087 1.7481149712384096e-05 [-2673.33203125,1571.293457031] 31.528644570141907 34.44441720345514 8.151201059328645 39.358891080471494 61.498264400632934 3.017032843308726e-06 2.9804666524442606e-06 -5.871376911031521e-06 5.295597832399267e-06 -6.6933780553472215e-06 5.804625587233965e-06
