data_processed/hvc_rms/hvc_rms_index_20_with_B.ecsv
# %ECSV 1.0
# ---
# datatype:
# - {name: ra_dec_obj.ra, unit: deg, datatype: float64}
# - {name: ra_dec_obj.dec, unit: deg, datatype: float64}
# - {name: 'H-alpha flux [Error]', unit: R, datatype: float32}
# - {name: H-alpha flux, unit: R, datatype: float32}
# - {name: ra_dec_deg, datatype: string, subtype: 'float64[2]'}
# - {name: RM, unit: rad / m2, datatype: float64}
# - {name: RM_uncert, unit: rad / m2, datatype: float64}
# - {name: pol_int, datatype: float64}
# - {name: pol_int_uncert, datatype: float64}
# - {name: ra_dec_pix_offsets, datatype: string, subtype: 'float64[2]'}
# - {name: interpolation_raw, unit: rad / m2, datatype: float64}
# - {name: interpolation_cor, unit: rad / m2, datatype: float64}
# - {name: interpolation_unc, unit: rad / m2, datatype: float64}
# - {name: pixel location x, datatype: float64}
# - {name: pixel location y, datatype: float64}
# - {name: 'B_virtual [raw]', unit: G, datatype: float64}
# - {name: 'B_virtual_unc [raw]', unit: G, datatype: float64}
# - {name: 'B_virtual [int]', unit: G, datatype: float64}
# - {name: 'B_virtual_unc [int]', unit: G, datatype: float64}
# - {name: 'B_virtual [cor]', unit: G, datatype: float64}
# - {name: 'B_virtual_unc [cor]', unit: G, datatype: float64}
# meta: !!omap
# - __serialized_columns__:
#     ra_dec_obj:
#       __class__: astropy.coordinates.sky_coordinate.SkyCoord
#       dec: !astropy.table.SerializedColumn
#         __class__: astropy.coordinates.angles.Latitude
#         unit: &id001 !astropy.units.Unit {unit: deg}
#         value: !astropy.table.SerializedColumn {name: ra_dec_obj.dec}
#       frame: icrs
#       ra: !astropy.table.SerializedColumn
#         __class__: astropy.coordinates.angles.Longitude
#         unit: *id001
#         value: !astropy.table.SerializedColumn {name: ra_dec_obj.ra}
#         wrap_angle: !astropy.coordinates.Angle
#           unit: *id001
#           value: 360.0
#       representation_type: spherical
# schema: astropy-2.0
ra_dec_obj.ra ra_dec_obj.dec "H-alpha flux [Error]" "H-alpha flux" ra_dec_deg RM RM_uncert pol_int pol_int_uncert ra_dec_pix_offsets interpolation_raw interpolation_cor interpolation_unc "pixel location x" "pixel location y" "B_virtual [raw]" "B_virtual_unc [raw]" "B_virtual [int]" "B_virtual_unc [int]" "B_virtual [cor]" "B_virtual_unc [cor]"
177.4477079140603 -65.64891056822657 4.6875 34.9375 [177.4477079140603,-65.64891056822657] 371.5575157190246 2.04050192820561 0.00024068315292847 1.8251199182253606e-05 [2414.899902344,1404.513671875] 46.226057798743696 71.93371658225144 29.03841603464979 2.587440607194594 30.452926415481897 1.6604613535688284e-05 1.8921511938980717e-06 1.4538807321161408e-05 2.1103594926135256e-06 1.3389952242341557e-05 2.0122931156211304e-06
180.2407073532766 -63.07048808387282 5.90625 47.0 [180.2407073532766,-63.07048808387282] 0.05473561483548744 0.6748299708036279 0.001102998643226817 2.7661647569917263e-05 [4921.551147461,-3062.771484375] 390.8752692476586 314.9731915287184 174.1765050009671 35.920830724766574 22.96085344948483 2.1089666205312533e-09 2.709609481540325e-07 -1.5058339301150118e-05 6.916883093176151e-06 -1.2133827558305305e-05 6.8472750416949965e-06
180.22070308533876 -63.0687751853067 5.90625 47.0 [180.22070308533876,-63.0687751853067] 0.2926713883376789 1.3471515901035427 0.0005497028326965887 2.752029888009319e-05 [4905.622558594,-3067.392578125] 390.8752692476586 314.9731915287184 174.1765050009671 35.919835683851716 23.071505560779087 1.127664667043304e-08 2.74662456445001e-07 -1.5049171621100216e-05 6.916788594264553e-06 -1.2124659878255402e-05 6.847226757073476e-06
179.83522023555392 -65.89984895719617 4.59375 33.828125 [179.83522023555392,-65.89984895719617] 258.5169304568658 1.9369259785676143 0.00029642093238808735 2.1336864353115636e-05 [4140.925537109,1978.783447266] 35.8392534612792 57.19375990707935 31.80652254826024 2.2243096603854156 18.300302577365983 1.1740826260830927e-05 1.3641364834618198e-06 1.011314776618405e-05 1.86960188531716e-06 9.14330973807948e-06 1.8050042125861463e-06
177.3191985155509 -64.86019897932918 5.15625 39.671875 [177.3191985155509,-64.86019897932918] 352.26394934404374 3.0519701118624423 0.00016232282759881406 1.841062697677339e-05 [2389.970214844,-18.19873046875] 75.06873390713336 153.171115689524 43.004428541650256 11.626849592455528 33.33537310511679 1.4773230383845255e-05 1.6709526623715836e-06 1.1625001044173233e-05 2.2406709294299843e-06 8.349546710152253e-06 2.052888565049635e-06
179.15611252470052 -65.98552709460832 4.4375 32.265625 [179.15611252470052,-65.98552709460832] 212.69398386857162 2.5029209946394344 0.00021956494423577814 2.042296749720296e-05 [3631.738525391,2090.730712891] 42.76720911661064 57.99172460802261 30.19266071469779 0.5335218888387772 21.34522082055446 9.89085417879284e-06 1.172400675431335e-06 7.902061542007593e-06 1.7005576826945404e-06 7.1940797743550686e-06 1.659754966231773e-06
175.71908559936605 -64.0297851531427 6.125 49.15625 [175.71908559936605,-64.0297851531427] 763.333807749827 0.22400168596186895 0.002351332542336902 1.9573750344724058e-05 [1203.326171875,-1557.412109375] 176.3060251492616 221.02266531648945 96.90083749860688 19.197211672254753 43.86078754445657 2.875899859519157e-05 3.1589946087646227e-06 2.2116577313553306e-05 4.388454556310419e-06 2.043185461596716e-05 4.289484227327667e-06
174.01991257457442 -63.86643588193241 20.125 188.625 [174.01991257457442,-63.86643588193241] 1221.3290565936743 0.14255248242522245 0.003765658914115339 1.9949153298507675e-05 [-136.666015625,-1865.70703125] 175.97767647601873 233.8295346215799 116.80324354264042 18.61844906017177 53.01583250209296 2.3489928633653086e-05 2.461260512310308e-06 2.010533458078841e-05 3.080490373652808e-06 1.8992664730000153e-05 3.002206098725075e-06
174.01312261584474 -63.86816418559188 20.125 188.625 [174.01312261584474,-63.86816418559188] 1220.0282650645747 0.912826398196258 0.0005920251122482101 2.0083390050637467e-05 [-142.0405273438,-1862.581542969] 175.97767647601873 233.8295346215799 116.80324354264042 18.588262660319288 53.044258498830686 2.3464910396331338e-05 2.458708120810345e-06 2.008031634346666e-05 3.078752502506553e-06 1.8967646492678398e-05 3.0005244357117776e-06
177.73951724753758 -65.46470628595159 4.90625 37.046875 [177.73951724753758,-65.46470628595159] 444.75053813142887 2.8906099693613236 0.00017797990805062995 1.9119176278411736e-05 [2649.765136719,1085.123046875] 58.97346285793364 91.75373327870761 32.334286979239465 5.076266715707106 29.561755754450587 1.9301422903926766e-05 2.1815412285658217e-06 1.6742074124918382e-05 2.3614738682145783e-06 1.5319465700531344e-05 2.237659640947188e-06
175.0565488702507 -62.65880229298031 18.5 173.5 [175.0565488702507,-62.65880229298031] -15.796450009465389 2.9313773604172066 0.00023235587281443185 2.531244438405797e-05 [714.4306640625,-4033.838867188] 396.0647850513185 296.3462753824087 195.2162837728254 34.096765937495775 51.69820057394236 -3.167804650733577e-07 1.5575493651710121e-07 -8.259424966373074e-06 4.011940681726065e-06 -6.259679716623226e-06 3.972148151224068e-06
176.51092533505326 -64.7409668084979 5.8125 46.171875 [176.51092533505326,-64.7409668084979] -9.915712638459837 0.5741488099990635 0.0008913187722907359 1.9018060542122232e-05 [1780.4453125,-259.2490234375] 95.17151295957436 172.98432277631613 51.96323078438813 12.003281942706053 37.694670609421564 -3.854639884795521e-07 2.762947410616521e-07 -4.08516690572031e-06 2.087182613838616e-06 -7.110066589725369e-06 2.182842930985517e-06
175.33302293993424 -65.44176470505548 4.9375 37.3125 [175.33302293993424,-65.44176470505548] 420.86367065170185 0.24080829079419197 0.002005535859766591 1.794777308524091e-05 [853.3974609375,977.255859375] 47.79975222151363 87.23706199942436 36.495367678379935 2.336671596917995 41.2652937362559 1.8199644239530118e-05 2.0554048075439925e-06 1.6132612690282475e-05 2.414514709474006e-06 1.4427202939398775e-05 2.275869315798896e-06
175.32781982320557 -65.45449065102851 4.8125 36.109375 [175.32781982320557,-65.45449065102851] 398.49683401844715 0.5424889077510042 0.0008867984119807171 1.7878228041262486e-05 [849.0932617188,1000.087890625] 46.40285924645042 83.54817124233455 36.219961651529005 2.1826031716816487 41.24923906382787 1.7517153023123963e-05 1.985785210501497e-06 1.547737273695756e-05 2.3736708571352164e-06 1.3844536391026983e-05 2.2436345647247007e-06
175.32536297657765 -65.45355984165097 4.84375 36.328125 [175.32536297657765,-65.45355984165097] 402.1178993330659 0.466556933361457 0.0010317247234013626 1.788863441645634e-05 [847.2866210938,998.3798828125] 46.289391375833254 83.86484622670395 36.111750667202955 2.190072221485252 41.26406573477493 1.762302866840249e-05 1.997616993048152e-06 1.559437171825878e-05 2.37693494957443e-06 1.394760762453542e-05 2.2448940299866275e-06
175.3313293917798 -65.443458494118 4.9375 37.3125 [175.3313293917798,-65.443458494118] 422.2440339406135 0.5196428538350674 0.0009305424115464798 1.7970072705650547e-05 [852.0756835938,980.28125] 47.79975222151363 87.23706199942436 36.495367678379935 2.314824565245999 41.26797647683384 1.8259336065010322e-05 2.06209618732911e-06 1.6192304515762676e-05 2.419577220746383e-06 1.4486894764878978e-05 2.280682650687832e-06
173.99482696209012 -64.88343821153843 5.625 44.265625 [173.99482696209012,-64.88343821153843] 285.30898375334465 2.031085277134554 0.00024330109606063443 1.8364576880084974e-05 [-150.830078125,-35.1552734375] 86.55743184043934 132.78166397534835 46.23270213740775 6.8936492473849285 49.623210188640996 1.132741418719119e-05 1.2810284472273634e-06 7.890887693921478e-06 2.0515063893538755e-06 6.0556807684723615e-06 1.97434433245427e-06
176.39541616329475 -65.08519749858118 5.375 41.734375 [176.39541616329475,-65.08519749858118] -77.04198103067704 2.894552202039445 0.00016932479499153912 1.821422293710617e-05 [1670.233886719,356.822265625] 79.16280122111068 139.23712701695987 41.24468137587945 7.85758133851823 37.22311117374761 -3.15013465715255e-06 4.663243011204851e-07 -6.386986570197231e-06 1.8546110812976339e-06 -8.843338459944514e-06 1.9742710908382224e-06
177.59364324074141 -64.26211548430777 6.03125 48.40625 [177.59364324074141,-64.26211548430777] 466.5363669100657 3.0162372643801856 0.00017708234477149739 1.9849495277925947e-05 [2657.152587891,-1082.357910156] 147.7573998558109 227.61544568966877 65.46429140495295 18.934759334189266 33.659356834000164 1.771264495946994e-05 1.9602702652049414e-06 1.2102847847372727e-05 2.8312727393533675e-06 9.070935839353691e-06 2.6920170515195225e-06
179.5267028199431 -65.22480783478136 5.09375 39.078125 [179.5267028199431,-65.22480783478136] 436.63511975643655 0.1454324933225626 0.004032137458806091 2.1792421091310964e-05 [4018.023681641,748.49609375] 65.67112441060382 128.48042753943812 38.15178641213936 9.844458614513997 21.45128682024938 1.8450172867499935e-05 2.0714185258113597e-06 1.567521606041897e-05 2.391739725408761e-06 1.3021186533292016e-05 2.1863231645234065e-06
176.06019571468823 -65.67873391848775 4.625 34.125 [176.06019571468823,-65.67873391848775] 219.90183613520594 1.4930267145017875 0.0003226008147387033 1.789953470003118e-05 [1384.564453125,1416.5078125] 40.397722339491416 72.21730651785161 31.6270996250738 0.5433644988841024 37.025467404869005 9.943543084279297e-06 1.1660503637366872e-06 8.116834860058269e-06 1.7280570215372828e-06 6.678013739861533e-06 1.6480294340913872e-06
176.07165534922356 -65.67838276371884 4.625 34.125 [176.07165534922356,-65.67838276371884] 223.09250411920516 2.4444230834025116 0.00019756162202456054 1.7946826427510688e-05 [1393.07421875,1416.127441406] 40.397722339491416 72.21730651785161 31.6270996250738 0.562030006599116 36.971716952453335 1.0087819026327457e-05 1.1849109226852256e-06 8.261110802106428e-06 1.7389167514268126e-06 6.8222896819096906e-06 1.657824462218785e-06
174.801681812306 -64.277763421067 5.46875 42.53125 [174.801681812306,-64.277763421067] 409.1336539104987 3.230648699314321 0.000161705688682306 1.9414389433630865e-05 [476.0732421875,-1123.302734375] 143.47262186424598 191.6330769527324 81.19599993249906 15.03896296749599 47.684566804705355 1.6571421553273698e-05 1.8592816415565412e-06 1.0760251351210682e-05 3.5113693261094446e-06 8.809575341450307e-06 3.444229187763414e-06
177.60310361149646 -63.311695085468294 7.5 62.84375 [177.60310361149646,-63.311695085468294] -0.4736550492249296 1.9312140497129804 0.0003029224692659609 2.17405538514687e-05 [2755.813232422,-2789.912109375] 322.408947268902 271.0620989074342 138.29030926611605 30.033902622208416 36.284783264296266 -1.578264395903316e-08 2.4196667069757026e-07 -1.0758760328411762e-05 4.758323452145381e-06 -9.047833721731223e-06 4.716618256603712e-06
179.89643859326816 -64.41657248656267 4.75 35.578125 [179.89643859326816,-64.41657248656267] 540.502474979477 3.0345135028408436 0.00020060125844453887 2.2622022535242194e-05 [4426.452880859,-676.1264648438] 143.57310774276084 228.21118569787296 69.86842066233724 19.724535494213114 21.568281685503962 2.393617728525512e-05 2.7033482329998793e-06 1.7578035520120286e-05 3.683404518411337e-06 1.3829834294781344e-05 3.4769698605187978e-06
176.19778455186437 -65.56981668821501 4.71875 35.15625 [176.19778455186437,-65.56981668821501] 275.73505789239516 2.8684545242058515 0.00016689668383447004 1.7791164684395928e-05 [1492.750976562,1223.690917969] 43.533580874039764 80.37648434049804 32.60331777644305 1.981502883445728 36.70175976552241 1.2283987036000903e-05 1.4196700216327687e-06 1.034456755421672e-05 1.88997706452127e-06 8.703217513311788e-06 1.7826844624383777e-06
176.18589791586277 -65.56285102060193 4.75 35.578125 [176.18589791586277,-65.56285102060193] 279.162231096475 1.9581545861057517 0.00024549758923524313 1.786499541255521e-05 [1484.304199219,1210.880371094] 43.95155831405451 80.85615062151743 33.13260437401497 2.0472201364486864 36.78033113636616 1.2362712409644941e-05 1.4222021653178417e-06 1.041631560210325e-05 1.902331066963868e-06 8.78199401246569e-06 1.7958002791607432e-06
177.49389660693097 -64.0090789895756 5.65625 44.546875 [177.49389660693097,-64.0090789895756] 1.9957804092103617 2.843516793144687 0.00018615214549710956 1.9671276670453124e-05 [2602.912597656,-1541.29296875] 193.78994584335246 264.0012633917605 84.47118436799393 21.763163741148674 34.88191834905206 7.898648139534874e-08 2.9914859544661386e-07 -7.5905877269304e-06 3.458990808378693e-06 -1.036932275293181e-05 3.5454198434781247e-06
179.6323394799151 -65.16061392117278 5.5625 43.59375 [179.6323394799151,-65.16061392117278] 593.7044560108594 1.796366973256268 0.00033305238472450266 2.2233934024881627e-05 [4107.295654297,640.1494140625] 66.98160836042513 131.93864819679024 38.66908067990558 10.707345137690936 21.08791072289364 2.3752363341414165e-05 2.6362465863019038e-06 2.107262684480949e-05 2.8073517404205343e-06 1.847388736061765e-05 2.57496870572303e-06
180.40556330847312 -64.02548988274899 4.78125 35.75 [180.40556330847312,-64.02548988274899] 515.3221986990401 0.1957155365064563 0.003569307902398903 2.5960796886803864e-05 [4888.640991211,-1339.457519531] 204.5793392458947 254.3879887000936 100.6533093127612 24.84706067431921 19.881160281943266 2.2766143147085872e-05 2.5712988710357982e-06 1.372814219551352e-05 4.715740652520946e-06 1.1527672574177516e-05 4.641071329614041e-06
176.73616049434685 -63.25202577468304 12.3125 111.0 [176.73616049434685,-63.25202577468304] 581.8637274961823 0.20433714588268495 0.002799937181144643 2.12620097940416e-05 [2060.14453125,-2930.141601562] 326.3495951370026 290.0884799001981 145.43187025576492 29.60285531240538 40.99806003164326 1.4588425759124198e-05 1.552201172798104e-06 6.40622326875219e-06 3.7127677387542264e-06 7.315358110086049e-06 3.731495987421894e-06
176.77990732155155 -63.249755983329024 12.3125 111.0 [176.77990732155155,-63.249755983329024] 574.9229840029526 2.00492512651311 0.0002867492856827094 2.136531038893311e-05 [2095.713867188,-2932.786132812] 326.3495951370026 290.0884799001981 145.43187025576492 29.6875840853138 40.7757663141133 1.4414408173254368e-05 1.5347389740358333e-06 6.232205682882362e-06 3.7097931687122177e-06 7.141340524216222e-06 3.728062119673702e-06
179.62551871984465 -64.40015416887778 4.875 36.640625 [179.62551871984465,-64.40015416887778] 687.3777089364113 3.0663046684733595 0.00019215653351188896 2.189672493760135e-05 [4219.387695312,-724.0712890625] 145.41349236129568 231.0250349313651 67.89467726880389 19.63406924345304 22.984404906612326 2.99959514436392e-05 3.3735935311571213e-06 2.36503629856304e-05 3.986908379008722e-06 1.9914426191985528e-05 3.7224783421528517e-06
179.92747487527117 -63.943038891021374 4.75 35.4375 [179.92747487527117,-63.943038891021374] 734.5113612225573 2.2539682320842522 0.0002878372693313728 2.4110350272879703e-05 [4527.11328125,-1522.763183594] 222.21854488451046 267.4603375896334 103.77812208427667 25.325054865983702 22.54358720283153 3.259234537479028e-05 3.671790676494489e-06 2.273188038279299e-05 5.274316277780722e-06 2.072437415339207e-05 5.169133134271932e-06
179.42460617447543 -62.55059792022297 6.96875 57.546875 [179.42460617447543,-62.55059792022297] 1.636349964525177 1.9964438046652067 0.0003735873292029439 2.771774733019104e-05 [4335.374511719,-4054.0078125] 413.99228154380114 325.128175778298 161.4648973720503 41.13482502136685 28.59652050341515 5.6978885883759505e-08 2.53540030197295e-07 -1.4358530924504693e-05 5.839568757366508e-06 -1.1264218673858365e-05 5.759139623423532e-06
179.4868164314698 -62.51502999966726 6.9375 57.390625 [179.4868164314698,-62.51502999966726] 0.8886336993978255 1.328670572007588 0.0005709000238155816 2.8189416114356412e-05 [4392.015625,-4113.46875] 414.14066330084364 331.108042314714 160.52735001336669 41.623496523632184 28.347655492515287 3.098495971691201e-08 2.4845721428366307e-07 -1.4409308918635256e-05 5.8164908247546664e-06 -1.1514120025632144e-05 5.740161659275969e-06
