data_processed/hvc_rms/hvc_rms_index_25.ecsv
# %ECSV 1.0
# ---
# datatype:
# - {name: ra_dec_obj.ra, unit: deg, datatype: float64}
# - {name: ra_dec_obj.dec, unit: deg, datatype: float64}
# - {name: 'H-alpha flux [Error]', unit: R, datatype: float32}
# - {name: H-alpha flux, unit: R, datatype: float32}
# - {name: ra_dec_deg, datatype: string, subtype: 'float64[2]'}
# - {name: RM, unit: rad / m2, datatype: float64}
# - {name: RM_uncert, unit: rad / m2, datatype: float64}
# - {name: pol_int, datatype: float64}
# - {name: pol_int_uncert, datatype: float64}
# - {name: ra_dec_pix_offsets, datatype: string, subtype: 'float64[2]'}
# - {name: interpolation_raw, unit: rad / m2, datatype: float64}
# - {name: interpolation_cor, unit: rad / m2, datatype: float64}
# - {name: interpolation_unc, unit: rad / m2, datatype: float64}
# - {name: interpolation_cor_unc, unit: rad / m2, datatype: float64}
# - {name: HI, unit: dex(1 / cm2), datatype: float64}
# - {name: 'HI [Error]', unit: dex(1 / cm2), datatype: float64}
# - {name: pixel location x, datatype: float64}
# - {name: pixel location y, datatype: float64}
# meta: !!omap
# - __serialized_columns__:
#     ra_dec_obj:
#       __class__: astropy.coordinates.sky_coordinate.SkyCoord
#       dec: !astropy.table.SerializedColumn
#         __class__: astropy.coordinates.angles.Latitude
#         unit: &id001 !astropy.units.Unit {unit: deg}
#         value: !astropy.table.SerializedColumn {name: ra_dec_obj.dec}
#       frame: icrs
#       ra: !astropy.table.SerializedColumn
#         __class__: astropy.coordinates.angles.Longitude
#         unit: *id001
#         value: !astropy.table.SerializedColumn {name: ra_dec_obj.ra}
#         wrap_angle: !astropy.coordinates.Angle
#           unit: *id001
#           value: 360.0
#       representation_type: spherical
# schema: astropy-2.0
ra_dec_obj.ra ra_dec_obj.dec "H-alpha flux [Error]" "H-alpha flux" ra_dec_deg RM RM_uncert pol_int pol_int_uncert ra_dec_pix_offsets interpolation_raw interpolation_cor interpolation_unc interpolation_cor_unc HI "HI [Error]" "pixel location x" "pixel location y"
[from data line 1826]
257.3540342717691 -66.56545261936795 1.71875 5.189453 [257.3540342717691,-66.56545261936795] 60.631194836433735 1.8619228419129519 0.00026244321909128896 1.8159577462620853e-05 [1339.541503906,3011.59765625] 16.055374562808378 22.311662076845394 13.601480715034846 14.92153974909429 0.0 0.0 60.910151502211306 90.48654786389875
257.3588259496858 -66.56690980492336 1.71875 5.189453 [257.3588259496858,-66.56690980492336] 61.84893013346554 0.759113581134736 0.0006437556208502468 1.8160863682363006e-05 [1342.891113281,3014.319824219] 16.055374562808378 22.311662076845394 13.601480715034846 14.92153974909429 0.0 0.0 60.88142946223206 90.48854905512826
259.56179803244754 -65.98405450001098 1.7734375 5.720703 [259.56179803244754,-65.98405450001098] 104.43218473196457 2.955454300388898 0.00017569565595889993 1.9297185660806504e-05 [2985.900878906,2041.835693359] 19.87687602523914 18.538437809476854 12.953442202905206 13.119900153635648 0.0 0.0 55.7066316200802 78.4119538952923
252.40228256432172 -65.4098587893705 1.9609375 7.6367188 [252.40228256432172,-65.4098587893705] 60.2473685652924 2.9512189679631287 0.0001623948403872197 1.7810756383508413e-05 [-2306.0703125,968.349609375] 27.63997522749088 22.947438121293917 16.47416998877531 15.439292279708592 0.0 0.0 88.6220345613541 93.48045874521426
257.1052243694506 -65.98577112480416 1.8125 6.1367188 [257.1052243694506,-65.98577112480416] 30.621667286674978 3.0577595506896666 0.00015636917104703158 1.776900740563776e-05 [1188.538574219,1963.906982422] 18.26418780512632 20.757264992028258 13.940021949022274 15.022593681712221 0.0 0.0 65.77240933926146 85.1828825666721
261.3438416601479 -65.85841375807856 1.6484375 4.4472656 [261.3438416601479,-65.85841375807856] 99.07598581463141 3.1490742354675474 0.000180417842007534 2.1114027640267328e-05 [4307.518554688,1919.092773438] 17.214858428412775 18.322588224476135 13.628894802326498 11.937760601426934 0.0 0.0 49.011874864415745 72.38046186689621
259.0424498472093 -63.13751974204473 1.8828125 6.8320312 [259.0424498472093,-63.13751974204473] 88.142041876888 0.20010929418624324 0.002709433390916056 2.0149043851155962e-05 [2893.442626953,-3096.173828125] 17.72165244572241 14.023873371641493 12.730840240907746 18.340876372644917 0.0 0.0 76.25159496402352 50.023199202476235
259.05804436177806 -63.13826364682699 1.8203125 6.2226562 [259.05804436177806,-63.13826364682699] 85.53478739603229 2.9892445345482788 0.000182368786711081 2.025912368156845e-05 [2906.027099609,-3094.123046875] 17.972068181724598 14.184642585458011 12.523259964024307 18.01740228384766 0.0 0.0 76.17574453160591 49.9835778245922
254.69363391158387 -64.30855567170822 2.140625 9.402344 [254.69363391158387,-64.30855567170822] 195.59463826224945 1.9797373755445693 0.00024227310717012313 1.7824669851199205e-05 [-615.6372070312,-1066.312011719] 24.920241994779893 20.364623998792002 15.763426032229594 17.260774195538605 0.0 0.0 87.29427749998592 75.41919857841754
256.7687683062463 -62.573982172913034 2.25 10.472656 [256.7687683062463,-62.573982172913034] 134.50099813754272 0.6830791640202293 0.0009294546594446003 2.3594346351682118e-05 [1066.200195312,-4180.442382812] 20.553996546185672 16.289257341671643 16.330208478252807 17.063326610274675 0.0 0.0 90.3541964270978 51.390444294389226
259.6841735373632 -65.35737608059097 1.734375 5.3242188 [259.6841735373632,-65.35737608059097] 121.22004349455887 0.26524859537020423 0.001924589939865168 1.8971427359150707e-05 [3150.599853516,922.28125] 17.88212043951328 19.385469062211826 15.73912124883881 14.723072342067834 18.490015029907227 9.245007514953613 59.159627337480174 71.44365631826668
259.67465221301114 -65.35597229156508 1.734375 5.3242188 [259.67465221301114,-65.35597229156508] 122.96035906721717 0.449938319663353 0.001141257537783245 1.9082942610795436e-05 [3143.640869141,919.2866210938] 17.88212043951328 19.385469062211826 15.73912124883881 14.723072342067834 18.490015029907227 9.245007514953613 59.20898180119764 71.45491265886244
258.0435180733673 -66.10260015063115 1.75 5.4921875 [258.0435180733673,-66.10260015063115] 36.34996978936539 2.461602830780859 0.0001954535335686827 1.7880111066965e-05 [1866.823242188,2196.689208984] 15.205308433485483 18.83831703166289 13.412148285915107 14.441758085106567 0.0 0.0 61.18625868571735 83.77990031268519
258.8010863832896 -62.353489176879144 2.015625 8.082031 [258.8010863832896,-62.353489176879144] 84.12697704153621 2.346020251615331 0.00033227503218157017 2.8969311167612198e-05 [2770.08203125,-4515.173828125] 14.945326892124223 12.034076396077815 14.799433751015867 17.168101015657186 0.0 0.0 82.49784786158943 42.647994700209665
253.72938552364204 -65.63818366450634 1.859375 6.5546875 [253.72938552364204,-65.63818366450634] 48.629745194837355 0.3346596036733268 0.001379406683423325 1.7155537182299075e-05 [-1301.493652344,1341.172851562] 26.022798247077436 23.60716025495757 15.508596204674747 15.993794425199322 0.0 0.0 81.71783855829119 91.59319383420939
253.7495728583781 -65.63645930266719 1.859375 6.5546875 [253.7495728583781,-65.63645930266719] 46.8514701938812 0.4613975405747969 0.0010009161531232766 1.716254450745433e-05 [-1286.597167969,1337.657226562] 26.022798247077436 23.60716025495757 15.508596204674747 15.993794425199322 0.0 0.0 81.65027933966076 91.51447155420487
259.7493898110831 -66.69400786272426 1.6953125 4.955078 [259.7493898110831,-66.69400786272426] 65.98016430626548 0.7199115409197326 0.0007516834619731474 2.01104984179231e-05 [3035.904541016,3325.459960938] 16.294372282082396 16.631343918505546 11.864353379503005 11.886331400781016 0.0 0.0 50.46747382354761 85.46634117497865
259.7455443516781 -66.69387051874497 1.6953125 4.955078 [259.7455443516781,-66.69387051874497] 66.05047918589979 0.7248557011802689 0.000747014438387461 2.012283926760915e-05 [3033.190429688,3325.029052734] 16.294372282082396 16.631343918505546 11.864353379503005 11.886331400781016 0.0 0.0 50.48390436130944 85.47481007384204
256.7843933731341 -63.40128343760967 2.234375 10.285156 [256.7843933731341,-63.40128343760967] 158.6119576982742 3.144682526207133 0.00015671475305271444 1.831451377780104e-05 [1049.040527344,-2692.190429688] 18.37169225513925 14.734044420365205 15.828711394410085 18.080543776454924 0.0 0.0 84.6174509849667 59.71344197630742
256.61608881520146 -63.84741976153915 1.984375 7.8515625 [256.61608881520146,-63.84741976153915] 120.1024154433617 1.0173773938455548 0.0004704955551119495 1.7788786035352773e-05 [899.2133789062,-1892.08203125] 24.661163834971543 18.230770937244877 15.413792669215525 18.71765791070513 0.0 0.0 82.30341369161226 64.7642873754005
258.1888735166771 -66.04217524778582 1.78125 5.8007812 [258.1888735166771,-66.04217524778582] 86.25657329573383 2.8966181571869076 0.0001642575347045259 1.768175025833005e-05 [1977.393554688,2092.455566406] 16.297236779312378 18.929247382063636 13.590371316841708 14.479596172706907 0.0 0.0 60.98832160539985 82.74934290272131
255.78947443143878 -63.58310315824026 2.203125 10.035156 [255.78947443143878,-63.58310315824026] 104.00498762469061 2.4248988945190093 0.00020300985044161154 1.829445389470241e-05 [245.7319335938,-2375.1953125] 21.583910762842216 16.026084372922178 16.300933291289294 17.867840040491053 0.0 0.0 87.721020253083 64.69741717334
258.63497899888625 -64.87709796205691 1.8828125 6.8378906 [258.63497899888625,-64.87709796205691] 70.05879620717899 3.1620221247221916 0.00014932981235499829 1.7547697006883474e-05 [2407.895996094,13.14697265625] 21.5302149578721 18.26677043274909 15.541896923000577 16.139209691147286 17.756540298461914 8.878270149230957 66.71904416370342 69.33662764808219
258.0642092942936 -66.15939325785949 1.78125 5.8359375 [258.0642092942936,-66.15939325785949] 58.88080292858555 1.3418083419445082 0.0003586224704246002 1.7882848142576305e-05 [1877.687011719,2299.420166016] 15.313345985949452 19.433359912704773 13.31465412674247 14.37981631484868 0.0 0.0 60.730219924431935 84.31550356452703
261.24996954706063 -63.00357061173819 1.9296875 7.2929688 [261.24996954706063,-63.00357061173819] -1.2760286611310534 0.26690116712128414 0.0024654930381022054 2.445473475136154e-05 [4704.432250977,-3204.01953125] 13.339936404115388 13.890189869480729 12.184448418056476 15.10014572686926 0.0 0.0 66.92875981564885 42.04864011824907
261.25326544255483 -63.00458934863844 1.9296875 7.2929688 [261.25326544255483,-63.00458934863844] -1.3884468458346801 0.39730881338589374 0.0016524230346212938 2.439821997085096e-05 [4706.947387695,-3201.94921875] 13.339936404115388 13.890189869480729 12.184448418056476 15.10014572686926 0.0 0.0 66.90707272482518 42.0498788081818
261.2819214143322 -63.00081245526357 1.9296875 7.2929688 [261.2819214143322,-63.00081245526357] 82.25678114322496 0.19818733945141997 0.0033634816926722115 2.4772719140895758e-05 [4730.853637695,-3206.579101562] 13.339936404115388 13.890189869480729 12.184448418056476 15.10014572686926 0.0 0.0 66.7967789622536 41.92630649876082
261.2702331211932 -63.00305155615405 1.9296875 7.2929688 [261.2702331211932,-63.00305155615405] 82.14029096927884 1.0093754972778468 0.0006546643061111877 2.4557272189206035e-05 [4720.989135742,-3203.440429688] 13.339936404115388 13.890189869480729 12.184448418056476 15.10014572686926 0.0 0.0 66.83744653305223 41.98413646022095
259.64968879188694 -63.66344462918597 1.7890625 5.8789062 [259.64968879188694,-63.66344462918597] 80.1424994287584 2.7979839041434147 0.00019155199337320478 1.9917764391920155e-05 [3324.715087891,-2121.737304688] 15.098855582789318 16.774357744436415 12.864201747376896 16.62853744522858 17.828632354736328 8.914316177368164 70.1035534557808 53.6990291196812
258.21188379858523 -67.13111111911458 1.7734375 5.7304688 [258.21188379858523,-67.13111111911458] 70.33788837027349 0.8099976144573934 0.0007630139166540911 2.2968091104106424e-05 [1908.5859375,4050.541015625] 14.082956001869354 17.465859944640677 11.588234421098559 12.277391028399302 0.0 0.0 53.81105249020584 94.09377593081535
258.2226562977393 -67.13233948339925 1.7734375 5.7304688 [258.2226562977393,-67.13233948339925] 66.68798114004503 1.6786700540765342 0.0003687876474168687 2.3006492480728168e-05 [1916.015625,4053.073730469] 14.082956001869354 17.465859944640677 11.588234421098559 12.277391028399302 0.0 0.0 53.7608121907831 94.07845504267107
258.663146993818 -64.4320372820709 1.96875 7.673828 [258.663146993818,-64.4320372820709] 133.82619971979153 2.4407909908193806 0.00019840206849020217 1.799639390645398e-05 [2469.542480469,-785.8671875] 18.611719593233712 14.458677902858351 15.306537279821955 17.136149883449132 17.32763671875 8.663818359375 69.498177623831 64.6165416318338
253.3203276886085 -65.76605990168613 1.984375 7.8671875 [253.3203276886085,-65.76605990168613] 60.57024228071473 2.021969583314741 0.00022737920016879302 1.7085750329009126e-05 [-1597.119140625,1580.594726562] 23.144400822814255 21.51244284401261 14.904366281761078 15.230939050507823 0.0 0.0 82.40673088515075 94.1055527231797
257.3980103981268 -64.60300434074148 1.921875 7.251953 [257.3980103981268,-64.60300434074148] 119.44805432044537 3.090400525001771 0.0001546729137407343 1.7763876246346392e-05 [1478.437011719,-517.8208007812] 24.267988152352608 19.522827078165463 15.581998144376648 17.35861561796989 0.0 0.0 73.81740058622199 70.1037301439851
256.3684389242337 -63.84735872400203 2.140625 9.417969 [256.3684389242337,-63.84735872400203] 194.49779302171513 1.9134526783469978 0.00025199855553966816 1.7919441951720404e-05 [702.7666015625,-1895.323242188] 23.3564458480215 16.919384635994042 15.612013168292256 18.897239901425575 0.0 0.0 83.37842905282196 65.53424734567625
256.3698426457234 -63.84883510748873 2.140625 9.417969 [256.3698426457234,-63.84883510748873] 197.10125465585133 2.916122999435255 0.0001661521786715487 1.8006138307220538e-05 [703.8432617188,-1892.650878906] 23.3564458480215 16.919384635994042 15.612013168292256 18.897239901425575 0.0 0.0 83.36218933972805 65.54480134592245
254.00193783918098 -64.44334424802756 2.1875 9.878906 [254.00193783918098,-64.44334424802756] -58.0063553405197 1.1316221799318043 0.00042412965581372345 1.7836465343714585e-05 [-1149.631347656,-814.0776367188] 27.27768456505098 22.07696680679922 17.115672424814218 16.794109114575228 0.0 0.0 89.21329080765713 78.9495344793063
256.4469912672553 -65.71386720521075 1.6875 4.90625 [256.4469912672553,-65.71386720521075] 33.38863902361597 2.869203447569687 0.0001599428402467843 1.705433741298642e-05 [713.9921875,1464.756835938] 15.72578065544592 18.203408595738928 15.116233053349893 16.23128735049752 16.77519416809082 8.38759708404541 70.27946539174559 84.2718109284458
257.4316712533339 -64.88549048511834 2.015625 8.152344 [257.4316712533339,-64.88549048511834] 129.23719584947509 1.2707603827488725 0.0003663559326050934 1.7301174986223315e-05 [1488.777832031,-8.7958984375] 26.978688923092847 22.08875966201923 15.921640239689339 16.793864681626122 0.0 0.0 71.78291238325107 72.90917309638257
257.4332582762483 -64.88699335197731 2.015625 8.152344 [257.4332582762483,-64.88699335197731] 127.92611640491177 1.2716482649803327 0.00036635191281408187 1.7313073376318068e-05 [1489.90625,-6.0546875] 26.978688923092847 22.08875966201923 15.921640239689339 16.793864681626122 0.0 0.0 71.76615029446248 72.91998756136695
257.8088987360102 -63.716068349765976 1.9375 7.3476562 [257.8088987360102,-63.716068349765976] 69.57494210308083 0.3155713949636646 0.0015898335808545159 1.864481157766681e-05 [1853.714355469,-2102.459472656] 18.095152309863455 16.81568389215311 14.93843671784519 18.627024512214817 0.0 0.0 77.96660288476903 59.754633361760625
257.8126833667396 -63.722702048278684 1.9375 7.3476562 [257.8126833667396,-63.722702048278684] 72.0468622883618 0.6934580295046441 0.0007190409976937587 1.8530303721422003e-05 [1856.293457031,-2090.418457031] 18.095152309863455 16.81568389215311 14.93843671784519 18.627024512214817 0.0 0.0 77.90560954447938 59.81128116024888
251.82591268263764 -65.27243036176944 2.0625 8.574219 [251.82591268263764,-65.27243036176944] 71.50708813389838 3.2252119709821447 0.0001538053378131935 1.8434797618167945e-05 [-2751.379882812,744.380859375] 26.83346472619289 23.305696409838887 15.846659193931561 14.439798022477188 0.0 0.0 91.9088378086625 93.98673047899547
254.49868742756607 -64.9224396728797 2.03125 8.386719 [254.49868742756607,-64.9224396728797] 158.35740146348533 1.5736569265313152 0.00029423970720771124 1.720758963778421e-05 [-750.5795898438,40.66064453125] 22.097118805087945 21.375767534393034 16.054616565565055 16.548889905995466 0.0 0.0 83.73923394543203 82.13069183861035
254.50111384929014 -64.92408753854826 2.03125 8.386719 [254.50111384929014,-64.92408753854826] 157.47774401499447 2.4466238094154003 0.0001894884600808614 1.7228944315423276e-05 [-748.6826171875,43.59765625] 22.097118805087945 21.375767534393034 16.054616565565055 16.548889905995466 0.0 0.0 83.71757534891822 82.13955290002309
258.7559511653898 -64.63033300709053 1.8984375 7.0058594 [258.7559511653898,-64.63033300709053] 101.45479082095837 3.1986424045726056 0.00015500646021950138 1.8425708331990058e-05 [2523.129882812,-425.7446289062] 19.838747376860432 15.412061293162393 15.717507133559605 16.81286146958712 17.41752052307129 8.708760261535645 67.80441780624074 66.41463885533858
258.5603635309402 -64.6772994570287 1.921875 7.220703 [258.5603635309402,-64.6772994570287] 68.92807764568256 2.965934499855645 0.00016160923364368494 1.7812973826343886e-05 [2368.419433594,-348.8696289062] 20.836697202102304 15.749508561276828 15.695936209630537 16.75343779066272 16.13555145263672 8.06777572631836 68.34209100572389 67.46858182204187
