data_processed/hvc_rms/hvc_rms_index_10_with_B.ecsv
# %ECSV 1.0
# ---
# datatype:
# - {name: ra_dec_obj.ra, unit: deg, datatype: float64}
# - {name: ra_dec_obj.dec, unit: deg, datatype: float64}
# - {name: 'H-alpha flux [Error]', unit: R, datatype: float32}
# - {name: H-alpha flux, unit: R, datatype: float32}
# - {name: ra_dec_deg, datatype: string, subtype: 'float64[2]'}
# - {name: RM, unit: rad / m2, datatype: float64}
# - {name: RM_uncert, unit: rad / m2, datatype: float64}
# - {name: pol_int, datatype: float64}
# - {name: pol_int_uncert, datatype: float64}
# - {name: ra_dec_pix_offsets, datatype: string, subtype: 'float64[2]'}
# - {name: interpolation_raw, unit: rad / m2, datatype: float64}
# - {name: interpolation_cor, unit: rad / m2, datatype: float64}
# - {name: interpolation_unc, unit: rad / m2, datatype: float64}
# - {name: pixel location x, datatype: float64}
# - {name: pixel location y, datatype: float64}
# - {name: 'B_virtual [raw]', unit: G, datatype: float64}
# - {name: 'B_virtual_unc [raw]', unit: G, datatype: float64}
# - {name: 'B_virtual [int]', unit: G, datatype: float64}
# - {name: 'B_virtual_unc [int]', unit: G, datatype: float64}
# - {name: 'B_virtual [cor]', unit: G, datatype: float64}
# - {name: 'B_virtual_unc [cor]', unit: G, datatype: float64}
# meta: !!omap
# - __serialized_columns__:
#     ra_dec_obj:
#       __class__: astropy.coordinates.sky_coordinate.SkyCoord
#       dec: !astropy.table.SerializedColumn
#         __class__: astropy.coordinates.angles.Latitude
#         unit: &id001 !astropy.units.Unit {unit: deg}
#         value: !astropy.table.SerializedColumn {name: ra_dec_obj.dec}
#       frame: icrs
#       ra: !astropy.table.SerializedColumn
#         __class__: astropy.coordinates.angles.Longitude
#         unit: *id001
#         value: !astropy.table.SerializedColumn {name: ra_dec_obj.ra}
#         wrap_angle: !astropy.coordinates.Angle
#           unit: *id001
#           value: 360.0
#       representation_type: spherical
# schema: astropy-2.0
ra_dec_obj.ra ra_dec_obj.dec "H-alpha flux [Error]" "H-alpha flux" ra_dec_deg RM RM_uncert pol_int pol_int_uncert ra_dec_pix_offsets interpolation_raw interpolation_cor interpolation_unc "pixel location x" "pixel location y" "B_virtual [raw]" "B_virtual_unc [raw]" "B_virtual [int]" "B_virtual_unc [int]" "B_virtual [cor]" "B_virtual_unc [cor]"
[from data line 734]
76.77007310366972 -56.62510303025611 1.21875 0.16491699 [76.77007310366972,-56.62510303025611] 11.395910598464756 2.0937930600341508 0.00021691946071084408 1.6878776992980715e-05 [268.4272460938,1621.933105469] 37.97158996303259 34.04440646606059 8.438382128367124 58.90858874926539 63.53587041706987 7.4125044147167185e-06 2.7806766247132416e-05 -1.728623078532168e-05 6.430346034924955e-05 -1.4731782436750985e-05 5.493258944799961e-05
78.35234857093658 -57.97621914423357 1.21875 0.1831665 [78.35234857093658,-57.97621914423357] 40.22606849499248 0.9559420141941887 0.0006286612505342195 2.23335080124402e-05 [1768.736816406,4076.060058594] 37.75565732111887 36.38523986287201 7.982634255684032 70.6015885278382 44.710685565577705 2.4827511681763042e-05 8.274362096151229e-05 1.5247366837686428e-06 8.308941111126935e-06 2.3705577328167564e-06 1.0272869358517806e-05
77.66194930788454 -58.14917755420889 1.2421875 0.4239502 [77.66194930788454,-58.14917755420889] 42.08516520171815 0.4541048849278128 0.0014255509533394415 2.4057340869906405e-05 [1104.633300781,4372.758789062] 36.97010043011677 35.96385642216829 7.919233980330862 66.4334423015016 41.65568202170334 1.7073409256552747e-05 2.5221033490587075e-05 2.075115870419832e-06 5.262798820373061e-06 2.4833360990280107e-06 5.630809747394091e-06
77.51392382075527 -56.8652877408136 1.2265625 0.28759766 [77.51392382075527,-56.8652877408136] 39.38544070555824 0.9332423414350275 0.0005070547824448677 1.7585633629438382e-05 [998.5444335938,2060.969726562] 37.534076477032386 33.168505778051326 7.851330458277342 64.0442564085048 60.52134548346203 1.9399550731983965e-05 4.155082234760632e-05 9.119012922356121e-07 5.55362554307462e-06 3.062191062561679e-06 8.352859403375515e-06
76.58564774250343 -57.68561169820907 1.2109375 0.1000061 [76.58564774250343,-57.68561169820907] 35.591035471392864 0.8823391898581588 0.0005735643024631155 1.8807297145253608e-05 [83.41162109375,3529.756591797] 35.00237208184654 32.88190798392449 8.500767879317252 59.02380918426741 47.6171098070688 2.9728705881736777e-05 0.00018010336854615462 4.917024902305857e-07 9.69602177522026e-06 2.2628971931937967e-06 1.6519336624705184e-05
78.66778554924676 -56.37996664874815 1.2265625 0.30065918 [78.66778554924676,-56.37996664874815] 8.079105668248761 0.4297872396402536 0.0010882801853429598 1.7382127941834817e-05 [2160.962402344,1213.977050781] 36.98052254757903 32.54046102582772 8.16753913333637 71.20545348783082 68.38957248817178 3.892016640939479e-06 8.634993013644712e-06 -1.392292662827183e-05 2.8896646510810672e-05 -1.1783977833807432e-05 2.4612790370379503e-05
78.66566446255653 -56.37696455933879 1.2265625 0.30065918 [78.66566446255653,-56.37696455933879] 7.96477267682215 1.0884318731458609 0.0004276576489198059 1.7298410471257515e-05 [2159.020019531,1208.510253906] 36.98052254757903 32.54046102582772 8.16753913333637 71.18911914935734 68.43268086969192 3.836938031559536e-06 8.545202967573011e-06 -1.3978005237651774e-05 2.901128545761032e-05 -1.1839056443187375e-05 2.4727427882281986e-05
73.0590360832607 -56.40262227826458 1.296875 0.9794922 [73.0590360832607,-56.40262227826458] 23.82696355291471 1.4961976247581048 0.0003252019612017358 1.8082181333336324e-05 [-3424.264648438,1306.003417969] 30.70984154054 33.421547471184276 7.479185948248187 34.19929545345758 63.10506096082463 6.359410308374766e-06 4.658523597117939e-06 -1.8370383254493884e-06 3.023431105431064e-06 -2.560791925454818e-06 3.2499050891054502e-06
74.68949935117529 -58.019439756495295 1.265625 0.64941406 [74.68949935117529,-58.019439756495295] 15.543639461413239 1.4458286794207522 0.00040721059490106344 2.1879863454261543e-05 [-1724.729492188,4152.713867188] 33.48241071022119 32.35927268242679 8.200580789594849 47.52905820800902 40.697192575153395 5.094956776859908e-06 5.508891306194522e-06 -5.880042725485594e-06 6.769382483524681e-06 -5.511896016970788e-06 6.465937539148545e-06
71.6951060783956 -58.16344068943479 1.2421875 0.41833496 [71.6951060783956,-58.16344068943479] 17.087815608816026 3.245861638486847 0.00023321201975205942 2.8131289271769003e-05 [-4555.883789062,4547.145874023] 31.58039633353337 32.493934783954856 7.121812896063271 29.10569508518165 34.423599677900256 6.978677077509931e-06 1.0847903573561865e-05 -5.918781148678071e-06 9.792527602210517e-06 -6.291870956604792e-06 1.029429220681121e-05
72.57673689560619 -57.24092109225584 1.25 0.4699707 [72.57673689560619,-57.24092109225584] 27.49220312141135 0.8416136961018796 0.0006215595538623745 1.944035735274512e-05 [-3817.249023438,2837.698974609] 33.793894755401205 33.73470867286684 8.222995614260242 32.66274046094634 49.733050091766245 1.0593093003007827e-05 1.4378623869177742e-05 -2.428121357183686e-06 5.281443840610527e-06 -2.40531621224854e-06 5.2628712035385e-06
76.22493737827592 -57.587242100417136 1.265625 0.6298828 [76.22493737827592,-57.587242100417136] 24.04607199537206 0.9935912381349227 0.0004941574699971336 1.8246594515576696e-05 [-264.38671875,3353.265380859] 34.80901689551887 32.25293201026621 8.818649469827402 56.58803699330451 48.752439896422175 8.003185777898405e-06 8.408583995299412e-06 -3.5822003514643616e-06 5.216105530738001e-06 -2.7314658861973372e-06 4.6629298662460025e-06
76.22962975220486 -57.57921602530673 1.265625 0.6298828 [76.22962975220486,-57.57921602530673] 26.57276966825352 0.48488239504668906 0.0010173988607600332 1.8333119375111208e-05 [-259.9169921875,3338.808349609] 34.80901689551887 32.25293201026621 8.818649469827402 56.606916983963174 48.876238629062755 8.844139380821402e-06 9.22147757306738e-06 -2.741246748541365e-06 4.659834867669774e-06 -1.890512283274341e-06 4.2077317683826425e-06
76.22630321497392 -57.58436205366682 1.265625 0.6298828 [76.22630321497392,-57.58436205366682] 37.186707009802724 3.286018966946648 0.00014987530191195737 1.830243360198273e-05 [-263.08984375,3348.078857422] 34.80901689551887 32.25293201026621 8.818649469827402 56.592777365937195 48.79656952947698 1.2376745970194503e-05 1.2746645033879782e-05 7.913598408317381e-07 3.9844625775746574e-06 1.6420943060987624e-06 4.240546760788824e-06
73.4892197047951 -55.88578790719476 1.2734375 0.75390625 [73.4892197047951,-55.88578790719476] -5.486551678660581 2.503863804195223 0.00018618063848089132 1.732422918888168e-05 [-3037.043945312,356.6865234375] 31.60957773589937 34.42405903365642 7.890310858445461 36.166606632827325 71.47879396160033 -1.6691272083186877e-06 2.6692648628799396e-06 -1.1285441668211745e-05 1.0136719492712519e-05 -1.2141667506685435e-05 1.0826965712219423e-05
74.67438502666774 -56.76464089233543 1.2734375 0.7133789 [74.67438502666774,-56.76464089233543] 14.053474191362827 2.9135407110965055 0.0001575129080184319 1.7054773012739095e-05 [-1799.743164062,1896.252929688] 34.688299553933504 33.98535559490206 8.413940390058329 45.373396338905195 59.51457956912964 4.395134833265424e-06 4.600865320105314e-06 -6.453410629602355e-06 6.78684314588412e-06 -6.233569369135145e-06 6.619422917072806e-06
75.81912984992486 -57.20906446329345 1.25 0.5148926 [75.81912984992486,-57.20906446329345] 20.320107571045966 1.6402803476416818 0.0002856805714119581 1.7414358893613534e-05 [-662.720703125,2675.569580078] 37.42332807671784 33.875047287049085 8.625590142118636 53.45526130371434 54.00917371645937 7.480253586096827e-06 9.481668060377513e-06 -6.296050651998164e-06 8.707172798315482e-06 -4.989854805908363e-06 7.346759026116043e-06
76.78860456126864 -57.78586954926095 1.2109375 0.1000061 [76.78860456126864,-57.78586954926095] 29.972923685334454 0.8607846501448128 0.0006120529528557301 1.9579077009416232e-05 [277.9301757812,3710.635009766] 36.20086690924717 33.504949715704456 8.23301232942289 60.44854259990154 46.307351217070845 2.503597383035561e-05 0.00015170691607779437 -5.2021159232828234e-06 3.277449226593391e-05 -2.9502531081992925e-06 2.0027726668380406e-05
71.58905813832854 -56.00299458347931 1.2265625 0.2487793 [71.58905813832854,-56.00299458347931] -2.6469733987515554 0.6339487065709108 0.0009590444618426582 2.2594439124131792e-05 [-4935.662109375,676.6147460938] 30.255019294261466 30.6921277222775 7.635703824969447 23.755010414715343 67.21698734925349 -1.401816259437829e-06 5.080693679953462e-06 -1.7424636132242203e-05 4.3333135802556856e-05 -1.765612531223139e-05 4.389962220192763e-05
71.58602173325518 -56.00366607165219 1.234375 0.36584473 [71.58602173325518,-56.00366607165219] -3.149328622039487 0.5882415509956281 0.0010347655010979064 2.2620715735984166e-05 [-4938.62109375,678.0366210938] 29.912050039768594 30.374738692136205 7.5723782676719456 23.736257405321908 67.20230165509201 -1.3753657804285698e-06 3.848420657767272e-06 -1.44384706464183e-05 2.4806208874207816e-05 -1.4640534710170063e-05 2.514196499128641e-05
71.61413587861169 -55.99792857878844 1.21875 0.19024658 [71.61413587861169,-55.99792857878844] -0.7477417146151906 2.0135358639579946 0.00030041976134875033 2.248001358595048e-05 [-4911.158203125,665.7377929688] 30.219300187870072 30.73971844451838 7.622277820196836 23.910883296775182 67.33085363610348 -4.5283690370929307e-07 4.643669593367239e-06 -1.875382782325313e-05 6.0431955542976915e-05 -1.90689962662705e-05 6.143630384365256e-05
73.17145525970113 -56.7438696946691 1.3203125 1.1870117 [73.17145525970113,-56.7438696946691] 11.401996734367499 0.31106843446953614 0.0015934533566801519 1.842060975693216e-05 [-3282.721679688,1914.002929688] 33.73724592716054 34.93976046245369 8.302678087642551 35.54870903501842 58.067849839787186 2.7644073768561146e-06 2.30468341903444e-06 -5.415167980742431e-06 4.03058355398638e-06 -5.706716919896334e-06 4.1562970153573465e-06
72.75449399981406 -57.87850568224425 1.2734375 0.732666 [72.75449399981406,-57.87850568224425] 16.516411419960676 1.2455283434343556 0.00046192057713078863 2.1381079442971913e-05 [-3581.231445312,3973.479980469] 32.91802034247149 32.7606178183359 7.671088489447586 35.09512471016137 40.326190028624296 5.096960911317053e-06 4.964366428717713e-06 -5.061532885994535e-06 5.474879357684184e-06 -5.012958501858513e-06 5.440657658805698e-06
78.59319294960919 -57.471664496814554 1.25 0.49328613 [78.59319294960919,-57.471664496814554] 35.8909806058173 0.06091385321922033 0.008117703472939922 1.8376295199415823e-05 [2026.529785156,3175.380126953] 37.173579358643785 35.49414812808268 8.395631142737445 71.63941961033538 52.28589572286228 1.3498468736049573e-05 1.734678650844713e-05 -4.823807785045128e-07 4.1565800981707675e-06 1.4924726780191783e-07 4.115539758473841e-06
75.1487960000237 -57.386600430252045 1.265625 0.6413574 [75.1487960000237,-57.386600430252045] 10.501931361343813 0.9175066548364711 0.0005140196699428222 1.752659957319284e-05 [-1309.73828125,3004.527099609] 37.16879847657327 34.39135548438761 8.40303462365303 49.404583668968826 50.682723100097974 3.4639191541976312e-06 4.147375824983083e-06 -8.795703247775415e-06 9.43650399333554e-06 -7.879601470940641e-06 8.60534363498153e-06
73.98479479724863 -56.01417148805341 1.2265625 0.2944336 [73.98479479724863,-56.01417148805341] 8.289065718156131 0.932931171408692 0.0004923713304124342 1.7070689553308334e-05 [-2528.931640625,567.6943359375] 32.18401429274558 34.34746489428316 8.384817326075718 39.670632435085736 70.09235049504127 4.035157931210597e-06 9.088045101206024e-06 -1.1632178406479344e-05 2.483170979004794e-05 -1.268535679236849e-05 2.6980262844810363e-05
76.3571016304827 -57.216567988568464 1.359375 1.6088867 [76.3571016304827,-57.216567988568464] 21.502758076399136 0.4257842142794921 0.0011030779161650616 1.745438090711039e-05 [-138.2739257812,2685.956054688] 39.56562993502044 34.60655568857746 8.387825773342625 56.939011026937806 54.38979659567417 4.477958554480348e-06 2.423643670793282e-06 -3.7616007802539824e-06 2.797144619306937e-06 -2.728871450125126e-06 2.5638742439484016e-06
78.32382224583478 -56.68273163736576 1.25 0.47546387 [78.32382224583478,-56.68273163736576] 24.483380229394918 2.5060018898353533 0.0001842501353172791 1.7159234635317855e-05 [1803.8984375,1748.84375] 38.59474706793557 34.6958603375103 8.124803351054796 69.17940788939518 63.739698812146344 9.379101856187582e-06 1.268173034529945e-05 -5.4057873409897e-06 8.278333473177789e-06 -3.9122004494830695e-06 6.661092214631239e-06
77.01181019937303 -57.12317277537859 1.234375 0.3046875 [77.01181019937303,-57.12317277537859] 31.00292315338729 0.38913176450222325 0.001211653080403227 1.7522000051394896e-05 [501.0844726562,2519.600341797] 40.34724588122879 34.53785178816137 7.376372792502497 61.06036800802201 56.32423501973676 1.4836243730879852e-05 3.0269057180418293e-05 -4.4716638106787585e-06 1.0291998203666426e-05 -1.6916167077956523e-06 5.956591251792013e-06
77.01468645773191 -57.11286925531729 1.234375 0.3046875 [77.01468645773191,-57.11286925531729] 30.512534463927622 1.2901133962181743 0.0003650992004704228 1.75044097102012e-05 [504.0346679688,2501.080810547] 40.34724588122879 34.53785178816137 7.376372792502497 61.06699150276927 56.47940688759263 1.460157146840658e-05 2.9802018513587544e-05 -4.706336073152031e-06 1.0729713764334406e-05 -1.9262889702689237e-06 6.270411299808958e-06
77.01203915583943 -57.12086492819529 1.234375 0.3046875 [77.01203915583943,-57.12086492819529] 31.29698723343158 0.5316135597352657 0.0008890858970931291 1.7565012954532174e-05 [501.3393554688,2515.44921875] 40.34724588122879 34.53785178816137 7.376372792502497 61.059156710337675 56.35866440956897 1.4976966150583602e-05 3.055314142037174e-05 -4.330941390975009e-06 1.0043031295586906e-05 -1.5508942880919032e-06 5.79957333640998e-06
72.86152698872512 -57.35887529599429 1.296875 0.94506836 [72.86152698872512,-57.35887529599429] 16.891953170383374 0.6229973538691883 0.0008230692628815536 1.9055980015080582e-05 [-3529.130859375,3034.524169922] 33.942117873899754 32.74118225874639 8.38234953563987 34.718563275983 48.33789699504723 4.58983307575032e-06 3.7060094080966947e-06 -4.6328218598426315e-06 4.371722007816039e-06 -4.306507078320397e-06 4.208927352548868e-06
72.87274210561195 -57.36614224557603 1.28125 0.8027344 [72.87274210561195,-57.36614224557603] 21.99391501062766 2.6635698271678927 0.0001934096198741096 1.914480120559475e-05 [-3517.567382812,3047.010986328] 33.95350779619505 32.55215558413234 8.327845467732466 34.804518111930975 48.24313254509639 6.484332052206034e-06 5.656447223289804e-06 -3.5259739247566343e-06 4.350043165978796e-06 -3.1128217842342587e-06 4.1417119001408515e-06
76.57205973947485 -57.812683134917016 1.2109375 0.1000061 [76.57205973947485,-57.812683134917016] 31.207146356168515 0.1251629470713753 0.004278815402880636 1.9902518400576494e-05 [70.09375,3758.327392578] 34.075736304723144 32.774309619651746 8.342894503405123 59.108122285547324 45.71808401495832 2.6066903172191963e-05 0.00015794305563485384 -2.3960940092465806e-06 1.7124617859716868e-05 -1.3090300720866446e-06 1.2065871815864154e-05
73.00276984480169 -57.230621331625166 1.2734375 0.76538086 [73.00276984480169,-57.230621331625166] 15.57094310406585 0.7995948620690284 0.0006374668447898568 1.8942456545678435e-05 [-3404.1171875,2797.000976562] 33.70884786504638 32.930047436371595 8.085480085058354 35.371625368347395 50.47106417256168 4.7013734824801005e-06 4.4722175195090616e-06 -5.4764225841116275e-06 5.611019909504924e-06 -5.24127743850001e-06 5.4515140387725175e-06
71.97782128631651 -58.0657386890892 1.3046875 1.0629883 [71.97782128631651,-58.0657386890892] 7.1395150804140695 2.584430965263037 0.0002611757545041697 2.508456054494145e-05 [-4300.109375,4353.784423828] 30.964742114337767 32.60109800669866 7.005989804656291 30.640416060374037 36.3456867878931 1.8291659615139926e-06 2.223057231408413e-06 -6.104097242591535e-06 4.605549939407031e-06 -6.523336709910626e-06 4.821590301092666e-06
