data_processed/hvc_rms/hvc_rms_index_21_with_B.ecsv
# %ECSV 1.0
# ---
# datatype:
# - {name: ra_dec_obj.ra, unit: deg, datatype: float64}
# - {name: ra_dec_obj.dec, unit: deg, datatype: float64}
# - {name: 'H-alpha flux [Error]', unit: R, datatype: float32}
# - {name: H-alpha flux, unit: R, datatype: float32}
# - {name: ra_dec_deg, datatype: string, subtype: 'float64[2]'}
# - {name: RM, unit: rad / m2, datatype: float64}
# - {name: RM_uncert, unit: rad / m2, datatype: float64}
# - {name: pol_int, datatype: float64}
# - {name: pol_int_uncert, datatype: float64}
# - {name: ra_dec_pix_offsets, datatype: string, subtype: 'float64[2]'}
# - {name: interpolation_raw, unit: rad / m2, datatype: float64}
# - {name: interpolation_cor, unit: rad / m2, datatype: float64}
# - {name: interpolation_unc, unit: rad / m2, datatype: float64}
# - {name: pixel location x, datatype: float64}
# - {name: pixel location y, datatype: float64}
# - {name: 'B_virtual [raw]', unit: G, datatype: float64}
# - {name: 'B_virtual_unc [raw]', unit: G, datatype: float64}
# - {name: 'B_virtual [int]', unit: G, datatype: float64}
# - {name: 'B_virtual_unc [int]', unit: G, datatype: float64}
# - {name: 'B_virtual [cor]', unit: G, datatype: float64}
# - {name: 'B_virtual_unc [cor]', unit: G, datatype: float64}
# meta: !!omap
# - __serialized_columns__:
#     ra_dec_obj:
#       __class__: astropy.coordinates.sky_coordinate.SkyCoord
#       dec: !astropy.table.SerializedColumn
#         __class__: astropy.coordinates.angles.Latitude
#         unit: &id001 !astropy.units.Unit {unit: deg}
#         value: !astropy.table.SerializedColumn {name: ra_dec_obj.dec}
#       frame: icrs
#       ra: !astropy.table.SerializedColumn
#         __class__: astropy.coordinates.angles.Longitude
#         unit: *id001
#         value: !astropy.table.SerializedColumn {name: ra_dec_obj.ra}
#         wrap_angle: !astropy.coordinates.Angle
#           unit: *id001
#           value: 360.0
#       representation_type: spherical
# schema: astropy-2.0
ra_dec_obj.ra ra_dec_obj.dec "H-alpha flux [Error]" "H-alpha flux" ra_dec_deg RM RM_uncert pol_int pol_int_uncert ra_dec_pix_offsets interpolation_raw interpolation_cor interpolation_unc "pixel location x" "pixel location y" "B_virtual [raw]" "B_virtual_unc [raw]" "B_virtual [int]" "B_virtual_unc [int]" "B_virtual [cor]" "B_virtual_unc [cor]"
[from data line 1946]
182.89514205295836 -69.67350004763844 3.8125 26.179688 [182.89514205295836,-69.67350004763844] -8.41697536186418 2.886970445153676 0.00016534964252521792 1.7740028017367207e-05 [-2515.451171875,441.7573242188] 30.116263760850554 35.63429848622896 23.08767305530852 13.149012174784502 24.485723263800537 -4.3453269693579115e-07 3.941316483602301e-07 -1.989307512236384e-06 1.27534892945806e-06 -2.2741802138802407e-06 1.2817145452845458e-06
182.8695218324176 -69.66797625209178 3.8125 26.179688 [182.8695218324176,-69.66797625209178] -22.899042669978087 2.289409946103087 0.00020823150057958074 1.7716531355117544e-05 [-2532.08984375,432.8935546875] 30.116263760850554 35.63429848622896 23.08767305530852 13.197896963138078 24.602422394250652 -1.1821803368602874e-06 4.040977501237499e-07 -2.7369551521608805e-06 1.2905919104661034e-06 -3.021827853804737e-06 1.2990818105894842e-06
181.85652100334985 -68.23902876910456 4.59375 33.828125 [181.85652100334985,-68.23902876910456] -5.41388784830209 2.609932360302511 0.0001973293411694432 1.9139457391306017e-05 [-3375.625976562,-2083.083007812] 22.941665031820957 1.0447616415722791 23.348914540468567 29.402801405463947 31.751239486338818 -2.458775775737611e-07 3.40421593060664e-07 -1.2877981310816966e-06 1.122800037557844e-06 -2.9332655855927267e-07 1.1138647269098762e-06
184.89849778817188 -70.70887006019527 3.546875 23.507812 [184.89849778817188,-70.70887006019527] -0.9843624741461116 1.4570000513666455 0.0003220386348838037 1.7437179861758655e-05 [-1202.690429688,2242.297851562] 14.959719937420264 47.66332982202009 23.404520601167846 1.9875182171576853 14.596670917078882 -5.362873764698528e-08 3.895891056969657e-07 -8.686444629185312e-07 1.3371654168088076e-06 -2.650359390777747e-06 1.3691167062701016e-06
186.55772408195966 -67.81905391851004 4.28125 30.867188 [186.55772408195966,-67.81905391851004] 76.45438253914931 2.389877271617453 0.00020540691397267024 1.8243130297071162e-05 [-247.2758789062,-2977.961914062] 29.83570383656519 0.06906832911583116 24.531071294976677 37.23108500295257 11.42870935267183 3.6349838813221175e-06 5.42445281895719e-07 2.2164608492607346e-06 1.2439410599231654e-06 3.631700063511969e-06 1.2861703855478697e-06
188.10313386347732 -67.81247708908923 4.25 30.359375 [188.10313386347732,-67.81247708908923] 160.633295284709 0.2431968170286026 0.0020683385446375957 1.8693396384727097e-05 [803.0888671875,-2982.80078125] 36.04143245192606 6.562207797956656 26.455806333452422 37.912468967545124 4.432370320800828 7.700834493233723e-06 9.40024674096862e-07 5.9729915468544376e-06 1.47821395971483e-06 7.386239215382367e-06 1.5590194450441736e-06
188.12941000979873 -67.81285075279595 4.25 30.359375 [188.12941000979873,-67.81285075279595] 168.6195222533795 1.9540007033653861 0.0002558936478444928 1.858202004481452e-05 [820.9331054688,-2981.780273438] 36.04143245192606 6.562207797956656 26.455806333452422 37.91679384490169 4.312834404489649 8.083697908954148e-06 9.853143652377236e-07 6.355854962574861e-06 1.5017042818886406e-06 7.76910263110279e-06 1.5857516171948814e-06
188.09892282345106 -67.8081360494714 4.25 30.359375 [188.09892282345106,-67.8081360494714] 153.96585062910393 1.150671590738981 0.000435837647345363 1.8637378942516815e-05 [800.3754882812,-2990.665039062] 36.04143245192606 6.562207797956656 26.455806333452422 37.9630037773469 4.455350944653219 7.38119411173868e-06 9.076817927318346e-07 5.653351165359393e-06 1.4627764906596886e-06 7.066598833887323e-06 1.5405829498236212e-06
188.1492310246581 -67.81554433915846 4.28125 30.65625 [188.1492310246581,-67.81554433915846] 173.46551041397277 1.5201355773961258 0.0003285009118539153 1.8557847688460308e-05 [834.3071289062,-2976.666992188] 36.79601943438234 7.655667181432346 26.177847472418453 37.89116125538237 4.220533115922535 8.275652727703052e-06 1.002720844604561e-06 6.5201966841699615e-06 1.4926960528866396e-06 7.910417916234132e-06 1.5774847384627187e-06
188.0320131538187 -67.58719614745738 4.40625 31.921875 [188.0320131538187,-67.58719614745738] 153.3031471310228 0.6675711965998311 0.000782830199315371 1.942110178572525e-05 [762.0151367188,-3388.950195312] 35.4329901731341 9.267311791071808 27.72980172200691 40.58413780240312 4.958960833774654 7.167298768253961e-06 8.76849028428171e-07 5.510719424801807e-06 1.4762980952944176e-06 6.7340291738052176e-06 1.540173992211478e-06
188.09762572839617 -67.59742734403694 4.40625 32.046875 [188.09762572839617,-67.59742734403694] 148.36426627192063 0.32960281302893035 0.0015942212311253578 1.9527569911101768e-05 [806.6870117188,-3369.70703125] 35.31698726088753 10.354661583023422 27.50828017190345 40.484111069855885 4.649418819856919 6.922852908573775e-06 8.494862940903927e-07 5.274920329356949e-06 1.453050833525102e-06 6.4396920986389266e-06 1.512073915862768e-06
188.0838626415613 -67.5956723522419 4.40625 32.046875 [188.0838626415613,-67.5956723522419] 152.14019302302202 0.40940056270678077 0.0012817560000749914 1.950125214021765e-05 [797.306640625,-3373.043945312] 35.31698726088753 10.354661583023422 27.50828017190345 40.500439261448605 4.713980082934768 7.099042136264992e-06 8.680106188921441e-07 5.4511095570481666e-06 1.4614116826037188e-06 6.615881326330144e-06 1.521840752750813e-06
188.0516509886043 -67.59001914012646 4.40625 31.921875 [188.0516509886043,-67.59001914012646] 171.44569547911357 2.768635444320582 0.00018957155842980333 1.9505076500250986e-05 [775.3974609375,-3383.625976562] 35.4329901731341 9.267311791071808 27.72980172200691 40.55709624658823 4.866506578928238 8.015507476697006e-06 9.748333471369366e-07 6.358928133244852e-06 1.524710795958297e-06 7.582237882248262e-06 1.5950289058412175e-06
179.53750679177324 -69.2720718322883 3.765625 25.632812 [179.53750679177324,-69.2720718322883] -61.700743011727624 1.3827354972012622 0.0004303079896132641 2.2111959234293703e-05 [-4691.14453125,-80.07568359375] 25.371278324434975 21.4868454091167 22.325221682756563 15.32879755238639 39.36064047297782 -3.219147658787674e-06 5.276720930645079e-07 -4.54285766991398e-06 1.3318503384312344e-06 -4.3401929609543514e-06 1.3226979469124082e-06
181.5515137153227 -69.46563713015345 4.0625 28.757812 [181.5515137153227,-69.46563713015345] -177.8593284346942 0.7200467777720284 0.0006793853376872925 1.817965278035639e-05 [-3385.553710938,133.5102539062] 28.556753613475962 30.98046110681698 22.27410243894888 14.67736768671341 30.493903671566386 -8.760872470301491e-06 1.060549720424086e-06 -1.0167501398765849e-05 1.6361628211345783e-06 -1.0286886715472874e-05 1.6459014404434994e-06
178.68028316629542 -70.02942662771221 3.03125 18.289062 [178.68028316629542,-70.02942662771221] -94.21241362818897 0.9199273187738378 0.0007284558369646424 2.4903790077500194e-05 [-5048.938476562,1340.316894531] 23.1249000412464 46.4033567016069 22.004205780382986 5.686957912198295 40.92981303743932 -5.81916996710176e-06 8.348712747390784e-07 -7.247513840588807e-06 1.6803493257984509e-06 -8.685342367231278e-06 1.779455187008968e-06
185.41987596039712 -70.50849909422999 3.625 24.210938 [185.41987596039712,-70.50849909422999] -70.23965330129694 3.0567031796451456 0.00015312234781742696 1.739404348152613e-05 [-901.71875,1872.873046875] 17.82244965699258 46.36032021169919 22.86736786241281 4.62454577369806 12.807028551799476 -3.770727863605626e-06 6.024929221074845e-07 -4.727503763837605e-06 1.4076376652469832e-06 -6.259523621723433e-06 1.4873203339315034e-06
185.16383309233444 -67.30198655648192 4.65625 34.6875 [185.16383309233444,-67.30198655648192] 17.271641264882753 2.26001757541982 0.0002501135053458823 2.100669174530477e-05 [-1220.73046875,-3891.334960938] 36.75038499285072 -2.1802838619246785 27.95883025899733 42.70385227239922 18.47563950715744 7.74632551718608e-07 3.4117764093877604e-07 -8.736210257532284e-07 1.3003291685888755e-06 8.724182123591852e-07 1.3003189896285103e-06
184.00808786679383 -67.97595213010639 5.375 41.671875 [184.00808786679383,-67.97595213010639] -21.589016203004906 0.8350408961802255 0.0005941084353268148 1.8436656634435272e-05 [-1965.745117188,-2649.529296875] 21.598213941479273 -9.087691869639155 22.738278886313296 34.00543031168672 22.684257404501295 -8.834052291012428e-07 3.045970099557396e-07 -1.7671868222844682e-06 9.935799131463692e-07 -5.115441659286341e-07 9.757684721201076e-07
184.0123141742227 -67.97501381310099 5.375 41.671875 [184.0123141742227,-67.97501381310099] -22.86225686481984 0.8858705270354 0.000561042467494756 1.8470331582244512e-05 [-1962.975585938,-2651.3515625] 21.598213941479273 -9.087691869639155 22.738278886313296 34.0191983405316 22.666892669903973 -9.355052158711393e-07 3.0673693728735695e-07 -1.8192868090543651e-06 9.948056116246134e-07 -5.636441526985308e-07 9.761953199022706e-07
183.9895169009346 -67.97706582449386 5.3125 41.21875 [183.9895169009346,-67.97706582449386] 17.66622255462766 2.7606544036131364 0.00017928655125959916 1.839367288561215e-05 [-1978.168945312,-2646.928710938] 22.06876691054952 -9.785698140028945 22.814321632843043 33.98068758027841 22.76553985187843 7.268502143705094e-07 3.198765564342735e-07 -1.8113608039197068e-07 9.886021558924424e-07 1.1294680784244158e-06 9.962746434152337e-07
187.46447751934187 -67.86179330848067 4.0625 28.59375 [187.46447751934187,-67.86179330848067] 105.23173525814398 0.9576340707551739 0.0005127105130574551 1.8246539636867697e-05 [368.236328125,-2900.178710938] 31.510267937711127 1.9884408090623644 25.537102869980792 37.094007646205 7.278670552854919 5.198281671321697e-06 6.906898568635496e-07 3.641724156830241e-06 1.3738709536211963e-06 5.1000558330144545e-06 1.4335681282948216e-06
186.77958649174937 -69.17297369657216 3.5 22.9375 [186.77958649174937,-69.17297369657216] 27.456769697700153 0.18515038190247657 0.0026194059660776202 1.802337536672505e-05 [-90.83056640625,-541.9521484375] 23.711712462878047 20.235903918265425 22.382159018237324 21.153969685423817 8.877357792895737 1.5143457197017763e-06 4.2553888362698846e-07 2.0655421071132303e-07 1.2936957879887734e-06 3.982583277647532e-07 1.2943194511851025e-06
186.76361092090596 -69.17317963450517 3.5 22.9375 [186.76361092090596,-69.17317963450517] 32.53943847461284 0.21244781355264747 0.00228754716513712 1.8060552262152265e-05 [-101.0537109375,-541.5561523438] 23.711712462878047 20.235903918265425 22.382159018237324 21.145035756201878 8.945400182506319 1.7946743159540986e-06 4.404877828076861e-07 4.868828069636454e-07 1.294753983601134e-06 6.785869240170756e-07 1.2959545290508405e-06
181.8013146374012 -68.44128425693512 4.3125 31.148438 [181.8013146374012,-68.44128425693512] -92.36443339482511 1.35426041453617 0.0003702207868703019 1.86325238917301e-05 [-3382.115234375,-1717.296386719] 21.15126920442924 6.649495117553235 23.07165813900989 26.969700861263732 31.575814360539198 -4.371548204083366e-06 6.002042956268166e-07 -5.37262393752566e-06 1.2955284483960857e-06 -4.686264457632425e-06 1.2607088256303905e-06
185.62912004334527 -68.75380699930314 3.8125 26.164062 [185.62912004334527,-68.75380699930314] 33.916070380622735 0.8930595064955003 0.0005378122271956028 1.784924179315331e-05 [-842.9453125,-1287.603027344] 27.182195961055296 13.470115737407307 23.786141023029717 25.642460148394548 14.360341240702382 1.7514654434580796e-06 4.1705169199178906e-07 3.4774513126370475e-07 1.281893598246115e-06 1.055852951542483e-06 1.2870810448840008e-06
180.85140995758306 -70.41696174249306 3.21875 20.148438 [180.85140995758306,-70.41696174249306] -87.63770011468297 2.882935368115309 0.0001803671509221815 1.932417912579517e-05 [-3655.249023438,1878.638671875] 29.154026736051993 49.62955580093184 20.32407055371129 2.928383671450888 31.263534809587554 -5.157258730841842e-06 7.639398744526923e-07 -6.872900044191527e-06 1.520832568263734e-06 -8.077833547698262e-06 1.6043025328128201e-06
179.85253857589902 -68.08350381523401 4.25 30.429688 [179.85253857589902,-68.08350381523401] -80.54582561511917 1.3159826462647695 0.0004614179614407144 2.2565936494645664e-05 [-4737.354492188,-2228.708007812] 28.24713730460924 0.5671317231995978 27.580535139943308 29.572159647033686 40.933055013633066 -3.856940378824458e-06 5.562082482512588e-07 -5.209555782842312e-06 1.4875289373747447e-06 -3.8840975061692455e-06 1.4339913714347575e-06
182.3621678135323 -69.06342322707532 4.25 30.578125 [182.3621678135323,-69.06342322707532] -181.49220697870848 2.3789765288094937 0.0002021227223813432 1.7869565780038994e-05 [-2929.486328125,-629.9560546875] 23.042925755746204 20.339225344248533 21.249708181783515 20.01777619893005 27.89984444621041 -8.669642515917242e-06 1.047156044260107e-06 -9.770372581129231e-06 1.5457485787854942e-06 -9.641220390916608e-06 1.5352276497365214e-06
187.82307394514842 -70.83597567521939 3.140625 19.46875 [187.82307394514842,-70.83597567521939] -4.332076606296472 0.17399489376615196 0.0027602692600398435 1.7848291705503773e-05 [532.7807617188,2455.022216797] 26.3710707960871 38.57427294228898 23.602299490657106 1.6460963184342745 2.830181868237787 -2.5934371514895225e-07 4.2036092943021986e-07 -1.8380719081760208e-06 1.4904897568834883e-06 -2.5686277290748802e-06 1.5061807751401557e-06
187.8061677431241 -70.84571081003047 3.140625 19.46875 [187.8061677431241,-70.84571081003047] -17.90776408686562 0.09820445322132394 0.004881227768641678 1.7814308064956414e-05 [522.537109375,2472.393066406] 26.3710707960871 38.57427294228898 23.602299490657106 1.5243776829338458 2.8878887810060405 -1.0720646217447975e-06 4.386726569611786e-07 -2.650792814771867e-06 1.5082341722485789e-06 -3.3813486356707256e-06 1.5294231212937021e-06
187.8154751559975 -70.8411102487644 3.140625 19.46875 [187.8154751559975,-70.8411102487644] -9.56357754823493 1.6176347474646817 0.00029689489338699786 1.7848096200102964e-05 [528.1552734375,2464.195068359] 26.3710707960871 38.57427294228898 23.602299490657106 1.5823104359203626 2.855400355364054 -5.725322880646711e-07 4.356355293239247e-07 -2.15126048109174e-06 1.4996926426150687e-06 -2.8818163019905993e-06 1.5174921637672142e-06
184.2213592309404 -69.57818614420957 4.09375 29.015625 [184.2213592309404,-69.57818614420957] 2.626445095750503 0.8468794042661346 0.0005549952030440679 1.746704759913112e-05 [-1695.243164062,224.7802734375] 25.145867924992636 29.496754998380872 20.484731527807785 15.08358658989414 19.12959775808713 1.2879559088804608e-07 3.460825033759157e-07 -1.1043072533451186e-06 1.0698520977712452e-06 -1.31766601436048e-06 1.073005475888731e-06
184.2100522888324 -69.5312118956427 4.1875 29.984375 [184.2100522888324,-69.5312118956427] -48.06677768526228 0.6857709187007023 0.0006827511713250637 1.740003898048422e-05 [-1706.086914062,140.6240234375] 25.989311520570975 28.543564777409593 20.5462540557769 15.63575250728195 19.253400272257295 -2.3187084386130035e-06 4.2998016448009706e-07 -3.5724150284551356e-06 1.1238651927955546e-06 -3.6956304563701705e-06 1.1290232049699226e-06
184.21653783003003 -69.5749054713303 4.09375 29.015625 [184.21653783003003,-69.5749054713303] 2.228390902451916 0.42592594046693677 0.0010968351807241893 1.7361376929994736e-05 [-1698.529296875,219.0146484375] 25.145867924992636 29.496754998380872 20.484731527807785 15.119876745431839 19.155090624510194 1.0927581295158539e-07 3.441277377099816e-07 -1.1238270312815792e-06 1.0695156889320181e-06 -1.3371857922969405e-06 1.0727208249879194e-06
