data_processed/hvc_rms/hvc_rms_index_18_with_B.ecsv
# %ECSV 1.0
# ---
# datatype:
# - {name: ra_dec_obj.ra, unit: deg, datatype: float64}
# - {name: ra_dec_obj.dec, unit: deg, datatype: float64}
# - {name: 'H-alpha flux [Error]', unit: R, datatype: float32}
# - {name: H-alpha flux, unit: R, datatype: float32}
# - {name: ra_dec_deg, datatype: string, subtype: 'float64[2]'}
# - {name: RM, unit: rad / m2, datatype: float64}
# - {name: RM_uncert, unit: rad / m2, datatype: float64}
# - {name: pol_int, datatype: float64}
# - {name: pol_int_uncert, datatype: float64}
# - {name: ra_dec_pix_offsets, datatype: string, subtype: 'float64[2]'}
# - {name: interpolation_raw, unit: rad / m2, datatype: float64}
# - {name: interpolation_cor, unit: rad / m2, datatype: float64}
# - {name: interpolation_unc, unit: rad / m2, datatype: float64}
# - {name: pixel location x, datatype: float64}
# - {name: pixel location y, datatype: float64}
# - {name: 'B_virtual [raw]', unit: G, datatype: float64}
# - {name: 'B_virtual_unc [raw]', unit: G, datatype: float64}
# - {name: 'B_virtual [int]', unit: G, datatype: float64}
# - {name: 'B_virtual_unc [int]', unit: G, datatype: float64}
# - {name: 'B_virtual [cor]', unit: G, datatype: float64}
# - {name: 'B_virtual_unc [cor]', unit: G, datatype: float64}
# meta: !!omap
# - __serialized_columns__:
#     ra_dec_obj:
#       __class__: astropy.coordinates.sky_coordinate.SkyCoord
#       dec: !astropy.table.SerializedColumn
#         __class__: astropy.coordinates.angles.Latitude
#         unit: &id001 !astropy.units.Unit {unit: deg}
#         value: !astropy.table.SerializedColumn {name: ra_dec_obj.dec}
#       frame: icrs
#       ra: !astropy.table.SerializedColumn
#         __class__: astropy.coordinates.angles.Longitude
#         unit: *id001
#         value: !astropy.table.SerializedColumn {name: ra_dec_obj.ra}
#         wrap_angle: !astropy.coordinates.Angle
#           unit: *id001
#           value: 360.0
#       representation_type: spherical
# schema: astropy-2.0
ra_dec_obj.ra ra_dec_obj.dec "H-alpha flux [Error]" "H-alpha flux" ra_dec_deg RM RM_uncert pol_int pol_int_uncert ra_dec_pix_offsets interpolation_raw interpolation_cor interpolation_unc "pixel location x" "pixel location y" "B_virtual [raw]" "B_virtual_unc [raw]" "B_virtual [int]" "B_virtual_unc [int]" "B_virtual [cor]" "B_virtual_unc [cor]"
[from data line 74]
174.96536272455577 -62.36408641209026 13.875 126.90625 [174.96536272455577,-62.36408641209026] 316.76281182473724 2.56351937592289 0.00032639380226540116 3.1094760137207116e-05 [645.3920898438,-4564.799804688] 401.09473968150763 320.7064638521995 199.9121914271823 12.361421717181656 65.149051373862 7.427477041367103e-06 8.014192355903324e-07 -1.977421069102509e-06 4.6954325581512036e-06 -9.247103447649439e-08 4.6908233706273e-06
179.66674796012623 -63.21474461111537 5.375 41.8125 [179.66674796012623,-63.21474461111537] 301.65875169766866 2.919307455415965 0.0002304200328301806 2.499820203649359e-05 [4433.923583984,-2846.715820312] 379.1478827471742 291.0314391378703 165.66149000016287 8.605744198885759 37.66648444215025 1.232285948101847e-05 1.3976213309947039e-06 -3.1654565559771957e-06 6.783454659895958e-06 4.3412922250142124e-07 6.774585115784781e-06
177.96383656106158 -62.349357669115676 8.1875 69.9375 [177.96383656106158,-62.349357669115676] 735.016846904512 1.0074823671537922 0.0008454592398383387 3.165474591374773e-05 [3148.208007812,-4501.408203125] 440.14062861913663 311.7191741155282 170.15632027761228 16.725780693868728 49.03542362808844 2.321618606212417e-05 2.502491018448954e-06 9.31393773876068e-06 5.471336735439967e-06 1.337024800522688e-05 5.567414623818141e-06
169.50205991767874 -62.44191371330997 6.5 53.109375 [169.50205991767874,-62.44191371330997] 379.7385651081988 2.042082321000997 0.00037169048117271266 2.8207421475786912e-05 [-3901.547851562,-4284.002929688] 236.23103526396056 246.5298033234216 95.84193954640668 1.9557875695559233 93.69217724416649 1.3764097613496414e-05 1.521134201972474e-06 5.201609292659114e-06 3.529644402766734e-06 4.828317607552571e-06 3.523356605728889e-06
173.1499483081721 -62.4694901675672 12.0 108.09375 [173.1499483081721,-62.4694901675672] -65.77924890287107 1.7227455862019332 0.00043568501795542187 2.7893465526485116e-05 [-867.2260742188,-4372.021484375] 354.7622534936494 269.71935563811894 151.01168437563237 8.256268040880741 74.4501402852452 -1.6712339619288009e-06 2.545078841930315e-07 -1.0684573827278088e-05 4.00378765241591e-06 -8.52391402213396e-06 3.9454109545893106e-06
179.84289556629378 -62.546821644253015 6.53125 53.203125 [179.84289556629378,-62.546821644253015] 468.9492799620766 2.194996113857503 0.0003566359085881306 2.909159465093824e-05 [4681.474487305,-4030.974609375] 427.7054351896113 341.47698688927903 172.82117829011733 16.650359143547803 38.340249736385886 1.698266866188724e-05 1.869040302706052e-06 1.4936168580314945e-06 6.2663465690860826e-06 4.616319523939502e-06 6.28438750431264e-06
174.7264251289822 -62.41696151797663 26.125 249.625 [174.7264251289822,-62.41696151797663] 1400.1292353664658 1.6003757664616098 0.000496430456956689 2.952494437654537e-05 [445.1240234375,-4471.776367188] 422.8097085163 318.63985494532 207.47642100444205 11.385686806951071 66.25196845788082 2.3408453319090484e-05 2.4399394618680542e-06 1.633959062080423e-05 3.865266293432143e-06 1.8081183534500188e-05 3.948418050766372e-06
177.75482170516716 -63.641750418523934 6.46875 52.53125 [177.75482170516716,-63.641750418523934] 1231.1111707906668 0.5058481228578807 0.0011464291176782938 2.1551428100582413e-05 [2845.223144531,-2190.174316406] 267.08465345531533 281.4983727986892 105.70508947119711 1.3719010224731392 46.57033366556243 4.486803382971742e-05 4.899339518187124e-06 3.513409302002179e-05 5.439201705300806e-06 3.460878282671471e-05 5.3990065367665465e-06
177.74569696689468 -63.638465966504995 6.46875 52.53125 [177.74569696689468,-63.638465966504995] 1301.298550949363 0.6827099166667857 0.0008483262253859257 2.152324788351165e-05 [2838.273193359,-2196.485351562] 267.08465345531533 281.4983727986892 105.70508947119711 1.398955810400139 46.62679119238328 4.7426023572720974e-05 5.177943887392001e-06 3.769208276302534e-05 5.639178879177483e-06 3.7166772569718265e-05 5.5975653855018565e-06
170.59735059894538 -62.596595689407096 8.125 69.0625 [170.59735059894538,-62.596595689407096] 312.0567553128305 1.7256224645580547 0.0003889412729344936 2.49424161138369e-05 [-2976.33203125,-4065.944335938] 231.54076729791927 274.5249973990014 103.1529451758946 2.3069944162500633 87.3571092935938 9.918844345621258e-06 1.0908011174692329e-06 2.5592317386406374e-06 3.298252739517484e-06 1.1929614034203968e-06 3.2892563919073145e-06
177.781997754409 -63.569313132031205 6.5 52.890625 [177.781997754409,-63.569313132031205] 889.290591590091 2.6461184331868175 0.0002182242769087316 2.145957143147676e-05 [2874.209228516,-2319.094238281] 284.42836855304137 276.7181502407859 109.23662760958793 2.2510783066538806 46.630815765325224 3.230003421181191e-05 3.530412417791729e-06 2.1969276052495014e-05 4.641934045979553e-06 2.2249319851025585e-05 4.657747466355052e-06
170.85089108296881 -62.344615885406 7.875 66.8125 [170.85089108296881,-62.344615885406] 21.084972175078754 3.0781866387968737 0.0002667946065529828 3.0519730734562266e-05 [-2790.122070312,-4529.990234375] 259.44063675907665 267.05635222934313 119.38082619772621 5.62726444675468 87.0465256554819 6.813853708633122e-07 2.5776142418186256e-07 -7.70274020574239e-06 3.953650691878038e-06 -7.94885089856229e-06 3.959284520000609e-06
179.33387743482038 -62.73032384320707 6.5625 53.75 [179.33387743482038,-62.73032384320707] 1.578042434923523 0.5344957549436229 0.0013058073210795204 2.5937735824306873e-05 [4234.659179688,-3737.961914062] 419.7079382757151 315.3759369599517 170.9430108814252 13.921232389460101 40.63853768614422 5.6856232384101997e-08 2.5301689431311275e-07 -1.5065051483115875e-05 6.378204141375809e-06 -1.1306011560849806e-05 6.285627339668387e-06
179.33288583796852 -62.73154827092309 6.5625 53.75 [179.33288583796852,-62.73154827092309] 0.8213803643425901 0.707002407399573 0.0009875110632598541 2.5946068813276375e-05 [4233.669189453,-3735.833007812] 419.7079382757151 315.3759369599517 170.9430108814252 13.905726245297046 40.640811571375934 2.9594003201228192e-08 2.53510733476558e-07 -1.509231371229875e-05 6.378988122784082e-06 -1.133327379003268e-05 6.28623006766821e-06
173.2424466790774 -62.43520761263755 11.4375 102.3125 [173.2424466790774,-62.43520761263755] -14.25690721905774 2.361087602785644 0.0003295505940191887 2.891631205439684e-05 [-791.1875,-4434.879882812] 364.21151011003917 273.3796405847337 152.92177350254536 8.802528645994926 74.08352369164436 -3.7231420745166406e-07 1.9691240536748535e-07 -9.883571989232685e-06 4.133000769569548e-06 -7.5115290914251374e-06 4.076586987957687e-06
179.74932869513265 -63.009598034306855 5.5625 43.734375 [179.74932869513265,-63.009598034306855] 801.9437327775676 1.800141755643208 0.00038178381192096624 2.554070722925851e-05 [4532.485595703,-3208.568359375] 392.7581868918687 308.0652638004739 167.44956108474324 11.107252033877103 37.72616536357168 3.20317797548821e-05 3.541713392145614e-06 1.6343966227275625e-05 6.932665381422497e-06 1.9726828326421408e-05 7.038729787585657e-06
177.83801276455443 -63.6450004841259 6.34375 51.296875 [177.83801276455443,-63.6450004841259] 691.9552796056024 0.38808019116763265 0.0014967262413500258 2.1586018836848066e-05 [2911.2421875,-2180.551757812] 266.3468970943543 278.9710331666652 104.89308274864887 1.4365043821901509 46.12997630410041 2.5520031562225093e-05 2.79861308446922e-06 1.569688052821193e-05 4.239161673592023e-06 1.523128923856265e-05 4.2188619337373365e-06
169.46698011519112 -62.42730732706153 6.46875 52.75 [169.46698011519112,-62.42730732706153] -19.915477320154462 2.971850759084587 0.00025918951326449086 2.8625502915574844e-05 [-3932.583007812,-4308.026367188] 238.71383688605323 245.56481975153275 96.98787835512431 2.050957516508106 93.93641789780622 -7.24316071996528e-07 2.8760830917062777e-07 -9.40622039620506e-06 3.6835245583025978e-06 -9.65538725867427e-06 3.691162466082275e-06
174.15303064583156 -62.36656973234838 30.625 293.75 [174.15303064583156,-62.36656973234838] 501.7471782208635 0.13554947445725204 0.006213638412736165 3.130058959514484e-05 [-32.828125,-4564.25390625] 416.8916058479422 297.95974404825625 186.2154334470313 11.069198357078221 69.48227592325952 7.732939907546203e-06 8.114799624903732e-07 1.3077961779615503e-06 2.8752038003733165e-06 3.140776970500701e-06 2.8905021558838094e-06
173.11659261399672 -63.03102502543887 25.0 237.9375 [173.11659261399672,-63.03102502543887] 262.53552541338394 1.3441108792747678 0.00042778508758084646 2.136827383921903e-05 [-878.083984375,-3361.655273438] 341.44553453795 269.4373766070218 157.19810217658966 1.7741497549909582 72.5998268181595 4.49578222689876e-06 4.841486978801212e-07 -1.3512922336435824e-06 2.698377339763816e-06 -1.1819055680254717e-07 2.6947285360689823e-06
177.81446833404235 -63.19395461943508 7.5 62.875 [177.81446833404235,-63.19395461943508] 1489.0012917092058 0.7396929694604913 0.0008157769229062231 2.242495652114768e-05 [2938.321044922,-2991.926757812] 340.4131467403595 259.0452198116029 148.01067855972565 6.673593362867223 47.503149580227955 4.96026306490614e-05 5.3606499930072815e-06 3.826255480099798e-05 6.43680945066295e-06 4.097313890095802e-05 6.628437832523923e-06
177.3055269790196 -63.01115403791767 9.375 81.5 [177.3055269790196,-63.01115403791767] 469.9447680459015 0.3433450254349007 0.001772482636296712 2.261629456999047e-05 [2541.833007812,-3342.3828125] 369.01336314348123 280.0141315588351 172.36167269513896 8.156881585018937 50.7045171960001 1.375044169003695e-05 1.4829084643992386e-06 2.9532223618003606e-06 5.057264174811395e-06 5.55731294344769e-06 5.0821990985892115e-06
176.51907357848935 -62.734466549844875 9.0625 78.53125 [176.51907357848935,-62.734466549844875] 629.6024424863177 0.8363243077742913 0.0007925505728053573 2.4632608651943466e-05 [1918.116210938,-3867.372070312] 365.1982543811865 278.86055133001787 167.4192762392081 10.323902873688894 55.68956791789492 1.8766953729441054e-05 2.017308963290393e-06 7.881260981841347e-06 5.065361073527565e-06 1.0454782888568567e-05 5.118321046188e-06
173.5632779505418 -63.182246971136365 66.5 655.0 [173.5632779505418,-63.182246971136365] 150.60123988883478 1.634741027151731 0.000354387251132582 2.15295898043203e-05 [-510.8193359375,-3094.522460938] 333.9670546590054 262.47253507268823 167.7565211490601 0.7629190736890905 69.74411748675766 1.5543776091161082e-06 1.7692046172742547e-07 -1.8925456189236568e-06 1.7440269653172378e-06 -1.154640137524474e-06 1.7371305736263636e-06
173.55134577606745 -63.18022893264456 59.25 580.5 [173.55134577606745,-63.18022893264456] 207.30985771225457 0.8033804443689632 0.0007250719340110661 2.1647664776650013e-05 [-520.544921875,-3098.055664062] 334.04416901461354 263.2556691494221 166.51184130469 0.7670508614689879 69.8130116058071 2.2728327346798414e-06 2.4751534463761716e-07 -1.3894461870448715e-06 1.8328253924440848e-06 -6.13359504491637e-07 1.8282807452620532e-06
177.2729031956161 -62.700992711704416 8.5625 73.65625 [177.2729031956161,-62.700992711704416] 641.5924766315024 1.654995323080502 0.0004125729682254522 2.5375011257195297e-05 [2541.91015625,-3900.969726562] 448.8270417754651 295.8477400270001 196.704388766581 11.728358805631615 51.76729698590589 1.9747089513765926e-05 2.127209283878979e-06 5.932981504470591e-06 6.091517422978131e-06 1.0641415713737968e-05 6.1646053609879625e-06
177.05841038450603 -63.6003645974279 6.71875 55.15625 [177.05841038450603,-63.6003645974279] 450.25378151435035 1.5997485890118956 0.00034805268143569694 2.0692140705002274e-05 [2292.887207031,-2292.823730469] 261.4835081289315 281.3826853324254 121.25484484477236 0.9735384866153254 50.29657206192246 1.6014324982043537e-05 1.7589481678214302e-06 6.714054671069881e-06 4.381445078560274e-06 6.006294062063496e-06 4.369295088042717e-06
176.76037586648988 -63.153110241122775 10.9375 97.34375 [176.76037586648988,-63.153110241122775] 494.25468146607136 2.371781798045511 0.0002449011209261407 2.1586101154911565e-05 [2086.859863281,-3107.174804688] 339.0837340414093 292.82767897279496 153.05069525899643 5.785416688102714 53.16437528642814 1.323260623798353e-05 1.4177907283928433e-06 4.1543684336075426e-06 4.125987719265389e-06 5.392774837831906e-06 4.142083903442459e-06
179.59371954981896 -63.69139483534613 5.25 40.515625 [179.59371954981896,-63.69139483534613] -1.4272547465186858 1.6286024533587402 0.0004037529659477623 2.4436528739651266e-05 [4302.720458984,-1997.190429688] 278.0895480875271 279.8297685173416 126.37420186606721 2.9260986579627115 36.88454853668668 -5.922960806032698e-08 2.9832364605320085e-07 -1.1599660620164892e-05 5.408083498225317e-06 -1.1671877983076386e-05 5.409993972782996e-06
179.58912657435914 -63.68756871378537 5.25 40.515625 [179.58912657435914,-63.68756871378537] 2.3987039652080497 2.3325278896446333 0.00028256905493423293 2.4494024477085197e-05 [4299.653076172,-2004.36328125] 278.0895480875271 279.8297685173416 126.37420186606721 2.9660520997729236 36.91785377369001 9.954375423067823e-08 3.063946720919661e-07 -1.1440887257873887e-05 5.404366870738194e-06 -1.151310462078538e-05 5.406252576342967e-06
170.8248141185182 -62.29788985885302 8.4375 72.53125 [170.8248141185182,-62.29788985885302] 250.8717595587682 3.1232447917429473 0.0002746641533110675 3.187988238749501e-05 [-2816.248046875,-4612.740234375] 268.4918513344139 268.6828575765266 120.9763775415448 6.107304037447193 87.37076851408801 7.781043244841021e-06 8.670425729292192e-07 -5.465051001575567e-07 3.760185929203746e-06 -5.5242935337971e-07 3.7601958700961536e-06
170.28872718320187 -62.32164367246612 10.3125 90.8125 [170.28872718320187,-62.32164367246612] 31.551776895037438 2.951011777893943 0.000278079662987656 3.0496421002915127e-05 [-3261.348632812,-4544.338867188] 267.9447552461032 270.2961627159175 110.46777096559396 4.829133210802183 90.08870160754964 8.74580199575719e-07 2.302195861194229e-07 -6.5525507128281955e-06 3.1474835578216587e-06 -6.61772911533387e-06 3.1490273661713495e-06
177.19425984083378 -62.40131775164443 7.03125 58.390625 [177.19425984083378,-62.40131775164443] 13.284414256049672 2.9552444628158967 0.00026605350145136387 2.921938658468001e-05 [2502.13671875,-4442.453125] 403.6331904088783 270.3995164579261 168.3848441234778 15.115302859156145 53.051792224523524 4.5921861274412787e-07 2.6732362011325327e-07 -1.349366408004311e-05 6.007094783576729e-06 -8.888012544093977e-06 5.905636255888692e-06
170.19396995900948 -62.32281474459043 9.4375 82.34375 [170.19396995900948,-62.32281474459043] 33.82508345715905 2.6313898073372317 0.0003131985769998961 3.062764971580793e-05 [-3340.2578125,-4537.291992188] 262.7716778117064 268.51832645314687 108.27263948664037 4.635102210899959 90.5802679209296 9.846280197268762e-07 2.417114375942138e-07 -6.664498909752694e-06 3.238294542680998e-06 -6.8317804267090135e-06 3.2422604419287045e-06
173.68620289215497 -62.800411276462626 61.75 606.0 [173.68620289215497,-62.800411276462626] 447.1017171785416 2.4709876128323685 0.00026662024989374336 2.448343803112744e-05 [-416.421875,-3782.318359375] 390.1586361756505 267.74481952419245 171.83291429271526 5.339915132175065 70.44775914978527 4.7975406140356325e-06 5.025169391732095e-07 6.11016986299337e-07 1.8466219649216026e-06 1.9245553480183997e-06 1.8562423757852296e-06
173.6772767609433 -62.80258195159135 61.75 606.0 [173.6772767609433,-62.80258195159135] 439.8141329919281 0.2291578100356313 0.0028855127608022266 2.457346312332027e-05 [-423.734375,-3778.354492188] 390.1586361756505 267.74481952419245 171.83291429271526 5.3006887250874115 70.48696970511355 4.719342566991406e-06 4.938283938686597e-07 5.328189392551103e-07 1.8461741571226228e-06 1.8463573009741731e-06 1.8552047960847576e-06
