data_processed/hvc_rms/hvc_rms_index_16.ecsv
# %ECSV 1.0
# ---
# datatype:
# - {name: ra_dec_obj.ra, unit: deg, datatype: float64}
# - {name: ra_dec_obj.dec, unit: deg, datatype: float64}
# - {name: 'H-alpha flux [Error]', unit: R, datatype: float32}
# - {name: H-alpha flux, unit: R, datatype: float32}
# - {name: ra_dec_deg, datatype: string, subtype: 'float64[2]'}
# - {name: RM, unit: rad / m2, datatype: float64}
# - {name: RM_uncert, unit: rad / m2, datatype: float64}
# - {name: pol_int, datatype: float64}
# - {name: pol_int_uncert, datatype: float64}
# - {name: ra_dec_pix_offsets, datatype: string, subtype: 'float64[2]'}
# - {name: interpolation_raw, unit: rad / m2, datatype: float64}
# - {name: interpolation_cor, unit: rad / m2, datatype: float64}
# - {name: interpolation_unc, unit: rad / m2, datatype: float64}
# - {name: pixel location x, datatype: float64}
# - {name: pixel location y, datatype: float64}
# meta: !!omap
# - __serialized_columns__:
#     ra_dec_obj:
#       __class__: astropy.coordinates.sky_coordinate.SkyCoord
#       dec: !astropy.table.SerializedColumn
#         __class__: astropy.coordinates.angles.Latitude
#         unit: &id001 !astropy.units.Unit {unit: deg}
#         value: !astropy.table.SerializedColumn {name: ra_dec_obj.dec}
#       frame: icrs
#       ra: !astropy.table.SerializedColumn
#         __class__: astropy.coordinates.angles.Longitude
#         unit: *id001
#         value: !astropy.table.SerializedColumn {name: ra_dec_obj.ra}
#         wrap_angle: !astropy.coordinates.Angle
#           unit: *id001
#           value: 360.0
#       representation_type: spherical
# schema: astropy-2.0
ra_dec_obj.ra ra_dec_obj.dec "H-alpha flux [Error]" "H-alpha flux" ra_dec_deg RM RM_uncert pol_int pol_int_uncert ra_dec_pix_offsets interpolation_raw interpolation_cor interpolation_unc "pixel location x" "pixel location y"
[from data line 2235]
63.46408129966922 -72.99314125714628 1.2578125 0.5756836 [63.46408129966922,-72.99314125714628] 38.58994998071687 2.5326333206147527 0.00017155942002938495 1.6147139189490882e-05 [-1490.563476562,1234.720703125] 16.481117184116403 11.055555080572764 6.4322153534100535 72.4832347984518 5.995010309073223
64.50461519941514 -72.25482917713077 1.3125 1.0976562 [64.50461519941514,-72.25482917713077] 17.916182292902466 2.971828378880407 0.0001477587572152757 1.6318703753497628e-05 [-982.90234375,-114.6962890625] 16.204983625758473 13.218343246236037 6.809600211240382 71.31519425909653 17.942933795801764
64.52173586590875 -72.25715630153263 1.3125 1.0976562 [64.52173586590875,-72.25715630153263] 19.325065338759966 2.425543660491223 0.00018094214406062632 1.6310134100095572e-05 [-973.390625,-110.7880859375] 16.204983625758473 13.218343246236037 6.809600211240382 71.38349549981501 17.950367781594423
61.338622847160806 -70.56814559903049 1.25 0.51464844 [61.338622847160806,-70.56814559903049] 29.19396683578433 3.0290379475143503 0.00018044712326963712 2.031250008590817e-05 [-2965.344726562,-3042.499023438] 25.9468807321918 25.524904741757915 6.998226546497272 50.682728129537736 32.41443482106524
68.06316345578374 -73.28395078379283 1.265625 0.6308594 [68.06316345578374,-73.28395078379283] 38.991997228495336 1.7592256262822599 0.00024229127388286704 1.5840468388808646e-05 [914.5556640625,1736.373535156] 21.44133652304227 17.63399437990765 6.908717737526964 88.230629203126 11.587511202388896
64.45118726837924 -69.86167896760823 1.3359375 1.3613281 [64.45118726837924,-69.86167896760823] 29.663411433926896 1.6266062102720689 0.000305674903102072 1.8477827670901785e-05 [-1143.521484375,-4418.092773438] 33.73130955756314 29.644387541309285 7.5475380983564895 57.54721525323248 49.769131834477776
69.69663205134636 -72.31970984507602 1.328125 1.2758789 [69.69663205134636,-72.31970984507602] 27.833679135628707 1.6049780139611747 0.00027853297954523205 1.661324292957187e-05 [1857.6484375,39.89013671875] 19.82188777180106 22.48665801758427 7.2754119098468415 88.64834660465067 27.499941112447914
61.18506157341418 -72.93582148521816 1.2890625 0.89819336 [61.18506157341418,-72.93582148521816] 23.895074809909246 0.8389643738864119 0.000539817809000307 1.683059348647998e-05 [-2696.239257812,1211.145507812] 20.09099606942936 16.170167506754858 7.2426327578848 65.31226261684242 1.4240144831492216
61.16181165663625 -72.9289626257887 1.28125 0.8491211 [61.16181165663625,-72.9289626257887] 20.036120187864988 0.8549667418635246 0.000530617453692631 1.685929676624588e-05 [-2709.52734375,1199.890625] 20.22854603563004 16.35333284343235 7.281149750322355 65.1987504950448 1.4547778749895315
72.43687455184589 -71.77895357123543 1.421875 2.2109375 [72.43687455184589,-71.77895357123543] 4.633834922937214 1.499807175288536 0.000313651290823971 1.7482003762292886e-05 [3449.345703125,-809.7587890625] 29.922702318845147 32.75047766013375 8.729673021558876 95.61438783008919 39.52429435083445
72.43719502320968 -71.77827465929164 1.421875 2.2109375 [72.43719502320968,-71.77827465929164] 4.596899231658634 1.4864361951791791 0.000316389826356106 1.7477426534970472e-05 [3449.649169922,-810.9560546875] 29.922702318845147 32.75047766013375 8.729673021558876 95.61267444137388 39.53413156020997
69.45668820036813 -71.97539495695067 1.328125 1.2597656 [69.45668820036813,-71.97539495695067] 31.024992401127456 3.083388495579025 0.00014473749947145774 1.658509701169423e-05 [1759.1953125,-586.166015625] 23.074094072259214 23.704691375015642 7.306220413573915 86.18513973834274 31.727764961105322
61.14328727867893 -70.70548983327407 1.28125 0.83740234 [61.14328727867893,-70.70548983327407] 37.06975404972456 1.8792599177594205 0.0002914101755133622 2.035168005421383e-05 [-3060.90625,-2786.4609375] 24.98791360008043 25.083019934132004 6.593173296042811 50.87876991528174 30.090931681330858
61.48957002190957 -70.53775771985164 1.265625 0.6645508 [61.48957002190957,-70.53775771985164] 34.12827738075352 3.0279613459896346 0.0001764121921692392 1.9851239391896307e-05 [-2879.604492188,-3104.331054688] 26.033086546837296 25.171995887955795 6.880474084783451 51.00991461722242 33.21494018759631
68.69229106222699 -71.56106574658345 1.375 1.7568359 [68.69229106222699,-71.56106574658345] 30.064776278810733 1.4541799843168406 0.0003044412125038059 1.6452439737407807e-05 [1363.54296875,-1350.979492188] 19.48885709169457 20.234276552663232 7.071425961922765 81.54859815204782 35.91232028417835
61.96120144983638 -72.82264708442626 1.28125 0.83251953 [61.96120144983638,-72.82264708442626] 13.074789558266252 2.9501451114392636 0.00014914819928341883 1.6351970540908694e-05 [-2302.404296875,975.7954101562] 20.019720243587177 15.375662358766723 7.0764565274311355 66.89238755386418 4.726230127903364
64.09767172943886 -69.22275567227504 1.328125 1.2680664 [64.09767172943886,-69.22275567227504] 44.67496204478051 0.39781536268035916 0.0014848834007723155 2.19524302571542e-05 [-1403.840820312,-5558.661132812] 33.46771713311041 29.8611664898229 7.264843744291994 52.70198828753246 57.58440785095581
72.64060209619933 -71.05009463118404 1.4375 2.3789062 [72.64060209619933,-71.05009463118404] 42.42580944772079 2.561588689330698 0.00019369324748182853 1.8438796904086216e-05 [3700.698486328,-2102.40234375] 41.394307914798006 37.32358046132019 10.895296481184884 93.34625004282748 49.89617861219972
73.22071066307525 -71.56819932282171 1.2109375 0.1000061 [73.22071066307525,-71.56819932282171] 21.637018268493634 1.8870697358156507 0.00026269437410275973 1.8422451623602926e-05 [3931.049804688,-1138.784179688] 36.44061762654174 36.21701116493407 9.878643884654965 97.53246143525325 43.655205584876285
71.54692110815311 -72.08639522207297 1.40625 2.0478516 [71.54692110815311,-72.08639522207297] 6.8142227995837805 0.07268254547904458 0.00632826654173276 1.7093208688553963e-05 [2902.801757812,-305.826171875] 22.152232916377965 26.602395141717732 8.449235242618135 93.84148807038844 33.86480459052905
65.46056337579981 -72.92714691072673 1.3125 1.0859375 [65.46056337579981,-72.92714691072673] 19.816623833999618 1.2083858521021003 0.00035577233661061446 1.5976679059502728e-05 [-441.71875,1083.864257812] 17.3192778877612 13.292810674280192 5.970653417836114 78.2020724682136 11.169869309526803
61.921284329463845 -70.52639006597548 1.296875 0.953125 [61.921284329463845,-70.52639006597548] 36.178714192167476 0.4412153100016217 0.0011488254500494868 1.8837068844885328e-05 [-2622.995117188,-3144.483398438] 26.774746151355302 24.80363171351294 6.545842451052685 52.42227465668054 34.49924722505352
73.7355041770398 -72.32740023488518 1.3828125 1.8120117 [73.7355041770398,-72.32740023488518] 46.201001079740216 2.3930016479965612 0.00022099283035497612 1.9653046649307663e-05 [4053.551513672,252.2119140625] 32.321251108924876 33.43261485256209 8.695639264582754 102.37098958351942 33.98498985713741
60.14139552930281 -71.24051641290133 1.3046875 1.0761719 [60.14139552930281,-71.24051641290133] 30.252645139581297 2.0489623229055316 0.0002574025997827438 1.9599978937706058e-05 [-3556.240234375,-1772.733398438] 24.334190593677192 23.327672019440115 6.469122871503137 50.996364738306056 20.446382241620313
73.30253601333432 -73.25034319879629 1.3515625 1.5205078 [73.30253601333432,-73.25034319879629] 7.301367803015443 1.3993729075896553 0.00038643270255502477 2.0096296837010066e-05 [3625.329345703,1873.819824219] 23.2593390040012 28.971576694184677 8.175451329629166 104.70507949237253 20.736523429019826
62.745835191164964 -71.68946820532263 1.3984375 1.9672852 [62.745835191164964,-71.68946820532263] 23.333543163747354 2.6940542812806534 0.00016620054787886606 1.6639776785372673e-05 [-2006.662109375,-1087.67578125] 20.78097904152043 18.625989307694276 6.412762039979263 62.27792266296001 21.27599194414438
71.00986454474183 -71.16371908914286 1.3828125 1.8149414 [71.00986454474183,-71.16371908914286] 12.934078809581347 2.0456659714166494 0.00022885485906029319 1.739816967445896e-05 [2736.045410156,-1986.01953125] 32.42453537610496 31.28665741381606 8.77865281797596 87.89418693751395 45.59414652193141
67.63467435657206 -73.2072524295629 1.265625 0.66674805 [67.63467435657206,-73.2072524295629] 23.107028090198902 0.7293524533256661 0.0005895376411211831 1.5979297802897753e-05 [695.8779296875,1592.648925781] 21.327187772368767 17.426418814118215 6.90943158548529 86.49455192557821 11.801440615727188
68.72944630443772 -72.66575632343448 1.2578125 0.5888672 [68.72944630443772,-72.66575632343448] 4.724104083420921 0.08514554167524527 0.005126781051558025 1.6222410483761373e-05 [1304.41015625,636.64453125] 15.978084672909999 18.305056325472734 7.134396702252195 87.16669675150513 21.075386925326256
71.0178835045948 -74.08632655672898 1.2578125 0.5720215 [71.0178835045948,-74.08632655672898] 2.695076244596849 1.491845508751776 0.00032779345025776456 1.817325941075806e-05 [2327.644042969,3258.1796875] 19.136701187274156 23.357775336242728 7.278244911679765 101.29632124542422 5.969251816645965
73.01425152113089 -71.4808729424791 1.3359375 1.347168 [73.01425152113089,-71.4808729424791] 62.778315494624444 3.1447811371524557 0.00015480110553931563 1.809144211547983e-05 [3831.816894531,-1308.274414062] 38.05703795512719 36.61097183103999 10.351674339506458 96.44205948082504 44.5393254050789
68.5679014671248 -74.12492366452595 1.3046875 1.0825195 [68.5679014671248,-74.12492366452595] 27.83721322502412 2.5491905294755033 0.00018433145861077786 1.7462662447290206e-05 [1118.174804688,3257.352050781] 18.799750731675154 19.689084093053847 6.7874143366804836 94.17180317646785 1.3650721973247073
73.39840719980107 -74.04061127520593 1.3359375 1.3798828 [73.39840719980107,-74.04061127520593] 27.115980883176583 3.1291159103264596 0.00020520578431604985 2.3862720388281637e-05 [3505.978759766,3291.759765625] 18.32342109069505 27.814934859249597 6.834413940518358 108.35584476706458 10.156739793643737
71.16146105261919 -71.25173174675562 1.3984375 1.9697266 [71.16146105261919,-71.25173174675562] 29.67123342862671 0.3748883617984098 0.0012394731843859005 1.7268228896267962e-05 [2811.125,-1821.135742188] 33.0041281323848 31.960509299874644 8.856613571288376 88.82539436350737 44.647657361927486
63.57463011624694 -71.19688437550424 1.3203125 1.1674805 [63.57463011624694,-71.19688437550424] 41.441479868712314 0.38483093727755924 0.001175496010439475 1.6811243596679017e-05 [-1578.627929688,-1997.759765625] 23.047706408220254 20.71574243128653 6.314031466865225 62.07482714059529 29.7598491319186
65.92822293746202 -72.04335808589481 1.3359375 1.394043 [65.92822293746202,-72.04335808589481] 21.303315381111364 2.254475202985955 0.000193378293908436 1.6201748649823415e-05 [-204.3950195312,-509.3857421875] 18.199826862625542 17.488047334146124 6.543730129368181 74.73244938989978 23.833792684202535
69.15200818698804 -71.11068726634265 1.3671875 1.6601562 [69.15200818698804,-71.11068726634265] -4.527252001484545 2.75587465770484 0.00016514751957392282 1.6913762169967295e-05 [1663.235351562,-2149.213867188] 25.20545341698767 26.9858566103497 7.236748764811019 80.98838466860832 42.92614403426592
68.58592264396815 -70.57667561384545 1.328125 1.3012695 [68.58592264396815,-70.57667561384545] -3.4170062765119185 3.147129472339333 0.00014753999735579674 1.7255719980535603e-05 [1369.934082031,-3123.516601562] 28.86765747449416 28.345766983419402 7.82396640160109 76.39169504162965 49.12946993890819
68.10114274317402 -72.28427864906475 1.328125 1.2861328 [68.10114274317402,-72.28427864906475] 16.789294523637942 1.7135030896635635 0.00025797430493759195 1.6427445915378275e-05 [988.2807617188,-61.5625] 21.184386001747708 20.16355864008553 6.926926831751866 83.17280789931192 25.01015764973249
74.03526298555374 -70.24263772472658 1.484375 2.8730469 [74.03526298555374,-70.24263772472658] -17.706031312238572 0.12121009971923581 0.0060061037879745325 2.7054551851620694e-05 [4694.368408203,-3448.100585938] 45.589500045158424 49.575522175177795 11.561269584094568 95.48657521138921 63.29370200585868
74.02076719420162 -70.24374416394764 1.484375 2.8730469 [74.02076719420162,-70.24374416394764] -17.521841865606877 2.264096976131088 0.00031988673077129246 2.6915345146407222e-05 [4685.376464844,-3447.256835938] 45.589500045158424 49.575522175177795 11.561269584094568 95.43462969964003 63.25634536842631
58.703766368013696 -71.44461847657253 1.3203125 1.2207031 [58.703766368013696,-71.44461847657253] 34.619482400747486 2.250448388387847 0.00029448613467903496 2.4628763712394254e-05 [-4336.435546875,-1313.388671875] 24.368374508286394 26.819013638622305 7.097357704143385 47.77965511972047 13.882278931584779
58.72019183389442 -71.44657145064238 1.3203125 1.2207031 [58.72019183389442,-71.44657145064238] 31.7145468790807 1.5098500441308895 0.00043658376788497446 2.449684215580034e-05 [-4326.669921875,-1311.084960938] 24.368374508286394 26.819013638622305 7.097357704143385 47.84455495513657 13.90346788436932
72.51547213714716 -72.35920716720392 1.3984375 1.9584961 [72.51547213714716,-72.35920716720392] 12.54750552545068 0.24588292448550078 0.0019093714562768071 1.7447270684375763e-05 [3385.709472656,233.6499023438] 25.54582583225237 27.982787247698656 9.021185530869882 98.3310166797969 31.697322949414456
72.59770186933676 -72.31222533799227 1.421875 2.2080078 [72.59770186933676,-72.31222533799227] 16.805912342228243 0.3055973856467881 0.0015534498175720605 1.7642314761035614e-05 [3439.138916016,154.205078125] 26.23222918619451 28.441100753618347 9.066872070618 98.41241955905605 32.46839593302343
72.53131849753602 -72.35348499268989 1.4140625 2.15625 [72.53131849753602,-72.35348499268989] 13.047361395743918 0.9017436735188001 0.0005220506991359451 1.7494619005523928e-05 [3395.368164062,224.2983398438] 25.889027509223435 28.204974663019513 9.04402880074394 98.36066910250781 31.800358330663812
67.38639792699362 -73.06947340116787 1.2890625 0.921875 [67.38639792699362,-73.06947340116787] 12.871420895661856 3.011792560187579 0.00014282138261616903 1.5985528251328748e-05 [571.3002929688,1342.109863281] 20.25427488468672 16.685410037565372 6.66093776033063 84.98516188188398 13.154190504819098
62.08520566642732 -70.01497660674853 1.3046875 1.03125 [62.08520566642732,-70.01497660674853] 49.096421027479884 1.6675782785339683 0.00035324413768928365 2.189121648718562e-05 [-2588.56640625,-4069.219726562] 31.862915162020208 28.515386466463706 6.907314974233625 49.89476663739924 41.71900001354447
62.076758673105836 -70.01669286088396 1.3046875 1.03125 [62.076758673105836,-70.01669286088396] 53.50050013223058 1.3698266910326529 0.00043106357054978914 2.1943992655645673e-05 [-2593.53515625,-4065.776367188] 31.862915162020208 28.515386466463706 6.907314974233625 49.87511592172859 41.673823643986225
63.49468210950302 -70.08339674994926 1.3046875 1.0229492 [63.49468210950302,-70.08339674994926] 48.90752093959872 1.1111266810907274 0.0004459531274146399 1.8414566239103694e-05 [-1717.44921875,-3996.849609375] 31.956880470260362 27.66922224996859 7.768388844860604 55.32754142350177 44.423107472927995
63.499465538869984 -70.08274823860782 1.3046875 1.0229492 [63.499465538869984,-70.08274823860782] 70.78051109174285 1.3950199517017792 0.0003531870030992815 1.8310231523539495e-05 [-1714.573242188,-3998.151367188] 31.956880470260362 27.66922224996859 7.768388844860604 55.34098083563549 44.44377040778568
70.29834734434664 -72.22199243793739 1.359375 1.6279297 [70.29834734434664,-72.22199243793739] 20.942784030323374 2.3830162601838563 0.00018892113811945485 1.6730782834488847e-05 [2197.587890625,-115.3916015625] 22.010480349911365 25.11033093508901 7.39671075105238 90.20580315081156 29.890757596532012
