data_processed/hvc_rms/hvc_rms_index_22_with_B.ecsv
# %ECSV 1.0
# ---
# datatype:
# - {name: ra_dec_obj.ra, unit: deg, datatype: float64}
# - {name: ra_dec_obj.dec, unit: deg, datatype: float64}
# - {name: 'H-alpha flux [Error]', unit: R, datatype: float32}
# - {name: H-alpha flux, unit: R, datatype: float32}
# - {name: ra_dec_deg, datatype: string, subtype: 'float64[2]'}
# - {name: RM, unit: rad / m2, datatype: float64}
# - {name: RM_uncert, unit: rad / m2, datatype: float64}
# - {name: pol_int, datatype: float64}
# - {name: pol_int_uncert, datatype: float64}
# - {name: ra_dec_pix_offsets, datatype: string, subtype: 'float64[2]'}
# - {name: interpolation_raw, unit: rad / m2, datatype: float64}
# - {name: interpolation_cor, unit: rad / m2, datatype: float64}
# - {name: interpolation_unc, unit: rad / m2, datatype: float64}
# - {name: pixel location x, datatype: float64}
# - {name: pixel location y, datatype: float64}
# - {name: 'B_virtual [raw]', unit: G, datatype: float64}
# - {name: 'B_virtual_unc [raw]', unit: G, datatype: float64}
# - {name: 'B_virtual [int]', unit: G, datatype: float64}
# - {name: 'B_virtual_unc [int]', unit: G, datatype: float64}
# - {name: 'B_virtual [cor]', unit: G, datatype: float64}
# - {name: 'B_virtual_unc [cor]', unit: G, datatype: float64}
# meta: !!omap
# - __serialized_columns__:
#     ra_dec_obj:
#       __class__: astropy.coordinates.sky_coordinate.SkyCoord
#       dec: !astropy.table.SerializedColumn
#         __class__: astropy.coordinates.angles.Latitude
#         unit: &id001 !astropy.units.Unit {unit: deg}
#         value: !astropy.table.SerializedColumn {name: ra_dec_obj.dec}
#       frame: icrs
#       ra: !astropy.table.SerializedColumn
#         __class__: astropy.coordinates.angles.Longitude
#         unit: *id001
#         value: !astropy.table.SerializedColumn {name: ra_dec_obj.ra}
#         wrap_angle: !astropy.coordinates.Angle
#           unit: *id001
#           value: 360.0
#       representation_type: spherical
# schema: astropy-2.0
ra_dec_obj.ra ra_dec_obj.dec "H-alpha flux [Error]" "H-alpha flux" ra_dec_deg RM RM_uncert pol_int pol_int_uncert ra_dec_pix_offsets interpolation_raw interpolation_cor interpolation_unc "pixel location x" "pixel location y" "B_virtual [raw]" "B_virtual_unc [raw]" "B_virtual [int]" "B_virtual_unc [int]" "B_virtual [cor]" "B_virtual_unc [cor]"
[from data line 37]
14.310276134733769 -36.468616367709366 1.2890625 0.85668945 [14.310276134733769,-36.468616367709366] -2.6162440366003574 2.607746062914185 0.00015916620025453342 1.5424988542819173e-05 [1765.936523438,-1391.361328125] 4.091298726495385 2.1026909751958054 2.702873464762365 46.052172779508396 58.56144618609187 -7.466467439278994e-07 2.205634879061642e-06 -1.9142575745076036e-06 2.691395225436139e-06 -1.346731196354058e-06 2.486174467837439e-06
13.874062390800377 -37.548580262645494 1.3046875 1.0356445 [13.874062390800377,-37.548580262645494] 8.871404848674885 2.1309601562173475 0.0001919295752753307 1.5199382170126094e-05 [1118.609375,545.783203125] 4.602148567730857 2.74212701405183 2.9307383635343114 58.46376952095841 26.059986060910205 2.302691060390548e-06 2.398742313759898e-06 1.1081422210276457e-06 2.164040072053647e-06 1.590935541459887e-06 2.282683852726229e-06
13.50505354068307 -34.962722883893306 1.234375 0.3614502 [13.50505354068307,-34.962722883893306] 3.0833886415281766 0.7861608266712257 0.0006596497515970143 1.9272298166275657e-05 [611.9189453125,-4110.953125] 2.196229907492109 1.179162511922689 2.7847938852775407 27.246881921600448 19.312329146158163 1.3547297578047397e-06 3.86578089849794e-06 3.8978554980321276e-07 3.3940479917098057e-06 8.366482799545348e-07 3.6224194869830584e-06
13.695941039623467 -36.94001005013425 1.2109375 0.1000061 [13.695941039623467,-36.94001005013425] -0.8192315074489399 0.3655487175596155 0.001129443887975831 1.5343294724636195e-05 [871.4306640625,-551.4794921875] 3.3738376383302437 0.1633163449976287 2.868456660091468 51.04653603639531 19.80935109905886 -6.842928903705835e-07 7.172748888080993e-06 -3.502413394992361e-06 2.213054726250159e-05 -8.207088030241287e-07 8.044636260722692e-06
13.681851325062201 -36.44538866427204 1.2109375 0.13433838 [13.681851325062201,-36.44538866427204] -24.0155857050065 0.73343540842929 0.0005537752118280089 1.5093991039413673e-05 [856.6479492188,-1441.864257812] 3.1809547255781996 -0.4239194397290462 2.9266541700869086 45.118373955175116 21.754246879655284 -1.7307795911745323e-05 7.818723123140798e-05 -1.9600278629888315e-05 8.852750624887255e-05 -1.700228134982805e-05 7.684189601957737e-05
13.68652820722517 -36.44298171773 1.2109375 0.13433838 [13.68652820722517,-36.44298171773] -15.49872249101253 0.4140832907008611 0.0009848888490783967 1.5155966251469609e-05 [863.4462890625,-1446.153808594] 3.1809547255781996 -0.4239194397290462 2.9266541700869086 45.093143376518356 22.04553994642265 -1.1169776538545986e-05 5.0605660354782284e-05 -1.346225925668898e-05 6.093363826885835e-05 -1.0864261976628714e-05 4.9280653290601936e-05
14.077389867338178 -35.395625819954596 1.2265625 0.29541016 [14.077389867338178,-35.395625819954596] -8.72653052878516 0.510199120190904 0.000899446889838716 1.7053908673072368e-05 [1448.40234375,-3326.032226562] 2.146686968684217 -0.907429345052698 2.7188252700100124 32.98911417028205 55.218746326086375 -4.241090455884959e-06 9.450000911714492e-06 -5.28437949092907e-06 1.157411375536826e-05 -3.8000801457739265e-06 8.702630074809048e-06
14.081807196399257 -35.39969645213816 1.234375 0.32128906 [14.081807196399257,-35.39969645213816] -13.401963920001776 2.571910192999426 0.00017802719604014542 1.701574053096387e-05 [1454.809570312,-3318.641601562] 2.169200237356144 -0.8935446012012895 2.7169623597660193 33.04319157611087 55.4702205127528 -6.245527255635638e-06 1.2503341106748223e-05 -7.25640889105921e-06 1.4436529002532502e-05 -5.8291213322769075e-06 1.1804325639192693e-05
13.805599166802011 -36.886001465376154 1.2109375 0.1000061 [13.805599166802011,-36.886001465376154] -1.6044577226720138 0.2911763193037574 0.0014390924026297244 1.5572324156803057e-05 [1029.911132812,-647.5908203125] 3.641783750970398 0.442007592603364 2.8015335577189964 50.4860385077269 26.27055998884748 -1.3401816245367812e-06 1.000481402899376e-05 -4.38211385785177e-06 2.727190413240989e-05 -1.7093845303797925e-06 1.2118223067930612e-05
14.537821803851337 -37.45644371814934 1.25 0.5187988 [14.537821803851337,-37.45644371814934] -20.854492744373985 2.7387828678229655 0.00015488472145090877 1.5764307030476584e-05 [2068.229492188,391.1157226562] 5.751562002319162 6.370293094216476 2.6501980876610394 58.0952493491892 61.40676593588091 -7.648015716192294e-06 9.641749950084846e-06 -9.75729917494524e-06 1.2144427991738086e-05 -9.984207840283268e-06 1.2410665338246464e-05
13.507175518533483 -35.69772339933383 1.28125 0.83325195 [13.507175518533483,-35.69772339933383] -14.158599897154852 0.6487245454539885 0.0006578625094418826 1.5860036078485947e-05 [609.4907226562,-2788.701171875] 1.4913028874122134 -1.3447673419610844 3.102157904877574 36.04651874088938 15.115795039039767 -4.097139710196735e-06 3.767858229875839e-06 -4.528684942375761e-06 4.151270632159684e-06 -3.707998148337102e-06 3.63079433111642e-06
14.408638858803766 -36.8330956264855 1.25 0.4741211 [14.408638858803766,-36.8330956264855] -5.635667685897349 1.9415864941911867 0.00021637886769952674 1.561278177005259e-05 [1899.278320312,-733.490234375] 4.06383372921589 2.9347641884002367 2.7122366399597664 50.515284911022036 60.5227380462145 -2.1619685493692182e-06 3.990752549799897e-06 -3.720946331969193e-06 5.746325176076138e-06 -3.2878099276700965e-06 5.265013195592682e-06
14.346436591463117 -36.33727635491107 1.265625 0.6743164 [14.346436591463117,-36.33727635491107] -8.65280247100358 0.45766265920038524 0.0009327217743303609 1.586376611573819e-05 [1821.341796875,-1627.04296875] 3.841401234112812 1.6805876903001438 2.823175305956242 44.540689552074696 62.04818335210689 -2.7833867832223727e-06 3.4608656131406836e-06 -4.01906799285521e-06 4.502574849145658e-06 -3.3239891581064828e-06 3.9669632269319875e-06
13.7296942154715 -36.84637836791675 1.234375 0.36535645 [13.7296942154715,-36.84637836791675] 1.2600127238523184 0.6286093440970303 0.0006702770766307083 1.565827450485274e-05 [921.1157226562,-719.6904296875] 3.5710444862123683 0.191411793739507 2.859235786365806 49.95162244841754 22.223292671716763 5.50636731103574e-07 3.209518653608989e-06 -1.0099413688552714e-06 3.73008525235008e-06 4.669880802572934e-07 3.4086196795175157e-06
13.73015516133702 -37.599372977783105 1.6875 4.8691406 [13.73015516133702,-37.599372977783105] -15.472602112170826 3.0439110352616625 0.00013538151157345836 1.5314401084348452e-05 [912.6323242188,635.6635742188] 4.601190591774221 2.751674682367821 2.929206458826323 58.96107789763607 18.28696671094781 -1.8521912702937255e-06 9.827218776821287e-07 -2.4029897064751976e-06 1.0853841493083945e-06 -2.181588212606415e-06 1.0674070637716924e-06
13.860381244639102 -36.7829093903286 1.21875 0.22265625 [13.860381244639102,-36.7829093903286] -2.9665213899041367 1.6068477275197386 0.00026015917077814693 1.5535404505324276e-05 [1110.268066406,-832.52734375] 3.8743805897145602 0.8250799577190122 2.7429370670925093 49.3009113335263 30.021369536166503 -1.6606521540900374e-06 6.069865377507961e-06 -3.829521892892773e-06 1.1335256610621687e-05 -2.1225301010165796e-06 7.2321139033714425e-06
13.411535305715724 -35.77093525664707 1.2109375 0.1472168 [13.411535305715724,-35.77093525664707] -6.677959260137519 3.1562730627344675 0.00013618124931720987 1.5973518388856344e-05 [469.2568359375,-2657.510742188] 1.2387762757604 -1.0075072091714414 3.035608803259824 36.86544203359915 8.548624312023094 -4.597415094261363e-06 1.9637548569591264e-05 -5.4502458059714044e-06 2.313034742765834e-05 -3.90380067246171e-06 1.7035650143810718e-05
14.156071783643227 -37.46257768858973 1.2265625 0.25805664 [14.156071783643227,-37.46257768858973] 1.558748515103008 1.259028157345734 0.0003290544647556288 1.5396142921401808e-05 [1522.766113281,394.9189453125] 4.502138572075986 3.827938400570255 2.8216614069728787 57.70323793078592 41.39136695007937 8.105264042923009e-07 4.170515659248505e-06 -1.5305197318185499e-06 5.392531322914258e-06 -1.1799455144325715e-06 4.868770451173251e-06
13.47008980775559 -37.67208871247541 1.2734375 0.72143555 [13.47008980775559,-37.67208871247541] -0.6359305299030644 0.7205863878376981 0.0005858912585620691 1.568959652801367e-05 [541.23046875,764.552734375] 3.8472733869893645 2.5925863513450365 3.014692126967452 59.67625424828566 4.485069407088531 -1.9776960256115286e-07 2.1954730350462752e-06 -1.3942426336719062e-06 2.682952835856291e-06 -1.004044420644087e-06 2.5419922317583116e-06
13.475745195222348 -37.67415622555057 1.2890625 0.861084 [13.475745195222348,-37.67415622555057] -31.389139197371318 0.11209355322622205 0.003768963821191336 1.5700421353363633e-05 [549.2724609375,768.306640625] 3.865150534834539 2.584481148327722 3.010068868139202 59.70382432125871 4.7708023167165265 -8.935220705333024e-06 7.0248927171525185e-06 -1.0035473020980305e-05 7.87061754713832e-06 -9.670918149084992e-06 7.6068008977595174e-06
13.471817173960156 -37.67436601932487 1.2734375 0.72143555 [13.471817173960156,-37.67436601932487] -28.77908920048877 0.46113586356872693 0.0009155809926928171 1.5690412848810023e-05 [543.6748046875,768.6616210938] 3.8472733869893645 2.5925863513450365 3.014692126967452 59.704395688814316 4.566762507638487 -8.950079868189708e-06 8.234325483130293e-06 -1.0146552899300461e-05 9.30944255969152e-06 -9.756354686272644e-06 8.975163449328766e-06
13.472043886635777 -37.66972727426476 1.2734375 0.72143555 [13.472043886635777,-37.66972727426476] -7.217235878441687 1.5869770917212769 0.00026689194766451224 1.574036619367596e-05 [544.0317382812,760.3134765625] 3.8472733869893645 2.5925863513450365 3.014692126967452 59.64891766477558 4.594278321283355 -2.244505970623989e-06 2.9912539687854655e-06 -3.4409790017347428e-06 3.896204586904896e-06 -3.050780788706923e-06 3.6313630540289784e-06
14.019336806682908 -35.63867201210644 1.2265625 0.24780273 [14.019336806682908,-35.63867201210644] 12.53126519257646 1.2070305523174782 0.00036702560659305345 1.6463544101181734e-05 [1359.114257812,-2889.630859375] 2.396827476412482 -0.7033289637569622 2.7693812639569018 35.81125980168122 48.89515809769023 6.649523235129285e-06 1.6893493428141932e-05 5.377683580467549e-06 1.3918812536720009e-05 7.022733937685629e-06 1.785622224065472e-05
13.780077989773945 -36.42316430015711 1.2109375 0.1000061 [13.780077989773945,-36.42316430015711] 3.4350589492788712 1.0467727288673425 0.00039546438156699886 1.538397185272172e-05 [999.1533203125,-1480.901367188] 3.246222955511446 -0.49400360691216694 2.855375447099058 44.931751022376716 27.717219267899964 2.8692578295908415e-06 1.8351679851504e-05 1.5773212676291845e-07 6.446130682736667e-06 3.2818922961045563e-06 2.0869342901310478e-05
13.551338067385982 -35.66223166066032 1.28125 0.8378906 [13.551338067385982,-35.66223166066032] -27.320024216120096 2.0607990381399106 0.0002084060694669341 1.5960801963005582e-05 [674.3447265625,-2852.262695312] 1.4632296385652706 -1.2443589358349714 3.0602910174847127 35.65170871488931 18.196741952613365 -7.883808172665987e-06 6.424240623200616e-06 -8.306056033493332e-06 6.789867614131224e-06 -7.524720381584266e-06 6.226679294078916e-06
13.94536483463775 -35.09074420542018 1.2421875 0.4156494 [13.94536483463775,-35.09074420542018] -6.7484951708698855 1.4534576728194808 0.00036105871629328774 1.9502438892299742e-05 [1259.428222656,-3876.344726562] 1.8380483686549491 0.019431859937880436 2.720140637283359 29.19684305462124 49.42626250756621 -2.7649799687089682e-06 5.0707532171414315e-06 -3.5180614768333994e-06 6.128459158520593e-06 -2.7729415515689396e-06 5.201291420493051e-06
13.698753196877844 -37.89826576530201 1.2265625 0.2689209 [13.698753196877844,-37.89826576530201] -5.730105512902453 1.6424858438543029 0.00024474856739860253 1.4939308538262607e-05 [864.357421875,1173.343261719] 4.15549819770775 3.779797658508173 2.838451335468553 62.51708015847316 15.281609926895044 -2.918763969488217e-06 7.601917939518633e-06 -5.035464680745972e-06 1.214826768073878e-05 -4.844092777617163e-06 1.1735931816073604e-05
13.694294964750576 -37.028739995038066 1.2109375 0.1000061 [13.694294964750576,-37.028739995038066] -88.71260642257063 1.8309597746333899 0.0002287241037939514 1.5563219435988267e-05 [868.05078125,-391.7856445312] 3.2832567915657536 0.20746020679866506 2.8679348953005794 52.10705191161105 19.24837460024196 -7.410042864469836e-05 0.0004487178260687261 -7.684288820503138e-05 0.00046532809648036275 -7.427371732226548e-05 0.00044977337131259394
14.31365969616433 -36.49396132594972 1.2734375 0.7607422 [14.31365969616433,-36.49396132594972] 6.94904089411682 1.983899202813133 0.00020737104608336437 1.5288906494099307e-05 [1770.254394531,-1345.685058594] 4.150529549098434 2.2400163582776997 2.6714216595486424 46.35791110850653 58.50333757569524 2.104528207796208e-06 2.8273189782355192e-06 8.475336604242885e-07 2.4533227477200724e-06 1.4261356520823019e-06 2.636478086187209e-06
13.615411878424815 -36.499130245469445 1.21875 0.22399902 [13.615411878424815,-36.499130245469445] -9.886167223594287 1.2616184068623038 0.0003197258216115993 1.4990441775372015e-05 [759.9243164062,-1345.706542969] 3.3184552439450505 -0.19356462353121362 2.9929025311415107 45.71315842512968 17.528321342662366 -5.5176420653704845e-06 1.5534398066270007e-05 -7.369729717938387e-06 2.051698563487023e-05 -5.409610278631687e-06 1.534150011844767e-05
13.90347854236039 -36.16628264587657 1.2109375 0.13336182 [13.90347854236039,-36.16628264587657] -12.75645775151826 2.2564059513964696 0.0001867318665398747 1.56582916544493e-05 [1181.75,-1941.789550781] 2.1999335382852445 -1.1140513345145786 2.783773573785224 41.977149336247294 36.98454508360919 -9.227052214671441e-06 4.223583823030316e-05 -1.0818316970292875e-05 4.945351772988326e-05 -8.421232132512114e-06 3.8661024067493056e-05
13.8988313885516 -36.168048804102064 1.21875 0.15917969 [13.8988313885516,-36.168048804102064] -6.2138720998084125 2.585115626074869 0.00016256325964437784 1.5617484189429903e-05 [1174.971191406,-1938.668945312] 2.184598125222479 -1.1110560762416726 2.7850821643955603 41.993617057587244 36.687079098372124 -4.114026835575209e-06 1.6510261210249105e-05 -5.560386716781917e-06 2.193555890649837e-05 -3.378428413195697e-06 1.3970414890070338e-05
14.318986089227261 -37.5447616158714 1.2109375 0.1000061 [14.318986089227261,-37.5447616158714] -80.77827098708767 1.2902170981247056 0.0003258092514664534 1.562193793965707e-05 [1753.553222656,545.6552734375] 5.010242498920893 5.24160881230085 2.7217253696095316 58.865703108694106 49.24738631513719 -6.747298661036623e-05 0.0004085913080658861 -7.165797374754345e-05 0.0004339347794385521 -7.185123086946515e-05 0.00043510482321258644
14.058240059033366 -36.68758762572056 1.2265625 0.2503662 [14.058240059033366,-36.68758762572056] -7.8661521285596905 2.958133079593236 0.00014153259974371916 1.5559043509225405e-05 [1397.208496094,-1001.474121094] 4.093286998950306 1.6185572270470825 2.6711686481360086 48.356918570040534 42.00613031672174 -4.152628852267982e-06 1.0940937849324375e-05 -6.313520405679472e-06 1.6049246152499688e-05 -5.007083143290351e-06 1.2989116429907716e-05
13.377567169018846 -35.51280233727856 1.21875 0.22570801 [13.377567169018846,-35.51280233727856] -6.3119554998489384 1.4704388968882773 0.00030460246134831297 1.6645202917724904e-05 [421.0034179688,-3122.124023438] 1.3032969005885695 -0.4060347291508042 2.9385319493481807 33.75414903758201 7.488763181348531 -3.509450157797091e-06 1.0280586786338638e-05 -4.2340838332937705e-06 1.2219092349786014e-05 -3.2836946618460356e-06 9.857428733184909e-06
