data_processed/hvc_rms/hvc_rms_index_5_with_B.ecsv
# %ECSV 1.0
# ---
# datatype:
# - {name: ra_dec_obj.ra, unit: deg, datatype: float64}
# - {name: ra_dec_obj.dec, unit: deg, datatype: float64}
# - {name: 'H-alpha flux [Error]', unit: R, datatype: float32}
# - {name: H-alpha flux, unit: R, datatype: float32}
# - {name: ra_dec_deg, datatype: string, subtype: 'float64[2]'}
# - {name: RM, unit: rad / m2, datatype: float64}
# - {name: RM_uncert, unit: rad / m2, datatype: float64}
# - {name: pol_int, datatype: float64}
# - {name: pol_int_uncert, datatype: float64}
# - {name: ra_dec_pix_offsets, datatype: string, subtype: 'float64[2]'}
# - {name: interpolation_raw, unit: rad / m2, datatype: float64}
# - {name: interpolation_cor, unit: rad / m2, datatype: float64}
# - {name: interpolation_unc, unit: rad / m2, datatype: float64}
# - {name: pixel location x, datatype: float64}
# - {name: pixel location y, datatype: float64}
# - {name: 'B_virtual [raw]', unit: G, datatype: float64}
# - {name: 'B_virtual_unc [raw]', unit: G, datatype: float64}
# - {name: 'B_virtual [int]', unit: G, datatype: float64}
# - {name: 'B_virtual_unc [int]', unit: G, datatype: float64}
# - {name: 'B_virtual [cor]', unit: G, datatype: float64}
# - {name: 'B_virtual_unc [cor]', unit: G, datatype: float64}
# meta: !!omap
# - __serialized_columns__:
#     ra_dec_obj:
#       __class__: astropy.coordinates.sky_coordinate.SkyCoord
#       dec: !astropy.table.SerializedColumn
#         __class__: astropy.coordinates.angles.Latitude
#         unit: &id001 !astropy.units.Unit {unit: deg}
#         value: !astropy.table.SerializedColumn {name: ra_dec_obj.dec}
#       frame: icrs
#       ra: !astropy.table.SerializedColumn
#         __class__: astropy.coordinates.angles.Longitude
#         unit: *id001
#         value: !astropy.table.SerializedColumn {name: ra_dec_obj.ra}
#         wrap_angle: !astropy.coordinates.Angle
#           unit: *id001
#           value: 360.0
#       representation_type: spherical
# schema: astropy-2.0
ra_dec_obj.ra ra_dec_obj.dec "H-alpha flux [Error]" "H-alpha flux" ra_dec_deg RM RM_uncert pol_int pol_int_uncert ra_dec_pix_offsets interpolation_raw interpolation_cor interpolation_unc "pixel location x" "pixel location y" "B_virtual [raw]" "B_virtual_unc [raw]" "B_virtual [int]" "B_virtual_unc [int]" "B_virtual [cor]" "B_virtual_unc [cor]"
[from data line 73]
152.90641779986078 -8.245493018825272 0.36523438 1.2407227 [152.90641779986078,-8.245493018825272] -2.6830745472310555 2.516585122454972 0.00028122631702039315 2.6301243817915054e-05 [4379.486816406,-1962.827636719] -5.327264293876425 -3.8674620295787485 5.780868940844038 33.893157676014425 18.510957132665226 -6.362737658141545e-07 1.7674348189508624e-06 6.270524869916484e-07 2.2367015929194394e-06 2.808698268761206e-07 2.2346093748542836e-06
151.69380183067182 -9.478933251032455 0.35351562 1.1220703 [151.69380183067182,-9.478933251032455] -16.974286170286984 0.18880251458052238 0.002969835310921966 2.0837655031831267e-05 [2213.072753906,245.8920898438] -4.328226671112365 -8.20590234687111 5.567360832043254 13.271707380081352 17.592058593927504 -4.232823092667101e-06 1.9076049020544637e-06 -3.153507142647842e-06 2.303034705753268e-06 -2.1865436437670156e-06 2.265834726220176e-06
151.69276438100502 -9.477314940688814 0.35351562 1.1220703 [151.69276438100502,-9.477314940688814] -17.584870796078718 0.3130574077555683 0.0017937302170304894 2.086843169782152e-05 [2211.241699219,242.97265625] -4.328226671112365 -8.20590234687111 5.567360832043254 13.276251602991579 17.619847268678313 -4.3850826149911e-06 1.9199020943052353e-06 -3.305766664971841e-06 2.310891201452769e-06 -2.3388031660910143e-06 2.2716875086234597e-06
151.6979218704523 -9.48007964128027 0.35351562 1.1220703 [151.6979218704523,-9.48007964128027] -17.209360913022376 0.3013006362023806 0.001860628781898348 2.0833799802524118e-05 [2220.378417969,247.9814453125] -4.328226671112365 -8.20590234687111 5.567360832043254 13.297447128302565 17.538209485082916 -4.291442924427386e-06 1.9128074704687496e-06 -3.2121269744081262e-06 2.306443099885373e-06 -2.2451634755273003e-06 2.268476680042558e-06
149.9789275907993 -8.769807693723148 0.36132812 1.203125 [149.9789275907993,-8.769807693723148] 1.5145711515845761 2.12370698948074 0.00025406630221420744 2.005166158203802e-05 [-833.02734375,-1033.868164062] -3.090119501886536 -4.022189042005883 6.3319722296665395 4.20732144450767 42.24684433523089 3.647396181190544e-07 1.7627729819428612e-06 1.1089034072425653e-06 2.3379909052622696e-06 1.3333647590700166e-06 2.341581291915335e-06
149.9884034029223 -8.77666009317362 0.36132812 1.203125 [149.9884034029223,-8.77666009317362] 0.3894048544389509 1.2590506024684311 0.00042943536188516803 2.009322705922546e-05 [-816.1557617188,-1021.556640625] -3.090119501886536 -4.022189042005883 6.3319722296665395 4.235209334393858 42.080087263597306 9.377662961107684e-08 1.7128722744750783e-06 8.379404187345879e-07 2.2979130195134493e-06 1.062401770562039e-06 2.3007558678665555e-06
150.59201061783708 -9.347984276909472 0.37109375 1.3125 [150.59201061783708,-9.347984276909472] -4.433079280937196 3.2078274747981466 0.00017043241379513795 2.031757636649054e-05 [257.1982421875,6.33056640625] -4.035863715045979 -7.008949467293726 5.720923167889645 4.860590034112192 29.989758575834003 -1.0221260959772954e-06 1.7836201314823853e-06 -9.158518715685341e-08 2.211813326322569e-06 5.939131629444476e-07 2.213998462347854e-06
152.85343934360432 -7.715761418923302 0.33007812 0.89575195 [152.85343934360432,-7.715761418923302] -10.540044787679824 2.733250303273472 0.000251567827608892 2.555307723325872e-05 [4290.753173828,-2916.702148438] -1.576538233805226 -0.5659780780567782 5.238030355196347 37.828830600435595 24.87336429849597 -2.941692062389203e-06 2.1823461346666574e-06 -2.501685392411967e-06 2.607514018963493e-06 -2.783729430043271e-06 2.619505535777342e-06
150.79193123270807 -7.728612171871992 0.31835938 0.7858887 [150.79193123270807,-7.728612171871992] 11.576881299750074 1.660881613605463 0.00033820775633115426 2.0875214363261814e-05 [614.8725585938,-2907.90625] -2.3819476041379595 -1.1941001420264303 5.87252970397591 19.753758028797847 45.65169212016008 3.4495282045959076e-06 2.2759395788474263e-06 4.159269907011128e-06 2.916686769224808e-06 3.805330601837475e-06 2.8928494301404262e-06
150.21701051728058 -8.74053011777814 0.3515625 1.0981445 [150.21701051728058,-8.74053011777814] 1.0349797689034372 1.4366261403532627 0.0003769916702685981 2.0127239854086973e-05 [-409.5288085938,-1086.984863281] -2.6599970904454255 -4.147889635614888 6.414651188808232 6.531826676023911 40.23849273953101 2.6088598147389416e-07 1.8018947042659841e-06 9.313879299262829e-07 2.4265725654202563e-06 1.306439035887023e-06 2.4323975660119513e-06
150.2100371850195 -8.739988402659483 0.34375 1.0356445 [150.2100371850195,-8.739988402659483] 2.027080297180293 2.943929944356897 0.0001837644973640561 2.010470871412375e-05 [-421.935546875,-1087.951660156] -2.700165564113968 -4.091586313539166 6.386709320472141 6.475112151654685 40.31267700577382 5.26155638101455e-07 1.9735889628060683e-06 1.2270195048866981e-06 2.5859236956272382e-06 1.588181257235527e-06 2.5929212593208056e-06
150.22833265061155 -8.7438498866251 0.3515625 1.0981445 [150.22833265061155,-8.7438498866251] 3.718740091218289 3.2004988139851553 0.00016854069532326387 2.0046158276501254e-05 [-389.3823242188,-1081.022460938] -2.6599970904454255 -4.147889635614888 6.414651188808232 6.604158006984562 40.091523702106315 9.373778963541439e-07 1.9477838762179985e-06 1.6078798448065327e-06 2.542810351573664e-06 1.982930950767273e-06 2.551724947178299e-06
151.0293730347334 -7.859733560130061 0.34570312 1.0629883 [151.0293730347334,-7.859733560130061] -9.603312816492467 0.48331130259320143 0.0011459757344393837 2.0583113859818698e-05 [1038.046386719,-2671.418945312] -3.383152839015165 -2.4498246530186334 6.377250140606852 20.78221040844778 41.8432341912071 -2.460398601844583e-06 1.8549379700508528e-06 -1.5936243257172661e-06 2.4472338290148593e-06 -1.8327459088384888e-06 2.4530091932460832e-06
151.0234070804461 -7.8494245392753434 0.34570312 1.0629883 [151.0234070804461,-7.8494245392753434] -13.473782661380454 1.7919903216880753 0.0003082410078252856 2.0527439409539657e-05 [1027.434570312,-2689.986328125] -3.383152839015165 -2.4498246530186334 6.377250140606852 20.813295241173364 42.01631896224717 -3.4520250100242332e-06 1.9592759879539076e-06 -2.5852507338969164e-06 2.5154607136190807e-06 -2.8243723170181386e-06 2.5243265050923757e-06
151.46817008508293 -8.89877233610591 0.37304688 1.3310547 [151.46817008508293,-8.89877233610591] -6.721236609392526 2.2814853489714206 0.00024084409440605888 2.0420312739655154e-05 [1815.529296875,-799.6713867188] -2.0798285315956333 -3.891899247666943 5.584015260016877 16.123684749614767 26.106473657151128 -1.5388626851333652e-06 1.7050359831413365e-06 -1.0626749380340242e-06 2.1230456475097228e-06 -6.477917595593615e-07 2.1184049266899115e-06
151.02563483994984 -9.174348819659533 0.33789062 0.9758301 [151.02563483994984,-9.174348819659533] -0.4861484043276838 0.5025297863511008 0.001090358336596639 2.036290618012335e-05 [1027.846679688,-305.4243164062] -5.191255813282062 -6.738670291148974 5.736774337108728 10.036673346668977 27.560236671464736 -1.2999612256920748e-07 1.8767892295926185e-06 1.2581461010482825e-06 2.4362187012431866e-06 1.6719248573692942e-06 2.445674232720471e-06
151.0268098245414 -9.178024239245598 0.33789062 0.9758301 [151.0268098245414,-9.178024239245598] -0.45342941547517934 1.8129996850401127 0.00030383586130441605 2.0471301920153444e-05 [1029.923828125,-298.8051757812] -5.191255813282062 -6.738670291148974 5.736774337108728 10.016685047532746 27.508952201584634 -1.2124706230829219e-07 1.9337074471024806e-06 1.266895161309198e-06 2.480518705932565e-06 1.6806739176302092e-06 2.48986136390942e-06
152.95054628470794 -8.024446304204973 0.3515625 1.1064453 [152.95054628470794,-8.024446304204973] -12.670165244566412 2.079389170165796 0.00035021767250957705 2.7063411333204648e-05 [4460.481933594,-2360.061523438] -5.609528216083426 -3.8929338041334143 5.722367488365749 36.107685208648036 20.47080080710566 -3.1817491487684113e-06 1.9235960828048334e-06 -1.7730767848329867e-06 2.3521295774771476e-06 -2.2041503109927844e-06 2.3642491002846717e-06
152.9982909692805 -8.04342913667258 0.34765625 1.065918 [152.9982909692805,-8.04342913667258] -9.512527617625036 2.585399123471871 0.0002905906333388368 2.7920160588493604e-05 [4545.285644531,-2325.29296875] -6.202003882411705 -4.104713022666943 5.750408270949716 36.359652617541315 19.76616955540453 -2.4337875949411904e-06 1.9622893175988933e-06 -8.470000743642702e-07 2.415476901480251e-06 -1.3835935732333684e-06 2.4240576157713555e-06
150.62564079675434 -7.749999522342928 0.328125 0.88793945 [150.62564079675434,-7.749999522342928] -0.6059404343756348 0.2810122106870675 0.001963438602650816 2.0504596146919006e-05 [318.255859375,-2869.643554688] -2.2034784163043244 -0.9520908113350286 5.704560593717023 18.115650878849465 47.06269477008209 -1.6985834629731277e-07 1.964143773261308e-06 4.4782480977220105e-07 2.5342208691469014e-06 9.703351561461386e-08 2.532627527001462e-06
151.58863839973193 -10.661630582386 0.32226562 0.79467773 [151.58863839973193,-10.661630582386] -11.367543287251316 1.3114455694755414 0.0004243359539182202 2.0680869990141694e-05 [2018.9921875,2373.895507812] -11.281938164445318 -13.876379648251909 5.925029296057206 2.5217785746526715 6.121052554028211 -3.368369516747517e-06 2.238682645493114e-06 -2.5366051296284353e-08 2.7451312282857885e-06 7.434049475210359e-07 2.7500748636367347e-06
152.59756464184792 -7.745127435636397 0.32421875 0.8383789 [152.59756464184792,-7.745127435636397] -11.093915920783202 0.7597392396103467 0.0008435510077338052 2.381686579699403e-05 [3834.442871094,-2866.810546875] -0.3311132580537501 -0.5441282165388848 5.507623954444567 35.377519875987446 27.19756446053043 -3.200466847675928e-06 2.142901870228034e-06 -3.10494448994454e-06 2.6625531451033345e-06 -3.043492130150325e-06 2.659323624636215e-06
152.59933473643534 -7.748380867317931 0.32421875 0.8383789 [152.59933473643534,-7.748380867317931] -11.49823595305646 0.32829777530524124 0.0019496109913873722 2.3786174878986582e-05 [3837.568115234,-2860.9375] -0.3311132580537501 -0.5441282165388848 5.507623954444567 35.36600903381691 27.14343049887657 -3.3171085158102277e-06 2.1418546762207017e-06 -3.2215861580788403e-06 2.6615199845920107e-06 -3.1601337982846247e-06 2.6581665498819382e-06
150.69137586407632 -7.881219445333796 0.33398438 0.935791 [150.69137586407632,-7.881219445333796] 0.34466000585066947 0.1334800825739123 0.004174982385981243 2.070998657518474e-05 [435.3608398438,-2633.461914062] -2.829702795344928 -1.680157817179904 5.964305330793835 17.63792420052596 44.96518945290927 9.411310231730343e-08 1.911864902536798e-06 8.667937272379725e-07 2.51739543169048e-06 5.528981712933079e-07 2.5138574121970523e-06
152.52142338560824 -7.506005295379955 0.34765625 1.0756836 [152.52142338560824,-7.506005295379955] -1.0070811099882784 0.042537525359748356 0.015017267064739857 2.3739514256660558e-05 [3700.797851562,-3297.842773438] 0.2133669352143689 -0.3265689146595996 5.4039912744627125 36.68530047874265 30.62497852966453 -2.5649022095380975e-07 1.7834713470894787e-06 -3.1083195352588393e-07 2.2530191654093903e-06 -1.7331744346157632e-07 2.2525135925052295e-06
151.47750857802035 -10.332415492672569 0.34570312 1.0493164 [151.47750857802035,-10.332415492672569] -14.722368926614518 0.4671299517734932 0.0011689372467185409 2.0292596264138258e-05 [1824.387207031,1780.827148438] -7.327518791766343 -10.873691332393022 5.890649369670127 4.331346551635306 10.699227264884712 -3.7964099161353077e-06 1.9443802454644165e-06 -1.9068862164920532e-06 2.38919882187019e-06 -9.92446110781587e-07 2.3695681084894513e-06
151.31552133647423 -10.248542709450609 0.32421875 0.83691406 [151.31552133647423,-10.248542709450609] -5.068413532559998 0.9319069485509853 0.0005926193128625639 2.0523765965956067e-05 [1537.986328125,1629.105957031] -7.638289637148239 -10.619191552810106 5.460495138712706 3.65239442671259 13.206575243008956 -1.4634579336226626e-06 2.0628376466878487e-06 7.420281611842699e-07 2.5823624527250007e-06 1.6027362564889836e-06 2.6001274479441428e-06
151.54980460301104 -10.007858206709445 0.34179688 1.0107422 [151.54980460301104,-10.007858206709445] -10.094270816041965 0.3618738220953637 0.0015252232426003008 2.0511588037437354e-05 [1954.371582031,1197.075195312] -7.634482419916393 -10.206319091455807 5.424095046482318 7.649208770921177 13.406925141377315 -2.6521824061158636e-06 1.9104265110076814e-06 -6.462881396647757e-07 2.3319497635531543e-06 2.943971586495847e-08 2.3286685096051558e-06
151.54501332275453 -10.006585112691484 0.34179688 1.0107422 [151.54501332275453,-10.006585112691484] -9.402505514822389 0.5840788163485651 0.000944505544794315 2.050145434082884e-05 [1945.887695312,1194.757324219] -7.634482419916393 -10.206319091455807 5.424095046482318 7.618995682956665 13.468578337763574 -2.4704270525602326e-06 1.9052769807773047e-06 -4.645327861091443e-07 2.33347225130842e-06 2.1119506942058991e-07 2.332126089014707e-06
150.09317026158593 -8.84261332130245 0.33789062 0.96728516 [150.09317026158593,-8.84261332130245] -4.614392032495206 2.2908955231913635 0.00023610928828912583 2.0101434856140056e-05 [-629.67578125,-903.0610351562] -3.1985663053143636 -4.309037894055612 6.412795605712564 4.6212504346872265 40.34215141037771 -1.2393268575042464e-06 1.993103197658394e-06 -3.802604626750514e-07 2.623966505706552e-06 -8.201158075717795e-08 2.6229520681015964e-06
152.21861264716028 -10.273257343976237 0.36914062 1.2929688 [152.21861264716028,-10.273257343976237] -38.39968391750601 2.028285577944618 0.0002875211381591502 2.167242879408561e-05 [3136.9296875,1679.56640625] -8.416800707148255 -12.11625904000295 5.862391681628119 11.095091115364312 3.8345352508222277 -8.920357697684617e-06 2.265457169375676e-06 -6.96511053629695e-06 2.4703089372700566e-06 -6.105715659827686e-06 2.4046912853637482e-06
152.22398372135748 -10.264404369498225 0.36914062 1.2929688 [152.22398372135748,-10.264404369498225] -13.483131565296063 2.7426044584393217 0.00021443479299013618 2.1855821434841205e-05 [3146.526123047,1663.681152344] -8.416800707148255 -12.11625904000295 5.862391681628119 11.21477284332832 3.8731620221435605 -3.1321704810323027e-06 1.8247080134921677e-06 -1.1769233196446358e-06 2.223570290123863e-06 -3.175284431753714e-07 2.215330830762867e-06
150.5685426035381 -9.296844418659198 0.33398438 0.9416504 [150.5685426035381,-9.296844418659198] 2.1317239020210867 3.047392262380519 0.00017809647905195626 2.0169372982920617e-05 [215.5483398438,-85.73681640625] -3.8697899234003543 -6.776220626703169 5.701212093828165 5.0749057181897115 30.77099666009667 5.802761801728421e-07 2.0814053948078123e-06 1.633670999592519e-06 2.6139927542285423e-06 2.4248299788818275e-06 2.638171372190039e-06
149.64659115340575 -8.860686387161241 0.34765625 1.0693359 [149.64659115340575,-8.860686387161241] -4.626649323459348 0.8446952038071892 0.0006433844475323258 2.01966477012929e-05 [-1423.8515625,-869.2299804688] -2.864749389683994 -4.0954911207015865 6.272188753233232 0.5543658738840804 44.48851684944725 -1.1818385075071886e-06 1.8144002102003848e-06 -4.5006246260158644e-07 2.4120100216210757e-06 -1.356798783980605e-07 2.410691746952354e-06
152.6820068448058 -7.925518764695864 0.33398438 0.9345703 [152.6820068448058,-7.925518764695864] -19.47308664173133 1.9600742745784079 0.0003362254358977257 2.449129769123183e-05 [3983.216308594,-2541.2890625] -2.212219651146359 -1.7794946208496287 5.463387529434455 34.61764488962808 24.34011469716097 -5.320806186764461e-06 2.253525219695468e-06 -4.716341562184794e-06 2.657819855893644e-06 -4.834578904868643e-06 2.6663099490873416e-06
