data_processed/hvc_rms/hvc_rms_index_18_with_B.ecsv
# %ECSV 1.0
# ---
# datatype:
# - {name: ra_dec_obj.ra, unit: deg, datatype: float64}
# - {name: ra_dec_obj.dec, unit: deg, datatype: float64}
# - {name: 'H-alpha flux [Error]', unit: R, datatype: float32}
# - {name: H-alpha flux, unit: R, datatype: float32}
# - {name: ra_dec_deg, datatype: string, subtype: 'float64[2]'}
# - {name: RM, unit: rad / m2, datatype: float64}
# - {name: RM_uncert, unit: rad / m2, datatype: float64}
# - {name: pol_int, datatype: float64}
# - {name: pol_int_uncert, datatype: float64}
# - {name: ra_dec_pix_offsets, datatype: string, subtype: 'float64[2]'}
# - {name: interpolation_raw, unit: rad / m2, datatype: float64}
# - {name: interpolation_cor, unit: rad / m2, datatype: float64}
# - {name: interpolation_unc, unit: rad / m2, datatype: float64}
# - {name: pixel location x, datatype: float64}
# - {name: pixel location y, datatype: float64}
# - {name: 'B_virtual [raw]', unit: G, datatype: float64}
# - {name: 'B_virtual_unc [raw]', unit: G, datatype: float64}
# - {name: 'B_virtual [int]', unit: G, datatype: float64}
# - {name: 'B_virtual_unc [int]', unit: G, datatype: float64}
# - {name: 'B_virtual [cor]', unit: G, datatype: float64}
# - {name: 'B_virtual_unc [cor]', unit: G, datatype: float64}
# meta: !!omap
# - __serialized_columns__:
#     ra_dec_obj:
#       __class__: astropy.coordinates.sky_coordinate.SkyCoord
#       dec: !astropy.table.SerializedColumn
#         __class__: astropy.coordinates.angles.Latitude
#         unit: &id001 !astropy.units.Unit {unit: deg}
#         value: !astropy.table.SerializedColumn {name: ra_dec_obj.dec}
#       frame: icrs
#       ra: !astropy.table.SerializedColumn
#         __class__: astropy.coordinates.angles.Longitude
#         unit: *id001
#         value: !astropy.table.SerializedColumn {name: ra_dec_obj.ra}
#         wrap_angle: !astropy.coordinates.Angle
#           unit: *id001
#           value: 360.0
#       representation_type: spherical
# schema: astropy-2.0
ra_dec_obj.ra ra_dec_obj.dec "H-alpha flux [Error]" "H-alpha flux" ra_dec_deg RM RM_uncert pol_int pol_int_uncert ra_dec_pix_offsets interpolation_raw interpolation_cor interpolation_unc "pixel location x" "pixel location y" "B_virtual [raw]" "B_virtual_unc [raw]" "B_virtual [int]" "B_virtual_unc [int]" "B_virtual [cor]" "B_virtual_unc [cor]"
[from data line 3007]
182.6077881718198 -61.49146265985392 6.375 51.640625 [182.6077881718198,-61.49146265985392] 310.74100382927384 2.2439235756922336 0.00022695098424360994 1.8925564193064818e-05 [-2176.22265625,2148.255859375] 223.90763572555232 270.3614994411176 111.58727298304841 31.89982547894442 25.29965934746042 1.142224453655324e-05 1.2754886566306455e-06 3.1918284107693046e-06 4.1253572199137405e-06 1.4842732941667063e-06 4.113815130565697e-06
184.03231838479854 -60.2933692588904 14.25 130.625 [184.03231838479854,-60.2933692588904] 257.21420233063765 2.3072804670373044 0.00020130542911126473 1.726094546260806e-05 [-989.546875,-41.6796875] 103.98485150013991 140.07688678235218 58.69774223541132 47.34568099269018 19.194074685420674 5.944706633263738e-06 6.48390399790687e-07 3.5414200694945672e-06 1.4171539683304384e-06 2.7072648805273847e-06 1.3966378422185533e-06
182.48057555677255 -62.740627316454365 5.6875 44.890625 [182.48057555677255,-62.740627316454365] 10.547608102008482 2.5672882034315534 0.00028802500090111227 2.7479796677892597e-05 [-2193.088867188,4398.04675293] 575.1070900653002 348.4068171815227 256.2340733943876 16.987669600263644 23.61541205706294 4.1583859360515017e-07 2.974911666948911e-07 -2.2257711768923532e-05 1.039893376563769e-05 -1.3320071904588532e-05 1.0212056972198887e-05
180.4752660469459 -60.23083109090816 5.5 42.859375 [180.4752660469459,-60.23083109090816] 262.1775696471846 0.1603077858410321 0.0033243507623818562 1.9804786279688682e-05 [-4165.873046875,-15.04541015625] 75.28941653016068 134.6329583497502 45.844103141215285 44.61562218309109 40.21615391900718 1.0578430830993996e-05 1.2028828253144659e-06 7.540627535532891e-06 2.0484129583260284e-06 5.1462138820326575e-06 1.9557288213249994e-06
180.48431377402957 -60.22352981742787 5.5 42.859375 [180.48431377402957,-60.22352981742787] 261.6685670523128 0.2476905155088489 0.0021505541614356763 1.9795590666012113e-05 [-4158.740234375,-28.72607421875] 75.28941653016068 134.6329583497502 45.844103141215285 44.71191916761791 40.17993735454843 1.0557893419079263e-05 1.2007006040690123e-06 7.520090123618159e-06 2.0475045523861914e-06 5.125676470117925e-06 1.9550846537953913e-06
182.86837816599723 -59.60589994843731 6.09375 49.0 [182.86837816599723,-59.60589994843731] 122.0271466674427 0.0815979434315725 0.005730752640819131 1.7377991459144052e-05 [-2069.827148438,-1251.715820312] 75.47197660712241 80.84785047175706 50.5819077677019 54.48834694291577 27.323380200886277 4.6047605393870175e-06 5.687876623249209e-07 1.7567845832079175e-06 1.936488621595879e-06 1.5539230682693223e-06 1.9344123924392185e-06
181.13687103443195 -61.69514076294014 5.84375 46.40625 [181.13687103443195,-61.69514076294014] 31.99000784114269 1.2769100386355785 0.00043273423567990994 2.0534789726626152e-05 [-3415.297851562,2576.736816406] 258.70775748929964 267.1871717412879 108.03031936097469 28.066832294965707 33.16108138194386 1.2404370888123015e-06 3.07716102101441e-07 -8.791154624036829e-06 4.307654126160703e-06 -9.11995041495384e-06 4.31589296614851e-06
180.1657410859812 -61.73505400731967 5.65625 44.640625 [180.1657410859812,-61.73505400731967] 562.6571318186546 1.6021292281917114 0.0003711265055239906 2.209674068230454e-05 [-4236.106445312,2704.745849609] 242.8061143534426 262.40300186938975 95.70901504882197 26.557135010315505 38.494614605406696 2.224473974525114e-05 2.46470405852725e-06 1.2645361159414925e-05 4.041696775490705e-06 1.1870595075494201e-05 4.0131315779277995e-06
182.71920824308725 -60.04095079907707 6.21875 50.296875 [182.71920824308725,-60.04095079907707] 342.31333952524085 1.7418280236936614 0.0002696561404885127 1.7455178363350526e-05 [-2176.934570312,-464.3442382812] 89.57159507443463 120.98298318522177 60.49119930896322 49.191309888763726 27.39934114973107 1.274975842940561e-05 1.4177951801608733e-06 9.413586368686453e-06 2.490955955379697e-06 8.243641864331814e-06 2.441020684626149e-06
185.1166992002057 -62.136894241935735 5.84375 46.375 [185.1166992002057,-62.136894241935735] 484.0048217790027 3.2638763512895457 0.00016298500691594195 1.9769243740813835e-05 [-21.00634765625,3267.782470703] 269.42227120631713 283.53874769726536 141.9496437612057 26.210743213070145 10.139316235030492 1.8773980442586403e-05 2.0841927844898146e-06 8.323405938322153e-06 5.589510786739731e-06 7.775844340515794e-06 5.579985001299223e-06
183.73361256965453 -58.32534009179974 5.1875 39.75 [183.73361256965453,-58.32534009179974] 268.4056225862188 2.0349622582519618 0.0002517143361748759 1.9035882402869516e-05 [-1330.844726562,-3577.514648438] 12.422732197719574 -15.950536219362178 31.56277080966283 70.47792916000708 24.2990679129789 1.1245316338428403e-05 1.2868598845394821e-06 1.0724844553952046e-05 1.8064825771541702e-06 1.1913591554968136e-05 1.8962973916933722e-06
184.37294016261737 -61.51956551167381 5.8125 46.265625 [184.37294016261737,-61.51956551167381] 408.2508927378819 1.3063076765402195 0.00037696788871694674 1.830031391184766e-05 [-659.8359375,2160.833496094] 199.45119189472936 267.52324736999105 99.35899148806566 33.0304694850729 15.250806935778883 1.5854281338614465e-05 1.76190662230943e-06 8.108663715063335e-06 3.969518048512925e-06 5.46510913134931e-06 3.914694038686309e-06
184.3736116022391 -61.514526300672095 5.8125 46.265625 [184.3736116022391,-61.514526300672095] 416.9302068246166 2.342082338070056 0.00021003788815031699 1.8281360177727284e-05 [-659.3666992188,2151.758789062] 199.45119189472936 267.52324736999105 99.35899148806566 33.09092077219043 15.254941914789242 1.6191339480568465e-05 1.8000347090920947e-06 8.445721857017333e-06 3.978691540614533e-06 5.80216727330331e-06 3.921259447020899e-06
181.8169861798616 -60.72606652492674 6.40625 51.984375 [181.8169861798616,-60.72606652492674] 636.8248313991321 1.9642919497979217 0.0002500227698523826 1.8251320944389197e-05 [-2924.703125,802.625] 120.02130582187091 194.61496601769886 63.17027751365194 40.20520807062826 31.33441239283775 2.33309385630252e-05 2.55865017884762e-06 1.89337957785142e-05 3.113178887910629e-06 1.6200956200954958e-05 2.923968743824492e-06
180.58537287773126 -59.26139842433571 5.21875 40.1875 [180.58537287773126,-59.26139842433571] 328.18229076794097 2.2418217486392185 0.00023219815811890737 1.9344991876182872e-05 [-4187.556640625,-1762.649902344] 47.45450211518065 59.10517874267445 38.7439276504435 56.16302686275458 41.77707502617545 1.3674714918369872e-05 1.5481759549078466e-06 1.1697378522491232e-05 2.0940881090680514e-06 1.1211917588221175e-05 2.0611241613835547e-06
185.84985338010299 -59.68238065541229 4.875 36.859375 [185.84985338010299,-59.68238065541229] 43.99324555569816 2.9061206142891 0.00016365316343814755 1.767448397426671e-05 [643.37890625,-1146.332519531] 44.351958977275714 60.71804618622021 41.67358409859331 55.96029950251523 9.256919478873897 1.9140825040034755e-06 3.929911718186176e-07 -1.560710230672874e-08 1.842901740439142e-06 -7.27671892934077e-07 1.8446919508659844e-06
185.85505665994586 -59.6721382075254 5.0 37.984375 [185.85505665994586,-59.6721382075254] 14.951407882855449 0.8634672370119839 0.000550911930245796 1.7678147128092362e-05 [648.3041992188,-1164.715820312] 42.30043843416073 59.55274354087965 41.36627281279808 56.08590758089167 9.238920537262402 6.408084519179836e-07 3.1061876487791685e-07 -1.17216318799889e-06 1.8032621641930049e-06 -1.9115867268437075e-06 1.8111050292113388e-06
185.52578757242398 -58.41781632639397 5.25 40.359375 [185.52578757242398,-58.41781632639397] 6.817880563136679 2.1575978338999606 0.00022797279327643153 1.8279411983557836e-05 [361.9838867188,-3424.336914062] 15.31298903517931 -18.904851245991118 34.71480720971626 70.81802830959623 12.941269102835122 2.834822081731113e-07 3.061891141651531e-07 -3.532200492548395e-07 1.4757187266803657e-06 1.0695313222297784e-06 1.4799702564402957e-06
179.82125858596598 -60.53178036756754 6.5625 53.5 [179.82125858596598,-60.53178036756754] 46.45183063566181 1.1676631087762115 0.000498365970606237 2.1625922518128644e-05 [-4704.46875,569.1103515625] 107.26718613717063 160.27238012763257 50.00445245826289 40.31430130807121 43.31374905649045 1.677546538158896e-06 3.1474484680100536e-07 -2.1962662761052922e-06 1.8395582768073475e-06 -4.110478880137217e-06 1.8780769629941225e-06
179.82383771199727 -60.52323925519553 6.5625 53.5 [179.82383771199727,-60.52323925519553] 59.29800120712069 2.2117307588590855 0.0002624801635216661 2.1574336531669997e-05 [-4703.435546875,553.6025390625] 107.26718613717063 160.27238012763257 50.00445245826289 40.41776445348387 43.31942038201487 2.1414690289596185e-06 3.5310258641814005e-07 -1.7323437853045696e-06 1.8349271639342769e-06 -3.6465563893364953e-06 1.8679102885886934e-06
184.53498864332806 -59.73176949802339 5.5 42.859375 [184.53498864332806,-59.73176949802339] 121.94061598462635 0.8139240106616287 0.0005740219435050639 1.7362851795299074e-05 [-550.5024414062,-1058.339355469] 68.76123378527163 74.53962805942467 54.60892647735776 54.42561203759237 17.099093547064285 4.920101950056438e-06 6.136694205152172e-07 2.145700019219429e-06 2.234273806334774e-06 1.912551377916521e-06 2.231685478743424e-06
184.89030464437224 -61.32015619612671 5.5 43.03125 [184.89030464437224,-61.32015619612671] 363.8444457641945 0.7857581781513809 0.0006216118091766633 1.8151681788363687e-05 [-217.1669921875,1798.522949219] 136.55635668963347 233.86650373982496 67.33512832856698 35.78222595915645 12.609265743043352 1.4651173214549836e-05 1.6419065221390153e-06 9.152364977404668e-06 2.9073899680139353e-06 5.233910713327034e-06 2.786767698698762e-06
182.8726198507477 -58.754799086971786 5.25 40.640625 [182.8726198507477,-58.754799086971786] 457.23815338559103 1.0801268384747198 0.0004496070669636959 1.804748083965267e-05 [-2118.083007812,-2782.615234375] 40.6905464600879 11.68740554644162 37.72026126422153 64.58274481389344 28.879503190343485 1.894571095577418e-05 2.1192023451138797e-06 1.725969388533253e-05 2.486904562972221e-06 1.8461442078240105e-05 2.590656623508105e-06
184.57398958378212 -61.397434356504334 5.84375 46.359375 [184.57398958378212,-61.397434356504334] 396.49899291448986 2.1543190121998532 0.00022982123022347094 1.839962036569987e-05 [-489.1953125,1939.297363281] 166.5762365413407 247.3373805377421 80.79410018259966 34.63328936136327 14.29791027658689 1.5382323358605133e-05 1.7138392872101013e-06 8.919937374964063e-06 3.2963567228770347e-06 5.786779273774549e-06 3.210870907980364e-06
184.25004593466255 -60.998680213974325 6.21875 50.140625 [184.25004593466255,-60.998680213974325] 400.06074343475734 2.4857842708806683 0.0001913898343442066 1.7680355996129555e-05 [-778.1201171875,1224.78515625] 130.03525521833689 222.04622483098188 73.09158765782723 39.13229428272598 16.78121309427388 1.4923809624112884e-05 1.6544837100263228e-06 1.0072992779050776e-05 2.9535045505758638e-06 6.640628528462699e-06 2.8351193532314234e-06
179.68322748765112 -59.50649255650725 4.9375 37.421875 [179.68322748765112,-59.50649255650725] 231.25668752023668 2.043270316266705 0.0003129025535800398 2.3759846818344526e-05 [-4978.247070312,-1260.080566406] 54.052019464282914 75.80604168555695 40.71846686534186 52.19700352449422 46.61184005671839 9.98573790378175e-06 1.157934270091339e-06 7.65175437522668e-06 1.979799753156554e-06 6.712408721771028e-06 1.9369025190577325e-06
185.77755723095746 -60.19325628486565 6.15625 49.5625 [185.77755723095746,-60.19325628486565] 79.28303167046388 3.292113547600949 0.00014560409030157877 1.781382101641405e-05 [568.876953125,-227.4907226562] 67.39798070538559 99.04133148215928 47.92076669754466 49.819019524410805 9.018610613876263 2.974762379180757e-06 4.359493851396613e-07 4.4593656095938736e-07 1.82195312668903e-06 -7.413471170061502e-07 1.8231036720484881e-06
185.84629823353427 -57.957687201707884 5.375 41.8125 [185.84629823353427,-57.957687201707884] 264.68827680473 0.6777134767627809 0.0009128321164275395 2.2990358140282593e-05 [672.7553710938,-4249.458007812] 15.701939812818562 -25.687125427504704 31.02521758877195 76.53115525842031 11.537707342035901 1.0812603390358776e-05 1.229846911174567e-06 1.0171173971176213e-05 1.718770922122589e-06 1.1861930934588893e-05 1.8465700074692247e-06
185.85171531145093 -57.95856488478301 5.375 41.8125 [185.85171531145093,-57.95856488478301] 268.14635578043186 1.5245693748799738 0.00040285064028545476 2.282443064866579e-05 [677.9116210938,-4247.82421875] 15.701939812818562 -25.687125427504704 31.02521758877195 76.52444467830469 11.502157142668239 1.0953867056842906e-05 1.2462923214359012e-06 1.0312437637660344e-05 1.7299358482936851e-06 1.2003194601073023e-05 1.858539224453895e-06
186.3074952621084 -59.50428002555747 4.9375 37.484375 [186.3074952621084,-59.50428002555747] 178.78293918169803 1.0075443383788063 0.00046884341345729817 1.7554994160220626e-05 [1064.768066406,-1460.9375] 24.982523944656965 35.50621023721908 34.2343426909703 58.37813253958734 6.7140140121853165 7.713466007907837e-06 9.127480823496981e-07 6.635612326114345e-06 1.6799777109885595e-06 6.1815751743195315e-06 1.6582956644605477e-06
181.39710944829406 -62.20536801307731 5.6875 44.75 [181.39710944829406,-62.20536801307731] 583.9023040455527 2.0095154221913774 0.00029060051545297605 2.1701833492350904e-05 [-3140.743164062,3480.223388672] 406.3077065255629 324.62225321329396 179.11424973501119 22.30547166333986 30.621159484392138 2.305644275443753e-05 2.556443495413765e-06 7.012645168287559e-06 7.120535231425915e-06 1.0238143620880885e-05 7.167804760764946e-06
183.80006441014902 -61.25365437114814 6.125 49.09375 [183.80006441014902,-61.25365437114814] 228.9564150350627 2.06301098258388 0.00023247570409101927 1.7823287593716303e-05 [-1161.322265625,1690.252929688] 181.84609288781604 265.28336478895983 87.9523389405312 35.744845890737 18.94653329085986 8.631541187100727e-06 9.844223958806867e-07 1.7760353466805915e-06 3.332832219989057e-06 -1.3695076547843531e-06 3.3305309891415415e-06
181.7258761860568 -59.492511883033416 5.21875 40.171875 [181.7258761860568,-59.492511883033416] 394.03910884172285 0.5410145734752748 0.0008978823853108124 1.8052490236808446e-05 [-3119.491210938,-1410.64453125] 55.170244688434984 72.9175598127079 43.37881342463715 54.695729388110294 34.409403851416755 1.6422032643369927e-05 1.8460481640132861e-06 1.412274930096416e-05 2.410615748990703e-06 1.3383109550078289e-05 2.3580588395600457e-06
179.2891086022786 -59.22323621104318 4.84375 36.296875 [179.2891086022786,-59.22323621104318] 269.6243759681591 1.3050470301291661 0.000539865467143114 2.6183060803127e-05 [-5381.221679688,-1737.0546875] 46.723898418926844 52.25104357308253 39.4172251176006 55.026408503780885 49.67426064324695 1.1821515861001633e-05 1.3607358838339234e-06 9.772935111342703e-06 2.0695606405742523e-06 9.530600812482328e-06 2.055325682768079e-06
182.7747342651713 -61.16019049342876 6.09375 48.890625 [182.7747342651713,-61.16019049342876] 567.8536161852693 1.3620136931253852 0.00036215424133360143 1.8330898502356422e-05 [-2054.543945312,1547.116210938] 179.3346077393522 247.08025821195392 75.93672329869159 35.97675707081248 24.974984444241727 2.1452219666950896e-05 2.363789502629904e-06 1.4677365568186323e-05 3.29904957256713e-06 1.2118088786290174e-05 3.172052089619859e-06
