data_processed/hvc_rms/hvc_rms_index_12.ecsv
# %ECSV 1.0
# ---
# datatype:
# - {name: ra_dec_obj.ra, unit: deg, datatype: float64}
# - {name: ra_dec_obj.dec, unit: deg, datatype: float64}
# - {name: 'H-alpha flux [Error]', unit: R, datatype: float32}
# - {name: H-alpha flux, unit: R, datatype: float32}
# - {name: ra_dec_deg, datatype: string, subtype: 'float64[2]'}
# - {name: RM, unit: rad / m2, datatype: float64}
# - {name: RM_uncert, unit: rad / m2, datatype: float64}
# - {name: pol_int, datatype: float64}
# - {name: pol_int_uncert, datatype: float64}
# - {name: ra_dec_pix_offsets, datatype: string, subtype: 'float64[2]'}
# - {name: interpolation_raw, unit: rad / m2, datatype: float64}
# - {name: interpolation_cor, unit: rad / m2, datatype: float64}
# - {name: interpolation_unc, unit: rad / m2, datatype: float64}
# - {name: pixel location x, datatype: float64}
# - {name: pixel location y, datatype: float64}
# meta: !!omap
# - __serialized_columns__:
#     ra_dec_obj:
#       __class__: astropy.coordinates.sky_coordinate.SkyCoord
#       dec: !astropy.table.SerializedColumn
#         __class__: astropy.coordinates.angles.Latitude
#         unit: &id001 !astropy.units.Unit {unit: deg}
#         value: !astropy.table.SerializedColumn {name: ra_dec_obj.dec}
#       frame: icrs
#       ra: !astropy.table.SerializedColumn
#         __class__: astropy.coordinates.angles.Longitude
#         unit: *id001
#         value: !astropy.table.SerializedColumn {name: ra_dec_obj.ra}
#         wrap_angle: !astropy.coordinates.Angle
#           unit: *id001
#           value: 360.0
#       representation_type: spherical
# schema: astropy-2.0
ra_dec_obj.ra ra_dec_obj.dec "H-alpha flux [Error]" "H-alpha flux" ra_dec_deg RM RM_uncert pol_int pol_int_uncert ra_dec_pix_offsets interpolation_raw interpolation_cor interpolation_unc "pixel location x" "pixel location y"
[from data line 1271]
61.32480634738984 -57.74060438181313 1.2421875 0.3922119 [61.32480634738984,-57.74060438181313] 24.445862615948652 0.5706721217044429 0.0009094703057122154 1.9287852850357434e-05 [2713.849609375,3683.905517578] 24.457563598621114 23.91296002332311 6.476241062567201 103.31678491402329 88.4194360960987
61.233955279568015 -56.3688545014143 1.2265625 0.28759766 [61.233955279568015,-56.3688545014143] 21.78052823912032 1.5205554682922597 0.00029446443936572005 1.6639636158680863e-05 [2725.499511719,1213.931152344] 27.46221958215782 26.128592669600216 6.192094218134362 97.0215940151196 109.8477183923942
61.23339845036244 -56.37437045715896 1.2265625 0.28759766 [61.23339845036244,-56.37437045715896] 19.281644285824324 1.1418384525855405 0.000393391495403896 1.6693151474752742e-05 [2724.55078125,1223.829589844] 27.46221958215782 26.128592669600216 6.192094218134362 97.04055188473717 109.75788255712064
56.01032293478723 -57.104885162382715 1.2734375 0.71777344 [56.01032293478723,-57.104885162382715] 29.779253117079357 0.39669106316850716 0.0011812204950147616 1.74137415081373e-05 [-2432.10546875,2528.536376953] 22.884559260096722 25.708992485181078 6.7909500734618184 68.79748466214585 78.77151576340702
56.53178037929671 -55.29613505200189 1.2109375 0.1000061 [56.53178037929671,-55.29613505200189] 3.321466290672638 3.269850509327775 0.00013332000322483956 1.620063049612757e-05 [-2015.640625,-742.0307617188] 22.795083323890992 22.543725581982063 6.064250576962946 62.82666777917848 110.14712757777738
56.04631017822041 -55.85646442353149 1.21875 0.20855713 [56.04631017822041,-55.85646442353149] 15.997657935846725 1.1736521916926552 0.0003774443735219827 1.646270034103088e-05 [-2477.162109375,281.7846679688] 22.819029006666955 23.215138228048403 6.003983225386907 62.58318438915251 98.99437266082532
56.029110139508184 -55.85213863342547 1.21875 0.20855713 [56.029110139508184,-55.85213863342547] 18.26337711266773 0.9009258376572153 0.0004911778920388335 1.6445101425038906e-05 [-2494.80078125,274.6201171875] 22.819029006666955 23.215138228048403 6.003983225386907 62.456242204859336 98.99223218370048
54.019054090963124 -57.81330110790047 1.3046875 1.0170898 [54.019054090963124,-57.81330110790047] 25.559576851850544 0.3747048347834334 0.0015462426231142373 2.1531567152803902e-05 [-4291.05859375,3898.163085938] 24.389946308729897 26.31574057484441 6.901071864482682 61.32250179683831 58.76383684378402
60.64625949687044 -56.34436038051921 1.2421875 0.43811035 [60.64625949687044,-56.34436038051921] 27.358012738906893 2.0539766462796054 0.00021707073355149703 1.656935025213096e-05 [2141.522460938,1149.253417969] 25.428992550833577 26.42260964020587 6.6920362050844 93.2514534139807 108.33481417574944
53.39360072539037 -54.78685375820471 1.21875 0.20855713 [53.39360072539037,-54.78685375820471] 18.603888138295165 0.5658374425593474 0.0011839688371666325 2.4896635265814508e-05 [-5291.998046875,-1492.259765625] 21.260826718547133 17.865432895527803 6.491260337799661 40.69951916636637 104.62807871819405
53.3937682837693 -54.78791038620132 1.21875 0.20855713 [53.3937682837693,-54.78791038620132] 16.558426400863375 0.649999792986607 0.0010346037950825985 2.4991710914194854e-05 [-5291.686523438,-1490.375976562] 21.260826718547133 17.865432895527803 6.491260337799661 40.70623422630047 104.61135643873058
55.62208183886944 -57.8627129288639 1.21875 0.17974854 [55.62208183886944,-57.8627129288639] 12.81016790943433 2.650257880025898 0.00020573069982753183 2.0262635918944354e-05 [-2753.475585938,3905.460205078] 26.780275635559857 25.330834895039 7.011678230263112 70.6353441855714 65.13590587425165
55.64336391258871 -57.86508184510609 1.21875 0.19024658 [55.64336391258871,-57.86508184510609] 17.08715192331991 0.8438944294528321 0.0006470448255982821 2.029229614619842e-05 [-2732.943359375,3908.875244141] 26.914496053759255 25.181146860872953 6.955470688734859 70.76916144454196 65.19008584505423
54.682132567961816 -57.524265339808395 1.2578125 0.57836914 [54.682132567961816,-57.524265339808395] 14.200033293961901 2.633825261687323 0.00019117649882325114 1.871242900699166e-05 [-3686.224609375,3340.990722656] 24.433496044929605 25.40669445759233 6.858361381602205 63.411930350514695 66.33417627037602
60.51970282713702 -56.7568091493442 1.2734375 0.74316406 [60.51970282713702,-56.7568091493442] 18.702235334942802 1.9810329228134382 0.00022649185635465488 1.667450643337048e-05 [1993.526855469,1887.47265625] 24.358207052663104 25.277670146513053 5.998853896878358 94.21376555966629 101.33422938259832
59.73207844588411 -58.06499865124355 1.2578125 0.5449219 [59.73207844588411,-58.06499865124355] 22.040529658325298 0.5297648833026088 0.0010935386313425182 2.152910618569725e-05 [1173.999023438,4222.542236328] 23.50792412724223 25.50942192399244 6.401599433830727 95.35553557125718 77.97576936264363
59.72756568372486 -58.06003571911548 1.2578125 0.5449219 [59.72756568372486,-58.06003571911548] 21.220523913157617 1.2589522847183001 0.0004590232397974998 2.1475963015870766e-05 [1169.865722656,4213.541625977] 23.50792412724223 25.50942192399244 6.401599433830727 95.3059290524734 78.0376716772796
55.40886263690291 -55.57430264324441 1.21875 0.17944336 [55.40886263690291,-55.57430264324441] -14.627194076810191 1.6777831502676634 0.00026820485712336954 1.6722883730312365e-05 [-3143.036132812,-199.861328125] 22.79257832004411 21.075504295965597 6.130066610191228 57.247438005922504 100.86476220109967
60.867706492141465 -56.867217892109586 1.2578125 0.58374023 [60.867706492141465,-56.867217892109586] 29.041154398775614 1.9738493093240819 0.0002340104098351692 1.7165555976610625e-05 [2329.795898438,2096.916992188] 25.870829131109858 25.109234613238815 5.80072358743445 96.82106067279233 100.7283207563039
55.350452068199516 -57.507530218488064 1.2421875 0.40808105 [55.350452068199516,-57.507530218488064] 16.762777167328768 2.980334617801122 0.00016456559243724768 1.8226898203925182e-05 [-3042.889648438,3278.48046875] 24.684328339997553 26.2668948751177 6.83019065497443 67.13770446118076 69.55559876820121
61.89939114393839 -56.79705045225554 1.2421875 0.43688965 [61.89939114393839,-56.79705045225554] 32.129974016324056 2.0947784231977424 0.00023398396548429212 1.8215155875159145e-05 [3349.784912109,2012.986816406] 28.11822897399937 24.16373372252381 5.838288960761338 102.89250668418822 105.11948910306614
54.61692432992337 -58.25665665081776 1.2265625 0.2833252 [54.61692432992337,-58.25665665081776] 20.695149329112088 2.0591242872665765 0.00034991980997896955 2.6776869014007292e-05 [-3673.486328125,4659.723510742] 25.715612411806077 26.880496953502593 7.145749762584333 67.21579490937393 54.55900907545947
58.045219210126916 -55.889251694342505 1.2265625 0.2581787 [58.045219210126916,-55.889251694342505] 21.118161915153195 1.5007145331557663 0.000288084913202689 1.6066723016251773e-05 [-458.064453125,298.4516601562] 23.804183544565344 26.194484423768223 6.445654437083149 75.06167832408346 106.45244447865639
58.04623045922907 -55.9013100296634 1.2265625 0.2581787 [58.04623045922907,-55.9013100296634] 18.884411925877714 0.7431821985229435 0.0005844166711204033 1.61408572922702e-05 [-456.9013671875,320.1494140625] 23.804183544565344 26.194484423768223 6.445654437083149 75.12372720573694 106.26113476542764
62.40015785804727 -57.163314841828345 1.234375 0.33117676 [62.40015785804727,-57.163314841828345] 19.921578706403317 2.2574550316694078 0.00022935084002592338 1.9241022447025444e-05 [3804.783935547,2697.010253906] 27.213688258679625 23.58598040969744 5.8155802257358165 107.44373174854763 100.85095668503504
57.48723645102495 -55.740261197795576 1.2109375 0.1000061 [57.48723645102495,-55.740261197795576] 19.921220517491456 2.2418283563501884 0.00019274956150671784 1.605848092014405e-05 [-1025.181640625,36.25830078125] 21.696517707072946 24.136190909612296 5.881083191872781 70.9003724167784 106.72217771527289
60.36531429611052 -58.07077029579253 1.25 0.5124512 [60.36531429611052,-58.07077029579253] 31.74273790541178 1.3263206135943035 0.00044995766043775203 2.217833160290815e-05 [1776.406738281,4246.383666992] 23.071708936193545 25.109060891224065 6.535788931835974 99.09196355522295 80.07137054371992
61.14312342157122 -58.15144728011359 1.2265625 0.23498535 [61.14312342157122,-58.15144728011359] 29.841731387217333 1.6610184684235498 0.0003871963511028123 2.390090910990601e-05 [2510.591796875,4415.434448242] 22.943937909123342 23.36957595680501 6.617886284271642 104.02752221796811 81.39645221362844
57.75936103491623 -56.82699589515361 1.2578125 0.56225586 [57.75936103491623,-56.82699589515361] 22.20910922456788 0.0319737455820613 0.01362363059262593 1.6188070131605525e-05 [-728.4379882812,1988.659667969] 24.553113725761186 26.84046506705744 6.478777201552183 77.76242054395846 90.27986281211497
54.40901522508767 -57.44183723280846 1.25 0.4979248 [54.40901522508767,-57.44183723280846] 23.835250878315474 2.207740501359581 0.00023130203141163107 1.8977376554198082e-05 [-3958.48828125,3207.99609375] 23.64938301257946 24.71408334810143 6.909464186649329 61.39197474500486 66.40067051557867
59.25246056179787 -56.014778148758296 1.2578125 0.60791016 [59.25246056179787,-56.014778148758296] 20.697984177232733 0.4391703039103962 0.0010064622730553382 1.64262780278524e-05 [758.0756835938,527.0] 22.630630665370738 25.858887192880566 6.921790036138517 83.14361714129427 108.85601259679447
59.261531945637856 -56.01416393405157 1.2578125 0.60791016 [59.261531945637856,-56.01416393405157] 17.964042578370737 0.4155501171191478 0.0010655586674328016 1.645543920184651e-05 [767.2143554688,525.994140625] 22.630630665370738 25.858887192880566 6.921790036138517 83.19752377536804 108.89812354524815
56.8123895859113 -57.403389023452675 1.265625 0.61987305 [56.8123895859113,-57.403389023452675] 22.69923551655523 0.07359245928769577 0.006201769846132718 1.6961242543008988e-05 [-1635.235351562,3041.875488281] 24.624619221524213 26.11962893239047 6.263224681582375 75.04295412578836 77.35604896064274
56.78898999485033 -57.426654868255724 1.2578125 0.5395508 [56.78898999485033,-57.426654868255724] 21.594615096554552 0.25722765313949125 0.0017815609170386965 1.703048575408792e-05 [-1656.862304688,3084.278808594] 24.706768037906308 26.114577464480952 6.295460401963525 75.02658450128513 76.89257248774834
56.8084713626944 -57.40648656771541 1.265625 0.61987305 [56.8084713626944,-57.40648656771541] 24.557623719162102 0.2570584047031714 0.001778951952251235 1.699435669901065e-05 [-1638.89453125,3047.539550781] 24.624619221524213 26.11962893239047 6.263224681582375 75.03606895985126 77.29107936024093
56.79244209897924 -57.423519074405945 1.2578125 0.5395508 [56.79244209897924,-57.423519074405945] 20.082470406701606 0.36852869337869854 0.00124208278999517 1.701102782182862e-05 [-1653.66015625,3078.556152344] 24.706768037906308 26.114577464480952 6.295460401963525 75.03050974713017 76.95625155198036
58.75230810994039 -57.47117232086325 1.25 0.4921875 [58.75230810994039,-57.47117232086325] 24.661257349488213 0.537657439697742 0.0008419483353476196 1.6822859018430494e-05 [245.208984375,3144.361328125] 23.306440327949517 25.554811622464925 6.420415117583165 86.78490561249475 83.79538169218063
58.75594708662061 -57.479911829474936 1.2421875 0.44592285 [58.75594708662061,-57.479911829474936] 25.64220067192591 0.5357428487914403 0.0008441853446015788 1.6807491264951242e-05 [248.671875,3160.097900391] 23.21273014079608 25.40560410982575 6.472514154355681 86.84816690089872 83.67065642102784
58.51581589099682 -55.85290515748248 1.2578125 0.5505371 [58.51581589099682,-55.85290515748248] 19.464246520009368 0.7615994887743239 0.0005837232480783292 1.6521228484177846e-05 [16.97998046875,231.5244140625] 23.020129843136584 26.33678908200899 6.465151164201336 77.8248254430764 108.8013647086093
58.55550408087042 -55.838249294206236 1.2578125 0.5505371 [58.55550408087042,-55.838249294206236] 19.018671132932592 3.085450489578426 0.00014378905075925502 1.6487435204152325e-05 [57.10107421875,205.1645507812] 23.020129843136584 26.33678908200899 6.465151164201336 78.00637692448265 109.18488520884557
58.52536753473746 -55.84973515449254 1.2578125 0.5505371 [58.52536753473746,-55.84973515449254] 18.439467595575152 0.9939070336264536 0.0004483194826339015 1.655930401846491e-05 [26.6328125,225.8212890625] 23.020129843136584 26.33678908200899 6.465151164201336 77.87010071251916 108.88791538580358
58.56373990931317 -55.8336486814537 1.2578125 0.56225586 [58.56373990931317,-55.8336486814537] 18.818642924383326 2.595107733221576 0.00017111355427248877 1.6502453105861715e-05 [65.43310546875,196.890625] 22.94081925888944 26.25122516871368 6.498980206783952 78.03706630798922 109.28966179818235
62.260860384824184 -57.46664425429182 1.2421875 0.39916992 [62.260860384824184,-57.46664425429182] 29.642629074176163 2.3072048477001394 0.00022933166135746021 1.9663411865469767e-05 [3638.985351562,3234.468994141] 25.355339021627984 24.0011349240162 5.746690551602329 107.81264883904726 95.65280578684542
58.4726828829128 -56.00325381382498 1.25 0.46118164 [58.4726828829128,-56.00325381382498] 22.925352081537 1.434939173700008 0.00030899978479064893 1.6477843434795172e-05 [-26.49365234375,502.1538085938] 23.49599334861915 26.693424551873967 6.262176908705757 78.23893175368255 106.21193607976033
54.141937138624876 -57.94295498073838 1.28125 0.82250977 [54.141937138624876,-57.94295498073838] 27.596124794745485 0.25998330914106726 0.002334878451987121 2.2558927454530757e-05 [-4158.56640625,4123.400390625] 24.643964876486073 26.13090362489022 6.973548148905276 62.76179781444853 57.2990790366207
54.15120647224773 -57.94121545265376 1.28125 0.82250977 [54.15120647224773,-57.94121545265376] 25.329436397720595 0.8413556459708457 0.0007213042494774729 2.2553129175933126e-05 [-4149.9375,4119.722412109] 24.643964876486073 26.13090362489022 6.973548148905276 62.803361523211606 57.368877172101975
62.372345020959116 -57.064567554751015 1.2109375 0.1000061 [62.372345020959116,-57.064567554751015] 11.690392622789998 3.2994892156687747 0.0001550812831143709 1.9015808800093638e-05 [3787.780029297,2518.078613281] 27.556690027512552 23.400559270179187 5.641290659640344 106.88044132319408 102.32577780346674
62.94867336391141 -57.0479621742046 1.265625 0.6887207 [62.94867336391141,-57.0479621742046] 37.40999607075682 0.1058818062347178 0.00537911610762418 2.1166105820147306e-05 [4352.259765625,2522.073486328] 27.80677613494189 22.590996526069333 6.913027314002799 110.37157541660486 104.29117210235358
59.120437448811224 -57.598804451544204 1.2265625 0.28710938 [59.120437448811224,-57.598804451544204] 32.001992616881175 1.6429568255665021 0.0002872821676850068 1.754056277471366e-05 [599.4125976562,3376.217529297] 24.27807640920782 25.178439309805242 6.619325694948788 89.56863544757971 83.12412976209725
56.96226504770041 -55.83075703323988 1.2109375 0.1000061 [56.96226504770041,-55.83075703323988] 22.853202595413865 1.345963130151742 0.00032531282218653513 1.6272079145324384e-05 [-1553.387695312,208.8935546875] 21.919401634927723 23.74472087595027 6.0499406118055825 68.08221305086704 103.17609873786569
60.409957633751894 -57.714004498336564 1.265625 0.6254883 [60.409957633751894,-57.714004498336564] 18.803828959603837 0.10536785749874057 0.004830390580367413 1.8914684489005852e-05 [1837.012207031,3606.072265625] 23.17211189017275 24.185781179148286 6.172641781961432 97.74452839042749 85.82045208373711
62.756248593775005 -56.839939168655555 1.265625 0.6254883 [62.756248593775005,-56.839939168655555] 19.01338868994286 1.6175812238372618 0.000326727110513171 1.9640836136555486e-05 [4187.694580078,2136.6171875] 27.867420151428433 23.371152518496398 6.4286879253381155 108.37799730603376 107.01510619855662
