data_processed/hvc_rms/hvc_rms_index_7.ecsv
# %ECSV 1.0
# ---
# datatype:
# - {name: ra_dec_obj.ra, unit: deg, datatype: float64}
# - {name: ra_dec_obj.dec, unit: deg, datatype: float64}
# - {name: 'H-alpha flux [Error]', unit: R, datatype: float32}
# - {name: H-alpha flux, unit: R, datatype: float32}
# - {name: ra_dec_deg, datatype: string, subtype: 'float64[2]'}
# - {name: RM, unit: rad / m2, datatype: float64}
# - {name: RM_uncert, unit: rad / m2, datatype: float64}
# - {name: pol_int, datatype: float64}
# - {name: pol_int_uncert, datatype: float64}
# - {name: ra_dec_pix_offsets, datatype: string, subtype: 'float64[2]'}
# - {name: interpolation_raw, unit: rad / m2, datatype: float64}
# - {name: interpolation_cor, unit: rad / m2, datatype: float64}
# - {name: interpolation_unc, unit: rad / m2, datatype: float64}
# - {name: interpolation_cor_unc, unit: rad / m2, datatype: float64}
# - {name: pixel location x, datatype: float64}
# - {name: pixel location y, datatype: float64}
# meta: !!omap
# - __serialized_columns__:
#     ra_dec_obj:
#       __class__: astropy.coordinates.sky_coordinate.SkyCoord
#       dec: !astropy.table.SerializedColumn
#         __class__: astropy.coordinates.angles.Latitude
#         unit: &id001 !astropy.units.Unit {unit: deg}
#         value: !astropy.table.SerializedColumn {name: ra_dec_obj.dec}
#       frame: icrs
#       ra: !astropy.table.SerializedColumn
#         __class__: astropy.coordinates.angles.Longitude
#         unit: *id001
#         value: !astropy.table.SerializedColumn {name: ra_dec_obj.ra}
#         wrap_angle: !astropy.coordinates.Angle
#           unit: *id001
#           value: 360.0
#       representation_type: spherical
# schema: astropy-2.0
ra_dec_obj.ra ra_dec_obj.dec "H-alpha flux [Error]" "H-alpha flux" ra_dec_deg RM RM_uncert pol_int pol_int_uncert ra_dec_pix_offsets interpolation_raw interpolation_cor interpolation_unc interpolation_cor_unc "pixel location x" "pixel location y"
[from data line 51]
99.68888826240206 -54.520034664935025 1.9140625 7.15625 [99.68888826240206,-54.520034664935025] 52.68218715147308 1.716848101328333 0.000281212006688155 1.794214801756856e-05 [-3977.734375,-2058.09765625] 47.18487097067189 45.42455743485126 10.606468353750131 10.452303585701761 70.1467970805993 22.443573852689042
100.32918502931138 -56.1790045542167 1.765625 5.65625 [100.32918502931138,-56.1790045542167] 61.19780412341751 2.632950250766193 0.00017354433016080498 1.6980942284579814e-05 [-3174.155273438,891.1127929688] 41.22358902843475 40.98499919954442 11.165207314789134 10.505328312630496 69.54282377183836 0.21251804489293136
98.46459229057827 -55.342643825923524 1.8671875 6.640625 [98.46459229057827,-55.342643825923524] 56.63332306750471 0.5498602119750513 0.001228068948154582 2.509480056904865e-05 [-5146.618164062,-499.9052734375] 41.75036950628814 43.46163543545682 9.990246971441746 11.007230017419406 59.62908437325859 14.101810043454861
98.4436038646421 -55.34016030475214 1.8671875 6.640625 [98.4436038646421,-55.34016030475214] 54.71762688231336 0.908871863379938 0.0007483223228329978 2.5275517872740565e-05 [-5168.342773438,-502.8022460938] 41.75036950628814 43.46163543545682 9.990246971441746 11.007230017419406 59.496112986409685 14.168825706884945
98.45346109828184 -55.340576071731775 1.8671875 6.640625 [98.45346109828184,-55.340576071731775] 54.02338886875772 1.6264095091022042 0.00041500154878735537 2.5083510989631854e-05 [-5158.237304688,-502.7900390625] 41.75036950628814 43.46163543545682 9.990246971441746 11.007230017419406 59.56057562842307 14.147001164905078
99.15963707689531 -53.58008193270923 2.453125 12.5078125 [99.15963707689531,-53.58008193270923] 25.323438235799557 2.9952875165888573 0.00022075892319679897 2.457341338949024e-05 [-4632.926757812,-3713.549804688] 49.94113529600499 47.151735927221075 11.675541884080912 11.03516699440954 69.29583353084467 35.37483820602483
100.33036830043228 -54.65717322078804 1.953125 7.5195312 [100.33036830043228,-54.65717322078804] 22.64471544151561 2.74969344654846 0.00017026745384115982 1.7399013434609813e-05 [-3297.668945312,-1845.267089844] 44.62148649404672 43.816680344231784 11.900811237450675 11.127873319070803 74.05802221459919 19.498271918721912
99.24006636885525 -55.20328134845607 1.7578125 5.5429688 [99.24006636885525,-55.20328134845607] -54.70792160150398 0.7970452797760228 0.0006615331364764905 1.9594911231921972e-05 [-4370.772460938,-803.427734375] 40.96545756705655 43.870221195000944 10.004626918419609 10.735581713624592 65.17219816454735 14.557114662599815
100.44557203086048 -55.59310911242717 1.8359375 6.3222656 [100.44557203086048,-55.59310911242717] 49.4239077762014 0.3480756824250005 0.0012904729281512134 1.669288051112706e-05 [-3104.24609375,-167.697265625] 40.128529432293014 41.27774510515341 11.128801501543736 10.343162598062312 72.01956822698526 7.4393480182855
100.05400117320217 -54.436439781132016 2.046875 8.433594 [100.05400117320217,-54.436439781132016] 19.39583580295381 2.4682761856721194 0.00019394726993136454 1.7790416961985823e-05 [-3604.408203125,-2228.298828125] 44.284756226544374 43.54938571127109 11.513427681068865 10.869511728897464 72.86153982939004 22.815837198873396
100.563788977384 -55.397968321484946 1.8203125 6.2285156 [100.563788977384,-55.397968321484946] 51.05831634898352 0.12200511926424792 0.0037503063589414782 1.700409423993858e-05 [-2998.997070312,-523.8256835938] 39.74144626611563 41.03610595813296 10.970421565275775 10.228389305170577 73.37994282721343 9.692500903317523
99.9677585582674 -55.246616331114566 1.8203125 6.1640625 [99.9677585582674,-55.246616331114566] 46.271278173825834 0.5352099193331299 0.0008784651216917727 1.7472593778659286e-05 [-3621.072265625,-767.4975585938] 40.19118013240726 42.305835952946516 11.63819062186905 10.847716380606093 69.88434168620597 12.705212709551688
98.93262498944108 -54.6137887323919 1.84375 6.4003906 [98.93262498944108,-54.6137887323919] 43.14241210958102 0.08078486180171912 0.006992371979249381 2.0992454150238956e-05 [-4754.776367188,-1842.041015625] 44.965306018247524 45.3476487362771 9.2514997679567 10.499375368223642 64.7692231478693 22.629119899614125
99.19834867400783 -53.864154983081875 2.140625 9.417969 [99.19834867400783,-53.864154983081875] 29.57051730429101 1.8216070470888557 0.00031765302374173025 2.1503858549638596e-05 [-4560.755859375,-3206.06640625] 47.84064912628365 45.29657054288987 11.749588186235888 11.21940427350963 68.72960350550966 31.692419662175553
99.64964284397614 -55.166126197713155 1.8125 6.123047 [99.64964284397614,-55.166126197713155] -47.954552451268434 0.9784196173566173 0.000495131339458654 1.800338922689164e-05 [-3954.796875,-894.7866210938] 40.624587751143174 43.08947292391767 10.51546666774614 10.758050919235655 68.00398259943427 14.30325746770086
100.07267781168268 -53.90433098787642 2.21875 10.1328125 [100.07267781168268,-53.90433098787642] 22.595092445451527 0.24292059949308742 0.002036870353753681 1.8388082117132922e-05 [-3631.314453125,-3185.559570312] 43.25095034965092 42.16100239375565 11.941916524515875 10.591836295106834 74.59915377340803 29.505905171922223
100.07929262546311 -53.902416122783094 2.21875 10.1328125 [100.07929262546311,-53.902416122783094] 22.72334112624565 0.7940725593034442 0.0006243900122057618 1.8425735771344558e-05 [-3624.478515625,-3189.346679688] 43.25095034965092 42.16100239375565 11.941916524515875 10.591836295106834 74.65022486644921 29.517145672333754
100.88705416334635 -56.00011815899733 1.7734375 5.7109375 [100.88705416334635,-56.00011815899733] 65.14977407938595 2.9144662497758964 0.0001528285604666743 1.6552830045762734e-05 [-2628.133789062,546.0522460938] 42.316595829367444 42.01499235922317 11.81860386882111 11.319391055433046 73.69050009054445 1.4805908648781951
100.86173230398357 -55.996860564674805 1.7734375 5.7109375 [100.86173230398357,-55.996860564674805] 54.022804401368 2.1640383611218645 0.00020581260034509158 1.6551814789646263e-05 [-2653.818359375,541.1577148438] 42.316595829367444 42.01499235922317 11.81860386882111 11.319391055433046 73.53572569905975 1.568003884401378
100.49333190827979 -55.04927059025416 1.875 6.7695312 [100.49333190827979,-55.04927059025416] 39.907837872131125 0.9327910784854971 0.000482566876245783 1.6728253268995945e-05 [-3097.9609375,-1147.78515625] 40.061444833799456 41.35457563927618 11.954372052678538 10.881666094045169 73.96238931990672 14.233754446966941
100.48956269972162 -55.050952990273146 1.875 6.7695312 [100.48956269972162,-55.050952990273146] 40.09700052674696 2.601704348206052 0.00017246914049528171 1.667546852573761e-05 [-3101.711914062,-1144.591308594] 40.061444833799456 41.35457563927618 11.954372052678538 10.881666094045169 73.93223386076352 14.219579770603104
100.25250239234677 -55.359901376532584 1.8046875 6.0234375 [100.25250239234677,-55.359901376532584] 37.92460693573334 1.5651466463366288 0.0002890879679246667 1.681487931115017e-05 [-3319.916015625,-578.0883789062] 40.52600883594474 42.16488010565586 11.297102220671789 10.201886235057051 71.43737197122732 10.748298162326819
100.25093817856931 -55.360683369213305 1.8046875 6.0234375 [100.25093817856931,-55.360683369213305] 36.55346299403324 1.8048815531347946 0.0002503291841261253 1.679070352487665e-05 [-3321.448242188,-576.607421875] 40.52600883594474 42.16488010565586 11.297102220671789 10.201886235057051 71.42472039136896 10.74124731680513
100.34302502881809 -54.528709453869446 2.03125 8.253906 [100.34302502881809,-54.528709453869446] 24.980580242988847 2.4282558915181633 0.00019462445205916653 1.7563075050120664e-05 [-3294.889648438,-2076.821289062] 44.58299056952517 43.769500811625775 11.79202821913699 11.038766913495317 74.53277936635209 21.09711743129924
100.15605962234972 -55.69623948863408 1.7890625 5.8515625 [100.15605962234972,-55.69623948863408] 50.1786249718214 0.6549911931615748 0.000694025145468222 1.6893489631871295e-05 [-3389.31640625,31.30126953125] 40.53264424962522 41.8212578477419 11.120581261095287 10.190384077593757 69.81569353687019 6.654324561155136
100.90957679106286 -55.80019366712158 1.8359375 6.3496094 [100.90957679106286,-55.80019366712158] 57.11480278079605 0.9600986280722837 0.00046397793810031967 1.655472164626353e-05 [-2618.955078125,185.5913085938] 41.235176769305426 41.06257981226476 11.378707299086454 11.247670623706469 74.43881878518914 3.9668360208165723
100.91448985060568 -55.80479046793573 1.8359375 6.3496094 [100.91448985060568,-55.80479046793573] 58.26511009661404 0.6677247201232319 0.0006666551228205023 1.654273750818597e-05 [-2613.680664062,193.6743164062] 41.235176769305426 41.06257981226476 11.378707299086454 11.247670623706469 74.45700808094625 3.8996741213709356
99.82058731754424 -54.249709940655634 1.984375 7.859375 [99.82058731754424,-54.249709940655634] 34.328748573062974 0.9411468505145328 0.000522612000666869 1.8278707135139134e-05 [-3865.8203125,-2551.301757812] 42.82280143227361 43.13497265892178 11.04350590251676 10.56658637760343 71.83930525337314 25.62372774227947
99.79286187788999 -54.92094414614946 1.8828125 6.798828 [99.79286187788999,-54.92094414614946] 29.50939658505616 1.3104120179093544 0.00036725989729718104 1.7885046720855557e-05 [-3831.251953125,-1343.4765625] 43.57532866954914 43.314220184554145 10.345530752782045 10.258401323801689 69.67053455340351 17.16086143631628
99.79862984874137 -54.91958613680482 1.8828125 6.798828 [99.79862984874137,-54.91958613680482] 29.785167901226153 1.2805129251337135 0.00037460100342257094 1.782631621246916e-05 [-3825.426757812,-1346.235839844] 43.57532866954914 43.314220184554145 10.345530752782045 10.258401323801689 69.71308477247544 17.167538946756167
99.10023525502007 -53.60154730538857 2.3125 11.1875 [99.10023525502007,-53.60154730538857] 27.56700050933394 3.1941105418806224 0.00020920402353600794 2.483297081849721e-05 [-4693.836914062,-3671.017578125] 50.170821558307985 47.204762305002205 11.821218156700475 11.072974242954883 68.82258287068441 35.2151535231892
100.00201387167226 -54.22153081970835 1.9765625 7.796875 [100.00201387167226,-54.22153081970835] 26.395268668442597 2.2832055093044317 0.00021304239131998654 1.8076724331710277e-05 [-3677.907226562,-2611.8125] 41.27036233388969 41.94496391492402 11.273884257119096 10.607791774274176 73.15586036787704 25.63406428862163
98.63772584388596 -56.04109561273489 1.8671875 6.703125 [98.63772584388596,-56.04109561273489] 49.98010312745208 1.545323824700906 0.00036842276995712717 2.1158002635771734e-05 [-4882.037109375,741.5786132812] 40.02103008198328 41.24486171535651 9.81090281971997 10.356447110147066 58.912694907985724 4.836638857621892
98.64287544995416 -56.04791652776102 1.875 6.7539062 [98.64287544995416,-56.04791652776102] 51.10586746700353 0.6401346489205078 0.0008864736641633176 2.1088509040582996e-05 [-4876.015625,753.4633789062] 39.902696237322836 40.911497617073564 9.799809109198334 10.268352126827045 58.92833842331902 4.7405390181859275
100.56555898456959 -55.09515387732153 1.8828125 6.8496094 [100.56555898456959,-55.09515387732153] 34.46097724331917 0.48600216014253667 0.0009158823186598136 1.6541945196824803e-05 [-3020.116210938,-1068.463378906] 39.75584731361055 41.26649370665763 11.965787879895029 10.915442089848083 74.30397164964643 13.517846651453283
99.44594588776282 -53.99366006732113 2.109375 9.078125 [99.44594588776282,-53.99366006732113] 28.807496755328085 0.8231996139821652 0.000638643242779323 1.9537643584122318e-05 [-4285.318359375,-2989.283203125] 44.77925669571605 43.57278757554525 11.089023914143283 10.829011008477021 70.04570620099071 29.580508528875498
100.25050379660674 -55.389591209962106 1.8046875 6.0234375 [100.25050379660674,-55.389591209962106] 34.48660187377449 0.8835890953424347 0.0005135273023983755 1.6862524320318857e-05 [-3319.46484375,-524.6103515625] 40.52600883594474 42.16488010565586 11.297102220671789 10.201886235057051 71.33647389189491 10.375497849765452
100.25061049805515 -55.38924780145056 1.8046875 6.0234375 [100.25061049805515,-55.38924780145056] 35.18155338024422 0.8710815217217891 0.0005210824771135371 1.686840320202033e-05 [-3319.384765625,-525.2329101562] 40.52600883594474 42.16488010565586 11.297102220671789 10.201886235057051 71.33819260004293 10.379657363815568
98.38739781565405 -56.26008213331739 1.890625 6.9375 [98.38739781565405,-56.26008213331739] 42.6472873949046 1.5218075389407326 0.00040818525541976155 2.3084780389033927e-05 [-5103.610351562,1152.749023438] 39.88955241503648 38.77029668125866 9.928936658629212 10.233989668619811 56.70746561170063 2.416499129345766
100.75995637738055 -55.68606192338043 1.796875 5.998047 [100.75995637738055,-55.68606192338043] 54.62034193468412 3.1825929641646358 0.00013952768085564164 1.6502516559368992e-05 [-2778.286132812,-13.86865234375] 40.31893524647433 40.68587942388658 11.138890258734387 10.938265704024564 73.80436740765344 5.68575719686396
100.76873801725986 -55.69383236704969 1.796875 5.998047 [100.76873801725986,-55.69383236704969] 52.145125572675354 1.2437757848704587 0.00035829593091011707 1.656123334807814e-05 [-2768.834960938,-0.244140625] 40.31893524647433 40.68587942388658 11.138890258734387 10.938265704024564 73.83851294853707 5.5712977464922915
98.6107102886935 -54.297653079691536 1.9140625 7.142578 [98.6107102886935,-54.297653079691536] 58.116763188021785 0.10437335991910801 0.006054209527138845 2.3483120928219287e-05 [-5128.645507812,-2386.696289062] 47.287539665665506 47.134260246522196 9.819268335510948 11.136694235535355 63.472706138144076 27.244005371548155
98.62029300600689 -54.29850788228727 1.9140625 7.142578 [98.62029300600689,-54.29850788228727] 59.51786543009834 0.9728745001017772 0.0006480772737253481 2.3431080477451746e-05 [-5118.509765625,-2385.870117188] 47.287539665665506 47.134260246522196 9.819268335510948 11.136694235535355 63.53557622818448 27.21594617504934
100.45232430973444 -55.849990883233716 1.7890625 5.8632812 [100.45232430973444,-55.849990883233716] 56.17038260585682 1.4708939476445895 0.00030977562804556194 1.693313263928413e-05 [-3077.07421875,293.9409179688] 40.30147751971205 40.69399849890323 11.367464880178296 10.404828794916416 71.30482861582664 4.170566160100407
100.3190608377241 -54.927299368262425 1.8984375 6.9882812 [100.3190608377241,-54.927299368262425] 37.49936763178102 3.168452318928624 0.00014375293535017947 1.69267118303313e-05 [-3287.379882812,-1359.071777344] 41.87420218513407 42.11817228322799 11.975939110797958 11.029031529887163 73.16806800731263 16.10393217637875
99.01389297885461 -53.78175327247509 2.1875 9.8046875 [99.01389297885461,-53.78175327247509] 29.758537590451162 2.087675855234143 0.00030532196102774984 2.3688077471692003e-05 [-4765.337890625,-3341.609375] 49.40612018757924 46.25887384682329 11.998223752428336 11.147730196691374 67.70201943956408 33.0866250677127
99.01606715479375 -53.77845362753158 2.1875 9.8046875 [99.01606715479375,-53.77845362753158] 33.83920928547203 2.721438318110489 0.00023476229436454848 2.374299733972231e-05 [-4763.407226562,-3347.682617188] 49.40612018757924 46.25887384682329 11.998223752428336 11.147730196691374 67.72655294958213 33.12453473962887
99.31518580405911 -53.63635662508533 2.34375 11.4375 [99.31518580405911,-53.63635662508533] -23.74629941093231 2.023082481747774 0.00030213081430857305 2.2715239167355217e-05 [-4461.208007812,-3622.713867188] 49.45307251347282 46.763705016155 11.730289239458862 11.197071514628457 70.20327667440415 34.36338008547477
