data_processed/hvc_rms/hvc_rms_index_3.ecsv
# %ECSV 1.0
# ---
# datatype:
# - {name: ra_dec_obj.ra, unit: deg, datatype: float64}
# - {name: ra_dec_obj.dec, unit: deg, datatype: float64}
# - {name: 'H-alpha flux [Error]', unit: R, datatype: float32}
# - {name: H-alpha flux, unit: R, datatype: float32}
# - {name: ra_dec_deg, datatype: string, subtype: 'float64[2]'}
# - {name: RM, unit: rad / m2, datatype: float64}
# - {name: RM_uncert, unit: rad / m2, datatype: float64}
# - {name: pol_int, datatype: float64}
# - {name: pol_int_uncert, datatype: float64}
# - {name: ra_dec_pix_offsets, datatype: string, subtype: 'float64[2]'}
# - {name: interpolation_raw, unit: rad / m2, datatype: float64}
# - {name: interpolation_cor, unit: rad / m2, datatype: float64}
# - {name: interpolation_unc, unit: rad / m2, datatype: float64}
# - {name: interpolation_cor_unc, unit: rad / m2, datatype: float64}
# - {name: pixel location x, datatype: float64}
# - {name: pixel location y, datatype: float64}
# meta: !!omap
# - __serialized_columns__:
#     ra_dec_obj:
#       __class__: astropy.coordinates.sky_coordinate.SkyCoord
#       dec: !astropy.table.SerializedColumn
#         __class__: astropy.coordinates.angles.Latitude
#         unit: &id001 !astropy.units.Unit {unit: deg}
#         value: !astropy.table.SerializedColumn {name: ra_dec_obj.dec}
#       frame: icrs
#       ra: !astropy.table.SerializedColumn
#         __class__: astropy.coordinates.angles.Longitude
#         unit: *id001
#         value: !astropy.table.SerializedColumn {name: ra_dec_obj.ra}
#         wrap_angle: !astropy.coordinates.Angle
#           unit: *id001
#           value: 360.0
#       representation_type: spherical
# schema: astropy-2.0
ra_dec_obj.ra ra_dec_obj.dec "H-alpha flux [Error]" "H-alpha flux" ra_dec_deg RM RM_uncert pol_int pol_int_uncert ra_dec_pix_offsets interpolation_raw interpolation_cor interpolation_unc interpolation_cor_unc "pixel location x" "pixel location y"
[from data line 99]
0.7643786126098048 -5.8981689879939605 0.2578125 0.1000061 [0.7643786126098048,-5.8981689879939605] 8.398035179650757 2.5779388676011927 0.00021962993164739562 2.1041313350844235e-05 [1369.557128906,2200.864257812] 0.4464047864446384 1.863199995094674 4.060525524961305 3.74226404911777 28.792949113602845 2.344757371056403
358.7204893260277 -7.076223834626532 0.29296875 0.5695801 [358.7204893260277,-7.076223834626532] -22.099467946307282 2.3504799808768135 0.00033138684043665324 2.894679717724554e-05 [-2284.38671875,4321.602905273] -0.17900100434116398 -0.6668683442513696 3.4688723640028174 4.460229452653213 28.5507827585659 71.2554329785371
1.0419952766803626 -7.118998038974345 0.296875 0.52685547 [1.0419952766803626,-7.118998038974345] -19.542577995131 2.278491255413764 0.00035976754125348765 3.046337716025937e-05 [1862.029785156,4397.826904297] 1.79622606342864 -0.13847392709561301 3.6495798639233015 4.00766366080162 14.269559936525638 11.92877681736718
0.17646416671803952 -5.49965717046402 0.27539062 0.31298828 [0.17646416671803952,-5.49965717046402] -3.0230580795916264 1.5723418547444696 0.00033873003901136866 1.979289817935187e-05 [317.1728515625,1482.954101562] -0.7206509077262382 1.1155472356640552 4.083382644395057 3.630708990066287 36.27341616450008 12.063775792144042
358.8316650468232 -5.8328852528533375 0.31445312 0.78149414 [358.8316650468232,-5.8328852528533375] -18.37568358835552 3.107365905492757 0.00017726634147741086 2.047044958520431e-05 [-2090.969726562,2084.373535156] -2.6153563602690935 -5.189415709495329 4.487361597412158 4.505763374058293 40.60795068748121 49.92612421850208
358.4139101244599 -2.184068280499649 0.30859375 0.7062988 [358.4139101244599,-2.184068280499649] -25.88064929613621 2.2494610454052677 0.00037425967157180885 3.12867327211227e-05 [-2851.5234375,-4480.4609375] -11.215737665027103 -11.718873905758123 4.283487261193224 4.19725651600645 81.30898460350636 12.40802376489819
358.405395500969 -2.1869885320043596 0.30859375 0.7062988 [358.405395500969,-2.1869885320043596] -28.731467914788013 1.279702946876542 0.0006534117527967121 3.107454762269908e-05 [-2866.827148438,-4475.174804688] -11.215737665027103 -11.718873905758123 4.283487261193224 4.19725651600645 81.32544102484201 12.63141936467673
359.2671813305615 -3.8685102385094425 0.28320312 0.4543457 [359.2671813305615,-3.8685102385094425] -6.672337154269386 2.1520050141273357 0.00024813203687305775 1.984425607617624e-05 [-1315.032226562,-1452.364746094] -4.8645364117514545 -3.408530518564904 3.678579271393815 4.004077752095182 58.65975582318072 13.194871661038633
359.2027284176683 -6.798184397405935 0.2734375 0.36657715 [359.2027284176683,-6.798184397405935] -2.4350250840892915 2.853885689199756 0.00022898710060769562 2.4286017020384093e-05 [-1423.953125,3820.249755859] -0.5511695321139217 -2.2323934559330336 3.7964539622328353 4.182591616999738 28.38955160561602 55.00515378265209
0.4408910830785971 -6.2336926607350645 0.50390625 2.584961 [0.4408910830785971,-6.2336926607350645] 6.237008876522635 3.0850277354061437 0.0001814651316805154 2.0804676357642445e-05 [789.9038085938,2804.131591797] -0.8543102237642081 -0.39559578788426064 3.7919713126274424 3.739609354631034 27.01255690074197 15.302855471589282
0.757522023148185 -6.449886364348113 0.28710938 0.4058838 [0.757522023148185,-6.449886364348113] -6.575252638213945 0.15118853871889334 0.003914199308862938 2.1992292779403032e-05 [1355.869628906,3193.598388672] 0.7691422453794994 -0.0033277448521946695 4.000760663856926 3.942978027317962 22.953207465964397 10.04518897237358
357.10565210856095 -4.370051282825334 0.296875 0.5839844 [357.10565210856095,-4.370051282825334] -17.523204027182107 2.9486970585337096 0.0003037601705927818 3.328661920452891e-05 [-5191.470703125,-539.6279296875] -5.305577372505702 -3.9543199868391508 4.045235005180649 3.545303993787296 66.307492854016 69.32408615130134
358.2273562262011 -3.4869082976092574 0.24707031 0.1000061 [358.2273562262011,-3.4869082976092574] -17.156937384337887 2.94886609625748 0.00019983949416207259 2.1900048529415076e-05 [-3183.34375,-2135.8125] -7.844199614160988 -6.167522592737263 4.174079313698419 4.145046367335515 68.62480054746288 32.456024412269926
357.8408203076618 -3.4052453522468458 0.29101562 0.53515625 [357.8408203076618,-3.4052453522468458] -5.401304792097886 0.845411037788143 0.0007164155796276886 2.250824525181093e-05 [-3877.743164062,-2280.829101562] -7.9084240858074475 -5.311949675019285 4.217515142356692 4.087062607944988 71.75406384993937 40.11970648147599
357.6170043396302 -2.548310248438101 0.29882812 0.6171875 [357.6170043396302,-2.548310248438101] 57.57347371417823 2.9300357495264766 0.0002696099162941995 2.935739281813414e-05 [-4282.915039062,-3821.314453125] -9.100544259491691 -8.833751627609107 3.6742354830904413 3.6007533435481394 82.02523143187375 34.338279620193134
357.61618035853655 -2.5412441693492602 0.29882812 0.6171875 [357.61618035853655,-2.5412441693492602] 65.32505667934278 2.160939110257663 0.000368465258937805 2.9590191731625344e-05 [-4284.418945312,-3834.01953125] -9.100544259491691 -8.833751627609107 3.6742354830904413 3.6007533435481394 82.10402590981482 34.269638980737
358.93750022571265 -4.092897869311518 0.32421875 0.8640137 [358.93750022571265,-4.092897869311518] -4.750989630260949 0.18613228330510428 0.0028797259780017573 1.9919643987703357e-05 [-1906.512695312,-1047.741210938] -5.744211061854715 -3.7533208539773755 3.9044445037739535 3.959589426821244 58.15091940305342 23.798151292480725
358.9364622960142 -4.066152203985736 0.30859375 0.7180176 [358.9364622960142,-4.066152203985736] -4.745761797576488 0.2765325094248662 0.0019450315025669308 1.998856135644761e-05 [-1908.439453125,-1095.877929688] -5.891894614875983 -3.982183825740673 3.882465846709408 3.9509453335395746 58.43874703755489 23.479901567339766
358.9383848782443 -4.090372484504368 0.3203125 0.83447266 [358.9383848782443,-4.090372484504368] -3.941199983578061 0.47742529183678256 0.0011230045324456966 1.992487632961444e-05 [-1904.930664062,-1052.2890625] -5.691039274363395 -3.8175376094117746 3.8793203963950322 3.948241233228121 58.17246908298955 23.74500759831153
357.55032375078815 -3.8558751078279974 0.29492188 0.5698242 [357.55032375078815,-3.8558751078279974] -7.225483883822751 0.35180222314979404 0.0018707868849123577 2.4458600270426625e-05 [-4397.095703125,-1468.125488281] -6.175381018503541 -3.56208765834772 3.928238394005784 3.9064796684095064 68.82631199535626 52.473475609091565
1.328439537343255 -6.993309041363417 0.3125 0.66918945 [1.328439537343255,-6.993309041363417] -12.227321047218439 1.4475784704657806 0.0005280590248280737 2.840751782359394e-05 [2374.188964844,4172.645263672] 1.5721670436407804 0.1389008496554589 3.5835103477084695 4.1870529706250625 14.03014089281669 2.3747238416408436
1.3306355672308763 -6.998109821509555 0.3125 0.66918945 [1.3306355672308763,-6.998109821509555] -12.692652582411258 0.7599711393834653 0.0010087334123824307 2.8489328259033543e-05 [2378.086914062,4181.286987305] 1.5721670436407804 0.1389008496554589 3.5835103477084695 4.1870529706250625 13.9669453801896 2.38256023201302
358.99328632739986 -5.886271990699494 0.26953125 0.30163574 [358.99328632739986,-5.886271990699494] 9.815211355958784 2.7566769490984075 0.00020024354128825314 2.051412960764785e-05 [-1801.4375,2180.001220703] -2.6407307555953996 -4.629539133116589 4.405897544642544 4.3960383267083465 39.07876891941464 46.764857786942684
359.9697265918723 -5.7876630370084365 0.33984375 0.9609375 [359.9697265918723,-5.7876630370084365] 10.863036423262102 2.104778082561452 0.0002573779435083824 2.01319731427381e-05 [-53.21435546875,2001.251708984] -0.39937847211907995 -0.12937087958822424 4.444514106507635 3.790772721085302 34.38961322023624 21.17562900180701
0.6850315874487758 -6.927486899101745 0.29492188 0.50146484 [0.6850315874487758,-6.927486899101745] -2.4037483957260597 2.2300915594601287 0.00031397134873353203 2.602084619916588e-05 [1225.025878906,4052.613037109] 1.0240026660586754 0.06415244022141264 3.8273436166775716 3.930066402858639 18.300243805275613 18.723150289718888
0.6786431621415311 -6.930389855354963 0.2890625 0.45483398 [0.6786431621415311,-6.930389855354963] -5.897250900243624 3.103307116001275 0.0002255061372578865 2.6007093937682774e-05 [1213.604003906,4057.823242188] 1.007549061261641 0.05614014888299268 3.8106807320752165 3.916694595949024 18.30574710658027 18.934499023897843
358.0472716699226 -6.064053492929405 0.33203125 0.9680176 [358.0472716699226,-6.064053492929405] -12.117043465013603 3.0949594333948784 0.0001963574550097769 2.258453008723824e-05 [-3493.56640625,2503.489990234] -1.5266506917892144 -2.536563274955138 3.874708214388036 4.244768647879526 43.10478959146894 72.06634713341828
357.34918238055093 -3.283078616201149 0.2734375 0.35205078 [357.34918238055093,-3.283078616201149] -0.1640952902810915 0.989994844611828 0.0007365439368472491 2.7098190715032485e-05 [-4760.94140625,-2497.646484375] -6.942633838491664 -4.497339577922217 3.7838547367813953 3.405119867856597 75.97172967536471 49.44534853856658
357.85641456856945 -3.0797273399480245 0.25976562 0.21057129 [357.85641456856945,-3.0797273399480245] -13.434696561720706 0.7921103411996958 0.0007914640341809585 2.3298371754375635e-05 [-3850.982421875,-2866.661132812] -7.799005518666957 -6.477482640149866 3.90147534072405 3.788968447113783 75.06010750777216 35.650693282634165
357.8613584911454 -3.0842905984290283 0.25976562 0.21057129 [357.8613584911454,-3.0842905984290283] -13.088062341501479 1.633393983070472 0.00038273110693215126 2.323236467216796e-05 [-3842.0859375,-2858.477539062] -7.799005518666957 -6.477482640149866 3.90147534072405 3.788968447113783 74.98332638358136 35.59796970816751
359.3218081105224 -4.312500583673299 0.29492188 0.578125 [359.3218081105224,-4.312500583673299] -9.295094933908118 1.1163749575303483 0.00048339416328685707 2.0054885706191682e-05 [-1216.260742188,-653.3247070312] -2.8911446855754317 -1.8933331317495679 3.996170861581351 3.986312164789303 53.64752502552756 17.51161191135907
1.0533466775470857 -7.002345071550444 0.26367188 0.18902588 [1.0533466775470857,-7.002345071550444] -13.118463152544361 2.6376702840247277 0.0002830402070478009 2.774452814018234e-05 [1882.775878906,4188.063964844] 1.7920697643807468 -0.23813278052645348 3.557561357066773 4.007302057311096 15.444698052663512 9.95056087120156
357.29205326758387 -4.634216350710037 0.28710938 0.50512695 [357.29205326758387,-4.634216350710037] -17.46874629221228 0.08396699050343431 0.008773727826486201 2.737798295302302e-05 [-4855.560546875,-65.4697265625] -4.643014190155174 -3.8030393685925334 3.926126366891976 3.5444609799388442 62.43824332926408 68.83255611046616
359.72906483487975 -7.010337827780044 0.30078125 0.6218262 [359.72906483487975,-7.010337827780044] -13.150640475227632 0.7505765896258915 0.0009649272586208547 2.691524224882785e-05 [-483.0356445312,4201.122070312] 0.39783484267765423 -1.7256258789160257 3.8261775935489193 4.029752800846194 23.006595634873406 44.878069765899
359.73147595168535 -6.993816821184036 0.3046875 0.6574707 [359.73147595168535,-6.993816821184036] -15.381047771739702 0.6065516385489441 0.0011740561298720655 2.6464600585007205e-05 [-478.7451171875,4171.407104492] 0.43577054745461496 -1.719220789271977 3.8465382425997943 4.033158106766346 23.163428992329273 44.567688129591716
359.51635729201365 -3.958460770974947 0.27539062 0.37670898 [359.51635729201365,-3.958460770974947] -2.23801922862764 0.28949454588913465 0.0018564335320544359 1.9972318973543692e-05 [-867.4697265625,-1290.85546875] -3.614325103714195 -2.2810911257003674 3.7558494617904015 3.8135206114652633 56.31971017648095 8.400984357730522
357.0481568956581 -3.2701660729815063 0.3046875 0.66625977 [357.0481568956581,-3.2701660729815063] -4.31898878269737 2.529231607295477 0.0003470731366616918 3.2622579965807706e-05 [-5301.319335938,-2518.7265625] -7.643703193405111 -5.378866603592298 4.083505651568121 3.623971506429081 77.940807562808 55.85532078349843
359.39407358600465 -4.705510084971948 0.25390625 0.17279053 [359.39407358600465,-4.705510084971948] 1.5863339591060983 2.115174550012657 0.00025561711009544267 2.0093002399510494e-05 [-1085.971191406,53.96923828125] -1.803729319697326 -1.7748131856078513 4.1425349673388405 4.115709112081697 49.084243112836475 20.86496879538845
358.81500253289687 -2.2391563491342237 0.2578125 0.21429443 [358.81500253289687,-2.2391563491342237] -13.33572631525448 2.7847652238545284 0.0002848281923065355 2.9476795169237757e-05 [-2130.21484375,-4382.81640625] -9.689665505745005 -11.102388179413705 4.021748484179177 4.128872904419519 78.50826709224782 4.07307478886014
358.1617433044221 -5.493327611453737 0.29492188 0.58691406 [358.1617433044221,-5.493327611453737] -13.235842815782792 2.1272992899095144 0.0002727865018152619 2.1565531928795042e-05 [-3292.100585938,1475.829589844] -2.189250415442002 -4.4426426664846135 4.025374416228768 4.131274576582857 48.213500639956806 61.027519285874405
359.3739317605238 -3.7312232053963137 0.27734375 0.39904785 [359.3739317605238,-3.7312232053963137] -4.404284373133055 0.939177432514134 0.0005792211195710513 2.0216256550001947e-05 [-1123.51171875,-1699.637695312] -4.9384380764633296 -3.762072814842579 3.7116296035308234 3.892616866524813 59.52578276631709 8.969616612028858
0.4536787139321026 -5.364374062937742 0.25390625 0.10229492 [0.4536787139321026,-5.364374062937742] 0.437154661341292 0.937945566382101 0.0005854368808789708 2.040640098692402e-05 [814.0366210938,1239.688476562] -1.3488194711037251 1.3668934081029716 3.978569029028225 3.7052493880991286 36.18574068791804 3.26320262216268
0.6970251673458355 -5.79634339103772 0.2578125 0.1000061 [0.6970251673458355,-5.79634339103772] 8.89885603942193 0.21214789110659077 0.0026598143932089918 2.097001561809717e-05 [1249.199707031,2017.491210938] 0.49565900214302333 2.0549913032683813 4.118147015026076 3.8066725139354407 30.247061103728925 2.7310126661977847
0.6994167377912196 -5.796686144995224 0.2578125 0.1000061 [0.6994167377912196,-5.796686144995224] 8.97372175162087 0.18858921855497746 0.0029903308285808283 2.0957757086474617e-05 [1253.481445312,2018.112304688] 0.49565900214302333 2.0549913032683813 4.118147015026076 3.8066725139354407 30.230377202711225 2.673760456322725
358.3069154814317 -4.689249577545121 0.30078125 0.62231445 [358.3069154814317,-4.689249577545121] -2.796819736668655 1.9762658779526212 0.00028622622507069634 2.102149013217816e-05 [-3035.909179688,27.89013671875] -4.421586887421188 -3.0435543866914885 3.579826414934474 3.9584657967825185 55.61869247052414 46.410555923072025
358.9837648317228 -6.18271349059412 0.28125 0.44006348 [358.9837648317228,-6.18271349059412] 7.887403398889804 2.8099389310887983 0.00019889188664793726 2.0769337898966684e-05 [-1817.48828125,2713.469238281] -1.900996723013441 -3.7694115728991213 3.7804338876610357 4.115858247324638 36.07044684451728 51.285337911728675
357.6573178683431 -4.2310066333193515 0.27929688 0.41625977 [357.6573178683431,-4.2310066333193515] -5.185924112776271 0.4084172854190808 0.001571573462889225 2.385324695114076e-05 [-4203.1640625,-793.5893554688] -5.497613452902241 -3.738002645356797 3.9957583165921786 3.773086898120302 64.30189064159413 55.08480197847348
357.654571767191 -4.222479943460655 0.27929688 0.41625977 [357.654571767191,-4.222479943460655] -2.708364782505106 0.52641713229659 0.0012151628214422169 2.3772408897826225e-05 [-4208.135742188,-808.9204101562] -5.497613452902241 -3.738002645356797 3.9957583165921786 3.773086898120302 64.40660491192511 55.03175938328695
