data_processed/hvc_rms/hvc_rms_index_14_with_B.ecsv
# %ECSV 1.0
# ---
# datatype:
# - {name: ra_dec_obj.ra, unit: deg, datatype: float64}
# - {name: ra_dec_obj.dec, unit: deg, datatype: float64}
# - {name: 'H-alpha flux [Error]', unit: R, datatype: float32}
# - {name: H-alpha flux, unit: R, datatype: float32}
# - {name: ra_dec_deg, datatype: string, subtype: 'float64[2]'}
# - {name: RM, unit: rad / m2, datatype: float64}
# - {name: RM_uncert, unit: rad / m2, datatype: float64}
# - {name: pol_int, datatype: float64}
# - {name: pol_int_uncert, datatype: float64}
# - {name: ra_dec_pix_offsets, datatype: string, subtype: 'float64[2]'}
# - {name: interpolation_raw, unit: rad / m2, datatype: float64}
# - {name: interpolation_cor, unit: rad / m2, datatype: float64}
# - {name: interpolation_unc, unit: rad / m2, datatype: float64}
# - {name: pixel location x, datatype: float64}
# - {name: pixel location y, datatype: float64}
# - {name: 'B_virtual [raw]', unit: G, datatype: float64}
# - {name: 'B_virtual_unc [raw]', unit: G, datatype: float64}
# - {name: 'B_virtual [int]', unit: G, datatype: float64}
# - {name: 'B_virtual_unc [int]', unit: G, datatype: float64}
# - {name: 'B_virtual [cor]', unit: G, datatype: float64}
# - {name: 'B_virtual_unc [cor]', unit: G, datatype: float64}
# meta: !!omap
# - __serialized_columns__:
#     ra_dec_obj:
#       __class__: astropy.coordinates.sky_coordinate.SkyCoord
#       dec: !astropy.table.SerializedColumn
#         __class__: astropy.coordinates.angles.Latitude
#         unit: &id001 !astropy.units.Unit {unit: deg}
#         value: !astropy.table.SerializedColumn {name: ra_dec_obj.dec}
#       frame: icrs
#       ra: !astropy.table.SerializedColumn
#         __class__: astropy.coordinates.angles.Longitude
#         unit: *id001
#         value: !astropy.table.SerializedColumn {name: ra_dec_obj.ra}
#         wrap_angle: !astropy.coordinates.Angle
#           unit: *id001
#           value: 360.0
#       representation_type: spherical
# schema: astropy-2.0
ra_dec_obj.ra ra_dec_obj.dec "H-alpha flux [Error]" "H-alpha flux" ra_dec_deg RM RM_uncert pol_int pol_int_uncert ra_dec_pix_offsets interpolation_raw interpolation_cor interpolation_unc "pixel location x" "pixel location y" "B_virtual [raw]" "B_virtual_unc [raw]" "B_virtual [int]" "B_virtual_unc [int]" "B_virtual [cor]" "B_virtual_unc [cor]"
[from data line 37]
125.58400736037214 -58.79600167598744 2.3125 11.078125 [125.58400736037214,-58.79600167598744] 6.422531021485184 1.902011656830307 0.00024655362486776864 1.7427426886193818e-05 [2010.591308594,-2712.112304688] 51.80695693586006 50.76733474228779 20.289922251843386 4.198252100111631 47.0937620477946 5.09708310112253e-07 5.799501409043323e-07 -3.6018228578180367e-06 1.7806599031582235e-06 -3.5193158104144137e-06 1.7775235917762318e-06
126.99892435084026 -59.60231015510502 2.1875 9.839844 [126.99892435084026,-59.60231015510502] 25.82531132446716 2.070029799488088 0.00023188463406903392 1.7838456411875437e-05 [3250.767333984,-1205.893066406] 45.6956359425954 42.029797063300215 18.509743333042056 6.140785298626383 33.93734492873705 2.1747037269850467e-06 6.889022676767226e-07 -1.6732448434225325e-06 1.6925059159560406e-06 -1.3645510440267022e-06 1.6868296214613277e-06
126.42195148060405 -58.700748472954686 2.375 11.824219 [126.42195148060405,-58.700748472954686] -1.0940134876756784 0.4709071957584894 0.0010496133721271431 1.836848698810112e-05 [2798.879882812,-2852.834960938] 47.94335716539216 46.963394127767046 19.778677679539918 9.1891015491492 45.15077745201188 -8.403981402458773e-08 5.390598058297965e-07 -3.766947625750204e-06 1.6902542496558344e-06 -3.6916689273056758e-06 1.6872309863422319e-06
126.41809087881796 -58.69974152631055 2.375 11.824219 [126.41809087881796,-58.69974152631055] 1.3097456517440234 0.6021018838905167 0.0008210642854609982 1.8371975216041843e-05 [2795.35546875,-2854.80859375] 47.94335716539216 46.963394127767046 19.778677679539918 9.175718914812705 45.174653788812975 1.0061190490981476e-07 5.398813066990107e-07 -3.5822959068158017e-06 1.6831846908505598e-06 -3.507017208371273e-06 1.680299158389085e-06
128.5882111847169 -61.32824720116732 2.15625 9.5234375 [128.5882111847169,-61.32824720116732] -36.42201844171843 1.4997954967960683 0.0003745578913255463 2.0876596620744712e-05 [4450.968017578,1986.866210938] 25.196445166649315 31.877244638780127 17.53516425158356 2.2224667939101437 11.013171565359244 -3.117566859508246e-06 7.607702915421277e-07 -5.274273318669999e-06 1.7916826263860632e-06 -5.846120786779526e-06 1.8284241004126432e-06
128.57949838839207 -61.318645608807124 2.15625 9.5234375 [128.57949838839207,-61.318645608807124] -28.838596226197318 2.9334731909205276 0.00019145443692866737 2.0871624952701376e-05 [4444.835205078,1969.051757812] 25.196445166649315 31.877244638780127 17.53516425158356 2.2470740021442452 11.139349642487332 -2.46845879816897e-06 7.41281776680056e-07 -4.625165257330724e-06 1.7670008232318807e-06 -5.197012725440251e-06 1.7999367630645068e-06
125.13648979590828 -58.71524789079317 2.453125 12.597656 [125.13648979590828,-58.71524789079317] -21.620343271668958 2.625900632351572 0.0001777498981423515 1.7345880554541267e-05 [1597.198242188,-2869.588867188] 48.463521443661804 47.62814603647212 19.7421984298916 2.37745402028645 49.46838622360133 -1.6090381544026145e-06 5.959039952786994e-07 -5.215810448427417e-06 1.7165580791779367e-06 -5.153639793386097e-06 1.7132537357249685e-06
127.06621559374648 -57.90414424460183 3.609375 24.140625 [127.06621559374648,-57.90414424460183] -67.56360809105001 2.2248682839168765 0.0002844461377235706 2.3518685761569665e-05 [3477.732666016,-4253.413085938] 53.96006671198344 61.08237476687104 21.94132539773961 17.88916764075043 50.93951774506104 -3.632346023125986e-06 5.801216270462892e-07 -6.533340201304724e-06 1.4600341097051138e-06 -6.916248812458015e-06 1.4839796678452524e-06
125.10173800889369 -58.60810497540911 2.453125 12.558594 [125.10173800889369,-58.60810497540911] -51.0110504124203 3.2844898006904075 0.00014376382464100212 1.7547943961073966e-05 [1569.538574219,-3063.13671875] 46.76111071454714 47.380546016027296 19.34650892701967 2.8857285461648416 50.697629652240266 -3.8022651130983295e-06 7.662806300896619e-07 -7.287747934607927e-06 1.8298940723348837e-06 -7.333919444851247e-06 1.8331449484333658e-06
127.44511421189343 -59.48098376862629 4.09375 28.835938 [127.44511421189343,-59.48098376862629] 30.94786128989249 0.6399955456904487 0.000784129755589894 1.8649774670911868e-05 [3669.450683594,-1400.499023438] 46.958352546864475 45.472376247599435 18.065173134245185 9.204844890876075 33.61773565191129 1.5223420307201847e-06 3.8730610106526234e-07 -7.875647219902338e-07 9.5779930204773e-07 -7.144687443446307e-07 9.57045963376465e-07
127.42980181417649 -59.48343265780479 4.09375 28.835938 [127.42980181417649,-59.48343265780479] 21.35482360398409 0.5657568965460053 0.0008901132297637234 1.8714740772608223e-05 [3655.223144531,-1396.949707031] 46.958352546864475 45.472376247599435 18.065173134245185 9.111163084384998 33.6465206774667 1.0504553198827334e-06 3.6583902078042026e-07 -1.2594514328276852e-06 9.642895397975341e-07 -1.186355455182082e-06 9.630708208060177e-07
127.70922839750708 -60.66215528178904 2.140625 9.480469 [127.70922839750708,-60.66215528178904] -12.737147190335012 1.656831585009224 0.0003093261310069076 1.9045995519962156e-05 [3772.708007812,736.2602539062] 35.05194523753991 36.70234537408789 16.857358500022073 2.5393217903912273 20.722977694721976 -1.0927124623960553e-06 6.369653886047722e-07 -4.099798493508844e-06 1.6800776113181416e-06 -4.241385363017157e-06 1.6873883732834598e-06
127.8192596612389 -60.323039894642314 2.21875 10.234375 [127.8192596612389,-60.323039894642314] -31.157094106998056 3.0174113918626184 0.0001697524499630944 1.9035280452030187e-05 [3910.139160156,133.5844726562] 37.393245142370105 40.5971818939025 18.502939798976982 5.370029311138069 23.78778543510566 -2.5726157091821763e-06 7.263007166755871e-07 -5.66014529522771e-06 1.834710925443017e-06 -5.924691725325215e-06 1.8512154666225567e-06
128.35627737103528 -60.011448013643694 2.25 10.558594 [128.35627737103528,-60.011448013643694] -1.9049425386834997 0.3894250477155312 0.00141985562534475 2.0548341337829482e-05 [4428.9375,-391.9404296875] 33.84335868914935 37.276937810581636 18.606911490921906 10.132568934842539 25.07090918708991 -1.5485579924056033e-07 5.703300922099252e-07 -2.9060360854528223e-06 1.6664338842728635e-06 -3.185157176145963e-06 1.6763277462971864e-06
129.1648864583521 -61.79920962444002 2.109375 9.160156 [129.1648864583521,-61.79920962444002] -8.520753983404568 0.24783251332284104 0.002767953875320639 2.5493286879804788e-05 [4872.238769531,2872.234863281] 26.352461177607907 33.93249065180447 17.1684048669352 1.678037417113046 4.337619101315795 -7.436613652917946e-07 6.209032700188855e-07 -3.043611263658485e-06 1.678316718215989e-06 -3.7051695105826315e-06 1.7064874407480729e-06
129.16555789049025 -61.79534148925189 2.109375 9.160156 [129.16555789049025,-61.79534148925189] -7.832301959921547 2.310732769671803 0.00029641078048046974 2.5453787929003075e-05 [4873.420410156,2865.350830078] 26.352461177607907 33.93249065180447 17.1684048669352 1.7079138123226585 4.374206485880904 -6.835757000186944e-07 6.510709369311103e-07 -2.983525598385385e-06 1.6879622952991978e-06 -3.6450838453095306e-06 1.7154798771172758e-06
127.38667301247955 -57.92877190210441 3.578125 23.8125 [127.38667301247955,-57.92877190210441] -32.56711503652233 1.5688309189705243 0.00039866445466185956 2.3243009426754022e-05 [3780.954345703,-4191.5625] 51.956197140076966 59.465448509327956 21.87038330875176 19.409644922403686 49.51772930695756 -1.7628908592390019e-06 4.3989263877324504e-07 -4.575332333294789e-06 1.356486482194501e-06 -4.9818157010642335e-06 1.376027359556263e-06
125.42919164348649 -58.44777677668793 2.546875 13.519531 [125.42919164348649,-58.44777677668793] -49.880731025136974 2.7008283683791623 0.00018058699514148028 1.8125590392154185e-05 [1884.993652344,-3342.905273438] 47.80793391941859 49.66103492845556 19.87149896623353 5.6510982501462195 51.22223605487852 -3.5834440404298713e-06 7.130766955679082e-07 -7.017977824677578e-06 1.7788812381081413e-06 -7.151105058995809e-06 1.7878570945233743e-06
124.94749443565335 -58.682018528487454 2.375 11.8046875 [124.94749443565335,-58.682018528487454] -36.03092057899669 1.5084043188771499 0.0003098817364760012 1.737090524584461e-05 [1421.964355469,-2933.68359375] 47.80355234045409 46.37051895784084 19.630088198805783 1.5971054376774418 50.46031118998758 -2.7701082787396526e-06 6.654943250426468e-07 -6.445313185068013e-06 1.8269104618422823e-06 -6.335139546063039e-06 1.8198756960851781e-06
127.58051292742995 -60.02033231502567 2.171875 9.792969 [127.58051292742995,-60.02033231502567] 5.48305154568064 2.113124402374543 0.00023065210415885637 1.811303345755145e-05 [3732.183349609,-423.9770507812] 37.62063990188038 37.99471124859515 17.732188086977928 6.240496682280082 27.677882784771782 4.628217696195484e-07 6.207314283239944e-07 -2.712718527338698e-06 1.6647342453279158e-06 -2.7442937115601343e-06 1.6657894667148288e-06
127.07767499500956 -58.09580617821679 3.203125 20.054688 [127.07767499500956,-58.09580617821679] -51.062664740109376 0.9170618176321227 0.0006202275717144512 2.1137731812635394e-05 [3470.049560547,-3908.615234375] 52.38966751418564 59.91474017881186 21.910892891262275 16.657421027476403 48.95849606701108 -3.0119250445271515e-06 5.520360194415171e-07 -6.102123185645321e-06 1.5436387356030175e-06 -6.545988677895497e-06 1.569744743689603e-06
127.71524810038657 -59.651790615176196 2.3125 11.15625 [127.71524810038657,-59.651790615176196] 54.339886740616464 2.7172711403991325 0.0001836706301467371 1.8547329840888804e-05 [3895.912841797,-1078.186523438] 43.97437804446899 43.382375247935094 17.534694686562183 9.405344960259754 30.942510361210907 4.297424388677476e-06 8.370203360978329e-07 8.197475656234182e-07 1.5127075879434647e-06 8.665656104996225e-07 1.5131991887936163e-06
128.03680414673516 -60.31158079037217 2.328125 11.230469 [128.03680414673516,-60.31158079037217] 60.48380248902998 2.6251065398432365 0.00020146072470142632 1.965377722212121e-05 [4104.856201172,126.22265625] 34.64096360955175 39.42067165959255 18.726861962997766 6.513619885204207 23.15550206995249 4.767478891931248e-06 8.806518843998334e-07 2.036994762157001e-06 1.6137844054825216e-06 1.6602466692721942e-06 1.6056313635823221e-06
126.85775762175174 -59.525718689512814 2.109375 9.160156 [126.85775762175174,-59.525718689512814] 15.438703815686342 2.7928325926468567 0.00017259630269214182 1.791369169199315e-05 [3129.542724609,-1350.379882812] 46.01138981989322 42.3802133668829 18.62160122166428 5.93891715829227 35.20657527125695 1.3474356354226658e-06 6.866080014937121e-07 -2.6682762416104283e-06 1.7961277953546908e-06 -2.351359963553295e-06 1.7866450160428959e-06
127.15293897381576 -59.59210210988007 2.171875 9.777344 [127.15293897381576,-59.59210210988007] 22.514036016554932 1.2132862426784385 0.00039983418778042934 1.802818068368174e-05 [3391.788818359,-1216.483886719] 46.0813017695488 43.1235227562299 18.75093024260582 6.9853594926947835 33.50776115966573 1.9019169485135436e-06 6.58869293594381e-07 -1.990890577450564e-06 1.7176467148374832e-06 -1.7410264468587677e-06 1.7120906536668766e-06
124.80426805953827 -58.17602915964717 2.765625 15.660156 [124.80426805953827,-58.17602915964717] -48.92583526378491 1.3022438426141503 0.0004096906303101409 1.982700186707516e-05 [1306.631835938,-3846.7109375] 44.541127496588544 46.15954147713205 18.63257803652305 4.0877486986323675 56.20330577784148 -3.2657943806367236e-06 6.288299904606469e-07 -6.23890997695347e-06 1.546448626846655e-06 -6.3469389406841125e-06 1.553421275855896e-06
126.47347277717766 -59.86545949066207 2.1875 9.855469 [126.47347277717766,-59.86545949066207] -1.2763048415954117 0.2107341780281435 0.00220892049066597 1.7299110174797245e-05 [2751.254882812,-756.7416992188] 40.299817063355604 38.3980534304355 16.16756882118674 1.7460678716055327 33.04652376208628 -1.0739013994231554e-07 5.894567465054863e-07 -3.498275180128809e-06 1.5645012358334554e-06 -3.3382580306042465e-06 1.5573469134251243e-06
126.48072057399109 -59.86236940907169 2.1875 9.859375 [126.48072057399109,-59.86236940907169] 5.736618593299313 1.2533994701981215 0.00037215639442912766 1.733499399064368e-05 [2758.051269531,-761.9951171875] 41.02008009060207 38.68576269377436 16.45576426070665 1.8029320041977144 33.05362950887593 4.825917772089733e-07 6.021980941374874e-07 -2.968213436737242e-06 1.5665466190828152e-06 -2.7718394992367166e-06 1.5591876342251923e-06
127.45901488755214 -58.644947108690694 3.078125 18.71875 [127.45901488755214,-58.644947108690694] -17.335511496804468 2.9277207349878056 0.00018011400344340614 1.9596830271777264e-05 [3772.848876953,-2901.440429688] 52.009097831522226 52.04500370848693 21.55438509747486 14.929665741676331 42.028038371897765 -1.0583927896196845e-06 4.808800590901222e-07 -4.2337276592977315e-06 1.4875267933068161e-06 -4.235919836972524e-06 1.4876195311695925e-06
127.32660677480952 -57.97891251623307 3.578125 23.710938 [127.32660677480952,-57.97891251623307] -3.523515929904375 1.8904632504042491 0.000319567393872215 2.24511919739683e-05 [3718.480224609,-4104.95703125] 51.9763354020365 59.66523341781636 21.892049223399425 18.754092036382985 49.23222222551976 -1.9113952861237145e-07 3.9397196045645456e-07 -3.010690353805715e-06 1.300025688168956e-06 -3.427788607800169e-06 1.3141948214483833e-06
127.19564816968645 -59.77936567302665 2.25 10.441406 [127.19564816968645,-59.77936567302665] 22.887492921603624 1.556370800939808 0.0003078856507721344 1.780783923713321e-05 [3411.499023438,-877.7680664062] 42.16107059869843 39.26946796220599 17.611546696714743 5.944164830129694 31.454431314195517 1.87097231172295e-06 6.423552533165159e-07 -1.5755474094608407e-06 1.5701075970852521e-06 -1.3391690307579546e-06 1.5657774370205724e-06
127.28894038936211 -58.432590460128736 3.0625 18.671875 [127.28894038936211,-58.432590460128736] 55.541814158391524 2.4632694196219553 0.00021294320683448657 1.949325699830042e-05 [3635.884033203,-3292.376953125] 53.32256153948452 56.443308342383766 21.397551731236327 15.487099904831325 44.78677591302403 3.395273231963e-06 6.137479774601949e-07 1.3566299779929542e-07 1.3845595176727386e-06 -5.510837407922049e-08 1.3844772402710705e-06
125.32923104122261 -58.94616687334608 2.40625 12.0546875 [125.32923104122261,-58.94616687334608] 19.46827139816294 2.6200702998515357 0.00017723734872510184 1.725746066458665e-05 [1765.473144531,-2449.317382812] 48.89915703494109 46.878065176059394 19.731455166981217 1.8941725752454204 46.41755536618621 1.4811466065990697e-06 6.024759519384309e-07 -2.2391025632729068e-06 1.633222615631725e-06 -2.085337840808122e-06 1.6295417804569577e-06
127.33552563172313 -57.65463258115224 4.03125 28.25 [127.33552563172313,-57.65463258115224] -39.49901143664357 2.756289751825911 0.000273959519995209 2.806208721972182e-05 [3760.633300781,-4686.6015625] 57.084410522632666 62.92099904080052 22.39546120995645 21.000281524645857 52.46904573700476 -1.9630241140563147e-06 4.36599579707871e-07 -4.800008390798511e-06 1.2971116028083506e-06 -5.090075498512468e-06 1.3116173232612723e-06
128.32957463898623 -58.61723708090145 3.21875 20.15625 [128.32957463898623,-58.61723708090145] -9.920321447742953 0.4928447175018443 0.001258043023839894 2.3041688597752463e-05 [4589.380615234,-2896.002929688] 52.11050948751944 55.37989192611322 21.06970098396491 19.588408102309813 39.14918300491058 -5.836728750298721e-07 4.1880152737369526e-07 -3.649651235919776e-06 1.3784144365288063e-06 -3.842008898678816e-06 1.385960417970673e-06
