data_processed/hvc_rms/hvc_rms_index_20_with_B.ecsv
# %ECSV 1.0
# ---
# datatype:
# - {name: ra_dec_obj.ra, unit: deg, datatype: float64}
# - {name: ra_dec_obj.dec, unit: deg, datatype: float64}
# - {name: 'H-alpha flux [Error]', unit: R, datatype: float32}
# - {name: H-alpha flux, unit: R, datatype: float32}
# - {name: ra_dec_deg, datatype: string, subtype: 'float64[2]'}
# - {name: RM, unit: rad / m2, datatype: float64}
# - {name: RM_uncert, unit: rad / m2, datatype: float64}
# - {name: pol_int, datatype: float64}
# - {name: pol_int_uncert, datatype: float64}
# - {name: ra_dec_pix_offsets, datatype: string, subtype: 'float64[2]'}
# - {name: interpolation_raw, unit: rad / m2, datatype: float64}
# - {name: interpolation_cor, unit: rad / m2, datatype: float64}
# - {name: interpolation_unc, unit: rad / m2, datatype: float64}
# - {name: pixel location x, datatype: float64}
# - {name: pixel location y, datatype: float64}
# - {name: 'B_virtual [raw]', unit: G, datatype: float64}
# - {name: 'B_virtual_unc [raw]', unit: G, datatype: float64}
# - {name: 'B_virtual [int]', unit: G, datatype: float64}
# - {name: 'B_virtual_unc [int]', unit: G, datatype: float64}
# - {name: 'B_virtual [cor]', unit: G, datatype: float64}
# - {name: 'B_virtual_unc [cor]', unit: G, datatype: float64}
# meta: !!omap
# - __serialized_columns__:
#     ra_dec_obj:
#       __class__: astropy.coordinates.sky_coordinate.SkyCoord
#       dec: !astropy.table.SerializedColumn
#         __class__: astropy.coordinates.angles.Latitude
#         unit: &id001 !astropy.units.Unit {unit: deg}
#         value: !astropy.table.SerializedColumn {name: ra_dec_obj.dec}
#       frame: icrs
#       ra: !astropy.table.SerializedColumn
#         __class__: astropy.coordinates.angles.Longitude
#         unit: *id001
#         value: !astropy.table.SerializedColumn {name: ra_dec_obj.ra}
#         wrap_angle: !astropy.coordinates.Angle
#           unit: *id001
#           value: 360.0
#       representation_type: spherical
# schema: astropy-2.0
ra_dec_obj.ra ra_dec_obj.dec "H-alpha flux [Error]" "H-alpha flux" ra_dec_deg RM RM_uncert pol_int pol_int_uncert ra_dec_pix_offsets interpolation_raw interpolation_cor interpolation_unc "pixel location x" "pixel location y" "B_virtual [raw]" "B_virtual_unc [raw]" "B_virtual [int]" "B_virtual_unc [int]" "B_virtual [cor]" "B_virtual_unc [cor]"
[from data line 148]
176.71858218658733 -63.40573861980683 10.9375 97.375 [176.71858218658733,-63.40573861980683] 850.9799132608828 0.5991061625268369 0.0009350260726297763 2.0817866112358317e-05 [2035.025390625,-2654.350585938] 308.0540601574002 285.44674485351834 145.7127386013021 27.792200418838775 40.63343875214491 2.2779501080652357e-05 2.423882492809955e-06 1.4533339582709264e-05 4.19839198321475e-06 1.513850470514095e-05 4.222390167181866e-06
180.36402889232852 -64.4170226974531 4.6875 34.890625 [180.36402889232852,-64.4170226974531] 938.5885111543834 3.190954186365762 0.0002090775840483523 2.479343756850237e-05 [4787.87487793,-641.27734375] 143.1315840016243 229.47034178963577 73.96882437866165 20.19470826615043 19.189773687565093 4.197294996185125e-05 4.726302134306186e-06 3.557221658203203e-05 5.198034274143686e-06 3.1711214324559777e-05 4.872689113036183e-06
174.0698244335034 -64.4529189715595 5.625 44.1875 [174.0698244335034,-64.4529189715595] 428.7565867263185 1.8917588206793923 0.00027266173465928046 1.916896498715068e-05 [-95.04248046875,-810.2260742188] 121.5760820882946 177.4652664344793 66.02806070313439 11.952355300466706 50.741713137231955 1.703765122155431e-05 1.900079194538647e-06 1.220653970599967e-05 2.9627310521641495e-06 9.985651539084432e-06 2.8598750902149816e-06
176.76715111602687 -65.07391354992919 5.09375 38.78125 [176.76715111602687,-65.07391354992919] 625.0295013893336 0.25574754644270137 0.0019975092707567896 1.8984929236524007e-05 [1952.697265625,347.1630859375] 74.15813294909324 137.1962987213937 40.204754861422714 8.458264104529917 35.43436547026886 2.6511741047632137e-05 2.968666109150954e-06 2.336619157684393e-05 3.1262936438215978e-06 2.0692315346429153e-05 2.882946904745736e-06
176.7614595314399 -65.06745913733364 5.09375 38.78125 [176.7614595314399,-65.06745913733364] 632.587976089775 0.33794609994365105 0.0015175162135878401 1.905853359000867e-05 [1948.855957031,335.3793945312] 74.15813294909324 137.1962987213937 40.204754861422714 8.526202546936474 35.481464583655 2.6832347232664605e-05 3.0042232921382745e-06 2.3686797761876395e-05 3.156113850243385e-06 2.101292153146162e-05 2.9116049369334798e-06
176.76432788516465 -65.07222737882351 5.09375 38.78125 [176.76432788516465,-65.07222737882351] 624.6372062415369 0.4486157385297102 0.0011449216675646343 1.9087936573314307e-05 [1950.681152344,344.0434570312] 74.15813294909324 137.1962987213937 40.204754861422714 8.474343192137894 35.453227132277334 2.6495101149276122e-05 2.966862709057919e-06 2.334955167848791e-05 3.124789151160097e-06 2.0675675448073135e-05 2.8815070231435454e-06
178.2626190756819 -65.71867362353788 4.75 35.4375 [178.2626190756819,-65.71867362353788] 412.07918435450256 1.4913290028613573 0.0003541733217945167 1.9628992625169732e-05 [3010.357666016,1564.793457031] 53.69598745900949 74.47320650027734 29.03426884623512 2.702459830492444 26.333957963377088 1.8285118253159786e-05 2.076247319462046e-06 1.5902475504664338e-05 2.2237203162974763e-06 1.4980531563874178e-05 2.1415926216217503e-06
175.32450888469054 -64.02849573386749 6.5625 53.65625 [175.32450888469054,-64.02849573386749] 599.9862094159779 0.3782686972418902 0.0013726232965971044 1.9295697075824916e-05 [892.435546875,-1566.261230469] 177.51995653916038 222.3170398719629 101.39988468453775 18.661807131448313 45.86545583117777 2.163613806443717e-05 2.3677711658424064e-06 1.5234580447616592e-05 4.022740747429323e-06 1.3619150184950955e-05 3.953552847728754e-06
176.63941959593555 -62.737666869878 9.125 78.9375 [176.63941959593555,-62.737666869878] 562.1839733178234 2.443830816152885 0.0002676899090397294 2.431150475079461e-05 [2017.049804688,-3857.87890625] 366.0510904851781 274.75762936520687 167.44813551197078 35.4517839299624 43.03929519230405 1.6714192930437535e-05 1.8013098189258852e-06 5.8311922773622785e-06 5.022129654158275e-06 8.545422128920056e-06 5.066381279446597e-06
174.96536272455577 -62.36408641209026 13.875 126.90625 [174.96536272455577,-62.36408641209026] 316.76281182473724 2.56351937592289 0.00032639380226540116 3.1094760137207116e-05 [645.3920898438,-4564.799804688] 401.09473968150763 320.7064638521995 199.9121914271823 37.361421717181656 53.149051373861994 7.427477041367103e-06 8.014192355903324e-07 -1.977421069102509e-06 4.6954325581512036e-06 -9.247103447649439e-08 4.6908233706273e-06
179.66674796012623 -63.21474461111537 5.375 41.8125 [179.66674796012623,-63.21474461111537] 301.65875169766866 2.919307455415965 0.0002304200328301806 2.499820203649359e-05 [4433.923583984,-2846.715820312] 379.1478827471742 291.0314391378703 165.66149000016287 33.60574419888576 25.66648444215025 1.232285948101847e-05 1.3976213309947039e-06 -3.1654565559771957e-06 6.783454659895958e-06 4.3412922250142124e-07 6.774585115784781e-06
177.96383656106158 -62.349357669115676 8.1875 69.9375 [177.96383656106158,-62.349357669115676] 735.016846904512 1.0074823671537922 0.0008454592398383387 3.165474591374773e-05 [3148.208007812,-4501.408203125] 440.14062861913663 311.7191741155282 170.15632027761228 41.72578069386873 37.03542362808844 2.321618606212417e-05 2.502491018448954e-06 9.31393773876068e-06 5.471336735439967e-06 1.337024800522688e-05 5.567414623818141e-06
177.16731288065762 -64.36936953570354 5.5 42.859375 [177.16731288065762,-64.36936953570354] 535.7448814902067 1.438009658768346 0.0003602485246731875 1.925186099205266e-05 [2315.397949219,-906.3002929688] 121.49171661288314 212.51094607267038 61.877650603903135 17.157537022287215 35.508596996372034 2.1616418900861093e-05 2.4066031164975783e-06 1.6714429297182922e-05 3.119218396226707e-06 1.304195409487467e-05 2.8973198263986958e-06
177.1558073215422 -64.36648548378618 5.5 42.859375 [177.1558073215422,-64.36648548378618] 532.3034314721709 2.727414200331807 0.0001897113310387355 1.9228839373627766e-05 [2306.693359375,-911.9057617188] 121.49171661288314 212.51094607267038 61.877650603903135 17.176731683312482 35.57495791057613 2.147756209086356e-05 2.3931940039398578e-06 1.6575572487185387e-05 3.1115581137781916e-06 1.2903097284877137e-05 2.891226845737987e-06
177.4896696582264 -63.873828976410636 5.96875 47.609375 [177.4896696582264,-63.873828976410636] 876.8711759101262 0.7419763481489818 0.000738126342286553 2.0353048592019483e-05 [2612.158447266,-1784.5546875] 216.9239756692763 280.3268381872422 94.31147532954655 23.33506724158974 35.28678892683047 3.3568983335457455e-05 3.6916424988327564e-06 2.526455102617892e-05 4.559234105261679e-06 2.2837319188985947e-05 4.4025146247687894e-06
177.45906085026564 -64.39241022560117 5.6875 45.015625 [177.45906085026564,-64.39241022560117] 382.1465443322529 1.622040645275944 0.0003215614527234674 1.938359904796336e-05 [2540.092285156,-853.6884765625] 126.68787101123266 214.62141385648738 60.582191628566164 17.25042184928634 33.97133067841855 1.504516409118553e-05 1.6783496517994599e-06 1.0057444495140309e-05 2.644216122682746e-06 6.595488340236796e-06 2.508949064726641e-06
179.91137680697926 -65.57500460473698 5.53125 43.15625 [179.91137680697926,-65.57500460473698] 384.61836292436305 0.251396959697767 0.0023641675512301816 2.2087521059192782e-05 [4249.735351562,1401.544921875] 44.80319457205724 89.79838162820101 33.2657240750627 6.118642338718928 18.714100028893654 1.546524480848534e-05 1.7317221794842125e-06 1.366373859076134e-05 2.0365295220633712e-06 1.1854512484820842e-05 1.8931157830023875e-06
179.9171142014824 -65.57261656904255 5.53125 43.15625 [179.9171142014824,-65.57261656904255] 18.345845164493337 2.4376065146494943 0.00024315067257176182 2.202661598196232e-05 [4254.374755859,1397.649902344] 44.80319457205724 89.79838162820101 33.2657240750627 6.152406933965722 18.691890130143065 7.376740531321223e-07 3.089854573314726e-07 -1.0638321645918796e-06 1.375426338073173e-06 -2.873058270532377e-06 1.4066780001570203e-06
179.91201774527457 -65.57214350632557 5.53125 43.15625 [179.91201774527457,-65.57214350632557] 389.6167623947329 1.2063842371413307 0.0004914756909690911 2.2034154944610994e-05 [4250.677246094,1396.459472656] 44.80319457205724 89.79838162820101 33.2657240750627 6.152918976524461 18.717847021983516 1.5666227077954038e-05 1.75427725589558e-06 1.3864720860230037e-05 2.0535919886647598e-06 1.2055494754289538e-05 1.9091353091150027e-06
175.788665700867 -63.855090969440276 7.03125 58.34375 [175.788665700867,-63.855090969440276] 375.8277943669949 1.0448850862791506 0.0005159323069686065 2.0034105540037445e-05 [1266.014160156,-1870.365722656] 211.3269189669448 236.90324791073678 115.590455698433 21.316418815610632 44.05606813180566 1.2996917422946648e-05 1.428807505587376e-06 5.6887870605150915e-06 4.051968089517893e-06 4.8043036874200625e-06 4.038511008998555e-06
179.84289556629378 -62.546821644253015 6.53125 53.203125 [179.84289556629378,-62.546821644253015] 468.9492799620766 2.194996113857503 0.0003566359085881306 2.909159465093824e-05 [4681.474487305,-4030.974609375] 427.7054351896113 341.47698688927903 172.82117829011733 41.6503591435478 26.340249736385886 1.698266866188724e-05 1.869040302706052e-06 1.4936168580314945e-06 6.2663465690860826e-06 4.616319523939502e-06 6.28438750431264e-06
178.85604856750592 -65.8552704477313 4.46875 32.578125 [178.85604856750592,-65.8552704477313] 229.30112386603386 0.5844651607002231 0.0009342359089203491 2.0291954869226836e-05 [3430.104492188,1840.247070312] 49.04731577691799 68.0362936804397 30.191098207457387 1.7468410072549432 23.11783955442297 1.061186642823191e-05 1.244005348284808e-06 8.34199720599447e-06 1.7172390691349262e-06 7.46320300855064e-06 1.6646530376637034e-06
178.86181654062628 -65.85167689439545 4.5 32.953125 [178.86181654062628,-65.85167689439545] 232.67546695925773 1.6252082528159089 0.0003342313791523192 2.0186682070730692e-05 [3434.817626953,1834.110107422] 50.67508563934916 71.94357688855303 30.61164545593582 1.7950566834692836 23.099459226893714 1.0706583922067493e-05 1.2538996081100688e-06 8.374764997424902e-06 1.7287500047462627e-06 7.396093333277205e-06 1.6708086854903436e-06
180.66333008189565 -65.92446137234562 4.375 31.679688 [180.66333008189565,-65.92446137234562] 287.33992101224777 0.9567961460330303 0.0006898892411688725 2.4530561692560645e-05 [4741.626586914,2080.994384766] 33.17298168935365 53.09609514147085 30.240390359594503 2.72415720173899 14.256912940538541 1.3485099579163407e-05 1.5652329008939384e-06 1.1928264177236674e-05 1.988714875141025e-06 1.0993256024236875e-05 1.918124811670732e-06
177.75482170516716 -63.641750418523934 6.46875 52.53125 [177.75482170516716,-63.641750418523934] 1231.1111707906668 0.5058481228578807 0.0011464291176782938 2.1551428100582413e-05 [2845.223144531,-2190.174316406] 267.08465345531533 281.4983727986892 105.70508947119711 26.37190102247314 34.57033366556243 4.486803382971742e-05 4.899339518187124e-06 3.513409302002179e-05 5.439201705300806e-06 3.460878282671471e-05 5.3990065367665465e-06
177.74569696689468 -63.638465966504995 6.46875 52.53125 [177.74569696689468,-63.638465966504995] 1301.298550949363 0.6827099166667857 0.0008483262253859257 2.152324788351165e-05 [2838.273193359,-2196.485351562] 267.08465345531533 281.4983727986892 105.70508947119711 26.39895581040014 34.62679119238328 4.7426023572720974e-05 5.177943887392001e-06 3.769208276302534e-05 5.639178879177483e-06 3.7166772569718265e-05 5.5975653855018565e-06
177.9339751864873 -64.00827016049463 5.96875 47.71875 [177.9339751864873,-64.00827016049463] -2.695019778467535 0.17274816149421968 0.0032516968884754647 2.087527438684978e-05 [2949.481201172,-1523.442871094] 189.346368288496 251.73211174632198 78.45108807935345 22.311042391768524 32.6321396158462 -1.030542866959025e-07 2.6799110788205755e-07 -7.343429692595977e-06 3.117476994303299e-06 -9.728984835236007e-06 3.194972930799727e-06
174.5556185006616 -64.66928861907925 5.46875 42.6875 [174.5556185006616,-64.66928861907925] 289.0672979438212 1.3962599336213062 0.00036456951335269333 1.8917133451394912e-05 [279.8330078125,-420.0639648438] 103.94433330836061 156.1478182688845 52.65006002284106 10.172137329326915 47.60061013555378 1.1686843721004827e-05 1.3228795408010155e-06 7.484427232872937e-06 2.3017080158923525e-06 5.373866907422229e-06 2.2286069386983987e-06
179.98524480986993 -65.50937644949055 5.625 44.09375 [179.98524480986993,-65.50937644949055] 650.8480458523163 0.9186157421902518 0.0006434733243142268 2.1967120601569253e-05 [4315.289550781,1288.911132812] 49.20358186838962 100.06754490501845 34.502006932397954 6.963496548478133 18.51099286869203 2.5890457319621616e-05 2.8697718205755257e-06 2.3933159845265966e-05 2.988747816120761e-06 2.1909813117102837e-05 2.7935483214305467e-06
174.28683496809862 -64.81939696812442 5.59375 43.890625 [174.28683496809862,-64.81939696812442] 263.18366724620466 1.5404008288257929 0.00031701558522636365 1.8147761390589602e-05 [72.4423828125,-150.615234375] 89.96572753555587 139.41158409979033 46.83620089019019 8.055984380460131 48.41432701937151 1.0493531867669033e-05 1.1919467067841518e-06 6.9064618994964585e-06 2.036914832845624e-06 4.934980625563155e-06 1.965992856768027e-06
174.28074624141533 -64.81803130266822 5.59375 43.890625 [174.28074624141533,-64.81803130266822] 252.67522277755202 2.984113874999089 0.0001639653583389083 1.8183446271115916e-05 [67.78271484375,-153.080078125] 89.96572753555587 139.41158409979033 46.83620089019019 8.062871442871256 48.448838229814555 1.0074544253181997e-05 1.1516609913926599e-06 6.487474285009422e-06 2.022662039067301e-06 4.515993011076119e-06 1.9563633970448548e-06
177.1308898448237 -65.69232186290148 5.0 37.921875 [177.1308898448237,-65.69232186290148] 358.4208999894681 0.945851635298576 0.000508659011686358 1.787962744834195e-05 [2176.456054688,1471.0625] 40.76817643328109 66.8065065075614 28.60623333416187 1.7067542639192652 31.851704229407233 1.5374360457217926e-05 1.7417526198902263e-06 1.3625621363914107e-05 1.976912839108583e-06 1.2508714754177437e-05 1.8827871176348554e-06
177.12365724924354 -65.68817140118307 5.0 37.921875 [177.12365724924354,-65.68817140118307] 371.7039607832808 2.112427478167321 0.00022908967300503105 1.7984402908537794e-05 [2171.452148438,1463.352050781] 40.76817643328109 66.8065065075614 28.60623333416187 1.7464429551077956 31.898508572606488 1.5944133493961086e-05 1.8062005299243093e-06 1.4195394400657267e-05 2.0278166400258943e-06 1.3078487790920597e-05 1.932072020894737e-06
174.45729062962974 -64.2530366012305 5.6875 44.90625 [174.45729062962974,-64.2530366012305] 681.6256933137917 0.822820956962902 0.0006351836569891163 1.9422868194171142e-05 [207.2221679688,-1169.661621094] 142.77818940809195 195.17728339126631 82.58268272493886 14.823851945986917 49.49232334659041 2.6868362048173794e-05 2.9697928708662294e-06 2.1240322901132258e-05 4.017135804129086e-06 1.917485230349138e-05 3.8892752824484735e-06
177.781997754409 -63.569313132031205 6.5 52.890625 [177.781997754409,-63.569313132031205] 889.290591590091 2.6461184331868175 0.0002182242769087316 2.145957143147676e-05 [2874.209228516,-2319.094238281] 284.42836855304137 276.7181502407859 109.23662760958793 27.25107830665388 34.630815765325224 3.230003421181191e-05 3.530412417791729e-06 2.1969276052495014e-05 4.641934045979553e-06 2.2249319851025585e-05 4.657747466355052e-06
180.23062139796843 -64.23275764124257 4.5625 33.59375 [180.23062139796843,-64.23275764124257] 644.6332431772506 0.24811926169778709 0.0027139168625981286 2.5024518092418057e-05 [4716.207763672,-981.4208984375] 167.6386158179794 245.31868036904328 87.93950619153642 22.229671537761988 20.299193414722367 2.9378667172631224e-05 3.327634505129114e-06 2.1738665432846894e-05 4.708627052602227e-06 1.8198455884940117e-05 4.513752712505908e-06
