data_processed/hvc_rms/hvc_rms_index_24_with_B.ecsv
# %ECSV 1.0
# ---
# datatype:
# - {name: ra_dec_obj.ra, unit: deg, datatype: float64}
# - {name: ra_dec_obj.dec, unit: deg, datatype: float64}
# - {name: 'H-alpha flux [Error]', unit: R, datatype: float32}
# - {name: H-alpha flux, unit: R, datatype: float32}
# - {name: ra_dec_deg, datatype: string, subtype: 'float64[2]'}
# - {name: RM, unit: rad / m2, datatype: float64}
# - {name: RM_uncert, unit: rad / m2, datatype: float64}
# - {name: pol_int, datatype: float64}
# - {name: pol_int_uncert, datatype: float64}
# - {name: ra_dec_pix_offsets, datatype: string, subtype: 'float64[2]'}
# - {name: interpolation_raw, unit: rad / m2, datatype: float64}
# - {name: interpolation_cor, unit: rad / m2, datatype: float64}
# - {name: interpolation_unc, unit: rad / m2, datatype: float64}
# - {name: interpolation_cor_unc, unit: rad / m2, datatype: float64}
# - {name: HI, unit: dex(1 / cm2), datatype: float64}
# - {name: 'HI [Error]', unit: dex(1 / cm2), datatype: float64}
# - {name: pixel location x, datatype: float64}
# - {name: pixel location y, datatype: float64}
# - {name: 'B_virtual [raw]', unit: G, datatype: float64}
# - {name: 'B_virtual_unc [raw]', unit: G, datatype: float64}
# - {name: 'B_virtual [int]', unit: G, datatype: float64}
# - {name: 'B_virtual_unc [int]', unit: G, datatype: float64}
# meta: !!omap
# - __serialized_columns__:
#     ra_dec_obj:
#       __class__: astropy.coordinates.sky_coordinate.SkyCoord
#       dec: !astropy.table.SerializedColumn
#         __class__: astropy.coordinates.angles.Latitude
#         unit: &id001 !astropy.units.Unit {unit: deg}
#         value: !astropy.table.SerializedColumn {name: ra_dec_obj.dec}
#       frame: icrs
#       ra: !astropy.table.SerializedColumn
#         __class__: astropy.coordinates.angles.Longitude
#         unit: *id001
#         value: !astropy.table.SerializedColumn {name: ra_dec_obj.ra}
#         wrap_angle: !astropy.coordinates.Angle
#           unit: *id001
#           value: 360.0
#       representation_type: spherical
# schema: astropy-2.0
ra_dec_obj.ra ra_dec_obj.dec "H-alpha flux [Error]" "H-alpha flux" ra_dec_deg RM RM_uncert pol_int pol_int_uncert ra_dec_pix_offsets interpolation_raw interpolation_cor interpolation_unc interpolation_cor_unc HI "HI [Error]" "pixel location x" "pixel location y" "B_virtual [raw]" "B_virtual_unc [raw]" "B_virtual [int]" "B_virtual_unc [int]"
[from data line 567]
211.899413935924 -33.383346424009815 1.4375 2.3457031 [211.899413935924,-33.383346424009815] -36.19368814970247 2.849663369672204 0.0001614192956485953 1.709455150196477e-05 [-3362.6640625,1425.479492188] -27.69498940792903 -28.34828249095978 7.170604014818006 7.22191675057412 0.0 0.0 43.149557619905636 57.49759271677726 -8.596001070453534e-06 2.1201061059616325e-06 -2.0184409828470916e-06 2.488455875597298e-06
213.08778353626673 -33.72143563245887 1.34375 1.3984375 [213.08778353626673,-33.72143563245887] -31.488595234046688 1.7756547123041668 0.0002453007461014007 1.6186989707022117e-05 [-1571.130859375,2006.3046875] -28.505768518776335 -30.74313407814379 7.192483298582987 7.7828012983422035 0.0 0.0 35.35406148390916 46.49454451275392 -7.478541485448714e-06 1.9761603342693985e-06 -7.084213559941426e-07 2.4224771585759257e-06
215.82682795054993 -32.22116845075286 1.3125 1.1445312 [215.82682795054993,-32.22116845075286] -18.02567143450857 2.3310984505151318 0.00019388374833981207 1.6796187965857194e-05 [2572.471191406,-681.3837890625] -15.06240022478115 -15.21871436133701 6.679409206698357 7.698981592815086 0.0 0.0 42.01242822482618 10.466465811131684 -4.281097032880114e-06 1.8401477923120816e-06 -7.037769233548099e-07 2.365478497226948e-06
213.33599828742922 -32.29207598037394 1.3125 1.1445312 [213.33599828742922,-32.29207598037394] -22.16075705021114 3.010986205066772 0.00014103361315292488 1.5781202813009514e-05 [-1219.181640625,-569.5776367188] -27.692206104891472 -25.373137706754804 7.102573027241854 7.306789698364365 0.0 0.0 50.57477738122043 37.200962770805745 -5.263179882021546e-06 1.9371323274897046e-06 1.3137191711031034e-06 2.4800239105709918e-06
212.00825481679223 -33.51417157443206 1.453125 2.5058594 [212.00825481679223,-33.51417157443206] -40.18344525686091 2.9346866209466835 0.00015638955225435655 1.7056038652965374e-05 [-3194.370117188,1657.53125] -28.297436741383397 -28.929656978950007 6.976702228819509 7.049283239518783 0.0 0.0 41.31010769229624 56.917090392269984 -9.543568398274076e-06 2.195151220912013e-06 -2.8229270667268104e-06 2.4763914824403715e-06
215.44105521351997 -31.06905952318459 1.265625 0.6855469 [215.44105521351997,-31.06905952318459] -3.226913359896429 2.8641217370125127 0.00015804692004029415 1.682233252581604e-05 [2009.963867188,-2762.963867188] -22.63364675778534 -21.766623466580565 6.485496160241844 6.9803379637189575 0.0 0.0 56.283962127827635 8.518882967907075 -7.663919350025826e-07 1.7990930660211012e-06 4.609099254330365e-06 2.4423586804666988e-06
212.74601732414638 -32.66381060703685 1.4140625 2.1591797 [212.74601732414638,-32.66381060703685] -24.760347135055156 2.4044572261555546 0.0001806814633625527 1.6145048653669966e-05 [-2108.002929688,108.7465820312] -27.802789515025314 -26.11913324112924 6.523232910434012 7.356280090647849 0.0 0.0 48.45423452041109 45.248772133375724 -5.880582536861055e-06 1.9198256072590003e-06 7.225800765825427e-07 2.3450457288311933e-06
213.02430739689495 -33.77993777808471 1.3515625 1.4946289 [213.02430739689495,-33.77993777808471] -43.030812109578946 3.033957103134294 0.00014367135661462363 1.619900471437349e-05 [-1665.009765625,2112.548828125] -29.13102191351735 -31.407336543065195 7.2934346167148965 7.78376840588673 0.0 0.0 34.91130618552529 47.42544502074338 -1.0219818036407164e-05 2.2544052164664774e-06 -3.3012002233711913e-06 2.5438825734310086e-06
215.97108448722605 -34.68286511145703 1.2578125 0.5583496 [215.97108448722605,-34.68286511145703] -36.02668275778747 2.7119227508362806 0.00019731891502380977 1.9886334326300885e-05 [2713.910644531,3751.817382812] -23.042346148957854 -21.592557167457727 8.004938928085515 7.2055395239908355 0.0 0.0 14.206622950616293 21.641505269987192 -8.55633728925127e-06 2.1071117308330744e-06 -3.0837799929915654e-06 2.6376174529671945e-06
212.67250080342288 -32.42092136014197 1.3203125 1.1708984 [212.67250080342288,-32.42092136014197] -17.64217578342163 2.2956840581403806 0.00018876968684090791 1.6104716232475337e-05 [-2225.384765625,-326.9150390625] -24.030268828073982 -23.535063347116477 6.504003949497399 7.067255006912636 0.0 0.0 51.447986624073565 44.91875701863978 -4.190016814317621e-06 1.8340148031950295e-06 1.5171721219142957e-06 2.3424196820002895e-06
212.64614840043976 -33.74543756067528 1.390625 1.925293 [212.64614840043976,-33.74543756067528] -50.37150662291284 2.9473538446192284 0.00014981992899958376 1.6410075089020577e-05 [-2231.533203125,2057.399414062] -29.321248922859603 -30.90181639212466 7.014389720797413 7.53372867690098 0.0 0.0 36.57946869590569 51.22568179434484 -1.196323301068381e-05 2.3915160507666723e-06 -4.99943628222005e-06 2.541603800319918e-06
212.9748685553944 -32.06672277843051 1.421875 2.2548828 [212.9748685553944,-32.06672277843051] -16.275006951833685 3.198431811651423 0.0001338071212393728 1.5904683338175587e-05 [-1772.981445312,-970.099609375] -24.5432757561976 -24.281890706315906 6.297803270088899 6.5873976377079835 0.0 0.0 54.387521850133 40.01785190732767 -3.865314211719844e-06 1.8969229017427631e-06 1.963713871853483e-06 2.375830826982054e-06
216.89849861410391 -34.142932909997725 1.2890625 0.9133301 [216.89849861410391,-34.142932909997725] -24.986262692987353 2.9880842138111374 0.00017861720151733746 1.983466259185943e-05 [4111.972900391,2810.416259766] -10.588247044152027 -10.875072837618461 6.812764521901283 6.400626439590118 0.0 0.0 16.57666358847473 9.567102906926038 -5.934237482711972e-06 1.968292225994126e-06 -3.4195287702619115e-06 2.4671840973522468e-06
214.22015385189437 -34.97053148160219 1.2109375 0.1000061 [214.22015385189437,-34.97053148160219] -42.25405542600933 0.49133440233588227 0.0011936320116708692 2.1794972951279397e-05 [122.2817382812,4245.884643555] -27.797532361288482 -34.7542563509568 6.892031784694268 7.231044786563343 0.0 0.0 17.387224818277446 40.663007386875734 -1.0035338321164296e-05 2.1242354664001553e-06 -3.433424281752789e-06 2.3790543744280978e-06
212.74053950198538 -34.39642711135958 1.2578125 0.55859375 [212.74053950198538,-34.39642711135958] -56.00345071564235 2.163147576714829 0.00021953188188041087 1.7647876375200686e-05 [-2074.291992188,3226.76953125] -31.18700094881716 -35.76539244689096 6.865025322519676 7.177823571780937 0.0 0.0 28.906341259993724 53.16166046485705 -1.3300819753698155e-05 2.4648377785298e-06 -5.8939069121155405e-06 2.5069119973700813e-06
212.76000979761636 -33.62631236031786 1.3984375 1.996582 [212.76000979761636,-33.62631236031786] -41.748953611665115 2.774288813687911 0.00015869485578418375 1.636150400163754e-05 [-2064.02734375,1840.73046875] -27.913237988212565 -30.044498399516073 6.906277876641605 7.406808162627785 0.0 0.0 37.542037215399205 49.493612415864845 -9.915376638374955e-06 2.2117123212186743e-06 -3.285982512137728e-06 2.4646388497958013e-06
214.68080126026766 -31.561164940546746 1.3125 1.1430664 [214.68080126026766,-31.561164940546746] -21.53106476254322 2.550384632693271 0.00016720736013170056 1.5847828995653078e-05 [833.6162109375,-1887.590820312] -23.715755884137522 -22.095567447525855 6.380418740777581 6.833974132207975 0.0 0.0 53.78659577837061 19.210206904368306 -5.113627961353459e-06 1.8924215523540633e-06 5.188641495213117e-07 2.330605159860541e-06
214.13204961468332 -32.168796488935 1.3125 1.1220703 [214.13204961468332,-32.168796488935] -24.034773255667446 3.234019389200861 0.00013087919310167495 1.5729754023323364e-05 [-7.95849609375,-796.0776367188] -22.787682026709334 -22.604880817008656 7.031002295978328 7.454181328956754 0.0 0.0 49.07010705048697 28.104355991067223 -5.708258737802153e-06 1.978678022797404e-06 -2.96184171525644e-07 2.4786703116150764e-06
212.7233734198409 -32.26753621920844 1.4140625 2.1298828 [212.7233734198409,-32.26753621920844] 7.6730386713489125 2.265112666963135 0.00019004394469811182 1.599751581932562e-05 [-2151.7578125,-604.0278320312] -22.53463456288526 -22.28381777765217 6.355255527213397 6.688406338288154 0.0 0.0 53.002621015354634 43.66370816718518 1.8223467130439105e-06 1.7636667489708916e-06 7.174322505719056e-06 2.493629111172773e-06
212.72055069175158 -32.26737203673734 1.4140625 2.1298828 [212.72055069175158,-32.26737203673734] 72.43630125946905 2.851608073658117 0.00015130689252553718 1.603456752269793e-05 [-2156.056640625,-604.2661132812] -22.53463456288526 -22.28381777765217 6.355255527213397 6.688406338288154 0.0 0.0 53.01425177159513 43.693344697083376 1.7203621819104648e-05 2.884620632529362e-06 2.255559761177979e-05 3.7768890087104965e-06
215.12005606053353 -31.7679253436211 1.3046875 1.0766602 [215.12005606053353,-31.7679253436211] -33.20024528015375 2.85183494843763 0.00015105561086075842 1.600921184418094e-05 [1503.912109375,-1510.656738281] -22.156283603976593 -20.01322266951763 6.1984291537040415 7.092317630321986 0.0 0.0 49.79804451474911 15.576682906682208 -7.885058377778712e-06 2.072125264495581e-06 -2.6229409392545443e-06 2.346983097191081e-06
212.84790051019095 -31.998596187430675 1.3515625 1.5454102 [212.84790051019095,-31.998596187430675] -12.229437229437229 2.1778907508365566 0.0001989475444386204 1.6102131788273436e-05 [-1968.075195312,-1090.478027344] -24.284089467495697 -23.70325430091225 6.208151048108832 6.487016041237855 0.0 0.0 55.60053355600803 41.06974179944905 -2.904491387572253e-06 1.7823516555309706e-06 2.862979951468348e-06 2.312274707597359e-06
212.65702814281946 -32.650047327691325 1.40625 2.0351562 [212.65702814281946,-32.650047327691325] -27.03513296182637 2.329508683020546 0.00018657715360798083 1.6152193175597718e-05 [-2243.154296875,85.796875] -27.49369776294599 -26.22505636354125 6.436360287108733 7.420084953907658 0.0 0.0 48.91521189350101 46.13712512802476 -6.4208441791976796e-06 1.9442748663039483e-06 1.089091419750485e-07 2.3252811029630196e-06
213.82847590659128 -32.32117852359156 1.3515625 1.5073242 [213.82847590659128,-32.32117852359156] -17.6722531573843 3.28316828715609 0.00013132861763540018 1.6023641514728247e-05 [-469.7119140625,-521.1108398438] -25.970265871893037 -24.357644353128173 6.887691683771569 7.293473355769832 0.0 0.0 48.4768648222273 32.0811296262973 -4.1971601907458574e-06 1.9171296381770858e-06 1.9707780506237386e-06 2.47280346496371e-06
213.36531073573948 -32.22739408821825 1.359375 1.5595703 [213.36531073573948,-32.22739408821825] -14.771603521581635 2.4743249556390476 0.00017402510775083868 1.6002113626163905e-05 [-1175.421875,-686.330078125] -27.602773134537166 -25.342657932577094 7.011491565104228 7.280040110242114 0.0 0.0 51.19704772007276 36.57971017485579 -3.5082558914315774e-06 1.8224334129971473e-06 3.047402830900595e-06 2.4580901657799806e-06
214.32176212045198 -31.966283844886 1.328125 1.2641602 [214.32176212045198,-31.966283844886] -27.846783321561453 2.912301080544286 0.0001453749687009032 1.5733835627305134e-05 [281.7211914062,-1160.341308594] -22.356333526852186 -22.11367316929769 6.901003473993001 7.500931040206911 0.0 0.0 50.627706541733914 25.08162261787811 -6.613611142659902e-06 1.998950512066046e-06 -1.3039818467071647e-06 2.44087897012141e-06
213.28076168685703 -32.401569336533875 1.3125 1.1401367 [213.28076168685703,-32.401569336533875] -25.516200256390434 2.6393533767507686 0.00016376350277572173 1.6062878076702562e-05 [-1301.643554688,-371.8422851562] -26.88100222575944 -24.685072665314255 6.885411265249812 7.140564981649661 0.0 0.0 49.54026729117618 38.310375250719744 -6.060097655995359e-06 1.9466598554415817e-06 3.241404728119562e-07 2.4151212030301268e-06
213.54103089774975 -33.30503090350023 1.3828125 1.7978516 [213.54103089774975,-33.30503090350023] -27.59924296762018 2.564372499099595 0.00016637490732917252 1.585541597717213e-05 [-896.9375,1251.626464844] -25.32502370272911 -26.89166342585542 6.1023887956584355 7.371025802902823 0.0 0.0 38.46673306315597 39.81477059917256 -6.554820307676231e-06 1.9684981624915203e-06 -5.401270838879795e-07 2.2891877707903e-06
215.64459242264383 -31.664058795467177 1.359375 1.6235352 [215.64459242264383,-31.664058795467177] -47.57737775374858 1.1472277755767992 0.00038907083534181415 1.658773290468582e-05 [2309.021972656,-1688.180175781] -20.586048510070164 -17.67173932039752 6.551813325933938 7.428436684933287 0.0 0.0 48.893605427017974 9.470861697163173 -1.1299627393843171e-05 2.244473025510357e-06 -6.410440795974277e-06 2.442817592502161e-06
212.4507139910743 -33.76445392565708 1.390625 1.8710938 [212.4507139910743,-33.76445392565708] -47.75185217282333 3.2780977198306664 0.00013955522918644977 1.7001087915661254e-05 [-2523.372070312,2095.990478516] -30.161898689443703 -30.99068784054405 6.988895838868639 7.544411558330587 0.0 0.0 37.01668480566332 53.36083494143986 -1.1341065069023715e-05 2.3634127913135195e-06 -4.1776140178630046e-06 2.5349228837340025e-06
213.796051128695 -34.462612087259586 1.4140625 2.1533203 [213.796051128695,-34.462612087259586] -37.225100993662764 1.688048449380855 0.00027177333324361586 1.7049060482124275e-05 [-506.3754882812,3333.018554688] -27.707404662025862 -32.916862408906105 7.347852085425726 7.419527627641352 0.0 0.0 24.568956062019197 42.59670416714539 -8.840961624738333e-06 2.066666247450613e-06 -2.260452914237618e-06 2.461317542880291e-06
212.008132792079 -33.45853801661437 1.40625 2.069336 [212.008132792079,-33.45853801661437] -35.946745664410166 3.056977048005035 0.00014982589052058736 1.7021104924768477e-05 [-3196.606445312,1557.426757812] -28.213111837409855 -28.704003938412324 6.991117158321728 7.022283354975061 0.0 0.0 41.941446201812596 56.674104911201766 -8.537352229276223e-06 2.1322783036121516e-06 -1.8367380627369645e-06 2.4710403995698434e-06
213.38197348803004 -32.28134547821011 1.3359375 1.387207 [213.38197348803004,-32.28134547821011] -17.761461586919733 1.9951988509153773 0.00021521211465757925 1.5957380618491453e-05 [-1149.368164062,-589.404296875] -27.710613659518398 -25.274287147010632 7.072751224652545 7.316060978792053 0.0 0.0 50.531512082300196 36.65784769738593 -4.2183471930930156e-06 1.8152098094326019e-06 2.3629236543241357e-06 2.4302855661614964e-06
213.7588042125929 -33.271095176789466 1.375 1.7426758 [213.7588042125929,-33.271095176789466] -39.1733445151893 2.781905627831668 0.00015329962659167465 1.5848647031409087e-05 [-569.560546875,1189.04296875] -25.797488205862997 -26.995335276876563 6.394411656752021 7.524060618040777 0.0 0.0 38.07707837557746 37.37152215021797 -9.303669468362274e-06 2.165995309100081e-06 -3.1767659233187804e-06 2.3834112227076136e-06
215.81060791392693 -31.79240610726746 1.359375 1.5957031 [215.81060791392693,-31.79240610726746] -22.61616934825047 2.134551386637405 0.00020804392246943996 1.6503283146335318e-05 [2559.722167969,-1453.407714844] -19.373669952367365 -17.142135763198056 6.230761697331946 7.448593342077214 0.0 0.0 46.81560863891946 8.389009795733728 -5.371340304503276e-06 1.8756117311274833e-06 -7.700936186075094e-07 2.2849403443115342e-06
212.8381040087871 -32.079631858806074 1.3359375 1.3256836 [212.8381040087871,-32.079631858806074] -8.359199476552556 2.484763115334922 0.0001731710857484792 1.5990758878280173e-05 [-1981.270507812,-944.4497070312] -23.412532202076505 -23.15780572963209 6.190137181409641 6.507655857928986 0.0 0.0 54.721727634543186 41.5538785210465 -1.985309906837198e-06 1.7832719810613254e-06 3.575166578417923e-06 2.3438667556093105e-06
