data_processed/hvc_rms/hvc_rms_index_7.ecsv
# %ECSV 1.0
# ---
# datatype:
# - {name: ra_dec_obj.ra, unit: deg, datatype: float64}
# - {name: ra_dec_obj.dec, unit: deg, datatype: float64}
# - {name: 'H-alpha flux [Error]', unit: R, datatype: float32}
# - {name: H-alpha flux, unit: R, datatype: float32}
# - {name: ra_dec_deg, datatype: string, subtype: 'float64[2]'}
# - {name: RM, unit: rad / m2, datatype: float64}
# - {name: RM_uncert, unit: rad / m2, datatype: float64}
# - {name: pol_int, datatype: float64}
# - {name: pol_int_uncert, datatype: float64}
# - {name: ra_dec_pix_offsets, datatype: string, subtype: 'float64[2]'}
# - {name: interpolation_raw, unit: rad / m2, datatype: float64}
# - {name: interpolation_cor, unit: rad / m2, datatype: float64}
# - {name: interpolation_unc, unit: rad / m2, datatype: float64}
# - {name: interpolation_cor_unc, unit: rad / m2, datatype: float64}
# - {name: pixel location x, datatype: float64}
# - {name: pixel location y, datatype: float64}
# meta: !!omap
# - __serialized_columns__:
#     ra_dec_obj:
#       __class__: astropy.coordinates.sky_coordinate.SkyCoord
#       dec: !astropy.table.SerializedColumn
#         __class__: astropy.coordinates.angles.Latitude
#         unit: &id001 !astropy.units.Unit {unit: deg}
#         value: !astropy.table.SerializedColumn {name: ra_dec_obj.dec}
#       frame: icrs
#       ra: !astropy.table.SerializedColumn
#         __class__: astropy.coordinates.angles.Longitude
#         unit: *id001
#         value: !astropy.table.SerializedColumn {name: ra_dec_obj.ra}
#         wrap_angle: !astropy.coordinates.Angle
#           unit: *id001
#           value: 360.0
#       representation_type: spherical
# schema: astropy-2.0
ra_dec_obj.ra ra_dec_obj.dec "H-alpha flux [Error]" "H-alpha flux" ra_dec_deg RM RM_uncert pol_int pol_int_uncert ra_dec_pix_offsets interpolation_raw interpolation_cor interpolation_unc interpolation_cor_unc "pixel location x" "pixel location y"
[from data line 352]
96.82878892722317 -54.42220661590254 1.7890625 5.859375 [96.82878892722317,-54.42220661590254] -0.380145205153808 1.3051508806457686 0.0003844741122848774 1.8648183188350907e-05 [2439.162109375,-2302.58203125] 45.815664183702694 49.356917543840154 8.830124072632607 11.545353238901555 50.99111959625952 28.670116337655145
99.26832582753492 -54.39834194704328 1.9296875 7.2597656 [99.26832582753492,-54.39834194704328] 31.25920181445837 0.8133789338334765 0.0009556920840340984 2.8888142127084016e-05 [4991.789794922,-2214.768554688] 46.63030868310908 45.669943101743435 10.561612635145417 10.883166844238247 67.65551721385498 24.768038795528355
97.67588036053407 -55.35911184396399 1.765625 5.6757812 [97.67588036053407,-55.35911184396399] 46.248910914423625 1.4262363821532953 0.00034910525151828265 1.850361551925214e-05 [3248.8203125,-582.900390625] 42.15378634635632 44.49092871596352 9.364079533617172 11.096807767055928 54.334408624108846 15.180536426759772
94.44208537043689 -54.38817980899497 1.765625 5.638672 [94.44208537043689,-54.38817980899497] 2.7648482526451534 2.8710727399084846 0.00016525371720989886 1.763210389124257e-05 [-59.70166015625,-2404.739257812] 38.86098709625763 42.31331365272743 10.258606081018645 10.832967402621573 34.71671520831137 32.70385873173018
92.43799622418734 -54.40068032889104 1.921875 7.2402344 [92.43799622418734,-54.40068032889104] 29.05319730978537 1.702441742649969 0.00028388447576638737 1.7960673011774885e-05 [-2159.109375,-2350.146484375] 35.926378710270974 33.70936544112525 9.838825026518622 9.094047316989693 20.883259485735607 35.13521737995006
96.92618549491388 -53.84999452518151 1.96875 7.6601562 [96.92618549491388,-53.84999452518151] 26.456279280217807 0.28783699303363114 0.001858466748516313 1.987971286706828e-05 [2576.408203125,-3328.048828125] 50.930716635631896 52.515361119184305 11.349681191500116 12.20867318124515 53.115707086117595 35.91889856624903
96.91973897506074 -53.853080621261135 1.96875 7.6601562 [96.91973897506074,-53.853080621261135] 64.67530204041644 0.5607691374780727 0.0009529280190877295 1.9858795504141545e-05 [2569.379882812,-3322.739257812] 50.930716635631896 52.515361119184305 11.349681191500116 12.20867318124515 53.06318663474417 35.88980502606137
97.05229939457664 -53.360954023240055 2.25 10.5 [97.05229939457664,-53.360954023240055] 27.052468525740114 0.08187913213066156 0.008171000114093883 2.4863207272195757e-05 [2741.74609375,-4202.330078125] 50.22466978514467 48.69471033765748 10.567926120036748 11.313546749966832 55.26855706374067 42.01862939285502
97.08565504845596 -53.36122138722638 2.25 10.5 [97.08565504845596,-53.36122138722638] 28.85938337084724 0.07640039749695572 0.00874769200338239 2.4836923800504762e-05 [2777.522949219,-4200.522460938] 50.22466978514467 48.69471033765748 10.567926120036748 11.313546749966832 55.50084421825193 41.95718788443037
96.586700304408 -53.69713993187361 1.9140625 7.1347656 [96.586700304408,-53.69713993187361] 87.04358770012546 0.37799456810386334 0.0016239696001771461 2.2812461945225135e-05 [2224.296875,-3614.633789062] 47.482427516263726 48.77102134929387 11.013207611090838 11.536998350427972 51.154679247476 38.464171005331536
96.58935530298302 -53.68403601148908 1.9140625 7.1347656 [96.58935530298302,-53.68403601148908] 90.3044197136483 0.45624590459655695 0.0013496728635675496 2.2884224432039034e-05 [2227.817382812,-3638.110351562] 47.482427516263726 48.77102134929387 11.013207611090838 11.536998350427972 51.20641282724 38.629536930423
96.6062773475461 -53.70259076287199 1.921875 7.2246094 [96.6062773475461,-53.70259076287199] -23.116495335569514 0.6772301599560044 0.0008977776043328189 2.259507365920459e-05 [2244.85546875,-3604.202148438] 48.13263572125549 49.19373396172888 11.14599067001501 11.602968489453943 51.276751297241276 38.36101249556896
92.21739152443182 -53.58700551522936 1.828125 6.3183594 [92.21739152443182,-53.58700551522936] 53.53688836812287 0.4475179554623373 0.0012823482666971628 2.1326773530498527e-05 [-2437.282226562,-3806.063476562] 36.600998278342836 33.64142772640458 9.712527179296888 8.527731863939591 20.85026161190831 46.300062580093254
99.17303468998973 -56.267028840308384 1.7734375 5.7578125 [99.17303468998973,-56.267028840308384] 40.984524787337456 2.4423102855000405 0.00026024130293496886 2.362031941567534e-05 [4666.90234375,1134.250488281] 40.21270816241647 39.89820426121643 9.714539046297373 9.245176286950084 61.796176845357195 1.0592066375147624
99.46746818150908 -56.10663211519353 1.859375 6.6191406 [99.46746818150908,-56.10663211519353] 38.45354425973121 3.012592073963077 0.0002451738355514612 2.7448786777389098e-05 [4980.942626953,866.7265625] 39.98050530130932 40.51880146941019 10.06913032973808 9.419065111801597 64.14954938522158 2.621718899240477
90.82479848185902 -54.556911594022516 1.8203125 6.2304688 [90.82479848185902,-54.556911594022516] 43.54034696616927 0.3169492716255104 0.0016191410434028281 1.9071424941744364e-05 [-3832.579101562,-1999.485351562] 33.83977972874994 30.968708010911694 9.68314894826114 8.173847611262586 9.484393576995444 34.822068443417265
94.43280030441545 -54.18619166329303 1.703125 5.0234375 [94.43280030441545,-54.18619166329303] 20.61360056467617 2.8968457183227945 0.0001645549985803223 1.771516281731189e-05 [-69.77978515625,-2768.194335938] 39.65766582474859 43.443964307523665 10.521372616377896 10.91846630168174 35.08699905132153 35.381665219562365
97.6534576283772 -53.2905883074069 2.453125 12.578125 [97.6534576283772,-53.2905883074069] 35.025445785564294 2.1887356277268846 0.0003172775883414799 2.5807230824388986e-05 [3392.288818359,-4302.19140625] 51.8946778197686 48.007394085555006 9.799520559002858 10.845587614318845 59.65677042080608 41.86100338546203
95.13340008448736 -54.80493932128869 1.703125 5.0078125 [95.13340008448736,-54.80493932128869] 44.102123856459116 1.3627360430743223 0.00034586540150421453 1.7515702719537312e-05 [658.1083984375,-1651.743164062] 37.09520982922373 42.84757539416991 9.854961948179014 10.48330423991632 38.53722737048042 26.24291116393033
95.10993197992184 -54.79159940812142 1.6875 4.9003906 [95.10993197992184,-54.79159940812142] 14.089439322557627 0.19723861452359412 0.0024057112000063566 1.7633727958036995e-05 [633.9716796875,-1675.969238281] 37.472724807055194 43.19343553529354 9.795206636566782 10.562242608624604 38.40708365261344 26.451561044373193
95.13234715016307 -54.799373705889124 1.6875 4.9003906 [95.13234715016307,-54.799373705889124] 92.37494447094973 1.3874148065012863 0.00034161650022074253 1.7613832711065363e-05 [657.1064453125,-1661.76953125] 37.472724807055194 43.19343553529354 9.795206636566782 10.562242608624604 38.542354813930615 26.317572201055555
95.12897494808729 -54.806949640922184 1.703125 5.0078125 [95.12897494808729,-54.806949640922184] 46.899025465610165 2.956316253099203 0.00015975089169193026 1.7551041178213073e-05 [653.4853515625,-1648.166992188] 37.09520982922373 42.84757539416991 9.854961948179014 10.48330423991632 38.50270787813088 26.222755313348898
95.04181666252154 -55.50063712558554 1.7109375 5.125 [95.04181666252154,-55.50063712558554] 40.36450934226896 2.4904231630672116 0.00019058291020941645 1.7638668756806524e-05 [553.3818359375,-400.400390625] 38.853160803208496 42.528981056383046 10.248752918249608 10.229141525631384 36.41318945299463 17.21030367568892
94.00523370052717 -55.1053086269047 1.703125 5.048828 [94.00523370052717,-55.1053086269047] 19.920043200889015 2.93628164756968 0.00015868833803133454 1.7316153443860613e-05 [-508.4672851562,-1112.311523438] 38.66701765893896 39.852965852708266 10.525396887799168 10.275274224425518 30.252231189125723 23.798864325180602
96.15699012554556 -54.295223192080215 1.75 5.4746094 [96.15699012554556,-54.295223192080215] 17.539892437571055 1.5725907745839123 0.0003130153742145036 1.8293217408790284e-05 [1741.418945312,-2551.240234375] 43.8310281026247 48.00318077060698 9.610416932972287 11.577428035159622 46.70637357039652 31.38722309741661
96.1598206507348 -54.29557017707667 1.75 5.4746094 [96.1598206507348,-54.29557017707667] -18.81979362330154 3.1749852581475055 0.0001544989458856174 1.8229549531553676e-05 [1744.376464844,-2550.544921875] 43.8310281026247 48.00318077060698 9.610416932972287 11.577428035159622 46.72495138754607 31.37827851752718
94.4284360675287 -56.69570541101776 1.71875 5.189453 [94.4284360675287,-56.69570541101776] 119.46495698986917 0.5440504484161511 0.0008698131815333495 1.7586275024349805e-05 [-69.73046875,1748.516113281] 37.996649889732616 38.34559473133572 9.396241946540208 10.498634586440474 29.960327729035384 2.16261678526007
91.34322404510306 -55.805107151553955 1.640625 4.419922 [91.34322404510306,-55.805107151553955] 58.18045530928954 2.2950269615725936 0.0002120288796089281 1.8083875713476654e-05 [-3190.833984375,218.1640625] 37.191066411111166 33.26646000039125 8.915279777045313 8.808354500466052 11.110535623666692 17.39393220130478
94.80470257918968 -55.43801875932939 1.6875 4.8496094 [94.80470257918968,-55.43801875932939] 25.3404870730882 2.863700962517436 0.0001648462846032356 1.7543471346290586e-05 [312.1411132812,-514.5869140625] 37.98411705228757 41.41393872353997 10.124385330735354 10.126478719794044 34.957325607375196 18.352822893462644
94.6668014505708 -54.103797757985994 1.796875 5.9316406 [94.6668014505708,-54.103797757985994] 27.347713493978542 1.0716582417666412 0.00044482068201737813 1.7715360037672353e-05 [177.0375976562,-2916.26953125] 41.02558539689338 44.53724674343583 10.428763386270608 10.971883605511861 36.88410983767608 36.13335344117786
94.67385886750361 -54.10102442835601 1.796875 5.9316406 [94.67385886750361,-54.10102442835601] 16.65340902448434 1.1172183683309507 0.00042557252004965637 1.766934081025775e-05 [184.498046875,-2921.241210938] 41.02558539689338 44.53724674343583 10.428763386270608 10.971883605511861 36.93903583148642 36.15967560564059
92.85641522993981 -55.58582313143927 1.6484375 4.4882812 [92.85641522993981,-55.58582313143927] 54.90391600983822 2.7599220831789144 0.00016803095438795178 1.723434643834032e-05 [-1670.802734375,-229.4086914062] 39.2858911739502 35.93458220038503 9.3048751815877 8.925578213099115 21.606527629729953 18.77490424670168
97.91393276081662 -53.936713907112335 2.015625 8.203125 [97.91393276081662,-53.936713907112335] 33.80115729184274 0.41583933846002913 0.0013157184125341496 2.0332801778318327e-05 [3616.335693359,-3128.068359375] 46.3190945376518 48.18171114250559 9.745872154655116 11.543212106466902 59.698417919613576 33.104084727116515
97.26953111920339 -54.492545955497356 1.71875 5.1933594 [97.26953111920339,-54.492545955497356] 23.042178165917377 0.8405080382090783 0.0006079777621162877 1.899058174355086e-05 [2895.295410156,-2159.137695312] 43.917403036399804 47.43773517466509 8.354294715191761 11.330972388085806 53.81728160931743 27.041200877963092
94.34730549291395 -54.7589264900378 1.71875 5.203125 [94.34730549291395,-54.7589264900378] 18.57400799853396 0.38720247411493813 0.001209995031244078 1.7411268536313052e-05 [-157.5932617188,-1737.381835938] 38.83221397260791 40.51449867083184 9.789276154944744 9.905168895662685 33.283906304225184 27.936684128607112
94.35237875097789 -54.75887667009596 1.71875 5.203125 [94.35237875097789,-54.75887667009596] 21.10878341932777 1.3549795184006368 0.0003474470256701792 1.7495647981317652e-05 [-152.32421875,-1737.482910156] 38.83221397260791 40.51449867083184 9.789276154944744 9.905168895662685 33.318602671133135 27.930503351839207
94.18057258221509 -55.8695487766996 1.75 5.4921875 [94.18057258221509,-55.8695487766996] 68.71514666466136 1.8559979614954651 0.0002518099695940346 1.7368372250432397e-05 [-321.6015625,262.2241210938] 37.4496878746065 39.46712848102418 10.188416021580064 10.027759569677736 29.920586605962853 13.434541964544678
92.637847901835 -55.28269201760429 1.765625 5.6445312 [92.637847901835,-55.28269201760429] 49.978782503573996 2.4974258651604733 0.00018653221452761163 1.7312315364150026e-05 [-1907.649414062,-769.220703125] 39.01821436344729 35.40058151010256 9.762367335824523 8.982957594648525 20.668574051572477 23.083765991204473
93.7146606765861 -54.19358804416039 1.7421875 5.408203 [93.7146606765861,-54.19358804416039] 37.221148353067306 0.2821563110560181 0.0016896171026404728 1.7716860627371534e-05 [-826.0048828125,-2750.236328125] 39.207112570580485 40.48875269162076 10.80973360324383 10.33168541281006 30.10728207349598 36.272909330870334
93.75222030674205 -54.90325537990384 1.734375 5.326172 [93.75222030674205,-54.90325537990384] 23.356452941627325 1.0408455738570912 0.0004503643810225639 1.7420436710635125e-05 [-772.8745117188,-1473.623046875] 39.32086808304897 39.25793453679056 11.316131049121294 10.295391250746082 28.936778543886703 26.8049796393866
93.75510405746668 -54.90392681689379 1.734375 5.326172 [93.75510405746668,-54.90392681689379] 21.981152292529416 1.2709008354349638 0.0003705471561026053 1.750103981447676e-05 [-769.8774414062,-1472.446777344] 39.32086808304897 39.25793453679056 11.316131049121294 10.295391250746082 28.9550737048055 26.792377629027442
91.50331113107373 -54.04771793503561 1.796875 5.9433594 [91.50331113107373,-54.04771793503561] 52.29174780192631 0.40014617527449936 0.0012914412020109752 1.920445607723584e-05 [-3164.458007812,-2948.962890625] 35.26646899137349 31.639430902580358 9.518914216045882 8.574930292592338 15.021678750982574 40.969654071573814
94.71175364093752 -54.76217643424095 1.6875 4.888672 [94.71175364093752,-54.76217643424095] -5.862510504306437 2.4629371774275475 0.00019259777738208744 1.762841672798173e-05 [220.916015625,-1731.371582031] 37.542973667439405 41.687685706038366 9.620040587657597 10.190802958725556 35.76088054187824 27.39627684862444
98.08831793222348 -54.19739930349969 1.8828125 6.8007812 [98.08831793222348,-54.19739930349969] 56.96760689436152 2.7137216754790368 0.00020464868713244787 2.0638730001469424e-05 [3776.993652344,-2650.322265625] 46.69720562049409 47.93156257149508 9.776439913127 11.436623715189155 60.18478000945049 29.452084250699045
96.50393659715445 -56.28270335082861 1.828125 6.3046875 [96.50393659715445,-56.28270335082861] 59.460745062887405 0.12803671349472326 0.0036762935078030403 1.7492561053936482e-05 [2002.869140625,1034.075195312] 40.248056677091725 42.4050275465788 10.677515833806897 10.775887670245739 44.36345122378907 4.933163284249986
96.51915763253915 -56.28825382975758 1.828125 6.3046875 [96.51915763253915,-56.28825382975758] 63.66738737993141 0.03398052356802938 0.013786385102078278 1.740961531520447e-05 [2017.775390625,1044.502441406] 40.248056677091725 42.4050275465788 10.677515833806897 10.775887670245739 44.45032557663967 4.839195001388362
95.10800178935571 -53.79252219381144 1.75 5.4726562 [95.10800178935571,-53.79252219381144] 35.56829793100466 0.5850475983592277 0.0008808493589527259 1.915144495930289e-05 [647.4638671875,-3473.672851562] 42.07098132512946 45.23069742541699 10.894608953905554 10.809168109562584 40.64610659915547 39.569577953401904
93.2853550700325 -56.790244949485064 1.6484375 4.4902344 [93.2853550700325,-56.790244949485064] 63.48377025729782 2.2187974221333486 0.00021097871048998598 1.7396624495808717e-05 [-1196.392578125,1929.112304688] 36.21091941753156 38.080006950930404 8.313245643128806 9.600102942253608 22.353029939686166 2.172380442727899
93.6680147447174 -56.33773805879487 1.765625 5.6875 [93.6680147447174,-56.33773805879487] 85.4456511116481 0.38907759291349975 0.0012058729454635993 1.743598453487828e-05 [-829.0703125,1109.181152344] 39.63481923385823 37.6689977036617 9.833831294715038 10.33950400196585 25.652067584000633 7.805442735077804
