data_processed/hvc_rms/hvc_rms_index_2_with_B.ecsv
# %ECSV 1.0
# ---
# datatype:
# - {name: ra_dec_obj.ra, unit: deg, datatype: float64}
# - {name: ra_dec_obj.dec, unit: deg, datatype: float64}
# - {name: 'H-alpha flux [Error]', unit: R, datatype: float32}
# - {name: H-alpha flux, unit: R, datatype: float32}
# - {name: ra_dec_deg, datatype: string, subtype: 'float64[2]'}
# - {name: RM, unit: rad / m2, datatype: float64}
# - {name: RM_uncert, unit: rad / m2, datatype: float64}
# - {name: pol_int, datatype: float64}
# - {name: pol_int_uncert, datatype: float64}
# - {name: ra_dec_pix_offsets, datatype: string, subtype: 'float64[2]'}
# - {name: interpolation_raw, unit: rad / m2, datatype: float64}
# - {name: interpolation_cor, unit: rad / m2, datatype: float64}
# - {name: interpolation_unc, unit: rad / m2, datatype: float64}
# - {name: interpolation_cor_unc, unit: rad / m2, datatype: float64}
# - {name: HI, unit: dex(1 / cm2), datatype: float64}
# - {name: 'HI [Error]', unit: dex(1 / cm2), datatype: float64}
# - {name: pixel location x, datatype: float64}
# - {name: pixel location y, datatype: float64}
# - {name: 'B_virtual [raw]', unit: G, datatype: float64}
# - {name: 'B_virtual_unc [raw]', unit: G, datatype: float64}
# - {name: 'B_virtual [int]', unit: G, datatype: float64}
# - {name: 'B_virtual_unc [int]', unit: G, datatype: float64}
# meta: !!omap
# - __serialized_columns__:
#     ra_dec_obj:
#       __class__: astropy.coordinates.sky_coordinate.SkyCoord
#       dec: !astropy.table.SerializedColumn
#         __class__: astropy.coordinates.angles.Latitude
#         unit: &id001 !astropy.units.Unit {unit: deg}
#         value: !astropy.table.SerializedColumn {name: ra_dec_obj.dec}
#       frame: icrs
#       ra: !astropy.table.SerializedColumn
#         __class__: astropy.coordinates.angles.Longitude
#         unit: *id001
#         value: !astropy.table.SerializedColumn {name: ra_dec_obj.ra}
#         wrap_angle: !astropy.coordinates.Angle
#           unit: *id001
#           value: 360.0
#       representation_type: spherical
# schema: astropy-2.0
ra_dec_obj.ra ra_dec_obj.dec "H-alpha flux [Error]" "H-alpha flux" ra_dec_deg RM RM_uncert pol_int pol_int_uncert ra_dec_pix_offsets interpolation_raw interpolation_cor interpolation_unc interpolation_cor_unc HI "HI [Error]" "pixel location x" "pixel location y" "B_virtual [raw]" "B_virtual_unc [raw]" "B_virtual [int]" "B_virtual_unc [int]"
[from data line 376]
318.3617553671962 -5.36636911839027 0.38671875 1.4790039 [318.3617553671962,-5.36636911839027] 27.576820707359314 1.2241394874235145 0.00047207905931551965 2.147604704889392e-05 [2414.446777344,1245.329589844] -0.7740993429842997 -2.6603751882999953 6.878881533410621 7.96982270802841 0.0 0.0 0.6286146156113546 16.23391023042177 3.6135144856611182e-06 9.742662251046148e-07 3.7149481940243174e-06 1.3290370940485496e-06
316.9733581053915 -5.072799801628484 0.43554688 1.9765625 [316.9733581053915,-5.072799801628484] 0.4853237094091333 3.0308819273295353 0.00018539889795815616 2.0882614414178336e-05 [-73.52734375,714.6186523438] -7.46680855071897 -6.057646958600319 7.126390502523093 8.274265355897231 0.0 0.0 16.83318313462655 22.22147381873947 6.359414208022468e-08 9.995425813561283e-07 1.04200355141728e-06 1.3703566853310422e-06
318.4020995974516 -4.560809246802765 0.44726562 2.0888672 [318.4020995974516,-4.560809246802765] 34.480468091941596 2.8648693502229623 0.0002024721185114167 2.1556524960680654e-05 [2489.764648438,-204.5043945312] -3.3759109438441515 -2.225655869414645 6.98043253718152 8.051850053734919 0.0 0.0 4.966309751214908 5.835845992522536 4.518130361900514e-06 1.0538776232768167e-06 4.960491112160144e-06 1.4048726224709578e-06
314.0714417685752 -4.096654505403537 0.39453125 1.5478516 [314.0714417685752,-4.096654505403537] 45.65736350761321 1.5617564692140666 0.0006139667773983858 3.56341897487955e-05 [-5281.408203125,-1031.356933594] 0.23348267898620936 -5.565729190487847 10.093344760938898 8.494588931329549 0.0 0.0 52.86570777456359 29.939194033648164 5.982689091053458e-06 1.0527824449313182e-06 5.952094808571777e-06 1.6897520528264204e-06
314.0762938276755 -4.0937329539665255 0.39453125 1.5478516 [314.0762938276755,-4.0937329539665255] 42.96947163354446 1.070527615037274 0.0008868243510498153 3.5281268201145066e-05 [-5272.727539062,-1036.651855469] 0.23348267898620936 -5.565729190487847 10.093344760938898 8.494588931329549 0.0 0.0 52.83190830889589 29.871606619343765 5.6304825649310954e-06 1.0297674397224497e-06 5.599888282449414e-06 1.675549958157993e-06
316.3638610276518 -6.0642809865636975 0.5078125 2.6845703 [316.3638610276518,-6.0642809865636975] -31.8418397238187 3.148578723713314 0.00018044978238087198 2.111444266050413e-05 [-1164.33203125,2499.583740234] -12.474060953673433 -12.607009954574362 8.17176477302494 8.57078782755478 0.0 0.0 17.491176505894487 38.738658475753255 -4.172379053884651e-06 1.0587969833987517e-06 -2.537846907142671e-06 1.4827800201220807e-06
314.7503967176254 -3.831296220186075 0.37109375 1.300293 [314.7503967176254,-3.831296220186075] 27.561577960482957 2.01994999418866 0.0003192043414587739 2.396172672419401e-05 [-4064.982421875,-1513.477539062] -1.622763672299669 -7.2972982777920095 8.533062609059138 7.048665069367076 0.0 0.0 47.316262763042005 22.178276291702787 3.611517160181743e-06 9.967103157355075e-07 3.8241551614541156e-06 1.5011933139431935e-06
316.30297830389975 -6.397837658714117 0.54296875 3.0439453 [316.30297830389975,-6.397837658714117] 72.14796516007243 0.9305126606179479 0.0006295146058092079 2.176891585426302e-05 [-1272.490234375,3099.869140625] -15.813612855373513 -14.456644317441075 8.092992491538674 8.442719793362354 0.0 0.0 16.23187467134278 43.32575046071497 9.453871422796806e-06 1.190958986372657e-06 1.152600003145399e-05 1.678216874616227e-06
314.03277597188287 -6.418240076399545 0.34570312 1.0678711 [314.03277597188287,-6.418240076399545] 1.3762938461901615 0.08420197359049647 0.010704220900797336 3.349546699146156e-05 [-5330.81640625,3147.246582031] -21.79795424259897 -21.75387089861917 9.098639047591897 7.077225500539855 0.0 0.0 40.018436637920104 58.50298886377459 1.8034195466220695e-07 9.17419250260622e-07 3.036625652093264e-06 1.5234437434664728e-06
314.03359964749836 -6.415100106286001 0.34570312 1.0678711 [314.03359964749836,-6.415100106286001] -1.5212833084783552 0.2710731968808916 0.003331054343717152 3.355652641506108e-05 [-5329.377929688,3141.591064453] -21.79795424259897 -21.75387089861917 9.098639047591897 7.077225500539855 0.0 0.0 40.027327676590176 58.458953724733874 -1.993405741117212e-07 9.180650222472224e-07 2.656943123319336e-06 1.519349560761235e-06
316.88925159963213 -6.276594181748173 0.37304688 1.3466797 [316.88925159963213,-6.276594181748173] -24.27008021035372 0.5695509043645353 0.001001989205425677 2.1208223514344044e-05 [-223.8559570312,2881.09765625] -13.805052493105972 -11.106965792820748 7.793830612395938 8.672402855963517 0.0 0.0 10.765729872433667 37.85758153121378 -3.1802174492459235e-06 9.542109575387339e-07 -1.3712795122545854e-06 1.3790223723662358e-06
316.88571172358536 -6.275653371170514 0.37304688 1.3466797 [316.88571172358536,-6.275653371170514] -27.47921493141299 1.8886566575500283 0.0003039288052779083 2.133209848023104e-05 [-230.1899414062,2879.406005859] -13.805052493105972 -11.106965792820748 7.793830612395938 8.672402855963517 0.0 0.0 10.808241836757247 37.86968809321024 -3.6007247631253328e-06 9.920335830437617e-07 -1.7917868261339947e-06 1.4020504031402948e-06
316.399383447027 -5.245511066350303 0.38085938 1.4228516 [316.399383447027,-5.245511066350303] -33.648059656391936 0.40197717739793193 0.001381764395319195 2.0641635143127035e-05 [-1102.313476562,1025.96875] -11.369452931912386 -9.330060523962839 8.098213519909255 8.975990470939552 0.0 0.0 21.829321957349748 28.29952313409649 -4.409056151651089e-06 9.830488018500688e-07 -2.9192657476200752e-06 1.4225823759261114e-06
316.4009705098053 -5.245037164785057 0.38085938 1.4228516 [316.4009705098053,-5.245037164785057] -35.262497113353476 0.6485670058243997 0.0008577412001941521 2.067377691700363e-05 [-1099.469726562,1025.11328125] -11.369452931912386 -9.330060523962839 8.098213519909255 8.975990470939552 0.0 0.0 21.81546161633537 28.28283322453717 -4.620603131588758e-06 9.913870565485188e-07 -3.1308127275577435e-06 1.4269685215436148e-06
317.16867061203646 -6.092457784421049 0.37890625 1.3974609 [317.16867061203646,-6.092457784421049] -11.60600632807959 0.19046050121665967 0.002940926178576892 2.0816022530727896e-05 [276.1787109375,2549.777099609] -12.725572291789694 -9.417569668673288 7.115966886277752 8.478424455501058 0.0 0.0 8.889314854806798 33.641669980492225 -1.5207870563555666e-06 9.254741435016547e-07 1.467017489235075e-07 1.3082541215549967e-06
317.16299437439227 -6.092828711494226 0.37890625 1.3974609 [317.16299437439227,-6.092828711494226] -11.011243991424664 0.5176869225806809 0.001086524430452182 2.0903325981946324e-05 [266.0190429688,2550.442382812] -12.725572291789694 -9.417569668673288 7.115966886277752 8.478424455501058 0.0 0.0 8.946674949743283 33.685026892610495 -1.4428526801693122e-06 9.268377858023502e-07 2.2463612510976203e-07 1.309843350070741e-06
315.750366052383 -4.354207098671082 0.36523438 1.2470703 [315.750366052383,-4.354207098671082] -28.456663212394748 0.3381860557287834 0.001678650789422113 2.109719702620133e-05 [-2268.452148438,-576.7998046875] -3.871932306379472 -6.177573510214161 7.1262789185388 7.178119527662548 0.0 0.0 33.80727267487691 21.746006670585302 -3.7288041947535607e-06 9.64755600576815e-07 -3.2214475409509095e-06 1.3343662589033194e-06
314.175079222145 -3.817889111161426 0.35742188 1.1938477 [314.175079222145,-3.817889111161426] 59.45978414736205 0.3601320950410567 0.002317129236538693 3.1011358219206554e-05 [-5097.290039062,-1533.856445312] -2.0411776224847333 -4.3799678769608015 10.13994229789764 8.589160282745517 0.0 0.0 53.40707321344712 25.88781025023991 7.791282164496853e-06 1.10697572773565e-06 8.058746822041205e-06 1.7370829893978424e-06
317.6119690956327 -4.627233391849385 0.41601562 1.7724609 [317.6119690956327,-4.627233391849385] 22.98618303070109 0.4424137877226196 0.0012742149490568252 2.0949808248468105e-05 [1072.157226562,-86.9423828125] -4.704584919949465 -1.586867979934914 6.606964667847901 8.486314016053113 0.0 0.0 12.789788427545545 12.242347406716817 3.0119826441533937e-06 9.496087512154106e-07 3.6284455039464914e-06 1.2949949920892615e-06
315.7902529038249 -6.676221421211124 0.38476562 1.4399414 [315.7902529038249,-6.676221421211124] -40.320994586268505 1.6625914681314649 0.00038841567444229853 2.399888132514569e-05 [-2188.294921875,3601.957763672] -18.35668608771327 -15.484734480929298 8.889874579474924 9.013696080470547 0.0 0.0 20.051390053628666 50.22567502563106 -5.28344074031936e-06 1.0316883159944968e-06 -2.8780818416054114e-06 1.5158636079218776e-06
314.7742307929575 -3.4757055995195905 0.37695312 1.3745117 [314.7742307929575,-3.4757055995195905] 7.5002052650608135 2.233763719273463 0.00028781799688209917 2.3892625854766538e-05 [-4023.8046875,-2153.572265625] -0.6609157116648159 -5.1096228637214285 8.372048378146394 7.0938197867894885 0.0 0.0 49.159816677006575 17.727062423125062 9.827855305849817e-07 9.659609404483156e-07 1.069388280163888e-06 1.4620761879017477e-06
314.7868957227655 -3.475626405630719 0.37695312 1.3745117 [314.7868957227655,-3.475626405630719] 11.919024302316139 0.9448634740057669 0.0006812931746980554 2.3922788565199872e-05 [-4001.067382812,-2153.787109375] -0.6609157116648159 -5.1096228637214285 8.372048378146394 7.0938197867894885 0.0 0.0 49.02819375964896 17.640120440081773 1.5618032052502873e-06 9.338113749883802e-07 1.6484059548291935e-06 1.441256658642573e-06
315.3163149424433 -6.671659001780297 0.41992188 1.8105469 [315.3163149424433,-6.671659001780297] -35.85585189026243 0.9571701488483432 0.0007165350448761455 2.5487972219830207e-05 [-3035.348632812,3595.512451172] -19.04810953366031 -18.436429759853198 8.75222969098729 8.423213184394097 0.0 0.0 25.06790988732746 53.28949621800075 -4.698353068909289e-06 9.979549902712886e-07 -2.2023938553813636e-06 1.4841913598547731e-06
317.51449596605823 -4.07513576241486 0.4765625 2.375 [317.51449596605823,-4.07513576241486] 11.870343704709786 2.8354519448239257 0.00020012534634618383 2.1087888225187452e-05 [897.9428710938,-1080.834472656] -4.055328004932414 -1.3706009315864809 7.0697157988370245 8.366194714877492 0.0 0.0 17.079424931559515 6.086378163683548 1.555424368237569e-06 9.972929427830358e-07 2.0868121828604428e-06 1.3656284000398669e-06
315.0268555886855 -4.352351760515044 0.44921875 2.0859375 [315.0268555886855,-4.352351760515044] 4.994146629330273 0.8161742644887181 0.0007472260768801862 2.2664368319073207e-05 [-3566.489257812,-577.134765625] -5.626468487447244 -9.15199958925083 9.330361617694708 7.279743079168648 0.0 0.0 41.37943323738057 26.63042040914206 6.544054291140461e-07 9.249125105109773e-07 1.3916668269473607e-06 1.5361316261587106e-06
315.0328979602574 -4.359060799339562 0.44921875 2.0859375 [315.0328979602574,-4.359060799339562] 3.4861769166625973 2.562184550049102 0.00023762148183210184 2.2625845180315875e-05 [-3555.619140625,-565.0893554688] -5.626468487447244 -9.15199958925083 9.330361617694708 7.279743079168648 0.0 0.0 41.27712871549829 26.671319555188802 4.5680939516627834e-07 9.774262315763396e-07 1.1940707929995928e-06 1.567726560085539e-06
314.24172974032507 -5.875368173213892 0.36914062 1.3154297 [314.24172974032507,-5.875368173213892] -21.079697455764492 2.859565180472553 0.0002883451758193542 3.064230233111055e-05 [-4962.590820312,2168.8828125] -12.81682620281393 -16.097209788519336 8.488029304335976 7.254557671768762 18.65878677368164 9.32939338684082 40.871666804874735 50.464586785894426 -2.7621672896263616e-06 1.0147532123230947e-06 -1.08272107515721e-06 1.4920289405887714e-06
317.56518548129515 -6.139970776231098 0.42382812 1.8623047 [317.56518548129515,-6.139970776231098] 10.497935394440363 0.9200299336124601 0.0006219485506418138 2.126498696400477e-05 [985.7719726562,2635.62890625] -9.269320078712504 -7.449900921029429 7.6020752030924585 8.75792882672834 0.0 0.0 4.46221194298937 31.53055041854668 1.3755915527717595e-06 9.315406319469326e-07 2.5901921309928186e-06 1.374899807888544e-06
315.9828797123974 -6.949042350592874 0.40039062 1.6049805 [315.9828797123974,-6.949042350592874] -37.959196988460526 0.6984280517420071 0.0010551220350781944 2.7386281642799396e-05 [-1842.935546875,4092.140014648] -18.108471979960207 -16.002447694810307 8.271634459050142 9.05847158339293 0.0 0.0 16.490772171330036 52.37968027509805 -4.9739638095866885e-06 1.0026600523448384e-06 -2.6011295185288998e-06 1.4377198505223038e-06
315.83782980013126 -5.776985608894568 0.43164062 1.9257812 [315.83782980013126,-5.776985608894568] -43.52821898272061 0.3593754065850154 0.0016096337869230706 2.1497310833671208e-05 [-2106.862304688,1983.800048828] -15.169739820163601 -13.561504376078084 8.044254707843278 8.483012479165666 0.0 0.0 24.65399200331956 38.69054789496158 -5.7036977357986335e-06 1.023807062169643e-06 -3.7159386983965116e-06 1.4288031021128794e-06
315.8341672319171 -5.777283235786781 0.43164062 1.9257812 [315.8341672319171,-5.777283235786781] -43.086137144123185 0.8443048277281027 0.0006845782190067586 2.1479840539653446e-05 [-2113.418945312,1984.346679688] -15.169739820163601 -13.561504376078084 8.044254707843278 8.483012479165666 0.0 0.0 24.69072796383375 38.718788802844756 -5.64576976996923e-06 1.0266779403712536e-06 -3.6580107325671084e-06 1.4313677287005907e-06
315.8109742523383 -5.779323055955386 0.43359375 1.9311523 [315.8109742523383,-5.779323055955386] -48.88511195867967 0.49807375263388726 0.0011556540167411413 2.1390955895631997e-05 [-2154.9375,1988.088134766] -15.647299837030992 -13.742228481438595 7.984663561164902 8.38800051457077 0.0 0.0 24.922476884241064 38.89951138057904 -6.4056354454490645e-06 1.0505660278474252e-06 -4.355299577416776e-06 1.4351235439418678e-06
315.81246965845884 -5.77631383814022 0.43359375 1.9311523 [315.81246965845884,-5.77631383814022] -48.26566120665519 1.1982279657444752 0.0004825744734365081 2.1488816638494022e-05 [-2152.271484375,1982.66796875] -15.647299837030992 -13.742228481438595 7.984663561164902 8.38800051457077 0.0 0.0 24.923994222192277 38.85212671934187 -6.324466035481628e-06 1.0571574166154911e-06 -4.274130167449339e-06 1.4406825033989398e-06
315.753723149503 -6.011518917737928 0.4140625 1.7363281 [315.753723149503,-6.011518917737928] -54.26296163072345 2.063882204776524 0.00028416705619109696 2.1795525168288696e-05 [-2256.497070312,2406.124755859] -18.25666384140431 -15.281449280489051 8.252326263630303 8.295485943857042 0.0 0.0 24.198484690161877 42.16837232810849 -7.1103192049678725e-06 1.110169952716893e-06 -4.718066669737998e-06 1.4912355382858403e-06
315.92596448140165 -5.021164993858994 0.3984375 1.5864258 [315.92596448140165,-5.021164993858994] -55.29828729094711 2.5091355585184587 0.00022306409774765625 2.0799960218587882e-05 [-1951.489257812,623.1884765625] -9.287875176638838 -9.017747615756583 7.937133516995949 7.674651936205628 0.0 0.0 28.08405114061179 28.74263281882031 -7.245982569149533e-06 1.131233367010778e-06 -6.028950633236767e-06 1.503244794723639e-06
315.04769882995697 -4.948711966878063 0.31054688 0.71435547 [315.04769882995697,-4.948711966878063] -21.59149638429049 3.1590520834875577 0.00018974895013550353 2.227639299604995e-05 [-3526.114257812,496.19921875] -9.109336580359063 -9.453377403192995 8.27429268175575 7.216956807977018 0.0 0.0 37.701318936801954 33.76986386221779 -2.8292305983957077e-06 1.0310342767935623e-06 -1.6355933754106147e-06 1.4849367490301999e-06
317.5241088774307 -5.069587700438034 0.390625 1.5224609 [317.5241088774307,-5.069587700438034] 18.48139348808351 1.8324177987042503 0.00030402917091469796 2.0703723542520282e-05 [913.93359375,709.1655273438] -6.92110512959499 -5.770087709047188 6.951011771033454 8.17755127393404 0.0 0.0 11.103086006095737 18.367561991990442 2.421699868635356e-06 9.674057263191009e-07 3.328603311493103e-06 1.3409973320147168e-06
