data_processed/hvc_rms/hvc_rms_index_14_with_B.ecsv
# %ECSV 1.0
# ---
# datatype:
# - {name: ra_dec_obj.ra, unit: deg, datatype: float64}
# - {name: ra_dec_obj.dec, unit: deg, datatype: float64}
# - {name: 'H-alpha flux [Error]', unit: R, datatype: float32}
# - {name: H-alpha flux, unit: R, datatype: float32}
# - {name: ra_dec_deg, datatype: string, subtype: 'float64[2]'}
# - {name: RM, unit: rad / m2, datatype: float64}
# - {name: RM_uncert, unit: rad / m2, datatype: float64}
# - {name: pol_int, datatype: float64}
# - {name: pol_int_uncert, datatype: float64}
# - {name: ra_dec_pix_offsets, datatype: string, subtype: 'float64[2]'}
# - {name: interpolation_raw, unit: rad / m2, datatype: float64}
# - {name: interpolation_cor, unit: rad / m2, datatype: float64}
# - {name: interpolation_unc, unit: rad / m2, datatype: float64}
# - {name: pixel location x, datatype: float64}
# - {name: pixel location y, datatype: float64}
# - {name: 'B_virtual [raw]', unit: G, datatype: float64}
# - {name: 'B_virtual_unc [raw]', unit: G, datatype: float64}
# - {name: 'B_virtual [int]', unit: G, datatype: float64}
# - {name: 'B_virtual_unc [int]', unit: G, datatype: float64}
# - {name: 'B_virtual [cor]', unit: G, datatype: float64}
# - {name: 'B_virtual_unc [cor]', unit: G, datatype: float64}
# meta: !!omap
# - __serialized_columns__:
#     ra_dec_obj:
#       __class__: astropy.coordinates.sky_coordinate.SkyCoord
#       dec: !astropy.table.SerializedColumn
#         __class__: astropy.coordinates.angles.Latitude
#         unit: &id001 !astropy.units.Unit {unit: deg}
#         value: !astropy.table.SerializedColumn {name: ra_dec_obj.dec}
#       frame: icrs
#       ra: !astropy.table.SerializedColumn
#         __class__: astropy.coordinates.angles.Longitude
#         unit: *id001
#         value: !astropy.table.SerializedColumn {name: ra_dec_obj.ra}
#         wrap_angle: !astropy.coordinates.Angle
#           unit: *id001
#           value: 360.0
#       representation_type: spherical
# schema: astropy-2.0
ra_dec_obj.ra ra_dec_obj.dec "H-alpha flux [Error]" "H-alpha flux" ra_dec_deg RM RM_uncert pol_int pol_int_uncert ra_dec_pix_offsets interpolation_raw interpolation_cor interpolation_unc "pixel location x" "pixel location y" "B_virtual [raw]" "B_virtual_unc [raw]" "B_virtual [int]" "B_virtual_unc [int]" "B_virtual [cor]" "B_virtual_unc [cor]"
[from data line 219]
135.6296693281511 -59.224388210853576 2.921875 17.28125 [135.6296693281511,-59.224388210853576] 110.97953353690566 1.8518123293570719 0.00025400167497814234 1.7480033273647904e-05 [1764.774414062,-1948.44921875] 46.70964305934559 44.89759601641893 19.32499946783931 50.75552128963102 5.131024437058613 7.051864401876169e-06 9.848317801620225e-07 4.083839049661073e-06 1.404930752639455e-06 4.198980189917265e-06 1.4100961708333522e-06
131.2072141031834 -61.237621183411555 2.59375 13.917969 [131.2072141031834,-61.237621183411555] -53.567031506930476 1.4877965103312754 0.00031333713675203495 1.7324635634320202e-05 [-2169.735351562,1690.831542969] 29.724111880105035 35.47216231882952 21.85741647469247 15.09098229267454 2.8650963255140596 -3.792785532275766e-06 7.058097443915705e-07 -5.897385662750099e-06 1.7987504624814204e-06 -6.304373355169923e-06 1.821769612129431e-06
131.21084642251063 -61.23366155373729 2.59375 13.917969 [131.21084642251063,-61.23366155373729] -51.05393788196942 3.234253499798138 0.00014474296692789415 1.7397235021446328e-05 [-2166.865234375,1683.590820312] 29.724111880105035 35.47216231882952 21.85741647469247 15.136322216094982 2.890936344092097 -3.6148472580450285e-06 7.192983510658854e-07 -5.719447388519363e-06 1.800598853837183e-06 -6.126435080939185e-06 1.8229280823363682e-06
130.05360369374057 -59.43387226768038 3.734375 25.34375 [130.05360369374057,-59.43387226768038] 29.18275049036767 3.02727214253447 0.00016046409047032302 1.8052527965920883e-05 [-3347.55859375,-1504.080566406] 51.53710666573338 49.105584603165 22.029403930331505 22.516535780934078 24.7218143741718 1.5312264353918147e-06 4.380094596219805e-07 -1.1729388267628292e-06 1.230781751206686e-06 -1.0453562378059708e-06 1.229225407015361e-06
127.82073958169372 -60.48225410529824 2.25 10.441406 [127.82073958169372,-60.48225410529824] -13.644117007906122 2.2399813321695765 0.0002961229526450616 2.4650468241803186e-05 [-5216.466796875,523.3159179688] 35.52253219631079 38.7624194447303 17.93470082207248 4.298784918877573 22.16932882166907 -1.1153587344468274e-06 6.208781769278519e-07 -4.0192012133603215e-06 1.6819015825923509e-06 -4.284050638138316e-06 1.6947373737137203e-06
132.79841593396839 -59.12739941646956 3.09375 18.859375 [132.79841593396839,-59.12739941646956] 10.26785182753866 1.6523709998664968 0.0002786347952637084 1.7110063312055143e-05 [-844.8955078125,-2142.736328125] 51.94316905309697 53.87377942798151 22.273476356517705 38.10861030987223 17.295175781856415 6.24546212569562e-07 4.440403417531983e-07 -2.5349179135064284e-06 1.4567537865925515e-06 -2.65234806519091e-06 1.4598505606851696e-06
131.02523830040096 -60.044136021568896 3.0625 18.546875 [131.02523830040096,-60.044136021568896] 14.539061713167968 0.9456491811219194 0.0004908887587502115 1.7251300529501565e-05 [-2415.02734375,-449.37109375] 48.89359052128726 44.20682555630181 22.43364747582639 22.85545531346213 15.173346099507398 8.91763395390699e-07 4.467299095147535e-07 -2.10715876040536e-06 1.465355160149512e-06 -1.8196927931353914e-06 1.459598455235479e-06
134.1115572038874 -58.527225373112714 3.34375 21.40625 [134.1115572038874,-58.527225373112714] 66.43316250585156 1.5530035103139883 0.00030782033625084595 1.776554147217257e-05 [374.3383789062,-3227.426757812] 61.356845599065515 54.49271991327589 23.0594730141297 48.980602966627316 17.736898265987747 3.7928290166514117e-06 6.09797647055802e-07 2.898191405546942e-07 1.3791296861423983e-06 6.817085839138297e-07 1.3810883605557427e-06
130.21774337878833 -58.87090288141813 3.171875 19.75 [130.21774337878833,-58.87090288141813] 22.098932330319794 1.6690489234948904 0.0003020619578663113 1.8735867360613013e-05 [-3250.6640625,-2523.951171875] 50.82568684594109 56.735207564153555 20.782243706103866 27.341424233317866 29.639445284280782 1.313519051567097e-06 4.561290988450983e-07 -1.7074643599043806e-06 1.3233400201644527e-06 -2.058715177499432e-06 1.330591683512279e-06
130.2202147423125 -58.858188450986 3.140625 19.445312 [130.2202147423125,-58.858188450986] 23.1144161296666 3.176911054684844 0.00015795497590361966 1.8648635937700145e-05 [-3249.5625,-2546.919921875] 51.28124220203978 57.48897201575767 21.06866995631032 27.44459522227453 29.754747203879106 1.384599270170141e-06 4.899697826977768e-07 -1.6872486245829184e-06 1.3588402065198453e-06 -2.059103925675968e-06 1.3663146876327437e-06
129.398651447788 -59.124679338899995 3.75 25.453125 [129.398651447788,-59.124679338899995] 18.368931633868364 2.1168357528507937 0.00023904123162994605 1.8804798449034518e-05 [-3981.623046875,-2023.129882812] 51.31492237241402 50.71215526384517 22.42563840760646 21.457489383704228 30.18091624666863 9.617495169068903e-07 3.988969996128968e-07 -1.724966443796512e-06 1.2511911958801809e-06 -1.6934071246685237e-06 1.2506079114853708e-06
134.0331876183698 -59.06901561400958 3.296875 21.03125 [134.0331876183698,-59.06901561400958] 94.38147018739284 2.6041632249066535 0.00017795535415312606 1.7222173654700576e-05 [296.0478515625,-2252.963867188] 55.106554252446024 49.81652394858365 21.141511872320734 44.4572448705394 12.987059515023248 5.436292668060036e-06 7.784641308700114e-07 2.262201861360129e-06 1.319405408790755e-06 2.5669031220800946e-06 1.327323994419173e-06
130.1310727859025 -60.84959025239237 2.5 13.042969 [130.1310727859025,-60.84959025239237] -51.95720184252046 2.4052024571597945 0.00019760228182292885 1.7662504981068115e-05 [-3138.668945312,1036.488769531] 25.044788652225204 36.0187406923359 19.150698080641426 12.844544255489495 10.480530680205675 -3.8001974431411134e-06 7.36678461448275e-07 -5.6319962780488635e-06 1.6743053532806883e-06 -6.434641205125229e-06 1.7235733433206164e-06
131.49157667864839 -59.9770852250857 3.234375 20.28125 [131.49157667864839,-59.9770852250857] -0.22266059676857577 0.8736089861598471 0.0005268684326018075 1.7105192826631523e-05 [-2000.323242188,-585.5966796875] 49.38521573363494 46.3086479981532 22.55774580852682 25.56966588259172 14.104331791808136 -1.3060044107667777e-08 4.137695438744056e-07 -2.909724766597025e-06 1.4297695781907565e-06 -2.7292702501323054e-06 1.4246152756736556e-06
131.49362133221626 -59.97633745308713 3.234375 20.28125 [131.49362133221626,-59.97633745308713] -1.635478190256316 0.9203519123378472 0.0004993243797224951 1.7078329698576726e-05 [-1998.528320312,-587.00390625] 49.38521573363494 46.3086479981532 22.55774580852682 25.584868655840864 14.103996055975813 -9.592814180802838e-08 4.142756410942061e-07 -2.992592864297385e-06 1.4323411682415345e-06 -2.8121383478326656e-06 1.4270446548214784e-06
128.35673477525842 -60.011817942108344 2.25 10.558594 [128.35673477525842,-60.011817942108344] 1.109902665917856 0.4312796884540469 0.00139343271174873 2.233334166135355e-05 [-4812.053710938,-361.1596679688] 33.84335868914935 37.276937810581636 18.606911490921906 10.132282054341658 25.065587287547714 9.022574745415703e-08 5.702589682773202e-07 -2.6609545387581047e-06 1.6585199717874044e-06 -2.9400756294512454e-06 1.6676630124962017e-06
129.8312226413735 -58.627807722891404 3.171875 19.640625 [129.8312226413735,-58.627807722891404] 33.27710861716887 1.2960754301273285 0.0004016348769751987 1.934507419424637e-05 [-3634.924804688,-2940.500976562] 54.97886386366108 61.67665608058223 22.946340317069264 27.13620503244431 33.47736714852044 1.983428578875419e-06 4.874002846034443e-07 -1.293498244178712e-06 1.4405043502122302e-06 -1.6927093851237142e-06 1.4465413697093707e-06
129.82830810004128 -58.63617327962461 3.171875 19.640625 [129.82830810004128,-58.63617327962461] 32.45334966415929 2.740241252544218 0.0001900331358058754 1.9352043790289188e-05 [-3636.778320312,-2925.314453125] 54.97886386366108 61.67665608058223 22.946340317069264 27.062140751838115 33.40604524116202 1.934329750359389e-06 5.054255868832579e-07 -1.3425970726947424e-06 1.448327779163983e-06 -1.7418082136397445e-06 1.454529354386402e-06
131.98866260150723 -57.9537698965156 3.578125 23.734375 [131.98866260150723,-57.9537698965156] 67.26969764402709 1.4545952584169664 0.0004181372982188035 2.2603192278217064e-05 [-1646.87109375,-4238.524414062] 65.70916543290207 66.59433621123301 25.315182389178382 42.864933172836345 31.67326584517855 3.6473648624853006e-06 5.775946792311532e-07 8.46120995482024e-08 1.4263143474824762e-06 3.6618115521878814e-08 1.426286237112333e-06
136.13639824869213 -58.77667261809225 3.03125 18.296875 [136.13639824869213,-58.77667261809225] 109.33248669082714 1.2161962251699534 0.0004025624262183027 1.819472899069409e-05 [2260.338867188,-2738.240234375] 50.52548785210388 44.70444368929127 19.373445256223302 56.64672225894742 7.142597259833565 6.75164189841277e-06 9.351595175104368e-07 3.6315262672311155e-06 1.3494910435822436e-06 3.990994956288693e-06 1.3645958777273101e-06
136.13996868067588 -58.774684703374696 3.03125 18.296875 [136.13996868067588,-58.774684703374696] 111.80193427076088 1.6749478858021858 0.00029232384502295654 1.8195929462453432e-05 [2263.796875,-2741.692382812] 50.52548785210388 44.70444368929127 19.373445256223302 56.67915336275496 7.145882437532464 6.904138436735936e-06 9.543260747343552e-07 3.784022805554281e-06 1.3576094000277132e-06 4.1434914946118586e-06 1.37322228542254e-06
129.16523726095764 -61.79968640210108 2.109375 9.160156 [129.16523726095764,-61.79968640210108] -8.706769592501292 0.17681768578277382 0.002953781012066419 1.9409426340385806e-05 [-3864.358398438,2794.443115234] 26.352461177607907 33.93249065180447 17.1684048669352 1.6763637070769164 4.33165757572101 -7.598961518019881e-07 6.211380554115643e-07 -3.0598460501686784e-06 1.6788786490997257e-06 -3.7214042970928245e-06 1.70717446509724e-06
129.16581701207753 -61.795864091736505 2.109375 9.160156 [129.16581701207753,-61.795864091736505] -2.6423157146210396 2.3335748566885863 0.00022311395333653704 1.9348939713311456e-05 [-3864.34765625,2787.547851562] 26.352461177607907 33.93249065180447 17.1684048669352 1.7054982837360058 4.3680918694235515 -2.306119993247255e-07 6.448702815165666e-07 -2.530561897691416e-06 1.6723283355709958e-06 -3.1921201446155623e-06 1.6963304117450856e-06
129.1624448008485 -61.80103306340276 2.109375 9.160156 [129.1624448008485,-61.80103306340276] -9.136890863069242 0.33722028026792 0.0015488896282701023 1.9410774298675584e-05 [-3866.556640625,2797.024169922] 26.352461177607907 33.93249065180447 17.1684048669352 1.6541084767723078 4.3274867437326066 -7.974356197803604e-07 6.226468483734797e-07 -3.097385518147051e-06 1.6805350320237547e-06 -3.7589437650711973e-06 1.7091137783327856e-06
130.92225608810273 -58.419940677147075 3.4375 22.445312 [130.92225608810273,-58.419940677147075] 49.018776550320446 3.1428583475559195 0.0001633264297323927 1.907611707136374e-05 [-2629.841796875,-3365.860351562] 57.20669289754031 63.91027270237178 22.064125151443704 34.10709169061079 31.356953779824835 2.7330543838741193e-06 5.36034450352948e-07 -4.5651936344416e-07 1.3035756668028148e-06 -8.302791645366435e-07 1.3061490824949347e-06
132.10072303972726 -59.02379231157399 3.09375 18.984375 [132.10072303972726,-59.02379231157399] -5.062836655068995 1.9043425185385492 0.00024249489945683784 1.716154468597476e-05 [-1493.653320312,-2316.772460938] 52.82420377923434 52.91115678573106 21.632953917295232 35.502980031315474 20.988599081408893 -3.069335750902476e-07 4.413733633820787e-07 -3.5093915688757907e-06 1.4473991354004143e-06 -3.514663079486777e-06 1.4475876527088317e-06
132.08470133488768 -59.02746586129771 3.09375 18.984375 [132.08470133488768,-59.02746586129771] -10.731370957154072 2.1134631766782856 0.0002190395965885107 1.7203864745410933e-05 [-1508.329101562,-2309.798828125] 52.82420377923434 52.91115678573106 21.632953917295232 35.39787986645274 21.015201417442313 -6.505874627025794e-07 4.502760751528511e-07 -3.853045456488122e-06 1.461281800054341e-06 -3.858316967099109e-06 1.4614867966349982e-06
133.69181797556053 -59.06893523531561 3.234375 20.398438 [133.69181797556053,-59.06893523531561] 62.50843469125715 1.3480256769864962 0.00034146506121920364 1.7106184073312808e-05 [-19.7890625,-2253.818359375] 53.98774686265574 51.551332167985805 21.886395802033274 42.831839438958355 14.342037313042056 3.6558536910663526e-06 6.050520615689078e-07 4.983389554141805e-07 1.34755558308417e-06 6.408345353862575e-07 1.3484217355806805e-06
133.68719464333333 -59.065887279261275 3.234375 20.398438 [133.68719464333333,-59.065887279261275] 60.16777236930112 1.8981836454883931 0.00024261158696568233 1.7114273538011126e-05 [-24.06884765625,-2259.301757812] 53.98774686265574 51.551332167985805 21.886395802033274 42.83294133100037 14.388983526921493 3.5189582619690093e-06 5.983875626872863e-07 3.6144352631683735e-07 1.3491930224711318e-06 5.039391062889144e-07 1.349850255003314e-06
136.50727841859242 -59.28924554119494 3.015625 18.085938 [136.50727841859242,-59.28924554119494] 1.2682681520125803 0.11757887889800867 0.004132997769984345 1.8059394664384328e-05 [2567.489746094,-1802.983398438] 37.28527614748577 38.109998123351545 18.232190458726535 54.29298800439358 0.9562287328310504 7.877514444789713e-08 4.3495531719480294e-07 -2.2371018328593357e-06 1.2437223818223373e-06 -2.288327271797534e-06 1.2451242160938922e-06
136.50585923489447 -59.290912622531565 3.015625 18.085938 [136.50585923489447,-59.290912622531565] 1.5859901469868034 0.174272193377765 0.002784899972102741 1.803625642870281e-05 [2566.061035156,-1800.041015625] 37.28527614748577 38.109998123351545 18.232190458726535 54.27320905842214 0.9469373146994258 9.850961149151979e-08 4.350892062028434e-07 -2.2173673658157133e-06 1.2432160566645497e-06 -2.2685928047539113e-06 1.2446062368529061e-06
132.78590401542783 -60.65930568364274 3.046875 18.453125 [132.78590401542783,-60.65930568364274] -35.854800681133476 1.0580949397079618 0.00043426766387724133 1.7076184284046814e-05 [-817.8012695312,614.4252929688] 32.13546098437432 37.236817043993675 18.68177188536137 26.613076229115563 2.733407231145975 -2.2047582936622106e-06 5.118746162783645e-07 -4.180809555418044e-06 1.3303718140839558e-06 -4.494498569656183e-06 1.345540762227898e-06
132.78553774961867 -60.646163880267665 3.015625 18.125 [132.78553774961867,-60.646163880267665] -37.22190090835947 1.5078650669957419 0.000305117963494524 1.7097749901723593e-05 [-818.4584960938,590.77734375] 32.80703223965805 37.58440716076534 18.738972146733424 26.709259968777587 2.8604719026648127 -2.3094479317756228e-06 5.26780231108169e-07 -4.3449735471951875e-06 1.3537905540633078e-06 -4.641387710943339e-06 1.3684877752670345e-06
133.8842162175839 -58.81076838203058 3.09375 18.976562 [133.8842162175839,-58.81076838203058] 60.04002373443306 1.9511756749065154 0.00023946862729048996 1.7364156879597446e-05 [159.400390625,-2718.182617188] 58.77361022476387 52.23535405519542 23.272493509777906 45.71870760783531 15.999807529198733 3.6406649850485435e-06 6.241780180546932e-07 7.679189704585147e-08 1.4784061500465762e-06 4.732541037417168e-07 1.4794932096085015e-06
129.92781034459907 -61.16908651868372 2.375 11.785156 [129.92781034459907,-61.16908651868372] -39.221696403828524 0.7668467140857876 0.000637590905497243 1.817018620305414e-05 [-3283.298828125,1620.537109375] 24.46339301458352 33.88972219110188 18.10020543529675 9.632204885850797 8.026336879303699 -3.017917305869284e-06 6.781106488818256e-07 -4.900255498966582e-06 1.6344921991355873e-06 -5.625565329008977e-06 1.6765790533500308e-06
