data_processed/hvc_rms/hvc_rms_index_23.ecsv
# %ECSV 1.0
# ---
# datatype:
# - {name: ra_dec_obj.ra, unit: deg, datatype: float64}
# - {name: ra_dec_obj.dec, unit: deg, datatype: float64}
# - {name: 'H-alpha flux [Error]', unit: R, datatype: float32}
# - {name: H-alpha flux, unit: R, datatype: float32}
# - {name: ra_dec_deg, datatype: string, subtype: 'float64[2]'}
# - {name: RM, unit: rad / m2, datatype: float64}
# - {name: RM_uncert, unit: rad / m2, datatype: float64}
# - {name: pol_int, datatype: float64}
# - {name: pol_int_uncert, datatype: float64}
# - {name: ra_dec_pix_offsets, datatype: string, subtype: 'float64[2]'}
# - {name: interpolation_raw, unit: rad / m2, datatype: float64}
# - {name: interpolation_cor, unit: rad / m2, datatype: float64}
# - {name: interpolation_unc, unit: rad / m2, datatype: float64}
# - {name: pixel location x, datatype: float64}
# - {name: pixel location y, datatype: float64}
# meta: !!omap
# - __serialized_columns__:
#     ra_dec_obj:
#       __class__: astropy.coordinates.sky_coordinate.SkyCoord
#       dec: !astropy.table.SerializedColumn
#         __class__: astropy.coordinates.angles.Latitude
#         unit: &id001 !astropy.units.Unit {unit: deg}
#         value: !astropy.table.SerializedColumn {name: ra_dec_obj.dec}
#       frame: icrs
#       ra: !astropy.table.SerializedColumn
#         __class__: astropy.coordinates.angles.Longitude
#         unit: *id001
#         value: !astropy.table.SerializedColumn {name: ra_dec_obj.ra}
#         wrap_angle: !astropy.coordinates.Angle
#           unit: *id001
#           value: 360.0
#       representation_type: spherical
# schema: astropy-2.0
ra_dec_obj.ra ra_dec_obj.dec "H-alpha flux [Error]" "H-alpha flux" ra_dec_deg RM RM_uncert pol_int pol_int_uncert ra_dec_pix_offsets interpolation_raw interpolation_cor interpolation_unc "pixel location x" "pixel location y"
[from data line 106]
200.2054445045937 -44.345436243066004 1.6640625 4.6777344 [200.2054445045937,-44.345436243066004] -66.06336845228373 1.040387025549949 0.0005594060770758205 2.1628719617327916e-05 [1874.318847656,-3864.366210938] -87.16557081669366 -69.73656562888915 11.505006365457206 72.53115358430705 32.53127117302756
201.79498297020987 -47.016948718425716 1.9453125 7.423828 [201.79498297020987,-47.016948718425716] -55.1203874242523 0.838260968195232 0.0006336706361538991 1.9740199184076345e-05 [3736.067382812,998.1791992188] -48.81659779671243 -61.94625016450816 8.624245458015483 38.999916786775884 23.137774384308614
198.83676144737603 -45.35563252533746 1.8125 6.15625 [198.83676144737603,-45.35563252533746] -84.4640487529128 1.5537446565253532 0.0002907064291647505 1.678583646937234e-05 [110.7416992188,-2063.993164062] -84.49790841346834 -66.44803058510574 12.593379439148835 61.743330739712064 46.06605476060281
202.9066619543109 -45.84980762422189 1.953125 7.5527344 [202.9066619543109,-45.84980762422189] -101.93310994628138 3.054600318808337 0.0002499995106549595 2.837933760652318e-05 [5207.948242188,-1037.578613281] -60.56617890051379 -56.39500671011131 8.660167906175808 51.437729514597095 11.465148735682533
198.96759031501944 -46.62012106099416 1.796875 5.9746094 [198.96759031501944,-46.62012106099416] -4.301646715397201 2.837516263657607 0.00015975323558610038 1.684599725411201e-05 [270.005859375,212.2583007812] -57.42444247840976 -62.198638310516074 10.808979166580157 46.535536985594945 46.482043014489136
201.2406157802931 -44.79801538897584 1.7734375 5.7421875 [201.2406157802931,-44.79801538897584] -72.59250751985692 1.280018660803677 0.0004406314047944864 2.096044271329623e-05 [3181.190185547,-3017.30078125] -75.85576396283126 -67.18513152921952 10.639535292112807 66.01250595235342 24.036993356205585
200.06123342311272 -45.8045196426249 1.7421875 5.3847656 [200.06123342311272,-45.8045196426249] -60.864021505721055 1.912168201095173 0.0002545328609152344 1.8087504568109182e-05 [1646.186035156,-1242.506835938] -52.60943975926758 -53.31932918339482 10.005705918183123 55.28919690829366 35.972781976708575
198.20223983557744 -45.59578310250327 1.6953125 4.9902344 [198.20223983557744,-45.59578310250327] -79.44299026641205 1.410596572959374 0.0003101121200048373 1.6256620498983353e-05 [-688.8872070312,-1629.459960938] -73.72263833414942 -62.76262844160573 13.5405217134049 59.364378325592725 51.909176980175744
199.03916927922592 -45.33901234012508 1.7421875 5.4453125 [199.03916927922592,-45.33901234012508] -75.56034858440916 2.8088583995462972 0.0001634722611839759 1.706406980903538e-05 [366.8666992188,-2093.293945312] -87.2997990832617 -67.03748033613721 12.48925087053245 61.773289494860364 44.26610886865069
199.03939811550308 -45.340141548494486 1.7421875 5.4453125 [199.03939811550308,-45.340141548494486] -75.62655090202354 3.034597699530508 0.00015138623628965935 1.7072464536552507e-05 [367.1489257812,-2091.260742188] -87.2997990832617 -67.03748033613721 12.48925087053245 61.75961369736115 44.26552164589543
196.5336607704215 -48.22988507717876 2.078125 8.84375 [196.5336607704215,-48.22988507717876] 108.6253331411913 0.3742994488407608 0.001312989676053532 1.8263718387743902e-05 [-2655.857421875,3146.273681641] -55.99357961834241 -56.414186624262264 14.712325983717438 28.836545476436868 68.48158466065456
196.53610223655465 -48.22976306524699 2.078125 8.84375 [196.53610223655465,-48.22976306524699] 107.06229073642494 0.46927162328922173 0.001048104469789961 1.827837443296583e-05 [-2652.938476562,3145.972167969] -55.99357961834241 -56.414186624262264 14.712325983717438 28.836856632419995 68.46136566663154
202.19610601150924 -46.228034906445444 1.859375 6.607422 [202.19610601150924,-46.228034906445444] -62.432219781885316 0.9553469284193457 0.00060199829085483 2.1372979688515657e-05 [4289.579833984,-400.2807617188] -54.51050398735176 -62.81532317999802 7.664060714377507 47.878714467214195 18.294736460413333
202.20030206156224 -46.23373024292041 1.859375 6.607422 [202.20030206156224,-46.23373024292041] -65.7982072768171 1.2930513743262628 0.0004502932541165605 2.163813989071945e-05 [4294.349853516,-389.8110351562] -54.51050398735176 -62.81532317999802 7.664060714377507 47.80591024856653 18.26958364562688
198.9893034791417 -47.48894889315016 1.9140625 7.1640625 [198.9893034791417,-47.48894889315016] 34.21798199474539 1.2833773334450753 0.000343740961564767 1.63943557688118e-05 [292.068359375,1776.131347656] -48.66710381600332 -53.343299806198345 9.667894013846789 36.14281968614682 47.36494051685713
198.63281236850673 -45.322506145181634 1.6796875 4.8027344 [198.63281236850673,-45.322506145181634] -98.01753787901846 2.427664504382517 0.00018387647297464605 1.6589127166886315e-05 [-147.3134765625,-2123.55859375] -83.36606949756236 -68.52380700233455 12.423140054461092 62.303212953225966 47.82023709124519
196.23303210870802 -48.22826762703985 2.140625 9.394531 [196.23303210870802,-48.22826762703985] 82.8345868551584 2.3336602120938243 0.00021421877368490557 1.857820940445843e-05 [-3016.116210938,3154.163085938] -57.47395896884059 -56.65445589282483 14.955117179320313 28.991755573021464 70.95958155129256
196.61111446996298 -46.010059358663135 1.6328125 4.3320312 [196.61111446996298,-46.010059358663135] -54.549887029220976 0.25043873836338876 0.0017784772815160662 1.655230698306759e-05 [-2672.323242188,-850.0112304688] -61.03698696640568 -60.82977131559677 11.192941212403909 55.38881077373367 66.1693923498442
196.6150357429015 -46.00325014870111 1.6328125 4.3320312 [196.6150357429015,-46.00325014870111] -54.04850238703164 1.6388184439479452 0.0002712336388230623 1.6518975027189592e-05 [-2667.752929688,-862.3955078125] -61.03698696640568 -60.82977131559677 11.192941212403909 55.4683808366276 66.13012370301226
197.33212292589263 -47.58592226574237 2.140625 9.4296875 [197.33212292589263,-47.58592226574237] 55.562243104866326 2.338354871567088 0.00019425169990367432 1.6880447363685858e-05 [-1720.227539062,1965.6640625] -51.41891609942347 -55.63580899241333 12.863494927891589 36.12726808986713 61.32738744468497
199.69604482472297 -46.292106530411196 1.828125 6.298828 [199.69604482472297,-46.292106530411196] -58.25829982271538 2.6970125685051967 0.00017590700986874798 1.7630913709241164e-05 [1177.606445312,-371.4907226562] -61.51470639006795 -64.01166607425253 9.83516010589727 49.821039471254835 39.817732741509644
200.58181749094976 -44.67367553314531 1.7734375 5.748047 [200.58181749094976,-44.67367553314531] -81.52058407885993 0.9487329557987203 0.000588955170095501 2.0765143107647608e-05 [2345.364746094,-3263.966796875] -85.436680376858 -72.93414361961169 11.288406756792785 68.22680974648165 29.677998394727865
201.54693599506228 -46.463695474851754 1.8515625 6.546875 [201.54693599506228,-46.463695474851754] -43.81849508856873 0.339400729936002 0.001548211171679537 1.9527725972430484e-05 [3467.446777344,-8.2900390625] -44.21945929062617 -60.20302957101554 7.558337581130708 45.860911421759965 24.2587160047201
201.56961058764767 -46.46021661407059 1.84375 6.4726562 [201.56961058764767,-46.46021661407059] -41.991336030673416 0.9392752094535914 0.0005638589902627984 1.968212893515759e-05 [3495.749755859,-13.548828125] -42.968001765564715 -59.18754972421627 7.50569598624586 45.87600298033999 24.05958469218035
197.72412075010018 -46.629928718108665 1.7421875 5.451172 [197.72412075010018,-46.629928718108665] -34.96077930846677 2.5578644130375148 0.00017655300562918823 1.678268094360492e-05 [-1266.995117188,237.7763671875] -56.80631199248627 -58.168235464585656 10.176107901083775 47.325778642908745 57.115749193179454
201.37487790105934 -46.59412392251984 1.859375 6.59375 [201.37487790105934,-46.59412392251984] -63.11044876642405 2.5974458741078705 0.0001970401631644704 1.9019976152058215e-05 [3246.553955078,219.0322265625] -46.499737667574976 -60.93008264264435 7.546570585636659 44.5074682652139 25.947033402304896
199.36666858481962 -44.64152902459432 1.7421875 5.4433594 [199.36666858481962,-44.64152902459432] -63.04021458547541 2.907018849596233 0.000172982335784784 1.8687805616247868e-05 [790.7709960938,-3345.905273438] -94.37554384569451 -69.27424522383059 12.471612347166234 69.81156817937108 40.45860102359302
200.69746403470967 -44.643108233310464 1.7421875 5.4335938 [200.69746403470967,-44.643108233310464] -71.60591383598924 1.1848316178074925 0.0004855835607864196 2.1381064008335007e-05 [2494.628417969,-3315.40234375] -82.81387593087875 -72.07990093016947 11.070661134242714 68.46571464991348 28.60043945638813
196.6195524598168 -45.266166681247554 1.640625 4.3710938 [196.6195524598168,-45.266166681247554] -59.83633026164002 1.9215993285597233 0.00024386069571824716 1.7414593843086433e-05 [-2697.369140625,-2188.661132812] -64.03060326628554 -65.0943244407232 10.952096300246673 64.29457243198885 65.52542864196312
199.7871553135483 -45.13304528411537 1.71875 5.173828 [199.7871553135483,-45.13304528411537] -82.46428904452056 2.03324236382453 0.00024103241922512244 1.8212657178940055e-05 [1317.942382812,-2455.966796875] -101.2207190601328 -74.25007023870734 13.433865715776795 63.55802280651005 37.40470555936486
199.63711540801066 -46.33390432813185 1.859375 6.5839844 [199.63711540801066,-46.33390432813185] -8.842336022957657 0.9712914020224774 0.0005099022955513227 1.840539806478162e-05 [1103.479003906,-297.1103515625] -61.173970575004994 -63.401809831949116 9.958361071220791 49.37618693671175 40.38098218052414
201.94010933246057 -45.73855201415397 1.8359375 6.3945312 [201.94010933246057,-45.73855201415397] -60.83670949875134 1.6380163282886786 0.0003431740853849045 2.0890143087069077e-05 [4006.6015625,-1293.982910156] -54.58477676388596 -55.51172476094469 7.39442434597588 54.004328878153046 19.586207405859113
200.91209423750504 -46.01888281156586 1.7890625 5.876953 [200.91209423750504,-46.01888281156586] -43.21710476882991 1.5257991886414026 0.00033017629069122945 1.8721988192115345e-05 [2702.886230469,-833.345703125] -51.67476377777909 -60.91963917712633 8.647389605977285 51.86072959423336 28.946160524278866
199.19233702506585 -48.70821377443351 2.4375 12.425781 [199.19233702506585,-48.70821377443351] 153.92957321542167 0.28695927361081247 0.001910454834356663 2.0373504630798695e-05 [526.4067382812,3970.946044922] -55.019322394967375 -56.30711948776448 13.11280860568888 21.422311547060417 47.20097688993087
199.19248959576143 -48.700599638331 2.4375 12.425781 [199.19248959576143,-48.700599638331] 155.5446022688248 0.4328120183872896 0.0012643588140632384 2.033660041395682e-05 [526.6674804688,3957.251953125] -55.019322394967375 -56.30711948776448 13.11280860568888 21.513090278205027 47.19021451484514
200.6570890712465 -44.847736095180615 1.734375 5.3789062 [200.6570890712465,-44.847736095180615] -78.4582778560508 1.2126828289904974 0.0004502155925896959 2.028973914135102e-05 [2434.320800781,-2948.611328125] -82.97945151123943 -70.96308890589555 10.933389961954443 66.07384892869572 29.28667233129613
201.91795354981576 -45.46553433731814 1.859375 6.5703125 [201.91795354981576,-45.46553433731814] -58.70118309269806 1.5316151464574925 0.00038141017624148164 2.170954052104589e-05 [3998.21484375,-1786.083984375] -57.81933700991321 -53.9745710130313 8.320526228835005 57.27242894747951 19.276877928571594
202.64549260161667 -46.314033450581654 1.9296875 7.3164062 [202.64549260161667,-46.314033450581654] -49.32301321518474 1.3013146865712175 0.0005259118142014972 2.543337304925561e-05 [4840.416992188,-219.6831054688] -53.54465525977451 -61.03107823027456 8.341173023136978 46.28550303889324 14.626555811079243
202.45884701634387 -45.21978767031385 1.84375 6.404297 [202.45884701634387,-45.21978767031385] -68.43519618752146 2.713312729030433 0.00026346576443770145 2.656640230515919e-05 [4700.165283203,-2198.151367188] -70.40131614398365 -55.758506767116366 9.046856162434052 59.49923987247189 14.094768551707602
202.36299139183407 -45.95167149196793 1.96875 7.6933594 [202.36299139183407,-45.95167149196793] -41.835685090993536 2.1469402852735557 0.0002850229519481349 2.2740944697642073e-05 [4519.578857422,-887.9243164062] -57.58670765977792 -58.645669175521675 8.171473509426333 50.9458953210999 16.340259416182334
197.47949231945717 -45.118561007008175 1.65625 4.5722656 [197.47949231945717,-45.118561007008175] -93.1899819038391 3.2483836605098126 0.0001373020588916086 1.6574982179641936e-05 [-1612.610351562,-2477.69921875] -66.9205549265989 -68.83853213446858 10.715836788764491 65.56562030497571 57.78801824201423
200.55696123395933 -45.32500442132165 1.796875 5.9296875 [200.55696123395933,-45.32500442132165] -59.170828158065085 1.310132665744516 0.0003930556113181733 1.9137181639842232e-05 [2287.424316406,-2093.016601562] -69.49442999262175 -64.16915176200006 10.820009421821377 60.498787132547704 30.92379098121455
200.62011706892676 -45.031864311912685 1.78125 5.8125 [200.62011706892676,-45.031864311912685] -78.96886024518244 0.7181864995383002 0.000743518488850599 1.984438812806977e-05 [2379.523925781,-2618.522460938] -78.78500483169212 -67.59510852555613 10.89768669353004 63.92170889860358 29.906370051233353
201.7273101451963 -45.171035686211205 1.828125 6.2617188 [201.7273101451963,-45.171035686211205] -95.32223640682494 0.8919089762208002 0.0006564509782383087 2.17586295262451e-05 [3777.468017578,-2325.056640625] -69.89911389606443 -64.47578043642358 9.724920717040414 61.002390049809264 20.405718078140126
199.92912303427548 -44.984424586062765 1.703125 5.0507812 [199.92912303427548,-44.984424586062765] -87.29536795518007 1.0114319770864322 0.0005012219168389018 1.8839763046505223e-05 [1502.080566406,-2720.840820312] -105.21182593542254 -76.5752970861283 13.33298112441223 65.19304436858488 35.93817446556409
200.6413114789973 -44.59665325518432 1.7421875 5.4121094 [200.6413114789973,-44.59665325518432] -61.76997660348506 1.3121415346240093 0.0004407154668596912 2.149055732254507e-05 [2424.692871094,-3400.700195312] -84.22209461950379 -72.54925043909296 11.213676201883588 69.07960817037724 29.025915023880316
200.3487397070649 -45.60138307784983 1.6875 4.875 [200.3487397070649,-45.60138307784983] -43.422213993910944 1.2338661714876324 0.0004085505117061242 1.8733655062656508e-05 [2014.132324219,-1601.397949219] -55.45784553040122 -56.094562860148926 10.401521716461973 57.42305334247658 33.17006664440214
202.1441651385613 -44.30082331389681 1.75 5.4765625 [202.1441651385613,-44.30082331389681] -37.22459835290941 0.9909761863455342 0.0007108499570971928 2.617880770317961e-05 [4370.904541016,-3867.951171875] -66.01470161310014 -60.87577588106033 9.300605318548422 70.8073519559141 15.102541489712621
202.24302676991226 -45.93519979461951 1.9140625 7.1015625 [202.24302676991226,-45.93519979461951] -40.15894883856728 1.7134652822510672 0.00034445796328266387 2.1934121347864557e-05 [4371.032714844,-924.2924804688] -58.70986834031473 -59.57829811722108 7.980149717539366 51.29364837539174 17.34035566549187
201.64428714497865 -46.32128141455942 1.828125 6.267578 [201.64428714497865,-46.32128141455942] -42.46000354909591 0.511801530544235 0.0010318748183029223 1.9626248689719806e-05 [3597.372558594,-260.1162109375] -46.71879537006652 -61.98819978029576 7.631970962927767 47.43955355125945 23.17847879970691
200.46345524551046 -45.39544678932919 1.8046875 6.064453 [200.46345524551046,-45.39544678932919] -65.94717224533106 1.2405426707380307 0.00040964616101952085 1.8885535319729337e-05 [2166.445800781,-1968.911621094] -68.03046749224016 -62.997479336903595 10.897370563775898 59.75778447419907 31.85237914114282
