data_processed/hvc_rms/hvc_rms_index_16.ecsv
# %ECSV 1.0
# ---
# datatype:
# - {name: ra_dec_obj.ra, unit: deg, datatype: float64}
# - {name: ra_dec_obj.dec, unit: deg, datatype: float64}
# - {name: 'H-alpha flux [Error]', unit: R, datatype: float32}
# - {name: H-alpha flux, unit: R, datatype: float32}
# - {name: ra_dec_deg, datatype: string, subtype: 'float64[2]'}
# - {name: RM, unit: rad / m2, datatype: float64}
# - {name: RM_uncert, unit: rad / m2, datatype: float64}
# - {name: pol_int, datatype: float64}
# - {name: pol_int_uncert, datatype: float64}
# - {name: ra_dec_pix_offsets, datatype: string, subtype: 'float64[2]'}
# - {name: interpolation_raw, unit: rad / m2, datatype: float64}
# - {name: interpolation_cor, unit: rad / m2, datatype: float64}
# - {name: interpolation_unc, unit: rad / m2, datatype: float64}
# - {name: pixel location x, datatype: float64}
# - {name: pixel location y, datatype: float64}
# meta: !!omap
# - __serialized_columns__:
#     ra_dec_obj:
#       __class__: astropy.coordinates.sky_coordinate.SkyCoord
#       dec: !astropy.table.SerializedColumn
#         __class__: astropy.coordinates.angles.Latitude
#         unit: &id001 !astropy.units.Unit {unit: deg}
#         value: !astropy.table.SerializedColumn {name: ra_dec_obj.dec}
#       frame: icrs
#       ra: !astropy.table.SerializedColumn
#         __class__: astropy.coordinates.angles.Longitude
#         unit: *id001
#         value: !astropy.table.SerializedColumn {name: ra_dec_obj.ra}
#         wrap_angle: !astropy.coordinates.Angle
#           unit: *id001
#           value: 360.0
#       representation_type: spherical
# schema: astropy-2.0
ra_dec_obj.ra ra_dec_obj.dec "H-alpha flux [Error]" "H-alpha flux" ra_dec_deg RM RM_uncert pol_int pol_int_uncert ra_dec_pix_offsets interpolation_raw interpolation_cor interpolation_unc "pixel location x" "pixel location y"
[from data line 267]
71.62616725199513 -71.03813916384973 1.40625 2.0742188 [71.62616725199513,-71.03813916384973] 5.592502801773108 2.0540993230531837 0.0002718700651880976 2.0753508821339913e-05 [3112.696289062,-2181.271484375] 36.75872106336939 34.5667624567287 10.259303404588097 89.58629111373602 48.384188793196245
65.15015372893906 -69.56275947353552 1.3125 1.1137695 [65.15015372893906,-69.56275947353552] 44.10139685527977 1.844121341244555 0.00034870171404723256 2.3897489480351537e-05 [-720.623046875,-4966.27734375] 34.28505763270817 31.077376815575157 7.212365347632601 58.51282788038486 55.512583494518594
65.49837481875367 -70.3810884410406 1.3203125 1.1953125 [65.49837481875367,-70.3810884410406] -10.79396548916021 1.2083857998410856 0.0004520410001090611 2.0299817959250537e-05 [-482.4672851562,-3498.215820312] 29.967596427557222 25.454514529599965 7.285364652999876 64.18805568631001 45.19762299839044
61.401999873294436 -72.63034064085495 1.265625 0.6503906 [61.401999873294436,-72.63034064085495] 13.849567034422268 2.248695764262413 0.00023306571755902166 1.947680882023776e-05 [-2626.919921875,653.599609375] 21.60979229652395 16.445598944416968 6.82123134151525 63.9744349504042 5.8408869419349685
72.93962071350586 -74.65666196264428 1.34375 1.4199219 [72.93962071350586,-74.65666196264428] 33.48908033440325 0.4659618294553829 0.0018777058578129141 3.2515213201571336e-05 [3157.056640625,4367.247558594] 19.030023197981 25.16222068971034 7.346964327808609 109.65756438267704 1.2068804156986062
69.47341908473474 -73.2440185831254 1.2890625 0.9160156 [69.47341908473474,-73.2440185831254] 7.264183196116491 1.1861818302585576 0.00042574191526554493 1.876749807651206e-05 [1647.805664062,1694.585449219] 21.035393527407454 19.48684228955399 7.603265751431114 92.43703875314395 14.665317375554196
69.42831396385496 -73.2519149562509 1.2890625 0.9160156 [69.42831396385496,-73.2519149562509] -42.956905548893545 1.6668664296690654 0.00030483155829365695 1.8882932010971217e-05 [1623.69140625,1707.551269531] 21.035393527407454 19.48684228955399 7.603265751431114 92.33424377176311 14.480502020851418
61.82263561663795 -71.96569830249798 1.296875 0.9338379 [61.82263561663795,-71.96569830249798] 18.08826049017225 0.2506860447062305 0.0020883031973592246 1.945505284203914e-05 [-2490.580078125,-557.0327148438] 21.042975496008303 17.506728991292007 6.283420750044767 61.03170340453596 15.420404019947
61.82454730241438 -71.9615249645004 1.296875 0.9338379 [61.82454730241438,-71.9615249645004] 18.67060798389326 0.47566934496892543 0.0011075072622764525 1.95776450181033e-05 [-2490.075195312,-564.6030273438] 21.042975496008303 17.506728991292007 6.283420750044767 61.01144103085073 15.479149068642528
62.75105666833876 -70.4060213464769 1.34375 1.4208984 [62.75105666833876,-70.4060213464769] 43.00807267773723 1.4148015034801729 0.00040092897023335464 2.1080050859558594e-05 [-2138.901367188,-3393.44140625] 29.75235167172047 26.34379413278763 6.64019888787779 54.57706110840786 38.23276749659044
62.76917577006161 -70.40512824952015 1.3359375 1.3706055 [62.76917577006161,-70.40512824952015] 38.884605735550416 2.2044263988473287 0.0002580946510502786 2.1143813059576294e-05 [-2128.078125,-3395.688476562] 30.159301084725286 26.593445512400738 6.728657867335155 54.635148131362484 38.29068864722876
69.53035754475913 -70.0612565312175 1.3515625 1.4794922 [69.53035754475913,-70.0612565312175] 27.148981906357214 3.0766202539733034 0.00020795461749034105 2.377667743241052e-05 [1983.843261719,-4023.439453125] 39.21719552639029 35.868487465787766 8.992860292677499 77.49915684647272 58.07517414805784
68.56397287348108 -71.0271990003767 1.34375 1.4692383 [68.56397287348108,-71.0271990003767] 13.968219897214489 0.2892045054336888 0.001766069578690319 1.8981108306409983e-05 [1326.530273438,-2313.931640625] 27.566983751673735 27.19886563413108 7.40643846998109 78.48945929913123 42.92629690218678
68.54802717678292 -71.02903758876145 1.34375 1.4692383 [68.54802717678292,-71.02903758876145] 13.707049283712339 2.0098875014936946 0.0002545524485129699 1.9013310103874544e-05 [1317.083007812,-2310.975585938] 27.566983751673735 27.19886563413108 7.40643846998109 78.44153926448382 42.86985921640439
71.94217699033717 -71.19506072420836 1.390625 1.8701172 [71.94217699033717,-71.19506072420836] -20.11689756189263 1.8096869976413104 0.0003082975341540954 2.0733958281259174e-05 [3270.397216797,-1883.274414062] 37.34002533010924 34.758361945318086 10.170599738896819 91.39850696722215 46.75175996544226
69.08412926995024 -72.76992799912473 1.3203125 1.215332 [69.08412926995024,-72.76992799912473] -0.6754666352472569 0.19732865613911144 0.002600525067323443 1.907040454074892e-05 [1485.728027344,832.1958007812] 16.312644331965455 19.117333079423222 6.945703524139976 88.83752190553639 20.326939429366348
69.08578476457085 -72.77203380826838 1.3203125 1.215332 [69.08578476457085,-72.77203380826838] -1.9507821789501032 0.47604457303528414 0.0010761844719070677 1.9038952180654124e-05 [1486.43359375,836.0229492188] 16.312644331965455 19.117333079423222 6.945703524139976 88.85336387077143 20.30166967306468
73.8767317338266 -72.07868184125218 1.40625 2.0654297 [73.8767317338266,-72.07868184125218] -8.816879432339483 1.9886018246755581 0.00031486963339135587 2.3269514128240673e-05 [4186.279541016,-182.3247070312] 35.9360521734684 36.27428096843658 8.964839865146846 101.87444538576437 37.61052118600446
73.30702981506548 -70.52357480844628 2.234375 10.402344 [73.30702981506548,-70.52357480844628] 55.92642716748491 0.6492084717064915 0.0009872262217348647 2.381823433479968e-05 [4196.806152344,-3000.274414062] 41.61903199614608 43.72257726224514 11.372226125095047 93.7538613526483 58.25765913541545
73.31297295264476 -70.52132395981799 2.234375 10.402344 [73.31297295264476,-70.52132395981799] 53.66799481900031 1.8417072497692977 0.0003475250891723226 2.378567411076697e-05 [4200.812744141,-3003.881835938] 41.61903199614608 43.72257726224514 11.372226125095047 93.76773780818326 58.298286151510865
65.08430457575436 -72.678863419065 1.3046875 1.0751953 [65.08430457575436,-72.678863419065] 14.25105448082589 2.7087160817414113 0.0001834956652679668 1.84713228289258e-05 [-649.5688476562,640.453125] 16.863980670569042 14.213907546107428 6.559944679164276 75.60541514337774 13.634571226424441
68.12304722869507 -73.68550866769029 1.328125 1.2553711 [68.12304722869507,-73.68550866769029] 10.019160490802555 2.3990031524315643 0.0002177773161102489 1.9415660218736113e-05 [923.478515625,2459.619140625] 18.752188958943208 17.235318264749907 6.915767527838274 90.52825301720486 6.375332222310362
62.954349154715885 -71.59425330442006 1.3359375 1.3676758 [62.954349154715885,-71.59425330442006] 29.039166582986145 2.220800791741472 0.0002363794734879068 1.950868820528695e-05 [-1898.44921875,-1265.543945312] 21.32534123459003 19.238708608706204 6.4827834218899625 62.3801995016679 23.027971989741218
73.54621900077083 -73.0408477928759 1.328125 1.2631836 [73.54621900077083,-73.0408477928759] 27.527035642484595 0.528586032252802 0.0011825715210217126 2.3230138654534204e-05 [3796.292724609,1514.455566406] 24.421549170312147 29.773824008218554 8.020026499156005 104.62911447859199 23.94591262320023
73.58823391101441 -73.03900152551977 1.3515625 1.5297852 [73.58823391101441,-73.03900152551977] 20.417183240634373 1.042917917733848 0.0006068223892181764 2.351908534716956e-05 [3818.578369141,1513.81640625] 24.566450097543335 29.895376122872165 8.151481856981285 104.75965986488836 24.032155463016352
73.5566559048069 -73.03972622887207 1.328125 1.2631836 [73.5566559048069,-73.03972622887207] 22.818802307554236 1.2517342712727828 0.0005002611522679739 2.3271138195035098e-05 [3801.97265625,1513.110839844] 24.421549170312147 29.773824008218554 8.020026499156005 104.65880611649845 23.976390457328307
68.76760859876599 -72.09863293262845 1.3515625 1.534668 [68.76760859876599,-72.09863293262845] 29.909233181591336 2.083363856507936 0.00024118812000143962 1.8673672633721083e-05 [1366.775390625,-382.478515625] 21.40194714482339 21.02107262335511 6.927625057870345 84.45753093054327 28.77935564276322
71.01650252927075 -72.83698273899952 1.3203125 1.184082 [71.01650252927075,-72.83698273899952] 20.62606798039487 0.5220912398476582 0.0009946532590136958 1.9298645091473932e-05 [2504.283691406,1016.752929688] 23.013000487738225 25.792886729326128 7.156697702576171 95.4436905706209 22.778851322830178
63.08013860938394 -70.58783713906217 1.3203125 1.2255859 [63.08013860938394,-70.58783713906217] 17.409933200867677 1.232121705489795 0.00044382947479587777 2.0322561754211127e-05 [-1923.284179688,-3077.971679688] 28.95642657037698 25.440128518390644 6.610084860337857 56.7993713686983 36.6400933798468
64.17638395734929 -73.18909454843413 1.2578125 0.5637207 [64.17638395734929,-73.18909454843413] 36.10152558384299 1.7707607534557739 0.00029010697018739704 1.9090915458237135e-05 [-1103.411621094,1571.735351562] 19.58249196301165 13.076901949480886 6.15691553729182 75.81584371521785 5.024708698146469
60.77015271344389 -70.16053792518942 1.328125 1.2724609 [60.77015271344389,-70.16053792518942] 68.66383622409681 1.9337085208694493 0.0004232221046781555 3.0413615890874923e-05 [-3370.908203125,-3743.053710938] 29.46483414530901 30.65271046810296 7.554161698095051 46.17579422733036 36.24405794780637
60.77218643717241 -70.158050606849 1.3203125 1.2216797 [60.77218643717241,-70.158050606849] 68.33999835274597 1.582330113607488 0.0005181791219639068 3.0470929842585295e-05 [-3370.077148438,-3747.623046875] 29.4966609707347 30.52007910468369 7.548848967054388 46.167208092164174 36.2824373567953
60.77610799960185 -70.15835593573915 1.3203125 1.2216797 [60.77610799960185,-70.15835593573915] 72.8239828247398 2.2926372862218685 0.00035670069929472504 3.0391211657926263e-05 [-3367.642578125,-3747.295898438] 29.4966609707347 30.52007910468369 7.548848967054388 46.18273262563366 36.28920541802654
60.43912906776445 -72.23473361441509 1.328125 1.3154297 [60.43912906776445,-72.23473361441509] 29.833124413612932 1.8945141904257141 0.00028121642148233735 1.9799181791532204e-05 [-3211.3515625,-8.9072265625] 21.054179856461392 17.22935031844046 6.352566664525544 58.465201360823244 8.482687195571998
64.53585022432803 -70.64617910136084 1.3359375 1.3691406 [64.53585022432803,-70.64617910136084] 28.925827603553806 1.7973978852286796 0.000297453097905989 1.986879028901791e-05 [-1050.203125,-3009.1015625] 30.00504719782355 24.591880349180897 7.0591061129476635 62.22254052035214 39.38942799977758
70.27367397823791 -69.76670813614972 1.2890625 0.8515625 [70.27367397823791,-69.76670813614972] 2.5929268015232303 0.7317842460194125 0.0011557346288426148 3.1430398321442306e-05 [2473.7265625,-4524.689453125] 41.96961380016069 38.826736027474 9.934035636420743 79.03365534507043 63.570067427248205
70.26705166435458 -69.754783467155 1.2890625 0.8515625 [70.26705166435458,-69.754783467155] 45.04179987034557 0.8461684370914695 0.001008872443460673 3.172501124078176e-05 [2471.0078125,-4546.358398438] 41.96961380016069 38.826736027474 9.934035636420743 78.95611129485962 63.72337100137315
70.26994330522554 -69.76068114370833 1.2890625 0.8515625 [70.26994330522554,-69.76068114370833] 7.8332466814487764 2.2452190100751714 0.00037749162137066654 3.1497401795210235e-05 [2472.114746094,-4535.657226562] 41.96961380016069 38.826736027474 9.934035636420743 78.99298037476683 63.646831327217114
61.951598425548745 -70.95357537405677 1.265625 0.6608887 [61.951598425548745,-70.95357537405677] 19.678571582453284 0.19006897445073218 0.0029389803757244133 2.0759487170701443e-05 [-2549.83984375,-2379.154296875] 26.161922941927862 23.691136478843198 6.275957244580662 55.14576159920978 28.94645955375495
61.94937129988902 -70.95335405206427 1.265625 0.6608887 [61.94937129988902,-70.95335405206427] 19.93044195509025 0.16066046297603484 0.003467448512298233 2.0702735725758307e-05 [-2551.172851562,-2379.45703125] 26.161922941927862 23.691136478843198 6.275957244580662 55.13691303075973 28.94365768094508
64.91600031732213 -71.24070762330265 1.3828125 1.8452148 [64.91600031732213,-71.24070762330265] 42.107119953908516 3.226610215483865 0.00015557683070551253 1.865520937806238e-05 [-799.1196289062,-1945.4765625] 22.533469449860416 19.297157868439566 6.781488134309772 66.8766625707359 32.308474065052906
64.94745608618376 -71.2438810310229 1.3828125 1.8452148 [64.94745608618376,-71.2438810310229] 41.3757043253509 2.5070304997961848 0.00019918688051678157 1.8557909427007932e-05 [-780.7885742188,-1940.180664062] 22.533469449860416 19.297157868439566 6.781488134309772 67.00176319963077 32.33755680367972
67.74997686448452 -73.19493092396955 1.265625 0.6479492 [67.74997686448452,-73.19493092396955] 13.659229889501056 0.3292762898882122 0.0015152622705690898 1.854201689587388e-05 [756.3598632812,1571.869140625] 21.468821327806616 17.615628247834152 6.897962999667872 86.7877512274896 12.18297390056864
67.70659673890238 -73.18848427062733 1.265625 0.66674805 [67.70659673890238,-73.18848427062733] 19.60345040408824 0.7859400022551996 0.0006407485457738279 1.871482309067172e-05 [734.064453125,1559.732910156] 21.327187772368767 17.426418814118215 6.90943158548529 86.61853043444853 12.18655332712433
68.45583355648843 -70.05757883812662 1.328125 1.2573242 [68.45583355648843,-70.05757883812662] -2.3475077737484664 1.7465813897837243 0.00033635864023065997 2.1832331632430166e-05 [1325.244140625,-4059.595703125] 33.990586123632625 31.630438342143627 8.141749568155996 73.42832093912921 55.99976927868488
66.88294216321856 -70.29659269940905 1.34375 1.4677734 [66.88294216321856,-70.29659269940905] 21.575037066404533 0.9718118462465771 0.0005601212145426428 2.0228930101861303e-05 [355.7666015625,-3651.708007812] 29.147832538177802 27.38689628749884 7.710821109531194 68.77197697881206 49.425812288030556
66.86884316070659 -70.29006982551887 1.3515625 1.5537109 [66.86884316070659,-70.29006982551887] -20.80307080008584 1.3135424257278665 0.00041843369081119103 2.0425817760151575e-05 [347.3208007812,-3663.5234375] 29.119689204834856 27.233391503718693 7.64064175185382 68.68704680296366 49.48433217631191
66.87059016207897 -70.29978920038715 1.3515625 1.5537109 [66.87059016207897,-70.29978920038715] 31.88331844416248 0.814807427983149 0.0006688885558540166 2.025430978981348e-05 [348.216796875,-3646.030273438] 29.119689204834856 27.233391503718693 7.64064175185382 68.74307458275212 49.355475595818234
66.86989573212117 -70.29213707960562 1.3515625 1.5537109 [66.86989573212117,-70.29213707960562] -17.353125423355902 2.1110229850158726 0.0002593835236667202 2.03490458761819e-05 [347.9248046875,-3659.798828125] 29.119689204834856 27.233391503718693 7.64064175185382 68.70145696354825 49.45839771792771
72.76185598123615 -71.51583855015204 1.390625 1.9277344 [72.76185598123615,-71.51583855015204] 15.745477230193387 0.9886998341897102 0.0005462631699858455 2.0071280720505003e-05 [3681.752441406,-1261.482421875] 36.789515944622046 36.4628994433763 10.137462950112447 95.6793668962016 43.66067729601173
63.14662180023925 -72.16533659500597 1.3125 1.1318359 [63.14662180023925,-72.16533659500597] 25.18176184066546 2.1186427066326985 0.00024060710313493022 1.8944138921101172e-05 [-1735.634765625,-244.9365234375] 18.601060980974435 15.042874543808983 6.244335772198604 66.45857516617934 16.01506654178229
72.18268588650781 -73.52761843726239 1.328125 1.2514648 [72.18268588650781,-73.52761843726239] 8.1214817052072 1.6359379055342533 0.0003624663775527892 2.2036531878694496e-05 [2999.0625,2308.306152344] 19.189838757108397 26.494695679696353 7.178099083735104 102.32150864072469 15.298421950591774
