data_processed/hvc_rms/hvc_rms_index_4.ecsv
# %ECSV 1.0
# ---
# datatype:
# - {name: ra_dec_obj.ra, unit: deg, datatype: float64}
# - {name: ra_dec_obj.dec, unit: deg, datatype: float64}
# - {name: 'H-alpha flux [Error]', unit: R, datatype: float32}
# - {name: H-alpha flux, unit: R, datatype: float32}
# - {name: ra_dec_deg, datatype: string, subtype: 'float64[2]'}
# - {name: RM, unit: rad / m2, datatype: float64}
# - {name: RM_uncert, unit: rad / m2, datatype: float64}
# - {name: pol_int, datatype: float64}
# - {name: pol_int_uncert, datatype: float64}
# - {name: ra_dec_pix_offsets, datatype: string, subtype: 'float64[2]'}
# - {name: interpolation_raw, unit: rad / m2, datatype: float64}
# - {name: interpolation_cor, unit: rad / m2, datatype: float64}
# - {name: interpolation_unc, unit: rad / m2, datatype: float64}
# - {name: pixel location x, datatype: float64}
# - {name: pixel location y, datatype: float64}
# meta: !!omap
# - __serialized_columns__:
#     ra_dec_obj:
#       __class__: astropy.coordinates.sky_coordinate.SkyCoord
#       dec: !astropy.table.SerializedColumn
#         __class__: astropy.coordinates.angles.Latitude
#         unit: &id001 !astropy.units.Unit {unit: deg}
#         value: !astropy.table.SerializedColumn {name: ra_dec_obj.dec}
#       frame: icrs
#       ra: !astropy.table.SerializedColumn
#         __class__: astropy.coordinates.angles.Longitude
#         unit: *id001
#         value: !astropy.table.SerializedColumn {name: ra_dec_obj.ra}
#         wrap_angle: !astropy.coordinates.Angle
#           unit: *id001
#           value: 360.0
#       representation_type: spherical
# schema: astropy-2.0
ra_dec_obj.ra ra_dec_obj.dec "H-alpha flux [Error]" "H-alpha flux" ra_dec_deg RM RM_uncert pol_int pol_int_uncert ra_dec_pix_offsets interpolation_raw interpolation_cor interpolation_unc "pixel location x" "pixel location y"
[from data line 157]
15.075461515119633 -13.408036141507614 0.27148438 0.33703613 [15.075461515119633,-13.408036141507614] 3.861421052342717 0.4210473026351265 0.0010901570201939785 1.7058021146327946e-05 [2520.508300781,-1072.886230469] 4.390410736495293 3.704416899552679 3.2884311581355625 45.508988028775775 70.53538449872212
14.746338823777979 -11.411831842551512 0.34179688 1.059082 [14.746338823777979,-11.411831842551512] -21.252265534454818 1.3382958903428785 0.0005353101507733623 2.662357220025844e-05 [1959.3359375,-4667.541015625] -2.4876838567767843 -1.7434501483132123 3.2061297382536047 68.7939780635212 97.20713106848734
15.883542115429131 -12.23780085671168 0.30273438 0.68725586 [15.883542115429131,-12.23780085671168] -8.621101276373064 2.5024956721141822 0.0002097505166515337 1.9506757160714066e-05 [3952.994140625,-3167.71875] 2.1386284687876023 1.6410708881873843 3.073836081377042 60.897811201046466 42.359430864940805
15.391012188505123 -12.684432955059098 0.31640625 0.8059082 [15.391012188505123,-12.684432955059098] 2.882932192429188 0.9750226721143089 0.0005013404366712915 1.8165867934639815e-05 [3081.805419922,-2371.418945312] 3.896655074153238 3.028689663542251 3.2811552570437423 54.646399514924724 60.99677943170309
14.87141119159844 -16.398017856296747 0.27929688 0.4613037 [14.87141119159844,-16.398017856296747] 2.187474805562368 0.7611918757436649 0.0008270754885233287 2.3396343969615314e-05 [2133.495605469,4305.718994141] 4.7364086506917396 4.2784034376519955 2.6856618783742703 9.692170622625667 55.59986764564428
14.875003929168425 -16.400754958209056 0.27929688 0.4613037 [14.875003929168425,-16.400754958209056] -2.890692772529781 2.72783728785804 0.00023150956692483165 2.346908226847359e-05 [2139.66796875,4310.673828125] 4.7364086506917396 4.2784034376519955 2.6856618783742703 9.666624847163916 55.355189820919804
16.331396156856997 -12.987636534817517 0.29492188 0.58691406 [16.331396156856997,-12.987636534817517] -12.448796655198345 0.8334208004662752 0.0007679665991126601 2.3785668965888e-05 [4726.220703125,-1810.28125] 3.1361369031607933 1.3831140452534463 3.1006538129826606 53.11052132244424 15.33832654285743
16.32226558260254 -13.008927383769214 0.29492188 0.58691406 [16.32226558260254,-13.008927383769214] -18.169398016115355 0.38472318891480684 0.0016523258590913832 2.3623963704944778e-05 [4709.819824219,-1772.147949219] 3.1361369031607933 1.3831140452534463 3.1006538129826606 52.83805225887215 15.535374562985453
16.321416868455636 -13.01531696400979 0.29492188 0.58691406 [16.321416868455636,-13.01531696400979] -11.920533053219229 0.6705894148092486 0.0009461282720006849 2.3578458965427035e-05 [4708.211669922,-1760.666015625] 3.1361369031607933 1.3831140452534463 3.1006538129826606 52.76103634224296 15.508236530201884
16.01847069850361 -14.708710789890254 0.24902344 0.14678955 [16.01847069850361,-14.708710789890254] -8.724353164085313 1.1632608063261274 0.00046666431456672417 2.0173924485848184e-05 [4147.085449219,1281.483886719] 3.4989986766577355 4.174111341525576 3.0849720680317225 32.16001973306038 11.283409257780932
15.99938486254137 -14.71876143624939 0.25195312 0.17877197 [15.99938486254137,-14.71876143624939] -8.525314336871775 1.8149624648883385 0.0002970062149413805 2.003281074549701e-05 [4113.695800781,1299.239746094] 3.5318596001843097 4.175928044079925 3.0833704468730243 31.993351938624414 12.140775383925302
16.016599624308967 -14.710659850443054 0.24902344 0.14678955 [16.016599624308967,-14.710659850443054] -3.767269866091507 1.5605568352172565 0.0003474537280642086 2.0150474127509238e-05 [4143.793701172,1284.958984375] 3.4989986766577355 4.174111341525576 3.0849720680317225 32.13239426974383 11.355767036173347
16.10210615218253 -11.814520746259163 0.28515625 0.51000977 [16.10210615218253,-11.814520746259163] 0.34614472445601124 1.8575965827362058 0.0003253241601413197 2.2458276472308084e-05 [4343.973876953,-3925.302734375] -0.5223613697973589 0.20664722662899804 3.202718848888888 66.36136311168775 36.363981713680914
16.099849745823864 -11.81546786892531 0.28515625 0.51000977 [16.099849745823864,-11.81546786892531] -6.271122705232517 1.5215661911217435 0.000397778821815387 2.2492680277971213e-05 [4339.987060547,-3923.640625] -0.5223613697973589 0.20664722662899804 3.202718848888888 66.3452423942249 36.45282428652081
16.106586483130318 -11.809521584162557 0.28125 0.4699707 [16.106586483130318,-11.809521584162557] -3.949788230970039 2.6527905468276325 0.00023029755271432957 2.2703927293462888e-05 [4351.939697266,-3934.211914062] -0.49608855808485397 0.17454650745518085 3.205680556384847 66.43014146440942 36.21364620887471
15.044998181312797 -16.274528535041984 0.28710938 0.53686523 [15.044998181312797,-16.274528535041984] 4.267420385042736 0.9129761206344104 0.0006559485796937299 2.225552879687256e-05 [2434.699707031,4085.300048828] 5.383516884860111 4.81833134520342 2.5079810397014253 11.494591120885957 46.581387891178565
15.043350231087372 -16.27307702216522 0.28710938 0.53686523 [15.043350231087372,-16.27307702216522] 5.246482025608382 0.9390670601454351 0.0006348079126761131 2.2153769950711982e-05 [2431.87109375,4082.672485352] 5.383516884860111 4.81833134520342 2.5079810397014253 11.50837110821351 46.695045949324594
16.31545831986421 -12.247200892326028 0.26367188 0.28259277 [16.31545831986421,-12.247200892326028] -4.959000692492735 0.7719096838555539 0.0008066848637304984 2.3140838990275954e-05 [4711.905273438,-3142.903320312] 1.9945242407297918 0.6669843329429846 3.2778144217553598 61.759234584571914 23.30949778981949
15.000881144903133 -13.579865499055087 0.28515625 0.47229004 [15.000881144903133,-13.579865499055087] -1.7675706165010074 0.4233118896313858 0.0010885184843971811 1.7123990499423186e-05 [2388.243164062,-764.3842773438] 3.9534887352677006 3.828720537045577 3.275659164104433 43.3443632210508 72.92194966646412
15.004098035930223 -13.580298317946925 0.28515625 0.47229004 [15.004098035930223,-13.580298317946925] -2.4317359161137517 0.6002583207316368 0.0007655832018931734 1.707808960422486e-05 [2393.865722656,-763.5727539062] 3.9534887352677006 3.828720537045577 3.275659164104433 43.344495447296595 72.76195202247072
14.612479313720662 -12.702228677289547 0.28710938 0.5109863 [14.612479313720662,-12.702228677289547] -1.8923789604443744 2.308985742927453 0.00019996118001869737 1.715835486101422e-05 [1714.926269531,-2347.28125] 3.5655128623111416 2.7387542199640875 3.2931573466433672 53.23014223628513 96.78095088715872
15.32094863931692 -13.5045441515364 0.29296875 0.5588379 [15.32094863931692,-13.5045441515364] -1.282284701596266 2.428410737543159 0.00019384737867075358 1.749406678851463e-05 [2948.992675781,-896.3481445312] 4.238834528511948 3.989959732785322 3.471463331130913 44.79912605511822 57.96790999962559
15.687148982059705 -15.26915261902501 0.26367188 0.30114746 [15.687148982059705,-15.26915261902501] 10.82681041216744 0.7214122973508328 0.0007114731160334162 1.9074393536909254e-05 [3561.345947266,2284.686767578] 4.603434949883663 4.869014672578652 2.546967462026075 24.76528923984904 21.958498750253966
15.34993264760221 -14.523983826071063 0.25390625 0.19329834 [15.34993264760221,-14.523983826071063] -7.2700826988232725 1.8713748906738068 0.00025503671964436693 1.7736675271239327e-05 [2986.411376953,938.9350585938] 4.676705382613149 4.672637214256057 2.9799776419109314 32.79414923502918 47.64304653076306
15.343614620332945 -14.526727584134731 0.25976562 0.25354004 [15.343614620332945,-14.526727584134731] -2.2585804928580893 0.35498076679664115 0.001342440497023722 1.7709592628348538e-05 [2975.370361328,943.7939453125] 4.605442095382813 4.699103008656232 2.9964519636561846 32.74894631784957 47.94304806809396
15.362498350385094 -14.504011041047741 0.25195312 0.16967773 [15.362498350385094,-14.504011041047741] -0.6159664556441667 1.078339623566497 0.0004460257372793876 1.7874100133370002e-05 [3008.568359375,903.1455078125] 4.677679382710392 4.638684184901867 2.9791661406176595 33.05563197674098 47.18415429232209
15.3458404466367 -14.520778745157228 0.2578125 0.23614502 [15.3458404466367,-14.520778745157228] 0.19981220836292402 1.2147231428550076 0.0003955377692643616 1.7855580284042644e-05 [2979.327148438,933.1147460938] 4.675731382515905 4.708841957703536 2.980789143204203 32.82374223099123 47.884250732916826
15.769728655881895 -11.513695953666497 0.296875 0.6130371 [15.769728655881895,-11.513695953666497] 49.54468840428388 0.19963893103380026 0.00358697690014075 2.661230663027683e-05 [3762.916259766,-4472.002929688] -1.56294398494049 -0.5014211307106988 2.934844417452948 69.22651234570787 52.89101549115867
15.741453179284806 -15.311404162468715 0.25585938 0.22406006 [15.741453179284806,-15.311404162468715] 3.0116880924066267 2.4475429782493534 0.00021166948490910565 1.9252949991434352e-05 [3654.844238281,2361.544921875] 4.512319428844953 4.812551786688314 2.522212862984208 24.402253521525495 18.526032873760414
15.475476319750314 -12.424912378516009 0.30273438 0.6767578 [15.475476319750314,-12.424912378516009] -6.969773997993523 1.4266611457228533 0.0003479482782781485 1.8447785007644386e-05 [3233.316162109,-2837.266601562] 3.0036674359687123 2.1317737673384283 3.32692836794904 57.87722272135386 59.07893217954825
15.69800282445008 -12.927521631724122 0.27539062 0.39953613 [15.69800282445008,-12.927521631724122] -12.538575604538522 0.7962114532649724 0.0006308016603792992 1.866508411576281e-05 [3617.113769531,-1929.625976562] 4.046511542285928 2.9928283366366832 3.302316799247736 52.36646007566344 44.95887431117444
15.731098187842273 -11.770280893194103 0.29882812 0.6335449 [15.731098187842273,-11.770280893194103] -6.4837533939019565 0.8765754250580352 0.000664379408122849 2.164283545025814e-05 [3691.420410156,-4011.16796875] -0.34057153450977934 0.3936235635893097 3.17562429955465 66.11482089733897 52.661200071273015
14.766072297285593 -15.41787143067138 0.2578125 0.24298096 [14.766072297285593,-15.41787143067138] 1.7662051715822826 0.9632047445740266 0.0004913792340579577 1.7589120142419448e-05 [1961.170898438,2541.560058594] 6.012722990971186 4.803396086194014 2.884968098928375 21.12457447166605 70.93273723943912
14.641300216319392 -14.12359704511005 0.24511719 0.1000061 [14.641300216319392,-14.12359704511005] -2.782874052154614 0.31500882006553194 0.0014491008390732452 1.6964068796522412e-05 [1755.118164062,211.1674804688] 4.632079984607315 5.918359922001318 3.092979065499227 36.325859626385295 87.14570442056629
14.6311950990523 -14.100852014912887 0.24511719 0.1000061 [14.6311950990523,-14.100852014912887] -1.045710427197345 0.2829925673655993 0.0016210855277263626 1.7048636887089193e-05 [1737.654785156,170.15234375] 4.569112069567717 5.929814092771231 3.1082448366638515 36.58248083241597 87.80605576815015
14.629955209301468 -14.097555166257756 0.24511719 0.1000061 [14.629955209301468,-14.097555166257756] -1.380823081061525 0.2501438276521562 0.0018361575440895678 1.7069014037724222e-05 [1735.515625,164.208984375] 4.569112069567717 5.929814092771231 3.1082448366638515 36.620005155393414 87.89017526307316
15.653593093372944 -11.572395588889496 0.3125 0.77075195 [15.653593093372944,-11.572395588889496] 1.8267109155844947 2.893060155685515 0.0002259804060275203 2.429612156267845e-05 [3557.468994141,-4368.240234375] -1.1841825964978876 -0.4427098860273535 3.0416853473644676 68.30959124502681 57.41490530964529
15.642441711496073 -11.568049676602493 0.30273438 0.67871094 [15.642441711496073,-11.568049676602493] -12.346932945679843 2.6682517519414213 0.0002476713632270148 2.4559035167732614e-05 [3537.871582031,-4376.22265625] -1.1641102825725433 -0.4717228211353157 3.050479932217227 68.34020011921325 57.92145792002384
14.925115604621697 -14.268977122900155 0.30078125 0.6604004 [14.925115604621697,-14.268977122900155] -9.038392412723866 0.5009909275705922 0.0009150326982912215 1.7036296037403143e-05 [2249.0,475.2465820312] 5.2539648964532955 5.790459218719045 2.9325797529378073 35.03336039674389 71.63706223328563
16.190870222045557 -13.505024067647083 0.26757812 0.29858398 [16.190870222045557,-13.505024067647083] -2.0257726584081275 1.5212248588768666 0.0003687119164219941 2.084439482328015e-05 [4470.492431641,-881.8530273438] 4.500619044563725 3.3202549452093244 3.1251394962683694 46.69425330229387 16.43800101753004
15.488688418067493 -16.475395220887243 0.24511719 0.1000061 [15.488688418067493,-16.475395220887243] -1.740596670512609 0.3528976501004494 0.001972393600252658 2.5867297286347566e-05 [3197.733398438,4451.819213867] 4.803577490779114 4.37683590607068 2.4511595304089657 10.133708250032328 17.808413902404936
15.483606378678564 -16.481466309923654 0.24511719 0.1000061 [15.483606378678564,-16.481466309923654] -0.7566579505491062 0.47483794260407536 0.001466001043813846 2.5869521589021664e-05 [3188.865966797,4462.66809082] 4.803577490779114 4.37683590607068 2.4511595304089657 10.04997657041713 18.02702763219895
15.478885626479535 -16.48845674077511 0.24511719 0.1000061 [15.478885626479535,-16.48845674077511] -2.6426868770280088 2.779535905785298 0.00025238037936129945 2.606973283912566e-05 [3180.607177734,4475.175170898] 4.803577490779114 4.37683590607068 2.4511595304089657 9.956375684645423 18.21193415268135
14.765765296258834 -15.327549897780644 0.24316406 0.1000061 [14.765765296258834,-15.327549897780644] -0.4110582423912443 0.31581415890899633 0.0014954833979767077 1.7551809480139052e-05 [1961.487792969,2379.026855469] 6.499743068475339 5.343438609802753 2.952947924277844 22.196669553947004 71.70598038687149
14.766587356219588 -15.325837197420924 0.24316406 0.1000061 [14.766587356219588,-15.325837197420924] -0.3333833213759663 0.44172185620950477 0.0010669312191119004 1.7514349616368566e-05 [1962.930664062,2375.951660156] 6.499743068475339 5.343438609802753 2.952947924277844 22.218372534191076 71.67467868451558
15.371993042060195 -12.78115372738726 0.2890625 0.53100586 [15.371993042060195,-12.78115372738726] 2.045184163457012 1.3022268759151008 0.0003721113473357144 1.800811565570414e-05 [3047.259765625,-2197.615234375] 4.311529853855517 3.488334809655747 3.23426682641316 53.46525196167897 61.15337617220575
15.990723631424743 -11.527486110678124 0.24511719 0.1000061 [15.990723631424743,-11.527486110678124] -8.786728562290804 2.0024531975413655 0.00034034934773579463 2.532771438483682e-05 [4152.199707031,-4443.510742188] -2.36610839775075 -0.5337596789811414 3.112857369543856 69.50932089705316 43.42203733940278
15.298774711551582 -12.029823509239584 0.29882812 0.6298828 [15.298774711551582,-12.029823509239584] 0.3004693808765819 1.2371877721504305 0.0004262793140265618 1.959921063578008e-05 [2927.217285156,-3550.36328125] 1.3857607374691316 0.8566199858768231 3.060616000831889 62.25150442541542 69.69644878469217
16.05837827396889 -13.416508637290368 0.26757812 0.303833 [16.05837827396889,-13.416508637290368] -10.699137015218133 2.9936255525685516 0.00017473891504040626 1.9439980061620755e-05 [4240.387207031,-1043.602539062] 4.161717564782648 3.067812893280885 3.008442492976019 47.40897206694194 23.60525457933045
15.348019652572084 -12.064563801328367 0.28320312 0.47375488 [15.348019652572084,-12.064563801328367] -6.253742311615085 0.7915347553594836 0.0006545896136752026 1.9255189728745353e-05 [3013.484130859,-3487.250976562] 1.7113081058421975 1.0420897586546483 3.084108422006373 61.92307768874025 67.29330452298245
15.420071602113682 -13.313621611716407 0.29101562 0.5439453 [15.420071602113682,-13.313621611716407] 0.6352599783276911 2.53226998153429 0.0001873562891606518 1.7631407617622152e-05 [3124.882080078,-1238.709472656] 4.284369941532514 3.9839976631582017 3.38286455834106 47.247447935314085 54.76515480519629
