data_processed/hvc_rms/hvc_rms_index_21_with_B.ecsv
# %ECSV 1.0
# ---
# datatype:
# - {name: ra_dec_obj.ra, unit: deg, datatype: float64}
# - {name: ra_dec_obj.dec, unit: deg, datatype: float64}
# - {name: 'H-alpha flux [Error]', unit: R, datatype: float32}
# - {name: H-alpha flux, unit: R, datatype: float32}
# - {name: ra_dec_deg, datatype: string, subtype: 'float64[2]'}
# - {name: RM, unit: rad / m2, datatype: float64}
# - {name: RM_uncert, unit: rad / m2, datatype: float64}
# - {name: pol_int, datatype: float64}
# - {name: pol_int_uncert, datatype: float64}
# - {name: ra_dec_pix_offsets, datatype: string, subtype: 'float64[2]'}
# - {name: interpolation_raw, unit: rad / m2, datatype: float64}
# - {name: interpolation_cor, unit: rad / m2, datatype: float64}
# - {name: interpolation_unc, unit: rad / m2, datatype: float64}
# - {name: pixel location x, datatype: float64}
# - {name: pixel location y, datatype: float64}
# - {name: 'B_virtual [raw]', unit: G, datatype: float64}
# - {name: 'B_virtual_unc [raw]', unit: G, datatype: float64}
# - {name: 'B_virtual [int]', unit: G, datatype: float64}
# - {name: 'B_virtual_unc [int]', unit: G, datatype: float64}
# - {name: 'B_virtual [cor]', unit: G, datatype: float64}
# - {name: 'B_virtual_unc [cor]', unit: G, datatype: float64}
# meta: !!omap
# - __serialized_columns__:
#     ra_dec_obj:
#       __class__: astropy.coordinates.sky_coordinate.SkyCoord
#       dec: !astropy.table.SerializedColumn
#         __class__: astropy.coordinates.angles.Latitude
#         unit: &id001 !astropy.units.Unit {unit: deg}
#         value: !astropy.table.SerializedColumn {name: ra_dec_obj.dec}
#       frame: icrs
#       ra: !astropy.table.SerializedColumn
#         __class__: astropy.coordinates.angles.Longitude
#         unit: *id001
#         value: !astropy.table.SerializedColumn {name: ra_dec_obj.ra}
#         wrap_angle: !astropy.coordinates.Angle
#           unit: *id001
#           value: 360.0
#       representation_type: spherical
# schema: astropy-2.0
ra_dec_obj.ra ra_dec_obj.dec "H-alpha flux [Error]" "H-alpha flux" ra_dec_deg RM RM_uncert pol_int pol_int_uncert ra_dec_pix_offsets interpolation_raw interpolation_cor interpolation_unc "pixel location x" "pixel location y" "B_virtual [raw]" "B_virtual_unc [raw]" "B_virtual [int]" "B_virtual_unc [int]" "B_virtual [cor]" "B_virtual_unc [cor]"
[from data line 1873]
183.6752476648456 -69.85224151615063 3.625 24.3125 [183.6752476648456,-69.85224151615063] -25.952932755552116 1.2849388134132576 0.00036680796148205356 1.7515797042318404e-05 [-2011.5625,734.0493164062] 28.815639519246222 40.098366122600545 22.28407314277574 11.511231318180194 20.936365924312668 -1.3903375950554808e-06 4.144450497729002e-07 -2.934034691893359e-06 1.2992592937808583e-06 -3.5384673053142932e-06 1.3196614460975345e-06
183.67128001391816 -69.85105886275551 3.625 24.3125 [183.67128001391816,-69.85105886275551] -25.61590174314191 1.5332528260915417 0.0003076651240619582 1.7530760065318792e-05 [-2014.131835938,732.0541992188] 28.815639519246222 40.098366122600545 22.28407314277574 11.522928187853722 20.95477474330096 -1.3722823374217063e-06 4.160430322135349e-07 -2.915979434259584e-06 1.2994770047761342e-06 -3.520412047680519e-06 1.3197628602341034e-06
181.5701748675877 -68.32544723568289 4.59375 33.90625 [181.5701748675877,-68.32544723568289] -109.16631017833535 0.534195584899839 0.0009537765344232457 1.893457802101783e-05 [-3552.440429688,-1911.904296875] 19.817583752653807 2.575235084165394 22.68762808787793 28.161536302523473 32.82971875929502 -4.952190990038451e-06 6.423469094019025e-07 -5.851190503202368e-06 1.262969134820112e-06 -5.069013258375645e-06 1.2193062605560375e-06
181.8163454096553 -66.97048949803164 5.0625 38.484375 [181.8163454096553,-66.97048949803164] -6.6954954975893015 0.6376984870270564 0.0011004705352431002 2.6079695039768556e-05 [-3590.243164062,-4355.1171875] 32.01607932680781 0.71518669494737 30.01894308286499 44.37008495622217 34.54400509868037 -2.8509469599539183e-07 3.0097733683352e-07 -1.6483417336383861e-06 1.3255781375341697e-06 -3.1554739862948093e-07 1.3132526237843567e-06
181.8209692711092 -66.96690384230347 5.0625 38.484375 [181.8209692711092,-66.96690384230347] -3.228760106138954 0.7234891056806887 0.0009707222591364938 2.6099710333916123e-05 [-3587.528320312,-4361.814453125] 32.01607932680781 0.71518669494737 30.01894308286499 44.41619058374317 34.529929805543816 -1.3748084532849868e-07 3.000399362591019e-07 -1.5007278829714932e-06 1.323477568723734e-06 -1.679335479625878e-07 1.3129955608843521e-06
178.85996995917185 -69.98952471689982 3.203125 19.984375 [178.85996995917185,-69.98952471689982] -92.33965093510328 0.8003395492212864 0.0008110718403722232 2.412361034094148e-05 [-4949.056640625,1254.450195312] 24.10534982940568 45.379377794276195 21.937977662349375 6.315344323994168 40.30963066179993 -5.456216284692061e-06 7.782403625584984e-07 -6.880566506460151e-06 1.5941132707426103e-06 -8.137618018431963e-06 1.6779042740495945e-06
183.9532007182489 -68.00353978862279 4.84375 36.484375 [183.9532007182489,-68.00353978862279] 16.704395302158737 1.2806784755804763 0.0003865175380356828 1.8395771996231345e-05 [-2000.359375,-2598.165039062] 22.68663851111879 -8.573975198308776 22.668644960791383 33.643488425631745 22.883934412013787 7.305096167953324e-07 3.217464691611279e-07 -2.616129536631077e-07 1.039446577570154e-06 1.1054631079713826e-06 1.046363574164744e-06
185.07974287072562 -68.1151196824573 4.875 36.703125 [185.07974287072562,-68.1151196824573] -28.804162469371995 1.103387198017811 0.00044400057536174073 1.8206236369987224e-05 [-1235.546875,-2427.33984375] 28.052398075331123 5.070224710938504 23.78052698412996 32.971065017735896 17.678844443483058 -1.2558922044299397e-06 3.3940884107091283e-07 -2.4790066794935823e-06 1.1168794880556767e-06 -1.4769594094197241e-06 1.0944530794589354e-06
187.45677213778913 -70.1066971081836 3.453125 22.507812 [187.45677213778913,-70.1066971081836] 44.68388061571516 0.9477639019271148 0.0005032458339097291 1.772511472819685e-05 [327.876953125,1140.042480469] 20.973482293810598 36.8481513806293 21.77283853721412 10.24811178214361 5.029239833138718 2.4878997284776717e-06 4.911654842303056e-07 1.3201425823883692e-06 1.2839937198884894e-06 4.362760881054393e-07 1.2755116712955412e-06
179.28060865584078 -69.90294646338165 3.203125 20.039062 [179.28060865584078,-69.90294646338165] -135.51654178576487 1.790248446335925 0.00032882837652317503 2.1877177827439928e-05 [-4711.865234375,1066.680664062] 26.203767971415605 45.542527966469606 21.80671438065734 7.700611423735381 38.8282568470288 -7.996542407999406e-06 1.0526987695035511e-06 -9.542770927939485e-06 1.7767511612077565e-06 -1.0683909953336428e-05 1.868485474809446e-06
178.86894194950267 -69.39501200235992 3.53125 23.335938 [178.86894194950267,-69.39501200235992] -70.3033750174971 0.5183218011113885 0.0012748733166738251 2.455699436574173e-05 [-5084.198242188,192.8852539062] 26.692102026694975 27.95972039023689 21.908201729219584 13.28758397933882 41.83391681771968 -3.84425494953333e-06 5.929737343548338e-07 -5.3038042998174795e-06 1.4040355023665135e-06 -5.373118869238258e-06 1.4076742611396806e-06
178.82949786179384 -69.39197527905777 3.53125 23.335938 [178.82949786179384,-69.39197527905777] -74.03623564395086 0.7151837964210666 0.000926675097030948 2.4629401677386364e-05 [-5109.657226562,190.7534179688] 26.692102026694975 27.95972039023689 21.908201729219584 13.28698804267924 42.005744634944676 -4.0483712943829405e-06 6.120584658212204e-07 -5.5079206446670894e-06 1.415115051494971e-06 -5.5772352140878684e-06 1.4188632529032912e-06
185.45930422060624 -68.2817459820055 4.53125 33.203125 [185.45930422060624,-68.2817459820055] -49.969001479774036 2.7012282431337913 0.00018004621116624763 1.8073987256098976e-05 [-973.8779296875,-2134.454101562] 28.235762630432944 5.356053861307012 23.937630773748968 31.185317631248495 15.754116394567063 -2.2906557433700107e-06 4.3039133600969626e-07 -3.585026451658297e-06 1.2191802969199068e-06 -2.5361854753212905e-06 1.185117906261344e-06
187.41192603882365 -67.47431199593186 4.5 32.953125 [187.41192603882365,-67.47431199593186] -4.552895452196769 1.4494705550553975 0.000363764612952666 1.9594696861964945e-05 [338.095703125,-3597.575195312] 37.04183436174984 7.652996604991269 27.85828361060907 41.706974646941944 7.912130555230533 -2.0950192078428156e-07 3.2978896418172403e-07 -1.9139854806726243e-06 1.3409786898973235e-06 -5.616552933656038e-07 1.324952138869055e-06
181.56771845840382 -70.36938477712 3.4375 22.40625 [181.56771845840382,-70.36938477712] -138.87224326155888 3.008067048369226 0.00016649443895027483 1.861212444661954e-05 [-3232.771484375,1753.049316406] 31.385074536115173 50.17567942913503 20.488346026632428 4.0131334282935995 28.5045587354457 -7.749603741973155e-06 1.0102508138124175e-06 -9.501011261250337e-06 1.6584054837929941e-06 -1.0549599075293337e-05 1.7447991327720164e-06
180.12631150874805 -70.24436190645055 3.296875 21.015625 [180.12631150874805,-70.24436190645055] -67.4799774531678 0.4937687295270278 0.0010940074342630118 2.007486155626716e-05 [-4124.573242188,1615.829589844] 26.149309455395507 49.554923258348055 20.412634586942833 4.397116227843981 34.567191553311886 -3.8882341278070455e-06 6.156071432862525e-07 -5.394971997030848e-06 1.400623296641382e-06 -6.7436165847394286e-06 1.4815769353956902e-06
180.12205545115788 -70.24152369195342 3.296875 21.015625 [180.12205545115788,-70.24152369195342] -70.29526706150848 1.723015551349125 0.0003133939201179328 2.006727800466742e-05 [-4127.713867188,1611.040039062] 26.149309455395507 49.554923258348055 20.412634586942833 4.427081540338349 34.59107937256522 -4.050452693194205e-06 6.374746945985041e-07 -5.5571905624180076e-06 1.4128392433027916e-06 -6.905835150126587e-06 1.4952175643428799e-06
186.98103331734643 -67.25107564855955 4.5 33.125 [186.98103331734643,-67.25107564855955] 138.97041761305235 2.4570040171416494 0.00024015751648829323 2.1928592317932953e-05 [41.341796875,-4000.455078125] 41.16584314151194 13.764252584592871 28.4173963348669 44.20003627255869 10.137717505836235 6.378125395525556e-06 7.956952665104547e-07 4.488795895918161e-06 1.4398349654911195e-06 5.746407289844519e-06 1.495585116670048e-06
184.00833143129339 -67.15377067694847 4.84375 36.578125 [184.00833143129339,-67.15377067694847] 142.90568054092486 0.583719202896302 0.0010893862779598805 2.3631679308438044e-05 [-2035.138671875,-4126.971679688] 37.97572284764923 1.684330165762912 30.31456929240589 43.77811650176909 24.044305948372312 6.241477464862494e-06 7.618682142392453e-07 4.582868671508139e-06 1.4523436369833662e-06 6.167913497823502e-06 1.5238220276478823e-06
184.0118256990829 -67.15862272565803 4.8125 36.0625 [184.0118256990829,-67.15862272565803] 155.09457959624442 0.3939371470690813 0.0016049059338068036 2.349552866133193e-05 [-2032.291015625,-4118.37109375] 39.26524004867761 2.155346301715195 30.167301924013934 43.72267937812808 24.02010975198459 6.822088340494918e-06 8.241934686037524e-07 5.094942639980029e-06 1.4770776920423512e-06 6.7272819139070985e-06 1.556916317517057e-06
187.15167222504866 -69.76509846390131 3.625 24.1875 [187.15167222504866,-69.76509846390131] 58.92012894065631 0.6939992695529009 0.0006878320155526348 1.7739856521401585e-05 [143.31640625,524.0258789062] 19.90602174649092 29.45965833300027 21.681301861520875 14.222738389169876 6.6490630661455725 3.1645854837775162e-06 5.292399522645443e-07 2.0954380024108024e-06 1.2486062620160058e-06 1.5823145554237139e-06 1.2381982332163982e-06
186.0616452887971 -67.47402197102899 4.46875 32.625 [186.0616452887971,-67.47402197102899] 70.01981159093111 1.1354636903302964 0.00047610899592568246 2.0090388800994437e-05 [-593.005859375,-3595.26171875] 34.334419484345354 -0.851623474281169 25.93448474581601 41.11920815781707 14.112617304185733 3.2381302359044305e-06 4.915959928961789e-07 1.6503036002942781e-06 1.2573231696793677e-06 3.2775143424739637e-06 1.2974678173153113e-06
188.9538876411525 -66.91535199226688 5.59375 43.953125 [188.9538876411525,-66.91535199226688] 418.0765204254025 0.5488714405138982 0.001402545504297386 2.8608579693687415e-05 [1433.97265625,-4580.463867188] 34.038381420572584 32.48987203188578 30.177102358014984 48.91814901804173 1.227900206378763 1.6657488916083874e-05 1.8572344709220679e-06 1.5301292302464688e-05 2.0900702482419666e-06 1.5362989806912573e-05 2.095561687302831e-06
188.9544523790192 -66.92411786822618 5.59375 43.953125 [188.9544523790192,-66.92411786822618] 425.5924294033673 2.271115594303865 0.0003368090188529338 2.8427040924320177e-05 [1433.856445312,-4564.696289062] 34.038381420572584 32.48987203188578 30.177102358014984 48.813314367023395 1.2188328642184842 1.6956946466025577e-05 1.8919102946006242e-06 1.560074985240639e-05 2.118615160566272e-06 1.5662447356854276e-05 2.1241384776794782e-06
184.10366884084706 -68.26767737437756 4.1875 30.0 [184.10366884084706,-68.26767737437756] 27.936158073543524 0.05661127012634308 0.008651060306657809 1.8200400362277156e-05 [-1877.340820312,-2128.145507812] 30.788407230923816 5.147778458912173 23.666876465933917 30.59613993329424 21.77772175393261 1.3472701456134831e-06 3.708322090977413e-07 -1.3755471054657633e-07 1.1903606582943178e-06 1.0990095145107168e-06 1.1968206131823745e-06
180.8746035114771 -69.27085864575191 3.828125 26.296875 [180.8746035114771,-69.27085864575191] -183.00851755663754 3.295908722305016 0.00015582546252707597 1.9086324511237472e-05 [-3845.39453125,-175.556640625] 25.162268957000954 23.456167249705473 21.946119847924862 16.458142364730293 33.75520334750786 -9.42687755898937e-06 1.1616605668794713e-06 -1.0723000994832174e-05 1.7254852187321867e-06 -1.0635118681415368e-05 1.7181825760020992e-06
182.88221796084486 -70.32842257070908 3.546875 23.414062 [182.88221796084486,-70.32842257070908] -57.812596632694586 0.8434339237790123 0.0005659720640204253 1.7740046881923426e-05 [-2445.450195312,1618.515136719] 30.531961507628417 51.53621027811555 21.122635673166123 5.377164126160551 23.3070784981644 -3.1559689631101292e-06 5.347512929319426e-07 -4.8226978165665305e-06 1.341474134342515e-06 -5.96931224100173e-06 1.4038427994780092e-06
183.88420179490143 -69.56170662172654 4.15625 29.5 [183.88420179490143,-69.56170662172654] -31.046482844333056 0.5148259823487973 0.0009066311291781677 1.7346017751313765e-05 [-1908.209960938,205.0844726562] 28.534902437811894 31.00767349347123 21.18764962668781 15.085627021288246 20.566078264434736 -1.509906426928554e-06 3.8249673234185333e-07 -2.8976653173207325e-06 1.134899868311078e-06 -3.0179254101622784e-06 1.1389866055655756e-06
183.8654321945197 -69.56201943466196 4.15625 29.5 [183.8654321945197,-69.56201943466196] -31.74532333337453 0.8273934761226099 0.0005616664121595642 1.7270274843137814e-05 [-1919.962890625,206.234375] 28.534902437811894 31.00767349347123 21.18764962668781 15.070898562099728 20.64399522710164 -1.543893650250832e-06 3.855538966127205e-07 -2.9316525406430107e-06 1.136476123961395e-06 -3.0519126334845557e-06 1.1406040231700144e-06
180.1468659954565 -70.05540479993104 3.359375 21.664062 [180.1468659954565,-70.05540479993104] -110.7917805961113 2.3717248766569745 0.0002237609645030344 1.9722289860386597e-05 [-4149.90234375,1276.439453125] 27.00825718995073 48.01133860813849 20.851325780073132 6.636370124899258 34.93692759124815 -6.2876191276944766e-06 8.566311814172693e-07 -7.820382962696751e-06 1.5618186118508584e-06 -9.012343013839362e-06 1.64997213528261e-06
182.04092478525752 -69.78383629126056 3.75 25.539062 [182.04092478525752,-69.78383629126056] -124.23241394394906 1.0218217438252943 0.00047236788793785867 1.7937594799681335e-05 [-3032.088867188,678.5815429688] 29.889365907137936 37.89945709447375 21.337654258083028 11.267869816744792 27.801972477920117 -6.493533460725927e-06 8.399674100499193e-07 -8.05582780465978e-06 1.5020252327765922e-06 -8.47450915759476e-06 1.5327895045880154e-06
182.04118418562868 -69.78683481040132 3.765625 25.71875 [182.04118418562868,-69.78683481040132] -121.33154131669905 0.8806082477929491 0.0005454397235838955 1.7849999805321353e-05 [-3031.497070312,683.9487304688] 29.85070774146451 38.73603981606908 20.734660518427063 11.23258249289313 27.794796266411595 -6.3197139381417825e-06 8.201166545904778e-07 -7.874527564754521e-06 1.4615111957910834e-06 -8.337331847528174e-06 1.4956602516701598e-06
187.87623617457785 -70.20018769838676 3.515625 23.09375 [187.87623617457785,-70.20018769838676] 32.193785690804155 2.2036003160660353 0.00021649151651484475 1.7728925368552937e-05 [582.1372070312,1311.415039062] 21.460581296947286 33.966542780086364 21.9030954256813 9.268736620070626 3.219980450833873 1.769593249281515e-06 4.541207170635195e-07 5.899711895004971e-07 1.271628569787216e-06 -9.744299747593259e-08 1.2697776248879443e-06
187.8455048552952 -70.19677726050354 3.5 22.921875 [187.8455048552952,-70.19677726050354] 2.139729901830989 1.0268255388881316 0.0004658435169266608 1.7776465765182594e-05 [563.4951171875,1304.990234375] 21.231335109439353 34.75786049942513 21.80565926418831 9.299767717135865 3.3487965192866795 1.1805449291012938e-07 3.9058993556057623e-07 -1.0533337734337162e-06 1.2709093236200533e-06 -1.7996275436821505e-06 1.2825236371513045e-06
186.3277895121856 -68.15855396409161 4.25 30.359375 [186.3277895121856,-68.15855396409161] 95.4996749802247 0.8284139861737143 0.0005825640473869661 1.793493489725456e-05 [-397.6381835938,-2365.870117188] 26.19879170143815 2.510612735675437 24.261538475649317 33.07417476043895 12.053346992526485 4.578298601649435e-06 6.218270564475803e-07 3.322316406564095e-06 1.2690547870449078e-06 4.457938665561628e-06 1.3135274216565933e-06
