data_processed/hvc_rms/hvc_rms_index_24_with_B.ecsv
# %ECSV 1.0
# ---
# datatype:
# - {name: ra_dec_obj.ra, unit: deg, datatype: float64}
# - {name: ra_dec_obj.dec, unit: deg, datatype: float64}
# - {name: 'H-alpha flux [Error]', unit: R, datatype: float32}
# - {name: H-alpha flux, unit: R, datatype: float32}
# - {name: ra_dec_deg, datatype: string, subtype: 'float64[2]'}
# - {name: RM, unit: rad / m2, datatype: float64}
# - {name: RM_uncert, unit: rad / m2, datatype: float64}
# - {name: pol_int, datatype: float64}
# - {name: pol_int_uncert, datatype: float64}
# - {name: ra_dec_pix_offsets, datatype: string, subtype: 'float64[2]'}
# - {name: interpolation_raw, unit: rad / m2, datatype: float64}
# - {name: interpolation_cor, unit: rad / m2, datatype: float64}
# - {name: interpolation_unc, unit: rad / m2, datatype: float64}
# - {name: pixel location x, datatype: float64}
# - {name: pixel location y, datatype: float64}
# - {name: 'B_virtual [raw]', unit: G, datatype: float64}
# - {name: 'B_virtual_unc [raw]', unit: G, datatype: float64}
# - {name: 'B_virtual [int]', unit: G, datatype: float64}
# - {name: 'B_virtual_unc [int]', unit: G, datatype: float64}
# - {name: 'B_virtual [cor]', unit: G, datatype: float64}
# - {name: 'B_virtual_unc [cor]', unit: G, datatype: float64}
# meta: !!omap
# - __serialized_columns__:
#     ra_dec_obj:
#       __class__: astropy.coordinates.sky_coordinate.SkyCoord
#       dec: !astropy.table.SerializedColumn
#         __class__: astropy.coordinates.angles.Latitude
#         unit: &id001 !astropy.units.Unit {unit: deg}
#         value: !astropy.table.SerializedColumn {name: ra_dec_obj.dec}
#       frame: icrs
#       ra: !astropy.table.SerializedColumn
#         __class__: astropy.coordinates.angles.Longitude
#         unit: *id001
#         value: !astropy.table.SerializedColumn {name: ra_dec_obj.ra}
#         wrap_angle: !astropy.coordinates.Angle
#           unit: *id001
#           value: 360.0
#       representation_type: spherical
# schema: astropy-2.0
ra_dec_obj.ra ra_dec_obj.dec "H-alpha flux [Error]" "H-alpha flux" ra_dec_deg RM RM_uncert pol_int pol_int_uncert ra_dec_pix_offsets interpolation_raw interpolation_cor interpolation_unc "pixel location x" "pixel location y" "B_virtual [raw]" "B_virtual_unc [raw]" "B_virtual [int]" "B_virtual_unc [int]" "B_virtual [cor]" "B_virtual_unc [cor]"
[from data line 109]
214.34580982267605 -34.24523931036507 1.3671875 1.6337891 [214.34580982267605,-34.24523931036507] -24.379109281045878 0.551639648197121 0.0007929869598649502 1.6256618784023696e-05 [310.314453125,2941.415283203] -25.234598576411635 -27.564068199064245 7.021003364767821 25.06617375586984 35.938936071792796 -5.038119636634877e-06 2.5990214674037383e-06 1.7679306361139752e-07 2.053437425988584e-06 6.581948455032036e-07 2.0712875005271293e-06
215.83499156209226 -32.073978353387616 1.3203125 1.2387695 [215.83499156209226,-32.073978353387616] -25.39617137122852 2.8069258342850274 0.00015877040043477738 1.6561862738271966e-05 [2589.072265625,-946.0859375] -16.188518846364282 -16.11671184495854 6.500389466240534 43.60716517059882 9.610579001289807 -6.02728358699692e-06 3.7168606546150096e-06 -2.185255884702291e-06 2.641712977605438e-06 -2.2022978692864164e-06 2.645843580277346e-06
215.17683406135762 -34.68731311859813 1.2734375 0.7675781 [215.17683406135762,-34.68731311859813] -24.584315951446122 1.3283263554661988 0.0003910326323465756 1.930307483226591e-05 [1538.584472656,3743.939941406] -23.993414981717855 -26.378429961561444 7.758595985164147 17.118336753773292 29.641519569140428 -7.412171652421877e-06 6.547053174357813e-06 -1.7815665182056132e-07 3.1794080845346558e-06 5.409254027345627e-07 3.2078413683392923e-06
212.68840023203987 -32.75529488644411 1.3828125 1.8173828 [212.68840023203987,-32.75529488644411] -28.3825503486843 2.0919607898943684 0.00020757785078004263 1.6137760075131094e-05 [-2193.034179688,274.5693359375] -29.764175460014666 -28.31013957830395 6.690724380252294 47.6196890404035 46.284122922896586 -5.561306652512331e-06 2.6031084765730444e-06 2.7071707188130935e-07 1.94400615095199e-06 -1.4188242215113594e-08 1.941131048110874e-06
212.17749013918015 -32.219593088396515 1.4140625 2.1611328 [212.17749013918015,-32.219593088396515] -14.513258926635213 2.5820640854142796 0.00017207521820887677 1.651178591631078e-05 [-2983.8125,-677.123046875] -26.138032113573857 -24.079748336747024 6.512205703330419 55.412732646882205 49.33905143740094 -2.60779140141712e-06 1.6063119421446689e-06 2.0887785240768926e-06 1.9154138910380013e-06 1.71893914051607e-06 1.8726121330119052e-06
212.33641034827102 -32.335113523896254 1.3984375 1.9589844 [212.33641034827102,-32.335113523896254] -7.999889501502691 2.9167506818263855 0.00014998414318319572 1.625748483865008e-05 [-2738.4453125,-473.5004882812] -25.477731397204323 -24.70034917488098 6.44870350398179 53.56743420560406 48.144780945795674 -1.5097920580452713e-06 1.5353011150933992e-06 3.2985339211178544e-06 2.2369048210018717e-06 3.151821206509871e-06 2.208056685995067e-06
212.93533332621473 -33.5729065132707 1.3984375 1.9863281 [212.93533332621473,-33.5729065132707] -55.676548795534444 3.0697984266882954 0.0001415180533952574 1.6144715951496663e-05 [-1802.435546875,1741.431640625] -27.20860054721097 -29.607757134721204 6.8837284054372105 37.54975282095302 47.41087828309924 -1.0435071885519751e-05 4.053084011158906e-06 -5.335551373621379e-06 2.73405014574191e-06 -4.885893986500869e-06 2.6207383153481512e-06
213.28520195208554 -34.8612099307799 1.2265625 0.2652588 [213.28520195208554,-34.8612099307799] -56.70195711908336 3.288375937098738 0.0001728757677163133 2.112634105059888e-05 [-1258.40625,4054.269042969] -30.755116237464613 -36.24463261416257 7.257013412407368 21.834914593223175 49.65747999433847 -2.9081164436083363e-05 6.740370854929777e-05 -1.3307553823769024e-05 3.126727117498662e-05 -1.0492103766374134e-05 2.4878142117460437e-05
213.10389692597167 -34.28429034088163 1.3125 1.0966797 [213.10389692597167,-34.28429034088163] -50.42775046592235 2.2627423699868094 0.0001994392063020816 1.6770821997582265e-05 [-1536.786132812,3018.854248047] -29.92077796721279 -34.443958780015464 7.031956036474323 28.952958528173895 48.89787211129487 -1.2719742793776431e-05 7.917582197211906e-06 -5.172616530632336e-06 4.048068509138352e-06 -4.031703124481604e-06 3.5413966095209113e-06
215.29313652864283 -32.398380321707876 1.34375 1.4233398 [215.29313652864283,-32.398380321707876] -27.081292526933257 3.0456329305796603 0.00014111506587895787 1.5972012654278195e-05 [1756.585449219,-373.2954101562] -18.962281953498294 -17.035879404213155 6.648002511213827 42.131464214508924 16.977884020185 -5.996028924336158e-06 3.3405100196288886e-06 -1.7976181228016138e-06 2.4019902921329164e-06 -2.2241400620311012e-06 2.4830777426132764e-06
212.1455687807227 -32.15823734004537 1.40625 2.0429688 [212.1455687807227,-32.15823734004537] -17.876259985654862 3.0394262977431006 0.00014839791149500798 1.6762087708053212e-05 [-3034.439453125,-786.6376953125] -26.244647032578328 -23.8793214945861 6.505513375711759 56.21492428243732 49.40762522506975 -3.303653075025985e-06 1.8358210063509097e-06 1.5465342092116348e-06 1.9331722180189627e-06 1.1094061414113133e-06 1.8947902145936182e-06
213.46505736461162 -32.322917829443945 1.3359375 1.3769531 [213.46505736461162,-32.322917829443945] -16.50640529591317 2.582044969492022 0.00016597366016464496 1.5926182072425773e-05 [-1022.47265625,-515.4262695312] -27.87529591926492 -25.303260314333784 6.996788503632812 49.767801725319714 35.96719746889062 -3.71570785629414e-06 2.486304323234061e-06 2.5592171917041188e-06 2.626001658848013e-06 1.9802338980928145e-06 2.501217815357194e-06
217.23112496071224 -33.11993414765875 1.28125 0.8413086 [217.23112496071224,-33.11993414765875] 8.111517032663736 1.7706008423500312 0.00034051150612075223 2.2405836435940648e-05 [4661.887451172,983.7719726562] 2.5223042874227355 -4.845631197456248 6.268662444045021 26.474200218339774 0.7517818523369897 2.3360011707140907e-06 2.744468865266721e-06 1.6096135240395975e-06 3.0176387918014536e-06 3.7314738183736058e-06 3.971035734311976e-06
212.63786309074277 -32.634868703678755 1.421875 2.2509766 [212.63786309074277,-32.634868703678755] -22.316518455515304 2.6274896629668025 0.0001651677177719907 1.6127791014649577e-05 [-2272.576171875,58.88525390625] -27.646117115034254 -26.55293611812096 6.383065092467383 49.152241493486144 46.27265905431932 -3.929068405694642e-06 1.843324362094017e-06 9.383344337464621e-07 1.7580614763621997e-06 7.458679016016919e-07 1.7480903018333003e-06
212.15586883368601 -32.214344103363956 1.4140625 2.1611328 [212.15586883368601,-32.214344103363956] -18.483336306247015 2.96436358821931 0.0001510154323183653 1.6636482347873104e-05 [-3016.892578125,-685.958984375] -26.138032113573857 -24.079748336747024 6.512205703330419 55.54519800235266 49.54948815996113 -3.321148319105114e-06 1.7707747382814018e-06 1.375421606388898e-06 1.8581587284787304e-06 1.0055822228280756e-06 1.8306746692795683e-06
213.49719242270623 -32.26838678880443 1.3359375 1.3823242 [213.49719242270623,-32.26838678880443] -19.08443590577976 3.260877263771756 0.0001329218836553046 1.6107926636951754e-05 [-974.1821289062,-613.880859375] -27.743920846274655 -25.084780146019824 7.012947448592779 50.26491605000251 35.36332926136947 -4.2876862979807475e-06 2.729791025094769e-06 1.9455201668122634e-06 2.531213770980209e-06 1.3480929648150286e-06 2.4354963295551957e-06
214.0976715318035 -32.98264326292785 1.3515625 1.5175781 [214.0976715318035,-32.98264326292785] -28.501583234190537 2.7906603728492745 0.000152378521659536 1.580299652032057e-05 [-59.78515625,668.8452148438] -25.15476716394702 -24.150255534438397 6.529952749555061 40.09216828724857 32.43463289803003 -6.111419429805212e-06 3.2124254719864496e-06 -7.176372130490684e-07 2.1628122284391076e-06 -9.330284718293861e-07 2.1797105171886707e-06
215.0287781110714 -32.51368337497361 1.3671875 1.6694336 [215.0287781110714,-32.51368337497361] -31.491717981194217 3.072030928857019 0.0001412408074341205 1.6124805269888125e-05 [1353.141601562,-169.6240234375] -20.62240320937177 -18.320001836036184 6.3123380573748475 41.86299354614994 20.33884083661087 -6.4381399574758185e-06 3.1189831282845704e-06 -2.2221134389886523e-06 2.2306261538762295e-06 -2.692814411500566e-06 2.3199854249932968e-06
213.50085439658514 -34.27341462062205 1.375 1.7382812 [213.50085439658514,-34.27341462062205] -45.76965954511187 1.6735173678613082 0.0002646601639222646 1.6459911816629894e-05 [-946.595703125,2994.646728516] -28.91484712890221 -32.97884131046269 6.957629319553075 27.71862056673058 44.750556506896146 -9.169935762266995e-06 3.98920850685675e-06 -3.37685594950442e-06 2.428682639325215e-06 -2.562636093960039e-06 2.2589487222215593e-06
213.49443045536938 -34.28319166062257 1.375 1.7382812 [213.49443045536938,-34.28319166062257] -44.04781515301952 3.270741307288313 0.0001354776565713077 1.6467306722667447e-05 [-956.0390625,3012.295166016] -28.91484712890221 -32.97884131046269 6.957629319553075 27.630765221408183 44.86197577631037 -8.824964822456001e-06 3.899929571813127e-06 -3.0318850096934247e-06 2.419039551704472e-06 -2.2176651541490443e-06 2.26903645453575e-06
212.95675676683 -34.50982663190911 1.2109375 0.1000061 [212.95675676683,-34.50982663190911] -47.518540127423805 2.0480390389276018 0.00023503790941272772 1.788894996903308e-05 [-1750.852539062,3426.875732422] -31.462990881385014 -35.82951126230977 7.071250220965912 26.903674219190634 51.43758530680134 -3.969158763344078e-05 0.0002404092439077377 -1.341098102326575e-05 8.164544779203232e-05 -9.763686180285977e-06 5.9724836530384086e-05
212.91162125598242 -32.117862624413725 1.375 1.7573242 [212.91162125598242,-32.117862624413725] -18.049381249263174 2.5105439066841324 0.00017212214431872717 1.605880676247873e-05 [-1868.389648438,-876.9736328125] -23.78022798415043 -23.522755105575875 6.337540140347112 54.03369276192052 40.93934695603866 -3.5965409165922403e-06 2.0688958286261004e-06 1.1419352544056024e-06 2.0001686211199e-06 1.0906309060782064e-06 1.995549047473136e-06
212.81834435842342 -31.95698540729481 1.34375 1.4082031 [212.81834435842342,-31.95698540729481] -15.641079308950538 1.9447412548922072 0.00022265106140860336 1.6091454449453904e-05 [-2014.094726562,-1164.813476562] -24.577726612452533 -23.79675508018181 6.219166901701591 56.172884067004816 41.19502448164894 -3.481630678346689e-06 2.339411537759207e-06 1.9892556516628527e-06 2.3376430094819396e-06 1.8154150622788962e-06 2.304052020335621e-06
213.4219664814079 -33.22743995592299 1.359375 1.5922852 [213.4219664814079,-33.22743995592299] 17.003133852857253 0.8520559113413563 0.0005006404774685726 1.585268233148014e-05 [-1076.999511719,1113.081054688] -25.122939310043215 -25.980348803650816 5.783807582010353 39.75729637678023 40.700726446437784 3.559321227195851e-06 2.1424358936173156e-06 8.818387699860442e-06 4.294685610070077e-06 8.9978720135997e-06 4.364961911067902e-06
215.64608771256763 -31.84374821061824 1.2890625 0.8647461 [215.64608771256763,-31.84374821061824] -30.00414736368029 3.0480282034088413 0.00014533530509052068 1.646261459304807e-05 [2306.83203125,-1364.774902344] -20.47074882538489 -17.823957520003926 6.44920751410231 46.9000520291645 10.395275269103195 -8.522865199937369e-06 6.756129671840687e-06 -2.7080213163306274e-06 3.491801412175815e-06 -3.459858895139308e-06 3.847906720147396e-06
214.05284122737038 -35.10617449911458 1.25 0.4876709 [214.05284122737038,-35.10617449911458] -36.880633255871594 2.6150602911679304 0.00024453628422287744 2.3764775612396457e-05 [-124.296875,4489.826293945] -29.04103304481849 -36.512560229398304 6.925211334582472 16.449935375039786 42.9902692808555 -1.3950301171956369e-05 1.8144274489001073e-05 -2.9653716424327405e-06 5.418991008093236e-06 -1.392256346834389e-07 3.85784812260147e-06
214.0619050480328 -35.11341478397807 1.25 0.4876709 [214.0619050480328,-35.11341478397807] -34.536864112323705 3.1714343722057485 0.00020232049836330443 2.384538386111706e-05 [-110.9399414062,4502.836303711] -29.04103304481849 -36.512560229398304 6.925211334582472 16.337181582024186 42.9325650843989 -1.3063757678974835e-05 1.70336370646799e-05 -2.078828149451208e-06 4.7375896251633055e-06 7.473178582980938e-07 4.029077266601868e-06
213.62547301024514 -33.18691253623719 1.390625 1.9306641 [213.62547301024514,-33.18691253623719] 1.3943458602661774 0.21821428583730776 0.0019453808090131655 1.5775985905735337e-05 [-770.9541015625,1038.366210938] -25.24943624491209 -25.947265327721883 6.027937276633793 39.49526968484224 38.371064017239405 2.650731807803657e-07 1.3350180569225675e-06 5.0651364714421485e-06 2.5731645655996636e-06 5.197797800236229e-06 2.609366309387458e-06
216.89637755764824 -33.04180140639386 1.3125 1.1401367 [216.89637755764824,-33.04180140639386] 63.07345947379541 0.421341738445353 0.0012923884272449146 2.0236539377855884e-05 [4161.591308594,829.3032226562] 0.7913821449461271 -6.5534873074387985 6.535246110547579 28.692936830635517 3.743384787630248 1.5603312979129697e-05 9.254278822242069e-06 1.54075383475064e-05 9.284119127023378e-06 1.7224535509427166e-05 1.0311103448778532e-05
216.8999327886235 -33.04498288458638 1.3125 1.1401367 [216.8999327886235,-33.04498288458638] 3.933239396877306 0.8289199480320396 0.0006582409754987314 2.0277117038281352e-05 [4166.799072266,835.1669921875] 0.7913821449461271 -6.5534873074387985 6.535246110547579 28.643600738286978 3.7240946653607807 9.7301726975698e-07 1.8336049297699043e-06 7.772426381336805e-07 2.420652735574595e-06 2.5942398000544503e-06 2.817575343998797e-06
212.7571413816359 -32.72570044017038 1.421875 2.2216797 [212.7571413816359,-32.72570044017038] -24.161455898346958 2.5291611668388168 0.0001702296717195517 1.6000017945464023e-05 [-2089.701171875,219.9189453125] -29.572772920806266 -27.834399263203522 6.7335959755904335 47.717706735321144 45.41454828906626 -4.281845690261075e-06 1.9405487813713152e-06 9.589829590045117e-07 1.807047633606574e-06 6.509117986743537e-07 1.7918195592718822e-06
212.77455135145493 -32.47865296586597 1.359375 1.6030273 [212.77455135145493,-32.47865296586597] -8.501859334622994 3.126083248372814 0.00013872215155259418 1.6115918348949668e-05 [-2069.045898438,-225.0698242188] -24.497623588304883 -23.57961592440187 6.6548005953963845 50.444407081814234 44.089812705874465 -1.7737486755248035e-06 1.7746185546012234e-06 3.337207138141082e-06 2.5648007949026937e-06 3.1456825769973297e-06 2.5189139691583535e-06
212.28955073871467 -33.758911165856034 1.4296875 2.3125 [212.28955073871467,-33.758911165856034] -52.513683429614375 3.1311724394368277 0.00014581919289542898 1.6967989194296498e-05 [-2764.599609375,2090.026611328] -30.60381704193251 -31.15245465047567 7.001564682980204 37.6127927413263 55.028980116968114 -9.121793685768546e-06 3.2247821944763536e-06 -3.8058134150704457e-06 2.1805491516778985e-06 -3.7105133190470557e-06 2.163456723170649e-06
213.4228974489889 -32.315936983786216 1.328125 1.2983398 [213.4228974489889,-32.315936983786216] -20.029668938551005 2.015650637953306 0.00021198997462918684 1.5879590048485994e-05 [-1086.680664062,-527.5727539062] -27.792815275746406 -25.312178550287367 7.011361649537851 49.99689187755348 36.38462700784612 -4.643315703673863e-06 2.9439004693791173e-06 1.7996672540123048e-06 2.5233045695221467e-06 1.2246013606232883e-06 2.4285824310685498e-06
212.67573563546392 -34.50877767825488 1.234375 0.36486816 [212.67573563546392,-34.50877767825488] -59.650525467438655 1.2465991360252435 0.0003900597689215083 1.8070354971547133e-05 [-2167.59375,3430.170410156] -32.005726583376926 -36.58619774684827 6.742825001649281 27.850986645280955 54.33272643160467 -2.608524513063654e-05 4.429579245523336e-05 -1.2089103152520175e-05 2.0921604607821374e-05 -1.008605771114877e-05 1.761423477867979e-05
