data_processed/hvc_rms/hvc_rms_index_5_with_B.ecsv
# %ECSV 1.0
# ---
# datatype:
# - {name: ra_dec_obj.ra, unit: deg, datatype: float64}
# - {name: ra_dec_obj.dec, unit: deg, datatype: float64}
# - {name: 'H-alpha flux [Error]', unit: R, datatype: float32}
# - {name: H-alpha flux, unit: R, datatype: float32}
# - {name: ra_dec_deg, datatype: string, subtype: 'float64[2]'}
# - {name: RM, unit: rad / m2, datatype: float64}
# - {name: RM_uncert, unit: rad / m2, datatype: float64}
# - {name: pol_int, datatype: float64}
# - {name: pol_int_uncert, datatype: float64}
# - {name: ra_dec_pix_offsets, datatype: string, subtype: 'float64[2]'}
# - {name: interpolation_raw, unit: rad / m2, datatype: float64}
# - {name: interpolation_cor, unit: rad / m2, datatype: float64}
# - {name: interpolation_unc, unit: rad / m2, datatype: float64}
# - {name: interpolation_cor_unc, unit: rad / m2, datatype: float64}
# - {name: HI, unit: dex(1 / cm2), datatype: float64}
# - {name: 'HI [Error]', unit: dex(1 / cm2), datatype: float64}
# - {name: pixel location x, datatype: float64}
# - {name: pixel location y, datatype: float64}
# - {name: 'B_virtual [raw]', unit: G, datatype: float64}
# - {name: 'B_virtual_unc [raw]', unit: G, datatype: float64}
# - {name: 'B_virtual [int]', unit: G, datatype: float64}
# - {name: 'B_virtual_unc [int]', unit: G, datatype: float64}
# meta: !!omap
# - __serialized_columns__:
#     ra_dec_obj:
#       __class__: astropy.coordinates.sky_coordinate.SkyCoord
#       dec: !astropy.table.SerializedColumn
#         __class__: astropy.coordinates.angles.Latitude
#         unit: &id001 !astropy.units.Unit {unit: deg}
#         value: !astropy.table.SerializedColumn {name: ra_dec_obj.dec}
#       frame: icrs
#       ra: !astropy.table.SerializedColumn
#         __class__: astropy.coordinates.angles.Longitude
#         unit: *id001
#         value: !astropy.table.SerializedColumn {name: ra_dec_obj.ra}
#         wrap_angle: !astropy.coordinates.Angle
#           unit: *id001
#           value: 360.0
#       representation_type: spherical
# schema: astropy-2.0
ra_dec_obj.ra ra_dec_obj.dec "H-alpha flux [Error]" "H-alpha flux" ra_dec_deg RM RM_uncert pol_int pol_int_uncert ra_dec_pix_offsets interpolation_raw interpolation_cor interpolation_unc interpolation_cor_unc HI "HI [Error]" "pixel location x" "pixel location y" "B_virtual [raw]" "B_virtual_unc [raw]" "B_virtual [int]" "B_virtual_unc [int]"
[from data line 369]
152.82287599031372 -8.11983368167786 0.34570312 1.0410156 [152.82287599031372,-8.11983368167786] -5.086816400581803 3.0349867868298057 0.00025617378891263466 2.8893503090969314e-05 [4232.132568359,-2189.982421875] -4.49615769910255 -3.544089677766159 5.463739408175421 5.664488079460491 18.739734649658203 9.369867324829102 34.22039922165277 20.751202483857014 -1.3807072897336396e-06 2.082232483297595e-06 -1.6032164533867083e-07 2.547270099658169e-06
150.86947629007537 -9.897590572594178 0.3671875 1.2651367 [150.86947629007537,-9.897590572594178] -19.06023109087193 0.51058757791086 0.0011525839668863726 2.1870137918051205e-05 [748.7802734375,996.0009765625] -7.7877884453473305 -9.976489699770179 5.300092179487099 5.500354289722148 0.0 0.0 2.7433598356501534 21.368540004696342 -5.173491224917156e-06 2.0712649438222957e-06 -3.0596629616905465e-06 2.4351465859365526e-06
150.20440681122665 -9.270283770153302 0.38085938 1.3974609 [150.20440681122665,-9.270283770153302] 4.933237434008054 2.11353893690551 0.0002800687050168075 2.1998017314735442e-05 [-431.3178710938,-133.43359375] -4.997192769370157 -7.307281770195786 5.455574756183041 5.163124347936471 0.0 0.0 2.1256849131527815 34.633882506009286 1.3390215708085604e-06 1.9958402562218417e-06 2.6954024466908636e-06 2.5122248627248946e-06
152.17622374727745 -7.524369902014918 0.34375 1.0292969 [152.17622374727745,-7.524369902014918] 2.839528927775254 2.2943565615773025 0.0003099250778071779 2.6425689865367572e-05 [3084.972412109,-3268.122070312] -1.221565342362592 -0.23884843115088028 5.515984104575312 5.487168849985024 0.0 0.0 33.535024133680736 33.96544118126258 7.707292697924827e-07 2.0031203373609422e-06 1.1022970010149214e-06 2.5038813288748473e-06
150.42863470938823 -9.702889317401736 0.390625 1.5141602 [150.42863470938823,-9.702889317401736] -5.1616657216221355 1.20290820858085 0.0004922853930271986 2.200686307664215e-05 [-32.9375,645.1040039062] -5.274597189039678 -7.878471520070381 5.513210537431255 5.479007233638288 0.0 0.0 0.5428577431448502 27.79525676295998 -1.4010235337365055e-06 1.9403802028486267e-06 3.0652826448755674e-08 2.4404853840754957e-06
152.98266606044427 -8.022191773965387 0.34765625 1.065918 [152.98266606044427,-8.022191773965387] -10.342673591950199 1.8564741328548835 0.00044438112778716316 3.0658663046230744e-05 [4517.701171875,-2363.709960938] -6.202003882411705 -4.104713022666943 5.750408270949716 5.8087920739345185 18.73897361755371 9.369486808776855 36.40200299349158 20.161497459315342 -2.8072970791923903e-06 2.0145782744268274e-06 -1.1238960485550812e-06 2.5162038949281445e-06
150.11373913693072 -8.370126804117712 0.36523438 1.2436523 [150.11373913693072,-8.370126804117712] 0.4737866745623049 0.1945149456211649 0.0031180746267087927 2.2539702756784696e-05 [-593.8344726562,-1753.499023438] -2.7855274525095 -3.71484462203193 5.6037523924346555 5.461674432663521 0.0 0.0 8.613466051580644 45.28439896621012 1.2859923846907752e-07 1.9008408129622166e-06 8.846709651767991e-07 2.4383623872777127e-06
150.14662180718992 -8.705380382341065 0.3828125 1.4233398 [150.14662180718992,-8.705380382341065] -2.7334028091623446 2.009695620166236 0.0002974224523831156 2.2213282480701606e-05 [-534.8061523438,-1150.15625] -2.8860409248271353 -3.9886486564506507 6.346655221062697 5.676140979884668 0.0 0.0 6.198962566654018 41.30933301820369 -7.419236094224285e-07 1.980189560728118e-06 4.143034511044641e-08 2.622054534387808e-06
151.2572631338984 -8.055045160762193 0.34570312 1.0566406 [151.2572631338984,-8.055045160762193] -25.24466879849639 2.07707469759064 0.0002979827355348423 2.300127557345399e-05 [1443.677246094,-2319.161132812] -2.954323258491156 -2.599750406144353 5.950620029410161 5.49619165227746 0.0 0.0 21.192738354339326 37.41706568148834 -6.8521242938920976e-06 2.255495979926794e-06 -6.050236563333974e-06 2.727735646261511e-06
151.82154847371785 -9.488261087386961 0.34765625 1.0751953 [151.82154847371785,-9.488261087386961] -8.275756129432862 1.664352774362669 0.00036205625286592674 2.2393920896249336e-05 [2439.751464844,263.5239257812] -3.3860161469326004 -7.6598702898412085 5.7443567308124255 5.877115492947746 18.104053497314453 9.052026748657227 14.286361837867162 16.201324908967308 -2.2462766327990353e-06 1.9846107734798836e-06 -1.3272151198474496e-06 2.507713892928597e-06
149.93040479215588 -8.1306543483434 0.34765625 1.0722656 [149.93040479215588,-8.1306543483434] -5.351493034924581 0.191475083381589 0.003196245481835948 2.274369892284994e-05 [-920.8706054688,-2184.076171875] -1.964223246539354 -2.4195181696496917 5.392585794611709 5.323316136739596 0.0 0.0 8.918522115206315 49.69596538404903 -1.4525480894954397e-06 1.9143673842639135e-06 -9.194017870554744e-07 2.403330557209959e-06
152.09190378648304 -8.122563303056662 0.33984375 0.99609375 [152.09190378648304,-8.122563303056662] -0.6572895378740855 1.733595244992109 0.0003792004582077081 2.443010107085981e-05 [2930.36328125,-2192.487304688] -3.711198044936877 -2.1551614211923504 6.280071342241594 5.738261826962703 18.09304428100586 9.04652214050293 27.897621356373293 28.237841942047908 -1.7840715782559148e-07 1.9576007310668685e-06 8.289180119413992e-07 2.5988481328914002e-06
152.0925751060686 -8.130914495073991 0.33984375 0.99609375 [152.0925751060686,-8.130914495073991] -2.596325858521734 2.573908293293389 0.0002541838014253413 2.431362101101037e-05 [2931.498046875,-2177.453125] -3.711198044936877 -2.1551614211923504 6.280071342241594 5.738261826962703 18.09304428100586 9.04652214050293 27.834765075130463 28.139508958702663 -7.047170090461494e-07 2.0273999439317106e-06 3.0260816072084116e-07 2.6468807795258366e-06
150.05325329559406 -9.07631673947206 0.36914062 1.2783203 [150.05325329559406,-9.07631673947206] 5.735337235010139 2.405275053569801 0.00024586564474386936 2.197714625571943e-05 [-700.2197265625,-482.3295898438] -4.55229105663908 -6.1800473527425615 5.904056601158614 5.32942801078274 0.0 0.0 2.380613325063223 38.20267429342857 1.5567343709424152e-06 2.023875054879117e-06 2.7923562121733945e-06 2.6070811601440285e-06
151.60479738182855 -8.516354477189466 0.34375 1.0244141 [151.60479738182855,-8.516354477189466] -3.7072228889306587 2.4892754331673475 0.00025032729824950745 2.315740378559524e-05 [2060.55859375,-1487.2265625] -4.159839393794851 -4.013717687487832 6.020920718635901 5.711289216502335 0.0 0.0 20.446590931110222 28.879514173282132 -1.0062461988658615e-06 2.0227506747032664e-06 1.2285304963007415e-07 2.5957007453542233e-06
150.63835135134516 -9.201822274390821 0.35546875 1.1494141 [150.63835135134516,-9.201822274390821] 0.6629757951975362 0.4093552139000395 0.0014491258865221856 2.204525587846561e-05 [339.64453125,-256.7216796875] -4.112325945403297 -6.857091649535755 5.779953054602367 5.284677893702268 0.0 0.0 6.456736075422668 31.10485772689117 1.7995057050643676e-07 1.903456101533101e-06 1.2961533117592375e-06 2.474894789495215e-06
151.1513672286267 -8.635186313041624 0.33398438 0.9367676 [151.1513672286267,-8.635186313041624] -6.239743839816413 2.876261864352938 0.0002085843471659057 2.2295583394602886e-05 [1253.100585938,-1275.477050781] -2.8683631263827234 -3.35677563428033 5.4487013877393355 5.4544826056109965 0.0 0.0 15.540556131537869 32.13961991226279 -1.6936447332205118e-06 2.07130986248283e-06 -9.150890381993916e-07 2.5352344331642322e-06
151.67341613071886 -10.09586242906058 0.375 1.3378906 [151.67341613071886,-10.09586242906058] -6.575470064190689 2.6338326817329096 0.00022844470158724195 2.2360317976745655e-05 [2172.850097656,1356.192382812] -7.139639110025155 -10.537839244528813 5.610448187085205 5.490994699449091 0.0 0.0 7.9676278630431625 11.230546635653354 -1.7847704214398267e-06 2.0493262922334606e-06 1.5313159604829185e-07 2.537850767659124e-06
151.66658023536138 -10.099935596456747 0.3671875 1.2602539 [151.66658023536138,-10.099935596456747] -14.842180535112169 2.6883217184941754 0.0002230216867002419 2.2281121139822107e-05 [2160.711425781,1363.481445312] -7.225781828339974 -10.46472485621468 5.5709870259816 5.5041417239364145 0.0 0.0 7.875586985976042 11.256275384019773 -4.028591804105266e-06 2.1314816549947483e-06 -2.067308191967665e-06 2.5562670761131826e-06
152.09860223185885 -7.675015241285698 0.32226562 0.8210449 [152.09860223185885,-7.675015241285698] -7.2035276996997455 1.8614734664566974 0.0003702681940938996 2.5614268708751768e-05 [2945.483886719,-2997.751953125] -2.7272579593062196 -0.869309094176919 5.888214902335627 5.642768171102467 0.0 0.0 31.627066350798714 33.09249954145935 -1.9552432058754995e-06 1.989896659563419e-06 -1.2149874842482155e-06 2.540880925141925e-06
151.71258533195117 -7.339926969438375 0.30664062 0.65844727 [151.71258533195117,-7.339926969438375] -5.699618565681429 1.5533059865257963 0.00046675885966217576 2.694376545782985e-05 [2258.841796875,-3603.44140625] -3.49200275923299 -0.7832745065034494 6.074946600528598 6.083340516123354 0.0 0.0 30.98790012973359 40.72984665058516 -1.5470393036865784e-06 1.961340580114089e-06 -5.9920999636353e-07 2.5525556250465307e-06
152.19360349460393 -7.947440037029876 0.35742188 1.1542969 [152.19360349460393,-7.947440037029876] -3.510226120284459 2.0175518248813753 0.0003301261182941744 2.475217049429511e-05 [3112.849365234,-2506.752929688] -3.8713142825994944 -2.341369535319955 6.250293777231677 5.726701862690519 17.259000778198242 8.629500389099121 30.2174767676579 29.120573343381693 -9.527756481118242e-07 1.983004166744483e-06 9.800964270852601e-08 2.6054301867976896e-06
149.62657186247304 -8.79173952416828 0.359375 1.1801758 [149.62657186247304,-8.79173952416828] 24.462535261162785 2.6434846528063036 0.00022425821674564825 2.2030982269247017e-05 [-1459.725585938,-993.2470703125] -3.0310021310401507 -3.9595879429382244 6.203943396948986 5.333554889694095 0.0 0.0 0.9324759019505109 45.43032010372417 6.639830908107983e-06 2.283313085460624e-06 7.462531475214491e-06 2.8871489867116185e-06
150.63850390451057 -9.3590307527335 0.38867188 1.4853516 [150.63850390451057,-9.3590307527335] -0.8276555481750282 0.48383748288050366 0.0012308667493735864 2.2131928224530556e-05 [339.763671875,26.25341796875] -4.118900610868691 -7.115124284794437 5.730778704920374 5.443984826992352 0.0 0.0 5.173199973861301 29.412216096636257 -2.2464935998536356e-07 1.9048603619478153e-06 8.933379332977779e-07 2.46303164195497e-06
151.6936034535313 -9.477937567888112 0.35351562 1.1220703 [151.6936034535313,-9.477937567888112] -17.347622312053247 0.20323873393841532 0.0029505688303738753 2.228542568855918e-05 [2212.727050781,244.0986328125] -4.328226671112365 -8.20590234687111 5.567360832043254 5.623879686238056 17.6016845703125 8.80084228515625 13.278267040976061 17.6047161668871 -4.708640277061769e-06 2.0397397526376218e-06 -3.5338359110656026e-06 2.4909770278463047e-06
151.69270336698582 -9.479604670198682 0.35351562 1.1220703 [151.69270336698582,-9.479604670198682] -18.64000163597111 0.21848807688811525 0.002749523649996205 2.2325125289640673e-05 [2211.118652344,247.09375] -4.328226671112365 -8.20590234687111 5.567360832043254 5.623879686238056 17.6016845703125 8.80084228515625 13.256741958262865 17.59595883356178 -5.0594289458704836e-06 2.060491766518157e-06 -3.884624579874317e-06 2.50393720421625e-06
151.69787597091246 -9.479788729130558 0.35351562 1.1220703 [151.69787597091246,-9.479788729130558] -16.317872121311623 0.29784274876294176 0.0020199638660822103 2.235832862354446e-05 [2220.298828125,247.4575195312] -4.328226671112365 -8.20590234687111 5.567360832043254 5.623879686238056 17.6016845703125 8.80084228515625 13.299467052436967 17.541785904846847 -4.429136657705869e-06 2.0250830860098698e-06 -3.2543322917097025e-06 2.4822584204071216e-06
151.3996885836017 -9.492061750534498 0.2890625 0.4859619 [151.3996885836017,-9.492061750534498] -19.825299423367163 2.4210835629708978 0.00024687513923693933 2.221241814103488e-05 [1690.929199219,267.8969726562] -5.492330723524422 -8.019551012355857 4.877401840922503 5.055745346980151 0.0 0.0 10.642977565571073 20.410540691727874 -5.381152626594581e-06 2.181032650498467e-06 -3.8903771650051145e-06 2.483588543169718e-06
149.97882077694464 -8.770273343338207 0.36132812 1.203125 [149.97882077694464,-8.770273343338207] 2.7203062467051287 1.9832200343407296 0.0002997029677123774 2.2088724960871438e-05 [-833.2163085938,-1033.029785156] -3.090119501886536 -4.022189042005883 6.3319722296665395 5.525495468177642 0.0 0.0 4.202626741769791 42.24282976560289 7.383688282329479e-07 1.978189166864441e-06 1.5771155386341405e-06 2.629647328841151e-06
149.9882048312801 -8.776974794770812 0.36132812 1.203125 [149.9882048312801,-8.776974794770812] 1.6505092861398496 1.302264580044545 0.0004557168820561333 2.2054796199033078e-05 [-816.5083007812,-1020.989746094] -3.090119501886536 -4.022189042005883 6.3319722296665395 5.525495468177642 0.0 0.0 4.230926829992541 42.07860664131317 4.47995371503031e-07 1.933881660946207e-06 1.2867420819042237e-06 2.594163178312591e-06
150.7919769744975 -7.728977398974766 0.31835938 0.7858887 [150.7919769744975,-7.728977398974766] 8.066952929941868 2.202506873157421 0.00028900584791279353 2.3655525822457573e-05 [614.9536132812,-2907.249023438] -2.3819476041379595 -1.1941001420264303 5.87252970397591 5.63386846850401 0.0 0.0 19.75121698277985 45.647204685805264 2.189601479431214e-06 2.021332181671482e-06 2.836130105945178e-06 2.5897430127450922e-06
150.2168120575024 -8.741017212812967 0.3515625 1.0981445 [150.2168120575024,-8.741017212812967] 4.684474224405287 1.3536247311929452 0.00043863102715456547 2.206512197112309e-05 [-409.8813476562,-1086.107910156] -2.6599970904454255 -4.147889635614888 6.414651188808232 5.665065102191114 0.0 0.0 6.526147922115797 40.235146800012444 1.271500129131052e-06 1.9454857211204104e-06 1.993499329461579e-06 2.6219503509488155e-06
150.78172306022373 -10.02836520747521 0.34960938 1.0996094 [150.78172306022373,-10.02836520747521] -13.908595087577467 0.29167136890567696 0.002038168539612438 2.209238468477778e-05 [592.94140625,1231.21484375] -7.950142193847601 -9.903374998434685 5.148405260237371 5.424979583634933 0.0 0.0 0.9115618490484394 20.847071689301856 -3.775190043260708e-06 1.992035663849603e-06 -1.6172943346188744e-06 2.373531621862319e-06
150.7837524371771 -10.022697489035835 0.34960938 1.0996094 [150.7837524371771,-10.022697489035835] -14.055784508440913 0.7749088650601618 0.0007624843725751798 2.1957873539102998e-05 [596.548828125,1221.017089844] -7.950142193847601 -9.903374998434685 5.148405260237371 5.424979583634933 0.0 0.0 0.975717111990889 20.887197329530863 -3.815141456945423e-06 2.0034137178445184e-06 -1.6572457483035886e-06 2.3821954226704426e-06
151.0294036385342 -7.86007596498143 0.34570312 1.0629883 [151.0294036385342,-7.86007596498143] -7.734400956874211 0.49375073497759175 0.0012610879926505773 2.3139919771900227e-05 [1038.100097656,-2670.802734375] -3.383152839015165 -2.4498246530186334 6.377250140606852 5.824746736111885 0.0 0.0 20.779707244936617 41.83915656211366 -2.0993373736975565e-06 1.933078381001493e-06 -1.1810530443128679e-06 2.5804371070171113e-06
151.0234375531182 -7.849676854900184 0.34570312 1.0629883 [151.0234375531182,-7.849676854900184] -16.429997129413106 2.4585326940969865 0.00025350399273017967 2.3161650025704003e-05 [1027.48828125,-2689.532226562] -3.383152839015165 -2.4498246530186334 6.377250140606852 5.824746736111885 0.0 0.0 20.811520601165284 42.01323471629394 -4.459570588057563e-06 2.1322327991129097e-06 -3.5412862586728747e-06 2.7131603426547243e-06
