data_processed/hvc_rms/hvc_rms_index_3_with_B.ecsv
# %ECSV 1.0
# ---
# datatype:
# - {name: ra_dec_obj.ra, unit: deg, datatype: float64}
# - {name: ra_dec_obj.dec, unit: deg, datatype: float64}
# - {name: 'H-alpha flux [Error]', unit: R, datatype: float32}
# - {name: H-alpha flux, unit: R, datatype: float32}
# - {name: ra_dec_deg, datatype: string, subtype: 'float64[2]'}
# - {name: RM, unit: rad / m2, datatype: float64}
# - {name: RM_uncert, unit: rad / m2, datatype: float64}
# - {name: pol_int, datatype: float64}
# - {name: pol_int_uncert, datatype: float64}
# - {name: ra_dec_pix_offsets, datatype: string, subtype: 'float64[2]'}
# - {name: interpolation_raw, unit: rad / m2, datatype: float64}
# - {name: interpolation_cor, unit: rad / m2, datatype: float64}
# - {name: interpolation_unc, unit: rad / m2, datatype: float64}
# - {name: interpolation_cor_unc, unit: rad / m2, datatype: float64}
# - {name: HI, unit: dex(1 / cm2), datatype: float64}
# - {name: 'HI [Error]', unit: dex(1 / cm2), datatype: float64}
# - {name: pixel location x, datatype: float64}
# - {name: pixel location y, datatype: float64}
# - {name: 'B_virtual [raw]', unit: G, datatype: float64}
# - {name: 'B_virtual_unc [raw]', unit: G, datatype: float64}
# - {name: 'B_virtual [int]', unit: G, datatype: float64}
# - {name: 'B_virtual_unc [int]', unit: G, datatype: float64}
# meta: !!omap
# - __serialized_columns__:
#     ra_dec_obj:
#       __class__: astropy.coordinates.sky_coordinate.SkyCoord
#       dec: !astropy.table.SerializedColumn
#         __class__: astropy.coordinates.angles.Latitude
#         unit: &id001 !astropy.units.Unit {unit: deg}
#         value: !astropy.table.SerializedColumn {name: ra_dec_obj.dec}
#       frame: icrs
#       ra: !astropy.table.SerializedColumn
#         __class__: astropy.coordinates.angles.Longitude
#         unit: *id001
#         value: !astropy.table.SerializedColumn {name: ra_dec_obj.ra}
#         wrap_angle: !astropy.coordinates.Angle
#           unit: *id001
#           value: 360.0
#       representation_type: spherical
# schema: astropy-2.0
ra_dec_obj.ra ra_dec_obj.dec "H-alpha flux [Error]" "H-alpha flux" ra_dec_deg RM RM_uncert pol_int pol_int_uncert ra_dec_pix_offsets interpolation_raw interpolation_cor interpolation_unc interpolation_cor_unc HI "HI [Error]" "pixel location x" "pixel location y" "B_virtual [raw]" "B_virtual_unc [raw]" "B_virtual [int]" "B_virtual_unc [int]"
[from data line 297]
358.15228253449783 -3.140413692379891 0.34179688 1.0268555 [358.15228253449783,-3.140413692379891] -17.62414540349164 2.3997872274899947 0.0002530671159012478 2.256925151166111e-05 [-3319.321289062,-2758.9765625] -7.137168755096134 -6.947359719492246 3.9127287980197005 4.102414053102964 0.0 0.0 72.69595013365847 29.79560688566744 -3.5248289447845614e-06 1.5213819880287075e-06 -2.0973952488057047e-06 1.6872247808619562e-06
358.9660645402657 -5.504449756948183 0.2734375 0.35437012 [358.9660645402657,-5.504449756948183] -4.622539336795733 0.873306807046582 0.0006274283507473632 2.0362902750204037e-05 [-1851.401367188,1492.902832031] -3.1144160137471952 -4.675292654189457 4.615735351839751 4.444536631105934 19.09709930419922 9.54854965209961 43.20503569054563 42.02097567062083 -9.245078317110788e-07 1.4138789141005035e-06 -3.016246529793723e-07 1.68630265956495e-06
358.34863266890346 -5.203641293785075 0.29882812 0.61865234 [358.34863266890346,-5.203641293785075] -8.142219692328473 0.12034643868114073 0.004677330932768266 2.0918957839212634e-05 [-2958.80078125,953.6010742188] -2.804261270324529 -3.7351708919262485 3.845833558675782 4.189484058961138 0.0 0.0 50.04425584521823 52.5309082429294 -1.6284438756745793e-06 1.4096444481294062e-06 -1.067591643235557e-06 1.601122756615377e-06
358.34246848596985 -5.1964558404468795 0.29882812 0.61865234 [358.34246848596985,-5.1964558404468795] -7.788140732549998 0.2326405666665693 0.0024188365265636795 2.0912245487118246e-05 [-2969.879882812,940.6938476562] -2.804261270324529 -3.7351708919262485 3.845833558675782 4.189484058961138 0.0 0.0 50.15599818880776 52.57520887672308 -1.557628086449468e-06 1.4094065286705506e-06 -9.967758540104454e-07 1.6011613655167284e-06
358.8610231860465 -7.1479382302996015 0.3125 0.76708984 [358.8610231860465,-7.1479382302996015] -10.43740537535821 2.4397945385079267 0.0003374980855250176 3.060083460662351e-05 [-2033.090820312,4450.140014648] 0.041838693294377165 -0.2503149530327553 3.6221854626123875 4.4619177177149805 0.0 0.0 26.93340490763933 68.89648388900196 -2.0874809945805295e-06 1.4972239274120721e-06 -2.0958487329167536e-06 1.6633816758038893e-06
359.5206299236993 -5.722736487506536 0.29492188 0.51538086 [359.5206299236993,-5.722736487506536] 5.215717919315185 3.0494132230315967 0.00017565973364735025 1.990660514943723e-05 [-857.5556640625,1884.696289062] -0.8955291486336864 -2.1818855672536013 4.352066457158661 3.9548734267730237 18.53294563293457 9.266472816467285 37.65817606876283 31.497068347581717 1.0431435436404985e-06 1.5306332491189544e-06 1.2222493664611e-06 1.7619633460455956e-06
358.7488401317907 -5.881971893366153 0.28320312 0.4593506 [358.7488401317907,-5.881971893366153] -6.932162184967856 0.8827293605146533 0.0006377318251303853 2.0920611060321215e-05 [-2239.052734375,2172.965820312] -2.3149077590517466 -4.786801320706628 4.372608288109407 4.45796940005594 0.0 0.0 40.60468589515801 52.635750024903246 -1.3864323835341693e-06 1.4178823068795332e-06 -9.234508495759102e-07 1.6626737429678593e-06
357.94381719559857 -4.215222255247971 0.27734375 0.39904785 [357.94381719559857,-4.215222255247971] -18.582885291671218 2.775668583158297 0.00021197702930227918 2.1865787065403413e-05 [-3689.325195312,-823.609375] -6.692161394174791 -4.139219042574158 3.7854466457254676 3.8705154036220817 18.992515563964844 9.496257781982422 62.72121473279208 48.37976915111267 -3.7165769150268737e-06 1.551226188566323e-06 -2.3781446878004806e-06 1.702325817787563e-06
358.65725684703705 -3.6724096529409915 0.28515625 0.4802246 [358.65725684703705,-3.6724096529409915] -0.9339399394050039 1.8877010880324747 0.00029631085620336796 2.0786888796088286e-05 [-2410.75390625,-1803.68359375] -7.11706850087702 -5.0812832317747665 3.8738116466996795 3.9577866102701273 0.0 0.0 64.18727937499227 24.970668637956805 -1.8678798067864902e-07 1.4501328736408501e-06 1.2366256646113938e-06 1.6486617307901997e-06
359.0467224952754 -4.313163389105857 0.29296875 0.54956055 [359.0467224952754,-4.313163389105857] -0.8923692425506977 0.9411136297525056 0.00057829611124269 2.022558250061239e-05 [-1709.9609375,-651.55859375] -4.035012962460109 -2.3778296322051435 4.018958928378972 4.049119397202347 17.38573455810547 8.692867279052734 55.20450429955872 24.060630224108536 -1.7847384162837242e-07 1.412708805719122e-06 6.285287197464634e-07 1.6264867993686093e-06
359.0531004586334 -4.307941027303525 0.29296875 0.54956055 [359.0531004586334,-4.307941027303525] -1.6442901314312184 2.155133027696938 0.00025499214209393335 2.0422531897450284e-05 [-1698.526367188,-660.9741210938] -4.035012962460109 -2.3778296322051435 4.018958928378972 4.049119397202347 17.29575538635254 8.64787769317627 55.22300300877066 23.84209005705634 -3.2885801360581807e-07 1.4652184973508413e-06 4.781445477690178e-07 1.671571468964065e-06
358.1985781518791 -6.714691576942438 0.32226562 0.8720703 [358.1985781518791,-6.714691576942438] -12.932915967220291 3.1423166499471997 0.0002178845158266162 2.5443978359769583e-05 [-3218.787109375,3673.380371094] -1.81246420334327 -1.0268118842915097 3.575833745050515 4.096027995247288 0.0 0.0 35.54367351128042 78.34089387298445 -2.586583093708084e-06 1.5562358712157586e-06 -2.224090267016779e-06 1.7075992454261682e-06
359.58157356017205 -7.148440867230935 0.27929688 0.42089844 [359.58157356017205,-7.148440867230935] -15.898934044283948 0.49893830411913437 0.0016282713804794023 3.0191336539914883e-05 [-746.306640625,4449.618041992] 0.030468573214659248 -1.8405029461090758 3.571209626060179 4.021620152161146 0.0 0.0 22.46833170147397 50.747634343937534 -3.1797866862474965e-06 1.4391205107308077e-06 -3.185880400655461e-06 1.6067349620618688e-06
358.5039063601402 -6.207302090819145 0.29101562 0.55493164 [358.5039063601402,-6.207302090819145] -2.556941926232083 0.8345062562898794 0.0007063334016470469 2.1905241427254065e-05 [-2675.875976562,2759.247802734] -1.547609834155885 -3.475199627849097 3.9335849231697524 4.310413074743679 0.0 0.0 38.77238323831523 63.30723426128998 -5.113883655278091e-07 1.4108405489628376e-06 -2.0186641063147918e-07 1.6146785875127034e-06
358.5057065447677 -6.204506906347221 0.29101562 0.5583496 [358.5057065447677,-6.204506906347221] -0.5246741849137742 2.498645464640347 0.0002355487196164248 2.187228161762146e-05 [-2672.669921875,2754.211425781] -1.5239930088024223 -3.5419211938156074 3.928238584437663 4.307463614007979 0.0 0.0 38.78976345170179 63.22238138765533 -1.0493483293657597e-07 1.486552760276161e-06 1.9986375707118943e-07 1.6814787356714404e-06
357.3837587281241 -5.696685888153585 0.328125 0.9211426 [357.3837587281241,-5.696685888153585] -30.716783151162094 0.6309115539492713 0.0011452349557204906 2.685169956364614e-05 [-4683.348632812,1846.240722656] -2.3164297022986506 -3.4207681081795984 3.8165918595493245 3.8886475271724867 0.0 0.0 51.07493783335849 82.03259218973653 -6.143356393350937e-06 1.5340567285253453e-06 -5.680070470755033e-06 1.6974123464823354e-06
357.39108295613084 -5.692676117946795 0.328125 0.9211426 [357.39108295613084,-5.692676117946795] -34.84405215212082 2.8417494750776915 0.0002532868741017118 2.6748976910158774e-05 [-4670.276367188,1838.975585938] -2.3164297022986506 -3.4207681081795984 3.8165918595493245 3.8886475271724867 0.0 0.0 51.06803421550114 81.80547971124724 -6.968810161714036e-06 1.6639304395145594e-06 -6.5055242391181325e-06 1.8135310072049189e-06
357.4370117764151 -3.773904442025421 0.30273438 0.6464844 [357.4370117764151,-3.773904442025421] -9.485246247863811 1.5335356231531962 0.00045063404185079485 2.5681865558560745e-05 [-4600.83984375,-1614.9296875] -5.680320141902311 -3.083726765159252 3.834803189753399 3.8462407750430656 0.0 0.0 70.36426331191922 53.91250476952473 -1.897049176424504e-06 1.4457029613530165e-06 -7.609851918494964e-07 1.6272948904487802e-06
358.7407224374447 -2.3647841371568554 0.27539062 0.3959961 [358.7407224374447,-2.3647841371568554] -19.75589822626577 0.5177574835660045 0.0014207764350073154 2.733762823735286e-05 [-2263.586914062,-4156.6484375] -9.700207123445054 -10.650991195974644 4.141435037551364 4.122112514549492 0.0 0.0 77.57511762013883 7.202952759940672 -3.951179492899751e-06 1.4583692713982166e-06 -2.011138143016732e-06 1.6423242173358293e-06
358.73355113903284 -2.369344197220333 0.27539062 0.3955078 [358.73355113903284,-2.369344197220333] -22.684070363770076 1.5598939575236326 0.00046949183183766575 2.7216471482520945e-05 [-2276.473632812,-4148.423828125] -9.672763145655699 -10.61394931097909 4.14102226513331 4.132105636369731 0.0 0.0 77.56600377802295 7.417665763590776 -4.536813897819153e-06 1.5043794007326125e-06 -2.6022613432823636e-06 1.6765950023778697e-06
359.56341561467724 -6.191955597580637 0.29101562 0.47729492 [359.56341561467724,-6.191955597580637] 4.766021122516488 1.8605916606594315 0.0002980942375354152 2.0611678227852447e-05 [-780.259765625,2729.027099609] -0.861744499165451 -2.1108869934363823 3.994048197091966 3.917244756370474 18.768264770507812 9.384132385253906 32.502571275879745 37.055982220872465 9.532041877487279e-07 1.451743046203328e-06 1.1255530809362227e-06 1.6580824399423167e-06
359.8341370662518 -5.344642215542915 0.2578125 0.1829834 [359.8341370662518,-5.344642215542915] -2.5797642424621743 0.08044313844042858 0.006609848915055161 1.9760104720805917e-05 [-296.2548828125,1203.946289062] -1.634952615227699 -0.2577545203578189 4.3184326240965465 3.783873337801518 0.0 0.0 39.83704152987514 18.55675783877905 -5.159528285978262e-07 1.4010427422452292e-06 -1.889623181607031e-07 1.6451656803869214e-06
359.83010876563924 -5.343957345888609 0.2578125 0.1829834 [359.83010876563924,-5.343957345888609] -5.087278310228648 0.6703670676634322 0.0007906361261351909 1.9696906742515107e-05 [-303.474609375,1202.715332031] -1.634952615227699 -0.2577545203578189 4.3184326240965465 3.783873337801518 0.0 0.0 39.86706714327181 18.64762138235119 -1.017455622813691e-06 1.4100807372718745e-06 -6.904651123765675e-07 1.6518769032017143e-06
359.4026182842953 -4.959602010361586 0.27929688 0.43444824 [359.4026182842953,-4.959602010361586] 5.043915394143024 3.064163839291171 0.00017726532018174184 2.0185730268121497e-05 [-1070.241699219,511.3193359375] -1.8075224145333335 -2.034146996037513 4.130051146452527 4.110624319368771 18.197067260742188 9.098533630371094 46.356081169603954 24.010752448862604 1.008783039930972e-06 1.531580964882756e-06 1.3702875088983994e-06 1.742593912354909e-06
359.40014642502985 -4.954099085174341 0.27929688 0.43444824 [359.40014642502985,-4.954099085174341] 6.666350669427996 1.9234729936607446 0.00028229637643312563 2.0179021345946425e-05 [-1074.683105469,501.41796875] -1.8075224145333335 -2.034146996037513 4.130051146452527 4.110624319368771 18.14579200744629 9.072896003723145 46.42820226283516 23.997573091492086 1.333270082476081e-06 1.4580006379581634e-06 1.6947745514435085e-06 1.6789893453063468e-06
358.0426026646997 -5.449271148378616 0.29492188 0.5732422 [358.0426026646997,-5.449271148378616] -14.597947611327754 1.140444696832268 0.0005213297658757238 2.2095073741518708e-05 [-3505.709960938,1397.112304688] -2.230199302171387 -4.340722622706901 4.032449935796559 4.038096186642951 0.0 0.0 49.405734746166104 63.185815427793386 -2.9195894096891964e-06 1.4481935022564982e-06 -2.473549566453755e-06 1.6503438805449529e-06
357.2772523679667 -2.9777920762023804 0.27539062 0.3675537 [357.2772523679667,-2.9777920762023804] -8.663598742210581 0.570681341215358 0.0014006622347073868 2.9705426730764383e-05 [-4891.486328125,-3046.46484375] -7.556030471594966 -5.4519961073947405 3.7110552115866073 3.422029968812633 0.0 0.0 79.56989161532749 47.113306015820854 -1.7327196816302337e-06 1.4152915269230736e-06 -2.2151364558178544e-07 1.5888344178386684e-06
357.2770082511776 -2.979075881519421 0.27539062 0.3675537 [357.2770082511776,-2.979075881519421] -8.859553233161382 0.6441073455010256 0.0012434894334156879 2.9765217084218315e-05 [-4891.918945312,-3044.153320312] -7.556030471594966 -5.4519961073947405 3.7110552115866073 3.422029968812633 0.0 0.0 79.55804781401207 47.13492717426743 -1.7719105783092333e-06 1.417036162172026e-06 -2.60704542260785e-07 1.590016250171896e-06
0.33680464432502716 -5.9141531176083655 0.45703125 2.0976562 [0.33680464432502716,-5.9141531176083655] 3.6890913109212464 3.217643240954213 0.0001723791296662863 2.0612528847841924e-05 [604.0180664062,2229.029296875] 0.22776104910716571 1.22748313084778 4.236613509953654 3.781436981937296 0.0 0.0 30.98131310865415 13.584608237319117 7.378182337347396e-07 1.5425863653705615e-06 6.922660256697527e-07 1.7597945805421908e-06
0.3818117601767183 -6.16482207658259 0.66015625 4.138672 [0.3818117601767183,-6.16482207658259] 8.319966038448687 2.143724756750254 0.00025949723347768063 2.0673331027493018e-05 [684.2817382812,2680.146484375] -0.7683938317316201 -0.15068237264180162 3.8201760475433355 3.715336240359644 0.0 0.0 28.073511089120075 15.873922664924066 1.663993143527879e-06 1.4736046945474557e-06 1.8176719039485088e-06 1.66150869123714e-06
358.3055421605165 -2.8195687893305243 0.24804688 0.1000061 [358.3055421605165,-2.8195687893305243] -21.890306846598712 2.2055526872182125 0.0002821162198959656 2.312353333238519e-05 [-3044.887695312,-3336.936523438] -8.230613877069716 -8.790119578120546 3.5993398349887427 4.0766317261461165 0.0 0.0 75.19105624605277 22.40429421330282 -4.378061200506221e-06 1.5317481878921754e-06 -2.7319384885650704e-06 1.6575352359116809e-06
358.77148455171886 -6.635486150807711 0.2734375 0.37756348 [358.77148455171886,-6.635486150807711] -7.26039017631679 2.013050063537533 0.00030863459432346887 2.3089146676318625e-05 [-2195.346679688,3528.690185547] -1.5239535951844652 -2.453820184467112 3.3434841946933824 3.9520695842754727 0.0 0.0 32.7241517070064 63.22446934888967 -1.4520779792727299e-06 1.4639603683874774e-06 -1.1472872719882519e-06 1.606988726016469e-06
357.51150489397594 -3.250768789936508 0.27734375 0.39294434 [357.51150489397594,-3.250768789936508] -11.005759488744879 1.4162360723968956 0.0004766084372597263 2.5084536535506262e-05 [-4469.677734375,-2556.852539062] -7.125154893637197 -4.971134143418928 3.77303653494128 3.4986433795324556 0.0 0.0 75.32765258069253 45.45758676739479 -2.2011518128748337e-06 1.4452264574092964e-06 -7.761208890951158e-07 1.6173078267578401e-06
357.61923195527874 -5.987707144489255 0.35351562 1.1621094 [357.61923195527874,-5.987707144489255] -44.695252880312864 2.2554218803629937 0.00029577860523228965 2.47915253884857e-05 [-4259.776367188,2368.467285156] -1.5491628820431662 -2.377119244449501 4.1305225421996425 3.920134369042419 0.0 0.0 46.617020769218016 80.94463202168663 -8.939050231382022e-06 1.7212039455807308e-06 -8.629217666920214e-06 1.8948771520688197e-06
359.47531135603816 -4.4459635146265395 0.30859375 0.71899414 [359.47531135603816,-4.4459635146265395] -9.981895648828312 0.21947210121803715 0.0024631708337974974 2.009012126728807e-05 [-940.5844726562,-413.3305664062] -2.4705875299131566 -1.185786904482165 4.168031064862318 3.982866189591107 17.992694854736328 8.996347427368164 51.37018275291666 15.54225238712479 -1.9963790527873467e-06 1.4148434034503274e-06 -1.5022615658573755e-06 1.636885374240803e-06
359.47378534660805 -4.449131619804102 0.30859375 0.71899414 [359.47378534660805,-4.449131619804102] -5.724588730356714 0.25662872794559255 0.00211618605877673 2.0182168296915562e-05 [-943.3188476562,-407.6259765625] -2.4705875299131566 -1.185786904482165 4.168031064862318 3.982866189591107 17.992694854736328 8.996347427368164 51.34518688271453 15.619657044453106 -1.1449177019244977e-06 1.4056110928529837e-06 -6.508002149945268e-07 1.6314928299286809e-06
