data_processed/hvc_rms/hvc_rms_index_22.ecsv
# %ECSV 1.0
# ---
# datatype:
# - {name: ra_dec_obj.ra, unit: deg, datatype: float64}
# - {name: ra_dec_obj.dec, unit: deg, datatype: float64}
# - {name: 'H-alpha flux [Error]', unit: R, datatype: float32}
# - {name: H-alpha flux, unit: R, datatype: float32}
# - {name: ra_dec_deg, datatype: string, subtype: 'float64[2]'}
# - {name: RM, unit: rad / m2, datatype: float64}
# - {name: RM_uncert, unit: rad / m2, datatype: float64}
# - {name: pol_int, datatype: float64}
# - {name: pol_int_uncert, datatype: float64}
# - {name: ra_dec_pix_offsets, datatype: string, subtype: 'float64[2]'}
# - {name: interpolation_raw, unit: rad / m2, datatype: float64}
# - {name: interpolation_cor, unit: rad / m2, datatype: float64}
# - {name: interpolation_unc, unit: rad / m2, datatype: float64}
# - {name: interpolation_cor_unc, unit: rad / m2, datatype: float64}
# - {name: pixel location x, datatype: float64}
# - {name: pixel location y, datatype: float64}
# meta: !!omap
# - __serialized_columns__:
#     ra_dec_obj:
#       __class__: astropy.coordinates.sky_coordinate.SkyCoord
#       dec: !astropy.table.SerializedColumn
#         __class__: astropy.coordinates.angles.Latitude
#         unit: &id001 !astropy.units.Unit {unit: deg}
#         value: !astropy.table.SerializedColumn {name: ra_dec_obj.dec}
#       frame: icrs
#       ra: !astropy.table.SerializedColumn
#         __class__: astropy.coordinates.angles.Longitude
#         unit: *id001
#         value: !astropy.table.SerializedColumn {name: ra_dec_obj.ra}
#         wrap_angle: !astropy.coordinates.Angle
#           unit: *id001
#           value: 360.0
#       representation_type: spherical
# schema: astropy-2.0
ra_dec_obj.ra ra_dec_obj.dec "H-alpha flux [Error]" "H-alpha flux" ra_dec_deg RM RM_uncert pol_int pol_int_uncert ra_dec_pix_offsets interpolation_raw interpolation_cor interpolation_unc interpolation_cor_unc "pixel location x" "pixel location y"
[from data line 50]
13.7296942154715 -36.84637836791675 1.234375 0.36535645 [13.7296942154715,-36.84637836791675] 1.2600127238523184 0.6286093440970303 0.0006702770766307083 1.565827450485274e-05 [921.1157226562,-719.6904296875] 3.5710444862123683 0.191411793739507 2.859235786365806 1.6572717602867804 49.95162244841754 22.223292671716763
13.73015516133702 -37.599372977783105 1.6875 4.8691406 [13.73015516133702,-37.599372977783105] -15.472602112170826 3.0439110352616625 0.00013538151157345836 1.5314401084348452e-05 [912.6323242188,635.6635742188] 4.601190591774221 2.751674682367821 2.929206458826323 2.4906190258702168 58.96107789763607 18.28696671094781
13.860381244639102 -36.7829093903286 1.21875 0.22265625 [13.860381244639102,-36.7829093903286] -2.9665213899041367 1.6068477275197386 0.00026015917077814693 1.5535404505324276e-05 [1110.268066406,-832.52734375] 3.8743805897145602 0.8250799577190122 2.7429370670925093 1.7474370697703057 49.3009113335263 30.021369536166503
13.411535305715724 -35.77093525664707 1.2109375 0.1472168 [13.411535305715724,-35.77093525664707] -6.677959260137519 3.1562730627344675 0.00013618124931720987 1.5973518388856344e-05 [469.2568359375,-2657.510742188] 1.2387762757604 -1.0075072091714414 3.035608803259824 1.97349408369558 36.86544203359915 8.548624312023094
14.156071783643227 -37.46257768858973 1.2265625 0.25805664 [14.156071783643227,-37.46257768858973] 1.558748515103008 1.259028157345734 0.0003290544647556288 1.5396142921401808e-05 [1522.766113281,394.9189453125] 4.502138572075986 3.827938400570255 2.8216614069728787 2.5160630636576773 57.70323793078592 41.39136695007937
13.47008980775559 -37.67208871247541 1.2734375 0.72143555 [13.47008980775559,-37.67208871247541] -0.6359305299030644 0.7205863878376981 0.0005858912585620691 1.568959652801367e-05 [541.23046875,764.552734375] 3.8472733869893645 2.5925863513450365 3.014692126967452 2.6481498892772484 59.67625424828566 4.485069407088531
13.475745195222348 -37.67415622555057 1.2890625 0.861084 [13.475745195222348,-37.67415622555057] -31.389139197371318 0.11209355322622205 0.003768963821191336 1.5700421353363633e-05 [549.2724609375,768.306640625] 3.865150534834539 2.584481148327722 3.010068868139202 2.6303931865762142 59.70382432125871 4.7708023167165265
13.471817173960156 -37.67436601932487 1.2734375 0.72143555 [13.471817173960156,-37.67436601932487] -28.77908920048877 0.46113586356872693 0.0009155809926928171 1.5690412848810023e-05 [543.6748046875,768.6616210938] 3.8472733869893645 2.5925863513450365 3.014692126967452 2.6481498892772484 59.704395688814316 4.566762507638487
13.472043886635777 -37.66972727426476 1.2734375 0.72143555 [13.472043886635777,-37.66972727426476] -7.217235878441687 1.5869770917212769 0.00026689194766451224 1.574036619367596e-05 [544.0317382812,760.3134765625] 3.8472733869893645 2.5925863513450365 3.014692126967452 2.6481498892772484 59.64891766477558 4.594278321283355
14.019336806682908 -35.63867201210644 1.2265625 0.24780273 [14.019336806682908,-35.63867201210644] 12.53126519257646 1.2070305523174782 0.00036702560659305345 1.6463544101181734e-05 [1359.114257812,-2889.630859375] 2.396827476412482 -0.7033289637569622 2.7693812639569018 1.619893967905809 35.81125980168122 48.89515809769023
13.780077989773945 -36.42316430015711 1.2109375 0.1000061 [13.780077989773945,-36.42316430015711] 3.4350589492788712 1.0467727288673425 0.00039546438156699886 1.538397185272172e-05 [999.1533203125,-1480.901367188] 3.246222955511446 -0.49400360691216694 2.855375447099058 1.4173296106017923 44.931751022376716 27.717219267899964
13.551338067385982 -35.66223166066032 1.28125 0.8378906 [13.551338067385982,-35.66223166066032] -27.320024216120096 2.0607990381399106 0.0002084060694669341 1.5960801963005582e-05 [674.3447265625,-2852.262695312] 1.4632296385652706 -1.2443589358349714 3.0602910174847127 1.9678575436338326 35.65170871488931 18.196741952613365
13.94536483463775 -35.09074420542018 1.2421875 0.4156494 [13.94536483463775,-35.09074420542018] -6.7484951708698855 1.4534576728194808 0.00036105871629328774 1.9502438892299742e-05 [1259.428222656,-3876.344726562] 1.8380483686549491 0.019431859937880436 2.720140637283359 1.7929027896084464 29.19684305462124 49.42626250756621
13.698753196877844 -37.89826576530201 1.2265625 0.2689209 [13.698753196877844,-37.89826576530201] -5.730105512902453 1.6424858438543029 0.00024474856739860253 1.4939308538262607e-05 [864.357421875,1173.343261719] 4.15549819770775 3.779797658508173 2.838451335468553 2.787126300653693 62.51708015847316 15.281609926895044
13.694294964750576 -37.028739995038066 1.2109375 0.1000061 [13.694294964750576,-37.028739995038066] -88.71260642257063 1.8309597746333899 0.0002287241037939514 1.5563219435988267e-05 [868.05078125,-391.7856445312] 3.2832567915657536 0.20746020679866506 2.8679348953005794 1.8554721103417688 52.10705191161105 19.24837460024196
14.31365969616433 -36.49396132594972 1.2734375 0.7607422 [14.31365969616433,-36.49396132594972] 6.94904089411682 1.983899202813133 0.00020737104608336437 1.5288906494099307e-05 [1770.254394531,-1345.685058594] 4.150529549098434 2.2400163582776997 2.6714216595486424 1.7742232567513516 46.35791110850653 58.50333757569524
13.615411878424815 -36.499130245469445 1.21875 0.22399902 [13.615411878424815,-36.499130245469445] -9.886167223594287 1.2616184068623038 0.0003197258216115993 1.4990441775372015e-05 [759.9243164062,-1345.706542969] 3.3184552439450505 -0.19356462353121362 2.9929025311415107 1.5909193079067552 45.71315842512968 17.528321342662366
13.90347854236039 -36.16628264587657 1.2109375 0.13336182 [13.90347854236039,-36.16628264587657] -12.75645775151826 2.2564059513964696 0.0001867318665398747 1.56582916544493e-05 [1181.75,-1941.789550781] 2.1999335382852445 -1.1140513345145786 2.783773573785224 1.3205670106487597 41.977149336247294 36.98454508360919
13.8988313885516 -36.168048804102064 1.21875 0.15917969 [13.8988313885516,-36.168048804102064] -6.2138720998084125 2.585115626074869 0.00016256325964437784 1.5617484189429903e-05 [1174.971191406,-1938.668945312] 2.184598125222479 -1.1110560762416726 2.7850821643955603 1.3335123986208626 41.993617057587244 36.687079098372124
14.318986089227261 -37.5447616158714 1.2109375 0.1000061 [14.318986089227261,-37.5447616158714] -80.77827098708767 1.2902170981247056 0.0003258092514664534 1.562193793965707e-05 [1753.553222656,545.6552734375] 5.010242498920893 5.24160881230085 2.7217253696095316 2.7745994721280076 58.865703108694106 49.24738631513719
14.058240059033366 -36.68758762572056 1.2265625 0.2503662 [14.058240059033366,-36.68758762572056] -7.8661521285596905 2.958133079593236 0.00014153259974371916 1.5559043509225405e-05 [1397.208496094,-1001.474121094] 4.093286998950306 1.6185572270470825 2.6711686481360086 1.620617352047582 48.356918570040534 42.00613031672174
13.377567169018846 -35.51280233727856 1.21875 0.22570801 [13.377567169018846,-35.51280233727856] -6.3119554998489384 1.4704388968882773 0.00030460246134831297 1.6645202917724904e-05 [421.0034179688,-3122.124023438] 1.3032969005885695 -0.4060347291508042 2.9385319493481807 2.251292801656832 33.75414903758201 7.488763181348531
13.591941936554493 -35.2419432164191 1.265625 0.6555176 [13.591941936554493,-35.2419432164191] -5.946212837354459 2.4358024681219366 0.0001931531454699757 1.748447330419782e-05 [737.560546875,-3608.096679688] 1.8158979387364915 0.14963377684498136 2.805208205227895 2.329365723549231 30.65320499683139 23.574770688373064
13.733951643610743 -34.78773887186471 1.2421875 0.40112305 [13.733951643610743,-34.78773887186471] -6.444279023433343 0.5935060045327337 0.0010359673635888587 2.28496679949665e-05 [951.5834960938,-4423.76171875] 1.5883947541885044 0.9095949282625542 3.0152947990558197 2.7969047904724276 25.35193814095271 37.26327637156214
13.725702292893274 -34.786209261726015 1.2421875 0.4399414 [13.725702292893274,-34.786209261726015] 1.5524826061286625 0.07568616557279538 0.008107885064690963 2.2805142497412452e-05 [939.4067382812,-4426.594726562] 1.6227289944699848 0.9403751726789853 3.0049559270118698 2.7997564025688466 25.32546825354632 36.67303855748605
13.72998919506725 -34.787666440363104 1.2421875 0.42053223 [13.72998919506725,-34.787666440363104] 5.4746451108793 0.581978860478638 0.0010544488055859544 2.280559524676169e-05 [945.7270507812,-4423.931640625] 1.6055618743292344 0.9168851484345439 3.0101253630338487 2.7967361978421468 25.34712145161575 36.973816891614206
13.50706307061204 -36.12013636455065 1.234375 0.33239746 [13.50706307061204,-36.12013636455065] -6.377105953530849 2.120650968834511 0.00020071666790248772 1.581835569900154e-05 [606.0874023438,-2028.575195312] 1.0464865347796002 -2.119165875356944 2.8505379731708933 1.523806605439234 41.104420454806245 12.927682950203007
13.940448728445238 -36.07077395827001 1.25 0.4946289 [13.940448728445238,-36.07077395827001] -3.84013818227241 2.3984767516768066 0.0001782830473900908 1.589111114745638e-05 [1236.970214844,-2113.193359375] 2.050536623748518 -1.3449955026592924 2.796887047906202 1.3331228757968585 40.87505265978939 40.02083862958216
13.75955578132636 -35.02878967522775 1.25 0.5344238 [13.75955578132636,-35.02878967522775] -3.776549563336478 1.0308375129452212 0.0005223524743028688 2.001071349032681e-05 [986.5336914062,-3989.98046875] 2.079989530566843 0.35445769529222515 2.7092331359957695 2.141237237683341 28.255190848474058 36.95122287434401
13.767042119195787 -35.02931620109633 1.2578125 0.5449219 [13.767042119195787,-35.02931620109633] -2.081687678665676 1.7160038302130034 0.00031406105936676343 2.0028159774909383e-05 [997.5610351562,-3988.955078125] 2.0681576132926995 0.37726042412625915 2.710737368533467 2.1445674123576564 28.2689540136721 37.47645548264654
13.483310649960622 -36.73537827272133 1.2265625 0.27038574 [13.483310649960622,-36.73537827272133] -30.628615216201425 2.471451028998994 0.0001695922543868549 1.5576386896228608e-05 [567.0483398438,-921.4155273438] 3.470359070620224 0.3479718898426509 3.097175151823458 2.06918180020746 48.45954595666353 8.726309168068383
13.30552185366708 -35.97415919188283 1.21875 0.2177124 [13.30552185366708,-35.97415919188283] -84.80455915068858 2.2128346718486185 0.00019249295064882165 1.582969329728871e-05 [313.6284179688,-2292.251953125] 0.5408495725744907 -1.0675718132304133 2.7777185587365993 1.8582589092659036 39.24841917046638 0.9674562593754672
13.642134745914442 -35.28670116069322 1.265625 0.6582031 [13.642134745914442,-35.28670116069322] -16.270707812592548 1.2579485132088841 0.00036650247281049176 1.7133594273497935e-05 [810.8984375,-3527.171875] 1.7054785644701616 -0.15120235597533016 2.8075756301186754 2.174739043130941 31.229212218581438 26.713375247267777
13.643405111140488 -35.29505136158197 1.25 0.49987793 [13.643405111140488,-35.29505136158197] -18.29357622406798 1.5113424726104743 0.0003038950787957841 1.7068496119908047e-05 [812.6811523438,-3512.139648438] 1.584843751144924 -0.42393810076783023 2.8330197982802865 2.1159897850842873 31.330111215339343 26.74032746361422
14.41910157727127 -36.75563056311587 1.28125 0.82299805 [14.41910157727127,-36.75563056311587] -8.044350090169873 0.5659537962172745 0.0007407057285820526 1.5578849578294917e-05 [1916.283691406,-872.6987304688] 4.067790195208024 2.8712672564654342 2.6286652823087295 1.9909312696861035 49.60951379784785 61.8917649728437
14.425576146863008 -36.740070458934774 1.28125 0.79785156 [14.425576146863008,-36.740070458934774] 6.191784309377746 3.1494420668189753 0.00013330555656916276 1.560237024997977e-05 [1926.008789062,-900.5717773438] 4.064016129847576 2.904404703709318 2.628484496095531 1.9969546257640225 49.43369576326461 62.416353324045076
14.065164426570236 -34.77582189439052 1.25 0.5361328 [14.065164426570236,-34.77582189439052] -10.279362856936602 2.4098692279639486 0.0002586545446758766 2.316446598945949e-05 [1441.370117188,-4441.008789062] 0.6423147211516509 -0.3875151054987924 3.088404236132252 2.2926304049984516 25.603269663398464 61.55923987357755
13.848932421537565 -37.775569822515344 1.84375 6.46875 [13.848932421537565,-37.775569822515344] 0.808443001232847 2.515172817239424 0.0001615611438422139 1.5101269328194607e-05 [1079.446777344,954.0483398438] 4.681508212263879 3.376829009612746 2.744359959706719 2.3734983531576237 61.15755322453799 23.502223695759994
14.019845998968846 -36.54264069005178 1.2265625 0.24017334 [14.019845998968846,-36.54264069005178] -11.774379033912481 1.5423449200864243 0.0002654482971600851 1.5214936854207874e-05 [1344.319824219,-1262.905273438] 3.8867491188685284 1.0549473850695463 2.689013945170076 1.4839244889135235 46.58733483613992 40.948563067495115
13.94321821944745 -35.363387866462055 1.25 0.46374512 [13.94321821944745,-35.363387866462055] -14.885260387370757 1.201545844261764 0.0003866749503961554 1.726613321556808e-05 [1252.056152344,-3385.939453125] 1.74741332130771 -0.8651308523921788 2.745888985913962 1.6546497343727506 32.44287701977669 46.5362014413281
13.784232969428352 -37.36608503451113 1.21875 0.20043945 [13.784232969428352,-37.36608503451113] -9.87189876502075 1.4357939847812016 0.00028475082023942267 1.5193779396929273e-05 [992.8413085938,216.3032226562] 4.41764066725888 1.9331106684798107 3.0431622144826 2.221167494576054 56.209873615272386 22.33837734929807
13.560860622518776 -37.00825870302744 1.2109375 0.1000061 [13.560860622518776,-37.00825870302744] -3.386631768864761 2.298333432815403 0.00017926955422117264 1.531187151885555e-05 [676.49609375,-429.73828125] 3.2076202124214857 0.15090906923227676 2.8901154479371067 1.9767933409671694 51.773257988737896 11.937781644820916
13.69707878009285 -36.90155419835811 1.2109375 0.103149414 [13.69707878009285,-36.90155419835811] -7.286303267565945 2.4984643895493512 0.0001667604393689875 1.5483705331528322e-05 [873.5073242188,-620.6870117188] 3.4420246973608046 0.17836935724665093 2.877718510016631 1.7457286624681636 50.58724133304577 20.07951407577889
13.700461446367404 -36.90861121072718 1.2109375 0.103149414 [13.700461446367404,-36.90861121072718] -1.510024814114515 2.9130832327668217 0.00014302997345115622 1.5484195809989997e-05 [878.294921875,-607.9536132812] 3.4420246973608046 0.17836935724665093 2.877718510016631 1.7457286624681636 50.67416224404087 20.23151688919893
13.845397883384576 -35.360912422706626 1.2421875 0.38867188 [13.845397883384576,-35.360912422706626] -10.879539324266979 0.748597744541305 0.0006181579404452439 1.7197157538195517e-05 [1108.514160156,-3391.611328125] 1.6054389562905795 -0.8665863907958484 2.789166381417275 1.8006326468501102 32.306528942971454 39.95438939440078
13.838006852470311 -35.36461251584832 1.234375 0.3725586 [13.838006852470311,-35.36461251584832] -27.447331304738 2.1732623147644006 0.00021210858289954056 1.713085719788663e-05 [1097.615234375,-3385.041015625] 1.598508924092961 -0.8876487865789855 2.793373709784335 1.8104769201196786 32.343014855981664 39.4221088028778
