data_processed/hvc_rms/hvc_rms_index_18.ecsv
# %ECSV 1.0
# ---
# datatype:
# - {name: ra_dec_obj.ra, unit: deg, datatype: float64}
# - {name: ra_dec_obj.dec, unit: deg, datatype: float64}
# - {name: 'H-alpha flux [Error]', unit: R, datatype: float32}
# - {name: H-alpha flux, unit: R, datatype: float32}
# - {name: ra_dec_deg, datatype: string, subtype: 'float64[2]'}
# - {name: RM, unit: rad / m2, datatype: float64}
# - {name: RM_uncert, unit: rad / m2, datatype: float64}
# - {name: pol_int, datatype: float64}
# - {name: pol_int_uncert, datatype: float64}
# - {name: ra_dec_pix_offsets, datatype: string, subtype: 'float64[2]'}
# - {name: interpolation_raw, unit: rad / m2, datatype: float64}
# - {name: interpolation_cor, unit: rad / m2, datatype: float64}
# - {name: interpolation_unc, unit: rad / m2, datatype: float64}
# - {name: pixel location x, datatype: float64}
# - {name: pixel location y, datatype: float64}
# meta: !!omap
# - __serialized_columns__:
#     ra_dec_obj:
#       __class__: astropy.coordinates.sky_coordinate.SkyCoord
#       dec: !astropy.table.SerializedColumn
#         __class__: astropy.coordinates.angles.Latitude
#         unit: &id001 !astropy.units.Unit {unit: deg}
#         value: !astropy.table.SerializedColumn {name: ra_dec_obj.dec}
#       frame: icrs
#       ra: !astropy.table.SerializedColumn
#         __class__: astropy.coordinates.angles.Longitude
#         unit: *id001
#         value: !astropy.table.SerializedColumn {name: ra_dec_obj.ra}
#         wrap_angle: !astropy.coordinates.Angle
#           unit: *id001
#           value: 360.0
#       representation_type: spherical
# schema: astropy-2.0
ra_dec_obj.ra ra_dec_obj.dec "H-alpha flux [Error]" "H-alpha flux" ra_dec_deg RM RM_uncert pol_int pol_int_uncert ra_dec_pix_offsets interpolation_raw interpolation_cor interpolation_unc "pixel location x" "pixel location y"
[from data line 2922]
184.92012010081416 -59.65656670246103 5.34375 41.46875 [184.92012010081416,-59.65656670246103] 87.95906939912652 1.1034465443760062 0.00042727487165209057 1.7521341506886915e-05 [-201.5415039062,-1195.895996094] 61.994797763774145 68.4782763682586 48.42085601737009 55.61481749011 14.896478564864537
179.96931492452057 -59.26633447826164 5.03125 38.265625 [179.96931492452057,-59.26633447826164] 373.9908326102539 0.3433903490967123 0.001700724993607166 2.1703555311845734e-05 [-4751.608398438,-1712.026855469] 46.243623224430465 55.60048585986576 40.66833358123522 55.371419431558024 45.47698073512743
179.96554602563597 -59.26458365629307 5.03125 38.265625 [179.96554602563597,-59.26458365629307] 372.89523651563377 0.7143905559140449 0.0008215508840592145 2.1811165600353283e-05 [-4755.305664062,-1714.896484375] 46.243623224430465 55.60048585986576 40.66833358123522 55.38741404990947 45.50384589814803
179.18959077362348 -60.724716157719314 7.0 58.078125 [179.18959077362348,-60.724716157719314] 293.00301750150874 1.3653450848674122 0.0005054407538461146 2.5646103504849902e-05 [-5229.708984375,962.708984375] 125.67544969274483 194.19531061673496 52.783064161427035 37.28407033046847 46.477178225651414
184.16387943076273 -60.285205750558184 14.125 129.0625 [184.16387943076273,-60.285205750558184] 339.70911442561584 0.32707031219638233 0.0014337754271710166 1.7427334278372382e-05 [-872.4311523438,-58.2314453125] 101.46156633207944 139.96030239698854 57.91451273202709 47.548893284893666 18.43153934397742
185.07337959595472 -61.79967122853639 6.0 48.03125 [185.07337959595472,-61.79967122853639] 172.81287918067216 3.184459917672674 0.00016060937968881875 1.9007079655443553e-05 [-58.0986328125,2661.059326172] 212.1036490700442 281.29074850611096 116.4400088630914 30.19868019161322 10.868497453204327
184.95481897176185 -59.032657521906884 5.5 42.890625 [184.95481897176185,-59.032657521906884] 92.33924044075961 1.051707585682038 0.00045570000169197123 1.781077181814532e-05 [-173.1596679688,-2318.857421875] 26.797502630849593 18.34171754530555 36.28373733273333 63.07108722332646 15.606823417503165
184.95735177168189 -59.02471536615298 5.5 42.890625 [184.95735177168189,-59.02471536615298] 84.54353252341714 0.9530849201508623 0.0005022900502227981 1.779077538855397e-05 [-170.853515625,-2333.15625] 26.797502630849593 18.34171754530555 36.28373733273333 63.16759175132188 15.602979214429524
182.39759836768548 -59.90957251087282 6.0625 48.765625 [182.39759836768548,-59.90957251087282] 238.68790488716365 1.0003997424539415 0.0004716633208217383 1.753534758239914e-05 [-2475.537109375,-689.291015625] 74.74783635697462 108.22498671766981 52.11310421049686 50.44009261560677 29.55895146252101
180.87348943940358 -61.86602396551647 5.65625 44.703125 [180.87348943940358,-61.86602396551647] 702.3877248153775 1.90549858231576 0.0002958582567605198 2.0950820074665267e-05 [-3619.329101562,2897.665283203] 275.5115156314283 268.6027841514874 108.76791606392572 25.777562372480133 34.255504596725814
180.8686063701424 -61.866100295185234 5.65625 44.703125 [180.8686063701424,-61.866100295185234] 743.5488613263412 1.427517182663335 0.0003940364762785512 2.0903859334399405e-05 [-3623.453125,2898.070556641] 275.5115156314283 268.6027841514874 108.76791606392572 25.77155417942845 34.28249036808006
180.85650609697777 -61.87133031071239 5.78125 45.65625 [180.85650609697777,-61.87133031071239] 779.8652805651162 3.1564457086636106 0.0001783893245496028 2.0925502125260713e-05 [-3633.07421875,2908.126953125] 285.47283749689313 272.69733101954046 113.28853975856948 25.697211863558096 34.33816241204454
180.0100247157006 -60.339927765889875 6.3125 51.0625 [180.0100247157006,-60.339927765889875] 5.941345017717024 1.9269811717841951 0.00029540116497466326 2.115428631819674e-05 [-4564.885742188,211.5922851562] 85.68366340275455 141.89496828082918 47.864772920241705 42.793188205375145 42.677435033808706
180.0119631246259 -60.33980935359041 6.3125 51.0625 [180.0119631246259,-60.33980935359041] 5.81414141153156 2.0440497755117883 0.00027874008446373237 2.1173838573237134e-05 [-4563.182617188,211.2456054688] 85.68366340275455 141.89496828082918 47.864772920241705 42.796860360217806 42.6664275361984
183.16696130673895 -58.23823546904928 4.78125 35.78125 [183.16696130673895,-58.23823546904928] 235.0650888909485 0.8970151437638614 0.0006017677950282342 2.006029983382632e-05 [-1870.790039062,-3720.390625] 17.885100634514927 -7.86139795178557 33.623490904466465 70.9904216469256 27.99831776334895
186.70314033025733 -59.703533225006794 6.1875 49.984375 [186.70314033025733,-59.703533225006794] 111.53136234793212 3.0002344469066147 0.00015891377578144508 1.7718438390255242e-05 [1417.645019531,-1094.943847656] 26.090418249575023 46.74622316779441 38.413819836479355 56.23573176468426 4.083764683569825
186.23477149201992 -57.79604712996191 5.3125 41.109375 [186.23477149201992,-57.79604712996191] 253.88064478939273 0.6581326158604716 0.0010739373900257893 2.626643185185375e-05 [1048.389648438,-4535.056640625] 8.013292911879077 -28.48153370802099 28.52612519076614 78.72274885834713 9.270611811503613
186.24356053875434 -57.79397587032589 4.9375 37.34375 [186.24356053875434,-57.79397587032589] 258.30976371852114 1.3156838955925956 0.0005391884809310563 2.6363366516501426e-05 [1056.879882812,-4538.640625] 7.204146835144032 -27.363652273129958 28.25994806858793 78.75326037054447 9.217065536912969
179.9982151401917 -58.43954492693063 5.15625 39.421875 [179.9982151401917,-58.43954492693063] 560.2867039825072 1.8375443648300398 0.0003674156360379158 2.5090202762210364e-05 [-4839.341796875,-3197.365234375] 37.14221789954326 6.3026061554976 36.980097561047 65.13077122168193 47.275315730464854
183.73117108703372 -61.17840575437433 5.96875 47.71875 [183.73117108703372,-61.17840575437433] 272.01205567096736 2.755049444176024 0.00017172323629076068 1.7581955040975824e-05 [-1223.869140625,1556.098632812] 174.22155840157865 263.32551625429744 85.24232854231742 36.5828358747342 19.467842773355187
183.24966444301822 -60.622940046704244 7.625 64.3125 [183.24966444301822,-60.622940046704244] 321.96786177832195 3.2144565850272233 0.00014645374517849148 1.7495112913904915e-05 [-1670.383789062,567.1977539062] 122.61006190379388 173.0940020523401 71.24702764434308 42.7706956261643 23.21585623706369
181.4616240791273 -61.34473417623125 8.125 69.21875 [181.4616240791273,-61.34473417623125] 395.2209116389869 1.8556484509887599 0.00028226696645635503 1.9465450642434712e-05 [-3174.342773438,1930.995117188] 212.33519645901413 273.73004863934466 97.87332426596768 32.53573550599481 32.082481510855814
182.39886471445413 -61.5853881457692 6.625 54.359375 [182.39886471445413,-61.5853881457692] 499.9682774309038 1.6669618971018179 0.0003135513711904991 1.94241972879047e-05 [-2348.407226562,2324.317138672] 257.8519722867179 287.26482583023346 126.80836777083091 30.596062537632633 26.298846362644554
182.4293523045822 -59.44711303408037 5.15625 39.421875 [182.4293523045822,-59.44711303408037] 257.36801024309375 2.524169105441586 0.00018939433208330276 1.776618286708399e-05 [-2480.930664062,-1522.148925781] 64.3577041486996 70.70484042135362 46.94253748306693 55.947787588141864 30.26646307078522
187.31146246538097 -58.289318152401265 5.90625 46.90625 [187.31146246538097,-58.289318152401265] 156.7793813177166 1.3239632773408085 0.00040196699381066117 1.9777665907685456e-05 [2052.301269531,-3622.813476562] -1.8438473033063891 -29.45310831982316 33.47957304900589 73.47774531002028 1.8778428991897727
187.30473349742763 -58.2908286848085 5.90625 46.90625 [187.30473349742763,-58.2908286848085] 155.94514818124227 1.1131371551691014 0.0004756068692578248 1.967458139771063e-05 [2045.852050781,-3620.306640625] -1.8438473033063891 -29.45310831982316 33.47957304900589 73.45602143329006 1.918684920191481
179.75746127697983 -62.55226510719814 6.65625 54.625 [179.75746127697983,-62.55226510719814] 407.48197607830633 2.8571071591873496 0.00025305840274903244 2.6869277900122242e-05 [-4460.637695312,4197.287353516] 427.75297509893574 341.8531899717351 171.5179249747123 16.49132984887342 38.790067061701166
186.16795351650444 -61.68983073571412 6.84375 56.28125 [186.16795351650444,-61.68983073571412] 194.12912855541975 2.2984444816148146 0.00022223571047314897 1.898263805042332e-05 [876.015625,2470.177246094] 145.71813042080885 234.21708633544307 80.79058955357795 32.205797460073654 4.836769598755609
186.1691588140821 -61.683239034505604 6.96875 57.78125 [186.1691588140821,-61.683239034505604] 137.34147654984113 2.6951968668828843 0.0001894623708286242 1.8976764313600815e-05 [877.2314453125,2458.333007812] 137.19172147717353 229.76899974818397 77.81221339203066 32.28518277984654 4.838150469104903
180.2398223344415 -59.88496769121589 5.75 45.515625 [180.2398223344415,-59.88496769121589] 435.2749510534846 1.9809402029927354 0.0002852941838437724 2.100259642164575e-05 [-4421.666015625,-620.6259765625] 67.77010578462904 104.84168660628151 43.65546989918191 48.41621992396631 42.401705304082725
180.2386784569147 -59.88830565889173 5.75 45.515625 [180.2386784569147,-59.88830565889173] 441.1836917171392 0.9382835160633618 0.0006018018200142232 2.0984386980016168e-05 [-4422.250976562,-614.5576171875] 67.77010578462904 104.84168660628151 43.65546989918191 48.37558992032473 42.40066398621002
183.42466705919085 -58.64534758852495 5.09375 38.875 [183.42466705919085,-58.64534758852495] 320.38754472831755 0.6179801328053957 0.0007813814733556502 1.7945118327693108e-05 [-1608.018554688,-2995.06640625] 23.969992309527935 -1.1789761364511477 34.90745392689683 66.39898065039188 25.667675340248252
182.71533182164677 -60.58526620175138 7.25 60.40625 [182.71533182164677,-60.58526620175138] 338.33584725940227 2.4924081588123546 0.00019130966822822882 1.7720043592493452e-05 [-2144.364257812,514.8842773438] 123.67308720831798 173.9606611263166 72.1251365080538 42.7367409802232 26.396982155993555
185.58940102917785 -58.47045906399972 5.5 43.078125 [185.58940102917785,-58.47045906399972] 173.7614015175212 2.7955827578849313 0.00017378906246601143 1.805524960689528e-05 [421.3212890625,-3329.255859375] 12.956242690183327 -18.561042022451588 34.19245565299963 70.2357025483193 12.471439659068437
179.834487798431 -59.31528850068858 4.9375 37.34375 [179.834487798431,-59.31528850068858] 334.7474233084224 0.3921887926717615 0.0015388024087480817 2.2427803354176978e-05 [-4868.106445312,-1614.36328125] 45.85848587841679 59.36104770474937 40.81253732425693 54.63071848264235 46.17007463929281
179.83247414116204 -59.30866234202258 4.9375 37.34375 [179.83247414116204,-59.30866234202258] 321.92427931225177 1.8636285183631796 0.0003245852523367535 2.248002730562773e-05 [-4870.897460938,-1626.1015625] 45.85848587841679 59.36104770474937 40.81253732425693 54.70613502770493 46.198161946015944
179.55662511428767 -60.11526495781349 6.15625 49.40625 [179.55662511428767,-60.11526495781349] 268.99397701284107 1.000891943020958 0.0006612892601710958 2.4597295917662548e-05 [-5001.147460938,-158.5776367188] 77.41966496328844 123.85182827946903 43.421053589286714 44.889518787257884 45.868775251726674
179.5236666029002 -60.10948173850112 6.15625 49.40625 [179.5236666029002,-60.10948173850112] 251.9367656714923 2.8819528708762396 0.00023306977993849847 2.4962124430206006e-05 [-5031.44921875,-166.4423828125] 77.41966496328844 123.85182827946903 43.421053589286714 44.91700673090304 46.07603598966807
185.9171293232651 -59.138923475345955 4.65625 34.53125 [185.9171293232651,-59.138923475345955] 141.61101522492407 0.09157773546114585 0.005222201516125275 1.7772651694907195e-05 [715.8818359375,-2123.674804688] 17.003105095796958 13.17070742650358 33.41905644615567 62.487928845750275 9.555067458327812
185.92427084476424 -59.13832454323886 4.65625 34.53125 [185.92427084476424,-59.13832454323886] 136.00383733033667 0.7877400193578649 0.0006062160115038594 1.7746757519058155e-05 [722.4877929688,-2124.674804688] 17.003105095796958 13.17070742650358 33.41905644615567 62.49980975525182 9.512055367697258
184.52554316357717 -58.776950695613564 4.40625 32.125 [184.52554316357717,-58.776950695613564] 266.6266026394755 1.083644638454594 0.0004380712764603855 1.7641697375559382e-05 [-574.9858398438,-2776.541015625] 22.879106058529686 4.182869440191567 32.516116037210274 65.7800026756654 18.638914962975377
182.07788064437227 -58.465011763825764 4.40625 31.992188 [182.07788064437227,-58.465011763825764] 342.05493740725683 2.150802417734283 0.00024030524735712812 1.9207572158931166e-05 [-2883.099609375,-3273.44140625] 39.48311392275667 3.5738627757421852 36.65672537140015 67.21625190400391 34.353524107161775
182.07116745807247 -58.462997403058715 4.40625 31.992188 [182.07116745807247,-58.462997403058715] 357.1197731749591 0.8046701644791169 0.0006403341272755768 1.9148433490146594e-05 [-2889.576171875,-3276.767578125] 39.48311392275667 3.5738627757421852 36.65672537140015 67.23305146492089 34.3992104420945
179.84298717099796 -62.54672248209652 6.53125 53.203125 [179.84298717099796,-62.54672248209652] 457.2164887301781 2.398270451744978 0.00029965708231121567 2.6707387423536147e-05 [-4390.803710938,4181.610595703] 427.7054351896113 341.47698688927903 172.82117829011733 16.6516265247476 38.33999176797465
179.51245080652606 -61.84174343627207 6.28125 50.765625 [179.51245080652606,-61.84174343627207] 555.3275563608041 0.7962572438295275 0.0008562197260923617 2.5336541282187308e-05 [-4773.973632812,2940.735595703] 247.4286251957677 265.04895225396547 101.57873624206948 24.559771068829605 41.86867940699858
179.5151365815187 -61.84613039681379 6.28125 50.765625 [179.5151365815187,-61.84613039681379] 583.7761414008329 3.022637912225426 0.00022387295893933082 2.514759560206492e-05 [-4771.020507812,2948.405761719] 247.4286251957677 265.04895225396547 101.57873624206948 24.51137472387586 41.842980134607615
181.03111303181228 -60.97549825105243 7.65625 64.53125 [181.03111303181228,-60.97549825105243] 410.8723166048656 1.44041204950695 0.0003495212429938382 1.870979482895973e-05 [-3586.831054688,1289.684082031] 153.0189451957464 242.98478892265467 69.53350000475541 36.448274312170724 35.32880139182089
180.17892445545382 -58.59892258075749 4.90625 36.984375 [180.17892445545382,-58.59892258075749] 498.2746176794676 1.2899615580474744 0.00046907677996326375 2.2486890574171864e-05 [-4648.584960938,-2924.456054688] 37.653576492781035 12.735423402411534 38.10608584933098 63.479025975753984 45.78497961475841
186.6565702842758 -60.28321082649712 5.96875 47.546875 [186.6565702842758,-60.28321082649712] 12.708231577046483 0.3503401185165019 0.0013822359899927597 1.7996198401053174e-05 [1351.503417969,-52.80517578125] 56.56577665911893 92.37968332284322 45.420139840098884 49.28486524560208 3.694326795064626
186.6277620655256 -60.27808765564776 6.15625 49.4375 [186.6277620655256,-60.27808765564776] -83.98417500581802 0.1633433994370066 0.0029516149029618034 1.7917193639611122e-05 [1326.014648438,-62.60888671875] 56.986380190401974 92.8676949096207 45.37058402163106 49.329522900439315 3.870999646573864
186.631820792831 -60.278827796664025 6.15625 49.4375 [186.631820792831,-60.278827796664025] -83.57576315350501 0.36787606780668636 0.0013135487002738189 1.7957935936163584e-05 [1329.60546875,-61.1953125] 56.986380190401974 92.8676949096207 45.37058402163106 49.32301696615286 3.846084437565196
186.6494598386767 -60.2812614011351 5.96875 47.546875 [186.6494598386767,-60.2812614011351] 22.85000542077686 1.5181504184822687 0.0003171620625553829 1.789388905284295e-05 [1345.241210938,-56.45849609375] 56.56577665911893 92.37968332284322 45.420139840098884 49.30407607631946 3.73872151716796
185.94630434348784 -59.585498746903646 4.5625 33.6875 [185.94630434348784,-59.585498746903646] 59.355485017233214 2.534477062062976 0.00018979083805352164 1.7876080911772917e-05 [733.119140625,-1319.690917969] 37.673582333517246 51.10000748833278 38.896495080298095 57.17928169321385 8.800181299726773
