data_processed/hvc_rms/hvc_rms_index_12.ecsv
# %ECSV 1.0
# ---
# datatype:
# - {name: ra_dec_obj.ra, unit: deg, datatype: float64}
# - {name: ra_dec_obj.dec, unit: deg, datatype: float64}
# - {name: 'H-alpha flux [Error]', unit: R, datatype: float32}
# - {name: H-alpha flux, unit: R, datatype: float32}
# - {name: ra_dec_deg, datatype: string, subtype: 'float64[2]'}
# - {name: RM, unit: rad / m2, datatype: float64}
# - {name: RM_uncert, unit: rad / m2, datatype: float64}
# - {name: pol_int, datatype: float64}
# - {name: pol_int_uncert, datatype: float64}
# - {name: ra_dec_pix_offsets, datatype: string, subtype: 'float64[2]'}
# - {name: interpolation_raw, unit: rad / m2, datatype: float64}
# - {name: interpolation_cor, unit: rad / m2, datatype: float64}
# - {name: interpolation_unc, unit: rad / m2, datatype: float64}
# - {name: pixel location x, datatype: float64}
# - {name: pixel location y, datatype: float64}
# meta: !!omap
# - __serialized_columns__:
#     ra_dec_obj:
#       __class__: astropy.coordinates.sky_coordinate.SkyCoord
#       dec: !astropy.table.SerializedColumn
#         __class__: astropy.coordinates.angles.Latitude
#         unit: &id001 !astropy.units.Unit {unit: deg}
#         value: !astropy.table.SerializedColumn {name: ra_dec_obj.dec}
#       frame: icrs
#       ra: !astropy.table.SerializedColumn
#         __class__: astropy.coordinates.angles.Longitude
#         unit: *id001
#         value: !astropy.table.SerializedColumn {name: ra_dec_obj.ra}
#         wrap_angle: !astropy.coordinates.Angle
#           unit: *id001
#           value: 360.0
#       representation_type: spherical
# schema: astropy-2.0
ra_dec_obj.ra ra_dec_obj.dec "H-alpha flux [Error]" "H-alpha flux" ra_dec_deg RM RM_uncert pol_int pol_int_uncert ra_dec_pix_offsets interpolation_raw interpolation_cor interpolation_unc "pixel location x" "pixel location y"
[from data line 1059]
53.19783788866423 -56.28245543856082 1.2265625 0.28149414 [53.19783788866423,-56.28245543856082] 17.00065294497872 2.9009031121664473 0.00023060188735648659 2.486020952271671e-05 [-5289.248046875,1207.114257812] 22.37983059378964 20.949099745104064 6.365040866894663 47.80534128088425 79.22211083856837
54.77936912339533 -55.85503768712621 1.234375 0.35253906 [54.77936912339533,-55.85503768712621] 20.441672256535792 1.6347726010447392 0.00028205593199521383 1.7135677949480223e-05 [-3755.384765625,336.1811523438] 23.33457400609392 20.867833834717498 6.238157218187835 54.87199758930467 93.51305921841004
54.762832731794255 -55.867324790444194 1.234375 0.31835938 [54.762832731794255,-55.867324790444194] 17.477289812611552 1.319855180512749 0.00035182606461825456 1.7256908447577352e-05 [-3770.86328125,359.1635742188] 23.28651808319092 20.86546590708489 6.214951355502522 54.837113523311814 93.23915347696538
53.69350399980381 -57.48046104927811 1.296875 0.96533203 [53.69350399980381,-57.48046104927811] 23.21637974555975 1.2303903200805275 0.0004795849698635935 2.1928916445307975e-05 [-4644.5859375,3321.7421875] 22.571965815240713 25.83389654055345 6.9918793088619955 57.5583534277373 62.48068230093395
53.69403440305727 -57.48189162471615 1.296875 0.96533203 [53.69403440305727,-57.48189162471615] 24.47502915419679 1.1174820168598232 0.0005268961720484328 2.1881358899081755e-05 [-4643.892578125,3324.274169922] 22.571965815240713 25.83389654055345 6.9918793088619955 57.56967034034335 62.46061296957578
54.93805653742427 -57.47414391321839 1.2109375 0.12149048 [54.93805653742427,-57.47414391321839] 20.03674386818063 2.8464644919511524 0.00017363497853323628 1.836756948468505e-05 [-3444.115234375,3237.782714844] 24.248513916979263 25.483972917765428 6.845659194415046 64.59185607905249 68.26904168553165
58.51594905920255 -56.407535460541894 1.2578125 0.579834 [58.51594905920255,-56.407535460541894] 28.0544068829931 2.850361636043297 0.00015435938925667728 1.6350902121042877e-05 [16.8837890625,1229.830078125] 22.824573013835305 27.060351021986726 6.731216239819766 80.36219673677329 99.86401713683335
57.05306202058344 -56.64034273916733 1.2578125 0.56591797 [57.05306202058344,-56.64034273916733] 21.783159872369012 1.7858775343074342 0.00024192731055356175 1.6056292631622734e-05 [-1431.037109375,1663.783203125] 23.024041343161613 26.60835435646449 6.0764690158647 72.60379515742238 90.48393784660152
57.05376072982846 -56.61702349889779 1.2734375 0.7697754 [57.05376072982846,-56.61702349889779] 19.494984242371793 2.9481313145932875 0.00014692878159943128 1.609764716877246e-05 [-1431.23046875,1621.80859375] 23.296691217980822 26.6762129519963 6.091765920996579 72.49217207442757 90.86051728885514
57.15162318718106 -58.074562072293574 1.25 0.5197754 [57.15162318718106,-58.074562072293574] 19.561633656098316 2.2124637027637193 0.00026319994823286304 2.1640667741252695e-05 [-1282.357421875,4241.798950195] 24.843716180513344 25.12502755343594 6.751817838033732 80.48248905159721 68.15043036958673
54.16034320672334 -58.062660194649396 1.234375 0.36547852 [54.16034320672334,-58.062660194649396] 25.101769483104263 1.497934142873571 0.0004317656894950616 2.4035300208404857e-05 [-4127.205078125,4337.164672852] 24.59997057729987 25.919053540432955 7.02635446284831 63.56049044380313 55.512425402391955
58.90467469651486 -56.999671945503245 1.28125 0.81103516 [58.90467469651486,-56.999671945503245] 23.57367621284588 2.397034663018732 0.0001848505862114652 1.646659672936978e-05 [397.7231445312,2296.671386719] 24.294163491175894 27.087295789310645 6.004435877631189 85.4717960482626 91.83142690849945
58.09476474884706 -57.93770981724085 1.2890625 0.8635254 [58.09476474884706,-57.93770981724085] 26.65594671741199 2.2004045037917264 0.0002390689989451196 1.9549447651435975e-05 [-386.2045898438,3984.3125] 26.60041500630254 27.22044962089479 7.112019589287551 85.2119610937807 73.97879603170281
59.14676279498187 -57.93572610066161 1.2890625 0.8527832 [59.14676279498187,-57.93572610066161] 25.03837541400322 0.6327943184961102 0.0008639919924837414 2.031800167648528e-05 [619.01171875,3982.495361328] 22.412214969175356 24.85526647017367 6.730657473692918 91.32342262793907 77.9176164470723
59.14183824833864 -57.93730545846806 1.2890625 0.8527832 [59.14183824833864,-57.93730545846806] 25.709170894980765 2.8192050107603346 0.00019422181193890878 2.034854510796229e-05 [614.279296875,3985.292236328] 22.412214969175356 24.85526647017367 6.730657473692918 91.30218993646201 77.87501350677371
59.145465879720305 -57.93391033851441 1.2890625 0.8527832 [59.145465879720305,-57.93391033851441] 25.11710184702744 0.8016766476246646 0.0006780922099693044 2.0202108132838256e-05 [617.8037109375,3979.218017578] 22.412214969175356 24.85526647017367 6.730657473692918 91.30717007568956 77.9414312856245
60.856380561468455 -58.167121877381334 1.2109375 0.1461792 [60.856380561468455,-58.167121877381334] 16.361845150018393 3.19674554630291 0.00020084799652121118 2.3860760189394596e-05 [2237.512695312,4433.790649414] 22.201148051515247 23.719892540474852 6.412064459826396 102.4106382350268 80.21019528165539
56.38565446499847 -56.680435104535476 1.2578125 0.5566406 [56.38565446499847,-56.680435104535476] 7.2399397255663125 1.7552615714018518 0.00025144995085605286 1.6402199994279282e-05 [-2089.094726562,1752.868164062] 21.875498095356594 24.938364277452703 6.573557275411653 68.81157240214509 87.12013843717318
53.77588661817207 -55.875125848656886 1.234375 0.3713379 [53.77588661817207,-55.875125848656886] 20.040862162774687 1.8549686795946279 0.0002971327040100983 2.048310255754779e-05 [-4763.993164062,433.9384765625] 21.041160757614456 20.42539674355535 6.0783281064377235 48.94566956673293 88.57545035110161
53.77649682779296 -55.87648014937129 1.234375 0.3713379 [53.77649682779296,-55.87648014937129] 22.561586840297167 2.1492124736142553 0.00025648566379452703 2.0485716156063845e-05 [-4763.212890625,436.3286132812] 21.041160757614456 20.42539674355535 6.0783281064377235 48.9567749186275 88.55630982894854
57.6468276380819 -57.64935678460306 1.2265625 0.2498169 [57.6468276380819,-57.64935678460306] 24.413111788782857 3.1773813570908227 0.0001497663112718022 1.7684475329223758e-05 [-820.7270507812,3469.540039062] 26.8517343500475 27.313088606971426 6.264546059048161 81.16370824134901 76.78978822578188
62.095481982797295 -57.825668330232766 1.2265625 0.24536133 [62.095481982797295,-57.825668330232766] 24.553104287247812 2.447071291945596 0.00023332271855153338 2.1218386365266714e-05 [3444.989501953,3870.973388672] 24.79054714728091 22.87745760208122 6.117472560633007 108.29055696000614 89.51198500330338
57.84072109483831 -56.11944588633748 1.2109375 0.1000061 [57.84072109483831,-56.11944588633748] 19.37126559067476 2.781647567725012 0.00015831123304651802 1.6365246043607377e-05 [-660.5283203125,714.435546875] 23.644140698107055 26.2602621140067 6.526255191797713 74.87186118676493 101.95231124548036
56.478641198870285 -55.68609242480679 1.2109375 0.1000061 [56.478641198870285,-55.68609242480679] -15.09956669297028 0.9454438408824587 0.00045848991512636105 1.6109209426774595e-05 [-2049.663085938,-38.845703125] 22.266656409151814 22.617666861170445 6.2630881922716535 64.39316467262802 103.56284320279474
59.18457042632579 -56.1630096464733 1.265625 0.66064453 [59.18457042632579,-56.1630096464733] 19.295493100985464 2.804570373593579 0.0001568115516370434 1.634380218806619e-05 [687.126953125,793.0903320312] 22.181955818824164 25.250051643863355 6.773056387480079 83.37665890852475 106.22757041754494
60.077240058566765 -57.90411380198642 1.2890625 0.87158203 [60.077240058566765,-57.90411380198642] 20.882192888688575 3.2432783489896226 0.00016679551641798053 2.0103760341433868e-05 [1509.294433594,3939.908691406] 23.857676883104585 24.881864457955096 6.438961489751804 96.636227253774 81.69841539625463
58.89807106380166 -57.41178889378459 1.2578125 0.5695801 [58.89807106380166,-57.41178889378459] 24.338734105758846 1.9902162313291636 0.00022696392154495084 1.678671795863563e-05 [386.9169921875,3038.182617188] 23.97101283215791 26.09315824569929 6.287973955871828 87.36698653220515 85.26944852756083
56.78399652343688 -56.70516582431202 1.265625 0.6425781 [56.78399652343688,-56.70516582431202] 26.244317818042127 0.2195913555817117 0.0020011698744562996 1.6330816513549405e-05 [-1694.338867188,1786.486328125] 21.84460112953084 25.794533653417183 6.067564971801641 71.31564408123108 88.35934858360201
56.78597215157191 -56.69138322876922 1.265625 0.6425781 [56.78597215157191,-56.69138322876922] 23.78585092022314 1.7192363100858865 0.00025622527081952 1.637066188620167e-05 [-1693.0078125,1761.640625] 21.84460112953084 25.794533653417183 6.067564971801641 71.25806377301194 88.58809852498894
59.624527108252224 -56.191039907124875 1.2265625 0.29418945 [59.624527108252224,-56.191039907124875] 19.10376650371454 1.522029216958323 0.00028675167180756424 1.621950705706342e-05 [1127.215820312,849.2890625] 24.643385907494803 26.54772421378565 7.0027410881301 86.23392740606118 107.32908393105959
59.712070233504505 -56.41307454469799 1.2421875 0.3881836 [59.712070233504505,-56.41307454469799] 22.574879757072125 1.7520398985216692 0.00025166309944506455 1.638597304601227e-05 [1207.844238281,1250.346679688] 24.95365542979989 26.90783193228441 6.964328208081464 87.74729091741938 104.07241802060594
59.70123688922478 -56.41136936986408 1.2421875 0.3881836 [59.70123688922478,-56.41136936986408] 29.234034656228374 2.9321553367616424 0.00014995998387755665 1.634071526068502e-05 [1197.112792969,1247.090332031] 24.95365542979989 26.90783193228441 6.964328208081464 87.67286877806066 104.06205717013404
55.818569288687186 -58.16730878218268 1.21875 0.16357422 [55.818569288687186,-58.16730878218268] 13.758238154236988 1.7808588171187523 0.00036062496338362237 2.3866788272586157e-05 [-2543.802734375,4445.333984375] 27.15390261009969 25.48800704164514 6.655440839912575 73.41927688171074 61.203776050341276
56.83820719190153 -55.998329181428666 1.2109375 0.1000061 [56.83820719190153,-55.998329181428666] 19.913089325015108 0.5240534268372721 0.0008187990884826831 1.5946362002700337e-05 [-1671.510742188,513.328125] 22.532435000846927 24.174844249847872 6.191589966676752 68.13454307344932 99.96020638496566
57.62668612858701 -56.218738487906116 1.2421875 0.41479492 [57.62668612858701,-56.218738487906116] 62.99550099045359 0.16891767389620477 0.0025738648539473754 1.6157327764808395e-05 [-873.0161132812,895.5161132812] 23.500825977425382 25.50459844317924 6.625389970987839 74.02896179578124 99.52449066521262
57.13813822488164 -57.96002958884437 1.2421875 0.40429688 [57.13813822488164,-57.96002958884437] 19.31097398442093 0.4876887439186997 0.0011212271146685989 2.032099771100467e-05 [-1299.345703125,4036.097167969] 25.195812541302125 25.57267706566251 6.741294473048757 79.80952325939757 69.89272390984047
57.1184384574641 -57.9737167340929 1.2265625 0.28503418 [57.1184384574641,-57.9737167340929] 18.48458184574125 0.7331031345156042 0.0007523193237676669 2.049632489649713e-05 [-1317.6484375,4061.082275391] 25.04702079647999 25.426540538374844 6.774576762445816 79.76761400565533 69.5991284007066
53.98019820983618 -55.97626492935021 1.2421875 0.45458984 [53.98019820983618,-55.97626492935021] 49.584088787757565 2.4727650370255727 0.0002100984391559441 1.9306981510362746e-05 [-4546.467773438,601.8623046875] 21.517778774926533 20.76590950578887 6.187262561908264 50.72249599148347 87.89009468494646
57.7387999932001 -56.82955182412528 1.265625 0.61938477 [57.7387999932001,-56.82955182412528] 27.65455783481191 2.857484099035891 0.00015155885433771585 1.6094364735990483e-05 [-748.6357421875,1993.478515625] 24.315221626602092 26.8509659877993 6.381001999500437 77.65141660654706 90.15944297374995
57.74296584959123 -57.46944042890771 1.265625 0.63012695 [57.74296584959123,-57.46944042890771] 22.174039343565262 2.441396326709731 0.0001871646709237313 1.6981297281228648e-05 [-731.7490234375,3144.801269531] 25.676717811692715 27.07503773855979 6.261014192009453 80.82548460222256 80.00552724801423
56.567905123901554 -56.995956363517685 1.2578125 0.6047363 [56.567905123901554,-56.995956363517685] 20.711003890292623 0.3107723614759337 0.0014299326226526118 1.651454700135727e-05 [-1892.9765625,2315.218017578] 20.30852657437672 24.51523102577788 6.249233378995521 71.51020489469113 82.83015589966385
54.104915841475645 -57.939617221470414 1.2578125 0.57788086 [54.104915841475645,-57.939617221470414] 35.656756206234746 1.1471151804508757 0.000535215367534512 2.2816252006065348e-05 [-4194.22265625,4119.639648438] 24.479137255438115 26.030602095590055 6.951492377660631 62.5360954480243 57.18108421355055
54.093925228239996 -57.9524192900219 1.2578125 0.57788086 [54.093925228239996,-57.9524192900219] 25.571670760025228 0.8458752209168066 0.0007265812827925103 2.2840163688551813e-05 [-4203.192382812,4143.284179688] 24.479137255438115 26.030602095590055 6.951492377660631 62.549354865555756 56.93019202420851
54.096564934636184 -57.94950870481835 1.2578125 0.57788086 [54.096564934636184,-57.94950870481835] 28.02457392180212 2.103066698798451 0.00029056562413511057 2.27094168793224e-05 [-4201.01953125,4137.899902344] 24.479137255438115 26.030602095590055 6.951492377660631 62.54711701890085 56.98787912438547
58.879024512197795 -56.431549032375905 1.2578125 0.5439453 [58.879024512197795,-56.431549032375905] 25.11585326737082 2.8154327872504292 0.00015669448387373055 1.6394854822071756e-05 [378.232421875,1274.080566406] 22.356142379145 26.16862849119874 6.89467073498095 82.69895194365142 100.81287303077806
62.267749846659825 -57.22134776451329 1.2265625 0.22949219 [62.267749846659825,-57.22134776451329] 22.774753613278946 0.30892356294983947 0.0016628697697585934 1.909052959231449e-05 [3670.067871094,2794.137695312] 26.914483438336962 24.05265817195427 5.670144137954221 106.86398098301675 99.53606617000219
62.25444020244974 -57.22041326419217 1.2265625 0.22949219 [62.25444020244974,-57.22041326419217] 25.00170872073443 1.939953107918141 0.00026341691974015257 1.8990814978064105e-05 [3657.218017578,2791.755615234] 26.914483438336962 24.05265817195427 5.670144137954221 106.7787456411179 99.51043661813105
59.773742723782384 -57.54605867848382 1.2734375 0.7026367 [59.773742723782384,-57.54605867848382] 16.166976826267 0.4754323148228272 0.0009819792042918424 1.7350008462433755e-05 [1231.23046875,3289.947509766] 25.538524357873225 25.182989569631594 6.775247459300234 93.19877663525278 86.27898671599564
56.574795263942256 -57.937889074092965 1.265625 0.6801758 [56.574795263942256,-57.937889074092965] 21.508281441814667 2.422619732833215 0.00021952213398696574 1.9763882776928536e-05 [-1838.204101562,4009.039550781] 25.089512138843734 25.13065730303035 7.160301208468325 76.46724368172693 67.95781259244382
53.43763373287869 -57.75214764081164 1.3203125 1.1665039 [53.43763373287869,-57.75214764081164] 27.868856834755128 3.2392801807471754 0.00020161396822911354 2.427045033158472e-05 [-4854.821289062,3826.778564453] 23.993453557848518 26.081624703936203 6.925480717152498 57.718802429607535 56.99903404956672
62.33533861166921 -57.3437461623876 1.2109375 0.10559082 [62.33533861166921,-57.3437461623876] 37.34995438988885 1.808197068493807 0.00028550210608977957 1.9185087322878664e-05 [3723.390136719,3017.638916016] 26.304125454454667 24.121502836351024 5.864596406884343 107.76908515193963 97.8122908194623
54.7180599160043 -55.9251404292938 1.234375 0.3647461 [54.7180599160043,-55.9251404292938] 22.90180200099497 0.8764390400465911 0.0005327724661527225 1.7352905029293084e-05 [-3810.302734375,465.5263671875] 23.234481942894874 20.92268696676349 6.186677063250429 54.87379248367574 92.09874683482303
