data_processed/hvc_rms/hvc_rms_index_2_with_B.ecsv
# %ECSV 1.0
# ---
# datatype:
# - {name: ra_dec_obj.ra, unit: deg, datatype: float64}
# - {name: ra_dec_obj.dec, unit: deg, datatype: float64}
# - {name: 'H-alpha flux [Error]', unit: R, datatype: float32}
# - {name: H-alpha flux, unit: R, datatype: float32}
# - {name: ra_dec_deg, datatype: string, subtype: 'float64[2]'}
# - {name: RM, unit: rad / m2, datatype: float64}
# - {name: RM_uncert, unit: rad / m2, datatype: float64}
# - {name: pol_int, datatype: float64}
# - {name: pol_int_uncert, datatype: float64}
# - {name: ra_dec_pix_offsets, datatype: string, subtype: 'float64[2]'}
# - {name: interpolation_raw, unit: rad / m2, datatype: float64}
# - {name: interpolation_cor, unit: rad / m2, datatype: float64}
# - {name: interpolation_unc, unit: rad / m2, datatype: float64}
# - {name: interpolation_cor_unc, unit: rad / m2, datatype: float64}
# - {name: HI, unit: dex(1 / cm2), datatype: float64}
# - {name: 'HI [Error]', unit: dex(1 / cm2), datatype: float64}
# - {name: pixel location x, datatype: float64}
# - {name: pixel location y, datatype: float64}
# - {name: 'B_virtual [raw]', unit: G, datatype: float64}
# - {name: 'B_virtual_unc [raw]', unit: G, datatype: float64}
# - {name: 'B_virtual [int]', unit: G, datatype: float64}
# - {name: 'B_virtual_unc [int]', unit: G, datatype: float64}
# meta: !!omap
# - __serialized_columns__:
#     ra_dec_obj:
#       __class__: astropy.coordinates.sky_coordinate.SkyCoord
#       dec: !astropy.table.SerializedColumn
#         __class__: astropy.coordinates.angles.Latitude
#         unit: &id001 !astropy.units.Unit {unit: deg}
#         value: !astropy.table.SerializedColumn {name: ra_dec_obj.dec}
#       frame: icrs
#       ra: !astropy.table.SerializedColumn
#         __class__: astropy.coordinates.angles.Longitude
#         unit: *id001
#         value: !astropy.table.SerializedColumn {name: ra_dec_obj.ra}
#         wrap_angle: !astropy.coordinates.Angle
#           unit: *id001
#           value: 360.0
#       representation_type: spherical
# schema: astropy-2.0
ra_dec_obj.ra ra_dec_obj.dec "H-alpha flux [Error]" "H-alpha flux" ra_dec_deg RM RM_uncert pol_int pol_int_uncert ra_dec_pix_offsets interpolation_raw interpolation_cor interpolation_unc interpolation_cor_unc HI "HI [Error]" "pixel location x" "pixel location y" "B_virtual [raw]" "B_virtual_unc [raw]" "B_virtual [int]" "B_virtual_unc [int]"
[from data line 829]
317.09182741616524 -4.414354440591668 0.453125 2.1435547 [317.09182741616524,-4.414354440591668] 54.825715023670654 3.1305701487298574 0.00016864509611881886 1.962030978443037e-05 [139.013671875,-470.5703125] -7.913279111917326 -3.239859622342939 7.550304664856919 8.721128994866886 0.0 0.0 19.463451470712243 13.238483253511731 7.184059305715853e-06 1.1550949385452917e-06 8.220971754885956e-06 1.5535555237689593e-06
314.7676086720335 -3.332902427614181 0.37890625 1.394043 [314.7676086720335,-3.332902427614181] 31.653197454823484 1.3575429401300503 0.0004414731023945233 2.2272374845575464e-05 [-4036.291992188,-2410.515625] -2.2674302433858475 -5.239654360332372 8.57371906486414 7.611755411456707 0.0 0.0 50.072420105519086 16.053426054602824 4.147660411411108e-06 9.90547574732115e-07 4.4447719645030255e-06 1.503126397498914e-06
314.7662961798056 -3.3203290564494483 0.37890625 1.394043 [314.7662961798056,-3.3203290564494483] 30.513292180303786 2.1713716040370286 0.00027705432261065195 2.235670455675003e-05 [-4038.700195312,-2433.133789062] -2.2674302433858475 -5.239654360332372 8.57371906486414 7.611755411456707 0.0 0.0 50.160460352307155 15.911150266505501 3.998293511380489e-06 1.011356634530139e-06 4.295405064472406e-06 1.5167361063862846e-06
316.7376099066806 -3.660292275401338 0.44140625 2.0136719 [316.7376099066806,-3.660292275401338] -0.07540861630940784 0.6995528014438793 0.0007586454526970261 1.972277690892896e-05 [-497.1469726562,-1827.697265625] -4.2282306422884774 -4.837267865157175 8.389612456859009 7.965010680025113 0.0 0.0 27.624865351986728 6.442377001982095 -9.88112916529889e-09 9.218106941458753e-07 5.441628934129908e-07 1.435311875327735e-06
314.6004030807876 -6.9322056677712975 0.35546875 1.1640625 [314.6004030807876,-6.9322056677712975] -55.581640589528874 1.4750071304297006 0.0005342352635951774 2.9284335536779808e-05 [-4312.090820312,4067.91394043] -21.418495828915137 -22.099683371505613 9.278251490769145 7.978828395423497 0.0 0.0 31.160756585936724 61.20013869061677 -7.283111622561837e-06 1.1010629520561308e-06 -4.4765500627587255e-06 1.57570227685222e-06
316.6067504800361 -5.586943215515723 0.3984375 1.6015625 [316.6067504800361,-5.586943215515723] -23.12699319044403 0.4117039440274122 0.0012863585336695459 1.9681389787545763e-05 [-730.2177734375,1640.223632812] -10.20036117230758 -8.080174649635673 8.364895031534202 8.90797964072558 0.0 0.0 17.684417701648727 31.13393228248242 -3.0304336308483027e-06 9.497408546365218e-07 -1.6938345628755314e-06 1.4365589457182464e-06
316.6021727618301 -5.594173464322771 0.40234375 1.6313477 [316.6021727618301,-5.594173464322771] -23.002128597246795 1.5912352494516957 0.00033394839264221045 1.974796966627861e-05 [-738.4091796875,1653.241210938] -10.353860958850703 -8.392710392578284 8.37197362562547 8.885826726142835 0.0 0.0 17.69065452601353 31.255223955634392 -3.0140720632458425e-06 9.705412555377237e-07 -1.6573592298718464e-06 1.4510450149537576e-06
316.60452266314627 -5.590210839501322 0.3984375 1.6015625 [316.60452266314627,-5.590210839501322] -20.225309956033847 2.795840851465402 0.0001901665678144078 1.9758561257115334e-05 [-734.2045898438,1646.106933594] -10.20036117230758 -8.080174649635673 8.364895031534202 8.90797964072558 0.0 0.0 17.688900206296353 31.189830187731786 -2.650213064032091e-06 1.0098142353603015e-06 -1.31361399605932e-06 1.479125425332706e-06
315.4698179289071 -4.992195017023321 0.40820312 1.6948242 [315.4698179289071,-4.992195017023321] 75.22881171976871 0.9364636306616975 0.0005788164259508264 2.014375663053588e-05 [-2769.306640625,572.576171875] -8.119523857005229 -8.910209008535745 8.591477349164501 7.712270978029964 0.0 0.0 33.027444504980394 31.468701898203108 9.85756856358399e-06 1.211450274056097e-06 1.0921506186608443e-05 1.695302891045825e-06
315.4709474644313 -4.9888830868017875 0.40820312 1.6948242 [315.4709474644313,-4.9888830868017875] -18.605024602530648 3.20723037741855 0.00016939936696850296 2.0190665922012057e-05 [-2767.295898438,566.6103515625] -8.119523857005229 -8.910209008535745 8.591477349164501 7.712270978029964 0.0 0.0 33.03477461012119 31.420402315872707 -2.4378998079856506e-06 1.0272939490645863e-06 -1.3739621849611958e-06 1.5156526238891812e-06
314.20727512277494 -4.038123165243195 0.375 1.3535156 [314.20727512277494,-4.038123165243195] 38.4254033152466 1.701205765340804 0.0004536047470169494 2.867762225448657e-05 [-5038.206054688,-1137.704101562] -0.9560499074250487 -5.7580656462491255 9.815646857101694 8.227806808536155 0.0 0.0 51.78480796211079 28.326266640743142 5.035052915289826e-06 1.024933888811181e-06 5.160328422069816e-06 1.6470590710130936e-06
314.209900148452 -4.04101141965003 0.37109375 1.3193359 [314.209900148452,-4.04101141965003] 30.116138717797252 2.329737412247224 0.00033101069143950495 2.8658779992743848e-05 [-5033.48046875,-1132.524414062] -1.0926552379372922 -5.981418707105526 9.702689307113692 8.095871059333431 0.0 0.0 51.740508570261454 28.343562945916347 3.946252712151779e-06 1.016110634942075e-06 4.089428227996005e-06 1.62976756843451e-06
315.1395873489855 -5.041686975403812 0.33203125 0.9379883 [315.1395873489855,-5.041686975403812] -30.24764629966572 0.6554693056829417 0.0008553035875944717 2.0834417188000353e-05 [-3360.947265625,663.1005859375] -9.571208885707325 -9.533937314661717 8.21178837468452 7.236121825430422 0.0 0.0 36.201660397079195 34.29390115645583 -3.963484740350343e-06 9.73407266739324e-07 -2.7093263179270476e-06 1.4327303238612172e-06
315.1384276196732 -5.0368207660143405 0.3359375 0.9658203 [315.1384276196732,-5.0368207660143405] -2.7999396357575472 1.7715560844874476 0.00031593555336431297 2.0799941354031663e-05 [-3363.05078125,654.3471679688] -9.345549102472622 -9.416708065569946 8.222811973680516 7.2959954726138045 0.0 0.0 36.24188640907994 34.24199258931094 -3.668886468151335e-07 9.466071505025571e-07 8.577005622386117e-07 1.4355457124663483e-06
315.141265786871 -5.0522350437621 0.33203125 0.9379883 [315.141265786871,-5.0522350437621] -6.052916041501266 1.416881354803035 0.0003914552429994284 2.0612197860628277e-05 [-3357.884765625,682.0786132812] -9.571208885707325 -9.533937314661717 8.21178837468452 7.236121825430422 0.0 0.0 36.123229517126674 34.41202535627099 -7.931407332469767e-07 9.379544076818887e-07 4.6101768917631876e-07 1.4265249730740594e-06
316.4795837340049 -6.156168951983527 0.45898438 2.1972656 [316.4795837340049,-6.156168951983527] -33.41369609730202 2.5333053567370167 0.00021209396202662086 1.996753938098185e-05 [-957.0434570312,2664.755371094] -13.624486459034998 -13.011401169767629 8.284050505474998 8.630242471687554 0.0 0.0 15.752112372087709 39.11009632968171 -4.378346443499109e-06 1.0354246047001593e-06 -2.5930688837012786e-06 1.4738113466509444e-06
315.8400573911113 -5.817802458565459 0.42773438 1.8730469 [315.8400573911113,-5.817802458565459] -43.51783192468044 2.8754988051615804 0.00018769674785070628 2.005758505269055e-05 [-2102.721679688,2057.249511719] -15.557059661592682 -13.73424354143256 8.102500033939872 8.51410581694238 0.0 0.0 24.397185399955333 39.18267845439368 -5.7023366730028214e-06 1.089878919253328e-06 -3.663825379840686e-06 1.4815397342713638e-06
317.12158205628396 -5.0914191912142295 0.4375 1.9770508 [317.12158205628396,-5.0914191912142295] 17.004003570752293 0.34118895124019116 0.0015505674614916462 1.9660489574215594e-05 [192.2250976562,748.1450195312] -6.928552513168244 -5.484490941356326 7.160102010183935 8.423673908081632 0.0 0.0 15.176551679614022 21.430325461787106 2.2281108424057534e-06 9.351779246099954e-07 3.135990149330929e-06 1.3362064591364172e-06
316.06726071567806 -5.539869854041831 0.37890625 1.4003906 [316.06726071567806,-5.539869854041831] -45.31254029086435 2.622226241095398 0.00020502033784656167 1.9979094779145357e-05 [-1696.750976562,1556.434082031] -12.025853911997128 -11.199434712128546 7.7400585858851585 8.285674459344323 0.0 0.0 23.607947897820168 34.20369090511667 -5.9375053586015955e-06 1.086805524944519e-06 -4.3617037905169456e-06 1.4517891473371862e-06
316.05972306782394 -5.540069952797797 0.38085938 1.4228516 [316.05972306782394,-5.540069952797797] -42.667342743417414 0.4630855854718779 0.001167628757108007 2.0094386371953052e-05 [-1710.252929688,1556.8125] -12.090620752563092 -11.454977327218465 7.724056320091002 8.262809782725688 0.0 0.0 23.685805580456417 34.257038962619845 -5.59089326155939e-06 1.0206034146444008e-06 -4.006605003908195e-06 1.4036990122864702e-06
316.05834966252394 -5.5421853073262 0.38085938 1.4228516 [316.05834966252394,-5.5421853073262] -42.40464326413872 1.2239191128885987 0.00044170136166053173 2.0090472834017592e-05 [-1712.70703125,1560.623046875] -12.090620752563092 -11.454977327218465 7.724056320091002 8.262809782725688 0.0 0.0 23.68803275362211 34.29255854921439 -5.556470570712512e-06 1.0301727614874963e-06 -3.972182313061318e-06 1.4109151555263147e-06
315.5425413485813 -5.700139018783326 0.39257812 1.5405273 [315.5425413485813,-5.700139018783326] -43.49898808756165 1.2586367708264101 0.000443518055545586 2.0745333608658783e-05 [-2635.895507812,1846.497070312] -15.57517660548606 -13.623966234258814 7.531241148851278 7.6179950441397315 0.0 0.0 28.19298665145243 39.712979837229796 -5.699867480519874e-06 1.0358034712919014e-06 -3.6589822429538732e-06 1.388028335572691e-06
315.4275514031914 -5.503357797035247 0.37695312 1.3896484 [315.4275514031914,-5.503357797035247] -18.798896350806167 3.112042373876688 0.00017839613378089981 2.0631919896674635e-05 [-2842.73828125,1492.786621094] -13.744542278261477 -12.640484708549625 8.001188968244522 7.413975230085073 0.0 0.0 30.526592481900934 38.048139045074095 -2.4633036925809143e-06 1.022637735147152e-06 -6.622946803989798e-07 1.4524421870347738e-06
316.85992427245804 -4.772390248746497 0.43164062 1.9394531 [316.85992427245804,-4.772390248746497] 0.6825070587850074 0.6037240625951767 0.0008706473107589325 1.9533922121668354e-05 [-277.0336914062,173.9155273438] -8.716942059805154 -7.195508041116333 6.921227186234396 8.045882541652963 0.0 0.0 19.774299518043108 19.276376710796285 8.943196061855784e-08 9.206738082311873e-07 1.2316519698804898e-06 1.2960072281722314e-06
317.3601988974983 -7.14393469529424 0.40234375 1.6420898 [317.3601988974983,-7.14393469529424] -21.209747988822635 2.766847466671573 0.00027685417001800525 2.8467215569226437e-05 [617.6645507812,4441.443481445] -14.980449623256034 -12.531190574948202 7.497196632264524 8.905342126998995 0.0 0.0 0.9016184266592973 45.67199343670836 -2.7792083941851675e-06 1.0106240675481917e-06 -8.162529001565789e-07 1.3935779893826192e-06
317.0977173689246 -6.139780470904941 0.34375 1.0478516 [317.0977173689246,-6.139780470904941] -15.377752018692114 0.5868755122114959 0.0009110585944271695 1.9870143392186655e-05 [149.1713867188,2634.909667969] -13.02559761017679 -9.541226451775353 7.276538138788615 8.571102228874441 0.0 0.0 9.36171073339142 34.72070500250629 -2.0150158086069477e-06 9.342297750688815e-07 -3.082133403947302e-07 1.325504528626685e-06
317.0953979343741 -6.14102748376758 0.33789062 1.0004883 [317.0953979343741,-6.14102748376758] -15.539894186710509 0.7286934496618028 0.0007384185771995578 1.99966010873159e-05 [145.0200195312,2637.153076172] -13.093235782305491 -9.57885839107756 7.3583901856854315 8.644098361030304 0.0 0.0 9.378881621968162 34.75218562712553 -2.0362620240096763e-06 9.362318767132683e-07 -3.205966227797491e-07 1.3344596797540857e-06
314.54888904157525 -6.698346589725414 0.39648438 1.5805664 [314.54888904157525,-6.698346589725414] -33.7751677150163 0.40038878601632955 0.0017562328295910173 2.6132003024242464e-05 [-4406.204101562,3647.584472656] -22.117600684245744 -21.737447854367698 8.883565322220644 7.651203460357976 0.0 0.0 33.00815497652354 58.627165950540984 -4.4257116905892974e-06 9.835083340847873e-07 -1.527543286453366e-06 1.4878783428625986e-06
314.54571533197213 -6.702929490574197 0.39648438 1.5805664 [314.54571533197213,-6.702929490574197] -35.10365707963683 1.969358810693534 0.0003596194465298338 2.631944468474636e-05 [-4411.831054688,3655.848388672] -22.117600684245744 -21.737447854367698 8.883565322220644 7.651203460357976 0.0 0.0 33.01603096005306 58.7046256807962 -4.599789609652024e-06 1.0202992689915295e-06 -1.7016212055160926e-06 1.5103499879512673e-06
315.5495297595553 -2.996674860528171 0.40429688 1.6616211 [315.5495297595553,-2.996674860528171] 22.049598090116405 2.034095089244674 0.0002842055181735106 2.1483867264926216e-05 [-2632.817382812,-3019.223632812] -3.0681412316815173 -6.400056805636767 9.876399565257483 7.605217434390553 0.0 0.0 43.93310121922775 6.64692247517678 2.8892577192692265e-06 9.82284252410925e-07 3.291290023949534e-06 1.6295193727824088e-06
314.36987307501226 -6.769217514050478 0.35546875 1.1811523 [314.36987307501226,-6.769217514050478] 3.6327057236059623 2.333465662506748 0.0003261727007242103 2.8285100573414717e-05 [-4725.224609375,3776.231933594] -23.079684468722142 -23.358401114430027 8.673732217915557 7.429221161232601 0.0 0.0 34.50137169223399 60.665104632518705 4.7600972184915766e-07 9.675995724397628e-07 3.500244278734067e-06 1.5177788712146737e-06
315.21405019660773 -2.4249136716886204 0.41601562 1.7714844 [315.21405019660773,-2.4249136716886204] 7.869157337092201 1.2315806855460818 0.0005669816774743935 2.5950193291249547e-05 [-3237.138671875,-4046.380859375] -5.032854483079888 -6.579194768649678 9.959008360833923 8.083768257488364 0.0 0.0 50.84450721796247 2.1055389490566085 1.031130975150472e-06 9.349133593705027e-07 1.6906084679268735e-06 1.6088223067448655e-06
315.21176152805765 -2.4227169807606947 0.41601562 1.7714844 [315.21176152805765,-2.4227169807606947] 2.869859421668468 1.994548177137421 0.0003496459332639287 2.59168201763398e-05 [-3241.2578125,-4050.321289062] -5.032854483079888 -6.579194768649678 9.959008360833923 8.083768257488364 0.0 0.0 50.88146298749052 2.0951125515402964 3.7605054991863414e-07 9.542156495997478e-07 1.0355280426950358e-06 1.6184371850029487e-06
318.3654785449297 -5.37254085539088 0.375 1.3623047 [318.3654785449297,-5.37254085539088] 21.376615575020764 0.5301627472212367 0.0010334260829796922 2.0360916826922153e-05 [2421.092773438,1256.450683594] -0.8873121338029988 -2.780440692653203 6.865065046075588 7.93165625601402 0.0 0.0 0.5536224617919743 16.285568488581703 2.8010738023231454e-06 9.463140373407141e-07 2.9173422903705857e-06 1.3072494204254232e-06
318.3620299077379 -5.366412543107979 0.38671875 1.4790039 [318.3620299077379,-5.366412543107979] 29.93189018614204 1.5294833647239447 0.0003578612292571592 2.034080378007418e-05 [2414.938476562,1245.408691406] -0.7740993429842997 -2.6603751882999953 6.878881533410621 7.96982270802841 0.0 0.0 0.6254980366504697 16.232528072860987 3.922109800785632e-06 9.890696206241014e-07 4.023543509148831e-06 1.3400736626723439e-06
314.6969605042252 -4.504235236705368 0.36914062 1.2949219 [314.6969605042252,-4.504235236705368] 25.780613359602285 0.8611652238739683 0.0006962511949494227 2.228235762573423e-05 [-4157.315429688,-301.9350585938] -4.957538071991176 -8.452741458886383 8.638164767704843 7.414609603233375 0.0 0.0 43.94839847269213 30.695078887511045 3.3781493817846284e-06 9.622096816956349e-07 4.027757827459294e-06 1.4957609407488897e-06
318.402587791887 -4.560873390584586 0.44726562 2.0888672 [318.402587791887,-4.560873390584586] 35.67811371041328 3.146484880463654 0.00017323382665474228 2.02566232703897e-05 [2490.640136719,-204.3872070312] -3.3759109438441515 -2.225655869414645 6.98043253718152 8.051850053734919 0.0 0.0 4.960856561320497 5.833175611839579 4.675063238135992e-06 1.0718208348351688e-06 5.1174239883956225e-06 1.41869033838688e-06
