data_processed/hvc_rms/hvc_rms_index_24.ecsv
# %ECSV 1.0
# ---
# datatype:
# - {name: ra_dec_obj.ra, unit: deg, datatype: float64}
# - {name: ra_dec_obj.dec, unit: deg, datatype: float64}
# - {name: 'H-alpha flux [Error]', unit: R, datatype: float32}
# - {name: H-alpha flux, unit: R, datatype: float32}
# - {name: ra_dec_deg, datatype: string, subtype: 'float64[2]'}
# - {name: RM, unit: rad / m2, datatype: float64}
# - {name: RM_uncert, unit: rad / m2, datatype: float64}
# - {name: pol_int, datatype: float64}
# - {name: pol_int_uncert, datatype: float64}
# - {name: ra_dec_pix_offsets, datatype: string, subtype: 'float64[2]'}
# - {name: interpolation_raw, unit: rad / m2, datatype: float64}
# - {name: interpolation_cor, unit: rad / m2, datatype: float64}
# - {name: interpolation_unc, unit: rad / m2, datatype: float64}
# - {name: interpolation_cor_unc, unit: rad / m2, datatype: float64}
# - {name: pixel location x, datatype: float64}
# - {name: pixel location y, datatype: float64}
# meta: !!omap
# - __serialized_columns__:
#     ra_dec_obj:
#       __class__: astropy.coordinates.sky_coordinate.SkyCoord
#       dec: !astropy.table.SerializedColumn
#         __class__: astropy.coordinates.angles.Latitude
#         unit: &id001 !astropy.units.Unit {unit: deg}
#         value: !astropy.table.SerializedColumn {name: ra_dec_obj.dec}
#       frame: icrs
#       ra: !astropy.table.SerializedColumn
#         __class__: astropy.coordinates.angles.Longitude
#         unit: *id001
#         value: !astropy.table.SerializedColumn {name: ra_dec_obj.ra}
#         wrap_angle: !astropy.coordinates.Angle
#           unit: *id001
#           value: 360.0
#       representation_type: spherical
# schema: astropy-2.0
ra_dec_obj.ra ra_dec_obj.dec "H-alpha flux [Error]" "H-alpha flux" ra_dec_deg RM RM_uncert pol_int pol_int_uncert ra_dec_pix_offsets interpolation_raw interpolation_cor interpolation_unc interpolation_cor_unc "pixel location x" "pixel location y"
[from data line 1086]
214.18481440850508 -31.52878961334814 1.2734375 0.7158203 [214.18481440850508,-31.52878961334814] -24.884860700775878 2.9071340136296824 0.00014807899490014195 1.5998056031617326e-05 [72.93505859375,-1947.966308594] -25.521761767832846 -23.771260932611924 6.61102300132999 6.6594414944878455 56.024412597230366 24.376075507335827
214.65309145313324 -32.894321508079784 1.34375 1.4130859 [214.65309145313324,-32.894321508079784] 15.776357168606124 0.6682323037669996 0.0006416160166191512 1.5933506665117425e-05 [779.6123046875,511.7436523438] -25.39408532001892 -21.00461024585221 6.73666067870088 7.6753280715563985 39.03792411060613 26.180520519023275
214.65695200901274 -32.89368045458845 1.34375 1.4130859 [214.65695200901274,-32.89368045458845] 12.91762010064846 0.871353347328571 0.000490886632656964 1.5895866730583036e-05 [785.4526367188,510.6181640625] -25.39408532001892 -21.00461024585221 6.73666067870088 7.6753280715563985 39.030709388975765 26.136950992442962
214.08314506916994 -32.14663689839956 1.34375 1.4121094 [214.08314506916994,-32.14663689839956] -36.80550785958873 0.4187759218522596 0.001020611035306473 1.5883663077669483e-05 [-82.4931640625,-835.9423828125] -23.298541121431686 -22.560687251386284 6.966410966484707 7.4188920656055375 49.498290799093866 28.516822792506446
214.09217822118336 -32.16477965421613 1.34375 1.4121094 [214.09217822118336,-32.16477965421613] -37.69681663466035 0.6752115610128082 0.0006301249077240755 1.581157817844022e-05 [-68.71240234375,-803.29296875] -23.298541121431686 -22.560687251386284 6.966410966484707 7.4188920656055375 49.26211658575767 28.50948411973377
214.08766182593163 -32.153114422120495 1.34375 1.4121094 [214.08766182593163,-32.153114422120495] -19.67542492759088 2.9915074412616374 0.0001428614227845609 1.588231340442005e-05 [-75.60400390625,-824.2866210938] -23.298541121431686 -22.560687251386284 6.966410966484707 7.4188920656055375 49.409207088140874 28.500428312895565
216.20552060101275 -33.6571732918281 1.296875 0.9650879 [216.20552060101275,-33.6571732918281] -3.3574201689681415 2.786269198468935 0.0001742471212023381 1.804252803616555e-05 [3098.124511719,1913.008300781] -10.668306743711812 -13.366423433720906 7.296696209750765 7.481074967314266 24.655796114328496 14.026847947508031
212.08598315189928 -33.79421240181397 1.4609375 2.59375 [212.08598315189928,-33.79421240181397] -61.260160163472634 0.9929402359098399 0.00046902047924229505 1.7307072732481007e-05 [-3067.794921875,2159.130615234] -30.506228845247563 -31.020501884418238 7.012246136506 7.423965602283495 37.880472418810314 57.32524071015109
212.0849456334858 -33.792121887365035 1.4609375 2.59375 [212.0849456334858,-33.792121887365035] -63.149172868093885 0.6848127434277193 0.000677860003006163 1.7251249080711878e-05 [-3069.420898438,2155.399169922] -30.506228845247563 -31.020501884418238 7.012246136506 7.423965602283495 37.90756320988885 57.326992132639134
213.07043467256568 -34.17721941950597 1.3671875 1.6748047 [213.07043467256568,-34.17721941950597] -41.158632013272786 3.193140811292795 0.00014086768514812685 1.6716222827007667e-05 [-1588.564453125,2826.705566406] -29.982465413588372 -34.072419720172064 7.174091112813518 7.6220950006628545 30.27393491723069 48.757117283283606
217.0641936984471 -34.3575553990457 1.3359375 1.3583984 [217.0641936984471,-34.3575553990457] -42.390987270015195 0.5036530225379348 0.0011813687008260232 2.2111876916230205e-05 [4347.413818359,3203.025146484] -10.172639705123961 -10.510044615441398 7.21751937666167 6.470941760086097 13.55893517920913 9.042835874095317
217.06599419250452 -34.35768889582365 1.3359375 1.3583984 [217.06599419250452,-34.35768889582365] -37.49555728718294 0.4838491735717718 0.0012300532164321635 2.211783468607586e-05 [4350.078857422,3203.338867188] -10.172639705123961 -10.510044615441398 7.21751937666167 6.470941760086097 13.550321615694884 9.0255982110491
216.46942143218035 -35.03463363408351 1.2109375 0.1000061 [216.46942143218035,-35.03463363408351] -31.204021056322 2.209893251969769 0.00030035249229348006 2.4666710624707103e-05 [3436.320068359,4398.795898438] -22.357543917411714 -19.494031115642315 7.089599370524947 6.218154864756965 8.415726684002948 18.471219865384683
212.54937762184494 -34.45946122496579 1.2109375 0.1000061 [212.54937762184494,-34.45946122496579] -61.27890159503534 1.3768134513521035 0.0003565850042911896 1.8245126510110983e-05 [-2356.34375,3344.147460938] -31.556885112645173 -36.32569111336876 6.694892847671516 7.052328827767706 28.825793974634053 55.420479243994805
213.34005724433763 -32.32263937661102 1.3125 1.109375 [213.34005724433763,-32.32263937661102] -14.320679415247747 2.239980820436649 0.00019107640002369192 1.590596612799843e-05 [-1212.596679688,-514.6123046875] -27.627853988709177 -25.332856003675772 7.040507941347964 7.263801273751712 50.21688945452729 37.30253358565437
212.73912017645196 -32.71011351641886 1.4453125 2.4375 [212.73912017645196,-32.71011351641886] -26.584266311458375 2.3348060693571377 0.00018497191248314146 1.6049640303116313e-05 [-2117.352539062,192.2216796875] -28.77632325477318 -27.12316592754461 6.607176441461579 7.537004779635005 47.955527529097935 45.53531606051115
214.02302545645193 -32.03287510879578 1.28125 0.80737305 [214.02302545645193,-32.03287510879578] -31.253244388436393 0.2947700930821687 0.001448087750620337 1.5863061267319492e-05 [-174.3359375,-1040.631835938] -23.917077495695207 -22.175133686695784 6.858723082048412 7.376713764807546 50.99214700745506 28.601027209629365
214.01811231735968 -32.02972798634834 1.28125 0.80737305 [214.01811231735968,-32.02972798634834] -37.40619700961821 0.7244207758309945 0.0005885188500318583 1.5843822849896185e-05 [-181.8393554688,-1046.288085938] -23.917077495695207 -22.175133686695784 6.858723082048412 7.376713764807546 51.045451935971414 28.63812874404448
214.02416989873615 -32.0311966491244 1.28125 0.80737305 [214.02416989873615,-32.0311966491244] -32.0447768609096 0.32063234682010133 0.0013303862458114513 1.5852354774185805e-05 [-172.5927734375,-1043.654785156] -23.917077495695207 -22.175133686695784 6.858723082048412 7.376713764807546 51.00670301431751 28.580567500109737
214.0163726663828 -32.03425969577823 1.28125 0.80737305 [214.0163726663828,-32.03425969577823] -26.004475140811106 2.476932596556502 0.00017209153760187835 1.5840993166463445e-05 [-184.4848632812,-1038.128417969] -23.917077495695207 -22.175133686695784 6.858723082048412 7.376713764807546 51.00117213275985 28.678929807601435
213.39735412454917 -32.31137849705339 1.328125 1.2983398 [213.39735412454917,-32.31137849705339] -21.064507372686645 2.234358643667164 0.00019113202196588267 1.5870661968515792e-05 [-1125.590820312,-535.51171875] -27.792815275746406 -25.312178550287367 7.011361649537851 7.297758588989364 50.13927034378207 36.636105677633395
213.58520493454043 -31.559890713537836 1.3125 1.140625 [213.58520493454043,-31.559890713537836] 2.748035399727848 2.5737363280094714 0.00016651446564151017 1.5926660546169855e-05 [-846.7377929688,-1889.806152344] -24.457418338963798 -24.504816505579846 6.580226156374957 6.682284700804072 57.8940265203978 31.003725120668378
212.81977839235358 -33.55585870217302 1.375 1.7290039 [212.81977839235358,-33.55585870217302] -52.06003743862752 2.7947313774063516 0.00015659619345614648 1.6264097723084404e-05 [-1976.084960938,1712.806640625] -27.145308392105807 -29.532014153747497 6.818455811622803 7.304610581869036 38.13514459988528 48.54629743598366
214.12356562201515 -32.9769743550826 1.3515625 1.5136719 [214.12356562201515,-32.9769743550826] -20.008337010423453 2.812644254066387 0.00015113324287966372 1.5797323433777842e-05 [-20.68896484375,658.6313476562] -25.16363482010808 -23.978977098273063 6.519684172745615 7.402724019593595 40.061585881513565 32.135328792106975
212.7933499341544 -32.45333090018923 1.359375 1.6030273 [212.7933499341544,-32.45333090018923] -20.18824667188428 3.2672120052732283 0.0001327964662965501 1.6123990664051424e-05 [-2041.083007812,-271.0092773438] -24.497623588304883 -23.57961592440187 6.6548005953963845 7.095072308544074 50.664914311478924 43.771178645490636
214.22233588570091 -32.95232011905616 1.359375 1.6005859 [214.22233588570091,-32.95232011905616] -28.97300587356493 2.7677871333719275 0.00015555941583208387 1.600065248053682e-05 [128.4897460938,614.3037109375] -25.215395665727286 -23.599108355356737 6.503301382585957 7.385636649178603 39.977689348229205 30.978963023096412
214.22428893683093 -32.943866777072316 1.359375 1.6005859 [214.22428893683093,-32.943866777072316] -31.75159733593542 3.040443730174332 0.00014197774406637267 1.6042274551392915e-05 [131.4521484375,599.0903320312] -25.215395665727286 -23.599108355356737 6.503301382585957 7.385636649178603 40.06509790275527 30.917342203873886
216.98182672391874 -33.62032686425569 1.3125 1.1611328 [216.98182672391874,-33.62032686425569] 47.53964050778077 2.8094117914359495 0.00018916320527627217 1.9749712065289314e-05 [4261.981445312,1873.578613281] -2.4752697654714497 -7.460000773592023 6.819364995528437 6.605369847069598 21.99156116025597 5.962556008226784
212.94836454872276 -32.087051504310274 1.4140625 2.1035156 [212.94836454872276,-32.087051504310274] -0.3083292007722958 0.09046383784055095 0.0047631861604316966 1.6013315742638236e-05 [-1812.998046875,-933.064453125] -24.166361238157545 -23.92432977967302 6.2619145738625095 6.5637058957162155 54.251789155157894 40.39898193595195
212.94625845471825 -32.08829114496212 1.40625 2.0351562 [212.94625845471825,-32.08829114496212] 1.23545727412766 0.12257110709787074 0.003517530458709644 1.6022662272764553e-05 [-1816.184570312,-930.7973632812] -24.13512249385672 -23.854861345629136 6.377608948881672 6.6544301481981964 54.24522658696878 40.427499657635735
215.076690590947 -33.32985694104387 1.421875 2.2304688 [215.076690590947,-33.32985694104387] -5.063450068221688 1.7706398573293967 0.0002478254413558927 1.6307403884322896e-05 [1412.775878906,1300.022460938] -24.71812782107852 -21.916639293992873 7.636462603831941 7.858513916124202 32.60324206217706 23.940214617486163
215.07394405912822 -33.320022507761195 1.421875 2.2304688 [215.07394405912822,-33.320022507761195] -9.491435906349864 1.5070455889577754 0.00029090145548673637 1.6292247070881355e-05 [1408.8046875,1282.286132812] -24.71812782107852 -21.916639293992873 7.636462603831941 7.858513916124202 32.72298438843086 23.919485554257108
215.07907096361055 -33.33474743752932 1.421875 2.2304688 [215.07907096361055,-33.33474743752932] -13.825364777342593 2.521498752099081 0.00017425445188390114 1.632868996357571e-05 [1416.275878906,1308.855957031] -24.71812782107852 -21.916639293992873 7.636462603831941 7.858513916124202 32.539889244422284 23.940033081577212
215.27082822936842 -32.091838761583666 1.3125 1.1367188 [215.27082822936842,-32.091838761583666] -27.060800829833994 3.151670376786494 0.00013618226865764002 1.5950344139022046e-05 [1728.508300781,-925.3920898438] -21.298400283369503 -18.650730516425526 6.730933408903095 7.689294209507009 45.619186338451755 15.642335736795303
215.81971756368839 -32.201740248920984 1.328125 1.2441406 [215.81971756368839,-32.201740248920984] -18.25415131954089 3.221619824895889 0.00013874984538000748 1.6611754344590282e-05 [2562.1953125,-716.5209960938] -15.514507192503947 -15.655093731512789 6.719212893272966 7.783004079133439 42.255289970561535 10.43941504143686
212.77937325433243 -32.50900270793711 1.34375 1.4702148 [212.77937325433243,-32.50900270793711] -21.10771520334941 2.624029875806706 0.00016531041539297032 1.6120469851877238e-05 [-2061.030273438,-170.5385742188] -25.239421618102366 -24.069168240133955 6.641722782424665 7.133669684234427 50.08544838161697 44.17831792419406
212.78804018476984 -32.511146487192434 1.34375 1.4702148 [212.78804018476984,-32.511146487192434] -17.59995587036695 2.257175061281864 0.0001916247823422916 1.6074061328620675e-05 [-2047.829101562,-166.84765625] -25.239421618102366 -24.069168240133955 6.641722782424665 7.133669684234427 50.03130422454274 44.09535950541158
213.22290013156902 -33.60938273747096 1.3671875 1.6469727 [213.22290013156902,-33.60938273747096] -25.41255913897423 3.1559270312650134 0.00013546003149068688 1.588718045992436e-05 [-1370.657226562,1802.781738281] -27.46607332301345 -29.555802994609707 6.994043264101169 7.868346431314202 36.15214723323811 44.56619405311744
212.95086656790923 -32.81019583411997 1.3125 1.1005859 [212.95086656790923,-32.81019583411997] -35.28162275137171 3.222003375210709 0.00013375324760360037 1.6015445722531243e-05 [-1794.71484375,368.4580078125] -29.784193139647073 -27.815010554907058 6.587690193587443 7.470778476965994 46.09633410673814 43.7398092457795
214.48956290181616 -32.72560871150185 1.390625 1.8891602 [214.48956290181616,-32.72560871150185] -25.123873597005634 3.110213128307768 0.0001382809028163629 1.5983101583415215e-05 [533.4702148438,207.056640625] -25.278485238786658 -22.113918924729308 6.726574011555516 7.652117032762701 41.52754664668919 27.061727165145385
216.67710871408806 -32.1529807210946 1.34375 1.4628906 [216.67710871408806,-32.1529807210946] -20.240939570563818 3.024314040268477 0.00015578754962344908 1.750928191058448e-05 [3869.276367188,-778.3422851562] -10.917826400234537 -10.858156623852615 6.854127759894006 7.492778028773769 39.35038476702994 1.2306656522750927
214.9677123674685 -32.99994668570437 1.3828125 1.8325195 [214.9677123674685,-32.99994668570437] 10.99858616959023 0.20484042359517227 0.0021240290146288246 1.616906151877615e-05 [1253.603515625,704.8676757812] -25.488929367273474 -21.153981381663897 6.9987998460227985 7.642257129718661 36.68429082569128 23.421931015166592
214.9764405267606 -33.007324281963854 1.3828125 1.8325195 [214.9764405267606,-33.007324281963854] 2.3084765360046626 0.14509245032707266 0.0030005480701147265 1.6179090602845636e-05 [1266.672363281,718.25] -25.488929367273474 -21.153981381663897 6.9987998460227985 7.642257129718661 36.56934876196328 23.367954529061308
213.04167149137595 -33.92942048878824 1.3984375 1.965332 [213.04167149137595,-33.92942048878824] -74.05643719109509 1.0983315464361152 0.00040188168989309023 1.6403645705269464e-05 [-1636.16796875,2381.26953125] -29.9716155667421 -32.72770138485121 7.51086191800857 7.959144678517774 33.1663737553115 47.926913223518795
213.03488161161735 -33.92781453168569 1.3984375 1.965332 [213.03488161161735,-33.92781453168569] -59.99457586251987 1.1166718103937554 0.0003969619650884905 1.647339654440663e-05 [-1646.337890625,2378.484619141] -29.9716155667421 -32.72770138485121 7.51086191800857 7.959144678517774 33.207581013525214 47.99028971142138
213.90228281890222 -32.12636187636317 1.3359375 1.3950195 [213.90228281890222,-32.12636187636317] -21.25489170009381 2.092238784332838 0.0002045943641209001 1.5907928041845126e-05 [-358.2133789062,-872.0595703125] -25.000778587422452 -22.85312582274096 6.8742521547116375 7.392124956425971 50.389435576334336 30.348046269086808
212.7006531730275 -32.75312038985682 1.40625 2.0742188 [212.7006531730275,-32.75312038985682] -23.342039296746968 2.6205090666581996 0.00016536684477821569 1.610433551143166e-05 [-2174.544921875,270.4038085938] -29.83752984506199 -28.207020904888743 6.766097574076971 7.763711550905414 47.60224044714255 46.14336860856952
213.46768172208238 -33.809867810582226 1.359375 1.6137695 [213.46768172208238,-33.809867810582226] -24.338595090870207 2.09950392356614 0.00020520378002385437 1.601071586379943e-05 [-1001.398925781,2160.845214844] -28.698579130935762 -29.51256077277216 6.775488361471472 7.670015300047321 33.04801560184478 42.94323735754256
