data_processed/hvc_rms/hvc_rms_index_4.ecsv
# %ECSV 1.0
# ---
# datatype:
# - {name: ra_dec_obj.ra, unit: deg, datatype: float64}
# - {name: ra_dec_obj.dec, unit: deg, datatype: float64}
# - {name: 'H-alpha flux [Error]', unit: R, datatype: float32}
# - {name: H-alpha flux, unit: R, datatype: float32}
# - {name: ra_dec_deg, datatype: string, subtype: 'float64[2]'}
# - {name: RM, unit: rad / m2, datatype: float64}
# - {name: RM_uncert, unit: rad / m2, datatype: float64}
# - {name: pol_int, datatype: float64}
# - {name: pol_int_uncert, datatype: float64}
# - {name: ra_dec_pix_offsets, datatype: string, subtype: 'float64[2]'}
# - {name: interpolation_raw, unit: rad / m2, datatype: float64}
# - {name: interpolation_cor, unit: rad / m2, datatype: float64}
# - {name: interpolation_unc, unit: rad / m2, datatype: float64}
# - {name: pixel location x, datatype: float64}
# - {name: pixel location y, datatype: float64}
# meta: !!omap
# - __serialized_columns__:
#     ra_dec_obj:
#       __class__: astropy.coordinates.sky_coordinate.SkyCoord
#       dec: !astropy.table.SerializedColumn
#         __class__: astropy.coordinates.angles.Latitude
#         unit: &id001 !astropy.units.Unit {unit: deg}
#         value: !astropy.table.SerializedColumn {name: ra_dec_obj.dec}
#       frame: icrs
#       ra: !astropy.table.SerializedColumn
#         __class__: astropy.coordinates.angles.Longitude
#         unit: *id001
#         value: !astropy.table.SerializedColumn {name: ra_dec_obj.ra}
#         wrap_angle: !astropy.coordinates.Angle
#           unit: *id001
#           value: 360.0
#       representation_type: spherical
# schema: astropy-2.0
ra_dec_obj.ra ra_dec_obj.dec "H-alpha flux [Error]" "H-alpha flux" ra_dec_deg RM RM_uncert pol_int pol_int_uncert ra_dec_pix_offsets interpolation_raw interpolation_cor interpolation_unc "pixel location x" "pixel location y"
[from data line 314]
14.80093668634961 -14.075519583011078 0.24511719 0.1000061 [14.80093668634961,-14.075519583011078] -0.8346849774412012 0.4215189969126894 0.0010874908885673666 1.703536652926948e-05 [2034.15625,125.90625] 5.276372714359901 6.228077567930718 3.0815811975041694 37.13431842934369 79.36426653596936
14.80213172923928 -14.081562946073413 0.24511719 0.1000061 [14.80213172923928,-14.081562946073413] -2.17375431599705 0.9635302867593363 0.0004788051609984688 1.7144818684447793e-05 [2036.188476562,136.7944335938] 5.276372714359901 6.228077567930718 3.0815811975041694 37.06427644435644 79.26167208243805
14.80288114598483 -14.07192518025907 0.24511719 0.1000061 [14.80288114598483,-14.07192518025907] -0.5245311522619174 0.4799548083476277 0.0009593683739971131 1.711175083235685e-05 [2037.582519531,119.453125] 5.276372714359901 6.228077567930718 3.0815811975041694 37.18006655714339 79.29090265849072
14.803009958162814 -14.065759663834118 0.25390625 0.18133545 [14.803009958162814,-14.065759663834118] 2.440393551592099 0.5163090713249213 0.0008863065679446206 1.700600984987456e-05 [2037.862304688,108.3564453125] 5.349371810111198 6.282907941636917 3.137807375590543 37.253600541798846 79.32730968085161
14.873241515990253 -16.515277876722866 0.265625 0.32141113 [14.873241515990253,-16.515277876722866] 0.29826402187650713 1.8083264985376029 0.00038757074617320396 2.6045730263777416e-05 [2135.364746094,4516.607543945] 4.369808960427081 4.001831012344615 2.7175860261897107 8.30815200931795 54.244184844388656
14.86950296522258 -16.513187409262535 0.26953125 0.3635254 [14.86950296522258,-16.513187409262535] -0.052554436485661715 1.43980697591234 0.0004861296707183503 2.6011482519443003e-05 [2128.9375,4512.814697266] 4.345094728022299 3.969492371130675 2.717468652318613 8.325697371693195 54.49340889200994
15.55359463169762 -15.062437175643224 0.28710938 0.52685547 [15.55359463169762,-15.062437175643224] 5.640343146812244 1.420015470155297 0.00035215988372010073 1.8584105435756463e-05 [3332.830078125,1910.744628906] 4.9346895333040806 4.809354728925567 2.8011766300577956 26.88164417097869 31.474798606752756
15.201131868265861 -15.4936790709213 0.25 0.16949463 [15.201131868265861,-15.4936790709213] -1.9023655403093074 1.4274323351341134 0.0003479190936653473 1.8456208889475664e-05 [2714.892578125,2682.263671875] 5.444278640354459 5.409120640637526 2.642319941235421 21.035829045490573 46.01321160022053
14.708327184158343 -15.418308274791217 0.27734375 0.44812012 [14.708327184158343,-15.418308274791217] 6.866054370830538 0.7714890754375037 0.0006091996063218664 1.7466186689383704e-05 [1860.984863281,2541.880126953] 5.806405318588805 4.766405661981347 2.869499790480156 21.024439594141313 74.15188234512061
15.54203696284379 -13.532144629038584 0.2890625 0.51464844 [15.54203696284379,-13.532144629038584] -5.568701458953328 0.25811802895471 0.001843775007974153 1.7686217728234462e-05 [3335.372314453,-843.736328125] 4.251408229446032 4.0075472605778355 3.4738220410688427 44.90384990970131 47.08983249923904
15.239752876258503 -12.422543372967619 0.30859375 0.7219238 [15.239752876258503,-12.422543372967619] -5.322370863674309 1.3014770637895272 0.00037355727657641244 1.8067681349443108e-05 [2819.164550781,-2844.541992188] 2.7331845754491755 1.8615045331575168 3.2236368513787763 57.48830698093616 69.7226828623966
15.36772916998277 -12.805588603206171 0.28125 0.45715332 [15.36772916998277,-12.805588603206171] -2.1654935413112355 1.0118961343004282 0.00047578024246591207 1.7891676754886447e-05 [3039.484130859,-2153.698242188] 4.518967243706657 3.7258036866828457 3.2108226110978686 53.16784164760793 61.16820591731903
15.938239128328433 -12.37894446729127 0.31054688 0.7614746 [15.938239128328433,-12.37894446729127] -1.7252841386101232 0.4267944687556697 0.0012564881959454509 1.9929017957184173e-05 [4046.960449219,-2912.858398438] 3.2594426598543347 2.16169499327373 3.043227057915239 59.349033027145424 38.75438441395863
15.709448782668085 -16.339160928980824 0.25390625 0.17962646 [15.709448782668085,-16.339160928980824] -0.34179064947759186 0.29495605664770647 0.0022141460196766906 2.4270139923886947e-05 [3581.068603516,4209.982543945] 4.549029232889514 4.051638784036232 2.6607855001941854 12.293099087345695 6.748217550780737
16.17245478492131 -13.391981978203631 0.28515625 0.47790527 [16.17245478492131,-13.391981978203631] -8.013688264606046 2.3214142973652057 0.00024004528307916185 2.070878095854643e-05 [4440.386962891,-1085.654296875] 4.08668412353727 2.867911408491228 2.962610214096955 47.97396371237551 18.495161898313654
14.26070508554382 -16.280794176200608 0.2890625 0.5456543 [14.26070508554382,-16.280794176200608] 1.1879498492382081 1.663504184902807 0.00033866627139467014 2.0936522456011485e-05 [1079.729492188,4090.749755859] 3.7881871389196133 3.5278526037599285 2.699150764572187 10.099526638945122 93.44274606351928
14.254849447634417 -16.281745896777377 0.2890625 0.5527344 [14.254849447634417,-16.281745896777377] -0.2324414142184578 1.823199356907078 0.00030958630921849026 2.097609343511876e-05 [1069.607421875,4092.434936523] 3.7820022300756655 3.516069003725862 2.698074819398713 10.080451449198222 93.78941196893038
14.845967261447562 -16.50551986640841 0.28125 0.4720459 [14.845967261447562,-16.50551986640841] 0.9816859326872741 1.874951147403022 0.00037280359869256503 2.597638758503842e-05 [2088.412597656,4498.816894531] 4.270952030807949 3.8989130475923415 2.717116530705322 8.371500248247912 56.002848527808055
15.38876151275183 -12.271052220077474 0.35742188 1.2265625 [15.38876151275183,-12.271052220077474] -13.340729610552069 2.928866460134904 0.00016967076455369696 1.8467805446670922e-05 [3082.771240234,-3115.248046875] 2.714328471304104 1.7539992110013125 3.297509446008619 59.54419751774799 64.06993582775203
15.372260149663887 -12.269480807928986 0.375 1.3945312 [15.372260149663887,-12.269480807928986] -6.093629430175248 1.039007105183469 0.0004781445370637017 1.8462326150569348e-05 [3053.779052734,-3118.2890625] 2.732297056481879 1.7707445468650054 3.316209009281648 59.533657783024296 64.81778455636595
15.093435373177908 -13.51066962105128 0.2578125 0.2140503 [15.093435373177908,-13.51066962105128] -0.07034492715263659 0.040039417417453906 0.01167239007293112 1.736825734813543e-05 [2550.875976562,-887.9653320312] 4.080458201381451 3.6383782095833253 3.3368041173701894 44.32065613910072 68.92171146159035
