data_processed/hvc_rms/hvc_rms_index_9.ecsv
# %ECSV 1.0
# ---
# datatype:
# - {name: ra_dec_obj.ra, unit: deg, datatype: float64}
# - {name: ra_dec_obj.dec, unit: deg, datatype: float64}
# - {name: 'H-alpha flux [Error]', unit: R, datatype: float32}
# - {name: H-alpha flux, unit: R, datatype: float32}
# - {name: ra_dec_deg, datatype: string, subtype: 'float64[2]'}
# - {name: RM, unit: rad / m2, datatype: float64}
# - {name: RM_uncert, unit: rad / m2, datatype: float64}
# - {name: pol_int, datatype: float64}
# - {name: pol_int_uncert, datatype: float64}
# - {name: ra_dec_pix_offsets, datatype: string, subtype: 'float64[2]'}
# - {name: interpolation_raw, unit: rad / m2, datatype: float64}
# - {name: interpolation_cor, unit: rad / m2, datatype: float64}
# - {name: interpolation_unc, unit: rad / m2, datatype: float64}
# - {name: interpolation_cor_unc, unit: rad / m2, datatype: float64}
# - {name: HI, unit: dex(1 / cm2), datatype: float64}
# - {name: 'HI [Error]', unit: dex(1 / cm2), datatype: float64}
# - {name: pixel location x, datatype: float64}
# - {name: pixel location y, datatype: float64}
# meta: !!omap
# - __serialized_columns__:
#     ra_dec_obj:
#       __class__: astropy.coordinates.sky_coordinate.SkyCoord
#       dec: !astropy.table.SerializedColumn
#         __class__: astropy.coordinates.angles.Latitude
#         unit: &id001 !astropy.units.Unit {unit: deg}
#         value: !astropy.table.SerializedColumn {name: ra_dec_obj.dec}
#       frame: icrs
#       ra: !astropy.table.SerializedColumn
#         __class__: astropy.coordinates.angles.Longitude
#         unit: *id001
#         value: !astropy.table.SerializedColumn {name: ra_dec_obj.ra}
#         wrap_angle: !astropy.coordinates.Angle
#           unit: *id001
#           value: 360.0
#       representation_type: spherical
# schema: astropy-2.0
ra_dec_obj.ra ra_dec_obj.dec "H-alpha flux [Error]" "H-alpha flux" ra_dec_deg RM RM_uncert pol_int pol_int_uncert ra_dec_pix_offsets interpolation_raw interpolation_cor interpolation_unc interpolation_cor_unc HI "HI [Error]" "pixel location x" "pixel location y"
[from data line 290]
49.476432428999544 -50.699352193267 1.328125 1.2529297 [49.476432428999544,-50.699352193267] 31.626292852729975 2.074975901436336 0.00024072238658616322 1.8562575832232465e-05 [-4220.569335938,-647.056640625] 14.934066070423976 12.929756476634681 5.880296352751721 5.004731269117603 0.0 0.0 29.315841895682524 48.85894196452227
48.747989463731265 -50.718700352565456 1.25 0.49121094 [48.747989463731265,-50.718700352565456] 21.369738875172626 2.270452608591298 0.0002753592568607314 2.3233830962674015e-05 [-5046.884765625,-566.4130859375] 16.597394091125317 13.914420780689 6.004297247715989 5.126299996895865 0.0 0.0 24.483161560002713 44.26682633566861
48.73512233602864 -50.711509696707644 1.25 0.49121094 [48.73512233602864,-50.711509696707644] 20.83779496331549 1.6093172209207698 0.00039223849362572455 2.345851811699137e-05 [-5062.28125,-578.4487304688] 16.597394091125317 13.914420780689 6.004297247715989 5.126299996895865 0.0 0.0 24.35670077612565 44.32099650305645
52.154514736340005 -52.95392987493115 1.234375 0.3187256 [52.154514736340005,-52.95392987493115] 16.34382814741934 3.0859109425328954 0.00014635777471239453 1.678447993628428e-05 [-1112.969726562,3312.085449219] 18.769267192176322 20.253636803125787 5.658234373937104 6.044296985298188 0.0 0.0 59.09044566936086 23.47673956256176
48.58764650318226 -52.67668527712534 1.2265625 0.28100586 [48.58764650318226,-52.67668527712534] 31.324282774252232 0.17985034816733436 0.003306739411692388 2.210140880248873e-05 [-5007.530273438,2961.886230469] 17.945582271454736 18.98213524214466 4.845842944899409 5.941720222340951 0.0 0.0 34.676764691980566 8.516389789994946
48.58872197819347 -52.679061857392895 1.2265625 0.28100586 [48.58872197819347,-52.679061857392895] -54.722829090923746 1.3624178112704923 0.00043623649193897204 2.2087217511333635e-05 [-5006.087890625,2966.080810547] 17.945582271454736 18.98213524214466 4.845842944899409 5.941720222340951 0.0 0.0 34.697741387863175 8.481596559613308
48.59119064754197 -52.67105862175789 1.2265625 0.28100586 [48.59119064754197,-52.67105862175789] 29.73500052564507 1.3823380583964808 0.00043190391753745587 2.2187588955132344e-05 [-5004.319335938,2951.541015625] 17.945582271454736 18.98213524214466 4.845842944899409 5.941720222340951 0.0 0.0 34.66554824044465 8.635569395260745
52.790016188643136 -51.59495921451747 1.25 0.5336914 [52.790016188643136,-51.59495921451747] 6.976700819187746 2.7361327778428297 0.00015386842880494686 1.5645714140330696e-05 [-437.1040039062,859.8852539062] 18.35443289694445 18.86514751424106 5.876308379412245 6.565301601601897 0.0 0.0 56.460183883852096 50.25999590516608
52.80358520867297 -51.58184432642192 1.25 0.5336914 [52.80358520867297,-51.58184432642192] 11.574329748174549 1.014353543787423 0.0004157108155492539 1.5670735401714724e-05 [-422.0537109375,836.2001953125] 18.35443289694445 18.86514751424106 5.876308379412245 6.565301601601897 0.0 0.0 56.48939667781792 50.55605099123704
52.792938238491296 -51.59253681189019 1.25 0.5336914 [52.792938238491296,-51.59253681189019] 14.392347475585721 1.453688104428612 0.0002892989591445887 1.562884236723295e-05 [-433.8598632812,855.5078125] 18.35443289694445 18.86514751424106 5.876308379412245 6.565301601601897 0.0 0.0 56.468407222087535 50.31668147321125
52.72371668218448 -51.353622484541894 1.2265625 0.24176025 [52.72371668218448,-51.353622484541894] 20.74848236685775 1.2009413731008276 0.00035414462987859994 1.580560668891731e-05 [-513.9545898438,425.9243164062] 17.96370550996091 18.302104644590184 5.855580054355253 6.381338084944456 0.0 0.0 54.843938980908774 54.19681700249066
49.061542506997384 -53.15665056285005 1.25 0.51538086 [49.061542506997384,-53.15665056285005] 31.638220330653553 1.1353230492053863 0.0005087581271141696 2.1465426303743044e-05 [-4442.314453125,3793.421386719] 19.111957837346182 21.864471243209074 5.357919064549635 6.514185560293069 0.0 0.0 40.516366051565 3.0544677617717753
53.74151625992602 -52.07620995188895 1.234375 0.36364746 [53.74151625992602,-52.07620995188895] 15.952773310567103 0.7740854973512312 0.0005524704162502986 1.5893028472352018e-05 [620.1875,1727.254394531] 19.517765110457137 21.481629775139346 5.231067324756876 6.229647668533202 0.0 0.0 65.23396708403709 46.318805103890554
53.74342344451164 -52.07350552542909 1.234375 0.36364746 [53.74342344451164,-52.07350552542909] 15.71428883595918 0.8698368025294616 0.0004896792124136491 1.582917023459357e-05 [622.3349609375,1722.403320312] 19.517765110457137 21.481629775139346 5.231067324756876 6.229647668533202 0.0 0.0 65.23406818844535 46.37458605246911
53.43929684805918 -51.47610866762411 1.2421875 0.45117188 [53.43929684805918,-51.47610866762411] 18.987624895633477 0.5684488604033833 0.0007474196212729134 1.5789362591053737e-05 [289.6635742188,645.298828125] 18.482588428332583 20.643187684378468 5.349907922029524 6.484149604532828 0.0 0.0 60.34480879049181 55.416362065169324
53.43891148756522 -51.468860517393 1.2421875 0.45117188 [53.43891148756522,-51.468860517393] 19.77046282984277 1.7905826332917225 0.000237350366684451 1.5794030711237926e-05 [289.27734375,632.2509765625] 18.482588428332583 20.643187684378468 5.349907922029524 6.484149604532828 0.0 0.0 60.30828493904767 55.54203071893494
50.387691747906096 -53.04211419847054 1.2265625 0.28125 [50.387691747906096,-53.04211419847054] 66.55052869468199 0.7301955089020981 0.0007040552072329321 1.9105331409107193e-05 [-3021.631835938,3520.341796875] 19.206765283394603 21.02194651592968 5.423799981373605 6.181404926123415 0.0 0.0 48.20962395370168 12.608537229417152
51.08548358949627 -52.89639658483161 1.21875 0.22192383 [51.08548358949627,-52.89639658483161] 41.52059394690827 2.154887295188549 0.00021611010659112844 1.7306463921803053e-05 [-2274.826171875,3233.216064453] 20.095482341820656 21.145677624833503 5.290586788721961 5.796104711092777 0.0 0.0 51.86548836678662 18.912873859132333
48.65289701875438 -52.66654966698565 1.21875 0.20013428 [48.65289701875438,-52.66654966698565] 37.871820907394515 1.110862988629151 0.0005213630732436381 2.152333020157515e-05 [-4937.689453125,2939.275390625] 17.862547301993423 18.90164124862502 4.844323191238234 5.954276936764932 0.0 0.0 35.02838570871768 9.086130522606027
49.97851148501992 -50.061286852720855 1.2890625 0.91430664 [49.97851148501992,-50.061286852720855] 19.92454731962868 0.8657882594011136 0.0005366099090379485 1.726549696553563e-05 [-3698.625976562,-1821.245605469] 15.53469881008524 12.027696048759626 5.174659862380734 5.0389345235506715 0.0 0.0 29.448307220670927 63.30532078693477
53.112956822529355 -52.80860902226431 1.2734375 0.6958008 [53.112956822529355,-52.80860902226431] 18.801922379023665 0.16815487321087336 0.0025924788787508165 1.620068537483657e-05 [-73.923828125,3042.892578125] 18.063979479778382 20.571624086054726 5.894530832311437 5.8976292415284455 0.0 0.0 64.61274722313453 30.698437592324126
48.48009463513525 -52.46845619467953 1.2421875 0.41809082 [48.48009463513525,-52.46845619467953] 22.272762620932994 1.7471989731967643 0.00036560487224887096 2.373903406795682e-05 [-5148.919921875,2595.378662109] 17.796800741528575 18.949108345795086 4.831779332038726 5.739389138658153 0.0 0.0 32.75491369957956 11.491651111553438
51.71925775637741 -51.30917734278998 1.2421875 0.39526367 [51.71925775637741,-51.30917734278998] 10.917446397288556 2.9791128040838752 0.00014324466754872243 1.5858938504305974e-05 [-1644.509765625,360.6708984375] 15.734937577432188 17.151587487810183 5.580336726969433 5.937697426484551 18.400127410888672 9.200063705444336 47.750996854528125 50.01250297504339
51.71488584876079 -51.31375877354625 1.234375 0.3199463 [51.71488584876079,-51.31375877354625] 14.385486088069394 1.0115221363380869 0.0004207578958466412 1.5816717912529865e-05 [-1649.262695312,369.013671875] 15.908947488358152 17.1036443850463 5.588201071219766 5.902823310543662 18.407567977905273 9.203783988952637 47.74409249131088 49.90889010725914
52.55711753571161 -52.625663802987866 1.2421875 0.41467285 [52.55711753571161,-52.625663802987866] 13.817374552584182 2.1100790997254633 0.0002048377681213471 1.6062660276826222e-05 [-681.5551757812,2716.581054688] 18.351033015927708 20.434462127466325 5.578251350691896 5.869983193912132 0.0 0.0 60.02320325404264 31.147583126664586
48.22697069887032 -52.57093428867554 1.21875 0.1977539 [48.22697069887032,-52.57093428867554] 10.776214592227737 0.3120349515303033 0.002286548770860945 2.6515047838254133e-05 [-5412.856445312,2797.544677734] 18.050294752282014 19.13740063572382 4.978731137344548 5.838323734713417 0.0 0.0 31.766871948855055 8.157732216869135
48.24045983525964 -52.572036827154626 1.21875 0.1977539 [48.24045983525964,-52.572036827154626] 28.970453414220138 0.1967208522807106 0.0035992165706920307 2.631280093103822e-05 [-5398.018554688,2798.533203125] 18.050294752282014 19.13740063572382 4.978731137344548 5.838323734713417 0.0 0.0 31.85859431226106 8.221440177560908
48.23160910998351 -52.571838331289726 1.21875 0.1977539 [48.23160910998351,-52.571838331289726] 18.882092556796877 0.5792857176089076 0.0012291259373843897 2.646049154167094e-05 [-5407.689453125,2798.826660156] 18.050294752282014 19.13740063572382 4.978731137344548 5.838323734713417 0.0 0.0 31.801574026108142 8.170501590141157
49.50237243173251 -49.93297569753737 1.3203125 1.2167969 [49.50237243173251,-49.93297569753737] 22.49400024480049 0.5024115347198425 0.00096977495218349 1.810669839658143e-05 [-4259.184570312,-2026.16796875] 16.249911026862815 12.499782587313621 5.3359810437526125 4.953807970780126 0.0 0.0 25.46962349605724 63.00754930631729
49.49783299663075 -49.93121739586809 1.3203125 1.2167969 [49.49783299663075,-49.93121739586809] 18.031642429484215 1.6931804328240518 0.000289671500060332 1.822710571404358e-05 [-4264.588867188,-2029.065429688] 16.249911026862815 12.499782587313621 5.3359810437526125 4.953807970780126 0.0 0.0 25.428893627139814 63.01429844885479
53.78602223041771 -51.94961539974384 1.234375 0.36364746 [53.78602223041771,-51.94961539974384] -1.8297420344725235 2.6334338188789252 0.00016229479668234138 1.5883116005539153e-05 [671.3159179688,1499.809082031] 19.518622873891758 21.548065504190106 5.196247225434058 6.34263820466251 0.0 0.0 64.93824205890974 48.72586101663023
53.79843921099599 -51.95814119218425 1.234375 0.36364746 [53.79843921099599,-51.95814119218425] 11.52956998213613 2.0604862575589493 0.00020740156485443483 1.5881461069470915e-05 [684.9609375,1515.267578125] 19.518622873891758 21.548065504190106 5.196247225434058 6.34263820466251 0.0 0.0 65.0628297760037 48.634164484476514
48.36415061842193 -52.03498843157652 1.2421875 0.4411621 [48.36415061842193,-52.03498843157652] 29.57654392622818 0.8851326088287165 0.0008327617567247289 2.7392887667395095e-05 [-5327.434570312,1825.200195312] 16.759575379427318 17.837595749440194 5.358051553394524 5.750273413486082 0.0 0.0 29.449429080130017 18.392566702326576
48.37166572975928 -52.03209698008311 1.2421875 0.4411621 [48.37166572975928,-52.03209698008311] 21.176718075629356 3.164600559356753 0.00023082156493227777 2.7145883743071546e-05 [-5319.486328125,1819.463867188] 16.759575379427318 17.837595749440194 5.358051553394524 5.750273413486082 0.0 0.0 29.48078430775456 18.4894167634352
48.45334631142884 -51.14718999135295 1.25 0.5031738 [48.45334631142884,-51.14718999135295] 31.633786593135223 2.697085835116894 0.00023788436232118009 2.3843464821261768e-05 [-5332.232421875,224.1533203125] 17.429017214663528 14.535257536247089 5.818838879207333 4.880667284264483 0.0 0.0 24.904970358009678 34.75400448225491
51.88714571392177 -51.898613068738996 1.234375 0.3371582 [51.88714571392177,-51.898613068738996] 15.401881882818794 0.29245936026947794 0.0014487926384345092 1.5746370267432334e-05 [-1436.8671875,1417.909179688] 16.96241031978658 18.855491158735056 5.311127974264353 5.878803499890114 17.331661224365234 8.665830612182617 51.86073923481047 40.4578045533749
51.856788764154345 -51.92495351990658 1.234375 0.34521484 [51.856788764154345,-51.92495351990658] 16.19959775756734 3.0684498493864347 0.0001393289046564702 1.5887989920882088e-05 [-1469.712890625,1465.909667969] 17.034480306254785 18.882410468729734 5.300976709359984 5.879402654879892 16.55324363708496 8.27662181854248 51.79163645322933 39.84119264093374
51.880340194830794 -51.89968484495626 1.234375 0.3371582 [51.880340194830794,-51.89968484495626] 15.86879105783975 1.1428674777878118 0.00037136788747861024 1.577280465557308e-05 [-1444.389648438,1419.971191406] 16.96241031978658 18.855491158735056 5.311127974264353 5.878803499890114 17.331661224365234 8.665830612182617 51.820572541044385 40.40442648840644
50.04170645707529 -51.4187393701653 1.28125 0.82250977 [50.04170645707529,-51.4187393701653] 28.629723790755396 0.427134200865455 0.0010529461251360828 1.6713953935382506e-05 [-3522.08203125,616.7021484375] 15.368518811376617 15.382681611109856 5.76875169864422 5.468881554049819 17.964702606201172 8.982351303100586 36.98788241361376 39.12028545480143
48.7949904793753 -52.98340601282882 1.2265625 0.27893066 [48.7949904793753,-52.98340601282882] 17.77925992994705 2.5712173973513734 0.00022147361210194934 2.1162622737085553e-05 [-4748.287109375,3498.941650391] 19.302895332374018 20.875605377418232 5.282635873465425 6.648622695822544 0.0 0.0 37.81426145030616 4.45280618772108
49.693027870279465 -50.61030591198514 1.2578125 0.6164551 [49.693027870279465,-50.61030591198514] 22.99325077452779 1.171029745240346 0.00041234594456656114 1.7944789055439114e-05 [-3981.658203125,-819.2163085938] 14.474169705265098 12.429809706539704 5.715457799424751 4.90477695179793 0.0 0.0 30.320837257691664 51.70227896190681
52.630969992910394 -53.59008787130891 1.265625 0.69262695 [52.630969992910394,-53.59008787130891] 17.049602048056066 1.3097787364089912 0.00047641606985989636 2.318958843346324e-05 [-587.5180664062,4450.783203125] 19.79902248612816 19.843054851013328 5.904071082105085 5.631295638426765 0.0 0.0 65.5188009605314 14.992224867744198
52.63700877752506 -53.59473802036833 1.265625 0.69262695 [52.63700877752506,-53.59473802036833] 23.640074185812054 3.186532875079803 0.0001965920718836693 2.3280543033789726e-05 [-581.0024414062,4459.097412109] 19.79902248612816 19.843054851013328 5.904071082105085 5.631295638426765 0.0 0.0 65.58201557040172 14.943195671481817
52.29262561927353 -52.47973638979989 1.234375 0.36779785 [52.29262561927353,-52.47973638979989] 65.5387558722972 0.24527553832927768 0.0017701290935422818 1.6134959546012513e-05 [-973.7592773438,2456.985595703] 17.949612616816296 19.860529612471847 5.757005318649149 6.392480742145502 0.0 0.0 57.530689898487935 32.36057779103248
49.998370882548535 -51.892509368985195 1.25 0.477417 [49.998370882548535,-51.892509368985195] 21.575637782029183 1.9885053749025599 0.00023313652154708205 1.7228433257445726e-05 [-3533.510742188,1470.733398438] 15.593740454315691 16.874430367093275 5.482103420190576 5.42917109076974 17.942293167114258 8.971146583557129 39.277381491482856 30.47556904731846
49.283325160800594 -50.00303638274665 1.3671875 1.6972656 [49.283325160800594,-50.00303638274665] 15.357544688811297 1.1347310142100082 0.00045579483255887816 1.9220780778203256e-05 [-4505.859375,-1887.202636719] 16.326969361479975 12.798007687605736 5.539588588409415 5.0182026715771055 0.0 0.0 24.30909002333385 60.47292169183902
50.543777616823185 -50.731956546244845 1.234375 0.33276367 [50.543777616823185,-50.731956546244845] 25.861484204401062 0.9253535819372539 0.00047616084465050264 1.6374577139096787e-05 [-3003.478515625,-640.818359375] 15.091996562691904 13.359875586017171 5.546067763489675 5.291413241340954 0.0 0.0 36.784786098673976 54.18960926377008
