data_processed/hvc_rms/hvc_rms_index_11.ecsv
# %ECSV 1.0
# ---
# datatype:
# - {name: ra_dec_obj.ra, unit: deg, datatype: float64}
# - {name: ra_dec_obj.dec, unit: deg, datatype: float64}
# - {name: 'H-alpha flux [Error]', unit: R, datatype: float32}
# - {name: H-alpha flux, unit: R, datatype: float32}
# - {name: ra_dec_deg, datatype: string, subtype: 'float64[2]'}
# - {name: RM, unit: rad / m2, datatype: float64}
# - {name: RM_uncert, unit: rad / m2, datatype: float64}
# - {name: pol_int, datatype: float64}
# - {name: pol_int_uncert, datatype: float64}
# - {name: ra_dec_pix_offsets, datatype: string, subtype: 'float64[2]'}
# - {name: interpolation_raw, unit: rad / m2, datatype: float64}
# - {name: interpolation_cor, unit: rad / m2, datatype: float64}
# - {name: interpolation_unc, unit: rad / m2, datatype: float64}
# - {name: interpolation_cor_unc, unit: rad / m2, datatype: float64}
# - {name: HI, unit: dex(1 / cm2), datatype: float64}
# - {name: 'HI [Error]', unit: dex(1 / cm2), datatype: float64}
# - {name: pixel location x, datatype: float64}
# - {name: pixel location y, datatype: float64}
# meta: !!omap
# - __serialized_columns__:
#     ra_dec_obj:
#       __class__: astropy.coordinates.sky_coordinate.SkyCoord
#       dec: !astropy.table.SerializedColumn
#         __class__: astropy.coordinates.angles.Latitude
#         unit: &id001 !astropy.units.Unit {unit: deg}
#         value: !astropy.table.SerializedColumn {name: ra_dec_obj.dec}
#       frame: icrs
#       ra: !astropy.table.SerializedColumn
#         __class__: astropy.coordinates.angles.Longitude
#         unit: *id001
#         value: !astropy.table.SerializedColumn {name: ra_dec_obj.ra}
#         wrap_angle: !astropy.coordinates.Angle
#           unit: *id001
#           value: 360.0
#       representation_type: spherical
# schema: astropy-2.0
ra_dec_obj.ra ra_dec_obj.dec "H-alpha flux [Error]" "H-alpha flux" ra_dec_deg RM RM_uncert pol_int pol_int_uncert ra_dec_pix_offsets interpolation_raw interpolation_cor interpolation_unc interpolation_cor_unc HI "HI [Error]" "pixel location x" "pixel location y"
[from data line 435]
118.71381415102323 -56.36504737160442 8.625 74.21875 [118.71381415102323,-56.36504737160442] -178.43359894880783 2.028614760395008 0.00022883750247082321 1.7251842456752923e-05 [-2775.786132812,1209.15625] 70.77542364641472 67.45902604443194 27.3239637917774 25.530222258529875 0.0 0.0 35.83894322012179 41.87047428856704
119.1314545443686 -56.89326093314746 4.9375 37.234375 [119.1314545443686,-56.89326093314746] -84.0664429134609 1.977568108132072 0.0002375714759765494 1.7459606389182848e-05 [-2326.998046875,2143.785400391] 68.32356736143274 62.746606327725665 24.054988148233964 24.72110661776464 0.0 0.0 35.28630635848458 34.76330364557202
119.11035165019777 -55.77278896158537 8.1875 70.125 [119.11035165019777,-55.77278896158537] 7.779686433746396 0.7207719279699015 0.0006368960216003052 1.705984586340215e-05 [-2417.71484375,128.9995117188] 65.55620537216132 71.89287211197843 31.485757490653903 26.49020684519052 0.0 0.0 41.538755900667184 47.03026809149446
118.09259814598632 -56.98747260244212 4.6875 34.96875 [118.09259814598632,-56.98747260244212] -98.16248801638791 0.7160720166106416 0.0006928475530340684 1.8437544983537184e-05 [-3338.602539062,2355.643310547] 59.80451226163903 65.51308984922507 20.56247469383109 23.889709506688483 0.0 0.0 28.742776378598137 37.004040083212885
119.33208456496268 -55.90462119620859 8.0625 68.6875 [119.33208456496268,-55.90462119620859] -168.2431800657837 1.126566194915932 0.0004003602574859424 1.6761634958703974e-05 [-2185.969726562,358.8046875] 62.95670085129081 69.53903460210114 30.182037600607103 25.875723648769018 0.0 0.0 42.097234716889034 44.865727220973895
119.34944913988954 -55.907272282053825 8.0625 68.6875 [119.34944913988954,-55.907272282053825] -182.7324990506282 1.9225667677199647 0.00023430049908277384 1.6740304290500097e-05 [-2168.3125,363.0288085938] 62.95670085129081 69.53903460210114 30.182037600607103 25.875723648769018 0.0 0.0 42.18460478218594 44.779492484000684
121.26731852443797 -56.54416650566512 5.90625 47.015625 [121.26731852443797,-56.54416650566512] -110.26780532519024 0.9660863370045492 0.0004630979592995676 1.6626372660699774e-05 [-229.8959960938,1476.130371094] 77.07735459932337 69.58426042668808 25.887854477228156 25.152465402012766 0.0 0.0 49.614760539174995 31.503155406932137
122.70236222722292 -57.924762669614886 3.1875 19.914062 [122.70236222722292,-57.924762669614886] -133.304150924559 1.4395160766123267 0.00038069898851200533 2.03660565610118e-05 [1150.203613281,3969.857910156] 51.5744225321237 53.80601068987819 17.83797320128409 19.488987567468357 0.0 0.0 49.29219330308524 11.994702596246498
119.84383391160858 -57.46535494599409 3.65625 24.5625 [119.84383391160858,-57.46535494599409] -204.66489769176493 0.5533902780944866 0.0008610551197366695 1.770806802921417e-05 [-1602.040039062,3152.596923828] 55.84244527072634 52.611534272984635 20.032253129040818 21.693577314356627 0.0 0.0 36.096222602831745 26.26116983938141
117.68689689228161 -56.53668208829235 6.15625 49.5625 [117.68689689228161,-56.53668208829235] -193.66255789870394 1.3531581327514934 0.00037405127767870753 1.8809982772075226e-05 [-3780.80859375,1566.299316406] 68.10946795088375 70.16209635653018 22.67975645629423 24.62289266442488 0.0 0.0 28.8489025496159 43.24093526065917
117.70579495473469 -56.529304418843864 6.34375 51.546875 [117.70579495473469,-56.529304418843864] -185.36712199765077 0.46773177294994667 0.0010724070420649748 1.86408294413451e-05 [-3762.826171875,1552.012695312] 68.65852386273733 70.74470673795798 22.88306319680966 24.66326270035642 0.0 0.0 29.00058719205549 43.2633322862323
116.26714314709321 -57.884395625557346 3.265625 20.671875 [116.26714314709321,-57.884395625557346] -122.72901452260713 0.47740263726714477 0.0014904840418394486 2.644361633865388e-05 [-4999.533203125,4076.112548828] 47.27957049499748 55.554166811354904 19.295786007976712 20.039666261479812 0.0 0.0 13.385597691388853 32.48442057802504
121.17646801222638 -57.0826339466247 4.03125 28.351562 [121.17646801222638,-57.0826339466247] -149.5265204055333 0.08548247849015732 0.005278597845126834 1.6768892667969033e-05 [-315.4682617188,2445.544189453] 66.439249972807 56.32631447108466 22.378900554354132 22.646417238256355 0.0 0.0 45.88341359341939 26.050343425938763
121.18845386245009 -57.06499106208067 4.03125 28.351562 [121.18845386245009,-57.06499106208067] -144.61638785467153 0.061421247392270256 0.007368854632827052 1.6820051629473285e-05 [-303.8891601562,2413.742431641] 66.439249972807 56.32631447108466 22.378900554354132 22.646417238256355 0.0 0.0 46.05632242972297 26.199406870387747
116.41075908065739 -57.862625089655545 3.296875 20.921875 [116.41075908065739,-57.862625089655545] -129.2633640619049 0.5196371017080557 0.0013312378806538858 2.5707776884006348e-05 [-4865.603515625,4026.845458984] 46.95952874617345 56.13718506048504 18.905609338678683 20.14197702692448 0.0 0.0 14.32445869414937 32.3143300661136
118.08970652812997 -57.45246509941122 3.546875 23.453125 [118.08970652812997,-57.45246509941122] -5.928524333456958 2.8043610361579288 0.00018264680277987414 1.9035079801750413e-05 [-3299.573242188,3191.452148438] 52.549399811340315 59.27486109866146 16.803196934879054 22.07887059316083 17.498804092407227 8.749402046203613 26.165766909698164 31.883117796714714
118.65159577485674 -56.34567644528818 8.625 74.34375 [118.65159577485674,-56.34567644528818] -179.60026211717098 1.1326925113824655 0.0004107770648046455 1.7291271094208735e-05 [-2839.186523438,1176.83984375] 70.50121428875502 67.9770201330037 27.101751307959905 25.39802476878584 0.0 0.0 35.58260605528528 42.28233873869408
121.26094832367805 -57.82439806115036 3.359375 21.539062 [121.26094832367805,-57.82439806115036] -95.17421191107661 1.063758613604319 0.00048655617749408504 1.9234671951418518e-05 [-228.1372070312,3779.759277344] 58.1226078625793 52.54699919051279 17.3769266699096 19.567691355063953 0.0 0.0 41.94836857193911 17.819959030663313
121.26661695413975 -57.82126617217824 3.359375 21.539062 [121.26661695413975,-57.82126617217824] -99.53110036379542 1.6362062518954246 0.0003157071296070505 1.919690167995026e-05 [-222.7231445312,3774.107177734] 58.1226078625793 52.54699919051279 17.3769266699096 19.567691355063953 0.0 0.0 41.99844219815782 17.83513169552316
118.18524142702188 -56.156536182120696 8.8125 75.8125 [118.18524142702188,-56.156536182120696] -205.34028369893807 1.3161623321988747 0.00035789241810602794 1.7505344363213833e-05 [-3320.081054688,857.4584960938] 64.10064347385538 68.54708625147748 25.705333883261343 24.24274780432371 0.0 0.0 33.89026352174494 45.84980590091345
120.27392548745428 -55.78597627272991 8.375 71.9375 [120.27392548745428,-55.78597627272991] -170.08097495684 0.662100663324067 0.0006937825931436075 1.7070888488628452e-05 [-1239.833007812,122.0219726562] 75.76705322968442 73.05810799542093 30.825360061115422 26.273510461638526 0.0 0.0 48.33927017606686 42.99083381346509
120.27772535018974 -55.785198170453285 8.375 71.9375 [120.27772535018974,-55.785198170453285] -169.9838855294955 0.7444821328898843 0.0006178428726168597 1.7093894672416444e-05 [-1236.012695312,120.5537109375] 75.76705322968442 73.05810799542093 30.825360061115422 26.273510461638526 0.0 0.0 48.36619857816447 42.98630715471836
118.25422715129488 -56.64076616844472 6.84375 56.296875 [118.25422715129488,-56.64076616844472] -180.3687939139046 0.05873817300721588 0.008238145287671791 1.7982852585008586e-05 [-3209.934570312,1724.77734375] 68.04828286913087 67.47245707606345 23.31740320582191 24.285635246468452 0.0 0.0 31.603929924884028 40.31328615000689
120.57160954263696 -55.9534072573925 8.875 77.03125 [120.57160954263696,-55.9534072573925] -200.17314841908754 1.4476903123948779 0.0003145888005478252 1.6924959141562657e-05 [-934.5541992188,418.6889648438] 78.18806483118506 71.962221138909 30.893872537936137 26.66074309124007 0.0 0.0 49.09901503496792 40.18334365084888
120.53497336585947 -57.792575784588344 3.0 18.054688 [120.53497336585947,-57.792575784588344] -136.2253354160698 0.5642187882326106 0.0009353328488871856 1.961202481433124e-05 [-924.7783203125,3728.564697266] 56.09792318600563 52.0233623321071 18.336582678315406 20.887671988390725 0.0 0.0 38.09079391920329 20.506536587785604
116.80121594948645 -56.24343861416116 7.21875 60.25 [116.80121594948645,-56.24343861416116] -201.45502852421993 2.639928374646717 0.0002139177540581193 2.0986870241598352e-05 [-4693.447265625,1093.625488281] 61.46419449992209 70.24532076141517 23.641417633226112 24.803849905964242 0.0 0.0 25.190102095048815 49.24009046167316
117.21718559464247 -56.19355392841213 7.96875 67.8125 [117.21718559464247,-56.19355392841213] -167.41770466868067 1.292950843819797 0.0003941052958936296 1.89366428324439e-05 [-4284.247070312,977.0893554688] 70.75275658162278 75.76852289563591 26.18000463036987 26.688702003481914 0.0 0.0 27.93838706961469 48.50195711251695
118.4857478971219 -57.81356427600071 3.296875 21.0 [118.4857478971219,-57.81356427600071] -141.7368432584208 2.224633115887432 0.0002577638445839705 2.131027733356549e-05 [-2887.782226562,3822.682617188] 50.43305089267557 55.1093404020576 16.23193912606507 20.667948026769 19.32212257385254 9.66106128692627 26.433246039551477 26.688971616287063
118.48966941135834 -57.8098297312095 3.296875 21.0 [118.48966941135834,-57.8098297312095] -136.43555865653516 2.409216195079021 0.00023847088514327504 2.135107965370592e-05 [-2884.326171875,3815.808105469] 50.43305089267557 55.1093404020576 16.23193912606507 20.667948026769 19.32212257385254 9.66106128692627 26.476165444089474 26.71815086291531
116.81139383809533 -57.852001239855085 3.3125 21.148438 [116.81139383809533,-57.852001239855085] -140.2486114097991 1.420800803125772 0.0004486533681897441 2.3689332822160344e-05 [-4484.7109375,3980.764892578] 46.905738481418176 56.76415227607663 17.67995208880123 19.905693760547848 0.0 0.0 16.679180003252668 31.267512515774342
120.93377685900394 -56.28276813794835 7.75 65.34375 [120.93377685900394,-56.28276813794835] -184.35271479575277 2.135208740529555 0.0002085357465570414 1.654739190869291e-05 [-564.744140625,1007.5703125] 75.59625909428789 69.73498791938401 27.33417766352525 25.549023522962806 0.0 0.0 49.253076559442775 35.426886568236114
119.26801319584801 -56.958518983480324 4.625 34.1875 [119.26801319584801,-56.958518983480324] -96.90423033578517 0.4467167031919047 0.0010470360118613317 1.7382110792238255e-05 [-2189.013671875,2256.709472656] 66.01521737458899 60.47674873957298 22.890568540645283 24.04586301114423 0.0 0.0 35.70364865903855 33.615165885936676
119.2759251194733 -56.955192609613235 4.59375 33.875 [119.2759251194733,-56.955192609613235] -97.70463704438617 1.2792881777683378 0.0003646016181107862 1.7333875836947833e-05 [-2181.44921875,2250.477050781] 66.25387826058444 60.750627883572236 23.35929006152964 24.363250630453702 0.0 0.0 35.76815215868464 33.626116999035276
122.54741644708017 -58.22380068796887 3.125 19.28125 [122.54741644708017,-58.22380068796887] 16.270812210938477 2.3995093498904345 0.00028247032257592463 2.518859685752547e-05 [993.7749023438,4505.207519531] 48.983920415793335 50.73837810471552 17.814705363830075 19.08850548177136 0.0 0.0 46.61634451522059 9.339589570844964
118.4181520931737 -57.005207106070024 4.8125 36.21875 [118.4181520931737,-57.005207106070024] -91.15537933930702 1.8409389940444496 0.00026449156131859626 1.8095055535475455e-05 [-3018.411132812,2372.593505859] 61.303197573836854 63.691711242174094 21.551740298635405 23.896548573112504 0.0 0.0 30.532157809084538 35.79333956415917
120.32830055871129 -56.67964943772368 5.46875 42.53125 [120.32830055871129,-56.67964943772368] -161.10727651264733 1.5826571969974925 0.0002807696032649964 1.651374783015748e-05 [-1157.466796875,1729.371582031] 70.43497389110992 62.615875874554874 25.924978846067297 23.686332212709146 0.0 0.0 43.418276970608076 33.19099095526735
118.36591337781796 -57.38942720288805 3.515625 23.101562 [118.36591337781796,-57.38942720288805] -82.62552827451763 2.4440967497169614 0.000206551188380813 1.8760948645585012e-05 [-3037.758789062,3065.535644531] 57.30599087734999 63.343222148395476 17.879784614016604 22.96566025457657 0.0 0.0 28.098466829556855 31.72916925621803
118.3636626641919 -57.38871378630606 3.515625 23.101562 [118.3636626641919,-57.38871378630606] -79.30130004234307 2.944851742167048 0.00017138817535870387 1.8756551489026502e-05 [-3039.998046875,3064.352050781] 57.30599087734999 63.343222148395476 17.879784614016604 22.96566025457657 0.0 0.0 28.08950502758057 31.743974613241107
116.42897081597681 -57.88467029022845 3.28125 20.875 [116.42897081597681,-57.88467029022845] -134.10166258219522 2.8921618156760047 0.0002376690176326125 2.554487972610206e-05 [-4845.263671875,4065.114257812] 46.183220906321814 55.15466951868405 18.8671625348324 20.020255233126107 0.0 0.0 14.313693138467102 32.01398946070276
119.81317853676508 -56.99952699352647 4.53125 33.28125 [119.81317853676508,-56.99952699352647] -155.55783883745048 1.8155638607323357 0.00025337168883752463 1.7095362677882157e-05 [-1652.458007812,2315.366943359] 65.89970967319651 60.804027201041364 24.24926709279708 24.208285224121283 0.0 0.0 38.60223057379176 31.41617625891695
120.83078001225608 -57.45195391453074 3.359375 21.648438 [120.83078001225608,-57.45195391453074] -130.66810946366206 2.5028849963260074 0.00018621091295240445 1.7320272776954816e-05 [-647.0659179688,3112.467285156] 60.7284415813868 53.11352325271258 20.154199705672482 21.270176481955282 0.0 0.0 41.74587595164542 23.223773231231007
120.75870507978065 -57.5901946972215 3.1875 19.875 [120.75870507978065,-57.5901946972215] -141.25982565072954 2.3165209826229685 0.0002082602255650789 1.7928802201523974e-05 [-714.1430664062,3361.873779297] 58.54425581276928 52.678708503636855 19.218445458710647 20.972037659078975 0.0 0.0 40.52804735592758 21.969481186290295
118.92076145328471 -55.80513759688749 8.5625 73.375 [118.92076145328471,-55.80513759688749] -171.62142120955005 1.1540234556573175 0.00039716566438849414 1.7033152516353318e-05 [-2607.319335938,194.0625] 68.82999070959335 74.10171699430562 33.280484840556284 28.055444923022 0.0 0.0 40.228674380089615 47.30381034172501
118.91332283064615 -55.807140427910646 8.5625 73.375 [118.91332283064615,-55.807140427910646] -172.33365245811112 3.1465224174405084 0.00014568705192744095 1.7035719810958657e-05 [-2614.702148438,197.9453125] 68.82999070959335 74.10171699430562 33.280484840556284 28.055444923022 0.0 0.0 40.17310898678738 47.306477220377246
119.4018856261321 -56.97401421166512 4.5 32.9375 [119.4018856261321,-56.97401421166512] -112.26470243577513 1.7221411783200722 0.00026914974153170664 1.7225483526837054e-05 [-2056.86328125,2280.479736328] 65.7771408950451 60.513745936782215 23.45993437494321 24.362895437590304 0.0 0.0 36.38622605938042 33.01771193705008
119.40417452301676 -56.97904203383375 4.5 32.9375 [119.40417452301676,-56.97904203383375] -108.7997628715221 2.0851961712703098 0.00022129031738930526 1.7148180005373958e-05 [-2054.341796875,2289.455566406] 65.7771408950451 60.513745936782215 23.45993437494321 24.362895437590304 0.0 0.0 36.370714257804025 32.95563585245509
122.2016752663745 -57.21200557311138 3.953125 27.507812 [122.2016752663745,-57.21200557311138] -109.2746498279907 2.9967339098132495 0.00015556111001240825 1.7324388680129706e-05 [684.9462890625,2681.063720703] 57.92376133740534 54.403717490671866 17.685933500044072 21.5805547744963 0.0 0.0 50.877153509899586 21.232574734489617
119.71379820718415 -55.485332515345796 9.8125 86.1875 [119.71379820718415,-55.485332515345796] -171.83415876921427 1.7896524565282665 0.000253813108877239 1.6880738906827412e-05 [-1820.471679688,-406.6430664062] 73.09125203972913 75.77138793906954 31.264537045641053 25.536096227139325 0.0 0.0 46.78076047058255 48.12461963453757
