data_processed/hvc_rms/hvc_rms_index_4_with_B.ecsv
# %ECSV 1.0
# ---
# datatype:
# - {name: ra_dec_obj.ra, unit: deg, datatype: float64}
# - {name: ra_dec_obj.dec, unit: deg, datatype: float64}
# - {name: 'H-alpha flux [Error]', unit: R, datatype: float32}
# - {name: H-alpha flux, unit: R, datatype: float32}
# - {name: ra_dec_deg, datatype: string, subtype: 'float64[2]'}
# - {name: RM, unit: rad / m2, datatype: float64}
# - {name: RM_uncert, unit: rad / m2, datatype: float64}
# - {name: pol_int, datatype: float64}
# - {name: pol_int_uncert, datatype: float64}
# - {name: ra_dec_pix_offsets, datatype: string, subtype: 'float64[2]'}
# - {name: interpolation_raw, unit: rad / m2, datatype: float64}
# - {name: interpolation_cor, unit: rad / m2, datatype: float64}
# - {name: interpolation_unc, unit: rad / m2, datatype: float64}
# - {name: pixel location x, datatype: float64}
# - {name: pixel location y, datatype: float64}
# - {name: 'B_virtual [raw]', unit: G, datatype: float64}
# - {name: 'B_virtual_unc [raw]', unit: G, datatype: float64}
# - {name: 'B_virtual [int]', unit: G, datatype: float64}
# - {name: 'B_virtual_unc [int]', unit: G, datatype: float64}
# - {name: 'B_virtual [cor]', unit: G, datatype: float64}
# - {name: 'B_virtual_unc [cor]', unit: G, datatype: float64}
# meta: !!omap
# - __serialized_columns__:
#     ra_dec_obj:
#       __class__: astropy.coordinates.sky_coordinate.SkyCoord
#       dec: !astropy.table.SerializedColumn
#         __class__: astropy.coordinates.angles.Latitude
#         unit: &id001 !astropy.units.Unit {unit: deg}
#         value: !astropy.table.SerializedColumn {name: ra_dec_obj.dec}
#       frame: icrs
#       ra: !astropy.table.SerializedColumn
#         __class__: astropy.coordinates.angles.Longitude
#         unit: *id001
#         value: !astropy.table.SerializedColumn {name: ra_dec_obj.ra}
#         wrap_angle: !astropy.coordinates.Angle
#           unit: *id001
#           value: 360.0
#       representation_type: spherical
# schema: astropy-2.0
ra_dec_obj.ra ra_dec_obj.dec "H-alpha flux [Error]" "H-alpha flux" ra_dec_deg RM RM_uncert pol_int pol_int_uncert ra_dec_pix_offsets interpolation_raw interpolation_cor interpolation_unc "pixel location x" "pixel location y" "B_virtual [raw]" "B_virtual_unc [raw]" "B_virtual [int]" "B_virtual_unc [int]" "B_virtual [cor]" "B_virtual_unc [cor]"
[from data line 145]
16.145410478854096 -11.996111961460459 0.28515625 0.5073242 [16.145410478854096,-11.996111961460459] -8.915131303727883 2.6395870577608576 0.00021985653542040565 2.1566718680877135e-05 [4417.246582031,-3597.873046875] 0.663024680769339 0.3565717297738704 3.138318693633002 64.31792483067989 32.958101478146546 -3.30623394537184e-06 2.940981743457884e-06 -3.552120924654162e-06 3.1860339602726023e-06 -3.4384708711976387e-06 3.175157705330494e-06
14.390297056372026 -16.522701287520377 0.265625 0.31884766 [14.390297056372026,-16.522701287520377] 1.2024024652596081 0.551933235838232 0.0012348083962224956 2.532764578645057e-05 [1302.006835938,4526.451904297] 2.5457888703993974 2.831753113032521 2.5827349628163083 7.399240181005553 83.66987686012499 5.624797316401667e-07 3.2934734473924416e-06 -6.28431533104792e-07 3.5101232290818212e-06 -7.622046208206712e-07 3.5149322845228233e-06
14.385378914108024 -16.53465653011504 0.26953125 0.3635254 [14.385378914108024,-16.53465653011504] -4.947127815194572 2.1829596061861056 0.0003130432387181062 2.5395614782504943e-05 [1293.440429688,4547.923461914] 2.2390701147632566 2.594646355646337 2.54031439633978 7.2497181340309 83.87337930323656 -2.167376650643141e-06 3.3171199142259414e-06 -3.1483313514668303e-06 3.6056589227043214e-06 -3.3041121743609603e-06 3.625887547807745e-06
14.634797099705589 -11.680774692780764 0.27539062 0.39855957 [14.634797099705589,-11.680774692780764] -12.255465686192286 0.7809477580830927 0.000745593379084601 2.1638777855711556e-05 [1760.875,-4184.771484375] -2.170387300227422 -1.9427768392549174 3.193880146331387 65.44657707115641 100.77674627814804 -5.127808897064508e-06 3.4693636781543264e-06 -4.219697235447199e-06 3.569367029802367e-06 -4.314931719123714e-06 3.5838495744542828e-06
15.723251285616948 -13.690125436412767 0.265625 0.27539062 [15.723251285616948,-13.690125436412767] -8.859957712987384 2.065495425662361 0.00023692809880747413 1.8186516048900523e-05 [3649.873291016,-556.7143554688] 4.71877233638762 4.30716005597962 3.401287962840977 43.42194518708379 36.91071469364442 -4.459700640275704e-06 4.275839098664676e-06 -6.834916492497584e-06 5.260303431679067e-06 -6.627729549856753e-06 5.196100114552685e-06
15.259319290770389 -13.595342679632749 0.2890625 0.51953125 [15.259319290770389,-13.595342679632749] -17.97319384237985 0.20767493423025138 0.002272857137005454 1.7541427114380387e-05 [2840.087402344,-733.6733398438] 4.408901015772764 4.202187888264311 3.4870760333621633 43.60930334451268 60.22469277369328 -6.586702597143459e-06 3.2086928431557086e-06 -8.202448803733842e-06 3.737871885269248e-06 -8.126693881945091e-06 3.7236985133838305e-06
15.26220314275284 -13.60534481591802 0.2890625 0.51953125 [15.26220314275284,-13.60534481591802] -11.641499616021276 0.6281396184818235 0.0007556576952651875 1.763965142868953e-05 [2845.010742188,-715.6357421875] 4.408901015772764 4.202187888264311 3.4870760333621633 43.49606288338407 60.00492318791839 -4.26630327519679e-06 2.8618033151919636e-06 -5.882049481787174e-06 3.3503492403732267e-06 -5.806294559998421e-06 3.3390328734381293e-06
16.12485697271731 -12.670688516541235 0.30664062 0.7192383 [16.12485697271731,-12.670688516541235] -10.739463075643748 0.4730575769553771 0.0012346494251705684 2.170532858013025e-05 [4369.831542969,-2384.602539062] 4.76580573253981 2.5758173470833565 3.075109828671484 56.331585573638336 27.804237553742496 -3.3449898639010007e-06 2.318266971337478e-06 -4.829381751687382e-06 2.634654957901344e-06 -4.147272329659907e-06 2.5716858633889253e-06
16.11859318090544 -12.685234314007667 0.3203125 0.85595703 [16.11859318090544,-12.685234314007667] -7.705319765007173 0.751399944122152 0.0007759804948692102 2.1668590714375025e-05 [4358.592773438,-2358.543945312] 4.747694860388861 2.560039519865091 3.081934248841341 56.14594674694206 27.950137174344036 -2.1999525746033473e-06 2.0613032301729397e-06 -3.555471080010089e-06 2.3150726500527576e-06 -2.930871693416618e-06 2.2770396779870397e-06
15.895041431698202 -12.262949818413778 0.32617188 0.91503906 [15.895041431698202,-12.262949818413778] -9.241004398955809 0.18558069555109313 0.002844434323833778 1.961721771217023e-05 [3972.828369141,-3122.28125] 2.4987868969043543 1.8010871097482943 3.055429175628544 60.62523175569379 41.64384468878325 -2.551807996679652e-06 1.999655321258142e-06 -3.241822210528459e-06 2.2067765877257472e-06 -3.0491596146370753e-06 2.19580159009974e-06
15.895468780667267 -12.268610029342728 0.32617188 0.91503906 [15.895468780667267,-12.268610029342728] -13.577056780810047 1.5062962845663697 0.00034859732511677695 1.951385880865041e-05 [3973.494140625,-3112.090820312] 2.4987868969043543 1.8010871097482943 3.055429175628544 60.55933022196177 41.57798840113355 -3.7491641134333422e-06 2.1141836747457425e-06 -4.43917832728215e-06 2.3252713936869584e-06 -4.2465157313907654e-06 2.3108820891605457e-06
15.067293164961393 -13.407198832987158 0.27148438 0.33984375 [15.067293164961393,-13.407198832987158] 2.018262055075863 0.6260233144352592 0.0007345615045592078 1.708942205763306e-05 [2506.219238281,-1074.479980469] 4.3664601219157575 3.677464038373604 3.2804799094291566 45.50527503839919 70.93487942428146 9.145059717062748e-07 3.2064056757873708e-06 -1.0640051174095404e-06 3.5412027095940747e-06 -7.5181026080166e-07 3.5277589446281046e-06
15.075461515119633 -13.408036141507614 0.27148438 0.33703613 [15.075461515119633,-13.408036141507614] 3.861421052342717 0.4210473026351265 0.0010901570201939785 1.7058021146327946e-05 [2520.508300781,-1072.886230469] 4.390410736495293 3.704416899552679 3.2884311581355625 45.508988028775775 70.53538449872212 1.756942557758125e-06 3.272094116302173e-06 -2.406897554305357e-07 3.525543747791598e-06 7.143672602453446e-08 3.5242675179248995e-06
14.746338823777979 -11.411831842551512 0.34179688 1.059082 [14.746338823777979,-11.411831842551512] -21.252265534454818 1.3382958903428785 0.0005353101507733623 2.662357220025844e-05 [1959.3359375,-4667.541015625] -2.4876838567767843 -1.7434501483132123 3.2061297382536047 68.7939780635212 97.20713106848734 -5.454928567701202e-06 2.088553885330593e-06 -4.816401926118428e-06 2.1943972017961305e-06 -5.007428229208908e-06 2.2089463196964548e-06
15.883542115429131 -12.23780085671168 0.30273438 0.68725586 [15.883542115429131,-12.23780085671168] -8.621101276373064 2.5024956721141822 0.0002097505166515337 1.9506757160714066e-05 [3952.994140625,-3167.71875] 2.1386284687876023 1.6410708881873843 3.073836081377042 60.897811201046466 42.359430864940805 -2.7469588622905422e-06 2.4571857360721057e-06 -3.428394358424103e-06 2.6898418067554186e-06 -3.269856584453698e-06 2.678644038118981e-06
15.391012188505123 -12.684432955059098 0.31640625 0.8059082 [15.391012188505123,-12.684432955059098] 2.882932192429188 0.9750226721143089 0.0005013404366712915 1.8165867934639815e-05 [3081.805419922,-2371.418945312] 3.896655074153238 3.028689663542251 3.2811552570437423 54.646399514924724 60.99677943170309 8.482820432184262e-07 2.087637001413968e-06 -2.9828066009473794e-07 2.293670724728486e-06 -4.2888086558135983e-08 2.29278476235658e-06
14.87141119159844 -16.398017856296747 0.27929688 0.4613037 [14.87141119159844,-16.398017856296747] 2.187474805562368 0.7611918757436649 0.0008270754885233287 2.3396343969615314e-05 [2133.495605469,4305.718994141] 4.7364086506917396 4.2784034376519955 2.6856618783742703 9.692170622625667 55.59986764564428 8.507426775592376e-07 2.751605765400494e-06 -9.91319670888387e-07 2.9475639593795036e-06 -8.131943821825592e-07 2.94212049607215e-06
14.875003929168425 -16.400754958209056 0.27929688 0.4613037 [14.875003929168425,-16.400754958209056] -2.890692772529781 2.72783728785804 0.00023150956692483165 2.346908226847359e-05 [2139.66796875,4310.673828125] 4.7364086506917396 4.2784034376519955 2.6856618783742703 9.666624847163916 55.355189820919804 -1.1242349868669177e-06 2.943310169346772e-06 -2.966297335314542e-06 3.2412356632120385e-06 -2.788172046608714e-06 3.225425650216048e-06
16.331396156856997 -12.987636534817517 0.29492188 0.58691406 [16.331396156856997,-12.987636534817517] -12.448796655198345 0.8334208004662752 0.0007679665991126601 2.3785668965888e-05 [4726.220703125,-1810.28125] 3.1361369031607933 1.3831140452534463 3.1006538129826606 53.11052132244424 15.33832654285743 -4.2922869659797575e-06 2.6870285181069754e-06 -5.373612328246326e-06 3.017867718111625e-06 -4.769178231323534e-06 2.94463358606717e-06
16.32226558260254 -13.008927383769214 0.29492188 0.58691406 [16.32226558260254,-13.008927383769214] -18.169398016115355 0.38472318891480684 0.0016523258590913832 2.3623963704944778e-05 [4709.819824219,-1772.147949219] 3.1361369031607933 1.3831140452534463 3.1006538129826606 52.83805225887215 15.535374562985453 -6.26472360697644e-06 2.9390941367088813e-06 -7.346048969243008e-06 3.2908211342399175e-06 -6.7416148723202154e-06 3.197344815972702e-06
16.321416868455636 -13.01531696400979 0.29492188 0.58691406 [16.321416868455636,-13.01531696400979] -11.920533053219229 0.6705894148092486 0.0009461282720006849 2.3578458965427035e-05 [4708.211669922,-1760.666015625] 3.1361369031607933 1.3831140452534463 3.1006538129826606 52.76103634224296 15.508236530201884 -4.110144142365586e-06 2.661202931133062e-06 -5.191469504632155e-06 2.990208656725614e-06 -4.587035407709363e-06 2.918967644930308e-06
16.01847069850361 -14.708710789890254 0.24902344 0.14678955 [16.01847069850361,-14.708710789890254] -8.724353164085313 1.1632608063261274 0.00046666431456672417 2.0173924485848184e-05 [4147.085449219,1281.483886719] 3.4989986766577355 4.174111341525576 3.0849720680317225 32.16001973306038 11.283409257780932 -6.014981571698112e-06 7.089378557141127e-06 -8.427356697241179e-06 8.951697851625993e-06 -8.892811288730749e-06 9.273543908823558e-06
15.99938486254137 -14.71876143624939 0.25195312 0.17877197 [15.99938486254137,-14.71876143624939] -8.525314336871775 1.8149624648883385 0.0002970062149413805 2.003281074549701e-05 [4113.695800781,1299.239746094] 3.5318596001843097 4.175928044079925 3.0833704468730243 31.993351938624414 12.140775383925302 -5.326100031704965e-06 5.892919548810651e-06 -7.532591990266758e-06 7.26332913234396e-06 -7.934966943717604e-06 7.476422631013099e-06
16.016599624308967 -14.710659850443054 0.24902344 0.14678955 [16.016599624308967,-14.710659850443054] -3.767269866091507 1.5605568352172565 0.0003474537280642086 2.0150474127509238e-05 [4143.793701172,1284.958984375] 3.4989986766577355 4.174111341525576 3.0849720680317225 32.13239426974383 11.355767036173347 -2.597333967799065e-06 5.418268614632465e-06 -5.009709093342132e-06 6.872673867002691e-06 -5.475163684831701e-06 7.126324295271025e-06
16.10210615218253 -11.814520746259163 0.28515625 0.51000977 [16.10210615218253,-11.814520746259163] 0.34614472445601124 1.8575965827362058 0.0003253241601413197 2.2458276472308084e-05 [4343.973876953,-3925.302734375] -0.5223613697973589 0.20664722662899804 3.202718848888888 66.36136311168775 36.363981713680914 1.2803158004469224e-07 2.679030568590768e-06 3.212419536379051e-07 2.9305308353653053e-06 5.159716094804507e-08 2.9290509640319535e-06
16.099849745823864 -11.81546786892531 0.28515625 0.51000977 [16.099849745823864,-11.81546786892531] -6.271122705232517 1.5215661911217435 0.000397778821815387 2.2492680277971213e-05 [4339.987060547,-3923.640625] -0.5223613697973589 0.20664722662899804 3.202718848888888 66.3452423942249 36.45282428652081 -2.319555064335809e-06 2.735784309386257e-06 -2.1263446907425963e-06 2.9687949578588093e-06 -2.3959894834324557e-06 2.9864566230998038e-06
16.106586483130318 -11.809521584162557 0.28125 0.4699707 [16.106586483130318,-11.809521584162557] -3.949788230970039 2.6527905468276325 0.00023029755271432957 2.2703927293462888e-05 [4351.939697266,-3934.211914062] -0.49608855808485397 0.17454650745518085 3.205680556384847 66.43014146440942 36.21364620887471 -1.5219032788341862e-06 2.9233132036033235e-06 -1.3307540933610095e-06 3.1651563575232162e-06 -1.5891582521317942e-06 3.1767720457046873e-06
15.044998181312797 -16.274528535041984 0.28710938 0.53686523 [15.044998181312797,-16.274528535041984] 4.267420385042736 0.9129761206344104 0.0006559485796937299 2.225552879687256e-05 [2434.699707031,4085.300048828] 5.383516884860111 4.81833134520342 2.5079810397014253 11.494591120885957 46.581387891178565 1.5384430386028048e-06 2.5816844108819766e-06 -4.023627239939244e-07 2.7031593438518693e-06 -1.9860830550461556e-07 2.701355847626435e-06
15.043350231087372 -16.27307702216522 0.28710938 0.53686523 [15.043350231087372,-16.27307702216522] 5.246482025608382 0.9390670601454351 0.0006348079126761131 2.2153769950711982e-05 [2431.87109375,4082.672485352] 5.383516884860111 4.81833134520342 2.5079810397014253 11.50837110821351 46.695045949324594 1.8914034759130314e-06 2.6014876492954603e-06 -4.940228668369763e-08 2.7019729912090796e-06 1.5435213180561116e-07 2.7022879573967085e-06
16.31545831986421 -12.247200892326028 0.26367188 0.28259277 [16.31545831986421,-12.247200892326028] -4.959000692492735 0.7719096838555539 0.0008066848637304984 2.3140838990275954e-05 [4711.905273438,-3142.903320312] 1.9945242407297918 0.6669843329429846 3.2778144217553598 61.759234584571914 23.30949778981949 -2.4641224034424048e-06 3.690031404807192e-06 -3.4551994712943036e-06 4.1944557518035526e-06 -2.795546240514657e-06 4.081990409142853e-06
15.000881144903133 -13.579865499055087 0.28515625 0.47229004 [15.000881144903133,-13.579865499055087] -1.7675706165010074 0.4233118896313858 0.0010885184843971811 1.7123990499423186e-05 [2388.243164062,-764.3842773438] 3.9534887352677006 3.828720537045577 3.275659164104433 43.3443632210508 72.92194966646412 -6.793929165604415e-07 2.7039559568705413e-06 -2.1989770380476994e-06 3.054608609590531e-06 -2.1510204646057174e-06 3.051218136277052e-06
15.004098035930223 -13.580298317946925 0.28515625 0.47229004 [15.004098035930223,-13.580298317946925] -2.4317359161137517 0.6002583207316368 0.0007655832018931734 1.707808960422486e-05 [2393.865722656,-763.5727539062] 3.9534887352677006 3.828720537045577 3.275659164104433 43.344495447296595 72.76195202247072 -9.346750511296233e-07 2.7164360446999074e-06 -2.4542591726168815e-06 3.0781930142521955e-06 -2.406302599174899e-06 3.0744334135682093e-06
14.612479313720662 -12.702228677289547 0.28710938 0.5109863 [14.612479313720662,-12.702228677289547] -1.8923789604443744 2.308985742927453 0.00019996118001869737 1.715835486101422e-05 [1714.926269531,-2347.28125] 3.5655128623111416 2.7387542199640875 3.2931573466433672 53.23014223628513 96.78095088715872 -6.992816064345049e-07 2.7315647833354213e-06 -2.0168282576265797e-06 3.0419946445855436e-06 -1.711320151883162e-06 3.025658835594043e-06
15.32094863931692 -13.5045441515364 0.29296875 0.5588379 [15.32094863931692,-13.5045441515364] -1.282284701596266 2.428410737543159 0.00019384737867075358 1.749406678851463e-05 [2948.992675781,-896.3481445312] 4.238834528511948 3.989959732785322 3.471463331130913 44.79912605511822 57.96790999962559 -4.5309594218727544e-07 2.6210765531216383e-06 -1.9508902479925296e-06 2.941302253228655e-06 -1.8629502141482158e-06 2.9369198448632636e-06
15.687148982059705 -15.26915261902501 0.26367188 0.30114746 [15.687148982059705,-15.26915261902501] 10.82681041216744 0.7214122973508328 0.0007114731160334162 1.9074393536909254e-05 [3561.345947266,2284.686767578] 4.603434949883663 4.869014672578652 2.546967462026075 24.76528923984904 21.958498750253966 5.211461853679176e-06 4.110809665909008e-06 2.9956083636937082e-06 3.843069958528799e-06 2.8677721366567784e-06 3.8235406990922455e-06
