data_processed/hvc_rms/hvc_rms_index_13.ecsv
# %ECSV 1.0
# ---
# datatype:
# - {name: ra_dec_obj.ra, unit: deg, datatype: float64}
# - {name: ra_dec_obj.dec, unit: deg, datatype: float64}
# - {name: 'H-alpha flux [Error]', unit: R, datatype: float32}
# - {name: H-alpha flux, unit: R, datatype: float32}
# - {name: ra_dec_deg, datatype: string, subtype: 'float64[2]'}
# - {name: RM, unit: rad / m2, datatype: float64}
# - {name: RM_uncert, unit: rad / m2, datatype: float64}
# - {name: pol_int, datatype: float64}
# - {name: pol_int_uncert, datatype: float64}
# - {name: ra_dec_pix_offsets, datatype: string, subtype: 'float64[2]'}
# - {name: interpolation_raw, unit: rad / m2, datatype: float64}
# - {name: interpolation_cor, unit: rad / m2, datatype: float64}
# - {name: interpolation_unc, unit: rad / m2, datatype: float64}
# - {name: interpolation_cor_unc, unit: rad / m2, datatype: float64}
# - {name: pixel location x, datatype: float64}
# - {name: pixel location y, datatype: float64}
# meta: !!omap
# - __serialized_columns__:
#     ra_dec_obj:
#       __class__: astropy.coordinates.sky_coordinate.SkyCoord
#       dec: !astropy.table.SerializedColumn
#         __class__: astropy.coordinates.angles.Latitude
#         unit: &id001 !astropy.units.Unit {unit: deg}
#         value: !astropy.table.SerializedColumn {name: ra_dec_obj.dec}
#       frame: icrs
#       ra: !astropy.table.SerializedColumn
#         __class__: astropy.coordinates.angles.Longitude
#         unit: *id001
#         value: !astropy.table.SerializedColumn {name: ra_dec_obj.ra}
#         wrap_angle: !astropy.coordinates.Angle
#           unit: *id001
#           value: 360.0
#       representation_type: spherical
# schema: astropy-2.0
ra_dec_obj.ra ra_dec_obj.dec "H-alpha flux [Error]" "H-alpha flux" ra_dec_deg RM RM_uncert pol_int pol_int_uncert ra_dec_pix_offsets interpolation_raw interpolation_cor interpolation_unc interpolation_cor_unc "pixel location x" "pixel location y"
[from data line 50]
45.04878986398655 -55.95420078434286 1.25 0.53466797 [45.04878986398655,-55.95420078434286] 27.940504191150943 0.7836244009420775 0.0007718604068322958 2.2477883606057475e-05 [4580.182373047,564.1401367188] 20.075791596726724 20.815734048134864 5.581416641822448 6.30492965853932 28.009778095769207 10.06189109513798
45.06245421319871 -55.95474234178019 1.25 0.53466797 [45.06245421319871,-55.95474234178019] 29.866266153041735 1.2115474082314315 0.0005027125500306989 2.26343925392424e-05 [4593.844726562,566.0166015625] 20.075791596726724 20.815734048134864 5.581416641822448 6.30492965853932 28.08623496418943 10.1471626771297
43.25589750817234 -54.5080872199837 1.2265625 0.2705078 [43.25589750817234,-54.5080872199837] 25.448817882386038 0.41084674894670054 0.0011902394754259148 1.8172844390521257e-05 [2879.963623047,-2131.759277344] 19.6278232711428 19.48461998779723 5.802209378997604 5.895706614382675 7.629801343649433 20.292456115158984
43.2576827013792 -54.500877315647685 1.2265625 0.2705078 [43.2576827013792,-54.500877315647685] 24.250896991891597 0.4377754922663123 0.0011108976372924196 1.8073164075463998e-05 [2882.335449219,-2144.649902344] 19.6278232711428 19.48461998779723 5.802209378997604 5.895706614382675 7.585470010710424 20.423087457232214
43.257633237458684 -54.50296009018389 1.2265625 0.2705078 [43.257633237458684,-54.50296009018389] 22.684366514059334 0.5865336360279437 0.0008325871901765739 1.8148107812440155e-05 [2882.136962891,-2140.906738281] 19.6278232711428 19.48461998779723 5.802209378997604 5.895706614382675 7.600811734044555 20.388867049863165
44.95788187520552 -53.881931235113775 1.2890625 0.86816406 [44.95788187520552,-53.881931235113775] 15.954438255035189 2.9195814611487134 0.00021619343784394344 2.3456964363542845e-05 [4726.095703125,-3163.685546875] 19.051278828636665 19.146152081380055 5.862237466867299 6.034710278557467 12.605517366541335 43.07932769833633
42.9695433674191 -53.84645101720527 1.2109375 0.1000061 [42.9695433674191,-53.84645101720527] 14.87423892903604 2.6083784032390818 0.00019423757197151677 1.8828361994710774e-05 [2622.626464844,-3332.794921875] 18.5914810412637 18.18533865093559 5.798102365876569 5.689142170204786 1.1147248457481282 28.957577149825966
43.63915253190593 -53.533813490612694 1.21875 0.20361328 [43.63915253190593,-53.533813490612694] 42.3886872388474 0.5693968010412568 0.0010050475498376572 2.1267200976920932e-05 [3357.669921875,-3865.876953125] 17.769782310703235 18.07736095742375 5.798215434709034 5.69917087979677 2.5873902925411585 39.272391487483446
43.251361885265844 -54.70181271705814 1.234375 0.33007812 [43.251361885265844,-54.70181271705814] 16.573866886526922 1.8165132827787291 0.0002642517557866604 1.783878053925046e-05 [2861.584228516,-1783.579101562] 19.308170722170722 19.469525334770307 5.595753036146413 5.772579001278404 9.061009947289449 17.120143623032845
43.555198553449166 -53.40595612460736 1.2109375 0.1000061 [43.555198553449166,-53.40595612460736] 12.315662763931558 1.9176675499523268 0.0003066261905940186 2.1852003934646493e-05 [3277.841308594,-4099.634765625] 17.099833918824736 17.618662893441776 5.684490385814122 5.5490173281105495 1.1845281929319071 40.78767658456263
41.7986601493891 -54.6450385278139 1.2109375 0.1000061 [41.7986601493891,-54.6450385278139] 8.899835056944626 0.21123228724839008 0.002154556642147445 1.691324425215112e-05 [1353.506835938,-1929.85546875] 19.414983797924325 18.625845409799425 5.9057568789039525 5.771838074504422 0.8833713905312379 6.776099190296009
41.82145288618051 -54.64482888860939 1.2109375 0.1000061 [41.82145288618051,-54.64482888860939] 10.092523265691984 0.33262439448241454 0.0013736545762193526 1.698010366930793e-05 [1377.247558594,-1929.784179688] 19.414983797924325 18.625845409799425 5.9057568789039525 5.771838074504422 1.0016122543516985 6.961126252489066
43.725215993374746 -54.565628073656214 1.2265625 0.26660156 [43.725215993374746,-54.565628073656214] 19.594713292256763 2.2450371200450623 0.0002232550487267095 1.8626596991158254e-05 [3365.013427734,-2007.173828125] 20.12103827380808 20.91023272764216 6.0161213770739845 6.097259258266283 10.61980926828653 22.864013225351073
45.31265642419078 -56.27863679877161 1.234375 0.33544922 [45.31265642419078,-56.27863679877161] 25.917204289705683 0.5646948879562423 0.0011283543816893325 2.367925743418014e-05 [4804.529785156,1164.62890625] 20.777706920760004 20.33747081698922 5.768929817167926 6.236666363106244 31.79355931450175 6.762467366525698
45.43302158121347 -56.052597164818145 1.2578125 0.5407715 [45.43302158121347,-56.052597164818145] 16.2881836371983 0.18964944116319993 0.003748828456316034 2.6421400751267403e-05 [4953.435546875,767.2470703125] 20.510171585947724 20.3721037932506 5.663243863687166 6.137392906636807 30.771863800943834 11.127112003964612
42.83438498710553 -54.05357336368668 1.2109375 0.1000061 [42.83438498710553,-54.05357336368668] 6.435399910512588 1.5708321847948863 0.00030255410530121346 1.7662067666355783e-05 [2466.948730469,-2965.331054688] 19.774745831327422 18.98228180535027 5.718583333068195 5.780992700713405 1.9154276943484092 24.498306557174146
45.61442190079028 -56.36799627946317 1.2265625 0.24414062 [45.61442190079028,-56.36799627946317] 44.66320835523811 2.1828868443026175 0.0003163090048350015 2.5659694560125325e-05 [5093.013916016,1346.586425781] 20.082329000183382 19.86747011854809 5.979317416141111 6.325479865392411 34.03784199595725 7.390416894189684
44.666358962518956 -55.21018984372058 1.2265625 0.296875 [44.666358962518956,-55.21018984372058] 31.008915030344365 0.7329362377022681 0.000716783961921673 1.9523747266028088e-05 [4276.170410156,-796.8505859375] 18.373698407630993 20.048049015516316 5.702888715570876 6.042239257967598 20.494705066861457 19.242108700754898
44.670261439694904 -55.21196365896953 1.2265625 0.296875 [44.670261439694904,-55.21196365896953] 29.17323365052575 1.536637495421921 0.0003433049887753122 1.9604701936599246e-05 [4279.977050781,-793.4228515625] 18.373698407630993 20.048049015516316 5.702888715570876 6.042239257967598 20.52886139656357 19.241137199448303
43.54885478703424 -55.696331106873984 1.2265625 0.2545166 [43.54885478703424,-55.696331106873984] 7.729750229938075 2.77529325607863 0.00016467048980113407 1.698374109873874e-05 [3092.427246094,17.67333984375] 18.476682080380925 19.059047825157744 5.316664736549461 5.943792408616102 18.185963139658156 3.490044790736647
44.91769396892867 -55.37351978236315 1.2421875 0.38452148 [44.91769396892867,-55.37351978236315] 18.49043836075597 1.939361346927261 0.00029147407890520074 2.100716164425057e-05 [4514.956787109,-487.4951171875] 19.32831962419558 20.29873807778363 5.884314873857916 6.331393566097348 23.0503318566316 18.383870148351207
45.152599268915345 -53.593379705371895 1.2421875 0.39233398 [45.152599268915345,-53.593379705371895] -2.515192188592504 2.054316915666107 0.0003277276475016545 2.502011064610161e-05 [4966.010620117,-3668.06640625] 18.72357290084688 18.737386215284076 6.097790344133218 6.071433800084402 11.72339165834876 49.30250459889453
44.35838695593814 -55.84943384425743 1.25 0.4807129 [44.35838695593814,-55.84943384425743] 18.765746231537438 2.569050642831573 0.0002033629126829262 1.941570309272752e-05 [3896.819824219,333.7109375] 20.472729861782497 21.748856675057368 6.186592221592967 6.885165629096862 23.584652220927524 6.902380085409732
44.94707488009094 -53.93447115968531 1.28125 0.7783203 [44.94707488009094,-53.93447115968531] 34.30823541766804 1.6634732650933548 0.0003820468449602414 2.3617892747761812e-05 [4708.73840332,-3070.086914062] 19.290335425258082 19.364011696872886 5.824646242355853 6.081675790069125 12.912080068358705 42.12494118962945
44.94568249702107 -53.91041938874833 1.28125 0.82836914 [44.94568249702107,-53.91041938874833] 14.806395719974466 0.849347457945673 0.0007449740938182209 2.3514473820654027e-05 [4709.979614258,-3113.366210938] 19.138605954632588 19.196677186424306 5.892357760739368 6.066508402362552 12.735288018953725 42.51671561719968
43.37141412522068 -54.697471668057695 1.234375 0.33374023 [43.37141412522068,-54.697471668057695] 27.61857946183489 0.020398360694264536 0.024113434176273492 1.8279446282750957e-05 [2986.619384766,-1786.32421875] 19.51515728188402 19.75499230025726 5.705695751583412 5.882215389213146 9.677158000013605 18.091570400890305
43.37261190804505 -54.69790269876723 1.234375 0.33374023 [43.37261190804505,-54.69790269876723] 27.643080609289065 0.023473265772296036 0.020968637616175314 1.8291631071108295e-05 [2987.83203125,-1785.497558594] 19.51515728188402 19.75499230025726 5.705695751583412 5.882215389213146 9.686874087174147 18.09357278199809
44.70492556999994 -53.53710946459866 1.2109375 0.1000061 [44.70492556999994,-53.53710946459866] 11.342530630020141 0.9814744087555045 0.00063548797725112 2.317901742214239e-05 [4495.155517578,-3799.6171875] 18.55894763068633 18.337242409538266 6.492153555191475 6.042113990839833 8.731827712160793 47.063035288843366
45.28099060265035 -54.820445953363695 1.234375 0.34802246 [45.28099060265035,-54.820445953363695] 36.36465423451256 0.800201570405491 0.0008056306749096152 2.3957643405252583e-05 [4953.389892578,-1455.995117188] 19.17334492385512 20.691995905252554 6.001896505628102 6.194170206684667 21.060477338127612 29.84600714081762
45.29254149780428 -54.80568301855872 1.234375 0.34802246 [45.29254149780428,-54.80568301855872] 35.198638338186115 1.4995746495798379 0.00043684901176357753 2.4344908734978172e-05 [4967.141479492,-1481.676269531] 19.17334492385512 20.691995905252554 6.001896505628102 6.194170206684667 21.019810079434023 30.16671089278134
45.28110881892541 -56.498344292479196 1.21875 0.21459961 [45.28110881892541,-56.498344292479196] 31.72183249408809 3.111774449793282 0.0001920572352257279 2.2209945169210632e-05 [4745.66394043,1556.950195312] 20.12001015422175 20.4692990991524 5.888234426918736 6.241665135807048 33.25209913160427 3.1211338283990244
44.45360560896378 -56.127861066535395 1.3125 1.1420898 [44.45360560896378,-56.127861066535395] 28.722320238851122 1.9266774875124633 0.00027371202173258113 1.959799301442417e-05 [3964.16796875,839.4731445312] 19.365009991156445 21.117221615648376 5.636509782894591 6.6400519550074915 26.17421837593554 3.207587792173399
44.43841165380586 -56.12819288346808 1.3125 1.1420898 [44.43841165380586,-56.12819288346808] 29.976280183227562 1.2119555390681076 0.0004343794264423489 1.956431463669562e-05 [3948.927246094,839.2026367188] 19.365009991156445 21.117221615648376 5.636509782894591 6.6400519550074915 26.097564309468453 3.0959218628506733
42.75998693061021 -54.468055748950974 1.2265625 0.29309082 [42.75998693061021,-54.468055748950974] 3.484135144176615 2.510924815487326 0.00018363762234680818 1.7135787706898218e-05 [2364.519042969,-2222.500976562] 19.70652056292166 18.707741749872348 5.707918006812001 5.813018532832594 4.640190666624335 17.160683795216528
45.194450319454006 -54.15653608379387 1.25 0.49487305 [45.194450319454006,-54.15653608379387] 22.572239388873435 0.7101392038749402 0.0009780584104739946 2.581172230372859e-05 [4943.561767578,-2654.176757812] 19.62775165671991 20.369743401502824 5.8605842002714805 6.203835413083549 15.883971645357406 40.16995544044448
43.48112490499204 -55.224601669022164 1.21875 0.2088623 [43.48112490499204,-55.224601669022164] 21.42288565369767 0.8981782180510527 0.000529468802017559 1.7673053697913434e-05 [3060.190185547,-833.6323242188] 17.792051772109613 19.05430322013867 5.6694119439328965 5.96648321263709 14.24014907143362 10.450872824414091
43.48987965691088 -55.227413282992465 1.21875 0.18963623 [43.48987965691088,-55.227413282992465] 22.200769388139463 1.3267560423184919 0.0003566250660606376 1.758375574861484e-05 [3068.94921875,-828.189453125] 17.72830917255161 18.951536004496287 5.6466080054550805 5.993264112738465 14.307918634942098 10.470810107734678
45.45417399450468 -55.998207005749144 1.2421875 0.4329834 [45.45417399450468,-55.998207005749144] 69.6810103934016 1.1328967461019812 0.0006378424333980346 2.6854213694502137e-05 [4981.629760742,671.1108398438] 20.330639760172268 20.55188043151734 5.659480123795076 6.149483501607581 30.48762871405097 12.128295301961543
45.43976977788898 -55.996692712860245 1.2421875 0.4329834 [45.43976977788898,-55.996692712860245] 3.0254731870456073 2.2118458206665834 0.00032556967123583205 2.6761317759844824e-05 [4967.379150391,667.3588867188] 20.330639760172268 20.55188043151734 5.659480123795076 6.149483501607581 30.399811488880346 12.054896056276448
45.040962248635445 -53.837356512816235 1.2734375 0.7302246 [45.040962248635445,-53.837356512816235] 22.21465145611504 1.0183250959849826 0.0006274001651536241 2.3743228859275897e-05 [4819.103271484,-3237.995117188] 18.78895286723753 19.060858164194112 5.639175945504137 5.898036349463923 12.771468926675766 44.41339276487861
45.03927612415838 -53.83674615659083 1.2734375 0.7302246 [45.03927612415838,-53.83674615659083] 23.3737237052528 1.1226789794592884 0.0005693696596679559 2.3755195847756895e-05 [4817.388183594,-3239.208007812] 18.78895286723753 19.060858164194112 5.639175945504137 5.898036349463923 12.75749693266323 44.411695020631214
44.392921355685566 -55.74811167873843 1.2421875 0.45739746 [44.392921355685566,-55.74811167873843] 11.10570270715396 1.9316989980387638 0.0002653943440133173 1.905196700948506e-05 [3941.876708984,153.5678710938] 20.23029164445839 21.326701646217465 6.137602226412909 6.785215224643782 23.008427994293243 8.743368426860116
44.4059752305323 -55.74574272912193 1.2421875 0.44433594 [44.4059752305323,-55.74574272912193] 20.466523868606245 2.3726826584001355 0.0002158256963515506 1.9030557453137e-05 [3955.311035156,150.0537109375] 20.065830070839684 21.132834070489935 6.1022236807377395 6.745676102986828 23.05973330763834 8.873034120602824
45.14211274779723 -55.35602953656728 1.2421875 0.38354492 [45.14211274779723,-55.35602953656728] 37.828947458026484 2.3910327628540324 0.0002520147143074321 2.2393404693392818e-05 [4745.872314453,-503.9262695312] 20.40176898486661 20.91953775019637 6.152675632433685 6.574903814527845 24.14112154698114 20.22097536071442
44.841327619591056 -54.34399782680994 1.21875 0.17260742 [44.841327619591056,-54.34399782680994] 41.74219086752975 2.96617192432486 0.0002082212948982179 2.2952508980670148e-05 [4551.786621094,-2341.733886719] 20.768832063920556 21.176659149569527 5.97462022335455 6.20918557154232 15.20740555148518 34.580275603920654
44.835826799665604 -54.35663233326535 1.2109375 0.1000061 [44.835826799665604,-54.35663233326535] 22.046625399414133 2.1495169439259265 0.000288180333797646 2.3020455682248987e-05 [4544.634277344,-2319.402832031] 20.782602050446126 21.235817833457702 5.985004746932883 6.229432030030256 15.266446236694833 34.332970594701465
44.29909893230875 -55.47758472318537 1.21875 0.2241211 [44.29909893230875,-55.47758472318537] 21.824258545273047 2.458572667464085 0.00020320719636021542 1.8566533959118987e-05 [3873.665283203,-337.91796875] 19.236553415958888 19.897281215025274 5.744389606130556 6.251726904138458 20.492646299406942 12.363393365051252
43.66834643855692 -54.025535851416414 1.2109375 0.1000061 [43.66834643855692,-54.025535851416414] -4.899929473204544 0.8512929692411197 0.0005949976925972785 1.88236149863824e-05 [3349.389404297,-2980.771484375] 19.06729862235017 18.856640214297233 5.593731190051725 5.753969271348817 6.329207739700678 31.300606373867367
43.66675571593979 -54.02592468050221 1.2109375 0.1000061 [43.66675571593979,-54.02592468050221] -1.9049609003938495 0.9067096014085215 0.000560543659000045 1.8888016866351865e-05 [3347.678710938,-2980.149414062] 19.06729862235017 18.856640214297233 5.593731190051725 5.753969271348817 6.323166713344563 31.282287560054783
