data_processed/hvc_rms/hvc_rms_index_3_with_B.ecsv
# %ECSV 1.0
# ---
# datatype:
# - {name: ra_dec_obj.ra, unit: deg, datatype: float64}
# - {name: ra_dec_obj.dec, unit: deg, datatype: float64}
# - {name: 'H-alpha flux [Error]', unit: R, datatype: float32}
# - {name: H-alpha flux, unit: R, datatype: float32}
# - {name: ra_dec_deg, datatype: string, subtype: 'float64[2]'}
# - {name: RM, unit: rad / m2, datatype: float64}
# - {name: RM_uncert, unit: rad / m2, datatype: float64}
# - {name: pol_int, datatype: float64}
# - {name: pol_int_uncert, datatype: float64}
# - {name: ra_dec_pix_offsets, datatype: string, subtype: 'float64[2]'}
# - {name: interpolation_raw, unit: rad / m2, datatype: float64}
# - {name: interpolation_cor, unit: rad / m2, datatype: float64}
# - {name: interpolation_unc, unit: rad / m2, datatype: float64}
# - {name: pixel location x, datatype: float64}
# - {name: pixel location y, datatype: float64}
# - {name: 'B_virtual [raw]', unit: G, datatype: float64}
# - {name: 'B_virtual_unc [raw]', unit: G, datatype: float64}
# - {name: 'B_virtual [int]', unit: G, datatype: float64}
# - {name: 'B_virtual_unc [int]', unit: G, datatype: float64}
# - {name: 'B_virtual [cor]', unit: G, datatype: float64}
# - {name: 'B_virtual_unc [cor]', unit: G, datatype: float64}
# meta: !!omap
# - __serialized_columns__:
#     ra_dec_obj:
#       __class__: astropy.coordinates.sky_coordinate.SkyCoord
#       dec: !astropy.table.SerializedColumn
#         __class__: astropy.coordinates.angles.Latitude
#         unit: &id001 !astropy.units.Unit {unit: deg}
#         value: !astropy.table.SerializedColumn {name: ra_dec_obj.dec}
#       frame: icrs
#       ra: !astropy.table.SerializedColumn
#         __class__: astropy.coordinates.angles.Longitude
#         unit: *id001
#         value: !astropy.table.SerializedColumn {name: ra_dec_obj.ra}
#         wrap_angle: !astropy.coordinates.Angle
#           unit: *id001
#           value: 360.0
#       representation_type: spherical
# schema: astropy-2.0
ra_dec_obj.ra ra_dec_obj.dec "H-alpha flux [Error]" "H-alpha flux" ra_dec_deg RM RM_uncert pol_int pol_int_uncert ra_dec_pix_offsets interpolation_raw interpolation_cor interpolation_unc "pixel location x" "pixel location y" "B_virtual [raw]" "B_virtual_unc [raw]" "B_virtual [int]" "B_virtual_unc [int]" "B_virtual [cor]" "B_virtual_unc [cor]"
[from data line 181]
357.3451844689291 -3.9661904729042856 0.26367188 0.246521 [357.3451844689291,-3.9661904729042856] -6.341069766061699 0.5432834481155001 0.0013372162542580595 2.6998325184332357e-05 [-4764.517578125,-1268.239257812] -5.606287119875119 -3.728161955927381 3.9740601275773737 68.94789270971023 58.51188040851639 -3.373527142326435e-06 4.159251220813409e-06 -3.9091340926223614e-07 4.297365241346465e-06 -1.3900991067883293e-06 4.357833172684113e-06
358.189270111452 -2.6582431688037915 0.27539062 0.36828613 [358.189270111452,-2.6582431688037915] -28.151264945199443 1.5711789921254375 0.0004134558661085587 2.414145964104326e-05 [-3254.264648438,-3626.634765625] -8.829400110267787 -9.245151243637189 3.6218411938184363 77.55712332304847 23.047190849346407 -1.225332252996921e-05 5.652918399296611e-06 -8.41017418449118e-06 4.764093476518151e-06 -8.229211348920829e-06 4.717126434709746e-06
357.17242447321894 -4.263528930594209 0.2734375 0.34973145 [357.17242447321894,-4.263528930594209] -11.794826052435674 1.2254047616585981 0.0006850432842663417 3.119652927312563e-05 [-5072.491210938,-731.8505859375] -5.613127430915469 -4.569869043377306 4.066880084448277 66.97485423253511 66.37737614031721 -5.268328333043356e-06 3.8133940124478594e-06 -2.7611444076671824e-06 3.821278639714314e-06 -3.2271307390736925e-06 3.879589776917598e-06
358.4431153794072 -2.736350665778536 0.28710938 0.48657227 [358.4431153794072,-2.736350665778536] -35.08969433236478 0.915922155749439 0.000687653042233675 2.340650853549764e-05 [-2797.852539062,-3487.21875] -8.775927554849796 -9.807054579348165 3.6828193782086007 75.2890601528743 18.30606939754034 -1.3287844706272728e-05 4.893488428658318e-06 -9.964556637764637e-06 4.3056906983992634e-06 -9.574087127138608e-06 4.220556086397704e-06
358.95910664515264 -2.808979031770087 0.2578125 0.2062378 [358.95910664515264,-2.808979031770087] -10.395453093004743 0.3886788874178843 0.0015634002601910876 2.2582386387667984e-05 [-1870.25390625,-3358.274414062] -8.57252152334249 -8.857906613264639 3.9989195428461843 71.63787786768432 7.466460579193608 -6.04655393441033e-06 5.586433864136317e-06 -1.060314923850628e-06 4.7420860751039634e-06 -8.943196254396334e-07 4.728424152748727e-06
358.12713633940706 -4.776508383899416 0.28320312 0.44604492 [358.12713633940706,-4.776508383899416] -6.814649818214319 0.40627236874929845 0.001396081674216615 2.1078359909337576e-05 [-3357.848632812,185.7734375] -4.4617288629476874 -2.6567281767130533 3.6314112508010363 55.803742087944556 51.77422847519392 -2.6952737296690977e-06 2.9123584933988923e-06 -9.306077653128534e-07 3.1381553262275866e-06 -1.6445066539453584e-06 3.1698868524245224e-06
359.7869871892203 -5.233580977536394 0.26757812 0.29296875 [359.7869871892203,-5.233580977536394] -6.933172756438377 2.948464311872654 0.00017892342964342166 1.9605223284334733e-05 [-380.8237304688,1004.0703125] -1.7680317893049624 -0.11275145648602125 4.331662237273383 41.27772034501038 18.24053014723313 -3.3835298089437976e-06 4.02749316890789e-06 -2.5206942108089726e-06 4.4255817474137455e-06 -3.32850479695805e-06 4.5397608445622494e-06
358.52276591442455 -7.1857471734905936 0.30078125 0.6503906 [358.52276591442455,-7.1857471734905936] 6.005751374486987 0.9126742009714385 0.0009612907624997475 3.260462776812655e-05 [-2636.844726562,4519.255981445] 0.8675643014030586 0.6788952358473264 3.3497256616144164 28.701011850650843 77.83938251033533 1.9671109109793507e-06 2.363127596179629e-06 1.6829507623398454e-06 2.593121294625819e-06 1.74474702300351e-06 2.595634660367978e-06
357.058471488336 -3.657609613875777 0.29492188 0.57592773 [357.058471488336,-3.657609613875777] -15.907216647025683 0.291584470868634 0.002891066778235351 3.132789518279093e-05 [-5280.645507812,-1821.567871094] -6.423314060762557 -4.122032644794066 4.036365413694392 73.89205095890088 60.7186908417807 -5.53679996769795e-06 2.8643962543638653e-06 -3.3010471095262623e-06 2.9535055147054332e-06 -4.102050525292318e-06 3.0265447270667016e-06
357.05691504642954 -3.6530046404764325 0.29492188 0.57592773 [357.05691504642954,-3.6530046404764325] -15.466205837511328 1.680420629432584 0.0005013898644974725 3.131138355122099e-05 [-5283.46484375,-1829.84375] -6.423314060762557 -4.122032644794066 4.036365413694392 73.94897782036173 60.69163492917778 -5.383298026405781e-06 2.9005356906069432e-06 -3.147545168234095e-06 2.997014039039464e-06 -3.94854858400015e-06 3.0660656012984027e-06
357.7042233719657 -4.4496970237404545 0.27929688 0.41625977 [357.7042233719657,-4.4496970237404545] -14.518504502718109 0.19482637399919853 0.0031968501852707946 2.3146148505371566e-05 [-4117.83984375,-400.2333984375] -4.337192845515947 -3.4463274016901018 4.147984382741698 61.76155461132862 56.9904040397887 -5.944130015283791e-06 3.5330925050443256e-06 -4.168407304292528e-06 3.633223327735454e-06 -4.533143219292103e-06 3.685542706446318e-06
357.7063904010123 -4.449341387156474 0.27929688 0.41625977 [357.7063904010123,-4.449341387156474] -14.357052789511163 0.482294424679654 0.001294535043406285 2.320249864975515e-05 [-4113.956054688,-400.8862304688] -4.337192845515947 -3.4463274016901018 4.147984382741698 61.75188086089531 56.936402294362324 -5.878028856289576e-06 3.5243563949547837e-06 -4.102306145298313e-06 3.6286333672406517e-06 -4.4670420602978865e-06 3.6802276857513545e-06
358.6334532486595 -5.960067240988583 0.30859375 0.7133789 [358.6334532486595,-5.960067240988583] -3.0613698630136987 1.663607565556663 0.0003436190907380533 2.124402844204629e-05 [-2445.255859375,2313.888671875] -1.8215207656135546 -4.362488674628971 4.184994409564697 40.50673755304672 56.55169138816382 -9.574239892018975e-07 2.2613320739685136e-06 -3.87754933888531e-07 2.6047272058841107e-06 4.0691664803154563e-07 2.6048876198029397e-06
357.94876114501983 -4.198858281936004 0.27929688 0.41345215 [357.94876114501983,-4.198858281936004] -22.83227436779455 1.0754972018908466 0.0005457891640375806 2.181438114970867e-05 [-3680.533203125,-853.0893554688] -6.811061304835537 -4.233260068887787 3.785730591848527 62.86085660358901 48.04871914776686 -9.379618666792161e-06 4.383358644235598e-06 -6.581598779399223e-06 4.0219145680571255e-06 -7.640573115573115e-06 4.244524406055078e-06
357.9439695673912 -4.205353628621032 0.27929688 0.41345215 [357.9439695673912,-4.205353628621032] -10.15541556303243 0.17927518383566546 0.003305895155178341 2.2025103387545544e-05 [-3689.098632812,-841.373046875] -6.811061304835537 -4.233260068887787 3.785730591848527 62.822513255363106 48.244505827108696 -4.171898245862377e-06 3.2251011646000375e-06 -1.373878358469439e-06 3.3051442379784143e-06 -2.4328526946433314e-06 3.378835159321221e-06
357.94552586986856 -4.203286691067602 0.27929688 0.41345215 [357.94552586986856,-4.203286691067602] -10.771773329690909 0.314608596664443 0.0018746266385336744 2.1917654305245676e-05 [-3686.31640625,-845.1015625] -6.811061304835537 -4.233260068887787 3.785730591848527 62.83452194169581 48.18148047971954 -4.425101265432198e-06 3.2678010983516955e-06 -1.6270813780392596e-06 3.320858231525335e-06 -2.6860557142131525e-06 3.4038465440110925e-06
358.1973570798429 -3.465346782867488 0.25195312 0.1381836 [358.1973570798429,-3.465346782867488] -14.461826900426278 2.2833777312899657 0.0002608365570145101 2.213374608176613e-05 [-3237.290039062,-2174.477539062] -7.866748630441046 -6.151957172422379 4.20195025603675 69.0259082101436 32.86239204427329 -1.027646036536291e-05 1.077040934436854e-05 -4.686410708315953e-06 7.3974093047358094e-06 -5.90492802113708e-06 8.096448614424622e-06
359.6963194790745 -6.9261936929309575 0.33007812 0.9172363 [359.6963194790745,-6.9261936929309575] -17.042717435059554 0.41078085506984136 0.0016534923563768476 2.524184463989098e-05 [-541.6333007812,4049.807739258] 0.20603821379302123 -1.8502329906367851 3.8340733612960545 24.075408078115515 44.45221857880006 -4.700530274797479e-06 2.152808650626833e-06 -4.757357413156703e-06 2.4030363592036144e-06 -4.190219860917939e-06 2.3599136862548645e-06
357.04873637494654 -4.4322561104329665 0.29882812 0.6098633 [357.04873637494654,-4.4322561104329665] -12.671706255554652 0.07115889249376506 0.012960734323755855 3.427421302174768e-05 [-5293.045898438,-427.2368164062] -5.031320934751193 -3.585940943143334 4.037504966907551 66.03359191861512 71.44717802786727 -4.28615120763534e-06 2.6188116063237595e-06 -2.584328117234097e-06 2.8154410626180374e-06 -3.0732218046020744e-06 2.8487071882169727e-06
357.7150269453959 -2.8769982611654035 0.24902344 0.1000061 [357.7150269453959,-2.8769982611654035] -5.106524676271974 2.6379635391124885 0.00025620070633078655 2.511642449535374e-05 [-4105.678710938,-3230.611328125] -8.772475103395426 -7.323517463561405 3.675762377504416 78.01133233781911 36.248362881995945 -4.265410325044962e-06 8.209301952544178e-06 3.0621183278744124e-06 7.942312682432543e-06 1.8518237989516967e-06 7.3357383366889496e-06
357.7135008163717 -2.878672195111328 0.24902344 0.1000061 [357.7135008163717,-2.878672195111328] -8.758347735338354 3.09314810321644 0.0002192848571846616 2.5206820018832306e-05 [-4108.4140625,-3227.590820312] -8.72907885876507 -7.1625379194063505 3.669753927762732 78.00282126353227 36.302868740640406 -7.315728255311126e-06 1.1147149189095243e-05 -2.4447892892451357e-08 7.0894110443261925e-06 -1.3329581461366349e-06 7.281994313542445e-06
359.8446045768225 -6.54721303202109 0.29296875 0.4909668 [359.8446045768225,-6.54721303202109] 2.360111062461544 0.7592228883250034 0.0007677872795371307 2.1663015380532703e-05 [-276.8872070312,3367.998291016] -0.4857858103320952 -2.0272149786446523 3.8154481213114373 27.13988832119503 35.07515118330866 8.897234013120365e-07 2.668804428080036e-06 1.072856733616748e-06 3.0374836944105154e-06 1.6539504051502579e-06 3.062710202682049e-06
359.8473814763539 -6.549031284328889 0.29296875 0.4909668 [359.8473814763539,-6.549031284328889] -0.1408602698712106 0.9028719027211618 0.0006417630842983359 2.153324952822664e-05 [-271.9204101562,3371.268310547] -0.4857858103320952 -2.0272149786446523 3.8154481213114373 27.104594022037872 35.03075398685087 -5.3102025753327015e-08 2.6607974420101947e-06 1.300313065513845e-07 3.0249125250644283e-06 7.111249780848945e-07 3.0327489513597967e-06
359.1520082184414 -3.62805590539029 0.26367188 0.26184082 [359.1520082184414,-3.62805590539029] -5.82334607722206 3.1400053557984164 0.0001720467549220398 2.007638787036118e-05 [-1522.270507812,-1884.892578125] -5.308389614855053 -4.502529157882013 3.7663904466771077 61.855390225582255 12.916464985658422 -3.0060940115666687e-06 4.248387815804116e-06 -2.658278448869845e-07 4.4139999209370015e-06 -6.818244663724532e-07 4.4256668126965255e-06
358.56131007795193 -7.113733755943684 0.296875 0.6242676 [358.56131007795193,-7.113733755943684] -6.949773188830206 0.07423003419737012 0.011243898258348005 3.1017391447277084e-05 [-2568.4375,4389.610229492] 0.18839450306896763 -0.1440964360052588 3.284747699649978 29.182848250409506 75.75882572080263 -2.3234529127601644e-06 2.41377486689394e-06 -2.386437091525468e-06 2.655454287022377e-06 -2.275278493990229e-06 2.649139929378011e-06
359.75350946708204 -5.792634504613549 0.28125 0.3687744 [359.75350946708204,-5.792634504613549] 28.75119259189973 3.040070378958993 0.00017751934063543244 2.005570888682666e-05 [-440.416015625,2010.274902344] -0.32966089687518446 -1.1439378158734792 4.3100943564159 35.57545690076256 26.671835746864417 1.2506163645466093e-05 5.918603100880703e-06 1.2649559197169009e-05 6.252878876529942e-06 1.3003752518686656e-05 6.363438517054749e-06
358.8126221225727 -7.0345277873448095 0.28710938 0.52612305 [358.8126221225727,-7.0345277873448095] -22.162032165341312 1.259870188104286 0.0006004592873656871 2.8113704075454277e-05 [-2120.040039062,4246.326049805] -0.5549547472895744 -0.7402231811769351 3.618120411088552 28.39320252437858 68.33004072641052 -8.070762209762886e-06 3.4764814169365737e-06 -7.86866396492965e-06 3.6818622639728003e-06 -7.80119463433196e-06 3.6699912569145064e-06
359.910217274535 -5.320362679452846 0.26367188 0.23406982 [359.910217274535,-5.320362679452846] 16.285903086574983 1.351238100439003 0.0003938346529158803 1.9776731254672824e-05 [-159.9125976562,1160.221191406] -1.2187461368283308 0.28249176054580705 4.232592559547898 39.66467287597527 16.340389177523775 8.891760691520452e-06 6.39317404680617e-06 9.557170459390537e-06 7.085673526037046e-06 8.737526129350534e-06 6.7326348089752e-06
357.7026977791992 -3.634030260501737 0.30273438 0.64990234 [357.7026977791992,-3.634030260501737] -2.9336300211124886 0.33303557853918153 0.0018476015325837977 2.2866918774148268e-05 [-4124.723632812,-1868.315429688] -7.480482695263257 -4.651828690404628 4.047238133289047 70.20026030872395 46.15799113661524 -9.612357706600303e-07 2.3087300659679915e-06 1.489825711784037e-06 2.677612510940981e-06 5.629864741422818e-07 2.6553695954527886e-06
357.6989438645248 -3.635893865534227 0.29296875 0.5517578 [357.6989438645248,-3.635893865534227] -3.8835201753269817 1.0704825077601137 0.0005751429809193868 2.2880425796400537e-05 [-4131.453125,-1864.939453125] -7.366461153935446 -4.5608648895117705 4.02059989508258 70.20350585092149 46.2661426743648 -1.3810199561917695e-06 2.5477962162508245e-06 1.2385698491424448e-06 2.9165347313449515e-06 2.408707886863092e-07 2.89658128881874e-06
359.35418705950696 -6.889575454170773 0.30078125 0.64086914 [359.35418705950696,-6.889575454170773] -14.240486994910302 1.6718338692183674 0.0004141589147813317 2.573172115072628e-05 [-1153.044921875,3984.357910156] -0.1966754674963367 -2.0350570681344737 3.8582772691119294 26.52237103358607 52.5838421779963 -4.6988198618138595e-06 2.65214453562018e-06 -4.633924427175029e-06 2.935363322606763e-06 -4.027328319769501e-06 2.8782769619580783e-06
358.7246704210452 -3.1066775011441847 0.27539062 0.3848877 [358.7246704210452,-3.1066775011441847] -16.609121702397108 0.4861116255391377 0.0012002066741437683 2.1682070297272798e-05 [-2291.030273438,-2821.96484375] -7.859813506726579 -8.503256276276614 3.996004595506038 69.78001822179465 16.40649101535746 -7.071772615856352e-06 3.966308479978922e-06 -3.7252492464367086e-06 3.702589914577381e-06 -3.451286478320078e-06 3.666279911218292e-06
358.72366308492366 -3.104219779266037 0.27539062 0.3848877 [358.72366308492366,-3.104219779266037] -13.90703794309541 1.627259625192063 0.0003588998055892034 2.170394975256666e-05 [-2292.845703125,-2826.383789062] -7.859813506726579 -8.503256276276614 3.996004595506038 69.81172467463614 16.399586443045337 -5.9212890275506515e-06 3.7595896814582293e-06 -2.5747656581310064e-06 3.6276709181778716e-06 -2.3008028900143764e-06 3.6025296462932297e-06
357.7231444173741 -4.183257178412548 0.2578125 0.19818115 [357.7231444173741,-4.183257178412548] 0.5904553027267552 2.4708677571971647 0.0002569659417486918 2.359574918868089e-05 [-4085.345703125,-879.9233398438] -5.9749438827035215 -3.891311837008883 3.9448048194844554 64.39185458123916 52.95643829955998 3.5035190783976074e-07 4.41067713360921e-06 3.8956380266595245e-06 5.605671261048309e-06 2.659296411851461e-06 5.28480860642352e-06
0.22324248931195018 -6.932158006812018 0.30078125 0.5866699 [0.22324248931195018,-6.932158006812018] -9.178342435026043 2.3570866114597364 0.0002947189585131277 2.5816200063390938e-05 [399.8979492188,4060.481323242] 0.978599385138896 -1.2880688260116724 3.7259616585865674 20.901151908582847 30.937636940715493 -3.1653080303198986e-06 2.688504616134026e-06 -3.502794729489614e-06 3.007539260391062e-06 -2.72109551292455e-06 2.947231708299581e-06
