data_processed/hvc_rms/hvc_rms_index_24.ecsv
# %ECSV 1.0
# ---
# datatype:
# - {name: ra_dec_obj.ra, unit: deg, datatype: float64}
# - {name: ra_dec_obj.dec, unit: deg, datatype: float64}
# - {name: 'H-alpha flux [Error]', unit: R, datatype: float32}
# - {name: H-alpha flux, unit: R, datatype: float32}
# - {name: ra_dec_deg, datatype: string, subtype: 'float64[2]'}
# - {name: RM, unit: rad / m2, datatype: float64}
# - {name: RM_uncert, unit: rad / m2, datatype: float64}
# - {name: pol_int, datatype: float64}
# - {name: pol_int_uncert, datatype: float64}
# - {name: ra_dec_pix_offsets, datatype: string, subtype: 'float64[2]'}
# - {name: interpolation_raw, unit: rad / m2, datatype: float64}
# - {name: interpolation_cor, unit: rad / m2, datatype: float64}
# - {name: interpolation_unc, unit: rad / m2, datatype: float64}
# - {name: interpolation_cor_unc, unit: rad / m2, datatype: float64}
# - {name: pixel location x, datatype: float64}
# - {name: pixel location y, datatype: float64}
# meta: !!omap
# - __serialized_columns__:
#     ra_dec_obj:
#       __class__: astropy.coordinates.sky_coordinate.SkyCoord
#       dec: !astropy.table.SerializedColumn
#         __class__: astropy.coordinates.angles.Latitude
#         unit: &id001 !astropy.units.Unit {unit: deg}
#         value: !astropy.table.SerializedColumn {name: ra_dec_obj.dec}
#       frame: icrs
#       ra: !astropy.table.SerializedColumn
#         __class__: astropy.coordinates.angles.Longitude
#         unit: *id001
#         value: !astropy.table.SerializedColumn {name: ra_dec_obj.ra}
#         wrap_angle: !astropy.coordinates.Angle
#           unit: *id001
#           value: 360.0
#       representation_type: spherical
# schema: astropy-2.0
ra_dec_obj.ra ra_dec_obj.dec "H-alpha flux [Error]" "H-alpha flux" ra_dec_deg RM RM_uncert pol_int pol_int_uncert ra_dec_pix_offsets interpolation_raw interpolation_cor interpolation_unc interpolation_cor_unc "pixel location x" "pixel location y"
[from data line 1283]
215.83921811101357 -32.183826338266 1.328125 1.3100586 [215.83921811101357,-32.183826338266] -23.352777077057766 2.9430222198275513 0.0001532213554973565 1.6757975234797634e-05 [2592.394042969,-748.2885742188] -15.256730145493734 -15.579102800449219 6.611913607109169 7.707570126658118 42.37628253350431 10.141400052209292
216.29969785230287 -33.66644661202555 1.3203125 1.1923828 [216.29969785230287,-33.66644661202555] 10.998112368836242 1.0818079400484522 0.00045252023939762915 1.8192688188703203e-05 [3238.781738281,1932.5] -9.471432018139101 -12.407819465588046 7.2454088679395285 7.4320902127850035 24.185766996929033 13.11737455397838
215.3689424202251 -33.70660781974002 1.4296875 2.3251953 [215.3689424202251,-33.70660781974002] -26.04225477061952 0.6627571818519056 0.0006796863786652943 1.6740626702915463e-05 [1844.180175781,1982.526367188] -20.598885140171934 -19.106123875412248 8.06512952799611 7.7145661310028695 27.31469097903414 22.81920551844246
215.3735962721316 -33.70557794929552 1.4296875 2.3251953 [215.3735962721316,-33.70557794929552] -20.894867198957144 1.2826389909655438 0.000351171409597669 1.6739107248660067e-05 [1851.169433594,1980.75390625] -20.598885140171934 -19.106123875412248 8.06512952799611 7.7145661310028695 27.308591303386265 22.766362164459906
216.14709483404678 -34.70612337395238 1.2578125 0.546875 [216.14709483404678,-34.70612337395238] -38.66728682127069 0.8601787799894517 0.0006321055144793185 2.020630978399596e-05 [2973.453125,3798.353759766] -22.357845229488515 -20.43482025238584 7.854571733624046 6.994906045768251 13.280502830217301 19.999610956723927
214.9310455508538 -33.87715917327881 1.3984375 1.9892578 [214.9310455508538,-33.87715917327881] -29.252740692687 0.48801616890711547 0.000914788440144304 1.6590656910899648e-05 [1186.212890625,2283.202880859] -24.489917198387143 -22.995203427534022 7.723952621402792 7.769658499176064 27.05017679986122 28.155183293723894
214.93075574902994 -33.87442015080781 1.3984375 1.9892578 [214.93075574902994,-33.87442015080781] -29.038490010211866 1.1332693845172253 0.00039401109072532807 1.659397021295544e-05 [1185.817871094,2278.270751953] -24.489917198387143 -22.995203427534022 7.723952621402792 7.769658499176064 27.081775302222923 28.14466074330653
214.23780816699548 -32.77510837962575 1.3359375 1.3930664 [214.23780816699548,-32.77510837962575] -22.835943861900027 3.011877861728188 0.00014368047209423754 1.60821387886014e-05 [152.1611328125,295.3461914062] -25.520132293710837 -23.576483532747858 6.556198921995215 7.470297223685697 41.90266700557254 29.952816011680397
214.59793101406822 -31.550191774150605 1.328125 1.25 [214.59793101406822,-31.550191774150605] -26.950324700874962 2.7514428496156076 0.00015238834507823982 1.5581919356079525e-05 [706.6020507812,-1907.938476562] -23.988769386786238 -22.327310104091215 6.3797872515399385 6.777138010006373 54.224960915238626 20.04305745566535
214.27404777200107 -32.12983321594354 1.359375 1.5927734 [214.27404777200107,-32.12983321594354] -23.888256686418284 3.0000474496149887 0.00014225595104431452 1.5860149265823257e-05 [208.48828125,-866.0766601562] -21.984403734892748 -22.294844597889803 7.0070384574247 7.47394275596487 48.97941307952328 26.400203231117075
213.88282776061814 -32.13641347734663 1.3359375 1.3950195 [213.88282776061814,-32.13641347734663] -29.27016072994287 0.39601050273950034 0.0010710710405876158 1.5762811585656372e-05 [-387.8271484375,-853.8989257812] -25.000778587422452 -22.85312582274096 6.8742521547116375 7.392124956425971 50.3480614701657 30.6048162134
213.64509597178892 -33.35387810153775 1.3671875 1.6499023 [213.64509597178892,-33.35387810153775] -34.42647634570506 2.698658337555398 0.00015868149217991313 1.5914129335961964e-05 [-739.9770507812,1338.741210938] -25.904221362505098 -27.494941268704174 6.228012755625229 7.455664984609442 37.5509622189752 38.9544728963167
215.0175782322414 -31.06717898022106 1.3046875 1.0825195 [215.0175782322414,-31.06717898022106] -44.0928535895883 2.749541732659719 0.00015831565343847384 1.6176809706502882e-05 [1357.201171875,-2773.049804688] -23.271847282411436 -22.848424231668062 6.919525558048105 7.268342092735982 57.97476877721647 13.062103715419198
213.99252314714445 -32.257923140114215 1.3671875 1.6342773 [213.99252314714445,-32.257923140114215] -31.137229195101526 1.9819863525777202 0.00021854334583359632 1.6097074372247288e-05 [-220.3334960938,-635.5024414062] -24.368022601517755 -23.64274217058371 6.969894353142061 7.35783270016954 48.58646159445607 30.026580805492813
215.8686369804379 -31.758436247025188 1.4140625 2.1367188 [215.8686369804379,-31.758436247025188] -21.585004481200855 2.317640129798114 0.0001912963584329093 1.6476365139571522e-05 [2649.436035156,-1513.118164062] -18.860732810365366 -16.77981891146215 6.179468939145275 7.480749699175206 46.95970337180779 7.5975995550466
215.91105656640696 -31.73264318989877 1.390625 1.90625 [215.91105656640696,-31.73264318989877] -21.095938705773097 2.160112199720146 0.00020637326705156712 1.6566793247283557e-05 [2715.084472656,-1558.464355469] -18.61343862358103 -16.58856023111288 6.171949784496562 7.507757317784818 47.075121177626215 7.013692785869807
214.07209783473922 -32.22597109338097 1.359375 1.625 [214.07209783473922,-32.22597109338097] -26.395112723854876 3.1213444020053136 0.000137606910841278 1.596212248194086e-05 [-99.2421875,-693.1352539062] -23.52491995690239 -23.24107917669693 7.027285070413186 7.412844159692583 48.6517548466295 29.02314321570907
213.010544054826 -33.96358115032026 1.3828125 1.8413086 [213.010544054826,-33.96358115032026] -58.375531753248616 0.7319855876079154 0.000605325665763245 1.6466462962516594e-05 [-1681.97265625,2443.224609375] -30.038043098177187 -32.887447207496095 7.512655691313362 7.946348840443958 32.886853830468226 48.40666617500301
216.17001345942413 -31.85787394480559 1.359375 1.5751953 [216.17001345942413,-31.85787394480559] -19.54641641404305 3.3065010910380304 0.0001378592969854094 1.694000105270723e-05 [3107.096679688,-1326.018554688] -15.167093730690636 -14.989306076363453 5.889220954778783 7.471603874519729 44.65441327315557 4.95076116078053
213.1990353546594 -32.47175587072888 1.359375 1.6171875 [213.1990353546594,-32.47175587072888] -27.52837643277269 3.203913717455189 0.00013560856360521185 1.614643434107218e-05 [-1424.72265625,-244.462890625] -26.300367225587475 -24.13012812711598 6.73340998103024 7.041750258582214 49.039823034069286 39.51465693217028
214.78617850579886 -32.74217216211812 1.296875 0.9675293 [214.78617850579886,-32.74217216211812] -12.705218338449352 2.5954007101355 0.0001656341536280101 1.5975814719836e-05 [982.4306640625,238.982421875] -23.665888793878885 -19.667061836145066 6.537647619234847 7.557224750574946 40.236603567609336 24.030732316544118
215.47343455019407 -35.075656922770854 1.2734375 0.73339844 [215.47343455019407,-35.075656922770854] -46.143327499849136 0.11612870359153199 0.005646008267666238 2.436631143148761e-05 [1968.166992188,4447.252441406] -29.145869833035693 -28.59463169141186 7.5543779690858965 6.887099077174868 11.704846483600022 28.578881341511988
211.74827581468128 -32.36701591920561 1.3984375 1.9912109 [211.74827581468128,-32.36701591920561] 7.084389058379441 1.0986652441968972 0.00042219918703503194 1.723818280309125e-05 [-3631.044921875,-398.4633789062] -25.604756481369073 -23.939679487400042 6.659583518645892 6.701697643272121 55.17682451928408 54.6479627929923
213.97846991980532 -32.07091904783935 1.34375 1.4467773 [213.97846991980532,-32.07091904783935] -19.879575295520645 2.7880122571039103 0.00015229717035865906 1.5779571886376463e-05 [-242.2236328125,-972.068359375] -24.08773927545131 -22.275297815617186 6.873668701049085 7.388014908373783 50.7305283920507 29.263463462654272
215.27404776858083 -31.70536413148413 1.3046875 1.0097656 [215.27404776858083,-31.70536413148413] -30.753333058490288 3.1353529553648096 0.00013884770654329598 1.6178336020596906e-05 [1740.705566406,-1620.899902344] -21.418298016582813 -18.86855917651701 6.462251580280556 7.164522664563125 49.893366166660144 13.61777804008625
213.04220566150954 -32.06923294676413 1.390625 1.9008789 [213.04220566150954,-32.06923294676413] -18.3952808024485 2.562653556648151 0.00016779581905719066 1.5980108978815138e-05 [-1670.241210938,-966.6728515625] -24.866548268918187 -24.493463626233158 6.446489480543894 6.716060909283257 54.12201420379438 39.3036898044661
213.03918447619446 -32.0613479501064 1.390625 1.9008789 [213.03918447619446,-32.0613479501064] -18.46736499551525 2.542035048729989 0.00016930620130114482 1.5994221381826048e-05 [-1674.993164062,-980.8168945312] -24.866548268918187 -24.493463626233158 6.446489480543894 6.716060909283257 54.221416051470214 39.299149976994386
212.86112995094993 -32.10126501487744 1.3359375 1.3256836 [212.86112995094993,-32.10126501487744] -15.124864767162384 2.8230629946062176 0.00015305731275449985 1.605770061350048e-05 [-1945.700195312,-905.9399414062] -23.412532202076505 -23.15780572963209 6.190137181409641 6.507655857928986 54.39745353542912 41.40632513174023
213.56932077764571 -33.261447835948694 1.3984375 2.0107422 [213.56932077764571,-33.261447835948694] -28.25877878422394 2.4945066737558323 0.00016920279927042873 1.568559209721643e-05 [-854.80859375,1172.950195312] -25.26416342573351 -26.470351115834823 6.029822305039891 7.3306534064262365 38.856667737241196 39.31266582183639
213.5744781630527 -33.25683203497857 1.390625 1.9282227 [213.5744781630527,-33.25683203497857] -27.64007908350466 2.117579468647872 0.00019977600797650266 1.5721419319394207e-05 [-847.0913085938,1164.601074219] -25.31467515198281 -26.42804104106361 6.076947609646836 7.3574164951284144 38.8903184490066 39.2367732106527
215.92924496631983 -31.690791996984995 1.359375 1.5585938 [215.92924496631983,-31.690791996984995] -34.55787685980746 0.6574585339781955 0.0006823795792390452 1.66725908234345e-05 [2744.153808594,-1633.310058594] -18.8007898895985 -16.56150776603492 6.235914021652093 7.531353945325564 47.46438841794202 6.600373570084912
215.91812122579535 -31.690370607611687 1.359375 1.5585938 [215.91812122579535,-31.690370607611687] -33.61473561705165 0.8102577230806439 0.000548061116395909 1.6502923004807512e-05 [2727.137207031,-1634.354492188] -18.8007898895985 -16.56150776603492 6.235914021652093 7.531353945325564 47.513568995341984 6.7156333057766915
215.9390715539428 -31.686443302676167 1.359375 1.5585938 [215.9390715539428,-31.686443302676167] -24.54261229918308 2.9747819016084414 0.000150207795009316 1.6605666237810754e-05 [2759.326171875,-1640.881347656] -18.8007898895985 -16.56150776603492 6.235914021652093 7.531353945325564 47.47303839887104 6.473579767588262
212.03123479809938 -33.48682416918973 1.421875 2.1835938 [212.03123479809938,-33.48682416918973] -32.693100068268095 3.2335044251719314 0.00014200563004194782 1.706427045931516e-05 [-3160.905273438,1607.634765625] -28.44039144247488 -28.98648721594383 6.9391843163297 7.008061790559853 41.54504981125865 56.55372440919882
213.76559439814883 -34.74692537446945 1.2890625 0.89501953 [213.76559439814883,-34.74692537446945] -21.348254330813305 3.0200420044346923 0.00016795581058839275 1.8850232875206356e-05 [-549.6865234375,3844.620849609] -27.80648951502298 -34.722028227189035 7.17240570342486 7.3985175510826355 21.480079024652696 44.231598107954596
212.79220567900043 -32.01503360863695 1.328125 1.2495117 [212.79220567900043,-32.01503360863695] -8.739981074315358 2.6810530742021923 0.00016074589450105933 1.601599793954054e-05 [-2052.703125,-1059.840820312] -24.05905171099886 -23.43485248250586 6.184265531092271 6.47880871123187 55.61010607026992 41.748562965968404
212.78428620839895 -32.01856998668789 1.3203125 1.2241211 [212.78428620839895,-32.01856998668789] -10.483201795941632 2.836079783746943 0.0001525573873007398 1.6079050146260574e-05 [-2064.70703125,-1053.322753906] -23.917074166481907 -23.230634772564965 6.1697322657610645 6.4783273983955985 55.59790148531147 41.85066559395841
212.84461970007993 -32.54664999724228 1.328125 1.2939453 [212.84461970007993,-32.54664999724228] -29.180304565126654 2.539122472414667 0.00017074583219857397 1.6111740707227154e-05 [-1961.193359375,-104.013671875] -25.784504153172698 -24.317470600217415 6.6424779838024435 7.131946050568446 49.435123561969704 43.65369891064552
214.32231135352552 -32.39861291526915 1.34375 1.4472656 [214.32231135352552,-32.39861291526915] -28.87375763532755 1.1341618792479813 0.00037565615582466847 1.5833402755025083e-05 [281.2260742188,-382.1723632812] -23.673792979885064 -23.648080188690848 7.416132695623453 7.754765271701287 45.79840071845388 27.214020662042685
212.6955111292328 -32.06284715654526 1.375 1.7211914 [212.6955111292328,-32.06284715654526] -8.506035937471026 2.8368235776665305 0.00015160762831981347 1.5983139312527652e-05 [-2199.088867188,-971.853515625] -24.131480347392774 -23.246146520240437 6.196779244992952 6.529640307961907 55.40785947488007 43.016275893351576
216.25505058495906 -34.88520050189574 1.234375 0.35705566 [216.25505058495906,-34.88520050189574] -27.211484260297567 2.6536051420039115 0.00022365376514414526 2.2055718847328117e-05 [3126.301757812,4123.490112305] -23.313040528102217 -20.4042476620006 7.19409381972889 6.462424666183805 10.887357832192947 19.83520053691541
216.1803740929482 -34.62537381328813 1.265625 0.6804199 [216.1803740929482,-34.62537381328813] -32.623823654919235 0.9600040369367547 0.0005566810903161467 1.9860410996137693e-05 [3025.613769531,3654.064453125] -21.690467805074867 -19.927881428725033 7.940680705968758 7.065304807954337 14.047181489561126 19.255703334795726
214.63937375885044 -31.572052049117325 1.328125 1.2792969 [214.63937375885044,-31.572052049117325] -20.287240709157974 2.9452791635673043 0.00014336661950693728 1.569217754229626e-05 [769.9897460938,-1868.309570312] -23.852262635461795 -22.206198281115306 6.38010299615876 6.804566948500491 53.82357104517928 19.709253830787247
214.73591606892688 -32.256553785242275 1.359375 1.6088867 [214.73591606892688,-32.256553785242275] -36.73937465677115 2.9943064835232818 0.0001432221752589222 1.5937317305473512e-05 [911.2392578125,-635.55859375] -22.04213904846236 -21.575116094804297 6.864184444318926 7.539386978840846 45.83495204087649 22.13012396392719
215.29156489742576 -32.02253722128043 1.2890625 0.89038086 [215.29156489742576,-32.02253722128043] -27.126913587611202 3.1749944133048955 0.00013506306002930994 1.593632777375188e-05 [1761.457519531,-1049.781738281] -22.168538139286365 -19.13696420240617 6.447433245177215 7.437492851680784 46.30758586404568 15.067262012094716
212.30728132786092 -33.76329805468386 1.4296875 2.3125 [212.30728132786092,-33.76329805468386] -41.882634149363454 2.9064521620822714 0.00015687827096346827 1.6944730911439045e-05 [-2737.939453125,2097.461181641] -30.60381704193251 -31.15245465047567 7.001564682980204 7.506857742601905 37.50462863668827 54.86206421185261
215.8636933932574 -32.67656700992236 1.359375 1.5976562 [215.8636933932574,-32.67656700992236] 13.331579127811299 1.2928114356044125 0.0003483751036476368 1.6737515766099106e-05 [2615.339355469,139.1220703125] -15.201223999696175 -15.318181576296329 6.891989783046521 7.880009791091775 36.831810024195875 12.454802579335364
212.91845696020977 -32.68349073410522 1.3359375 1.3544922 [212.91845696020977,-32.68349073410522] -12.6340738443063 0.37493877688298 0.0011441512450514509 1.594235585694344e-05 [-1846.360351562,140.9594726562] -28.535959069995926 -26.468528561269856 6.584209717531264 7.30937911059918 47.63667704000295 43.49838782880556
