data_processed/hvc_rms/hvc_rms_index_10_with_B.ecsv
# %ECSV 1.0
# ---
# datatype:
# - {name: ra_dec_obj.ra, unit: deg, datatype: float64}
# - {name: ra_dec_obj.dec, unit: deg, datatype: float64}
# - {name: 'H-alpha flux [Error]', unit: R, datatype: float32}
# - {name: H-alpha flux, unit: R, datatype: float32}
# - {name: ra_dec_deg, datatype: string, subtype: 'float64[2]'}
# - {name: RM, unit: rad / m2, datatype: float64}
# - {name: RM_uncert, unit: rad / m2, datatype: float64}
# - {name: pol_int, datatype: float64}
# - {name: pol_int_uncert, datatype: float64}
# - {name: ra_dec_pix_offsets, datatype: string, subtype: 'float64[2]'}
# - {name: interpolation_raw, unit: rad / m2, datatype: float64}
# - {name: interpolation_cor, unit: rad / m2, datatype: float64}
# - {name: interpolation_unc, unit: rad / m2, datatype: float64}
# - {name: pixel location x, datatype: float64}
# - {name: pixel location y, datatype: float64}
# - {name: 'B_virtual [raw]', unit: G, datatype: float64}
# - {name: 'B_virtual_unc [raw]', unit: G, datatype: float64}
# - {name: 'B_virtual [int]', unit: G, datatype: float64}
# - {name: 'B_virtual_unc [int]', unit: G, datatype: float64}
# - {name: 'B_virtual [cor]', unit: G, datatype: float64}
# - {name: 'B_virtual_unc [cor]', unit: G, datatype: float64}
# meta: !!omap
# - __serialized_columns__:
#     ra_dec_obj:
#       __class__: astropy.coordinates.sky_coordinate.SkyCoord
#       dec: !astropy.table.SerializedColumn
#         __class__: astropy.coordinates.angles.Latitude
#         unit: &id001 !astropy.units.Unit {unit: deg}
#         value: !astropy.table.SerializedColumn {name: ra_dec_obj.dec}
#       frame: icrs
#       ra: !astropy.table.SerializedColumn
#         __class__: astropy.coordinates.angles.Longitude
#         unit: *id001
#         value: !astropy.table.SerializedColumn {name: ra_dec_obj.ra}
#         wrap_angle: !astropy.coordinates.Angle
#           unit: *id001
#           value: 360.0
#       representation_type: spherical
# schema: astropy-2.0
ra_dec_obj.ra ra_dec_obj.dec "H-alpha flux [Error]" "H-alpha flux" ra_dec_deg RM RM_uncert pol_int pol_int_uncert ra_dec_pix_offsets interpolation_raw interpolation_cor interpolation_unc "pixel location x" "pixel location y" "B_virtual [raw]" "B_virtual_unc [raw]" "B_virtual [int]" "B_virtual_unc [int]" "B_virtual [cor]" "B_virtual_unc [cor]"
[from data line 147]
75.51153574828331 -58.288615996654144 1.25 0.5185547 [75.51153574828331,-58.288615996654144] 56.45130105741411 0.3447747923045067 0.0014889235434215435 1.907728667384927e-05 [3321.371337891,-3569.37890625] 35.20626633203567 32.425996889864166 8.960611488585462 53.1353454255692 37.59391566601198 2.0707387364115448e-05 2.5159234005517977e-05 7.79307394837655e-06 1.0301910279532778e-05 8.81292849977306e-06 1.1439788086602677e-05
75.51045979151803 -58.28507992705892 1.25 0.5185547 [75.51045979151803,-58.28507992705892] -53.06281244730235 0.7876192142782084 0.0006520950111544911 1.9086921317197832e-05 [3320.686767578,-3575.78515625] 35.20626633203567 32.425996889864166 8.960611488585462 53.12287084979391 37.645454871121046 -1.9464426707511378e-05 2.366674311135526e-05 -3.237874012325028e-05 3.935658160811281e-05 -3.1358885571853763e-05 3.813115615931256e-05
75.63138586567605 -59.52863304102058 1.2265625 0.27197266 [75.63138586567605,-59.52863304102058] 59.49352832781071 0.9645283319146417 0.0004782440752430491 1.7142465759799482e-05 [3313.488037109,-1335.267578125] 34.46146819620108 33.341326147773295 8.751174274036021 55.991969303034125 19.295882665021963 3.013392747966892e-05 6.80983311598848e-05 1.2678930059692326e-05 2.9174614304569407e-05 1.3246290581130286e-05 3.043137288442175e-05
74.41527547322275 -58.897407310465674 1.21875 0.1895752 [74.41527547322275,-58.897407310465674] 42.98091770622226 1.7791010447407656 0.0002532451491245631 1.6743662181506946e-05 [2246.129882812,-2521.368164062] 33.56751813516739 30.70074900663556 7.375248848878374 47.43766519171595 27.23392963563765 2.6075555083475102e-05 8.396513940282319e-05 5.710897582865417e-06 1.9402902665238222e-05 7.450101869604409e-06 2.476218830870379e-05
69.08630395986928 -57.83160041238411 1.265625 0.6323242 [69.08630395986928,-57.83160041238411] 31.076804608552145 1.4279795683582923 0.00044402117876921954 2.3563206114244746e-05 [-2790.099609375,-4418.12109375] 28.86879654678917 30.83834373060053 8.036826167000784 12.048857682068387 34.890141390157396 1.0323217637455974e-05 1.0640895306835708e-05 7.334649766586305e-07 3.6472537234500296e-06 7.921289116178608e-08 3.572902926859276e-06
73.56150791887534 -60.04923258118111 1.2734375 0.7375488 [73.56150791887534,-60.04923258118111] 57.532024018948945 1.799655211301557 0.00023989440226913995 1.6044202166046488e-05 [1404.091308594,-472.8520507812] 37.28888669201588 32.950248842701505 8.150070871941619 44.733528784898 8.893499829749544 1.7695502451846594e-05 1.551919336014575e-05 6.226314688386928e-06 6.358597138785374e-06 7.560778024405321e-06 7.36834717109927e-06
73.8950650661441 -60.16847983501695 1.2734375 0.7531738 [73.8950650661441,-60.16847983501695] 64.6626001520874 1.6818097342314258 0.0002564036904972114 1.6025435362528638e-05 [1697.555175781,-250.4423828125] 37.679392391908735 32.996800308240466 8.068366542743306 46.96118782770611 7.590043821047175 1.9681318434259257e-05 1.6875101126312904e-05 8.212863433526935e-06 7.719052894130177e-06 9.638101294046864e-06 8.830196408230661e-06
71.14954381888 -57.89428313964309 1.2578125 0.5493164 [71.14954381888,-57.89428313964309] 27.325994826352577 1.0975932395717625 0.0005390438845043932 2.1987418864060097e-05 [-812.5756835938,-4361.822265625] 31.252492761424147 32.13339857789496 7.857541399104305 25.071675263726206 37.63215779151665 9.738976791953324e-06 1.1465986195150655e-05 -1.3994027484202259e-06 4.099049248882539e-06 -1.7133573311178855e-06 4.253362337629282e-06
71.13964858823323 -57.883792816844405 1.234375 0.36279297 [71.13964858823323,-57.883792816844405] 22.8943743694623 0.8962546168983938 0.0006659015935262745 2.2179418887330183e-05 [-822.28125,-4380.563476562] 31.182730922662913 32.211354153814284 7.8779512213116965 24.984744160628452 37.775557349508745 1.0040329917258405e-05 1.7382350531246177e-05 -3.634859504045024e-06 7.736883293718482e-06 -4.085962313610843e-06 8.364655377097291e-06
71.1462553794504 -57.89211650770385 1.2578125 0.5493164 [71.1462553794504,-57.89211650770385] 17.201632459985888 2.169279532637976 0.00027293082318150956 2.2002742028588287e-05 [-815.7705078125,-4365.677734375] 31.252492761424147 32.13339857789496 7.857541399104305 25.04594255348502 37.65972720268883 6.130656921224142e-06 7.509423283993732e-06 -5.007722619149408e-06 6.9092564986358215e-06 -5.321677201847068e-06 7.212133736954696e-06
73.3133620366065 -59.58239752530786 1.265625 0.63256836 [73.3133620366065,-59.58239752530786] 52.85100466413839 3.1821292118886673 0.0001359579331980115 1.6077964576798198e-05 [1197.811523438,-1317.814453125] 34.71205456247149 31.893134234260007 8.705488547731472 42.20811930882462 15.506502052626274 1.7552870513704883e-05 1.7814560837537638e-05 6.024306338402579e-06 7.1760350706261606e-06 6.960525882836725e-06 7.984985128461325e-06
75.97779857915631 -60.776782925393356 1.2421875 0.38659668 [75.97779857915631,-60.776782925393356] 69.89329382648961 3.2082708201841363 0.0001457464249919033 1.7377113399800075e-05 [3493.818359375,925.4985351562] 37.9231193282539 38.69378615354031 8.179675232447563 60.35388161129572 1.2505098347858166 2.9693068629742875e-05 4.789057929855709e-05 1.3582026736893977e-05 2.2369693698837094e-05 1.325462103484331e-05 2.1855288073149878e-05
66.95607009824201 -59.546199868547056 1.296875 0.9802246 [66.95607009824201,-59.546199868547056] 84.41493973100138 2.657332383999518 0.00020819880267239588 2.0560459242760227e-05 [-4594.727539062,-1219.017089844] 31.23285255816735 31.76710017718712 7.606858143977281 4.594259998268626 4.071263998898303 2.2521906342269197e-05 1.5168049674737576e-05 1.4188981123599451e-05 9.891540913748731e-06 1.4046443856173972e-05 9.80044825213058e-06
72.12717448797414 -58.712398352586526 1.328125 1.2954102 [72.12717448797414,-58.712398352586526] 59.50560409304745 3.199635388776597 0.00013720612086403405 1.631483480451323e-05 [119.8828125,-2895.272460938] 29.557570383429365 31.47372458925233 7.44618033205693 33.04868201155159 26.797587786728855 1.381029176381455e-05 7.406439412067051e-06 6.9504560047093535e-06 4.3890086354356866e-06 6.505747492793458e-06 4.200284171473837e-06
74.52723717925966 -58.269000821940466 1.2421875 0.42089844 [74.52723717925966,-58.269000821940466] 38.69554630366627 0.05490305010480564 0.00919237988119951 1.87556940091984e-05 [2392.702636719,-3647.2578125] 33.058081349562165 32.39891343268765 8.131730460789665 46.95527707555266 36.769099602905044 1.5755092592223227e-05 2.3465750702199835e-05 2.2953231268609418e-06 5.5317524892843465e-06 2.5637067667424374e-06 5.783640882836615e-06
67.56484218722949 -59.23338705754553 1.2890625 0.8774414 [67.56484218722949,-59.23338705754553] 39.44336060368037 1.5482209545840093 0.00031902521615605406 1.83555184631809e-05 [-4078.709960938,-1820.614257812] 28.76244466489183 31.294758751299558 6.90718317419918 7.098648783926592 10.238450362596268 1.112278344637026e-05 8.476050285581791e-06 3.0119521556422427e-06 3.5846059913274013e-06 2.2978552640432554e-06 3.2821901290992657e-06
69.45579479146325 -58.35469419455433 1.3046875 1.0820312 [69.45579479146325,-58.35469419455433] 70.24867983289177 2.5688077538667957 0.00019381219849087258 1.8502116644512615e-05 [-2400.923828125,-3492.599609375] 28.302063814362075 32.69408264216434 7.492987869257736 15.785645400581188 27.593588440101485 1.7838851876779635e-05 1.1037630723521445e-05 1.0651865226032968e-05 7.026050731840503e-06 9.53656208445695e-06 6.403042033216446e-06
69.4526447362915 -58.358139191311395 1.3046875 1.0820312 [69.4526447362915,-58.358139191311395] 31.379828151773136 0.27149332178009633 0.001823365472903667 1.8396770102751254e-05 [-2403.661132812,-3486.291992188] 28.302063814362075 32.69408264216434 7.492987869257736 15.775986712299982 27.534918580292924 7.968549838230283e-06 5.172875260163223e-06 7.815631874836137e-07 2.6480130597801033e-06 -3.337399540924025e-07 2.612735595213677e-06
70.68293719344446 -59.54397950694101 1.3046875 1.0375977 [70.68293719344446,-59.54397950694101] 48.06322422578447 0.22531108669224784 0.0019471877407428724 1.6304184905048197e-05 [-1200.553710938,-1386.879882812] 31.211873462058385 32.2288668224746 7.024126771538033 26.47337131927486 11.819561608148433 1.2463701646200975e-05 8.121557900080584e-06 4.369873466414015e-06 3.7840446609839337e-06 4.106147883609792e-06 3.6629661466195476e-06
72.15006999485689 -59.620372770741184 1.3046875 1.0361328 [72.15006999485689,-59.620372770741184] 47.93923785300913 2.3891914218346164 0.0001820307047997368 1.6162342306843138e-05 [137.6098632812,-1261.227050781] 35.28812277306603 32.73962825806111 8.437131022323586 35.372504556100694 13.166075311883333 1.2440334152291541e-05 8.141480082376375e-06 3.282991262317446e-06 3.5829364737842556e-06 3.944331007624917e-06 3.843277060271856e-06
70.85488876100281 -59.061218341538755 1.3125 1.1010742 [70.85488876100281,-59.061218341538755] 45.35205728520827 0.6404621235086716 0.0006871415839461543 1.635491855655771e-05 [-1058.637695312,-2258.508789062] 30.425962611859724 33.32126593703257 6.868533282769141 26.198779732526873 19.4208380321179 1.14166143196081e-05 7.105403159202709e-06 3.757392197490355e-06 3.3541190886644635e-06 3.0285484937989214e-06 3.0745961601227895e-06
70.8542934225827 -59.06182090014074 1.3125 1.1010742 [70.8542934225827,-59.06182090014074] 45.508554088142496 0.723366559308536 0.0006077316459524825 1.6337251042179486e-05 [-1059.169921875,-2257.415039062] 30.425962611859724 33.32126593703257 6.868533282769141 26.196786977976217 19.410676601107525 1.1456009746151065e-05 7.128906243392515e-06 3.796787624033321e-06 3.3712617715671374e-06 3.0679439203418866e-06 3.089913938718907e-06
70.85225647396805 -59.05992152237708 1.3125 1.1010742 [70.85225647396805,-59.05992152237708] 43.34279279630764 0.804003567181917 0.0005474371381191016 1.635689762000097e-05 [-1061.11328125,-2260.799804688] 30.425962611859724 33.32126593703257 6.868533282769141 26.179514767252613 19.435843814778536 1.0910815925687288e-05 6.81165266760602e-06 3.251593803569544e-06 3.1586458044234087e-06 2.5227500998781107e-06 2.9065356035463537e-06
70.2521208914083 -57.83815027808386 1.25 0.4918213 [70.2521208914083,-57.83815027808386] 25.6358588978167 1.073931028541787 0.0005799783171600008 2.314711402765801e-05 [-1673.493164062,-4445.822265625] 29.405751463714914 32.34562218311342 6.9636496008348825 19.327767097400738 36.955674534991886 9.655901899793923e-06 1.2587211811658604e-05 -1.4199529235268077e-06 4.155388055878965e-06 -2.5272730791626377e-06 4.935698929253118e-06
73.14730051092407 -59.04043589715842 1.234375 0.32751465 [73.14730051092407,-59.04043589715842] 33.52989904705548 2.0156250682208765 0.00021594140888549687 1.6175376000230297e-05 [1063.305664062,-2295.8671875] 35.081770267339955 33.29113852874368 7.972728848644644 40.00533312107791 23.38633913417084 1.5476242121852436e-05 2.9390516517688072e-05 -7.16290100168562e-07 5.16456403584144e-06 1.1020360023591819e-07 4.9889661235401945e-06
70.67460605406657 -59.70613863499584 1.3046875 1.0820312 [70.67460605406657,-59.70613863499584] 50.426117552714054 1.8529239621559597 0.00023270237857319658 1.6023859314604583e-05 [-1202.328125,-1094.921386719] 32.37509795825288 32.9198759622497 7.244018769117806 26.872552919721784 9.358358153023119 1.2805138030832575e-05 8.019272365215145e-06 4.583850764689655e-06 3.817387079136232e-06 4.445510597413278e-06 3.7561020076536487e-06
72.3022997136244 -59.93843073706255 1.3046875 1.0234375 [72.3022997136244,-59.93843073706255] 58.652436946344544 1.8603958849198363 0.00023167510255381026 1.6017452225329e-05 [273.5747070312,-688.2797851562] 36.094963231758854 33.48917447557021 8.342714350836681 37.06350462765988 8.639999847607896 1.5314542679520488e-05 1.003814746603457e-05 5.889906914868852e-06 4.764157662957213e-06 6.570295747765466e-06 5.119595769194854e-06
76.51085663271627 -59.96219245021337 1.2421875 0.44226074 [76.51085663271627,-59.96219245021337] 73.4769225930416 2.9644970707855847 0.0001632813983564352 1.7988561685704093e-05 [4061.212646484,-507.2001953125] 38.50947311107275 38.12651192794041 8.796892778222096 62.009154663741015 13.848321222884124 2.9185047039158812e-05 4.1181266723672755e-05 1.3889077304216278e-05 2.0083438623824203e-05 1.404118955592002e-05 2.029182124332968e-05
76.23513035911368 -59.65895083045646 1.2109375 0.1000061 [76.23513035911368,-59.65895083045646] 71.17595349862827 2.8188943839422813 0.00016673849470760866 1.7467203660459835e-05 [3848.341308594,-1068.3515625] 36.30047535027718 35.53308598528288 8.792835964136607 59.84746559018129 18.03275169679523 5.945230194591146e-05 0.0003600380893853089 2.9131010621779253e-05 0.00017665322092292948 2.9772000478537564e-05 0.00018052870177754466
71.74613193065703 -59.39442050400579 1.25 0.5148926 [71.74613193065703,-59.39442050400579] 36.57635104733116 2.2999158333387335 0.0001871107251334322 1.5992609319749216e-05 [-231.650390625,-1667.607421875] 34.10090947627023 33.07028672175572 8.268124586672538 32.40213450074282 15.906889018796846 1.3464514404342392e-05 1.661163740156788e-05 9.112614499879102e-07 4.225057507373382e-06 1.2906550889445825e-06 4.369068912808667e-06
74.97660082561347 -60.453453027279814 1.296875 0.9375 [74.97660082561347,-60.453453027279814] 64.57792581091215 2.1958988681217613 0.0002001035943340103 1.6329614326830406e-05 [2641.946289062,297.7451171875] 37.10244057004472 35.234268652382426 8.37491351530544 53.89688713026601 4.8047595660102616 1.7617613891502625e-05 1.2450166812672646e-05 7.495633908599273e-06 6.046477413293905e-06 8.00529307022507e-06 6.356363207142518e-06
72.7264402320199 -60.23817069521216 1.3203125 1.2329102 [72.7264402320199,-60.23817069521216] 62.668294805659826 0.5655222339145123 0.0007816141888864636 1.6426718772484045e-05 [650.0659179688,-145.802734375] 36.90657651776692 34.531303271095965 8.87918787372628 40.29054522799311 4.825840401034384 1.4908391772520968e-05 8.265222103396504e-06 6.128550172942299e-06 4.280829653382859e-06 6.693612685620724e-06 4.523432092963489e-06
69.40335067162833 -59.83360672880219 1.28125 0.7902832 [69.40335067162833,-59.83360672880219] 55.9563019007022 1.6906025676199052 0.0002584433275438636 1.6237364931963484e-05 [-2346.92578125,-831.349609375] 30.027355776249337 32.89346236262108 5.944783690602953 19.793467394600725 5.01481671000397 1.6626707747963486e-05 1.3728653230421242e-05 7.704458564631452e-06 6.8691470641800255e-06 6.852831223877573e-06 6.240051099908772e-06
71.76965313220475 -59.949905282659316 1.25 0.50756836 [71.76965313220475,-59.949905282659316] 61.30385648740603 0.48983099240951367 0.0008875573183372957 1.615665207070385e-05 [-206.6254882812,-667.8881835938] 34.611989459610044 32.12053211524201 8.299001595646885 33.964746289287746 7.597615301501719 2.272946216596214e-05 2.8183182219364276e-05 9.896470083767358e-06 1.2865920820380933e-05 1.0820220867024451e-05 1.3953619760454572e-05
71.76615164831101 -59.95049293194907 1.25 0.50756836 [71.76615164831101,-59.95049293194907] 61.59075938912103 0.4191628578525888 0.0010371557334783895 1.615606040962246e-05 [-209.7778320312,-666.8193359375] 34.611989459610044 32.12053211524201 8.299001595646885 33.945738324159606 7.582948514910186 2.2835836365294537e-05 2.831380253163782e-05 1.0002844283099752e-05 1.2990373086388715e-05 1.0926595066356847e-05 1.407909635067116e-05
76.31322479373377 -57.9880981429219 1.234375 0.33605957 [76.31322479373377,-57.9880981429219] 5.488074836540665 2.0710957360399185 0.00028239420870302545 2.1735251196211714e-05 [4112.671142578,-4063.822265625] 34.39636284541872 33.608866506651005 8.44367891133899 57.713014106458786 42.874048631539154 2.500693845140857e-06 5.675134334441663e-06 -1.317233821522159e-05 2.4748811782396767e-05 -1.2813507968535542e-05 2.4103478000894806e-05
