data_processed/hvc_rms/hvc_rms_index_23_with_B.ecsv
# %ECSV 1.0
# ---
# datatype:
# - {name: ra_dec_obj.ra, unit: deg, datatype: float64}
# - {name: ra_dec_obj.dec, unit: deg, datatype: float64}
# - {name: 'H-alpha flux [Error]', unit: R, datatype: float32}
# - {name: H-alpha flux, unit: R, datatype: float32}
# - {name: ra_dec_deg, datatype: string, subtype: 'float64[2]'}
# - {name: RM, unit: rad / m2, datatype: float64}
# - {name: RM_uncert, unit: rad / m2, datatype: float64}
# - {name: pol_int, datatype: float64}
# - {name: pol_int_uncert, datatype: float64}
# - {name: ra_dec_pix_offsets, datatype: string, subtype: 'float64[2]'}
# - {name: interpolation_raw, unit: rad / m2, datatype: float64}
# - {name: interpolation_cor, unit: rad / m2, datatype: float64}
# - {name: interpolation_unc, unit: rad / m2, datatype: float64}
# - {name: interpolation_cor_unc, unit: rad / m2, datatype: float64}
# - {name: HI, unit: dex(1 / cm2), datatype: float64}
# - {name: 'HI [Error]', unit: dex(1 / cm2), datatype: float64}
# - {name: pixel location x, datatype: float64}
# - {name: pixel location y, datatype: float64}
# - {name: 'B_virtual [raw]', unit: G, datatype: float64}
# - {name: 'B_virtual_unc [raw]', unit: G, datatype: float64}
# - {name: 'B_virtual [int]', unit: G, datatype: float64}
# - {name: 'B_virtual_unc [int]', unit: G, datatype: float64}
# meta: !!omap
# - __serialized_columns__:
#     ra_dec_obj:
#       __class__: astropy.coordinates.sky_coordinate.SkyCoord
#       dec: !astropy.table.SerializedColumn
#         __class__: astropy.coordinates.angles.Latitude
#         unit: &id001 !astropy.units.Unit {unit: deg}
#         value: !astropy.table.SerializedColumn {name: ra_dec_obj.dec}
#       frame: icrs
#       ra: !astropy.table.SerializedColumn
#         __class__: astropy.coordinates.angles.Longitude
#         unit: *id001
#         value: !astropy.table.SerializedColumn {name: ra_dec_obj.ra}
#         wrap_angle: !astropy.coordinates.Angle
#           unit: *id001
#           value: 360.0
#       representation_type: spherical
# schema: astropy-2.0
ra_dec_obj.ra ra_dec_obj.dec "H-alpha flux [Error]" "H-alpha flux" ra_dec_deg RM RM_uncert pol_int pol_int_uncert ra_dec_pix_offsets interpolation_raw interpolation_cor interpolation_unc interpolation_cor_unc HI "HI [Error]" "pixel location x" "pixel location y" "B_virtual [raw]" "B_virtual_unc [raw]" "B_virtual [int]" "B_virtual_unc [int]"
[from data line 1060]
199.4723054217559 -44.485244821171115 1.6796875 4.8320312 [199.4723054217559,-44.485244821171115] -76.04709743184745 1.744558398447906 0.0003057714807134584 1.9823995542797833e-05 [928.5424804688,-3625.897460938] -89.15558630746577 -67.70186110198836 12.23564806775219 7.97226827989819 0.0 0.0 71.57963545058487 39.30314055581039 -7.409717471680376e-06 8.483489198969687e-07 1.2772374269253855e-06 1.3864024623504506e-06
201.72718817602956 -46.16575250592737 1.9140625 7.1347656 [201.72718817602956,-46.16575250592737] -46.40212646865718 1.6529026575120256 0.0003181308715114378 1.9541675454274057e-05 [3710.794189453,-536.0385742188] -51.127522402119894 -64.25849181724183 7.784697099647472 8.247157515859271 0.0 0.0 49.189099504744036 22.19297173942732 -4.521233009926054e-06 7.583725440999125e-07 4.6042321128909736e-07 1.033120862549425e-06
202.2078399539896 -45.167488311585515 1.859375 6.5996094 [202.2078399539896,-45.167488311585515] -86.97891171422289 2.0004895692045492 0.00032712480261246096 2.4319714262668863e-05 [4386.564208984,-2306.606445312] -70.83685074960778 -58.00928934912018 9.413930679293294 5.400577875594337 0.0 0.0 60.444852790078585 16.189395578396898 -8.47486864800075e-06 8.934875099604536e-07 -1.5728162572625446e-06 1.1639196668866592e-06
200.9962922200339 -46.238963991953334 1.75 5.4882812 [200.9962922200339,-46.238963991953334] -50.22980431726648 2.0088870718002694 0.0002527839970432503 1.8871820787358666e-05 [2796.858886719,-434.4311523438] -53.326148965650795 -64.34157491502505 8.692272207431424 8.71225366259336 0.0 0.0 49.150919394094444 28.58212073282084 -4.8941862505967055e-06 7.758438585954493e-07 3.016951312315187e-07 1.1050735556480017e-06
199.94461043609135 -44.87697991353454 1.6796875 4.8066406 [199.94461043609135,-44.87697991353454] -84.62095925916964 2.7929384006304976 0.0001824770617100031 1.893992869514519e-05 [1524.641601562,-2913.850585938] -102.26736718308081 -74.2463495968731 12.754718769075092 7.979306884428061 0.0 0.0 66.45867466710683 35.645316960355785 -8.245119425563197e-06 9.047638003999734e-07 1.7193936589543695e-06 1.4477116699361368e-06
199.55577078717437 -44.55434422432409 1.625 4.2421875 [199.55577078717437,-44.55434422432409] -76.3715467623618 2.0593900501053564 0.0002561776472323183 1.960597958154312e-05 [1034.490722656,-3500.5625] -88.01326076797041 -65.17533645084544 11.915300580191795 7.680458355483799 0.0 0.0 70.67785396443242 38.650932942947065 -7.441330484591772e-06 8.561511709264474e-07 1.1343208956130257e-06 1.3633103193429168e-06
199.66760272537033 -44.94288619759895 1.7421875 5.390625 [199.66760272537033,-44.94288619759895] -93.87131378033153 1.0715492532862025 0.0004545215912237443 1.8099865997311107e-05 [1170.03125,-2799.997070312] -103.59314455378878 -72.90372048486627 13.152179045067554 7.702077752437727 0.0 0.0 65.93883398425601 38.19420892671178 -9.146436054723408e-06 9.054580779866909e-07 9.472553426955438e-07 1.4567120268697107e-06
201.14886481016543 -46.4011001981833 1.890625 6.9375 [201.14886481016543,-46.4011001981833] -52.55068436287763 2.0768928512536142 0.00024709476857451886 1.9071565568436174e-05 [2977.817382812,-137.1376953125] -52.95715857691083 -65.48849700886313 8.106381023768273 9.42381080260679 0.0 0.0 47.05502153388397 27.545314368327126 -5.120323289410726e-06 7.835032634347801e-07 3.960518135762531e-08 1.063023342769349e-06
197.92778008279464 -47.97894286626786 2.109375 9.019531 [197.92778008279464,-47.97894286626786] 56.181477680594696 1.3233313795441148 0.000341656505050462 1.6802233198645316e-05 [-989.6806640625,2662.629882812] -50.22219696806548 -52.823827352993504 11.658510387725059 14.948038616298621 0.0 0.0 31.05695887999923 56.74435551150896 5.474092908382164e-06 7.777870572141209e-07 1.0367537930053751e-05 1.4879157043739682e-06
197.91723649040736 -47.977802265696354 2.125 9.261719 [197.91723649040736,-47.977802265696354] 62.24211922394058 1.1628251521624373 0.00038751287338628215 1.674592935817245e-05 [-1002.405761719,2660.710693359] -50.12578915947596 -53.00244456227236 11.7869707370547 15.114241847885149 0.0 0.0 31.077479995914246 56.83050094427176 6.06461697898943e-06 7.931982657621854e-07 1.0948668418948677e-05 1.5131424587843182e-06
202.60308832203074 -46.94040692103584 1.9296875 7.3007812 [202.60308832203074,-46.94040692103584] -52.47181667839023 0.12780633181768578 0.005206578643935675 2.4729395830060708e-05 [4732.744628906,903.8530273438] -49.45682641572796 -58.716172788594875 8.640225638564667 11.485777338154579 0.0 0.0 38.91680637966124 16.20953167047037 -5.112638745497384e-06 7.568078722799866e-07 -2.937682933423713e-07 1.0837184592594716e-06
202.64697263407686 -46.95280833782038 1.953125 7.560547 [202.64697263407686,-46.95280833782038] -41.0076514927013 0.38192917560622314 0.0017822760463321063 2.529685368582341e-05 [4785.445068359,928.7915039062] -49.594948017389555 -58.588308434753976 8.883321989047657 11.607204339398749 0.0 0.0 38.71353338985659 15.865402942720266 -3.9956174791596775e-06 7.295074204685162e-07 8.367109757279919e-07 1.1039203558491704e-06
202.6270599244712 -46.9461249551735 1.9296875 7.3007812 [202.6270599244712,-46.9461249551735] -41.031943669228454 1.4357450459079244 0.0004704336506857399 2.5100617712202498e-05 [4761.629394531,915.5732421875] -49.45682641572796 -58.716172788594875 8.640225638564667 11.485777338154579 0.0 0.0 38.81831410203972 16.019461936704374 -3.997984409271634e-06 7.419191684631899e-07 8.208860428833779e-07 1.09374359331808e-06
202.55821228222158 -45.5645524312353 1.890625 6.904297 [202.55821228222158,-45.5645524312353] -82.41995249584997 2.1869534941506394 0.0003221976279247206 2.6186085991960544e-05 [4796.536132812,-1572.409179688] -63.97376584021833 -54.04449416347998 8.601172870355544 5.270275632659992 0.0 0.0 55.28209790132814 13.90458115513934 -8.030662348038677e-06 8.806844416630008e-07 -1.797320820437666e-06 1.1073500081308127e-06
197.7545930151689 -48.69649507869579 2.375 11.722656 [197.7545930151689,-48.69649507869579] 132.25749284138166 2.4934394631154215 0.00022943063992732205 2.1259788921286816e-05 [-1181.569335938,3955.848632812] -56.34110833112838 -55.75787029718028 16.16392506960687 17.28512786649484 0.0 0.0 22.584028828822966 58.87549661528283 1.2886628005042329e-05 1.0984552154988107e-06 1.837627466971789e-05 2.0957768295707706e-06
197.75212060643315 -48.690128299704746 2.375 11.722656 [197.75212060643315,-48.690128299704746] 142.46611734762092 2.554886383999544 0.0002218724504422691 2.1066077368279834e-05 [-1184.65625,3944.434814453] -56.34110833112838 -55.75787029718028 16.16392506960687 17.28512786649484 0.0 0.0 22.661728606506585 58.889458735242215 1.3881314533788492e-05 1.1484587992459572e-06 1.9370961198464056e-05 2.1329580388655823e-06
200.11247247776433 -48.31530004257987 2.21875 10.140625 [200.11247247776433,-48.31530004257987] 122.14665396811077 0.942372600138854 0.0005229559851645633 1.8314560081711757e-05 [1631.801757812,3276.732421875] -40.856954193892 -52.12821936957401 10.49217776011006 14.952596183175158 0.0 0.0 25.315316325867343 39.17545946122755 1.1901469307568549e-05 1.0274550842677334e-06 1.5882403459610804e-05 1.598526186552424e-06
200.07257097953968 -48.307014435368345 2.234375 10.3046875 [200.07257097953968,-48.307014435368345] 136.51442660601674 1.5000729476826522 0.00033086524870555903 1.8444727234577372e-05 [1584.307617188,3261.016113281] -41.00331159600218 -52.22643072818123 10.69595856461375 15.183884978575426 0.0 0.0 25.45089895971023 39.49000291997004 1.3301406182735054e-05 1.1016244023546683e-06 1.729660080014875e-05 1.6739226558366059e-06
200.10430900818895 -48.31410600404072 2.21875 10.140625 [200.10430900818895,-48.31410600404072] 128.62942909908418 1.52782314658011 0.0003240153779318946 1.839701705694175e-05 [1622.0703125,3274.416503906] -40.856954193892 -52.12821936957401 10.49217776011006 14.952596183175158 0.0 0.0 25.337097505476095 39.24051791314264 1.2533124344711784e-05 1.064337830896139e-06 1.6514058496754036e-05 1.6288347156946373e-06
199.73266589857928 -45.85818476160766 1.75 5.486328 [199.73266589857928,-45.85818476160766] -58.5693558980333 0.466840686944512 0.0010240146286925203 1.7765750697250626e-05 [1232.795898438,-1151.91015625] -59.71729729841657 -56.995304274588996 9.943606628355434 6.71777858266762 0.0 0.0 54.96225605458858 38.89983138865091 -5.706757974446737e-06 7.752971976999422e-07 1.1185070486757295e-07 1.185753956568784e-06
199.72193919272166 -45.85679995006761 1.75 5.486328 [199.72193919272166,-45.85679995006761] -52.0197269316331 0.46913329730020986 0.0010161415933783633 1.7715735613837065e-05 [1219.381347656,-1154.568847656] -59.71729729841657 -56.995304274588996 9.943606628355434 6.71777858266762 0.0 0.0 54.98873405168706 38.990940632830416 -5.068588973600225e-06 7.568683197374099e-07 7.50019705714085e-07 1.186715181453738e-06
200.6964263813802 -45.96700289032681 1.7734375 5.7265625 [200.6964263813802,-45.96700289032681] -47.52303794697692 1.131846389236917 0.0004395282452403038 1.848770412356187e-05 [2435.765136719,-933.7075195312] -53.13383862622646 -61.41413800288885 8.822476368452222 6.726659371061074 0.0 0.0 52.70884836218943 30.72280271725549 -4.630450029978086e-06 7.519711019957476e-07 5.466934206188475e-07 1.1034224368214294e-06
200.69982902467842 -45.97020332251123 1.7734375 5.7265625 [200.69982902467842,-45.97020332251123] -44.6526814481784 0.27780673950663937 0.0017914599910319306 1.849518134766292e-05 [2439.87890625,-927.84375] -53.13383862622646 -61.41413800288885 8.822476368452222 6.726659371061074 0.0 0.0 52.66715853624805 30.698506843638597 -4.350774257761278e-06 7.373666305484089e-07 8.263691928356548e-07 1.0989492735944595e-06
197.1700132094788 -47.52502435086648 2.125 9.25 [197.1700132094788,-47.52502435086648] 73.62039570341055 1.9141600391539069 0.00023779545845180656 1.6915720653894683e-05 [-1919.203125,1859.823242188] -51.00751232726282 -56.034721382032245 12.753914935885492 15.322815500593471 0.0 0.0 36.94893515202784 62.63102169639615 7.173269601834056e-06 8.434561101953928e-07 1.2143232533252804e-05 1.6279377882312637e-06
199.75093085663696 -44.97410589178381 1.7421875 5.40625 [199.75093085663696,-44.97410589178381] -93.1114386856283 1.2204243609148813 0.0004036026867795788 1.830516381775541e-05 [1275.487792969,-2742.537109375] -105.47462258874106 -74.92084751262738 13.430606289945574 7.937987029445346 0.0 0.0 65.48771574543139 37.50011945166602 -9.07239694007392e-06 9.041852276678842e-07 1.2046179652627762e-06 1.4824951484894986e-06
201.3366393428445 -46.310768207741184 1.828125 6.3046875 [201.3366393428445,-46.310768207741184] -30.141566934559112 3.098211824515574 0.00016635968044182174 1.9154370680476375e-05 [3215.989501953,-292.2939453125] -46.57763625762714 -61.831838299402136 7.642363094899129 8.499068506187221 0.0 0.0 47.9190167633767 25.788891618697335 -2.9368707377553944e-06 7.692632405486958e-07 1.6014632266278253e-06 1.058939053666096e-06
202.47782895587463 -45.51948557633205 1.828125 6.294922 [202.47782895587463,-45.51948557633205] -71.38536329339288 1.9787838979516699 0.00034758781204485747 2.5560633345503957e-05 [4699.221435547,-1658.258300781] -63.709485885215585 -53.34129157421223 8.467410179731038 5.1496729709433255 0.0 0.0 55.92165726277335 14.513543938190423 -6.95549720475971e-06 8.373549988432587e-07 -7.479060327426661e-07 1.0887332891248135e-06
201.72018438517574 -45.686153523276246 1.890625 6.9296875 [201.72018438517574,-45.686153523276246] -50.37448330246606 1.569716633506594 0.00034745609699535397 2.0268886946891223e-05 [3734.211914062,-1398.994628906] -50.8067333337545 -54.95939463870157 7.8858180099008575 6.505613576262463 0.0 0.0 54.8934729129212 21.394755806576313 -4.908283177903879e-06 7.665383010373084e-07 4.2116671340976584e-08 1.0387366450398611e-06
202.2136382413593 -45.40919105854891 1.765625 5.6679688 [202.2136382413593,-45.40919105854891] -58.724638153051636 2.9225047058278433 0.00021458412329855716 2.3305665477793475e-05 [4375.229980469,-1871.727050781] -62.928006247997835 -52.95079644271947 8.014232707344247 4.889764568645502 0.0 0.0 57.57039830222084 16.5978266918562 -5.721888040904335e-06 8.251143501642871e-07 4.0955895839337195e-07 1.0755156489820603e-06
197.20364398617616 -44.556896375078395 1.625 4.2695312 [197.20364398617616,-44.556896375078395] -82.54589237778029 1.5945648661640117 0.00031214063055536143 1.8496995774979187e-05 [-1982.111328125,-3481.829101562] -68.67620929147569 -66.23210692733052 10.156136329433966 9.472255255753558 0.0 0.0 72.45912540779682 59.73058284215858 -8.04293341393119e-06 8.689927171485781e-07 -1.3514050708294651e-06 1.2149448515613435e-06
202.74954231031356 -45.837646460600915 2.015625 8.121094 [202.74954231031356,-45.837646460600915] -66.60294517873413 0.5556230983590552 0.001282157499680127 2.647465882339085e-05 [5012.549804688,-1069.602050781] -59.62666940355507 -55.38362563643267 8.457697968809116 6.670269313998547 0.0 0.0 51.792776658681305 12.792521747302317 -6.489517985857564e-06 8.007349809140248e-07 -6.797397171526612e-07 1.0719780649564799e-06
202.7365111597427 -45.83393102499544 2.015625 8.121094 [202.7365111597427,-45.83393102499544] -65.51553798655394 0.914579640073358 0.0007790576947940087 2.6478894773741675e-05 [4996.581298828,-1077.106445312] -59.62666940355507 -55.38362563643267 8.457697968809116 6.670269313998547 0.0 0.0 51.854149230344774 12.897282064745468 -6.383565486119498e-06 8.003637505764889e-07 -5.737872174145953e-07 1.0740583982830785e-06
202.22640998580297 -45.582862763472534 1.75 5.5117188 [202.22640998580297,-45.582862763472534] -58.54308586277994 2.914342024479851 0.0002098949450164774 2.2732709461372976e-05 [4377.8203125,-1558.755371094] -58.88044737124924 -52.072306884487446 7.531035110119075 5.257526346267886 0.0 0.0 55.494069174722426 16.816297904123985 -5.7041983298873514e-06 8.243365884489018e-07 3.287112260685124e-08 1.0412900817042433e-06
199.10383607173083 -47.07324590064228 1.90625 7.0527344 [199.10383607173083,-47.07324590064228] 21.780021135645633 1.1015965071381129 0.00040099164702667194 1.641597112031861e-05 [434.76953125,1028.467285156] -50.12006138210182 -57.94483050234203 9.596772357868575 10.75956409045815 17.107242584228516 8.553621292114258 41.01375088150485 45.88800661796631 2.1221559874391217e-06 7.037190466715553e-07 7.005649336248065e-06 1.2460914686477115e-06
202.78579711139645 -44.49781417576473 1.7734375 5.705078 [202.78579711139645,-44.49781417576473] -5.09391368294605 0.6619347731525815 0.0012275454234236592 3.0196838130491988e-05 [5178.271972656,-3475.203125] -70.36376219216274 -59.37682630349602 9.767394969029294 5.9098777869055645 0.0 0.0 67.61378352423708 9.779081063531521 -4.96330070317059e-07 6.858323471247065e-07 6.359626510480548e-06 1.2414791578445153e-06
202.01301572751325 -45.23770903383753 1.796875 6.0058594 [202.01301572751325,-45.23770903383753] -86.44667109712798 1.4704312483549258 0.0004173337848862324 2.2805362012248445e-05 [4134.639404297,-2190.860351562] -68.09594095400702 -59.01061377225876 9.125425171471653 5.502128745075531 0.0 0.0 59.85839598530356 18.02624306893108 -8.423009303820513e-06 8.816192599170928e-07 -1.7880199291160743e-06 1.1355329844587124e-06
201.17031841360932 -46.57238010468966 1.84375 6.419922 [201.17031841360932,-46.57238010468966] -42.66648559446176 2.049542111081418 0.0002465426201088596 1.877835548609549e-05 [2994.981933594,171.8334960938] -51.801333236462824 -63.74286889695003 8.13581210303461 9.932847591453271 0.0 0.0 44.99441254444969 27.64835295172952 -4.157247474800855e-06 7.590063998078238e-07 8.900621122947337e-07 1.0661774077290846e-06
