data_processed/hvc_rms/hvc_rms_index_14.ecsv
# %ECSV 1.0
# ---
# datatype:
# - {name: ra_dec_obj.ra, unit: deg, datatype: float64}
# - {name: ra_dec_obj.dec, unit: deg, datatype: float64}
# - {name: 'H-alpha flux [Error]', unit: R, datatype: float32}
# - {name: H-alpha flux, unit: R, datatype: float32}
# - {name: ra_dec_deg, datatype: string, subtype: 'float64[2]'}
# - {name: RM, unit: rad / m2, datatype: float64}
# - {name: RM_uncert, unit: rad / m2, datatype: float64}
# - {name: pol_int, datatype: float64}
# - {name: pol_int_uncert, datatype: float64}
# - {name: ra_dec_pix_offsets, datatype: string, subtype: 'float64[2]'}
# - {name: interpolation_raw, unit: rad / m2, datatype: float64}
# - {name: interpolation_cor, unit: rad / m2, datatype: float64}
# - {name: interpolation_unc, unit: rad / m2, datatype: float64}
# - {name: interpolation_cor_unc, unit: rad / m2, datatype: float64}
# - {name: pixel location x, datatype: float64}
# - {name: pixel location y, datatype: float64}
# meta: !!omap
# - __serialized_columns__:
#     ra_dec_obj:
#       __class__: astropy.coordinates.sky_coordinate.SkyCoord
#       dec: !astropy.table.SerializedColumn
#         __class__: astropy.coordinates.angles.Latitude
#         unit: &id001 !astropy.units.Unit {unit: deg}
#         value: !astropy.table.SerializedColumn {name: ra_dec_obj.dec}
#       frame: icrs
#       ra: !astropy.table.SerializedColumn
#         __class__: astropy.coordinates.angles.Longitude
#         unit: *id001
#         value: !astropy.table.SerializedColumn {name: ra_dec_obj.ra}
#         wrap_angle: !astropy.coordinates.Angle
#           unit: *id001
#           value: 360.0
#       representation_type: spherical
# schema: astropy-2.0
ra_dec_obj.ra ra_dec_obj.dec "H-alpha flux [Error]" "H-alpha flux" ra_dec_deg RM RM_uncert pol_int pol_int_uncert ra_dec_pix_offsets interpolation_raw interpolation_cor interpolation_unc interpolation_cor_unc "pixel location x" "pixel location y"
[from data line 499]
134.30392449309323 -58.37413794723654 3.25 20.445312 [134.30392449309323,-58.37413794723654] 78.71326874307161 0.8313547360493923 0.0005992211151608012 1.8513229583084823e-05 [557.5288085938,-3501.473632812] 63.61902207663862 57.07968742562769 22.74119317162356 24.077212712263332 51.08441750221664 18.38225398814393
134.28074647707123 -58.36080525245656 3.25 20.445312 [134.28074647707123,-58.36080525245656] 68.43480657869117 1.7910836676400357 0.00027936050708596375 1.8594717606109062e-05 [535.8549804688,-3525.649414062] 63.61902207663862 57.07968742562769 22.74119317162356 24.077212712263332 51.07503084320729 18.600865303618548
132.28134179576801 -60.651000872774226 2.796875 15.890625 [132.28134179576801,-60.651000872774226] -18.758485009736663 1.2478657160279352 0.00036939049208009497 1.7130193508499677e-05 [-1263.056640625,607.447265625] 31.45349592744462 35.99372054587691 20.018566940982776 18.89275542852692 24.34141187121213 4.677207768218068
131.39981121466263 -61.18222804931061 2.65625 14.496094 [131.39981121466263,-61.18222804931061] -68.59198205701041 0.44919805537057966 0.0010244199375494085 1.710112151240769e-05 [-2006.599609375,1585.1015625] 31.840509617727296 35.79142659067624 22.295173493581313 18.9416268916738 16.379788501421103 2.72186217852186
131.3980870099427 -61.18076714050685 2.65625 14.496094 [131.3980870099427,-61.18076714050685] -69.8590907106382 0.5295392288198095 0.0008701276243283401 1.712339197850317e-05 [-2008.1875,1582.526367188] 31.840509617727296 35.79142659067624 22.295173493581313 18.9416268916738 16.382425447098626 2.7422479596009453
136.42517081237753 -59.255874687667166 3.03125 18.367188 [136.42517081237753,-59.255874687667166] 12.117097707487197 0.2336531204418014 0.0020521808232622416 1.781951639743231e-05 [2494.540039062,-1866.139160156] 38.22800972298283 38.891137240614874 18.430521472696167 19.3920064398336 54.181588583905295 1.5961177846309056
136.4231412725824 -59.25105676188071 3.03125 18.367188 [136.4231412725824,-59.25105676188071] 11.863912342384419 2.0116967667317063 0.00023838473386016333 1.782172183555019e-05 [2493.026855469,-1874.879394531] 38.22800972298283 38.891137240614874 18.430521472696167 19.3920064398336 54.21056893687478 1.6481864274157942
131.15667678804644 -60.306686415467766 2.8125 16.125 [131.15667678804644,-60.306686415467766] -12.982443701798797 1.3218622855050852 0.000347572499969364 1.707419836076493e-05 [-2278.71875,18.1650390625] 45.18960359556221 41.88600184112901 22.74300188227402 20.56288140232147 21.58308728045722 12.133076278803856
129.09939566230622 -59.37727734763153 3.171875 19.648438 [129.09939566230622,-59.37727734763153] 35.477615830153375 1.1229163765294237 0.0004703919469316716 1.9629805516046773e-05 [-4225.76953125,-1550.936035156] 51.57039240393059 48.74277334694491 22.347184499019768 19.8456815927593 18.19741618316084 28.76565994123689
129.09121680688366 -59.38033681609061 3.171875 19.648438 [129.09121680688366,-59.38033681609061] 27.79777949491119 2.9460120800496075 0.0001797993120816592 1.9684811132059892e-05 [-4232.862304688,-1544.918457031] 51.57039240393059 48.74277334694491 22.347184499019768 19.8456815927593 18.13539644892569 28.76485864290521
132.16899134203757 -59.047443402193586 3.09375 18.953125 [132.16899134203757,-59.047443402193586] 0.14948904000303917 0.8902187449903678 0.0005171099348699022 1.7107569760715022e-05 [-1429.447265625,-2275.737304688] 52.52104655320757 52.84957765515453 21.694695693498247 23.35334199635242 35.65989847126798 20.49840464667409
133.97421264007443 -59.61225885554088 2.96875 17.742188 [133.97421264007443,-59.61225885554088] 37.686098728053516 0.6578314079355103 0.0006999863869797522 1.7112477975251082e-05 [237.6684570312,-1275.520019531] 48.29813874307791 48.50945189935075 20.270076570931998 21.118450962933377 40.030124043910064 8.127725649951799
134.01344308268625 -57.81590638319511 3.4375 22.445312 [134.01344308268625,-57.81590638319511] 122.19798530421978 2.577139419526505 0.00026262211226915085 2.5152311741119483e-05 [287.8154296875,-4507.365234375] 66.37735086791395 58.096165871614176 23.0953599026587 24.3188086535945 53.95650307810729 24.77372746955939
132.6609806250377 -58.5503997122566 3.40625 21.992188 [132.6609806250377,-58.5503997122566] 35.60276635325065 1.2448213058382487 0.00038416672967601776 1.7771965711044714e-05 [-988.154296875,-3178.958007812] 57.170584349154964 57.71518637543163 22.969401273605534 24.419178518888888 41.75742528939543 23.31971734991953
131.72680690643202 -58.770630085650616 3.25 20.492188 [131.72680690643202,-58.770630085650616] 44.8492440036358 0.9833653720651045 0.00048275399081021766 1.764206780684512e-05 [-1853.419921875,-2762.663085938] 51.76341609249129 54.59129745215711 22.01786028139185 25.274416887612638 35.54008459691477 24.86415051136987
134.24369804421508 -59.153381347938904 3.125 19.203125 [134.24369804421508,-59.153381347938904] 82.25616043605567 0.3872373048195414 0.0011895092674108598 1.711802758469856e-05 [489.6044921875,-2099.891601562] 53.73305328794204 48.20642159607342 20.102854929528505 21.29391924040616 44.809418240012974 11.360553289056725
134.25091540264975 -59.153396471697775 3.125 19.203125 [134.25091540264975,-59.153396471697775] 77.90250393917835 1.0373450317558002 0.0004447691656772804 1.714614949314101e-05 [496.2651367188,-2099.810546875] 53.73305328794204 48.20642159607342 20.102854929528505 21.29391924040616 44.84344717420208 11.331677139841986
134.2238465893668 -59.140693730048525 3.125 19.203125 [134.2238465893668,-59.140693730048525] 82.1545107930549 2.3061451161796667 0.00020009112379341476 1.714838237061339e-05 [471.4580078125,-2122.868164062] 53.73305328794204 48.20642159607342 20.102854929528505 21.29391924040616 44.812795100978065 11.558080734605255
131.82708716563693 -59.97397991244469 3.28125 20.820312 [131.82708716563693,-59.97397991244469] -8.968523322982016 0.6136919220258894 0.0007494437424713911 1.709220715211474e-05 [-1698.508789062,-600.59765625] 49.05028400512601 46.798579454641725 21.45612016991582 20.620254565812306 27.189693479222683 12.88633517366111
135.60528578905627 -58.134739036260825 3.046875 18.429688 [135.60528578905627,-58.134739036260825] 136.61658231768584 2.652533116551048 0.00020626930028677187 2.0333124190733692e-05 [1797.618164062,-3908.837890625] 59.38473289003527 52.9431099355131 20.96771348222051 24.306421349106593 59.20245236874655 15.211662719468677
129.35401883429572 -58.02750802700853 3.796875 26.007812 [129.35401883429572,-58.02750802700853] -20.738062880057143 1.4434735193260253 0.0004541018000542586 2.4359633378586346e-05 [-4150.856445312,-3990.14453125] 58.63265033595956 61.033394336836324 25.713058501131552 25.467764692069245 28.95437980235954 41.19155343219131
134.8451383459548 -59.842700934115136 3.109375 19.085938 [134.8451383459548,-59.842700934115136] -11.49322301293855 0.5724754780019612 0.0008110956424708378 1.725590176625916e-05 [1023.53515625,-852.4458007812] 39.21796126577718 40.69971321137701 18.745311426609653 20.333012039511495 42.30712864433917 2.559653490184928
128.39543170163628 -59.61218258360048 2.515625 13.1328125 [128.39543170163628,-59.61218258360048] 3.0697231854239675 2.771427873761139 0.0002223953863448226 2.2905409328672132e-05 [-4835.028320312,-1080.961425781] 48.16122564627723 45.197258054824125 19.44624350149794 17.89743275737689 13.06875285098522 28.943666728924654
128.629073979822 -59.08776464910161 3.375 21.773438 [128.629073979822,-59.08776464910161] 1.406425341942199 0.7806511317533449 0.0007262716227494462 2.107001148573117e-05 [-4695.146484375,-2038.755859375] 52.081658009441085 50.49047489318479 21.38457217427132 20.482132275772315 17.856919452797797 33.35558822863959
134.70751967548262 -59.685565867269105 2.953125 17.601562 [134.70751967548262,-59.685565867269105] 1.9331115806610044 0.021170863868909245 0.022434642122107364 1.7650882699478014e-05 [903.3471679688,-1137.247558594] 41.02499162072442 42.06616262042973 18.95258870508198 20.69507335088192 42.885590432013714 4.562497551018623
132.67028794591528 -58.489307474732655 3.375 21.679688 [132.67028794591528,-58.489307474732655] 35.95089641158478 1.4365785743899495 0.0003373776307199065 1.801168620170836e-05 [-981.1235351562,-3288.995117188] 57.20338291333366 57.88757311331232 23.02227946396291 24.557397649406795 42.259913271921846 23.863520932255597
132.05513047606033 -60.68405156168768 2.78125 15.769531 [132.05513047606033,-60.68405156168768] -21.50481015431729 0.7665663427679549 0.0005954387093720462 1.6962720838232635e-05 [-1461.052734375,671.5966796875] 32.284746637178515 36.17456988131936 21.63295312364365 19.79001997901128 23.048077199028626 5.188861596449215
128.27157606159722 -59.23209753140878 2.875 16.804688 [128.27157606159722,-59.23209753140878] -53.99869135550079 0.6703185452539947 0.0009447150821542919 2.3533731102633552e-05 [-5003.173828125,-1753.533691406] 55.30432530005601 49.70780068836613 20.516917576750256 18.997968509135358 15.061762057522628 33.19941969863112
134.47853110391978 -58.83021919255759 3.078125 18.820312 [134.47853110391978,-58.83021919255759] 98.22568990656238 3.129075688886902 0.0001501868535144459 1.746452146355753e-05 [712.9760742188,-2679.26171875] 58.05449271233772 51.73504286041577 22.055540682498396 22.908093058805754 48.409053881904924 13.430963307436969
135.0327146790604 -59.65092471843895 2.953125 17.53125 [135.0327146790604,-59.65092471843895] -9.808288324938308 1.2489988587469167 0.00037236196804319994 1.7283673822931744e-05 [1199.978027344,-1194.407226562] 39.021142035070554 40.082266011631376 18.27434775589539 20.042095440341278 44.65932579976652 3.5966606252716247
135.02093482311955 -59.65754691799223 2.953125 17.53125 [135.02093482311955,-59.65754691799223] -7.403837564708924 0.9655131569561071 0.0004826238547857598 1.731712068110671e-05 [1189.032714844,-1182.703613281] 39.021142035070554 40.082266011631376 18.27434775589539 20.042095440341278 44.55345642808982 3.582102066531661
130.02865574806438 -58.30726986458908 3.59375 24.007812 [130.02865574806438,-58.30726986458908] 5.3996073977809775 0.8087268357462791 0.0006689267428098556 2.0104307413564198e-05 [-3481.931640625,-3526.891601562] 56.72449966483881 62.07906411179484 25.576964052172187 25.896963307977053 30.414928606893 35.87747657723776
130.02619966713178 -58.303398218746594 3.59375 24.007812 [130.02619966713178,-58.303398218746594] 4.6109321865614215 1.634837300917411 0.00033019735960515805 2.0061196757726516e-05 [-3484.630859375,-3533.715820312] 56.72449966483881 62.07906411179484 25.576964052172187 25.896963307977053 30.43009479402815 35.92476669050234
128.08757038083078 -60.22771076398272 2.234375 10.339844 [128.08757038083078,-60.22771076398272] -11.09380728618303 0.4866123338155863 0.0012858639058091364 2.3253419231867187e-05 [-5020.06640625,46.1708984375] 33.9988898464396 38.751919570340135 18.829858423891196 16.875058727006508 7.333636513712349 23.827286633656968
134.12452705075572 -58.86390300301657 3.296875 21.023438 [134.12452705075572,-58.86390300301657] 78.34572250318496 3.0943458789713576 0.00014879992027511587 1.711119175550893e-05 [382.8193359375,-2621.588867188] 58.59137588076786 50.99069281759357 22.516247832946576 23.531105804951125 46.462402475851945 14.540544192035895
128.15814254970192 -59.89237585712278 2.296875 10.90625 [128.15814254970192,-59.89237585712278] 21.907313270168572 0.5009467061058885 0.0013344012813041096 2.4842006940925753e-05 [-5007.931640625,-560.6293945312] 35.81950827350585 37.89572372393641 18.150419982825326 16.6164901068574 9.970375670736075 26.963295203127473
128.15480049004614 -59.893188478506296 2.296875 10.90625 [128.15480049004614,-59.893188478506296] 20.788994187949292 0.9279250016841328 0.0007199019376288804 2.482532381339019e-05 [-5010.8125,-558.91796875] 35.81950827350585 37.89572372393641 18.150419982825326 16.6164901068574 9.948286662642204 26.96681472399746
129.74444533411636 -61.24304569069052 2.3125 11.066406 [129.74444533411636,-61.24304569069052] -31.887146404664218 2.944554093020728 0.0001683216647732222 1.8419093732596074e-05 [-3434.01953125,1762.757324219] 25.04884100791809 34.03943291948265 17.963505317975585 18.28966522889212 8.253339712367051 7.925930812585875
136.01689121122672 -58.21813179848296 3.1875 19.890625 [136.01689121122672,-58.21813179848296] 166.09554237310655 1.480139724085511 0.00036689169382925175 2.0181307387168147e-05 [2183.364257812,-3746.4921875] 57.48054961828498 52.5444005600446 19.416466991052484 22.57512238743513 60.506748390070584 12.723328067362218
129.41149948324 -59.99936686906962 2.546875 13.449219 [129.41149948324,-59.99936686906962] 36.34103288177633 1.1017257495832824 0.0004573737503206397 1.8726363054198324e-05 [-3867.944335938,-452.9448242188] 38.95320456614482 41.77383916334075 20.11464859515235 18.570051215021625 15.383010573997467 21.458968439968203
130.5674742787895 -60.61822501236627 2.6875 14.894531 [130.5674742787895,-60.61822501236627] -31.881821646912805 0.2351241676288355 0.00197891444591668 1.7291512903520258e-05 [-2776.641601562,601.0053710938] 30.496062056074226 36.83391930304463 19.319444880672087 18.38947271922107 16.552237722464042 11.21273297828202
130.56982403651537 -60.61763775097506 2.6875 14.894531 [130.56982403651537,-60.61763775097506] -31.66889845951488 0.2887525929214966 0.001605260169703803 1.722582480380864e-05 [-2774.620117188,599.8505859375] 30.496062056074226 36.83391930304463 19.319444880672087 18.38947271922107 16.567547664398035 11.2101026205969
130.56066887509226 -60.61888124418438 2.6875 14.894531 [130.56066887509226,-60.61888124418438] -29.422258276829336 0.6813781783908777 0.0006825690509899864 1.728397051095227e-05 [-2782.5859375,602.4721679688] 30.496062056074226 36.83391930304463 19.319444880672087 18.38947271922107 16.515363142684464 11.230612497646689
131.98794589440828 -59.10831829534858 3.09375 18.882812 [131.98794589440828,-59.10831829534858] -25.952426855346214 1.3933706698935424 0.0003299284109894095 1.7084217155076477e-05 [-1594.157226562,-2162.068359375] 51.75126412988632 51.73099898219808 21.739437334391116 23.52774457131037 34.330428950627834 20.611870281989468
131.98985274118397 -59.11036274022339 3.09375 18.882812 [131.98985274118397,-59.11036274022339] -24.619537815007433 1.3621314787532854 0.0003374620416583422 1.708254849933099e-05 [-1592.30078125,-2158.436523438] 51.75126412988632 51.73099898219808 21.739437334391116 23.52774457131037 34.324614143703116 20.584910850938286
130.51574755003605 -61.19169233208521 2.5625 13.6484375 [130.51574755003605,-61.19169233208521] -55.44125288526485 2.622939811823709 0.00018061329720787941 1.7605434553628926e-05 [-2771.92578125,1634.164550781] 22.301071983126306 32.214429372698305 18.36011734724644 17.1705439320859 12.217011225399347 5.752396027572104
131.17005931870975 -59.895076683013976 3.28125 20.851562 [131.17005931870975,-59.895076683013976] 22.945531177518184 0.16615121985554474 0.002778403923643343 1.7155667519232947e-05 [-2295.309570312,-722.63671875] 50.34068030559489 46.19851114175506 22.53102648621651 21.01823803041128 24.627932564917955 16.091374099213
133.13716132832988 -60.24806594595443 3.171875 19.648438 [133.13716132832988,-60.24806594595443] -27.94012878220722 0.8599724603005388 0.0005467653207409515 1.747407550380225e-05 [-514.5048828125,-129.310546875] 37.967728302379356 41.91783088780144 18.5996769480684 20.241037841213103 31.31327193944685 5.339792398018517
133.1275785235166 -60.24731838793038 3.171875 19.648438 [133.1275785235166,-60.24731838793038] -29.532091835019664 1.4871858223763745 0.00031541472752936637 1.7432348820407124e-05 [-523.076171875,-130.5805664062] 37.967728302379356 41.91783088780144 18.5996769480684 20.241037841213103 31.27434546868085 5.383129010058383
