data_processed/hvc_rms/hvc_rms_index_14_with_B.ecsv
# %ECSV 1.0
# ---
# datatype:
# - {name: ra_dec_obj.ra, unit: deg, datatype: float64}
# - {name: ra_dec_obj.dec, unit: deg, datatype: float64}
# - {name: 'H-alpha flux [Error]', unit: R, datatype: float32}
# - {name: H-alpha flux, unit: R, datatype: float32}
# - {name: ra_dec_deg, datatype: string, subtype: 'float64[2]'}
# - {name: RM, unit: rad / m2, datatype: float64}
# - {name: RM_uncert, unit: rad / m2, datatype: float64}
# - {name: pol_int, datatype: float64}
# - {name: pol_int_uncert, datatype: float64}
# - {name: ra_dec_pix_offsets, datatype: string, subtype: 'float64[2]'}
# - {name: interpolation_raw, unit: rad / m2, datatype: float64}
# - {name: interpolation_cor, unit: rad / m2, datatype: float64}
# - {name: interpolation_unc, unit: rad / m2, datatype: float64}
# - {name: interpolation_cor_unc, unit: rad / m2, datatype: float64}
# - {name: HI, unit: dex(1 / cm2), datatype: float64}
# - {name: 'HI [Error]', unit: dex(1 / cm2), datatype: float64}
# - {name: pixel location x, datatype: float64}
# - {name: pixel location y, datatype: float64}
# - {name: 'B_virtual [raw]', unit: G, datatype: float64}
# - {name: 'B_virtual_unc [raw]', unit: G, datatype: float64}
# - {name: 'B_virtual [int]', unit: G, datatype: float64}
# - {name: 'B_virtual_unc [int]', unit: G, datatype: float64}
# meta: !!omap
# - __serialized_columns__:
#     ra_dec_obj:
#       __class__: astropy.coordinates.sky_coordinate.SkyCoord
#       dec: !astropy.table.SerializedColumn
#         __class__: astropy.coordinates.angles.Latitude
#         unit: &id001 !astropy.units.Unit {unit: deg}
#         value: !astropy.table.SerializedColumn {name: ra_dec_obj.dec}
#       frame: icrs
#       ra: !astropy.table.SerializedColumn
#         __class__: astropy.coordinates.angles.Longitude
#         unit: *id001
#         value: !astropy.table.SerializedColumn {name: ra_dec_obj.ra}
#         wrap_angle: !astropy.coordinates.Angle
#           unit: *id001
#           value: 360.0
#       representation_type: spherical
# schema: astropy-2.0
ra_dec_obj.ra ra_dec_obj.dec "H-alpha flux [Error]" "H-alpha flux" ra_dec_deg RM RM_uncert pol_int pol_int_uncert ra_dec_pix_offsets interpolation_raw interpolation_cor interpolation_unc interpolation_cor_unc HI "HI [Error]" "pixel location x" "pixel location y" "B_virtual [raw]" "B_virtual_unc [raw]" "B_virtual [int]" "B_virtual_unc [int]"
[from data line 490]
130.24110395278902 -58.54866426420339 3.234375 20.3125 [130.24110395278902,-58.54866426420339] 25.39636260127333 2.328155768844257 0.0002181954522648304 1.8878454251308865e-05 [-3258.994140625,-3104.107421875] 55.115078597211365 60.59662639020626 22.87998115071959 24.156798665757023 19.22370719909668 9.61185359954834 29.762590377113952 32.70653165209433 8.773288652642147e-06 2.9649370140884256e-06 -1.0266465238025276e-05 8.491887497445765e-06
131.54225151715357 -58.02845372095938 3.734375 25.265625 [131.54225151715357,-58.02845372095938] 80.54581921440291 1.7419407195333003 0.00034210167052445316 2.2146100651129434e-05 [-2068.6640625,-4091.678710938] 64.6423597302543 68.00687788450223 23.783912040550284 26.26629758372573 0.0 0.0 40.07382484371442 32.72354081922049 2.782491858483925e-05 5.4137351601194935e-06 5.493922213216453e-06 8.638122437017635e-06
129.25932342492013 -58.530841841396104 3.21875 20.109375 [129.25932342492013,-58.530841841396104] -9.579105043390136 1.6757730578646868 0.00032876054514855227 2.0474042425684057e-05 [-4180.984375,-3080.71875] 58.48422109508898 61.91734256484714 24.434493912981274 23.688306448744278 18.346288681030273 9.173144340515137 24.928380204852488 36.57457193489108 -3.3091452858461e-06 2.5513595147610296e-06 -2.3512784734057183e-05 9.691618858998109e-06
129.94012461771035 -59.85503761112932 2.984375 17.851562 [129.94012461771035,-59.85503761112932] 24.23666969814046 0.5317023195841849 0.0009008646106854648 1.7800687855366835e-05 [-3408.154296875,-741.4189453125] 45.179921629800134 45.02820129028784 21.438989148097207 19.9696854216911 0.0 0.0 18.973088616735936 20.98614277324009 8.372667479155864e-06 2.8236147883404478e-06 -7.2349413735431175e-06 7.892702954245311e-06
132.49003596531998 -60.265804273264635 3.109375 19.0625 [132.49003596531998,-60.265804273264635] -23.93114638306946 2.722582587532067 0.00016961485113676283 1.7161436643516422e-05 [-1091.877929688,-89.49267578125] 43.51992243636218 43.34474511319005 18.96530441065145 18.963453034743953 0.0 0.0 28.163404760776757 7.6032942456540695 -8.267123064181428e-06 2.9616312325144234e-06 -2.3301277666134513e-05 8.115113105248897e-06
131.2875370467993 -59.68289553677982 3.390625 21.890625 [131.2875370467993,-59.68289553677982] 8.008667579729995 0.8672767222733548 0.0005353535213746851 1.7254685859862913e-05 [-2203.319335938,-1108.28515625] 50.91077231699568 47.93308983733749 22.063483858521387 21.234151661115927 0.0 0.0 26.73299264652576 17.71670600073594 2.7666305408832586e-06 2.4830884165732405e-06 -1.482072667552188e-05 8.401458358025578e-06
131.28642259533177 -59.67617419742258 3.5 23.015625 [131.28642259533177,-59.67617419742258] 5.716964694452578 0.7993571852916872 0.0005791884553187466 1.7205586564905763e-05 [-2204.7734375,-1120.337402344] 51.00516348759041 48.37922899575273 21.808818900143258 21.237571759391624 0.0 0.0 26.776481242465138 17.786098106114196 1.9749513845294447e-06 2.45768700551716e-06 -1.5645013689894182e-05 8.365815960020671e-06
134.30058272999125 -58.3718832988043 3.25 20.445312 [134.30058272999125,-58.3718832988043] 78.62255491203148 0.4001037962199546 0.001247145399308705 1.854378844919874e-05 [554.41015625,-3505.557617188] 63.61902207663862 57.07968742562769 22.74119317162356 24.077212712263332 0.0 0.0 51.08562794057741 18.41686422020507 2.7160518208102583e-05 5.2797333275856436e-06 5.183038470544448e-06 8.269563391574934e-06
134.27767923839292 -58.35808188089275 3.25 20.445312 [134.27767923839292,-58.35808188089275] 70.02844133878403 1.1925358294804218 0.0004212483654358665 1.8668884466360958e-05 [533.0,-3530.573242188] 63.61902207663862 57.07968742562769 22.74119317162356 24.077212712263332 0.0 0.0 51.08115657628343 18.638725125040082 2.4191642693310977e-05 4.8453742567797735e-06 2.214162955752844e-06 8.238997527155687e-06
134.30392449309323 -58.37413794723654 3.25 20.445312 [134.30392449309323,-58.37413794723654] 78.71326874307161 0.8313547360493923 0.0005992211151608012 1.8513229583084823e-05 [557.5288085938,-3501.473632812] 63.61902207663862 57.07968742562769 22.74119317162356 24.077212712263332 0.0 0.0 51.08441750221664 18.38225398814393 2.7191855712492372e-05 5.290536598515594e-06 5.214375974934238e-06 8.273981912956434e-06
134.28074647707123 -58.36080525245656 3.25 20.445312 [134.28074647707123,-58.36080525245656] 68.43480657869117 1.7910836676400357 0.00027936050708596375 1.8594717606109062e-05 [535.8549804688,-3525.649414062] 63.61902207663862 57.07968742562769 22.74119317162356 24.077212712263332 0.0 0.0 51.07503084320729 18.600865303618548 2.3641114337077874e-05 4.78592996920529e-06 1.6636345995197414e-06 8.248060859903725e-06
132.28134179576801 -60.651000872774226 2.796875 15.890625 [132.28134179576801,-60.651000872774226] -18.758485009736663 1.2478657160279352 0.00036939049208009497 1.7130193508499677e-05 [-1263.056640625,607.447265625] 31.45349592744462 35.99372054587691 20.018566940982776 18.89275542852692 0.0 0.0 24.34141187121213 4.677207768218068 -6.480203730766902e-06 2.6993117186120974e-06 -1.734595656469203e-05 7.92681349611089e-06
131.39981121466263 -61.18222804931061 2.65625 14.496094 [131.39981121466263,-61.18222804931061] -68.59198205701041 0.44919805537057966 0.0010244199375494085 1.710112151240769e-05 [-2006.599609375,1585.1015625] 31.840509617727296 35.79142659067624 22.295173493581313 18.9416268916738 0.0 0.0 16.379788501421103 2.72186217852186 -2.369541131897491e-05 4.756369531233893e-06 -3.4694859787612854e-05 1.0055100040385257e-05
131.3980870099427 -61.18076714050685 2.65625 14.496094 [131.3980870099427,-61.18076714050685] -69.8590907106382 0.5295392288198095 0.0008701276243283401 1.712339197850317e-05 [-2008.1875,1582.526367188] 31.840509617727296 35.79142659067624 22.295173493581313 18.9416268916738 0.0 0.0 16.382425447098626 2.7422479596009453 -2.413313975068268e-05 4.822556585138531e-06 -3.513258821932063e-05 1.010080849761924e-05
136.42517081237753 -59.255874687667166 3.03125 18.367188 [136.42517081237753,-59.255874687667166] 12.117097707487197 0.2336531204418014 0.0020521808232622416 1.781951639743231e-05 [2494.540039062,-1866.139160156] 38.22800972298283 38.891137240614874 18.430521472696167 19.3920064398336 0.0 0.0 54.181588583905295 1.5961177846309056 4.185906363406685e-06 2.52524776343243e-06 -9.020132988816269e-06 6.987063847410371e-06
136.4231412725824 -59.25105676188071 3.03125 18.367188 [136.4231412725824,-59.25105676188071] 11.863912342384419 2.0116967667317063 0.00023838473386016333 1.782172183555019e-05 [2493.026855469,-1874.879394531] 38.22800972298283 38.891137240614874 18.430521472696167 19.3920064398336 0.0 0.0 54.21056893687478 1.6481864274157942 4.098442330641619e-06 2.613751821997944e-06 -9.107597021581335e-06 7.024443386575715e-06
131.15667678804644 -60.306686415467766 2.8125 16.125 [131.15667678804644,-60.306686415467766] -12.982443701798797 1.3218622855050852 0.000347572499969364 1.707419836076493e-05 [-2278.71875,18.1650390625] 45.18960359556221 41.88600184112901 22.74300188227402 20.56288140232147 0.0 0.0 21.58308728045722 12.133076278803856 -4.484844062151097e-06 2.579964382674052e-06 -2.0095797593837744e-05 8.934870986628994e-06
129.09939566230622 -59.37727734763153 3.171875 19.648438 [129.09939566230622,-59.37727734763153] 35.477615830153375 1.1229163765294237 0.0004703919469316716 1.9629805516046773e-05 [-4225.76953125,-1550.936035156] 51.57039240393059 48.74277334694491 22.347184499019768 19.8456815927593 0.0 0.0 18.19741618316084 28.76565994123689 1.225590330679387e-05 3.237200800564198e-06 -5.559322660527226e-06 8.155830514770778e-06
129.09121680688366 -59.38033681609061 3.171875 19.648438 [129.09121680688366,-59.38033681609061] 27.79777949491119 2.9460120800496075 0.0001797993120816592 1.9684811132059892e-05 [-4232.862304688,-1544.918457031] 51.57039240393059 48.74277334694491 22.347184499019768 19.8456815927593 0.0 0.0 18.13539644892569 28.76485864290521 9.602869010821465e-06 3.103957715631508e-06 -8.21235695649963e-06 8.27604345362634e-06
132.16899134203757 -59.047443402193586 3.09375 18.953125 [132.16899134203757,-59.047443402193586] 0.14948904000303917 0.8902187449903678 0.0005171099348699022 1.7107569760715022e-05 [-1429.447265625,-2275.737304688] 52.52104655320757 52.84957765515453 21.694695693498247 23.35334199635242 0.0 0.0 35.65989847126798 20.49840464667409 5.164166691679203e-08 2.43767456961502e-06 -1.8091992088219583e-05 8.477952270992079e-06
133.97421264007443 -59.61225885554088 2.96875 17.742188 [133.97421264007443,-59.61225885554088] 37.686098728053516 0.6578314079355103 0.0006999863869797522 1.7112477975251082e-05 [237.6684570312,-1275.520019531] 48.29813874307791 48.50945189935075 20.270076570931998 21.118450962933377 0.0 0.0 40.030124043910064 8.127725649951799 1.3018833741041572e-05 3.3099745280972415e-06 -3.665977356951498e-06 7.43866052349979e-06
134.01344308268625 -57.81590638319511 3.4375 22.445312 [134.01344308268625,-57.81590638319511] 122.19798530421978 2.577139419526505 0.00026262211226915085 2.5152311741119483e-05 [287.8154296875,-4507.365234375] 66.37735086791395 58.096165871614176 23.0953599026587 24.3188086535945 0.0 0.0 53.95650307810729 24.77372746955939 4.221384828516706e-05 7.733429095197391e-06 1.9283491355520854e-05 9.021593650138117e-06
132.6609806250377 -58.5503997122566 3.40625 21.992188 [132.6609806250377,-58.5503997122566] 35.60276635325065 1.2448213058382487 0.00038416672967601776 1.7771965711044714e-05 [-988.154296875,-3178.958007812] 57.170584349154964 57.71518637543163 22.969401273605534 24.419178518888888 17.241649627685547 8.620824813842773 41.75742528939543 23.31971734991953 1.2299137122651677e-05 3.2473970529556233e-06 -7.450700553323773e-06 8.405422184579766e-06
131.72680690643202 -58.770630085650616 3.25 20.492188 [131.72680690643202,-58.770630085650616] 44.8492440036358 0.9833653720651045 0.00048275399081021766 1.764206780684512e-05 [-1853.419921875,-2762.663085938] 51.76341609249129 54.59129745215711 22.01786028139185 25.274416887612638 18.269248962402344 9.134624481201172 35.54008459691477 24.86415051136987 1.5493374766863212e-05 3.622798184174589e-06 -2.3885321091820253e-06 7.99918943509781e-06
134.24369804421508 -59.153381347938904 3.125 19.203125 [134.24369804421508,-59.153381347938904] 82.25616043605567 0.3872373048195414 0.0011895092674108598 1.711802758469856e-05 [489.6044921875,-2099.891601562] 53.73305328794204 48.20642159607342 20.102854929528505 21.29391924040616 18.540538787841797 9.270269393920898 44.809418240012974 11.360553289056725 2.8415763717571756e-05 5.473180087794552e-06 9.853436738538874e-06 7.549167955503577e-06
134.25091540264975 -59.153396471697775 3.125 19.203125 [134.25091540264975,-59.153396471697775] 77.90250393917835 1.0373450317558002 0.0004447691656772804 1.714614949314101e-05 [496.2651367188,-2099.810546875] 53.73305328794204 48.20642159607342 20.102854929528505 21.29391924040616 18.540538787841797 9.270269393920898 44.84344717420208 11.331677139841986 2.6911773333545642e-05 5.252010628908477e-06 8.34944635451276e-06 7.502244778612116e-06
134.2238465893668 -59.140693730048525 3.125 19.203125 [134.2238465893668,-59.140693730048525] 82.1545107930549 2.3061451161796667 0.00020009112379341476 1.714838237061339e-05 [471.4580078125,-2122.868164062] 53.73305328794204 48.20642159607342 20.102854929528505 21.29391924040616 18.540538787841797 9.270269393920898 44.812795100978065 11.558080734605255 2.838064838733785e-05 5.523855752602765e-06 9.818321408304966e-06 7.588551427894865e-06
131.82708716563693 -59.97397991244469 3.28125 20.820312 [131.82708716563693,-59.97397991244469] -8.968523322982016 0.6136919220258894 0.0007494437424713911 1.709220715211474e-05 [-1698.508789062,-600.59765625] 49.05028400512601 46.798579454641725 21.45612016991582 20.620254565812306 0.0 0.0 27.189693479222683 12.88633517366111 -3.0982170610735214e-06 2.485745347995478e-06 -2.0042860151398213e-05 8.533291801490265e-06
135.60528578905627 -58.134739036260825 3.046875 18.429688 [135.60528578905627,-58.134739036260825] 136.61658231768584 2.652533116551048 0.00020626930028677187 2.0333124190733692e-05 [1797.618164062,-3908.837890625] 59.38473289003527 52.9431099355131 20.96771348222051 24.306421349106593 0.0 0.0 59.20245236874655 15.211662719468677 4.719481802289317e-05 8.552170658556206e-06 2.6680092690604482e-05 8.966111027704978e-06
129.35401883429572 -58.02750802700853 3.796875 26.007812 [129.35401883429572,-58.02750802700853] -20.738062880057143 1.4434735193260253 0.0004541018000542586 2.4359633378586346e-05 [-4150.856445312,-3990.14453125] 58.63265033595956 61.033394336836324 25.713058501131552 25.467764692069245 0.0 0.0 28.95437980235954 41.19155343219131 -7.164057884976898e-06 2.7617906463952316e-06 -2.7418972887687462e-05 1.0364758734553917e-05
134.8451383459548 -59.842700934115136 3.109375 19.085938 [134.8451383459548,-59.842700934115136] -11.49322301293855 0.5724754780019612 0.0008110956424708378 1.725590176625916e-05 [1023.53515625,-852.4458007812] 39.21796126577718 40.69971321137701 18.745311426609653 20.333012039511495 0.0 0.0 42.30712864433917 2.559653490184928 -3.970386020423403e-06 2.521314529956887e-06 -1.7518408623296106e-05 7.548304796401176e-06
128.39543170163628 -59.61218258360048 2.515625 13.1328125 [128.39543170163628,-59.61218258360048] 3.0697231854239675 2.771427873761139 0.0002223953863448226 2.2905409328672132e-05 [-4835.028320312,-1080.961425781] 48.16122564627723 45.197258054824125 19.44624350149794 17.89743275737689 0.0 0.0 13.06875285098522 28.943666728924654 1.0604497979597397e-06 2.6072539061089393e-06 -1.5577064049737367e-05 7.689746778224723e-06
128.629073979822 -59.08776464910161 3.375 21.773438 [128.629073979822,-59.08776464910161] 1.406425341942199 0.7806511317533449 0.0007262716227494462 2.107001148573117e-05 [-4695.146484375,-2038.755859375] 52.081658009441085 50.49047489318479 21.38457217427132 20.482132275772315 0.0 0.0 17.856919452797797 33.35558822863959 4.858560135942928e-07 2.4346196130662857e-06 -1.750598897613305e-05 8.344884960832584e-06
134.70751967548262 -59.685565867269105 2.953125 17.601562 [134.70751967548262,-59.685565867269105] 1.9331115806610044 0.021170863868909245 0.022434642122107364 1.7650882699478014e-05 [903.3471679688,-1137.247558594] 41.02499162072442 42.06616262042973 18.95258870508198 20.69507335088192 0.0 0.0 42.885590432013714 4.562497551018623 6.678021636867785e-07 2.420942284339027e-06 -1.3504467271574581e-05 7.359022679284468e-06
132.67028794591528 -58.489307474732655 3.375 21.679688 [132.67028794591528,-58.489307474732655] 35.95089641158478 1.4365785743899495 0.0003373776307199065 1.801168620170836e-05 [-981.1235351562,-3288.995117188] 57.20338291333366 57.88757311331232 23.02227946396291 24.557397649406795 0.0 0.0 42.259913271921846 23.863520932255597 1.2419400230340701e-05 3.2704188548864806e-06 -7.341767858396987e-06 8.423457439933257e-06
132.05513047606033 -60.68405156168768 2.78125 15.769531 [132.05513047606033,-60.68405156168768] -21.50481015431729 0.7665663427679549 0.0005954387093720462 1.6962720838232635e-05 [-1461.052734375,671.5966796875] 32.284746637178515 36.17456988131936 21.63295312364365 19.79001997901128 0.0 0.0 23.048077199028626 5.188861596449215 -7.4289342086585255e-06 2.750323413467913e-06 -1.8581846370622368e-05 8.489284505827967e-06
128.27157606159722 -59.23209753140878 2.875 16.804688 [128.27157606159722,-59.23209753140878] -53.99869135550079 0.6703185452539947 0.0009447150821542919 2.3533731102633552e-05 [-5003.173828125,-1753.533691406] 55.30432530005601 49.70780068836613 20.516917576750256 18.997968509135358 0.0 0.0 15.061762057522628 33.19941969863112 -1.8654092854343942e-05 4.035215322360419e-06 -3.775922287688836e-05 9.933442535026263e-06
