data_processed/hvc_rms/hvc_rms_index_21_with_B.ecsv
# %ECSV 1.0
# ---
# datatype:
# - {name: ra_dec_obj.ra, unit: deg, datatype: float64}
# - {name: ra_dec_obj.dec, unit: deg, datatype: float64}
# - {name: 'H-alpha flux [Error]', unit: R, datatype: float32}
# - {name: H-alpha flux, unit: R, datatype: float32}
# - {name: ra_dec_deg, datatype: string, subtype: 'float64[2]'}
# - {name: RM, unit: rad / m2, datatype: float64}
# - {name: RM_uncert, unit: rad / m2, datatype: float64}
# - {name: pol_int, datatype: float64}
# - {name: pol_int_uncert, datatype: float64}
# - {name: ra_dec_pix_offsets, datatype: string, subtype: 'float64[2]'}
# - {name: interpolation_raw, unit: rad / m2, datatype: float64}
# - {name: interpolation_cor, unit: rad / m2, datatype: float64}
# - {name: interpolation_unc, unit: rad / m2, datatype: float64}
# - {name: interpolation_cor_unc, unit: rad / m2, datatype: float64}
# - {name: HI, unit: dex(1 / cm2), datatype: float64}
# - {name: 'HI [Error]', unit: dex(1 / cm2), datatype: float64}
# - {name: pixel location x, datatype: float64}
# - {name: pixel location y, datatype: float64}
# - {name: 'B_virtual [raw]', unit: G, datatype: float64}
# - {name: 'B_virtual_unc [raw]', unit: G, datatype: float64}
# - {name: 'B_virtual [int]', unit: G, datatype: float64}
# - {name: 'B_virtual_unc [int]', unit: G, datatype: float64}
# meta: !!omap
# - __serialized_columns__:
#     ra_dec_obj:
#       __class__: astropy.coordinates.sky_coordinate.SkyCoord
#       dec: !astropy.table.SerializedColumn
#         __class__: astropy.coordinates.angles.Latitude
#         unit: &id001 !astropy.units.Unit {unit: deg}
#         value: !astropy.table.SerializedColumn {name: ra_dec_obj.dec}
#       frame: icrs
#       ra: !astropy.table.SerializedColumn
#         __class__: astropy.coordinates.angles.Longitude
#         unit: *id001
#         value: !astropy.table.SerializedColumn {name: ra_dec_obj.ra}
#         wrap_angle: !astropy.coordinates.Angle
#           unit: *id001
#           value: 360.0
#       representation_type: spherical
# schema: astropy-2.0
ra_dec_obj.ra ra_dec_obj.dec "H-alpha flux [Error]" "H-alpha flux" ra_dec_deg RM RM_uncert pol_int pol_int_uncert ra_dec_pix_offsets interpolation_raw interpolation_cor interpolation_unc interpolation_cor_unc HI "HI [Error]" "pixel location x" "pixel location y" "B_virtual [raw]" "B_virtual_unc [raw]" "B_virtual [int]" "B_virtual_unc [int]"
[from data line 341]
169.7703856506358 -66.0056305120216 5.625 44.171875 [169.7703856506358,-66.0056305120216] 121.9698339275705 2.15655040506234 0.00024694151588622803 1.9790757909700927e-05 [-3233.383789062,2097.545654297] 47.10259491822178 18.93936095473383 36.68735083840208 28.10015927310793 0.0 0.0 40.412482543781834 93.32226086031028 1.0299675262559658e-05 7.18808889419756e-07 6.322122649266201e-06 3.167171590775516e-06
171.6359404663609 -65.77826701248966 5.5 43.09375 [171.6359404663609,-65.77826701248966] 116.56100348828619 1.8255621409631568 0.0002728178450293243 1.8508792982454223e-05 [-1887.126953125,1613.406738281] 51.758586832298384 48.57545717410471 34.565099618754616 40.939192692646486 0.0 0.0 46.06004755056415 85.60659536050684 9.842929563389827e-06 7.040289974330035e-07 5.472204284397981e-06 2.988412052361816e-06
178.948349141169 -66.58342747641635 4.28125 30.945312 [178.948349141169,-66.58342747641635] -12.241079179157166 1.756114059776315 0.0003189501166578859 2.0815372561018196e-05 [3398.414306641,3151.889404297] 33.14741202881305 18.99946902813462 27.48098483100335 20.040611938264593 19.392208099365234 9.696104049682617 46.30974754748695 48.795935791528564 -1.0336911705845962e-06 6.105360960183551e-07 -3.832806072173925e-06 2.4031721577526204e-06
174.0698244335034 -64.4529189715595 5.625 44.1875 [174.0698244335034,-64.4529189715595] 428.7565867263185 1.8917588206793923 0.00027266173465928046 1.916896498715068e-05 [-95.04248046875,-810.2260742188] 121.5760820882946 177.4652664344793 66.02806070313439 97.07705657980077 18.349245071411133 9.174622535705566 64.9523553004667 78.74171313723195 3.620611316554689e-05 1.4255338038193895e-06 2.5939688059587306e-05 5.684543482326597e-06
176.76715111602687 -65.07391354992919 5.09375 38.78125 [176.76715111602687,-65.07391354992919] 625.0295013893336 0.25574754644270137 0.0019975092707567896 1.8984929236524007e-05 [1952.697265625,347.1630859375] 74.15813294909324 137.1962987213937 40.204754861422714 72.78455810876196 0.0 0.0 61.45826410452992 63.43436547026886 5.2780271043515275e-05 1.9676448044621127e-06 4.6518028463870906e-05 3.822564444622541e-06
176.7614595314399 -65.06745913733364 5.09375 38.78125 [176.7614595314399,-65.06745913733364] 632.587976089775 0.33794609994365105 0.0015175162135878401 1.905853359000867e-05 [1948.855957031,335.3793945312] 74.15813294909324 137.1962987213937 40.204754861422714 72.78455810876196 0.0 0.0 61.526202546936474 63.481464583655 5.3418542265078546e-05 1.9893883457858318e-06 4.715629968543417e-05 3.832483897979879e-06
176.76432788516465 -65.07222737882351 5.09375 38.78125 [176.76432788516465,-65.07222737882351] 624.6372062415369 0.4486157385297102 0.0011449216675646343 1.9087936573314307e-05 [1950.681152344,344.0434570312] 74.15813294909324 137.1962987213937 40.204754861422714 72.78455810876196 0.0 0.0 61.474343192137894 63.453227132277334 5.274714389642264e-05 1.966767751751286e-06 4.6484901316778256e-05 3.822181675726352e-06
178.2626190756819 -65.71867362353788 4.75 35.4375 [178.2626190756819,-65.71867362353788] 412.07918435450256 1.4913290028613573 0.0003541733217945167 1.9628992625169732e-05 [3010.357666016,1564.793457031] 53.69598745900949 74.47320650027734 29.03426884623512 45.39886004742459 17.87061882019043 8.935309410095215 55.702459830492444 54.33395796337709 3.479779913312187e-05 1.3769793256205895e-06 3.0263471128226063e-05 2.7448790692303573e-06
175.32450888469054 -64.02849573386749 6.5625 53.65625 [175.32450888469054,-64.02849573386749] 599.9862094159779 0.3782686972418902 0.0013726232965971044 1.9295697075824916e-05 [892.435546875,-1566.261230469] 177.51995653916038 222.3170398719629 101.39988468453775 108.50565422586503 0.0 0.0 71.66180713144831 73.86545583117777 5.0665504084135785e-05 1.8962118693952155e-06 3.5674929397752136e-05 8.67631702191062e-06
172.84872417434613 -66.67572024252905 4.5625 33.71875 [172.84872417434613,-66.67572024252905] 45.3846858788354 2.135909138088771 0.000240099580063623 1.9058243761826773e-05 [-957.345703125,3200.391113281] 14.414760301689165 -9.092144456093362 24.146277983756214 17.775444992175164 0.0 0.0 37.68188582922767 76.62158617656542 3.832484733256803e-06 6.328606513522411e-07 2.6152382607954286e-06 2.1326484741335877e-06
172.89743075095703 -66.75305182384275 4.4375 32.328125 [172.89743075095703,-66.75305182384275] 64.33019554167956 0.7597207128641382 0.0006912378457921459 1.9515971638946854e-05 [-919.7504882812,3338.764404297] 14.26437614401586 -9.22753754779458 24.005119231059812 17.21855023741286 0.0 0.0 36.86879795029654 76.11620941122987 5.432327833206065e-06 6.251678487488791e-07 4.2277804678828395e-06 2.1178420768570407e-06
172.8901367058619 -66.74658969226147 4.4375 32.328125 [172.8901367058619,-66.74658969226147] 61.15818598731666 1.216738687813718 0.0004303057172061701 1.9457325163583613e-05 [-925.1743164062,3327.247558594] 14.26437614401586 -9.22753754779458 24.005119231059812 17.21855023741286 0.0 0.0 36.932104667160615 76.17299664039706 5.164469238276146e-06 6.274453247745109e-07 3.959921872952923e-06 2.118708012338616e-06
176.63941959593555 -62.737666869878 9.125 78.9375 [176.63941959593555,-62.737666869878] 562.1839733178234 2.443830816152885 0.0002676899090397294 2.431150475079461e-05 [2017.049804688,-3857.87890625] 366.0510904851781 274.75762936520687 167.44813551197078 128.2325685141298 0.0 0.0 88.4517839299624 71.03929519230405 4.747331513485173e-05 1.8003171918225128e-06 1.656233296739184e-05 1.4166164991495804e-05
170.83029127879578 -64.29365525020715 7.5625 63.5 [170.83029127879578,-64.29365525020715] 41.708980224979264 1.1918652666881222 0.0004383826820084984 1.9417318584723663e-05 [-2623.41015625,-1027.207519531] 106.05171560127525 140.90992231303503 62.94311911947014 77.23881145923791 0.0 0.0 61.544113346976246 95.33590283890862 3.5220917993945307e-06 6.125557995613885e-07 -5.433386752614548e-06 5.352399624089719e-06
174.96536272455577 -62.36408641209026 13.875 126.90625 [174.96536272455577,-62.36408641209026] 316.76281182473724 2.56351937592289 0.00032639380226540116 3.1094760137207116e-05 [645.3920898438,-4564.799804688] 401.09473968150763 320.7064638521995 199.9121914271823 151.68195989120437 17.41193389892578 8.70596694946289 90.36142171718166 81.149051373862 2.6748860697699176e-05 1.1405301930424508e-06 -7.121363071676727e-06 1.6895104928575723e-05
171.82827775836603 -63.49326706877341 8.5 73.21875 [171.82827775836603,-63.49326706877341] 473.6853168634131 2.8168915658017895 0.00019267002577027102 2.0169400422275113e-05 [-1898.590820312,-2501.932617188] 188.6472338381338 223.1758855629595 90.51951048525788 105.66216283992455 17.770265579223633 8.885132789611816 72.3436019887788 93.49407397810887 4.000009496801493e-05 1.558435324887702e-06 2.4069883495670455e-05 7.717977012907312e-06
173.17317218922798 -65.4508210282688 5.71875 45.234375 [173.17317218922798,-65.4508210282688] 93.67569172979671 0.2829902688421817 0.0016994808327832095 1.7872959685198627e-05 [-762.052734375,992.0336914062] 57.793741363393615 73.22464946045625 41.013241737004876 51.56837532616787 0.0 0.0 52.16798655667321 79.58021139202947 7.91039205141082e-06 6.5504940228041e-07 3.030031481232475e-06 3.5151554581182062e-06
173.16290312383217 -65.447830335193 5.71875 45.234375 [173.16290312383217,-65.447830335193] 94.0364310004125 0.64686769166454 0.0007461679644587511 1.793745245802987e-05 [-769.8193359375,986.7758789062] 57.793741363393615 73.22464946045625 41.013241737004876 51.56837532616787 0.0 0.0 52.186826888851556 79.63996439641983 7.940854479883107e-06 6.573529631724507e-07 3.060493909704762e-06 3.515531994303428e-06
179.66674796012623 -63.21474461111537 5.375 41.8125 [179.66674796012623,-63.21474461111537] 301.65875169766866 2.919307455415965 0.0002304200328301806 2.499820203649359e-05 [4433.923583984,-2846.715820312] 379.1478827471742 291.0314391378703 165.66149000016287 139.39617488206738 0.0 0.0 86.60574419888576 53.66648444215025 2.5473406682181188e-05 1.1092857780080157e-06 -6.5435268745367e-06 1.4005778658423371e-05
177.96383656106158 -62.349357669115676 8.1875 69.9375 [177.96383656106158,-62.349357669115676] 735.016846904512 1.0074823671537922 0.0008454592398383387 3.165474591374773e-05 [3148.208007812,-4501.408203125] 440.14062861913663 311.7191741155282 170.15632027761228 135.27570168738862 0.0 0.0 94.72578069386873 65.03542362808844 6.206809168997117e-05 2.2862427317014703e-06 2.4900659394146302e-05 1.440838887782643e-05
177.16731288065762 -64.36936953570354 5.5 42.859375 [177.16731288065762,-64.36936953570354] 535.7448814902067 1.438009658768346 0.0003602485246731875 1.925186099205266e-05 [2315.397949219,-906.3002929688] 121.49171661288314 212.51094607267038 61.877650603903135 108.29151083340051 0.0 0.0 70.15753702228722 63.508596996372034 4.5240680627673864e-05 1.7180266422591192e-06 3.498137971769069e-05 5.405008691911564e-06
177.1558073215422 -64.36648548378618 5.5 42.859375 [177.1558073215422,-64.36648548378618] 532.3034314721709 2.727414200331807 0.0001897113310387355 1.9228839373627766e-05 [2306.693359375,-911.9057617188] 121.49171661288314 212.51094607267038 61.877650603903135 108.29151083340051 0.0 0.0 70.17673168331248 63.57495791057613 4.495006928159999e-05 1.7195288970880388e-06 3.4690768371616816e-05 5.406183624010098e-06
177.4896696582264 -63.873828976410636 5.96875 47.609375 [177.4896696582264,-63.873828976410636] 876.8711759101262 0.7419763481489818 0.000738126342286553 2.0353048592019483e-05 [2612.158447266,-1784.5546875] 216.9239756692763 280.3268381872422 94.31147532954655 128.3989639081316 0.0 0.0 76.33506724158974 63.28678892683047 7.40469021572687e-05 2.699048415438351e-06 5.572887683812542e-05 8.228374303516936e-06
171.90310684067515 -66.84836582768939 4.8125 36.140625 [171.90310684067515,-66.84836582768939] 14.347111305631902 0.259659363474331 0.002080771071263125 2.007876480444468e-05 [-1619.51171875,3530.140625] 24.890875674493792 -9.126956661545364 23.436779454884665 13.158897056357407 0.0 0.0 34.31405749868577 80.24100164513311 1.2115338903515905e-06 5.930841122680909e-07 -8.903623588494287e-07 2.06585466453291e-06
169.63002007634583 -65.90014649261019 5.9375 47.234375 [169.63002007634583,-65.90014649261019] 72.87957922138257 1.703050563543723 0.00031405583652665154 1.9876646519202985e-05 [-3349.606445312,1915.493408203] 47.81619009654839 22.403124349673178 37.008798035681075 28.505075471859726 0.0 0.0 41.35656811618469 94.4132536149591 6.154275816247992e-06 6.465108062838044e-07 2.1164640522365213e-06 3.1847377357546966e-06
177.45906085026564 -64.39241022560117 5.6875 45.015625 [177.45906085026564,-64.39241022560117] 382.1465443322529 1.622040645275944 0.0003215614527234674 1.938359904796336e-05 [2540.092285156,-853.6884765625] 126.68787101123266 214.62141385648738 60.582191628566164 106.08905486079523 0.0 0.0 70.25042184928634 61.97133067841855 3.2270153878121e-05 1.2979453652841506e-06 2.1572066579784596e-05 5.208472608847946e-06
180.9048309598082 -66.43695071417562 4.78125 35.65625 [180.9048309598082,-66.43695071417562] 209.43490371350873 1.0733362868996688 0.0006601509630869618 2.6332238283781647e-05 [4819.163085938,3016.437744141] 25.716727128427173 31.06801651176236 30.91444830900753 27.449907520497067 0.0 0.0 49.90067323777271 39.95463724530373 1.7685614774023143e-05 8.677813313220756e-07 1.551397995490919e-05 2.7343900109411336e-06
179.91137680697926 -65.57500460473698 5.53125 43.15625 [179.91137680697926,-65.57500460473698] 384.61836292436305 0.251396959697767 0.0023641675512301816 2.2087521059192782e-05 [4249.735351562,1401.544921875] 44.80319457205724 89.79838162820101 33.2657240750627 49.77457937521172 0.0 0.0 59.11864233871893 46.714100028893654 3.247888523395616e-05 1.2974734112080348e-06 2.8695504212944907e-05 3.0466241258452007e-06
179.9171142014824 -65.57261656904255 5.53125 43.15625 [179.9171142014824,-65.57261656904255] 18.345845164493337 2.4376065146494943 0.00024315067257176182 2.202661598196232e-05 [4254.374755859,1397.649902344] 44.80319457205724 89.79838162820101 33.2657240750627 49.77457937521172 0.0 0.0 59.15240693396572 46.691890130143065 1.5492047625783427e-06 6.283450953436595e-07 -2.234176258432914e-06 2.879091619604518e-06
179.91201774527457 -65.57214350632557 5.53125 43.15625 [179.91201774527457,-65.57214350632557] 389.6167623947329 1.2063842371413307 0.0004914756909690911 2.2034154944610994e-05 [4250.677246094,1396.459472656] 44.80319457205724 89.79838162820101 33.2657240750627 49.77457937521172 0.0 0.0 59.15291897652446 46.717847021983516 3.29009723166354e-05 1.3146297438822372e-06 2.9117591295624147e-05 3.0533088673641985e-06
179.9892425390686 -66.59979246755283 4.5 32.984375 [179.9892425390686,-66.59979246755283] -39.605757971246256 0.5842626697400038 0.0010557108587587094 2.2922492041807592e-05 [4137.117431641,3243.203369141] 27.009690428038596 18.169876803681877 29.37306653762837 21.904709310907073 18.235641479492188 9.117820739746094 47.14324945274666 43.8865673868263 -3.3444863577793307e-06 6.04968908068349e-07 -5.6253047486304805e-06 2.558162873171129e-06
179.97282396391142 -66.60304265368879 4.5 32.984375 [179.97282396391142,-66.60304265368879] -38.000959142803644 1.0052451031367355 0.0006106288484664296 2.281171765273434e-05 [4124.899414062,3247.954589844] 27.009690428038596 18.169876803681877 29.37306653762837 21.904709310907073 18.235641479492188 9.117820739746094 47.08946344399669 43.95567802751111 -3.2089700070355024e-06 6.079772182914802e-07 -5.489788397886654e-06 2.5587232571786093e-06
173.32502732955783 -65.42446912031313 5.6875 44.8125 [173.32502732955783,-65.42446912031313] 59.00430167832111 0.12965395073218752 0.0038318685123531863 1.8463118461930514e-05 [-649.1567382812,942.9116210938] 56.87731309902254 76.52732459617557 40.95741206586052 53.02838628970958 0.0 0.0 52.696465621093694 78.95074662319098 4.982585667384752e-06 6.171850735909476e-07 1.7961237585153794e-07 3.5087985295223354e-06
173.32781964461714 -65.42803179725749 5.6875 44.8125 [173.32781964461714,-65.42803179725749] 61.93801844567936 0.32935958063384135 0.0015135684741338182 1.852597516324974e-05 [-646.978515625,949.294921875] 56.87731309902254 76.52732459617557 40.95741206586052 53.02838628970958 0.0 0.0 52.65981432610124 78.92463993249862 5.230321759524221e-06 6.202980234084999e-07 4.2734846799100607e-07 3.5089187625833097e-06
172.45817583556607 -65.93453975064908 5.0625 38.75 [172.45817583556607,-65.93453975064908] 124.39801648930542 0.784451429440677 0.0006228953136999683 1.8158912058274247e-05 [-1272.577148438,1873.956542969] 36.93225029287315 36.2443449316483 30.471574225648123 35.75534837642766 0.0 0.0 45.561482659265494 81.17170055399788 1.0504721797909795e-05 7.023557629686476e-07 7.385998319463027e-06 2.654033563716187e-06
172.5841826956623 -66.76576999887487 4.6875 34.90625 [172.5841826956623,-66.76576999887487] -0.6784229316917384 0.8244400425752854 0.0006410100113127282 1.9639597935683706e-05 [-1141.635253906,3366.747070312] 18.46719039495776 -8.396714187577288 23.97697858713086 16.66384803985265 0.0 0.0 36.26768439018849 77.48623552159734 -5.728904977642272e-08 5.952002859806283e-07 -1.6167407433228458e-06 2.1111763841907075e-06
175.788665700867 -63.855090969440276 7.03125 58.34375 [175.788665700867,-63.855090969440276] 375.8277943669949 1.0448850862791506 0.0005159323069686065 2.0034105540037445e-05 [1266.014160156,-1870.365722656] 211.3269189669448 236.90324791073678 115.590455698433 114.72968910132228 0.0 0.0 74.31641881561063 72.05606813180566 3.1736570527125254e-05 1.2769142809276958e-06 1.38911855699782e-05 9.791716999385525e-06
