data_processed/hvc_rms/hvc_rms_index_7.ecsv
# %ECSV 1.0
# ---
# datatype:
# - {name: ra_dec_obj.ra, unit: deg, datatype: float64}
# - {name: ra_dec_obj.dec, unit: deg, datatype: float64}
# - {name: 'H-alpha flux [Error]', unit: R, datatype: float32}
# - {name: H-alpha flux, unit: R, datatype: float32}
# - {name: ra_dec_deg, datatype: string, subtype: 'float64[2]'}
# - {name: RM, unit: rad / m2, datatype: float64}
# - {name: RM_uncert, unit: rad / m2, datatype: float64}
# - {name: pol_int, datatype: float64}
# - {name: pol_int_uncert, datatype: float64}
# - {name: ra_dec_pix_offsets, datatype: string, subtype: 'float64[2]'}
# - {name: interpolation_raw, unit: rad / m2, datatype: float64}
# - {name: interpolation_cor, unit: rad / m2, datatype: float64}
# - {name: interpolation_unc, unit: rad / m2, datatype: float64}
# - {name: interpolation_cor_unc, unit: rad / m2, datatype: float64}
# - {name: pixel location x, datatype: float64}
# - {name: pixel location y, datatype: float64}
# meta: !!omap
# - __serialized_columns__:
#     ra_dec_obj:
#       __class__: astropy.coordinates.sky_coordinate.SkyCoord
#       dec: !astropy.table.SerializedColumn
#         __class__: astropy.coordinates.angles.Latitude
#         unit: &id001 !astropy.units.Unit {unit: deg}
#         value: !astropy.table.SerializedColumn {name: ra_dec_obj.dec}
#       frame: icrs
#       ra: !astropy.table.SerializedColumn
#         __class__: astropy.coordinates.angles.Longitude
#         unit: *id001
#         value: !astropy.table.SerializedColumn {name: ra_dec_obj.ra}
#         wrap_angle: !astropy.coordinates.Angle
#           unit: *id001
#           value: 360.0
#       representation_type: spherical
# schema: astropy-2.0
ra_dec_obj.ra ra_dec_obj.dec "H-alpha flux [Error]" "H-alpha flux" ra_dec_deg RM RM_uncert pol_int pol_int_uncert ra_dec_pix_offsets interpolation_raw interpolation_cor interpolation_unc interpolation_cor_unc "pixel location x" "pixel location y"
[from data line 502]
90.29486832706787 -56.884418500979805 1.5625 3.6035156 [90.29486832706787,-56.884418500979805] 47.04641543886764 1.6997739635113491 0.00032553370543951835 2.0563443272562024e-05 [-4130.587890625,2213.447021484] 40.70054804394105 35.76856136117698 8.808217825839117 8.493195729143753 2.7316946040232324 3.5933102692692955
91.04141208094926 -54.85923763695811 1.78125 5.8203125 [91.04141208094926,-54.85923763695811] 65.59731705150125 2.811784122917872 0.00017727881060989472 1.852454317193681e-05 [-3580.118164062,-1467.677246094] 33.70287555200714 31.568875597919966 9.623654987848472 8.133938241703358 10.50540758286445 30.504453422475763
98.24752805345453 -55.411655489111816 1.7890625 5.8652344 [98.24752805345453,-55.411655489111816] 47.3240464971877 1.010765256414913 0.0005043192217740786 1.894368788671159e-05 [3827.559326172,-459.27734375] 41.05708162156559 42.91576869492554 9.845255051697855 11.10992544577432 58.002434727031186 13.574596153553557
96.58472430482153 -54.07691939120176 1.8125 6.1210938 [96.58472430482153,-54.07691939120176] 31.30453882778522 1.3080565189997533 0.0003916138367344129 1.9036769037011774e-05 [2202.103027344,-2931.749023438] 47.31156667491219 50.94711467951905 10.473138624472272 12.095875225542015 50.18319333351974 33.54343102789471
97.26894399088688 -53.238285053775314 2.453125 12.488281 [97.26894399088688,-53.238285053775314] 21.139891612849162 1.3868011109179552 0.0005147687964995774 2.6529868519603055e-05 [2982.764648438,-4413.838867188] 50.260420117917874 48.17048356907519 10.228926990480138 11.295386321230964 57.110280175984144 43.219101606978484
93.58020037076935 -54.84226994422343 1.7109375 5.1035156 [93.58020037076935,-54.84226994422343] 7.379974188046833 2.916487949766063 0.0001618395787746278 1.7540970935111836e-05 [-952.3247070312,-1581.234375] 39.247630814825385 38.89928315002694 11.559989130292207 10.344039612770786 27.885145505407536 27.834295558508757
96.31395701681417 -55.80297848708339 1.703125 5.013672 [96.31395701681417,-55.80297848708339] 53.86201399502687 1.4670364969912117 0.00032082875795022233 1.749133314282264e-05 [1835.82421875,165.6577148438] 38.89891581717687 42.56222151044745 10.52019833524942 11.303922732263889 44.2110117632451 11.47553044023698
98.09140770278387 -54.05551502582232 1.953125 7.4941406 [98.09140770278387,-54.05551502582232] 49.79410049493037 0.3305113565967991 0.001670810783872366 2.0522126464524736e-05 [3793.204101562,-2905.110351562] 45.95979636581918 47.799769947842314 9.8180133392994 11.426350264757474 60.59334603532261 31.266985309397796
93.3056793450555 -55.31776434379162 1.671875 4.7265625 [93.3056793450555,-55.31776434379162] -7.519830067001218 1.5700675502641845 0.00029668370601082067 1.731094339642506e-05 [-1222.1875,-721.189453125] 38.597693459400936 37.682663203985555 9.935191071936503 9.802798508712387 25.114857106222644 21.837966530949416
95.0163040777774 -55.50979989658135 1.71875 5.203125 [95.0163040777774,-55.50979989658135] 37.249704316303394 3.06788147789726 0.00015470027177385455 1.763755403302999e-05 [527.25,-384.1064453125] 38.729537308841905 42.109887876996396 10.356956426935678 10.227890663879124 36.22310450820237 17.123695557364044
90.55165850115932 -54.41888452413258 1.8046875 6.0390625 [90.55165850115932,-54.41888452413258] 41.57465087126657 0.06164916476281529 0.008542509668443228 1.957137684055987e-05 [-4130.979492188,-2231.817382812] 34.6635785201994 31.013040576127104 9.66025338139025 8.48211876325136 7.807825493747941 36.972277681147716
90.54986569350706 -54.42378596419669 1.8046875 6.0390625 [90.54986569350706,-54.42378596419669] 42.861013158611684 0.12651465388290403 0.004172995687916325 1.9619930778346345e-05 [-4132.358398438,-2222.904296875] 34.6635785201994 31.013040576127104 9.66025338139025 8.48211876325136 7.78796174637796 36.907527589743495
90.55008659397406 -54.42540000487094 1.8046875 6.0390625 [90.55008659397406,-54.42540000487094] 42.66100407195851 0.17981943525913002 0.0029356686694975826 1.9617893406274774e-05 [-4131.96484375,-2220.017578125] 34.6635785201994 31.013040576127104 9.66025338139025 8.48211876325136 7.7870398892493995 36.8853870565506
90.55746434154769 -54.41143422286608 1.8046875 6.0390625 [90.55746434154769,-54.41143422286608] 41.39693465265285 1.2807681271804774 0.000411663518643798 1.959393198995828e-05 [-4125.663085938,-2245.548828125] 34.6635785201994 31.013040576127104 9.66025338139025 8.48211876325136 7.859370151464191 37.0675823288193
92.31494890800539 -55.468696713817906 1.71875 5.2089844 [92.31494890800539,-55.468696713817906] 61.97047880052184 0.48438779856357295 0.0009700414811719797 1.7461928444557348e-05 [-2227.958007812,-424.9252929688] 36.9436481648494 33.523260020411065 10.314944578012216 9.272702791106319 18.169108052737784 20.944270814367883
92.31652786298635 -55.46313860289632 1.71875 5.2089844 [92.31652786298635,-55.46313860289632] 60.88685944926635 0.798049907757382 0.0005856001710128466 1.7367605663466074e-05 [-2226.662109375,-434.9755859375] 36.9436481648494 33.523260020411065 10.314944578012216 9.272702791106319 18.189126261545766 21.017280831967128
90.69889794000842 -55.12931821236763 1.7109375 5.109375 [90.69889794000842,-55.12931821236763] 66.93293489401506 1.7131409440625902 0.00029917322456528674 1.9046909593458913e-05 [-3907.872070312,-963.7309570312] 34.84657733144698 33.0357489088246 9.701858263923924 8.741302391127526 7.7594269189517036 27.177593357929254
91.3235325550929 -55.138992417209266 1.7421875 5.421875 [91.3235325550929,-55.138992417209266] 60.91640845581817 1.4841802563778905 0.00032609634645961214 1.7986277359442027e-05 [-3265.458984375,-978.6606445312] 34.82177228819762 31.36326239048126 9.51205703698218 8.357704694251126 11.995480605824469 26.430985287734757
89.71692624876631 -54.65804678996459 1.75 5.4648438 [89.71692624876631,-54.65804678996459] 48.10536094375699 0.4989680379782687 0.0012762797178834005 2.3666132847931203e-05 [-4973.4453125,-1747.434570312] 35.27818346782389 32.177203341403285 9.685054430391366 8.79991409847423 1.6943606456270572 34.51086241744315
91.63458277973632 -55.66594317569298 1.6640625 4.6289062 [91.63458277973632,-55.66594317569298] 40.612400191293716 3.0346933593679104 0.00015794320766703205 1.781248334788221e-05 [-2906.846679688,-44.9111328125] 36.98379772641711 32.91598896846998 9.490421589995105 8.94072602148408 13.275142267340243 18.992825137317823
91.63530771229712 -55.66461941599964 1.6640625 4.6289062 [91.63530771229712,-55.66461941599964] 41.16873332237957 2.7997555950321305 0.0001714102675591075 1.7834693790389724e-05 [-2906.209960938,-47.322265625] 36.98379772641711 32.91598896846998 9.490421589995105 8.94072602148408 13.282066758039264 19.00999357885371
92.97644832413806 -56.024002028263 1.71875 5.189453 [92.97644832413806,-56.024002028263] 79.65646416369037 2.9994977899967914 0.00015459567271263657 1.7232749810900395e-05 [-1531.393554688,556.3315429688] 38.391681005984786 35.912199385464476 9.562081856061909 9.423329412465074 21.640939823756526 12.77097866733493
96.49789449535395 -54.74186316269559 1.7265625 5.2597656 [96.49789449535395,-54.74186316269559] 63.76067662778247 2.5970359535773353 0.00018476948739190143 1.783269243247093e-05 [2076.531738281,-1738.360351562] 43.01452233922824 47.37989440835224 9.658984992706708 11.285135429609056 47.950128647477186 25.04174495600728
92.96483624944999 -54.84971618225482 1.8203125 6.2226562 [92.96483624944999,-54.84971618225482] 21.396887529814805 1.630257807058192 0.00028807936241268846 1.7453283332930418e-05 [-1589.702148438,-1556.545410156] 37.58490849825267 34.89121265441999 10.168917097075433 9.17624631968223 23.67331173650757 28.495723255939538
92.96783400596487 -54.852073718485336 1.8203125 6.2226562 [92.96783400596487,-54.852073718485336] 20.207555096650957 1.930008013477958 0.0002442648537390049 1.7519786038478738e-05 [-1586.50390625,-1552.372070312] 37.58490849825267 34.89121265441999 10.168917097075433 9.17624631968223 23.689388934738872 28.460615243766597
98.05081173432423 -55.92245872878759 1.8984375 6.9589844 [98.05081173432423,-55.92245872878759] 44.7873360761378 0.3955630341874669 0.001301004387144713 1.912507573962908e-05 [3579.935546875,448.388671875] 41.468396166842275 41.82937191188611 10.012277519419094 10.893955489016603 55.3748124798085 7.3057120705298075
98.0561295666247 -55.924663640310314 1.8984375 6.9589844 [98.0561295666247,-55.924663640310314] 51.25088726538772 1.1357667331741326 0.0004542934499657555 1.9174953626270147e-05 [3585.084716797,452.626953125] 41.468396166842275 41.82937191188611 10.012277519419094 10.893955489016603 55.40409714048826 7.268830772357433
96.73975374630373 -54.634201009134586 1.78125 5.8398438 [96.73975374630373,-54.634201009134586] 61.11625240171718 0.8504547635946822 0.0005764227146041845 1.8218012997946382e-05 [2333.848632812,-1924.342773438] 43.619485192476056 47.4198684012585 8.826022503481369 11.306512863193076 49.85628795304183 26.06190536608574
95.92727644797262 -53.61402493327962 1.9609375 7.5976562 [95.92727644797262,-53.61402493327962] 7.373377122429382 0.9577454884884101 0.0005784193106258671 2.0587404688878523e-05 [1524.887207031,-3781.916992188] 43.90350059473882 47.16467861811976 10.32193877979322 10.61671007946506 46.77471147243796 40.62177911840831
96.70314013525702 -54.53697959182714 1.765625 5.6464844 [96.70314013525702,-54.53697959182714] 258.49383257950217 0.4519029340061035 0.0011145701055770368 1.87180780840992e-05 [2301.21484375,-2100.44140625] 45.0602980122818 48.545856129593936 9.051797907832254 11.629243172148254 49.847991739147574 27.38226714237453
96.70512393546623 -54.55170825520652 1.7734375 5.7714844 [96.70512393546623,-54.55170825520652] 27.305677184955933 0.9107720515594254 0.0005499641361268325 1.861455968933135e-05 [2302.454101562,-2073.8828125] 44.579736603044296 48.15012631143422 8.973975413023496 11.528682422575828 49.82500108970339 27.187890191947872
96.70217154389462 -54.557769543326216 1.7734375 5.7714844 [96.70217154389462,-54.557769543326216] 3.607587846002417 1.7970591428773552 0.000278111835590312 1.8573362928469995e-05 [2299.032714844,-2063.078125] 44.579736603044296 48.15012631143422 8.973975413023496 11.528682422575828 49.789882440348265 27.113883035615345
96.6976242486923 -54.53284098697736 1.765625 5.6464844 [96.6976242486923,-54.53284098697736] 23.519489870678065 1.04644921323916 0.0004806094909412311 1.869042607460255e-05 [2295.69140625,-2108.068359375] 45.0602980122818 48.545856129593936 9.051797907832254 11.629243172148254 49.82067358396512 27.444770134327428
96.69930262233187 -54.567405918466086 1.7734375 5.71875 [96.69930262233187,-54.567405918466086] 241.55086131342642 3.126562081076125 0.0001591308692873595 1.848971405627894e-05 [2295.498046875,-2045.83984375] 44.46742872274638 48.122600527005346 9.200525207421185 11.617156954751003 49.746490688233735 26.993316814287027
96.6868591359916 -54.52738949980217 1.765625 5.6464844 [96.6868591359916,-54.52738949980217] -5.850119441791259 1.7660937524997475 0.0002846995800905465 1.8685696215870736e-05 [2284.761230469,-2118.229492188] 45.0602980122818 48.545856129593936 9.051797907832254 11.629243172148254 49.76083591146016 27.532665711417394
96.67378255841625 -54.52396409071261 1.75 5.4628906 [96.67378255841625,-54.52396409071261] -42.55570443481418 1.47194085114248 0.0003387736952681908 1.8531421875117847e-05 [2271.302246094,-2124.8203125] 44.90738280463785 48.48086153823553 9.271138487635321 11.726271265126446 49.68021258891008 27.59792506206395
96.67234821754548 -54.515224247953995 1.75 5.4628906 [96.67234821754548,-54.515224247953995] 38.49984533777617 1.7548959655969183 0.00028369489025241565 1.85016981943565e-05 [2270.290527344,-2140.587890625] 44.90738280463785 48.48086153823553 9.271138487635321 11.726271265126446 49.692075396263704 27.71369133616986
96.70804615858412 -54.5780563675004 1.7734375 5.7714844 [96.70804615858412,-54.5780563675004] 147.68745951636492 2.351094487248264 0.00021008961571400756 1.8356225026559257e-05 [2304.013671875,-2026.392578125] 44.579736603044296 48.15012631143422 8.973975413023496 11.528682422575828 49.77963717707314 26.841152766717414
96.7059935037695 -54.543712365327906 1.765625 5.6464844 [96.7059935037695,-54.543712365327906] -0.694747389446648 1.382047321169484 0.0003640590307890766 1.869835604805284e-05 [2303.8125,-2088.236328125] 45.0602980122818 48.545856129593936 9.051797907832254 11.629243172148254 49.85073844727742 27.290319441356814
96.7121735848126 -54.593872272719004 1.7890625 5.90625 [96.7121735848126,-54.593872272719004] 48.53893695552658 2.7200055214184937 0.0001822278189196166 1.8420150147744298e-05 [2307.420898438,-1997.806640625] 44.09961089775989 47.780818967604745 8.899998958252386 11.417953641869072 49.768572287974166 26.629246965784887
92.13559714419458 -56.48585128410041 1.71875 5.1777344 [92.13559714419458,-56.48585128410041] 66.33373380114544 1.3400305342344427 0.0003558528702299199 1.7721230344575545e-05 [-2348.211914062,1410.845703125] 38.119015036602526 34.47389616354945 8.777509425421549 8.927350194051943 15.330449162096215 7.427661794539063
92.07543989262362 -56.50927733960797 1.703125 5.0039062 [92.07543989262362,-56.50927733960797] 59.1337416271185 2.487958316438683 0.000190874943527627 1.7648212507293305e-05 [-2406.459960938,1455.046875] 37.56104519483931 34.33038342934215 8.7367977385532 8.926580281363487 14.89918808434743 7.169491136114402
92.13204151423014 -56.488662728478246 1.71875 5.1777344 [92.13204151423014,-56.488662728478246] 55.961803519949086 1.3355099240392276 0.0003560201320317536 1.7669748970655928e-05 [-2351.568359375,1416.0234375] 38.119015036602526 34.47389616354945 8.777509425421549 8.927350194051943 15.302739333971545 7.393164695570704
92.0805969821711 -56.505417003836065 1.703125 5.0039062 [92.0805969821711,-56.505417003836065] 56.85084887540973 1.7384158081651386 0.00027460558050968153 1.774073972562453e-05 [-2401.586914062,1447.924316406] 37.56104519483931 34.33038342934215 8.7367977385532 8.926580281363487 14.938984315959942 7.216652764034507
92.08257264500068 -56.51194373837926 1.703125 5.0039062 [92.08257264500068,-56.51194373837926] 48.35644553179922 1.5438877682914758 0.00030796589209641394 1.7669613488843087e-05 [-2399.212890625,1459.595703125] 37.56104519483931 34.33038342934215 8.7367977385532 8.926580281363487 14.941935522521362 7.126638384942453
92.84842716421407 -55.5686148566314 1.6484375 4.4882812 [92.84842716421407,-55.5686148566314] 51.445243720549605 1.2100141669563635 0.0003839120063694105 1.726357964063999e-05 [-1679.662109375,-260.181640625] 39.2858911739502 35.93458220038503 9.3048751815877 8.925578213099115 21.58327039185565 19.01441255235727
92.84738926490841 -55.56791301132131 1.6484375 4.4882812 [92.84738926490841,-55.56791301132131] 50.67636781242132 1.6198539844567286 0.00028702888140756975 1.727866442577597e-05 [-1680.748046875,-261.4194335938] 39.2858911739502 35.93458220038503 9.3048751815877 8.925578213099115 21.577542279088448 19.02498253651993
92.52518428312847 -55.05181112187023 1.890625 6.875 [92.52518428312847,-55.05181112187023] 48.64047577680519 2.4225687575762294 0.0001924045417284271 1.732208377435177e-05 [-2034.836914062,-1181.423828125] 38.176902897902444 34.87601559575531 9.361006678286294 8.371848393924903 20.311907887233474 26.307432426432797
97.33491536997465 -53.751750983167106 1.9296875 7.2714844 [97.33491536997465,-53.751750983167106] 38.44517070462064 0.9680429296350284 0.0005794546458266805 2.0846001740478018e-05 [3017.006347656,-3488.18359375] 52.412755438699485 52.15056214562637 10.324027024806531 11.4405453405785 56.19964431123435 36.49172403814282
93.40793648372201 -54.28499616188967 1.765625 5.6914062 [93.40793648372201,-54.28499616188967] 2.39364242147989 0.4584231009716443 0.0010282803911129017 1.751808994337875e-05 [-1146.423828125,-2581.404296875] 38.93724660752293 39.19425434506831 10.516276725061607 9.879756261098152 27.802490941196425 35.465188604360264
