data_processed/hvc_rms/hvc_rms_index_8_with_B.ecsv
# %ECSV 1.0
# ---
# datatype:
# - {name: ra_dec_obj.ra, unit: deg, datatype: float64}
# - {name: ra_dec_obj.dec, unit: deg, datatype: float64}
# - {name: 'H-alpha flux [Error]', unit: R, datatype: float32}
# - {name: H-alpha flux, unit: R, datatype: float32}
# - {name: ra_dec_deg, datatype: string, subtype: 'float64[2]'}
# - {name: RM, unit: rad / m2, datatype: float64}
# - {name: RM_uncert, unit: rad / m2, datatype: float64}
# - {name: pol_int, datatype: float64}
# - {name: pol_int_uncert, datatype: float64}
# - {name: ra_dec_pix_offsets, datatype: string, subtype: 'float64[2]'}
# - {name: interpolation_raw, unit: rad / m2, datatype: float64}
# - {name: interpolation_cor, unit: rad / m2, datatype: float64}
# - {name: interpolation_unc, unit: rad / m2, datatype: float64}
# - {name: interpolation_cor_unc, unit: rad / m2, datatype: float64}
# - {name: HI, unit: dex(1 / cm2), datatype: float64}
# - {name: 'HI [Error]', unit: dex(1 / cm2), datatype: float64}
# - {name: pixel location x, datatype: float64}
# - {name: pixel location y, datatype: float64}
# - {name: 'B_virtual [raw]', unit: G, datatype: float64}
# - {name: 'B_virtual_unc [raw]', unit: G, datatype: float64}
# - {name: 'B_virtual [int]', unit: G, datatype: float64}
# - {name: 'B_virtual_unc [int]', unit: G, datatype: float64}
# meta: !!omap
# - __serialized_columns__:
#     ra_dec_obj:
#       __class__: astropy.coordinates.sky_coordinate.SkyCoord
#       dec: !astropy.table.SerializedColumn
#         __class__: astropy.coordinates.angles.Latitude
#         unit: &id001 !astropy.units.Unit {unit: deg}
#         value: !astropy.table.SerializedColumn {name: ra_dec_obj.dec}
#       frame: icrs
#       ra: !astropy.table.SerializedColumn
#         __class__: astropy.coordinates.angles.Longitude
#         unit: *id001
#         value: !astropy.table.SerializedColumn {name: ra_dec_obj.ra}
#         wrap_angle: !astropy.coordinates.Angle
#           unit: *id001
#           value: 360.0
#       representation_type: spherical
# schema: astropy-2.0
ra_dec_obj.ra ra_dec_obj.dec "H-alpha flux [Error]" "H-alpha flux" ra_dec_deg RM RM_uncert pol_int pol_int_uncert ra_dec_pix_offsets interpolation_raw interpolation_cor interpolation_unc interpolation_cor_unc HI "HI [Error]" "pixel location x" "pixel location y" "B_virtual [raw]" "B_virtual_unc [raw]" "B_virtual [int]" "B_virtual_unc [int]"
105.84905989749574 -53.61824790176201 4.375 31.742188 [105.84905989749574,-53.61824790176201] -4.044307664582571 1.3267464368674655 0.00038788719264555636 1.9125027720758706e-05 [2508.37109375,-3747.526367188] 49.92579721207959 56.08851873729992 16.573367273693503 17.743551654746494 0.0 0.0 22.790387588663407 35.22053414648781 -6.403487382762037e-07 1.1292038913640098e-06 -8.545266935316614e-06 2.93533167396666e-06
105.89557664893843 -53.85887154756089 3.984375 27.90625 [105.89557664893843,-53.85887154756089] -7.202030797658288 2.1911364920712004 0.00021880961770834125 1.7817408712014833e-05 [2543.396484375,-3313.217773438] 49.29625750579735 56.9112864489705 15.210666265590982 17.01860729151795 0.0 0.0 22.158507043462578 32.20404811437288 -1.1403215869786823e-06 1.164866055354499e-06 -8.945562660010226e-06 2.7659489343589716e-06
107.21763614615998 -56.10544199715279 3.546875 23.539062 [107.21763614615998,-56.10544199715279] -31.661012719923804 0.8134702303727359 0.0006227115596498235 1.882510014144467e-05 [3730.142578125,786.0922851562] 50.106057717475224 54.11013048493407 15.24982760392952 15.955992141983984 0.0 0.0 21.906575265050378 1.9423141384750124 -5.012993874154876e-06 1.1842683958962983e-06 -1.2946453318984614e-05 2.8505350343835114e-06
106.81923668161281 -54.334201696449355 3.6875 24.867188 [106.81923668161281,-54.334201696449355] -10.13104693208466 3.182753386130234 0.0001522564164568808 1.8008904537145995e-05 [3482.595458984,-2418.540039062] 47.823420400199595 57.073199477549046 13.363451937245612 16.872386001497905 0.0 0.0 26.405551104791016 24.201563701781197 -1.6040824928305762e-06 1.224124488138961e-06 -9.17612434847438e-06 2.5469633069385443e-06
108.30590814850869 -55.9702719539316 3.96875 27.625 [108.30590814850869,-55.9702719539316] -26.560058848992366 1.4478229858319636 0.00046092502290603205 2.4800158495395038e-05 [4836.419189453,610.4580078125] 51.461536784247116 50.523744047922335 15.029926660601312 14.513764034351933 0.0 0.0 29.321470555513542 0.9502464887286806 -4.205342813415609e-06 1.179741894361197e-06 -1.2353419785435078e-05 2.8107919748857912e-06
106.76578531039479 -55.185169215481196 3.5625 23.5625 [106.76578531039479,-55.185169215481196] -24.1127557266382 3.153706981572211 0.00014825986141284945 1.73761530223926e-05 [3355.322753906,-891.37109375] 53.347841696246554 56.75705806656963 15.124467084655388 16.203250067670442 0.0 0.0 22.661876386374615 14.102272968247007 -3.8178531374191975e-06 1.252634560778709e-06 -1.2264595065366966e-05 2.855713922705337e-06
104.6110153903096 -53.36401759980333 4.03125 28.171875 [104.6110153903096,-53.36401759980333] -25.856480333432838 0.6606027057640323 0.000863756483677817 2.120510228776975e-05 [1194.280273438,-4237.711914062] 48.021574511958875 50.28280476235865 14.147381047619204 15.929051906120272 0.0 0.0 15.395678237344669 41.31660146611512 -4.093942877485341e-06 1.1594767606572038e-06 -1.1697359135368744e-05 2.667302801723427e-06
104.61434167024957 -53.3471147966603 4.03125 28.171875 [104.61434167024957,-53.3471147966603] -21.63787207010022 0.4943586232103674 0.001159887627363569 2.130917975938552e-05 [1198.327148438,-4268.049804688] 48.021574511958875 50.28280476235865 14.147381047619204 15.929051906120272 0.0 0.0 15.481947861453477 41.51418205930986 -3.425996543341787e-06 1.143718697382486e-06 -1.1029412801225186e-05 2.6484996823961993e-06
104.60868820880462 -53.3483734770019 4.03125 28.171875 [104.60868820880462,-53.3483734770019] -23.841052820516627 1.2467931477689012 0.0004587499083017575 2.1255880528230325e-05 [1192.218261719,-4265.883789062] 48.021574511958875 50.28280476235865 14.147381047619204 15.929051906120272 0.0 0.0 15.43875526172485 41.51244092401839 -3.7748335089560684e-06 1.164765680819434e-06 -1.1378249766839469e-05 2.663903846654473e-06
105.23204039531791 -55.08896254723531 3.34375 21.398438 [105.23204039531791,-55.08896254723531] 15.280031441504264 0.8856699649083829 0.0004911935910328398 1.6167144193880512e-05 [1784.984375,-1121.266601562] 49.42747897683201 51.67493613747261 12.621304313793758 15.370265224115977 0.0 0.0 13.06631423244869 18.861709192888384 2.4193384049573482e-06 1.1334688955451292e-06 -5.406679401789995e-06 2.329113985959353e-06
105.24273671643553 -55.08869162090375 3.34375 21.398438 [105.24273671643553,-55.08869162090375] 21.04526352136637 2.93310797397563 0.0001483940315363835 1.6175331411279235e-05 [1796.010253906,-1121.478027344] 49.42747897683201 51.67493613747261 12.621304313793758 15.370265224115977 0.0 0.0 13.137135970871668 18.84057543989934 3.3321668528371253e-06 1.2303117509412941e-06 -4.493850953910218e-06 2.3588432612091166e-06
104.0435332760753 -55.45694342014898 3.265625 20.625 [104.0435332760753,-55.45694342014898] -8.98382968969544 0.31379916675605213 0.001386487737012103 1.616875282603803e-05 [555.7465820312,-479.0322265625] 47.28173720755441 50.18007218558938 13.613847768753857 14.552848620571064 0.0 0.0 3.986477905630295 16.98676466813413 -1.4224397557742534e-06 1.1151468195922332e-06 -8.908715102605337e-06 2.5247918947592185e-06
107.45262902453068 -55.327735859182184 3.9375 27.40625 [107.45262902453068,-55.327735859182184] -20.207436651485096 1.4169472209073208 0.0003489138774584302 1.8373023056391786e-05 [4045.229736328,-598.45703125] 49.274568059499 52.21122880613606 13.89832286574635 14.6204647956472 0.0 0.0 26.51933031470037 10.724870093279605 -3.199510926652106e-06 1.15883301261908e-06 -1.1001317837220522e-05 2.622931025870873e-06
106.97663883447703 -53.466823704668975 4.75 35.453125 [106.97663883447703,-53.466823704668975] -2.590908338066125 2.13968931158392 0.0002599624457450236 2.0671406842758754e-05 [3723.997802734,-3969.004882812] 50.91273290498093 58.83027240227806 16.455576901689724 18.600426853428402 18.031902313232422 9.015951156616211 30.975357298771883 34.18367855250153 -4.1022716936179974e-07 1.15941031860054e-06 -8.471410190476704e-06 2.929404175802855e-06
108.04155736266549 -55.0472870648305 3.984375 27.828125 [108.04155736266549,-55.0472870648305] -7.282749590230408 0.26170161713524986 0.0022015202465718595 2.141104150312547e-05 [4679.443603516,-1065.26171875] 55.17553091064573 54.56359059719298 16.10217852081116 15.439422158753342 18.083955764770508 9.041977882385254 31.461274049466738 12.614858260442134 -1.1531020629625908e-06 1.112858114822825e-06 -9.889228127693718e-06 2.8884351804633028e-06
103.96345509945262 -54.15591432912319 3.421875 22.148438 [103.96345509945262,-54.15591432912319] 0.058495156540202965 2.984833349273774 0.00014486021769233336 1.6068595752196347e-05 [489.498046875,-2821.075195312] 43.71143151846418 45.899474128420266 12.717743736277331 13.999995457194668 0.0 0.0 8.103084666120253 33.15585640309973 9.261733476365999e-09 1.2048870806322273e-06 -6.9117151907617245e-06 2.4095462182409065e-06
105.52918242574955 -54.69560623212848 3.328125 21.289062 [105.52918242574955,-54.69560623212848] 44.67185990167934 0.7593360840391321 0.0005784043997524028 1.6322035920109634e-05 [2111.428710938,-1820.630859375] 50.39001067514401 52.57566618150945 13.453928063580905 15.532452153306277 0.0 0.0 16.496253330414675 22.958504406755992 7.073044757450271e-06 1.2475580164523847e-06 -9.053739074124397e-07 2.405362745258022e-06
103.9698866601158 -56.28140272077497 3.125 19.320312 [103.9698866601158,-56.28140272077497] -1.583487271050788 2.0172203346113373 0.00021346934070863596 1.6002857918654697e-05 [470.5083007812,1004.393554688] 50.982408138565965 50.34651600970011 14.454002856876809 14.864258232839063 0.0 0.0 0.6336124840956927 6.964419377834702 -2.50718827594057e-07 1.15360689800694e-06 -8.322933761119088e-06 2.6461342144846957e-06
105.25160998075141 -53.22344599096806 4.21875 30.296875 [105.25160998075141,-53.22344599096806] -9.999517750986167 1.6779117428776862 0.00036826179717822056 2.2963309796584924e-05 [1888.333007812,-4476.232421875] 50.11858124932567 55.200239664921696 14.673393229667354 16.79927054070972 17.95866584777832 8.97933292388916 20.288273420954056 41.4637714099988 -1.5832570383527907e-06 1.146600845382195e-06 -9.518699375802055e-06 2.6952746536024807e-06
104.43478388070612 -55.369987611306364 3.109375 19.09375 [104.43478388070612,-55.369987611306364] -22.110514834934406 0.28864277313854664 0.0015223058961834931 1.6329441115905128e-05 [957.1430664062,-631.279296875] 46.95680537059757 50.241800217296124 13.00013937317671 14.535021054194292 0.0 0.0 6.841194594472199 17.20743145855613 -3.5008316506624825e-06 1.1433736000296215e-06 -1.0935659454656207e-05 2.4933559823796405e-06
107.23728938755352 -54.80530920114145 3.859375 26.554688 [107.23728938755352,-54.80530920114145] -0.9223720361936139 1.2018047323087235 0.0004115483971277271 1.838076266932024e-05 [3875.471679688,-1549.623535156] 46.276324708735515 52.81013476161796 14.99995165183703 16.82360021764303 0.0 0.0 27.242620138346638 17.51539598070849 -1.4604224470118194e-07 1.124608916102698e-06 -7.473127273074569e-06 2.6935511673255905e-06
105.12691498421991 -53.98913965143323 3.65625 24.53125 [105.12691498421991,-53.98913965143323] -9.70032593046604 0.36806917766773367 0.0012192042543337936 1.6676873077696044e-05 [1722.515625,-3102.579101562] 45.497572184294455 51.350011094387995 12.80040177378511 15.89045002824757 0.0 0.0 16.512725326107102 32.487018683830456 -1.5358849982752222e-06 1.1165050380093348e-06 -8.739667538852662e-06 2.412083613581432e-06
105.12713644105234 -53.99032995444677 3.65625 24.53125 [105.12713644105234,-53.99032995444677] -10.323653952770837 0.41122944321474064 0.0010922350650798423 1.6692024746258613e-05 [1722.700683594,-3100.432617188] 45.497572184294455 51.350011094387995 12.80040177378511 15.89045002824757 0.0 0.0 16.509688681811213 32.47203713956833 -1.634578605616363e-06 1.117760166380689e-06 -8.838361146193806e-06 2.41451101179372e-06
104.62924954251163 -54.3472974900569 3.234375 20.320312 [104.62924954251163,-54.3472974900569] -78.03969061439994 2.9334037501618737 0.00014781002486469872 1.6113297890594987e-05 [1185.694824219,-2468.684570312] 44.61027364856932 49.27794505735236 13.677118916846617 15.33739738973447 0.0 0.0 11.849477602700517 29.292018188945576 -1.2356284824229408e-05 1.5495188428996346e-06 -1.9419578424560868e-05 2.9150042422249194e-06
104.4104994794641 -55.805736486733174 3.15625 19.617188 [104.4104994794641,-55.805736486733174] -35.43754030809451 1.4927873607245596 0.00028983378768836134 1.607887522037564e-05 [922.0234375,152.6665039062] 51.3717148428422 53.72579995596102 14.31679736073077 15.777283925442639 0.0 0.0 5.12581580238907 11.904464393201351 -5.610944098695963e-06 1.2172022808261798e-06 -1.374479926277736e-05 2.7580421317802005e-06
105.6690751610068 -55.82804101777212 3.3125 21.046875 [105.6690751610068,-55.82804101777212] -13.748786833866486 0.18607946695210495 0.0024348921629056526 1.683785977054332e-05 [2193.457519531,221.0649414062] 49.24070156543382 55.05278466990757 14.641385815936772 15.49691619652197 0.0 0.0 13.126994743328964 8.864980792248843 -2.1768913327229724e-06 1.1220387861995143e-06 -9.973336048190754e-06 2.688272853573887e-06
104.23931125186624 -55.316150718240124 3.171875 19.765625 [104.23931125186624,-55.316150718240124] -12.87215137987824 1.1814891809303367 0.0003688906871926071 1.6197058235163695e-05 [758.2451171875,-730.591796875] 46.21892922487344 48.78395907719316 13.808730954940046 14.350034651279984 0.0 0.0 5.760873811849251 18.29593405820333 -2.0380907138171654e-06 1.1355312334522854e-06 -9.356088123561611e-06 2.5675451787045546e-06
106.90836331969427 -54.33652872534279 3.75 25.445312 [106.90836331969427,-54.33652872534279] -15.80949239013105 0.8069992140108837 0.000606404781504905 1.8186303393903152e-05 [3575.770507812,-2409.822265625] 48.088072722495525 57.713301308517444 13.220400012767179 16.915650974306367 0.0 0.0 26.983574912385734 23.951580285762475 -2.503169725059124e-06 1.1331371020501887e-06 -1.0117114866683905e-05 2.5035661715400422e-06
107.94585428509541 -56.00852971736323 3.84375 26.507812 [107.94585428509541,-56.00852971736323] -56.04064274162735 2.217412815639988 0.00026220023272995746 2.1606694390463274e-05 [4470.486328125,655.0083007812] 48.978967644872704 49.16326897984973 16.000384970248355 15.698918221157578 0.0 0.0 26.893545108583112 1.3697466601574888 -8.873102109923789e-06 1.3583478328717679e-06 -1.662810561970311e-05 3.08263548680361e-06
105.49604033479737 -54.003826215000345 3.46875 22.664062 [105.49604033479737,-54.003826215000345] 5.575646508525508 2.6647880902119825 0.00017131335446889424 1.6965341296587316e-05 [2112.216308594,-3065.961914062] 46.88464725695925 53.708577016735845 12.988061465281769 15.885041446788785 0.0 0.0 18.924722842919323 31.424619508529304 8.828107312594726e-07 1.1879848084319822e-06 -6.540592037633845e-06 2.4297109736297945e-06
106.27131652718091 -55.58233268311189 3.5 23.023438 [106.27131652718091,-55.58233268311189] -8.50149362337712 0.398738163281172 0.0011666125277744854 1.7287139756396935e-05 [2819.434082031,-199.1713867188] 48.06592894824788 55.930083686973035 15.129132021655858 15.559937500417472 0.0 0.0 17.923316470840632 10.472997223971333 -1.3460698756593283e-06 1.115232968744739e-06 -8.956508919559566e-06 2.733735906819403e-06
104.8830643698715 -54.43452474227199 3.25 20.507812 [104.8830643698715,-54.43452474227199] -5.255200854489251 0.9038500659672049 0.0004825888706822548 1.6209977026253887e-05 [1448.84375,-2306.924804688] 45.98999587455962 50.175031447754705 13.545870355890102 15.276962535539129 0.0 0.0 13.211959696950203 27.641291090734057 -8.320735007452878e-07 1.1194741687090669e-06 -8.113823128624224e-06 2.502298408305392e-06
106.0525817459662 -55.24469755425855 3.46875 22.695312 [106.0525817459662,-55.24469755425855] 8.646993165068643 0.44650223943939815 0.0010265312599561664 1.7033524662598714e-05 [2619.416992188,-815.03515625] 51.2510434621682 53.99279415354231 14.08597578742506 14.906606532972813 0.0 0.0 17.81232589455135 15.07310282606295 1.3691073039830585e-06 1.1158623164502743e-06 -6.745641557420792e-06 2.5480847419157335e-06
106.04143526837298 -55.237442068791246 3.46875 22.695312 [106.04143526837298,-55.237442068791246] 8.360227807591738 0.1756031269526013 0.002590646529135825 1.6906320960019024e-05 [2608.466308594,-828.505859375] 51.2510434621682 53.99279415354231 14.08597578742506 14.906606532972813 0.0 0.0 17.767990763913303 15.187071359913261 1.3237027872966123e-06 1.1136236021573934e-06 -6.791046074107238e-06 2.5480115858125862e-06
106.07003764147387 -55.250537883928565 3.46875 22.695312 [106.07003764147387,-55.250537883928565] 9.77034114415806 0.742254071405593 0.00061587386212236 1.698842293860018e-05 [2636.923828125,-803.8686523438] 51.2510434621682 53.99279415354231 14.08597578742506 14.906606532972813 0.0 0.0 17.90295828994988 14.961532504554498 1.546970740871032e-06 1.1212551890338984e-06 -6.567778120532818e-06 2.5469017967460885e-06
107.20739746129853 -53.84732419383317 4.3125 30.976562 [107.20739746129853,-53.84732419383317] 1.4460249945873245 2.1670069121101982 0.00023520179986239218 1.894129380303153e-05 [3935.102050781,-3272.704101562] 47.75922850848422 58.659977512538724 15.273250782554245 18.515182421424097 0.0 0.0 30.95532007784027 29.04695681886892 2.2895396631389057e-07 1.160368689543359e-06 -7.332924172749328e-06 2.7442920314097333e-06
107.20452887374418 -53.83968333971469 4.3125 30.976562 [107.20452887374418,-53.83968333971469] 17.20933317130809 3.157194116668642 0.0001602380344516595 1.8800768293842435e-05 [3932.779785156,-3286.59375] 47.75922850848422 58.659977512538724 15.273250782554245 18.515182421424097 0.0 0.0 30.96764078016895 29.14552328337095 2.724811190634125e-06 1.23483788309179e-06 -4.837066948429094e-06 2.733667029038841e-06
