data_processed/hvc_rms/hvc_rms_index_18_with_B.ecsv
# %ECSV 1.0
# ---
# datatype:
# - {name: ra_dec_obj.ra, unit: deg, datatype: float64}
# - {name: ra_dec_obj.dec, unit: deg, datatype: float64}
# - {name: 'H-alpha flux [Error]', unit: R, datatype: float32}
# - {name: H-alpha flux, unit: R, datatype: float32}
# - {name: ra_dec_deg, datatype: string, subtype: 'float64[2]'}
# - {name: RM, unit: rad / m2, datatype: float64}
# - {name: RM_uncert, unit: rad / m2, datatype: float64}
# - {name: pol_int, datatype: float64}
# - {name: pol_int_uncert, datatype: float64}
# - {name: ra_dec_pix_offsets, datatype: string, subtype: 'float64[2]'}
# - {name: interpolation_raw, unit: rad / m2, datatype: float64}
# - {name: interpolation_cor, unit: rad / m2, datatype: float64}
# - {name: interpolation_unc, unit: rad / m2, datatype: float64}
# - {name: interpolation_cor_unc, unit: rad / m2, datatype: float64}
# - {name: HI, unit: dex(1 / cm2), datatype: float64}
# - {name: 'HI [Error]', unit: dex(1 / cm2), datatype: float64}
# - {name: pixel location x, datatype: float64}
# - {name: pixel location y, datatype: float64}
# - {name: 'B_virtual [raw]', unit: G, datatype: float64}
# - {name: 'B_virtual_unc [raw]', unit: G, datatype: float64}
# - {name: 'B_virtual [int]', unit: G, datatype: float64}
# - {name: 'B_virtual_unc [int]', unit: G, datatype: float64}
# meta: !!omap
# - __serialized_columns__:
#     ra_dec_obj:
#       __class__: astropy.coordinates.sky_coordinate.SkyCoord
#       dec: !astropy.table.SerializedColumn
#         __class__: astropy.coordinates.angles.Latitude
#         unit: &id001 !astropy.units.Unit {unit: deg}
#         value: !astropy.table.SerializedColumn {name: ra_dec_obj.dec}
#       frame: icrs
#       ra: !astropy.table.SerializedColumn
#         __class__: astropy.coordinates.angles.Longitude
#         unit: *id001
#         value: !astropy.table.SerializedColumn {name: ra_dec_obj.ra}
#         wrap_angle: !astropy.coordinates.Angle
#           unit: *id001
#           value: 360.0
#       representation_type: spherical
# schema: astropy-2.0
ra_dec_obj.ra ra_dec_obj.dec "H-alpha flux [Error]" "H-alpha flux" ra_dec_deg RM RM_uncert pol_int pol_int_uncert ra_dec_pix_offsets interpolation_raw interpolation_cor interpolation_unc interpolation_cor_unc HI "HI [Error]" "pixel location x" "pixel location y" "B_virtual [raw]" "B_virtual_unc [raw]" "B_virtual [int]" "B_virtual_unc [int]"
[from data line 983]
173.18302947616542 -54.019805891922985 3.84375 26.398438 [173.18302947616542,-54.019805891922985] 6.243205720540191 1.6450352839477982 0.0003089018386013844 1.888445318018627e-05 [-2448.551757812,-3026.669921875] -13.022116083331078 2.2884343836400634 22.813761443704625 33.90029424742023 19.208860397338867 9.604430198669434 105.02617757682788 104.79750117450453 1.0314861694657691e-06 1.1890522058991173e-06 3.1829662324952383e-06 3.9549565419304446e-06
176.9363404999054 -56.167167542807604 5.03125 38.265625 [176.9363404999054,-56.167167542807604] -68.52237800703843 0.17140732126352717 0.0026975802270413885 1.7183532183726965e-05 [1440.333984375,812.0961914062] -0.3624896408994298 -2.2675416384147304 35.08942532289961 36.92569253102967 0.0 0.0 87.30667857864933 72.76336837632334 -1.1321088616482427e-05 1.2773039880851074e-06 -1.1261199023235126e-05 5.936165911612917e-06
176.93794264622062 -56.16498570463742 5.03125 38.265625 [176.93794264622062,-56.16498570463742] -73.54774307724449 0.27695586856009935 0.0016719154563647604 1.7208126420156602e-05 [1442.020996094,808.203125] -0.3624896408994298 -2.2675416384147304 35.08942532289961 36.92569253102967 0.0 0.0 87.33468667429997 72.75939504265489 -1.21513663293215e-05 1.2951348782656604e-06 -1.20914767360742e-05 5.940009017645258e-06
176.04086318140452 -54.89519884030586 4.1875 29.984375 [176.04086318140452,-54.89519884030586] 37.84706885195087 1.3181050916932817 0.0003514705591857751 1.7216612040535504e-05 [560.8569335938,-1490.112792969] -11.607383098970688 2.29048439870638 26.45821188043876 35.68329729389355 18.028228759765625 9.014114379882812 100.54170378573326 82.55592461953438 6.252994026317015e-06 1.2142498313301258e-06 8.170735594705222e-06 4.543834574329878e-06
177.5764008872966 -57.07897569507804 5.1875 39.796875 [177.5764008872966,-57.07897569507804] 144.2847173695024 2.2331149632526723 0.0002186365195457798 1.8144394924784472e-05 [2031.833007812,2468.634521484] 12.478731917788274 -9.23725878572196 34.19670052275642 31.14356557430773 0.0 0.0 77.70163008314148 66.00371234673707 2.383834476930257e-05 1.6653775338846513e-06 2.177664122118435e-05 5.871935320477706e-06
175.65980545540558 -53.74820316955549 3.40625 22.101562 [175.65980545540558,-53.74820316955549] -61.694440545609986 2.554964015602425 0.0002021755209214406 1.9196500379390707e-05 [171.0971679688,-3556.0390625] -23.71897187412401 -6.502367480723236 23.348666589917567 29.194893926521395 19.393444061279297 9.696722030639648 113.1232489841343 88.79130138178971 -1.0192994593524095e-05 1.3241522451917122e-06 -6.27420790968732e-06 4.0604059801096995e-06
179.38211061927817 -55.70468144612469 4.3125 31.226562 [179.38211061927817,-55.70468144612469] 161.38351209253418 0.8529269913479586 0.0006127985460215791 1.9423982917947674e-05 [3935.323242188,74.90234375] -10.317665394826717 -1.0304773071149889 30.86567315105896 34.55370660587395 0.0 0.0 96.44336947648048 57.933536546121786 2.6663363046902347e-05 1.7272946095865201e-06 2.836802081925884e-05 5.404025401507766e-06
178.7307890852385 -53.91484812011973 3.515625 23.117188 [178.7307890852385,-53.91484812011973] 18.37765916468974 2.8489126278101202 0.0001910758375073122 2.022989390918809e-05 [3424.391845703,-3176.659179688] -21.52576003979463 -14.623629029402554 21.3188351971447 25.271246529676667 0.0 0.0 116.45930559665635 67.00230218998854 3.0363089259043535e-06 1.257051661411083e-06 6.592738869456802e-06 3.750293319279416e-06
172.50553912187252 -54.92206943954833 4.5 33.03125 [172.50553912187252,-54.92206943954833] 60.93015647704461 2.5607422342236648 0.00019211881990731627 1.828287448710371e-05 [-3095.186523438,-1377.061035156] 2.263182476160987 -3.6421323981424845 26.72005092736541 26.896718140490627 18.362491607666016 9.181245803833008 93.27205105534767 105.98205033114323 1.0066721572650453e-05 1.3222459928935435e-06 9.692804465377019e-06 4.606547422224638e-06
179.72250358900982 -57.67853165435639 4.34375 31.554688 [179.72250358900982,-57.67853165435639] 267.7371229616502 1.8957214908802116 0.0003272410233515952 2.305424896227451e-05 [4061.077880859,3640.651611328] 18.973546724414756 -7.526393352198035 35.70633298186568 24.70553714486191 0.0 0.0 73.72576156317609 50.83218208353128 4.4234829308748596e-05 2.431319493514623e-06 4.11000693940532e-05 6.332556206575882e-06
171.58726531991877 -57.70458225135462 5.21875 40.046875 [171.58726531991877,-57.70458225135462] -125.39726533440934 0.36311417263734946 0.0015921392371983179 2.1484880806083035e-05 [-3759.001953125,3669.964111328] 27.426599524018638 45.103944522776516 30.874598717287483 33.744946574144656 0.0 0.0 59.66903403878155 101.16564572820812 -2.071780919467779e-05 1.5241157786905493e-06 -2.524916045088049e-05 5.368405315916719e-06
171.59376491888838 -57.69467163731739 5.25 40.515625 [171.59376491888838,-57.69467163731739] -120.22574875957102 0.8481683153843338 0.000671232818721775 2.1157479573076594e-05 [-3753.79296875,3651.81237793] 25.11063284608251 41.53471361933866 30.227223986255517 32.55161598206304 0.0 0.0 59.795048961386556 101.16466481855468 -1.986338471134567e-05 1.5032154687312826e-06 -2.401209799209687e-05 5.255157416471158e-06
171.59307836875223 -57.70202635773794 5.21875 40.046875 [171.59307836875223,-57.70202635773794] -142.66636901132532 0.3978388922733745 0.0014472711934989462 2.139763909341223e-05 [-3753.689453125,3665.05871582] 27.426599524018638 45.103944522776516 30.874598717287483 33.744946574144656 0.0 0.0 59.71010965651635 101.14025330630557 -2.357096547354346e-05 1.6163799678132371e-06 -2.8102316729746152e-05 5.400803203591255e-06
173.06858780260987 -56.11282741621711 9.5 82.71875 [173.06858780260987,-56.11282741621711] 121.52243771247153 0.01570848980010799 0.03080252282081083 1.798164525341062e-05 [-2438.44921875,742.1557617188] 8.775330135656395 -8.501149944826237 38.41220642104745 26.029531778349746 18.858943939208984 9.429471969604492 80.84673304794683 97.9174954284615 2.007762027891883e-05 1.5031961575906327e-06 1.8627783116314075e-05 6.5121106257995065e-06
173.07282983011754 -56.11021029173576 9.5 82.71875 [173.07282983011754,-56.11021029173576] 122.40508967744776 0.0915938941002229 0.00525719279625883 1.789489401920149e-05 [-2434.361328125,737.298828125] 8.775330135656395 -8.501149944826237 38.41220642104745 26.029531778349746 18.858943939208984 9.429471969604492 80.8852529494377 97.89987292505543 2.0223449734983266e-05 1.5077346628142212e-06 1.8773612572378518e-05 6.5130854984633415e-06
170.49111969703955 -55.30302418407913 5.4375 42.265625 [170.49111969703955,-55.30302418407913] 5.135635950463565 3.1359081974029737 0.0002370874361271514 2.762998083986544e-05 [-5124.689453125,-572.998046875] 11.038869007805202 -4.800841932619207 30.044282648847634 20.17372179388972 0.0 0.0 84.44608906143935 117.6225619735078 8.484963801346606e-07 1.2679210275455054e-06 -9.75316772559301e-07 5.123264665744798e-06
170.81834408926716 -56.291252122329844 5.78125 45.890625 [170.81834408926716,-56.291252122329844] 68.72883488335685 0.25673630867040376 0.0023502796406542842 2.2424126480674073e-05 [-4670.53125,1178.331054688] 16.630053181466167 0.7081267569095573 41.934453800154806 21.989813296296955 0.0 0.0 74.02878187101237 111.51869955341249 1.1355198883234158e-05 1.2783864647860575e-06 8.607624860849013e-06 7.036346312172842e-06
170.33012416683584 -54.73532112886369 4.84375 36.4375 [170.33012416683584,-54.73532112886369] 32.09370838262158 2.8299983394315746 0.0002687942963943891 2.826929207530382e-05 [-5364.443359375,-1579.875] 1.4883955162601024 -5.9244924707250455 29.853137600898457 25.772168568542067 0.0 0.0 90.47075261818327 121.0062496194862 5.302438811943785e-06 1.2729767892632092e-06 5.056529985863276e-06 5.093310100026506e-06
172.48808304180045 -57.93470003013178 6.21875 50.3125 [172.48808304180045,-57.93470003013178] 176.56158859693562 1.4715834933638472 0.00042916315141680703 2.347015926313769e-05 [-2875.84375,4040.26550293] 41.725950224735364 50.993265922950755 34.63557314985359 39.86796706763522 17.418516159057617 8.709258079528809 58.87426057388234 94.81986279950638 2.917104526885367e-05 1.8284043630427262e-06 2.2277192576633304e-05 5.939499113737693e-06
172.49484216561706 -57.93267439900297 6.21875 50.3125 [172.49484216561706,-57.93267439900297] 168.68805479660293 0.643899250324043 0.0009729191530634096 2.328109353583937e-05 [-2869.555664062,4036.345458984] 41.725950224735364 50.993265922950755 34.63557314985359 39.86796706763522 17.418516159057617 8.709258079528809 58.91072857723657 94.78641472331492 2.787020054526162e-05 1.767920472975103e-06 2.097634785304125e-05 5.92462276201254e-06
172.47331243357633 -57.757183088710796 5.75 45.40625 [172.47331243357633,-57.757183088710796] 139.5359499822822 1.5617647989549248 0.0003785392740177269 2.1970264122619078e-05 [-2904.22265625,3721.880249023] 33.79018941904402 44.18559543478959 32.83019080264612 35.992691159985085 0.0 0.0 60.869934473926605 95.57209362481467 2.3053765804394793e-05 1.6185753492334877e-06 1.74710388193297e-05 5.614567099520039e-06
177.1458282393777 -55.93894958258829 4.71875 35.28125 [177.1458282393777,-55.93894958258829] -42.27700257676225 1.7448370463325593 0.0002630291588324898 1.7055618487849604e-05 [1659.991699219,406.0927734375] -3.417096373029243 -0.9746075300793944 35.26893621861641 37.49821513896526 0.0 0.0 90.30491528928155 72.06617979823864 -6.9848961249070865e-06 1.2378379058782764e-06 -6.420332372520223e-06 5.955614710140801e-06
176.8720548377456 -56.7882995493284 5.78125 45.6875 [176.8720548377456,-56.7882995493284] 68.71851475522293 2.7799018128574917 0.00016975482644686763 1.7537201453787498e-05 [1353.608886719,1928.506347656] 11.922941484337784 1.8214029451553966 36.90758119327675 36.585905592522806 0.0 0.0 79.976901516839 71.33889424421227 1.1353493818574468e-05 1.357692802425018e-06 9.383616516600832e-06 6.239610952895207e-06
175.7904357330408 -56.91604999954943 8.3125 71.125 [175.7904357330408,-56.91604999954943] 93.48117247163731 3.2459589649901868 0.00014567260728843472 1.7572340977143138e-05 [286.3696289062,2145.626708984] 9.89770003360521 -9.172899570235922 34.982758547201044 30.03312828253323 0.0 0.0 76.69086759557649 77.83688796077968 1.5444715555776202e-05 1.4733524311494493e-06 1.3809443365305874e-05 5.955415354968188e-06
173.6884461311798 -56.209495553159606 9.5625 83.4375 [173.6884461311798,-56.209495553159606] 317.82313053889703 3.177616179585112 0.00014694476147527363 1.7352587761756687e-05 [-1812.215820312,897.0639648438] 20.704530350034478 -0.5387608105785651 39.983420244228945 30.937185806666278 19.120281219482422 9.560140609741211 80.97364905026006 93.60100583124336 5.250990887720108e-05 2.8142514419920757e-06 4.90891603615656e-05 7.124866324360656e-06
175.23153661833567 -57.43117901870687 9.0625 78.53125 [175.23153661833567,-57.43117901870687] 172.22788741487648 1.377608174594562 0.0003549358644328074 1.817122889852511e-05 [-259.1298828125,3072.465332031] 41.384050642790314 -3.3592153126116298 38.44673816835336 24.140654513258838 0.0 0.0 69.76463756902899 79.70165344834118 2.8455042460042705e-05 1.8003825320654264e-06 2.1617677525219494e-05 6.542710749770297e-06
178.683181878054 -54.23527922040207 3.921875 27.234375 [178.683181878054,-54.23527922040207] 78.17294381277917 1.4038568241128557 0.0003767198680470726 1.9653959007844765e-05 [3348.063476562,-2603.051757812] -20.430009169631546 -7.446980677898683 20.840778528804016 28.34949653946957 0.0 0.0 112.63442808031846 66.47966325121956 1.2915529934248189e-05 1.3314998423188498e-06 1.629092277629447e-05 3.722152313397604e-06
170.21098350161114 -55.953887893204325 6.21875 50.234375 [170.21098350161114,-55.953887893204325] 163.77867569737447 2.1637603281736215 0.00033050571665272727 2.6576441678986615e-05 [-5321.428710938,616.4331054688] 14.487233764042873 -4.034216898401137 30.60286623425071 16.922388254244552 0.0 0.0 76.457674454889 116.73113239971235 2.705908573210433e-05 1.7720370388946426e-06 2.4665542746284735e-05 5.331166777981891e-06
175.11671425368397 -55.67148208107324 5.0625 38.6875 [175.11671425368397,-55.67148208107324] -11.714469691280245 1.8779706100765965 0.00024336474304678595 1.6984593433687873e-05 [-388.0654296875,-93.96337890625] 3.063117691349243 -5.504662056808392 31.52077629128812 33.32540590640488 0.0 0.0 89.88226906688806 86.18848211739896 -1.935434135932334e-06 1.2009913727688178e-06 -2.4415144535610925e-06 5.344943807357851e-06
175.12702954807867 -55.67784121048657 5.0625 38.6875 [175.12702954807867,-55.67784121048657] -13.413176642527855 2.5829330192817763 0.00017729979179141164 1.7018844607941602e-05 [-377.533203125,-82.57421875] 3.063117691349243 -5.504662056808392 31.52077629128812 33.32540590640488 0.0 0.0 89.827872376806 86.10007022303944 -2.216090068896796e-06 1.237290371796677e-06 -2.722170386525554e-06 5.353277617601268e-06
171.97215263413634 -55.48253623621221 5.90625 46.96875 [171.97215263413634,-55.48253623621221] -88.62031914878659 0.4080804174210132 0.0012657324617986975 1.91953650760983e-05 [-3595.072265625,-343.626953125] 3.626813236094634 -9.234410308227211 34.3865198394426 23.847139142404078 17.60100555419922 8.80050277709961 85.73822555885977 107.3368307949113 -1.4641618044857018e-05 1.3536765406526695e-06 -1.5240830670505259e-05 5.843801125627796e-06
171.9713593807616 -55.489799563406635 5.90625 46.96875 [171.9713593807616,-55.489799563406635] -98.34984757227348 0.49924341025299385 0.0010310686107676866 1.9129719850378083e-05 [-3595.216796875,-330.5288085938] 3.626813236094634 -9.234410308227211 34.3865198394426 23.847139142404078 17.60100555419922 8.80050277709961 85.6538932480446 107.31405523917738 -1.6249105360425157e-05 1.3958076245409938e-06 -1.6848317986073398e-05 5.854080353700356e-06
175.28207403713512 -56.575511799203014 5.3125 41.0625 [175.28207403713512,-56.575511799203014] -45.67329435195123 1.3391108832895533 0.0003453374790014172 1.7185768491118657e-05 [-215.0747070312,1532.498046875] 9.197286228853484 -7.884005669451927 33.913264026199286 31.50803045474155 0.0 0.0 79.740456386289 82.16387426849519 -7.546022595888515e-06 1.231559213707016e-06 -9.065574243925432e-06 5.74184365406465e-06
170.21791032921007 -57.61547474433526 5.78125 45.859375 [170.21791032921007,-57.61547474433526] -148.4618724714367 1.9640290125477293 0.0003562802977211062 2.6004494058843967e-05 [-5084.134765625,3597.361572266] 48.927508010705814 75.23202684496033 36.422245400608794 45.67737241552303 0.0 0.0 57.747366014491945 109.82328055884273 -2.4528483442962325e-05 1.678989089343554e-06 -3.261215873391557e-05 6.331422365888476e-06
174.36738576913322 -56.421649869710336 5.71875 45.09375 [174.36738576913322,-56.421649869710336] 51.74465165778041 1.3854957240545756 0.00033395023208827136 1.719474116003992e-05 [-1126.487304688,1264.44140625] 23.22561473453152 -0.10040161370712042 37.62852555230053 31.608913625137927 0.0 0.0 79.83911003599928 88.52059631177872 8.549116418384866e-06 1.2478448404206073e-06 4.711840914681493e-06 6.331698503266202e-06
177.45045465832035 -55.03428642036256 4.25 30.34375 [177.45045465832035,-55.03428642036256] -0.6754808501106402 2.4247033930934836 0.00019341685733532772 1.7428565619405537e-05 [2012.612792969,-1213.664550781] -19.58525648309915 0.531419261207688 27.13557420974094 34.790888113146046 17.93699073791504 8.96849536895752 101.34051170901375 72.66707119593207 -1.1160118468238135e-07 1.223950138218228e-06 3.1242238212584124e-06 4.6497366438447855e-06
177.24743643387757 -57.09584051179099 4.78125 35.671875 [177.24743643387757,-57.09584051179099] 229.55358194055572 0.2106167367946977 0.0022631017748834066 1.7713552470194716e-05 [1709.419921875,2490.100585938] 9.915688949320398 -10.474310837778862 34.587729814700815 32.36506714260765 0.0 0.0 76.99482043306989 68.04604631178267 3.792624422802504e-05 2.15147755025093e-06 3.6287999955807854e-05 6.083272704718795e-06
