data_processed/hvc_rms/hvc_rms_index_17_with_B.ecsv
# %ECSV 1.0
# ---
# datatype:
# - {name: ra_dec_obj.ra, unit: deg, datatype: float64}
# - {name: ra_dec_obj.dec, unit: deg, datatype: float64}
# - {name: 'H-alpha flux [Error]', unit: R, datatype: float32}
# - {name: H-alpha flux, unit: R, datatype: float32}
# - {name: ra_dec_deg, datatype: string, subtype: 'float64[2]'}
# - {name: RM, unit: rad / m2, datatype: float64}
# - {name: RM_uncert, unit: rad / m2, datatype: float64}
# - {name: pol_int, datatype: float64}
# - {name: pol_int_uncert, datatype: float64}
# - {name: ra_dec_pix_offsets, datatype: string, subtype: 'float64[2]'}
# - {name: interpolation_raw, unit: rad / m2, datatype: float64}
# - {name: interpolation_cor, unit: rad / m2, datatype: float64}
# - {name: interpolation_unc, unit: rad / m2, datatype: float64}
# - {name: pixel location x, datatype: float64}
# - {name: pixel location y, datatype: float64}
# - {name: 'B_virtual [raw]', unit: G, datatype: float64}
# - {name: 'B_virtual_unc [raw]', unit: G, datatype: float64}
# - {name: 'B_virtual [int]', unit: G, datatype: float64}
# - {name: 'B_virtual_unc [int]', unit: G, datatype: float64}
# - {name: 'B_virtual [cor]', unit: G, datatype: float64}
# - {name: 'B_virtual_unc [cor]', unit: G, datatype: float64}
# meta: !!omap
# - __serialized_columns__:
#     ra_dec_obj:
#       __class__: astropy.coordinates.sky_coordinate.SkyCoord
#       dec: !astropy.table.SerializedColumn
#         __class__: astropy.coordinates.angles.Latitude
#         unit: &id001 !astropy.units.Unit {unit: deg}
#         value: !astropy.table.SerializedColumn {name: ra_dec_obj.dec}
#       frame: icrs
#       ra: !astropy.table.SerializedColumn
#         __class__: astropy.coordinates.angles.Longitude
#         unit: *id001
#         value: !astropy.table.SerializedColumn {name: ra_dec_obj.ra}
#         wrap_angle: !astropy.coordinates.Angle
#           unit: *id001
#           value: 360.0
#       representation_type: spherical
# schema: astropy-2.0
ra_dec_obj.ra ra_dec_obj.dec "H-alpha flux [Error]" "H-alpha flux" ra_dec_deg RM RM_uncert pol_int pol_int_uncert ra_dec_pix_offsets interpolation_raw interpolation_cor interpolation_unc "pixel location x" "pixel location y" "B_virtual [raw]" "B_virtual_unc [raw]" "B_virtual [int]" "B_virtual_unc [int]" "B_virtual [cor]" "B_virtual_unc [cor]"
[from data line 146]
144.62893651053852 -64.10537726291145 3.484375 22.804688 [144.62893651053852,-64.10537726291145] -18.532064258356595 0.31183945294814086 0.002131102716216785 2.4696996812235682e-05 [-4971.720703125,-1186.497070312] 38.6310203865027 46.04087046670358 22.339831899062922 61.57718081836924 59.68568374136635 -1.0250861574813292e-06 4.060359669016279e-07 -3.161929829913892e-06 1.3477879339866365e-06 -3.5717996987171326e-06 1.3619823756025212e-06
149.1475524096496 -66.26741784923898 3.34375 21.484375 [149.1475524096496,-66.26741784923898] -33.468374310429056 0.23084594026601485 0.0020559890570788866 1.7638097675241006e-05 [-1317.401855469,2474.504150391] 27.850527626062807 47.4258501303182 23.887877987925368 56.552549969903794 25.143044976917963 -1.9073126518459597e-06 4.591360937432991e-07 -3.494472613936572e-06 1.478310221304779e-06 -4.610040998884894e-06 1.5209814224976436e-06
144.92392011178475 -66.29766844684445 2.828125 16.273438 [144.92392011178475,-66.29766844684445] -49.899674416018485 0.09568389001545945 0.005881619791575996 2.091435488749538e-05 [-4364.041015625,2718.655029297] 31.27888223106494 32.6422844260074 20.321193313935666 43.078246706204254 40.662016878813574 -3.2674330380091463e-06 6.141828561143594e-07 -5.315575724105925e-06 1.5565758992385113e-06 -5.404851364237538e-06 1.5613799182622657e-06
144.91793764885202 -66.30279544994022 2.828125 16.273438 [144.91793764885202,-66.30279544994022] -48.64340839152545 0.5722325831295361 0.0009868757726098402 2.0986681596036168e-05 [-4367.455078125,2728.251220703] 31.27888223106494 32.6422844260074 20.321193313935666 43.013279620329286 40.64176610577829 -3.1851726793796462e-06 6.085048068147899e-07 -5.233315365476426e-06 1.552646904486052e-06 -5.322591005608039e-06 1.5573892444098602e-06
149.59317048949376 -66.70967098366681 3.703125 24.992188 [149.59317048949376,-66.70967098366681] -41.62055221436733 0.7395885321829576 0.0006608543941270414 1.816371394531162e-05 [-977.1923828125,3261.913574219] 33.42514374899815 45.87693089471513 22.972037927983358 53.71477907004487 20.111677510611116 -2.1991473883489494e-06 4.517148670432248e-07 -3.965265656126836e-06 1.3510330694135772e-06 -4.623193379928824e-06 1.3791571236172455e-06
149.59194913979462 -66.71158599920139 3.703125 24.992188 [149.59194913979462,-66.71158599920139] -42.84462290278773 1.1898676368992436 0.00041023177766462204 1.8139973758790775e-05 [-977.9853515625,3265.376953125] 33.42514374899815 45.87693089471513 22.972037927983358 53.69313417407852 20.101895071489935 -2.2638248545134896e-06 4.5868757617684707e-07 -4.0299431222913765e-06 1.354526760129605e-06 -4.687870846093364e-06 1.3829979183178724e-06
144.67268322105548 -65.93676758300121 2.75 15.46875 [144.67268322105548,-65.93676758300121] -61.38937506629692 0.9118107245882907 0.0006708748902274545 2.2732904966773785e-05 [-4609.907226562,2090.115966797] 32.02700174115511 35.500285608665976 18.793057627516266 45.46240630449381 44.53857259217057 -4.123008558021696e-06 7.048274179196905e-07 -6.273993188895599e-06 1.5645151268698874e-06 -6.507264485349112e-06 1.5796883464269825e-06
146.19409140897622 -64.9609680253529 3.546875 23.476562 [146.19409140897622,-64.9609680253529] -15.265324753793976 1.1796159655084058 0.00041716575793854287 1.8287654079665555e-05 [-3631.475585938,241.275390625] 35.19267697726571 46.57477330767987 19.128031283168376 59.25289262308206 46.67913583913719 -8.322186206027554e-07 3.991622254684172e-07 -2.7508152807923336e-06 1.1583074758810283e-06 -3.371332214459973e-06 1.1807308400073877e-06
144.3085633688968 -64.47526537446996 3.234375 20.40625 [144.3085633688968,-64.47526537446996] -3.7513577320347435 0.18407044884761675 0.004007846207841762 2.741598302908521e-05 [-5152.379882812,-498.5888671875] 35.65575698569708 42.45222434165158 20.834515049853 57.172996618750744 57.9075884879544 -2.1935902821290247e-07 4.1030757543325313e-07 -2.3043140661680726e-06 1.3146283317021207e-06 -2.7017345685508848e-06 1.3254651071946437e-06
147.78678902073878 -66.68191522098503 3.328125 21.289062 [147.78678902073878,-66.68191522098503] -63.92285315746769 1.2018926862834896 0.0004155375903845511 1.856028807605109e-05 [-2264.276367188,3258.311279297] 32.51758851080571 39.22191281976635 18.776494681541802 48.5809242592012 27.08547602859403 -3.659540155269143e-06 5.963489482194593e-07 -5.521150127756894e-06 1.3243825583949541e-06 -5.904968164823381e-06 1.3477043088766645e-06
149.36416612152115 -66.74384313516708 3.578125 23.765625 [149.36416612152115,-66.74384313516708] -64.73279690263846 0.9031726207545157 0.0005516454044007007 1.851567168563526e-05 [-1138.5390625,3327.207763672] 35.72173230427203 46.548957527344626 22.611296088162284 52.72014942452404 20.718003700173995 -3.507505705173055e-06 5.618060075119217e-07 -5.443065202846973e-06 1.4335945783311638e-06 -6.029731561450936e-06 1.4655561937387938e-06
148.3227694962908 -65.58194738622525 3.453125 22.554688 [148.3227694962908,-65.58194738622525] -18.240417786274673 0.3327209765305496 0.0013629346052240452 1.685248323153178e-05 [-1966.436523438,1263.026367188] 32.844058263194306 49.91889918881792 20.555835805342497 60.42595277235546 33.549608587504736 -1.0145302678630558e-06 4.0779420761696465e-07 -2.841313602427987e-06 1.2537116035691384e-06 -3.7910145983682747e-06 1.2883021670096531e-06
148.30827329592356 -65.58541106613711 3.453125 22.554688 [148.30827329592356,-65.58541106613711] -21.877599070027276 0.41723918663029613 0.001082937184667512 1.679179252425834e-05 [-1976.948242188,1269.70703125] 32.844058263194306 49.91889918881792 20.555835805342497 60.34830740261782 33.57944402346493 -1.2168299380410412e-06 4.1568468138923786e-07 -3.0436132726059727e-06 1.2604000981243681e-06 -3.993314268546259e-06 1.2968817097781733e-06
148.31866463278666 -65.5824813077494 3.453125 22.554688 [148.31866463278666,-65.5824813077494] -17.592366312937106 0.4621628798120453 0.0009794188508372268 1.6821790598564677e-05 [-1969.447265625,1264.114257812] 32.844058263194306 49.91889918881792 20.555835805342497 60.40812332800499 33.561487360174624 -9.78485707780176e-07 4.0695401959312963e-07 -2.8052690423451073e-06 1.2527050114911e-06 -3.7549700382853946e-06 1.2869513570988832e-06
144.24972535324994 -64.43230434090081 3.28125 20.734375 [144.24972535324994,-64.43230434090081] 17.73360561874952 0.5979409226296794 0.0012731020163155738 2.8289820142388593e-05 [-5205.8671875,-570.6689453125] 36.18355266509373 43.10240182407944 21.036103939039904 57.347203473981494 58.487657021823225 1.0287271590572846e-06 4.257864180332556e-07 -1.0702821534316593e-06 1.2929390994057574e-06 -1.4716448651265614e-06 1.2985927011039683e-06
150.08097843327363 -66.91584778095684 3.71875 25.21875 [150.08097843327363,-66.91584778095684] -48.853467642515085 0.3741459118869857 0.0013826497399335137 1.9224802358597058e-05 [-624.8071289062,3626.584716797] 33.7068278078037 46.295147194297364 23.610484267669076 53.18325219927442 16.727146818830306 -2.569698976757619e-06 4.7470289467277063e-07 -4.342682658515347e-06 1.3905347768130701e-06 -5.004829953427522e-06 1.4203406869341318e-06
150.07067904559585 -66.89960481001921 3.75 25.492188 [150.07067904559585,-66.89960481001921] -50.27611173603883 2.6157712212065474 0.00019589975643972808 1.904330646322123e-05 [-632.49609375,3597.470703125] 33.89728381499866 46.699519198916036 23.563739801311733 53.30759080657447 16.88703170503709 -2.6303089632353727e-06 4.963004913319544e-07 -4.4037223472304715e-06 1.3909034516401356e-06 -5.073500365398668e-06 1.4213965880822793e-06
150.07856734890413 -66.91228487115664 3.765625 25.59375 [150.07856734890413,-66.91228487115664] -47.746944590513884 1.4354415885684244 0.00035899970854469127 1.915086187301978e-05 [-626.6000976562,3620.199951172] 33.993140595712894 46.29721596133455 23.432772237037323 53.21009142367632 16.76278714802652 -2.4930285844212854e-06 4.7242110227265966e-07 -4.2679247983289865e-06 1.3719641202343999e-06 -4.910361960631991e-06 1.400699053845324e-06
146.02354408729568 -66.15971370799222 2.953125 17.515625 [146.02354408729568,-66.15971370799222] -72.88649435543356 3.2533413638106587 0.00015998612366898064 1.9342858466370553e-05 [-3591.635742188,2402.18359375] 32.23490449326811 37.74524067520377 19.33295057396483 47.85224131763039 37.746860781080386 -4.6002652874188525e-06 7.4777201707398e-07 -6.63478640817006e-06 1.5477917525217015e-06 -6.9825738615788e-06 1.5708838998947345e-06
144.98764005796957 -64.1572340786097 3.625 24.203125 [144.98764005796957,-64.1572340786097] 3.3785970640270073 0.13100146999985535 0.004688238847186165 2.282414939528217e-05 [-4682.625,-1120.975585938] 40.99663981972796 48.40992626232572 22.168215667205367 62.37248386316571 57.85315583423039 1.8140502483448416e-07 3.765122246497731e-07 -2.019803442375829e-06 1.2704190439943092e-06 -2.417840670769585e-06 1.2799131833579596e-06
144.98043802726968 -64.15995022952589 3.625 24.203125 [144.98043802726968,-64.15995022952589] 3.3063178063614695 0.1252253717337465 0.004905998793072548 2.283118587475158e-05 [-4687.786132812,-1115.575195312] 40.99663981972796 48.40992626232572 22.168215667205367 62.323067528615184 57.859510527515795 1.7752417716802497e-07 3.764812001088656e-07 -2.023684290042288e-06 1.270502022777802e-06 -2.421721518436044e-06 1.2800120896975013e-06
144.9823450454726 -64.15790548795239 3.625 24.203125 [144.9823450454726,-64.15790548795239] 3.636650464661843 0.06570011857407504 0.009341449432117078 2.2808100802819406e-05 [-4686.643554688,-1119.380371094] 40.99663981972796 48.40992626232572 22.168215667205367 62.347993688546694 57.86857101828127 1.9526053428519953e-07 3.7655805138373234e-07 -2.0059479329251137e-06 1.2701034986064882e-06 -2.4039851613188694e-06 1.2795408967889645e-06
145.0050963210181 -64.17838287026254 3.5625 23.648438 [145.0050963210181,-64.17838287026254] 16.02818260869123 0.3688018997614726 0.0016671132408903864 2.284898715598299e-05 [-4665.443359375,-1084.369140625] 41.878676548394225 49.357442767232165 22.46642489731968 62.2444529934761 57.61305635776307 8.706261155676768e-07 3.9422792343052963e-07 -1.4041588914781597e-06 1.2889396512225988e-06 -1.8103939177009673e-06 1.295898003566459e-06
145.000335891664 -64.17375175373698 3.671875 24.703125 [145.000335891664,-64.17375175373698] 12.619249768447052 2.320627975972734 0.00026481667655617005 2.2838078297609868e-05 [-4669.935546875,-1092.31640625] 41.64679219108168 49.047623843473275 22.197278943158025 62.269224595595915 57.6693192657076 6.706658958401784e-07 3.9967536779615937e-07 -1.5427052400208396e-06 1.2560785048556738e-06 -1.936031743671173e-06 1.2634769188071673e-06
144.9876712264794 -64.1582182703774 3.625 24.203125 [144.9876712264794,-64.1582182703774] 3.736886459250239 0.13511191718678867 0.004543717531608363 2.281464337390783e-05 [-4682.434570312,-1119.214355469] 40.99663981972796 48.40992626232572 22.168215667205367 62.36379997194922 57.84505778380344 2.0064244658282766e-07 3.766501794078567e-07 -2.0005660206274858e-06 1.2700029518705687e-06 -2.3986032490212415e-06 1.2794181397274677e-06
145.00270019318248 -64.16873936921122 3.671875 24.703125 [145.00270019318248,-64.16873936921122] 12.442819628499013 1.6232067382551185 0.0003785126031003391 2.2832995157188877e-05 [-4668.935546875,-1101.47265625] 41.64679219108168 49.047623843473275 22.197278943158025 62.322263242898316 57.700618977453814 6.612892942170518e-07 3.8961693790678993e-07 -1.5520818416439661e-06 1.2531399160865393e-06 -1.9454083452942996e-06 1.2605954354185036e-06
145.0096889252374 -64.17492674236848 3.671875 24.703125 [145.0096889252374,-64.17492674236848] 17.405996970417995 0.329178346248264 0.0018640449415565777 2.2803228602436126e-05 [-4662.443359375,-1090.900878906] 41.64679219108168 49.047623843473275 22.197278943158025 62.29135972151687 57.62297296240604 9.250635945367608e-07 3.877704915455845e-07 -1.2883075413242573e-06 1.2462008877757835e-06 -1.6816340449745906e-06 1.2525697588982586e-06
149.39222745671262 -66.6442260982881 3.46875 22.703125 [149.39222745671262,-66.6442260982881] -52.71968586586126 3.11963662274756 0.00015563637039819918 1.804362561034552e-05 [-1123.130859375,3147.540039062] 33.48015626515553 46.269180574696286 22.906836662013603 53.74005928599399 21.364270165995094 -2.922662234809736e-06 5.473069077106925e-07 -4.7787277011455746e-06 1.4530679152085805e-06 -5.487722790089429e-06 1.4875632915860573e-06
148.47750919676733 -67.21120452023844 3.375 21.78125 [148.47750919676733,-67.21120452023844] -52.60634715110614 3.0332821932911416 0.00019703122402593487 2.2210409923277464e-05 [-1734.65234375,4187.625610352] 33.01868162093455 35.29208634211134 21.57667175172015 45.7420808300958 20.44313436567063 -2.9774561957507015e-06 5.580884641707161e-07 -4.84627399990999e-06 1.4173983744786395e-06 -4.974945982267434e-06 1.4236711440580996e-06
144.81196660274114 -66.75831601507988 2.609375 14.1015625 [144.81196660274114,-66.75831601507988] -63.09366874615706 0.4248048523921607 0.0013555000369501046 2.1399208281497656e-05 [-4363.033203125,3551.309082031] 30.228421798029995 22.812025442172423 19.77940549947739 38.62691694691716 37.285352931980924 -4.438137950185119e-06 7.559762651965649e-07 -6.564467083077891e-06 1.7020716510048397e-06 -6.042782565840955e-06 1.6695731046275762e-06
144.83059719986423 -66.76909640341157 2.65625 14.4921875 [144.83059719986423,-66.76909640341157] -60.95002569373073 0.7792062398045584 0.0007379737925576576 2.1369879041457238e-05 [-4347.969726562,3569.327880859] 29.951708355003177 22.37874186128812 19.767461319328806 38.59065780438948 37.13038442113202 -4.229174014493466e-06 7.307078455645352e-07 -6.307450196052083e-06 1.6662990332372497e-06 -5.781980473220715e-06 1.6345465999704765e-06
148.05252026295014 -65.32038886605109 3.28125 20.78125 [148.05252026295014,-65.32038886605109] -31.618552752465934 0.976853954203969 0.00047424331547080953 1.7216289628120138e-05 [-2189.073242188,801.5776367188] 35.873950376105284 50.3289077307247 19.2483401162476 62.00274920508866 36.61507468897935 -1.832123680990127e-06 4.645807531527071e-07 -3.910824579455546e-06 1.2770722514233005e-06 -4.748410976417855e-06 1.3171433018050196e-06
148.02720659861183 -65.31898503649008 3.28125 20.78125 [148.02720659861183,-65.31898503649008] -24.483568075117372 0.46368872963189445 0.0010035122731876184 1.7292505865161202e-05 [-2208.19140625,799.93359375] 35.873950376105284 50.3289077307247 19.2483401162476 61.935279452723194 36.72504881195573 -1.4186900082597236e-06 4.4055665184347175e-07 -3.4973909067251424e-06 1.2587824508032456e-06 -4.334977303687451e-06 1.2955924401015792e-06
148.58456383728773 -65.570205618189 3.53125 23.328125 [148.58456383728773,-65.570205618189] -45.83174944235675 2.984354679965516 0.00015106814092131403 1.6754521306050037e-05 [-1772.622070312,1234.169433594] 32.38476237639864 49.603934790893156 20.749748318143666 61.35385435179933 32.618869709850514 -2.506542959366868e-06 5.099795878991308e-07 -4.2776688516355995e-06 1.3092065697609525e-06 -5.219387112597013e-06 1.3556169472159425e-06
149.40840177836822 -66.73661041496887 3.5625 23.664062 [149.40840177836822,-66.73661041496887] -56.08843537414966 2.248424286599354 0.00022078504465760838 1.844831150025884e-05 [-1107.4375,3313.413818359] 34.78118155090904 46.307997539803395 22.80207085744957 52.91831509924532 20.60601056520636 -3.0456311633602242e-06 5.357945950315384e-07 -4.934267380849723e-06 1.4239363383373806e-06 -5.5601794740630705e-06 1.4553410579695237e-06
