data_processed/hvc_rms/hvc_rms_index_12_with_B.ecsv
# %ECSV 1.0
# ---
# datatype:
# - {name: ra_dec_obj.ra, unit: deg, datatype: float64}
# - {name: ra_dec_obj.dec, unit: deg, datatype: float64}
# - {name: 'H-alpha flux [Error]', unit: R, datatype: float32}
# - {name: H-alpha flux, unit: R, datatype: float32}
# - {name: ra_dec_deg, datatype: string, subtype: 'float64[2]'}
# - {name: RM, unit: rad / m2, datatype: float64}
# - {name: RM_uncert, unit: rad / m2, datatype: float64}
# - {name: pol_int, datatype: float64}
# - {name: pol_int_uncert, datatype: float64}
# - {name: ra_dec_pix_offsets, datatype: string, subtype: 'float64[2]'}
# - {name: interpolation_raw, unit: rad / m2, datatype: float64}
# - {name: interpolation_cor, unit: rad / m2, datatype: float64}
# - {name: interpolation_unc, unit: rad / m2, datatype: float64}
# - {name: pixel location x, datatype: float64}
# - {name: pixel location y, datatype: float64}
# - {name: 'B_virtual [raw]', unit: G, datatype: float64}
# - {name: 'B_virtual_unc [raw]', unit: G, datatype: float64}
# - {name: 'B_virtual [int]', unit: G, datatype: float64}
# - {name: 'B_virtual_unc [int]', unit: G, datatype: float64}
# - {name: 'B_virtual [cor]', unit: G, datatype: float64}
# - {name: 'B_virtual_unc [cor]', unit: G, datatype: float64}
# meta: !!omap
# - __serialized_columns__:
#     ra_dec_obj:
#       __class__: astropy.coordinates.sky_coordinate.SkyCoord
#       dec: !astropy.table.SerializedColumn
#         __class__: astropy.coordinates.angles.Latitude
#         unit: &id001 !astropy.units.Unit {unit: deg}
#         value: !astropy.table.SerializedColumn {name: ra_dec_obj.dec}
#       frame: icrs
#       ra: !astropy.table.SerializedColumn
#         __class__: astropy.coordinates.angles.Longitude
#         unit: *id001
#         value: !astropy.table.SerializedColumn {name: ra_dec_obj.ra}
#         wrap_angle: !astropy.coordinates.Angle
#           unit: *id001
#           value: 360.0
#       representation_type: spherical
# schema: astropy-2.0
ra_dec_obj.ra ra_dec_obj.dec "H-alpha flux [Error]" "H-alpha flux" ra_dec_deg RM RM_uncert pol_int pol_int_uncert ra_dec_pix_offsets interpolation_raw interpolation_cor interpolation_unc "pixel location x" "pixel location y" "B_virtual [raw]" "B_virtual_unc [raw]" "B_virtual [int]" "B_virtual_unc [int]" "B_virtual [cor]" "B_virtual_unc [cor]"
[from data line 1319]
59.120437448811224 -57.598804451544204 1.2265625 0.28710938 [59.120437448811224,-57.598804451544204] 32.001992616881175 1.6429568255665021 0.0002872821676850068 1.754056277471366e-05 [599.4125976562,3376.217529297] 24.27807640920782 25.178439309805242 6.619325694948788 89.56863544757971 83.12412976209725 1.5776184186471687e-05 3.3914429056602104e-05 3.8076980453039137e-06 9.459538790901612e-06 3.363841591596778e-06 8.656403055748665e-06
56.96226504770041 -55.83075703323988 1.2109375 0.1000061 [56.96226504770041,-55.83075703323988] 22.853202595413865 1.345963130151742 0.00032531282218653513 1.6272079145324384e-05 [-1553.387695312,208.8935546875] 21.919401634927723 23.74472087595027 6.0499406118055825 68.08221305086704 103.17609873786569 1.9088968034124297e-05 0.0001157367080063737 7.799911898795171e-07 9.126543600990588e-06 -7.446730447491891e-07 9.017736113935606e-06
60.409957633751894 -57.714004498336564 1.265625 0.6254883 [60.409957633751894,-57.714004498336564] 18.803828959603837 0.10536785749874057 0.004830390580367413 1.8914684489005852e-05 [1837.012207031,3606.072265625] 23.17211189017275 24.185781179148286 6.172641781961432 97.74452839042749 85.82045208373711 6.28037155113117e-06 6.79404038762669e-06 -1.4589815671783738e-06 3.451610319822625e-06 -1.797541324258372e-06 3.6126227818321107e-06
62.756248593775005 -56.839939168655555 1.265625 0.6254883 [62.756248593775005,-56.839939168655555] 19.01338868994286 1.6175812238372618 0.000326727110513171 1.9640836136555486e-05 [4187.694580078,2136.6171875] 27.867420151428433 23.371152518496398 6.4286879253381155 108.37799730603376 107.01510619855662 6.350363305018706e-06 6.881981056253821e-06 -2.9571959744472095e-06 4.403409582509911e-06 -1.4554682471421863e-06 3.5431089932858257e-06
54.183906240248184 -55.654067895965774 1.234375 0.3109131 [54.183906240248184,-55.654067895965774] 20.425044963519607 1.3452763859734256 0.00037933726574529647 1.896468928266148e-05 [-4378.015625,9.9736328125] 20.884134416867113 19.83200077015649 5.58101072831294 50.19802860685661 94.07781520037543 9.675917456052417e-06 1.9521477520249316e-05 -2.1748356801508045e-07 4.31039658730656e-06 2.8094169060687837e-07 4.324859643493446e-06
56.881976729037795 -57.52732079275343 1.2578125 0.5686035 [56.881976729037795,-57.52732079275343] 28.752388873430224 1.994835635466364 0.00023274430510205913 1.7254202241239863e-05 [-1562.474609375,3263.179443359] 25.38057659322473 26.233663463490423 6.557733580491329 76.0882383082552 75.67763154530985 1.0072048248478129e-05 1.146419028817826e-05 1.1811559770055778e-06 3.6737384347229968e-06 8.823170820781607e-07 3.568890844649382e-06
55.33094394298768 -57.34088133349638 1.21875 0.19805908 [55.33094394298768,-57.34088133349638] 34.417924462010525 1.1934143710733662 0.00040639209574891617 1.802375265784942e-05 [-3075.698242188,2979.822998047] 23.73600417220699 26.18296178993015 6.643863111043192 66.11445617418417 72.10716304564517 2.0428474196809706e-05 6.302095005435431e-05 6.3401653767207595e-06 2.0350998260499304e-05 4.887793935510835e-06 1.611405250810267e-05
55.333625761863466 -57.335556078560714 1.21875 0.19805908 [55.333625761863466,-57.335556078560714] 12.315805659427104 0.41953217122110037 0.0011576620025572667 1.804910833636641e-05 [-3073.54296875,2970.132568359] 23.73600417220699 26.18296178993015 6.643863111043192 66.10088867846764 72.20323961854956 7.309944514644702e-06 2.2882110830422258e-05 -6.778364305444245e-06 2.163763284051513e-05 -8.230735746654169e-06 2.597532188162142e-05
55.174361883263096 -55.21214282356351 1.2265625 0.24365234 [55.174361883263096,-55.21214282356351] 22.80929202417597 1.2858289054143601 0.00035733009161464046 1.707503011619819e-05 [-3412.416992188,-839.9541015625] 22.232195537015507 19.44749336616132 5.938956467821217 53.9548815840667 105.77346421910534 1.220604995397805e-05 3.097769810128301e-05 3.088245151616167e-07 5.021072605969795e-06 1.7990160462433564e-06 6.718395654113234e-06
54.98950593773833 -55.36866768840522 1.265625 0.62768555 [54.98950593773833,-55.36866768840522] 15.472577053943613 1.068160643448649 0.00043787955433441215 1.7382007894658882e-05 [-3587.739257812,-549.2236328125] 23.422769567412725 20.2151231441239 6.296820651373792 53.61388694375944 102.38968170261228 5.15869942359415e-06 5.730445582026203e-06 -2.6506672672373232e-06 4.144816577092221e-06 -1.5812084629784448e-06 3.5415805285582673e-06
54.995445509842526 -55.367805591296886 1.265625 0.62768555 [54.995445509842526,-55.367805591296886] 15.462254613084779 0.6609785002719013 0.0007084397046293505 1.7401990604572985e-05 [-3581.752929688,-551.0805664062] 23.422769567412725 20.2151231441239 6.296820651373792 53.64602387487605 102.43012524033338 5.155257826921345e-06 5.720434791615397e-06 -2.6541088639101274e-06 4.137625234601434e-06 -1.5846500596512485e-06 3.5320941523057446e-06
62.95145040016641 -56.77998355912257 1.28125 0.8498535 [62.95145040016641,-56.77998355912257] 25.00403686946278 1.9270067262639083 0.00028818025552437875 2.0637455786444864e-05 [4386.338134766,2040.998046875] 27.760294814542082 23.50857241156851 6.588281821761083 109.36416033275873 108.531465275556 7.164513859878987e-06 5.823291969238798e-06 -7.897624032477483e-07 2.8724561565040606e-06 4.2850184118169964e-07 2.8279600272014056e-06
56.8154108062024 -56.736080246247965 1.28125 0.79052734 [56.8154108062024,-56.736080246247965] 22.33100745971648 2.4467794713561024 0.00017852972884260213 1.6233571441203955e-05 [-1661.944335938,1841.346191406] 21.579233440037648 25.652045526773698 6.063960493774181 71.6590878842527 87.99204240544032 6.634351883656855e-06 5.840778904234619e-06 2.2334565032669065e-07 2.8516769353132853e-06 -9.866520888331163e-07 2.9573771685099274e-06
59.28317285652406 -57.6528281549253 1.2265625 0.29870605 [59.28317285652406,-57.6528281549253] 10.219581552040832 1.8238208746330857 0.0002611987254640409 1.7703614278987007e-05 [755.2397460938,3474.989013672] 24.60324311912849 24.956548929942244 6.609198619920533 90.78480340122337 82.85859313696619 4.939235516391919e-06 1.0735819275478508e-05 -6.951780922354241e-06 1.5051016171561405e-05 -7.122537484159892e-06 1.5384510913302368e-05
59.29328933049292 -57.645820605580596 1.2265625 0.29870605 [59.29328933049292,-57.645820605580596] 21.46627568023242 2.3157235981097295 0.0002068265141354314 1.779924728925562e-05 [765.1293945312,3462.494140625] 24.60324311912849 24.956548929942244 6.609198619920533 90.81167289389657 83.00531193308734 1.037488577243074e-05 2.161714345356955e-05 -1.5161306663154218e-06 5.7105389533814155e-06 -1.6868872281210716e-06 5.90933169240709e-06
59.36299534221817 -58.1841545334791 1.2421875 0.44030762 [59.36299534221817,-58.1841545334791] 20.163809161551214 0.846173053937777 0.0007500643953808153 2.3586659902503007e-05 [819.9028320312,4431.508789062] 22.605209417850798 25.022196097509216 6.481427943571366 93.76938921233352 74.80259546311186 8.026812407413881e-06 1.1687613273809789e-05 -9.718730083052098e-07 4.052469057064059e-06 -1.9340274560783985e-06 4.691309836189703e-06
59.3465767964266 -58.19063952256779 1.2421875 0.3831787 [59.3465767964266,-58.19063952256779] 21.343898891951476 1.296845993139015 0.0004947055683184173 2.384206712914196e-05 [804.177734375,4442.978027344] 22.309445735915858 24.904508774537724 6.476158093585209 93.70511475015962 74.64238799899317 9.10797234175126e-06 1.50946959439304e-05 -4.120228452173277e-07 4.160936717411469e-06 -1.5194007662110267e-06 4.790621502578814e-06
59.358516444055276 -58.18667986213082 1.25 0.52197266 [59.358516444055276,-58.18667986213082] 19.83185517680053 0.8486235389956607 0.0007501720899780857 2.3658362365728938e-05 [815.5952148438,4435.997070312] 22.578557466215294 24.985369014174157 6.493755206964004 93.75546267288507 74.7470670211917 7.250836296108403e-06 9.080171426359877e-06 -1.004237297879746e-06 3.706387830759022e-06 -1.8842052269642505e-06 4.171575151059494e-06
62.53797145213975 -57.33633804004631 1.234375 0.35546875 [62.53797145213975,-57.33633804004631] 21.945210115211065 1.4834081556504792 0.00036168267912419877 1.9938710909161042e-05 [3920.528564453,3015.498046875] 26.478056920315073 23.977678833590247 6.113687675873341 108.97646344315808 98.53801390245985 9.722717429469873e-06 1.71985687083124e-05 -2.008255487449348e-06 5.438537269805703e-06 -9.004752713367903e-07 4.453964733719444e-06
55.69413764127053 -55.07549273106433 1.2265625 0.26660156 [55.69413764127053,-55.07549273106433] 21.114883241931082 1.1587016253159157 0.0003846970744008564 1.656529608750369e-05 [-2889.268554688,-1109.302246094] 20.954383465793867 19.494795797041615 6.138630265110088 56.50720659709657 110.26943556147467 1.080204477880627e-05 2.5131188323979238e-05 8.210918094870861e-08 4.803499455474018e-06 8.288114561071736e-07 5.165118524486324e-06
55.69413741129176 -55.073211537459 1.2265625 0.26660156 [55.69413741129176,-55.073211537459] 20.50019361434201 2.056599339293124 0.00021701107319515068 1.658594763168371e-05 [-2889.43359375,-1113.404785156] 20.954383465793867 19.494795797041615 6.138630265110088 56.49591163097534 110.30697460234228 1.0487579157272589e-05 2.443053251957347e-05 -2.3235644058496987e-07 4.9070962589553e-06 5.14345834573495e-07 5.019514687210334e-06
60.10533927733167 -56.18386842999435 1.21875 0.2121582 [60.10533927733167,-56.18386842999435] 25.462919190151986 1.1186546701382314 0.00039934999499309666 1.6601924195840916e-05 [1608.943359375,845.86328125] 25.45392719868446 26.986224212229686 6.998295385818442 89.19950606855821 109.0975601160892 1.4602489805720753e-05 4.215929468798346e-05 5.15673253161187e-09 5.712632208175242e-06 -8.73585855957e-07 6.239877548302221e-06
60.84552770023533 -57.346248584392626 1.265625 0.67529297 [60.84552770023533,-57.346248584392626] 21.93588130571795 2.4443206039355587 0.00019347240631214136 1.757461844356658e-05 [2278.362792969,2957.676269531] 24.374047623800454 25.202762698877507 5.841357296092621 98.73590173020807 93.06910183923355 7.0511119144256255e-06 7.052849407332368e-06 -7.83728874859543e-07 3.1225327884155396e-06 -1.050112643904499e-06 3.191104211902642e-06
56.002750193540045 -57.68877789789629 1.2421875 0.3959961 [56.002750193540045,-57.68877789789629] 16.569500371915936 1.6703878645384793 0.000301183370318144 1.8696358120053362e-05 [-2400.923828125,3578.662597656] 26.194003307864783 25.772377796364182 6.670284872672059 71.86229899721957 69.49362479158299 6.9552476211141485e-06 1.133667622769494e-05 -4.040001185740278e-06 7.5662533139819046e-06 -3.8630187921832595e-06 7.334581764289096e-06
55.05118137334023 -57.89185713033542 1.2421875 0.44226074 [55.05118137334023,-57.89185713033542] 19.588234756506232 1.6493942361494935 0.00033726197233314607 2.067285941358756e-05 [-3296.610351562,3982.743164062] 26.128955426521028 26.1694524806299 7.091577282894455 67.56719089703734 62.19320427524076 7.780450413649459e-06 1.1315472531477196e-05 -2.597975441645101e-06 5.427730186795768e-06 -2.6140608789144443e-06 5.4430029989999684e-06
55.05120108005764 -57.893344840960744 1.2421875 0.44226074 [55.05120108005764,-57.893344840960744] 20.62654036765442 1.7273462173648906 0.00032494880542588374 2.0859459028900256e-05 [-3296.455078125,3985.414794922] 26.128955426521028 26.1694524806299 7.091577282894455 67.57564958436751 62.16995395186245 8.192865591544405e-06 1.1879694577403454e-05 -2.1855602637501547e-06 5.059148448188463e-06 -2.201645701019498e-06 5.072941469362368e-06
59.52076726974983 -57.29707339796771 1.2421875 0.42407227 [59.52076726974983,-57.29707339796771] 28.18099714407875 2.946764412320179 0.00015445524366144127 1.691440699479803e-05 [993.6538085938,2837.977539062] 25.944628094272726 26.25938418407391 6.635836355287565 90.54722034106646 89.32442866649603 1.1431021850192136e-05 1.7053957091269086e-05 9.071355191133627e-07 4.3020807774276186e-06 7.794614087331219e-07 4.2478528688581496e-06
53.303745499665524 -56.868019140557 1.265625 0.6430664 [53.303745499665524,-56.868019140557] 22.49208274830433 0.6949509226330625 0.001048930043159771 2.709002236218998e-05 [-5104.200195312,2250.020751953] 20.932923130073792 23.169802431839422 6.159380675660496 51.78457900771525 70.34190473956892 7.4088430630114775e-06 7.679066688513404e-06 5.135837819432623e-07 3.1213757278039186e-06 -2.2323938748641834e-07 3.0877320413256217e-06
53.30583158138988 -56.86929322505659 1.265625 0.6430664 [53.30583158138988,-56.86929322505659] 23.020133606848937 0.6781043897152212 0.0010754150176023013 2.7100752864758855e-05 [-5101.982421875,2252.153564453] 20.932923130073792 23.169802431839422 6.159380675660496 51.80393927578314 70.33160003144826 7.582781865568141e-06 7.842946293308306e-06 6.875225844999266e-07 3.1534867098750993e-06 -4.930058492975404e-08 3.079819771880792e-06
53.57916286224613 -56.4040412094242 1.234375 0.3758545 [53.57916286224613,-56.4040412094242] 12.271843715809215 1.409408916844071 0.00043186359707808716 2.2619985163170624e-05 [-4894.125976562,1397.350097656] 21.412905108375774 21.00688818655407 6.5705882731051455 50.729849132537424 79.09039017300006 5.287478048755788e-06 9.22376908846231e-06 -3.938541149547027e-06 7.709307703816154e-06 -3.763603657571798e-06 7.469224269797037e-06
57.093750119292636 -56.50127029614343 1.2265625 0.28637695 [57.093750119292636,-56.50127029614343] 29.940112005858314 1.188108277139535 0.00036583757430294937 1.6152994061757165e-05 [-1395.903320312,1412.703613281] 23.682476876741646 26.305661586147856 6.246699341857792 72.1601413019813 92.87796763483834 1.4778590751875134e-05 3.1869832380085156e-05 3.0888003568482772e-06 8.100725434807055e-06 1.7939831137028463e-06 6.047793319257585e-06
56.849773009982826 -56.77347184563579 1.296875 0.96118164 [56.849773009982826,-56.77347184563579] 24.6870212215607 1.3671349652231817 0.0003216452748586457 1.634170136248734e-05 [-1626.412109375,1907.805175781] 21.351003922395744 25.617706217157263 6.0225218004101055 72.05257160799954 87.53313375756397 6.651423357144781e-06 4.91794679885898e-06 8.988230367836186e-07 2.588421442418057e-06 -2.5075442931319463e-07 2.520877781957013e-06
53.74019974985245 -55.87074276241159 1.25 0.49023438 [53.74019974985245,-55.87074276241159] 17.18223803854356 3.154705215876555 0.00017694477765053723 2.074460818072421e-05 [-4800.448242188,428.529296875] 20.94543174179935 20.304432489420854 6.06800954223324 48.70807525879388 88.47855407383486 6.482260581197012e-06 8.776592216995555e-06 -1.4197220494386512e-06 4.113843323556651e-06 -1.177895334144112e-06 3.9871799607680216e-06
59.94208883242233 -57.824073817692074 1.2578125 0.60668945 [59.94208883242233,-57.824073817692074] 18.546124882923433 2.6186575011730993 0.00019819457825203442 1.928764362527938e-05 [1383.149902344,3793.155029297] 24.131092803432864 24.587874034238375 6.385747118981133 95.47185692565427 82.48816961140983 6.289535771425729e-06 7.018050988628237e-06 -1.8940266896753567e-06 3.872702425250016e-06 -2.048934623758796e-06 3.957160717903103e-06
59.930927278198084 -57.82694622147099 1.2578125 0.60668945 [59.930927278198084,-57.82694622147099] 17.80672494743665 3.2701996974061425 0.00015835967459743174 1.9245428178382235e-05 [1372.345214844,3798.099121094] 24.131092803432864 24.587874034238375 6.385747118981133 95.41917439780627 82.40431958617296 6.038783532184851e-06 6.807889652128324e-06 -2.1447789289162343e-06 4.066394886193001e-06 -2.299686862999673e-06 4.157039146216784e-06
