data_processed/hvc_rms/hvc_rms_index_8.ecsv
# %ECSV 1.0
# ---
# datatype:
# - {name: ra_dec_obj.ra, unit: deg, datatype: float64}
# - {name: ra_dec_obj.dec, unit: deg, datatype: float64}
# - {name: 'H-alpha flux [Error]', unit: R, datatype: float32}
# - {name: H-alpha flux, unit: R, datatype: float32}
# - {name: ra_dec_deg, datatype: string, subtype: 'float64[2]'}
# - {name: RM, unit: rad / m2, datatype: float64}
# - {name: RM_uncert, unit: rad / m2, datatype: float64}
# - {name: pol_int, datatype: float64}
# - {name: pol_int_uncert, datatype: float64}
# - {name: ra_dec_pix_offsets, datatype: string, subtype: 'float64[2]'}
# - {name: interpolation_raw, unit: rad / m2, datatype: float64}
# - {name: interpolation_cor, unit: rad / m2, datatype: float64}
# - {name: interpolation_unc, unit: rad / m2, datatype: float64}
# - {name: pixel location x, datatype: float64}
# - {name: pixel location y, datatype: float64}
# meta: !!omap
# - __serialized_columns__:
#     ra_dec_obj:
#       __class__: astropy.coordinates.sky_coordinate.SkyCoord
#       dec: !astropy.table.SerializedColumn
#         __class__: astropy.coordinates.angles.Latitude
#         unit: &id001 !astropy.units.Unit {unit: deg}
#         value: !astropy.table.SerializedColumn {name: ra_dec_obj.dec}
#       frame: icrs
#       ra: !astropy.table.SerializedColumn
#         __class__: astropy.coordinates.angles.Longitude
#         unit: *id001
#         value: !astropy.table.SerializedColumn {name: ra_dec_obj.ra}
#         wrap_angle: !astropy.coordinates.Angle
#           unit: *id001
#           value: 360.0
#       representation_type: spherical
# schema: astropy-2.0
ra_dec_obj.ra ra_dec_obj.dec "H-alpha flux [Error]" "H-alpha flux" ra_dec_deg RM RM_uncert pol_int pol_int_uncert ra_dec_pix_offsets interpolation_raw interpolation_cor interpolation_unc "pixel location x" "pixel location y"
[from data line 371]
109.43854487065963 -55.33959579688393 4.375 31.6875 [109.43854487065963,-55.33959579688393] -80.8505935897548 1.2692944994877857 0.000390217814459426 1.840679575690143e-05 [-3131.459960938,-623.2578125] 55.08437990902154 49.217812884675595 16.170151023765293 39.168401533679344 5.570563743958246
111.25474579088832 -53.613056429915154 6.3125 51.109375 [111.25474579088832,-53.613056429915154] -5.0799009282114955 0.22197216795748623 0.002498295410904011 2.0608719922445493e-05 [-1328.607421875,-3787.404296875] 58.76618300027429 58.44985036572907 19.174668855502578 58.707749772302236 20.698218640397272
111.25641616841092 -53.61246499476782 6.3125 51.109375 [111.25641616841092,-53.61246499476782] -5.193134711839907 0.17224086477543793 0.00322301846386948 2.063040215737889e-05 [-1326.842773438,-3788.5] 58.76618300027429 58.44985036572907 19.174668855502578 58.721471311088976 20.700170892183678
108.88203440761542 -53.333400881531496 5.75 45.40625 [108.88203440761542,-53.333400881531496] 20.423252518176596 0.18973409130389887 0.0036413455917337417 2.5675326417391635e-05 [-3885.30859375,-4200.908203125] 60.52998837633616 60.2164689615674 17.39720040944797 44.2932800341589 30.67919387679831
108.90197713068366 -53.34263616428601 5.75 45.40625 [108.90197713068366,-53.34263616428601] 16.695690178499188 1.5461135473175018 0.0004428981128241849 2.5448015374800287e-05 [-3863.078125,-4185.435546875] 60.52998837633616 60.2164689615674 17.39720040944797 44.38581626059022 30.51578680565808
108.88899971664436 -53.3377035733104 5.75 45.40625 [108.88899971664436,-53.3377035733104] 20.67679382000501 0.899272619039644 0.0007639927918792546 2.5532264482871014e-05 [-3877.4453125,-4193.5703125] 60.52998837633616 60.2164689615674 17.39720040944797 44.320885651835624 30.609465757506996
113.61459364772648 -54.157153920237846 6.03125 48.390625 [113.61459364772648,-54.157153920237846] -12.30623228860054 2.8718852577843523 0.00016816728211950318 1.7948050908705218e-05 [1175.724609375,-2811.03515625] 67.48535667590588 65.28335303389578 23.519113443702107 71.32827485464281 7.438989244950562
107.78069340475744 -54.76033780652586 3.90625 27.078125 [107.78069340475744,-54.76033780652586] 0.806228839107648 2.0965904422013293 0.00030829884297070077 2.402117237075704e-05 [-4894.913085938,-1568.305175781] 51.83181202518734 55.730402399419546 16.20210380892336 30.961578239373466 16.693661236960452
109.33328260010768 -53.257675252794265 6.25 50.4375 [109.33328260010768,-53.257675252794265] 3.7100738541875566 2.7797321997653306 0.00024985672294609504 2.5810873398698767e-05 [-3407.157226562,-4360.670898438] 62.81802277136328 59.39324713375571 17.96194881702116 47.637009330659225 30.31529351391282
110.91936486610794 -54.05271524642999 5.03125 38.453125 [110.91936486610794,-54.05271524642999] 11.754533539566124 0.3961332301909866 0.0012552194975184972 1.847862512714192e-05 [-1669.002929688,-2989.35546875] 57.62180616352815 54.788202299997046 19.700731003669848 54.46753289564242 16.58102541039034
108.32881149193413 -55.73070916194042 4.09375 28.820312 [108.32881149193413,-55.73070916194042] -51.33151146838757 1.0031983100373156 0.0005326885788145181 1.985952607695509e-05 [-4222.973632812,138.6801757812] 53.901789638163685 51.04929521207069 16.40763061083566 30.45905618665779 3.7516222782505793
108.37915034970689 -54.72527311489571 4.28125 30.664062 [108.37915034970689,-54.72527311489571] 2.578769922721343 3.137418127623692 0.00017593751266861186 2.0513489927696087e-05 [-4278.913085938,-1670.885742188] 54.55019537334624 55.60520501504896 16.533486927132024 34.99401753138716 15.583645452842575
110.01799794255066 -54.47721083091924 4.3125 31.09375 [110.01799794255066,-54.47721083091924] 0.16596230891287309 2.7359213646070604 0.00018491417989536735 1.880106841178227e-05 [-2593.985351562,-2198.096679688] 53.70109787563983 52.57646981184267 17.332840965931048 46.68960572133835 14.153648942449081
108.42244722122409 -54.449913231844484 4.28125 30.960938 [108.42244722122409,-54.449913231844484] -25.7922388459566 0.21245269149590432 0.0026001761371396226 2.0529279561250766e-05 [-4262.745117188,-2168.249023438] 53.27021165209462 56.770149876779264 16.19334373925111 36.4422753473674 18.736639805612867
108.42434712519676 -54.44241739702069 4.3125 31.0 [108.42434712519676,-54.44241739702069] -28.966297556787282 0.18405437765194516 0.0030033231977998256 2.054267168120607e-05 [-4261.541992188,-2181.83203125] 52.837225298849376 56.91996740969279 16.221176894139717 36.48652072042705 18.820501984324892
108.4233928887966 -54.44761629690754 4.3125 31.0 [108.4233928887966,-54.44761629690754] -24.445000660729885 0.5819916439017405 0.0009475556369067074 2.0494162332370657e-05 [-4261.997070312,-2172.43359375] 52.837225298849376 56.91996740969279 16.221176894139717 36.458204461872015 18.761390133623536
112.82925405277425 -54.92294685188913 5.6875 44.828125 [112.82925405277425,-54.92294685188913] -27.819442265299106 1.8996838435073213 0.0002503225572912071 1.7672175638569457e-05 [341.5849609375,-1441.546386719] 59.552716617664764 59.31398026463445 24.15199844051745 62.56616808173726 1.0578554926128163
109.96401930788294 -55.495616930520306 4.53125 33.453125 [109.96401930788294,-55.495616930520306] -43.18112258651023 0.21355936873418727 0.0023070349773403713 1.8309711890763665e-05 [-2583.955078125,-364.3149414062] 57.88233592751919 48.160565401194184 18.215211076894757 41.818140670945695 2.3582042266682492
109.95818357377124 -55.496955977907405 4.53125 33.453125 [109.95818357377124,-55.496955977907405] -44.33138683372547 0.287245280291196 0.0017077794278688916 1.8230281819326874e-05 [-2589.811523438,-361.6884765625] 57.88233592751919 48.160565401194184 18.215211076894757 41.77534284298906 2.3578183031402205
110.20861065233808 -54.601272672048545 4.34375 31.296875 [110.20861065233808,-54.601272672048545] -12.09262147929672 1.5594559288394745 0.000316895527889218 1.8365295448180926e-05 [-2387.534179688,-1981.813476562] 56.30616255272774 52.52027928012059 17.356353620358068 47.36344018729574 12.181909991493285
110.79848511069711 -55.12701033897064 4.71875 35.3125 [110.79848511069711,-55.12701033897064] -18.566134238547107 2.0162085103147693 0.00023992662439720016 1.7977222372457265e-05 [-1749.884765625,-1053.583496094] 57.145019449276525 49.07082657256893 20.13036274966589 48.756704370047146 4.433888497709177
112.91398619072523 -54.06782929090288 5.90625 47.109375 [112.91398619072523,-54.06782929090288] 23.998255480685234 3.211550298720473 0.0001508560939580664 1.8004716605665543e-05 [438.28515625,-2979.892578125] 57.53975181509588 61.19096348818249 22.938577075840815 67.28420822531803 10.573775941079248
108.5862424108139 -53.902710047606746 5.15625 39.421875 [108.5862424108139,-53.902710047606746] -24.870782477108833 1.3310168967688552 0.0004311892369824805 2.13284936350337e-05 [-4146.252929688,-3161.182617188] 55.19838917594285 59.353621306515066 17.28539149356228 39.85754816264239 24.776286627247373
108.59545878888177 -53.91101096118708 5.1875 39.90625 [108.59545878888177,-53.91101096118708] -26.743959500608057 2.615547364051336 0.0002204693619938645 2.1429870045190947e-05 [-4135.6796875,-3146.822265625] 54.88612540587175 59.01308671457085 17.42384890294017 39.88261711245036 24.6536419299689
111.02210969059914 -55.10260761765928 4.8125 36.171875 [111.02210969059914,-55.10260761765928] -0.4342157900093974 2.2724696423176898 0.00021206562242714368 1.790923622680633e-05 [-1520.755859375,-1102.771972656] 57.218347094072044 49.174060945050606 19.22251927495799 50.28732260321533 4.104567767880553
113.44071207475262 -54.583797300467296 5.9375 47.3125 [113.44071207475262,-54.583797300467296] 27.73463672669886 2.5742956570632884 0.00018588295623747308 1.7783068359858985e-05 [982.232421875,-2046.079101562] 63.17280915852696 62.126708832469774 23.603427691500773 68.09531912050124 3.1212065135650846
113.44834123256258 -54.58253119601833 5.9375 47.3125 [113.44834123256258,-54.58253119601833] 13.235357431596583 1.1553543535724085 0.0004136669752269021 1.7761300376942772e-05 [990.2202148438,-2048.249023438] 63.17280915852696 62.126708832469774 23.603427691500773 68.14990698264205 3.112762290026012
110.13343023440926 -53.71179581923003 5.71875 45.3125 [110.13343023440926,-53.71179581923003] 7.917695629084857 2.260826503044278 0.00024334832514464043 2.0445809044863955e-05 [-2519.44921875,-3578.708984375] 62.78807623347296 60.45170745728751 20.026259384316816 50.89335875550887 22.767546628788978
110.0609966934106 -55.436557805255006 4.5625 33.515625 [110.0609966934106,-55.436557805255006] 30.515088828096857 1.4808000141672626 0.0003436877563522741 1.8913381119667137e-05 [-2488.892578125,-474.1010742188] 58.42341174230054 48.926469534706534 18.13002058219496 42.69248214841218 2.7961309622039607
110.96882633502962 -54.75312033923303 4.53125 33.453125 [110.96882633502962,-54.75312033923303] -12.013373465299402 2.9982231065629157 0.00015951249493577615 1.7773270795343086e-05 [-1589.365234375,-1730.444824219] 57.468355930989524 50.84414118800086 18.025736932328932 51.55342774447229 8.31457922069535
110.41794581474133 -54.36965562075157 4.6875 34.875 [110.41794581474133,-54.36965562075157] 2.2233986955264005 2.804249870259837 0.00017428769869307897 1.8163190882616478e-05 [-2181.75390625,-2405.323242188] 56.52477618097809 53.62085395535115 16.234120088861463 49.76220049506014 14.307526560947508
110.50844543257303 -53.54742429544802 6.21875 50.140625 [110.50844543257303,-53.54742429544802] -30.110009270876542 1.72776529719809 0.00034308604447362854 2.202908723882691e-05 [-2128.504882812,-3886.813476562] 60.02927758313708 56.618606746812276 20.928003863924584 54.112054975702335 23.613666489279694
109.96035008378946 -55.61610411431181 4.46875 32.8125 [109.96035008378946,-55.61610411431181] -27.931363984248016 1.4146144624710384 0.00034749824843452584 1.8268353923694624e-05 [-2579.767578125,-147.447265625] 57.32955582788232 46.585293989080036 18.43146312283973 41.26405427789791 0.951454612797761
110.91193392039118 -54.022323870488556 5.21875 40.0625 [110.91193392039118,-54.022323870488556] -5.010784908056927 2.3871644673183017 0.00021089924970310996 1.870966792194517e-05 [-1678.079101562,-3043.842773438] 57.857019974665945 55.06157437260065 19.894893067314598 54.56000171725941 16.95438082282226
111.9992674328297 -53.77974317410586 6.40625 52.03125 [111.9992674328297,-53.77974317410586] 3.419438539289989 2.867441154296033 0.00018107173158943437 1.9295403817723706e-05 [-531.57421875,-3497.573242188] 56.533622937380734 56.4440091080986 19.60456264045141 62.77297829123495 16.594075320184174
110.45246860981369 -53.15397644963436 8.125 69.15625 [110.45246860981369,-53.15397644963436] 13.974040979718932 1.3529135573499818 0.0005641568205109864 2.8364726150252312e-05 [-2208.634765625,-4592.3671875] 65.85815725826443 60.029528614824315 21.228488557442752 55.55491244135146 28.337812853057585
110.45143900258077 -53.15299598572927 8.125 69.15625 [110.45143900258077,-53.15299598572927] 17.617305181763406 2.543814926052419 0.00030027465192278204 2.8386567876433742e-05 [-2209.795898438,-4594.096679688] 65.85815725826443 60.029528614824315 21.228488557442752 55.55259799885232 28.352158664175477
110.4481583703412 -53.14579751229656 8.125 69.15625 [110.4481583703412,-53.14579751229656] -4.283809041769505 3.120587278498995 0.00024583663103637553 2.850963338136301e-05 [-2213.706054688,-4606.930664062] 65.85815725826443 60.029528614824315 21.228488557442752 55.56402433464996 28.44509485118624
109.52776358432567 -53.73601916419236 5.5 43.09375 [109.52776358432567,-53.73601916419236] -2.037449368524097 1.2147439183359046 0.00045699810767796015 2.0630409017217516e-05 [-3162.155273438,-3510.340820312] 58.578617359065134 60.495028190378356 16.92330925764297 46.79724540160191 24.175258332084923
110.92931357949551 -53.57844155480295 6.1875 49.75 [110.92931357949551,-53.57844155480295] -10.639371746375911 3.2555586840238515 0.00017657050102826429 2.1362515004693493e-05 [-1677.380859375,-3842.596679688] 59.22062576226575 57.06694824040585 19.950122479842143 56.73578337198819 22.043181264246414
110.05876205862594 -55.41651927521796 4.59375 33.796875 [110.05876205862594,-55.41651927521796] -52.49194861458789 0.12175883074694557 0.004156265801837716 1.880669519441428e-05 [-2492.4375,-510.0673828125] 59.10864037851309 49.18623990499722 18.421159015777057 42.76708104841316 3.037285340491735
110.06710785532624 -55.42689514349955 4.59375 33.796875 [110.06710785532624,-55.42689514349955] -4.573968425610867 0.26913039019388085 0.0018934813898215633 1.8937929052186055e-05 [-2483.265625,-491.7021484375] 59.10864037851309 49.18623990499722 18.421159015777057 42.7739479203326 2.8934005383448493
110.06312583033491 -55.42200099724861 4.59375 33.796875 [110.06312583033491,-55.42200099724861] -1.2802479761381913 0.29217046892131576 0.0017305050930244812 1.8789615911198134e-05 [-2487.637695312,-500.36328125] 59.10864037851309 49.18623990499722 18.421159015777057 42.77042400485027 2.9613883900574365
111.81357592395248 -55.08869557846931 5.53125 43.34375 [111.81357592395248,-55.08869557846931] -17.107247344437674 0.1601733726812532 0.0030025035781636017 1.7872386888673453e-05 [-706.10546875,-1140.530761719] 55.47979697877376 49.26983490112793 21.738567568792924 55.36273039184937 2.06158534217343
111.81773355327287 -55.08522421473448 5.53125 43.34375 [111.81773355327287,-55.08522421473448] -18.236253102975343 0.1972023831957765 0.002435982587743896 1.7852335580373105e-05 [-701.8837890625,-1146.820800781] 55.47979697877376 49.26983490112793 21.738567568792924 55.40532855637389 2.0899749553750553
111.82733151668889 -55.086669918728674 5.53125 43.34375 [111.82733151668889,-55.086669918728674] -20.751967504649283 2.2658671096024765 0.00021151881752467396 1.7811157684067964e-05 [-691.9711914062,-1144.315429688] 55.47979697877376 49.26983490112793 21.738567568792924 55.45916896073675 2.0462289624119876
112.32394391046061 -54.68578712602561 6.09375 48.78125 [112.32394391046061,-54.68578712602561] -7.029980692962061 1.7105149744788202 0.0002778197489062052 1.766032526734508e-05 [-182.1875,-1868.954589844] 62.59276573174954 55.714489663367196 22.92417204048806 60.51179998043301 5.244443509418261
107.96685795274672 -55.77557384856449 3.921875 27.15625 [107.96685795274672,-55.77557384856449] -42.89679964907096 0.6267823337063548 0.0009146302770890503 2.130448419984683e-05 [-4583.497070312,242.2690429688] 51.30832620580382 50.07084521512664 16.27720916283905 27.978637309165833 4.1062883177257845
108.13700882331177 -53.54214835350111 4.9375 37.4375 [108.13700882331177,-53.54214835350111] 17.439229332584215 1.9291280061018046 0.00038854357763268586 2.785540542683496e-05 [-4661.217773438,-3780.133789062] 58.28310976189208 62.48918296584304 15.693364216243381 38.422802543370835 30.238582054731978
108.13935831470177 -53.54032153354627 5.0 38.140625 [108.13935831470177,-53.54032153354627] 20.649657076748248 1.2614333481003772 0.0005935206899535461 2.7823315101748053e-05 [-4658.913085938,-3783.571289062] 58.27826542215001 62.68568414212286 15.69281657414389 38.446251831177506 30.253918046173567
108.76731142672598 -54.688835123667566 4.34375 31.46875 [108.76731142672598,-54.688835123667566] 4.437814675381441 2.974671069509599 0.0001768915076385056 1.9554856634191648e-05 [-3879.854492188,-1759.203125] 55.32863567435232 54.11949658336819 16.428021351483316 37.665384187837844 15.007945035519015
108.84004210799553 -54.21622456341948 4.78125 35.90625 [108.84004210799553,-54.21622456341948] -29.858635853833622 2.939455589370098 0.0001849237519704748 2.0200787613902977e-05 [-3848.524414062,-2612.5546875] 55.83889365287373 57.35432728621323 17.497649680674346 40.172965901659154 20.39881888177024
