data_processed/hvc_rms/hvc_rms_index_1_with_B.ecsv
# %ECSV 1.0
# ---
# datatype:
# - {name: ra_dec_obj.ra, unit: deg, datatype: float64}
# - {name: ra_dec_obj.dec, unit: deg, datatype: float64}
# - {name: 'H-alpha flux [Error]', unit: R, datatype: float32}
# - {name: H-alpha flux, unit: R, datatype: float32}
# - {name: ra_dec_deg, datatype: string, subtype: 'float64[2]'}
# - {name: RM, unit: rad / m2, datatype: float64}
# - {name: RM_uncert, unit: rad / m2, datatype: float64}
# - {name: pol_int, datatype: float64}
# - {name: pol_int_uncert, datatype: float64}
# - {name: ra_dec_pix_offsets, datatype: string, subtype: 'float64[2]'}
# - {name: interpolation_raw, unit: rad / m2, datatype: float64}
# - {name: interpolation_cor, unit: rad / m2, datatype: float64}
# - {name: interpolation_unc, unit: rad / m2, datatype: float64}
# - {name: pixel location x, datatype: float64}
# - {name: pixel location y, datatype: float64}
# - {name: 'B_virtual [raw]', unit: G, datatype: float64}
# - {name: 'B_virtual_unc [raw]', unit: G, datatype: float64}
# - {name: 'B_virtual [int]', unit: G, datatype: float64}
# - {name: 'B_virtual_unc [int]', unit: G, datatype: float64}
# - {name: 'B_virtual [cor]', unit: G, datatype: float64}
# - {name: 'B_virtual_unc [cor]', unit: G, datatype: float64}
# meta: !!omap
# - __serialized_columns__:
#     ra_dec_obj:
#       __class__: astropy.coordinates.sky_coordinate.SkyCoord
#       dec: !astropy.table.SerializedColumn
#         __class__: astropy.coordinates.angles.Latitude
#         unit: &id001 !astropy.units.Unit {unit: deg}
#         value: !astropy.table.SerializedColumn {name: ra_dec_obj.dec}
#       frame: icrs
#       ra: !astropy.table.SerializedColumn
#         __class__: astropy.coordinates.angles.Longitude
#         unit: *id001
#         value: !astropy.table.SerializedColumn {name: ra_dec_obj.ra}
#         wrap_angle: !astropy.coordinates.Angle
#           unit: *id001
#           value: 360.0
#       representation_type: spherical
# schema: astropy-2.0
ra_dec_obj.ra ra_dec_obj.dec "H-alpha flux [Error]" "H-alpha flux" ra_dec_deg RM RM_uncert pol_int pol_int_uncert ra_dec_pix_offsets interpolation_raw interpolation_cor interpolation_unc "pixel location x" "pixel location y" "B_virtual [raw]" "B_virtual_unc [raw]" "B_virtual [int]" "B_virtual_unc [int]" "B_virtual [cor]" "B_virtual_unc [cor]"
[from data line 217]
318.4317627732262 -8.864180544083762 0.35351562 1.1665039 [318.4317627732262,-8.864180544083762] -41.644408429606806 2.800875795399327 0.00021324020513878737 2.219584305595766e-05 [2520.591308594,-859.4995117188] -17.00819874914559 -16.190178396509445 6.621752645229391 32.062422536208715 23.769004240291906 -1.0185028126705183e-05 2.5733751068710606e-06 -6.025310431652424e-06 2.674055819129898e-06 -6.225374752746085e-06 2.688252579984142e-06
315.3589170287348 -9.094866875267027 0.35742188 1.2080078 [315.3589170287348,-9.094866875267027] -25.892338022606936 0.6106653851229119 0.0009974353135548265 2.2635846825030863e-05 [-2941.9296875,-442.4252929688] -20.240060111673916 -22.80146081209954 7.715836266101453 63.32024232405115 46.645142173478234 -6.222788361496591e-06 2.003228723916921e-06 -1.3584300177677398e-06 2.519089011265155e-06 -7.42840399950253e-07 2.51137854255098e-06
315.23529025925006 -10.602990099692141 0.40039062 1.6313477 [315.23529025925006,-10.602990099692141] -38.85396696038326 0.5628216282155084 0.0011322337334677675 2.3681847023261008e-05 [-3147.141601562,2273.046386719] -20.77672875273302 -20.613133595303278 7.781909690059391 56.67798758969889 66.85131561643902 -8.035459917311353e-06 1.898610094985351e-06 -3.738586672021764e-06 2.2412443768670135e-06 -3.7724200855193693e-06 2.242556968170289e-06
316.7228699871731 -8.775021558658484 0.34765625 1.1108398 [316.7228699871731,-8.775021558658484] -25.866118377921357 3.1428775105527644 0.00018881337157891116 2.2053062374820655e-05 [-518.5434570312,-1024.822753906] -20.3243045758127 -19.99444670067186 6.967421675341757 50.60231197018811 33.81687363547189 -6.482673825071778e-06 2.251161134931901e-06 -1.3889123506454138e-06 2.6096635437067153e-06 -1.4715826988563996e-06 2.611139587500088e-06
319.2846984726935 -8.433785353289519 0.33789062 0.9941406 [319.2846984726935,-8.433785353289519] 17.2317939514764 3.0010114630241684 0.0002323165079007739 2.59093446671984e-05 [4041.353759766,-1626.213867188] -8.91746178216631 -12.149543184262164 6.817346786736939 25.444697688946917 12.375815373634396 4.5651517287419375e-06 2.2004293311783584e-06 6.927619976997584e-06 3.0179323351924917e-06 7.783882652941918e-06 3.094147521194862e-06
318.18191541141283 -9.84008030934151 0.46484375 2.2509766 [318.18191541141283,-9.84008030934151] -66.53963181606605 2.7253288577543966 0.0002133169557873492 2.1604936556815664e-05 [2070.537109375,895.4624023438] -19.599811029038605 -18.687079059630314 7.177047657067864 29.425312736134856 38.28179140827797 -1.1715033669620052e-05 2.079411534747353e-06 -8.264271471865638e-06 2.151081935640931e-06 -8.424967968992557e-06 2.162745845507237e-06
318.6926879621108 -7.842992509837727 0.37109375 1.3422852 [318.6926879621108,-7.842992509837727] -18.465917052452774 0.656442009629397 0.00099014454200223 2.415481231692647e-05 [2992.296142578,-2695.28515625] -9.50929768929642 -10.849314991176529 6.397277186905143 34.96578373097327 8.666311758750908 -4.2101456532188175e-06 1.7469366088421424e-06 -2.042068746015486e-06 2.193249391125168e-06 -1.7365508558005952e-06 2.1860770512491873e-06
318.7037963617472 -7.845483757957246 0.37109375 1.3422852 [318.7037963617472,-7.845483757957246] -10.198579175935906 0.7088967167499686 0.0009170151272033066 2.4158400012527254e-05 [3012.077636719,-2690.708007812] -9.50929768929642 -10.849314991176529 6.397277186905143 34.83503683666618 8.623193747654113 -2.3252299717695982e-06 1.6493464453523465e-06 -1.5715306456626701e-07 2.168243225551303e-06 1.4836482564862413e-07 2.168226379405466e-06
318.69989008267567 -7.844359281434988 0.37109375 1.3422852 [318.69989008267567,-7.844359281434988] -8.938078687329739 1.6014140041943445 0.0004069944897340015 2.4221489948359723e-05 [3005.123291016,-2692.764648438] -9.50929768929642 -10.849314991176529 6.397277186905143 34.882404925563606 8.635124553130026 -2.0378415556995415e-06 1.671350923308125e-06 1.3023535150378966e-07 2.1927732588543905e-06 4.3575324171868075e-07 2.193845797044855e-06
318.7015685466522 -7.840234754440121 0.37109375 1.3422852 [318.7015685466522,-7.840234754440121] -9.488457945965198 1.7743164320797429 0.0003675155735956233 2.4233465511639002e-05 [3008.144775391,-2700.171875] -9.50929768929642 -10.849314991176529 6.397277186905143 34.88785141329902 8.570044273437361 -2.163325539884237e-06 1.6846655038160875e-06 4.751367319094624e-09 2.199575890396579e-06 3.1026925753398576e-07 2.2001710676110465e-06
317.7657470955929 -9.80997384874378 0.5234375 2.8232422 [317.7657470955929,-9.80997384874378] -84.61660581735535 3.18173501504405 0.0001829848782036523 2.163654497823918e-05 [1332.680664062,839.2670898438] -22.016286087219278 -19.533981237370135 6.59159833828212 33.992411592013696 40.578320744026314 -1.3302405040974308e-05 2.101235358687759e-06 -9.84126934306749e-06 2.037595767474315e-06 -1.0231507455656679e-05 2.0694346874166887e-06
316.5762634539104 -11.099287087244287 0.34375 1.0527344 [316.5762634539104,-11.099287087244287] -17.642330340367813 3.3012347893723866 0.00018263385953744274 2.2406107399566327e-05 [-773.8139648438,3158.611572266] -20.390526874314684 -18.7730264806326 7.164901137460571 39.85067021989016 65.10985485387573 -4.54197962612118e-06 2.1649492231407974e-06 7.075172284470044e-07 2.7184400462358926e-06 2.9109526538371353e-07 2.7157804380559223e-06
317.11010738084065 -7.660107241564628 0.35742188 1.1933594 [317.11010738084065,-7.660107241564628] -34.80834955544062 2.3008072724472046 0.0002587056350310042 2.2120494588502635e-05 [170.7993164062,-3031.440429688] -20.033110821417203 -15.914490172956542 6.908014075969355 52.644191916136606 16.940893335043256 -8.416789022875823e-06 2.310208654092979e-06 -3.5727079501090626e-06 2.52077958038542e-06 -4.5686058167441994e-06 2.5694036849084803e-06
316.9045106113851 -8.886011953330486 0.40039062 1.6147461 [316.9045106113851,-8.886011953330486] -20.145028638113672 0.09792212899337309 0.0061045341316048616 2.2214783070400787e-05 [-195.3603515625,-825.232421875] -19.52367095755235 -18.15862828917713 7.22002366819891 48.07898128043189 34.0754155937143 -4.187592391121893e-06 1.5903870974330784e-06 -1.2916301793489923e-07 2.0906140183595483e-06 -4.1291750616778635e-07 2.0914772806985057e-06
317.41326895084643 -8.6181659828486 0.34960938 1.1186523 [317.41326895084643,-8.6181659828486] -45.22869434121703 2.523638314470531 0.0002339451345685418 2.1940667348872293e-05 [709.9174804688,-1306.959472656] -21.57343671053517 -18.61930767335597 6.57504028377498 44.16034516140553 27.285268708015792 -1.1295751159853529e-05 2.7572997296623218e-06 -5.907840314879597e-06 2.6990781944914684e-06 -6.6456265141965334e-06 2.7543058106416433e-06
316.60501106986254 -8.054294689180928 0.41992188 1.8325195 [316.60501106986254,-8.054294689180928] -23.950399210098748 2.9363421397612153 0.00020280144539799863 2.2130254423906097e-05 [-729.560546875,-2321.7421875] -20.87400831483058 -18.796770337462952 6.962654810779759 55.78897002373708 25.318082007615885 -4.673444449701959e-06 1.6302257318476288e-06 -6.002965473971065e-07 2.0118433522143236e-06 -1.0056282586090647e-06 2.015274495947036e-06
315.53546121243625 -9.772450314880995 0.3515625 1.140625 [315.53546121243625,-9.772450314880995] -34.07758481649246 2.510850393183867 0.0002386843691624635 2.2271707726269198e-05 [-2623.1015625,775.8115234375] -19.78874410234345 -20.58456060788646 7.528505877561005 57.83979259754358 54.24565557261894 -8.428416692154292e-06 2.3760560650672207e-06 -3.534062177093665e-06 2.692216108054587e-06 -3.3372327023720764e-06 2.684204093048724e-06
316.6601561180645 -9.724276442689499 0.42578125 1.8813477 [316.6601561180645,-9.724276442689499] -88.3684257454198 1.104409251084203 0.0005317012776983696 2.1822597521421548e-05 [-628.4047851562,683.9155273438] -20.08293676423985 -19.404703315793498 7.767445435056435 46.16383660891893 46.5355550932527 -1.701810598816611e-05 2.8137000962368315e-06 -1.3150507991206366e-05 2.7776498130403137e-06 -1.328112306794918e-05 2.7906110080363404e-06
316.6422119578081 -9.727634480332226 0.43554688 1.9736328 [316.6422119578081,-9.727634480332226] -84.8243547472914 0.6360022255218601 0.0009234731730580716 2.1826878060723435e-05 [-660.2329101562,689.9926757812] -20.229835658383173 -19.62011185004176 7.725061283503187 46.336211901420484 46.69335401833632 -1.594909410190096e-05 2.6275651591833517e-06 -1.2145380492256937e-05 2.6167133132744317e-06 -1.2260023773946236e-05 2.627530578512852e-06
316.6717833315122 -9.726977453057845 0.42578125 1.8813477 [316.6717833315122,-9.726977453057845] -81.95124081011802 1.1972748581712822 0.0004911443902057739 2.1853034625399874e-05 [-607.7719726562,688.7568359375] -20.08293676423985 -19.404703315793498 7.767445435056435 46.02619984195667 46.49686766004379 -1.5782276194284232e-05 2.660346317779891e-06 -1.1914678197324485e-05 2.660020758844711e-06 -1.2045293274067297e-05 2.672289825047537e-06
316.65875238079644 -9.724609257717454 0.42578125 1.8813477 [316.65875238079644,-9.724609257717454] -88.83078141223038 1.4536041264818527 0.00040385077875623103 2.1816032655857594e-05 [-630.89453125,684.5170898438] -20.08293676423985 -19.404703315793498 7.767445435056435 46.17694784236426 46.5488151306854 -1.710714704186418e-05 2.8308226636999065e-06 -1.3239549044904437e-05 2.792416333700028e-06 -1.3370164121647246e-05 2.8053959696424694e-06
316.56411731378523 -9.666744300498374 0.4140625 1.7670898 [316.56411731378523,-9.666744300498374] -58.40315552796128 2.7429282907916646 0.0002156098226929474 2.1978178661432462e-05 [-798.923828125,580.5541992188] -20.513870823108423 -19.949656925923243 7.515551951891961 47.48819871974547 46.39637897902412 -1.1605280224537029e-05 2.2740922847924136e-06 -7.528972750394667e-06 2.3873395704009487e-06 -7.64108758946834e-06 2.3951017117443964e-06
316.2884217168848 -10.15156568551054 0.40625 1.6821289 [316.2884217168848,-10.15156568551054] -58.55567125951365 1.6941553883078098 0.00034210825428260445 2.153899807299424e-05 [-1286.19921875,1454.001953125] -18.527285814420036 -19.836324116056993 6.970981523030317 47.846604281176724 54.454830091633994 -1.1925812065086386e-05 2.318938437947258e-06 -8.15242984699738e-06 2.38217216786693e-06 -7.885822967842428e-06 2.361728044398653e-06
316.28833019297457 -10.154003085062696 0.40625 1.6821289 [316.28833019297457,-10.154003085062696] -54.924156270142035 2.8834916077714796 0.00019983334812572056 2.141387976135649e-05 [-1286.3515625,1458.389160156] -18.527285814420036 -19.836324116056993 6.970981523030317 47.83474975298009 54.48720993404913 -1.1186195144244518e-05 2.283765634152433e-06 -7.412812926155512e-06 2.3747540961498508e-06 -7.146206047000561e-06 2.356144564129532e-06
316.6355286177472 -7.7738651783745265 0.38085938 1.4282227 [316.6355286177472,-7.7738651783745265] -21.33896926384289 3.0155687900337846 0.0001979021870712259 2.217831445331159e-05 [-675.6323242188,-2826.41796875] -20.68957973986439 -17.081159315255753 7.1484787905094445 57.01561930568073 21.53295269215414 -4.716546419133436e-06 1.847643782147835e-06 -1.4353438519326053e-07 2.3097903736599594e-06 -9.41102544272695e-07 2.314631225077003e-06
315.6542360063292 -9.363146747040913 0.36914062 1.3232422 [315.6542360063292,-9.363146747040913] -36.34169579193589 0.526560522698146 0.001138075663885804 2.227040607189014e-05 [-2415.381835938,38.22998046875] -20.222300148811776 -21.33540748381781 7.148549478783771 58.754111555443274 48.22560191972343 -8.345150120787152e-06 2.1254191484914617e-06 -3.7014997117465934e-06 2.3812875145179143e-06 -3.445896674828435e-06 2.3706937746997742e-06
316.3029172187035 -11.698761947989064 0.40625 1.6113281 [316.3029172187035,-11.698761947989064] -21.605480680269974 1.265711655937358 0.0006326980620993109 2.976048379556719e-05 [-1253.958984375,4237.752685547] -17.141126841260572 -16.60714598370745 6.394718926361682 39.69022955743367 74.7195852322011 -4.495940689575484e-06 1.6358921257921272e-06 -9.289990060621083e-07 1.995657017208074e-06 -1.040116472063216e-06 1.9969717816017383e-06
319.5785522655908 -11.098260847297604 0.3203125 0.8105469 [319.5785522655908,-11.098260847297604] -11.394050205921436 0.8081021578256739 0.0010178436941883906 3.0567228257200515e-05 [4527.719726562,3172.730712891] -13.655683539440819 -13.894101406678807 6.224133638745509 7.979137102656068 46.13194211185555 -3.3430101493345144e-06 2.1911512758437755e-06 6.635623901410671e-07 2.7622293693430146e-06 7.335141049005009e-07 2.7630631864946545e-06
317.4787901633587 -10.522625869399155 0.40234375 1.6274414 [317.4787901633587,-10.522625869399155] -48.7361530715005 0.8124598139157903 0.0007236620319626548 2.184974533277927e-05 [821.9067382812,2121.0234375] -20.565929638472085 -19.402171292168898 7.355577629601318 33.2630393019374 51.834850713391006 -1.0091301903124106e-05 2.123677409960906e-06 -5.83292302377855e-06 2.2900307026889705e-06 -6.073890684841101e-06 2.304630459871183e-06
314.7865904062062 -11.199816742051198 0.34179688 1.0522461 [314.7865904062062,-11.199816742051198] -40.602277615232936 1.3646827172185159 0.0004999785913898343 2.5356645754237e-05 [-3932.624023438,3351.416015625] -23.75233548482035 -20.219490697629137 7.245428118705571 58.3783101925078 77.32495004643215 -1.0455393183254764e-05 2.67238827111421e-06 -4.338987377950874e-06 2.7391299470725785e-06 -5.248721596694262e-06 2.793485101898245e-06
316.038604922117 -9.56239595241369 0.3515625 1.1411133 [316.038604922117,-9.56239595241369] -33.150496287327066 1.106042754894129 0.0005226932033373264 2.1484609842457352e-05 [-1731.874023438,394.6157226562] -21.35247507824129 -21.830776031899262 7.003350899781795 53.61586735653054 48.371112358211576 -8.19736529308614e-06 2.282497702441262e-06 -2.9173828575056873e-06 2.51811232177012e-06 -2.7991098879795957e-06 2.5138356287240307e-06
316.95800767836386 -8.758956999486266 0.3984375 1.6118164 [316.95800767836386,-8.758956999486266] -34.51985858719421 0.09539295478227187 0.006189875131189433 2.1943550196054372e-05 [-100.2563476562,-1053.944335938] -19.85264398815044 -18.436456612572417 7.322720959561764 48.20325518597713 32.08355246283372 -7.182239054248818e-06 1.8241303129820327e-06 -3.051676508008051e-06 2.1588310131234124e-06 -3.3463299826542044e-06 2.169013821864142e-06
316.9577331601143 -8.761065355482591 0.3984375 1.6118164 [316.9577331601143,-8.761065355482591] -37.31821060537896 0.16960739146563095 0.0034812198700022597 2.194244061715681e-05 [-100.744140625,-1050.149414062] -19.85264398815044 -18.436456612572417 7.322720959561764 48.19469155155798 32.11261615815556 -7.764467196979345e-06 1.8792913325672233e-06 -3.6339046507385778e-06 2.1799993716152896e-06 -3.92855812538473e-06 2.191914158492111e-06
316.9563293828379 -8.768901901090963 0.3984375 1.6118164 [316.9563293828379,-8.768901901090963] -33.18063053719155 0.3117312837512882 0.0018982388994799257 2.1990745885793133e-05 [-103.2392578125,-1036.043945312] -19.85264398815044 -18.436456612572417 7.322720959561764 48.166919796147795 32.22313936583123 -6.903597819987134e-06 1.7998647525338933e-06 -2.773035273746367e-06 2.150912281786506e-06 -3.06768874839252e-06 2.1602441264039782e-06
315.04193133399656 -7.869050748220604 0.35351562 1.1484375 [315.04193133399656,-7.869050748220604] -26.708356731909163 2.826272368214398 0.00023586050953947762 2.4772962665166938e-05 [-3516.251953125,-2645.673828125] -21.117058099134795 -21.974993311254416 7.857875207695894 73.32168771918259 33.091221929482344 -6.583276862865144e-06 2.200015457153906e-06 -1.3781853856450952e-06 2.697071665166338e-06 -1.1667150548988927e-06 2.693898248825653e-06
