data_processed/hvc_rms/hvc_rms_index_17.ecsv
# %ECSV 1.0
# ---
# datatype:
# - {name: ra_dec_obj.ra, unit: deg, datatype: float64}
# - {name: ra_dec_obj.dec, unit: deg, datatype: float64}
# - {name: 'H-alpha flux [Error]', unit: R, datatype: float32}
# - {name: H-alpha flux, unit: R, datatype: float32}
# - {name: ra_dec_deg, datatype: string, subtype: 'float64[2]'}
# - {name: RM, unit: rad / m2, datatype: float64}
# - {name: RM_uncert, unit: rad / m2, datatype: float64}
# - {name: pol_int, datatype: float64}
# - {name: pol_int_uncert, datatype: float64}
# - {name: ra_dec_pix_offsets, datatype: string, subtype: 'float64[2]'}
# - {name: interpolation_raw, unit: rad / m2, datatype: float64}
# - {name: interpolation_cor, unit: rad / m2, datatype: float64}
# - {name: interpolation_unc, unit: rad / m2, datatype: float64}
# - {name: interpolation_cor_unc, unit: rad / m2, datatype: float64}
# - {name: HI, unit: dex(1 / cm2), datatype: float64}
# - {name: 'HI [Error]', unit: dex(1 / cm2), datatype: float64}
# - {name: pixel location x, datatype: float64}
# - {name: pixel location y, datatype: float64}
# meta: !!omap
# - __serialized_columns__:
#     ra_dec_obj:
#       __class__: astropy.coordinates.sky_coordinate.SkyCoord
#       dec: !astropy.table.SerializedColumn
#         __class__: astropy.coordinates.angles.Latitude
#         unit: &id001 !astropy.units.Unit {unit: deg}
#         value: !astropy.table.SerializedColumn {name: ra_dec_obj.dec}
#       frame: icrs
#       ra: !astropy.table.SerializedColumn
#         __class__: astropy.coordinates.angles.Longitude
#         unit: *id001
#         value: !astropy.table.SerializedColumn {name: ra_dec_obj.ra}
#         wrap_angle: !astropy.coordinates.Angle
#           unit: *id001
#           value: 360.0
#       representation_type: spherical
# schema: astropy-2.0
ra_dec_obj.ra ra_dec_obj.dec "H-alpha flux [Error]" "H-alpha flux" ra_dec_deg RM RM_uncert pol_int pol_int_uncert ra_dec_pix_offsets interpolation_raw interpolation_cor interpolation_unc interpolation_cor_unc HI "HI [Error]" "pixel location x" "pixel location y"
[from data line 49]
151.48187267026688 -66.98035433598922 3.59375 23.992188 [151.48187267026688,-66.98035433598922] 28.867919634005734 2.3474701115983887 0.00023336972312717864 2.0358852015496083e-05 [362.8837890625,3739.707275391] 32.98668009803557 48.14234981314458 22.344409988614828 33.60849588042149 0.0 0.0 56.54420522223768 10.939386209847953
151.08868397373524 -66.56750489485485 3.765625 25.695312 [151.08868397373524,-66.56750489485485] -51.650061870249246 2.8532378024147445 0.0001635290943951168 1.7339704984819275e-05 [87.57080078125,2995.588134766] 33.32281979363184 53.87322485917588 23.656709187584624 34.31495488388812 0.0 0.0 59.40253482931348 15.448685251960796
144.2042691054783 -66.2194671721225 2.703125 15.003906 [144.2042691054783,-66.2194671721225] -29.824411640504742 0.12122052799312188 0.005389613195488178 2.4279652805099916e-05 [-4896.68359375,2631.338134766] 32.1686569380297 30.80151145503081 20.68588550107067 19.394721756882223 0.0 0.0 41.42218521898121 43.912413458687524
144.22648563962252 -66.22219085363456 2.703125 15.003906 [144.22648563962252,-66.22219085363456] -29.424967305821525 2.0041622632966325 0.000323570151625253 2.4099611195512547e-05 [-4880.143554688,2634.494384766] 32.1686569380297 30.80151145503081 20.68588550107067 19.394721756882223 0.0 0.0 41.4712017247906 43.80963263209151
144.21525545893468 -66.22076412546808 2.703125 15.003906 [144.21525545893468,-66.22076412546808] -28.348371694897953 1.1603314723596598 0.0005615861731667973 2.4216266181246922e-05 [-4888.513671875,2632.808837891] 32.1686569380297 30.80151145503081 20.68588550107067 19.394721756882223 0.0 0.0 41.44686949795437 43.8620016359846
144.47274736569915 -64.19402308633416 3.359375 21.617188 [144.47274736569915,-64.19402308633416] -30.1032423440192 1.3173947525764358 0.0005357645651591568 2.6230019828433205e-05 [-5077.487304688,-1015.356445312] 36.75997587360125 44.04106017192373 22.278343636966607 28.25459900211738 0.0 0.0 60.24031114924071 59.573962852703744
153.58209211379975 -67.06076814597668 3.8125 26.101562 [153.58209211379975,-67.06076814597668] -13.87679704460227 0.1924153863204298 0.00304672635250793 2.1786223227113438e-05 [1834.482910156,3920.770629883] 32.43610213260824 51.35040674666305 23.311978280931644 35.25861925828223 0.0 0.0 61.49623066406491 2.2785953938664534
153.57975796411455 -67.06177517664229 3.8125 26.101562 [153.57975796411455,-67.06177517664229] -14.578723439127703 0.21092323892097103 0.002776672936524095 2.1764959442336154e-05 [1832.770996094,3922.512817383] 32.43610213260824 51.35040674666305 23.311978280931644 35.25861925828223 0.0 0.0 61.48007903517589 2.280700927974749
148.10031084666417 -67.33783720039685 3.390625 21.890625 [148.10031084666417,-67.33783720039685] -31.481682308025405 1.1272687356232325 0.0005999622890314021 2.5133913653927717e-05 [-1986.831054688,4426.26171875] 32.92911892049088 30.98866498097841 21.017606724942 22.22843062839063 0.0 0.0 43.45809136962146 20.83677555032773
148.07566786805486 -67.32540130598952 3.390625 21.890625 [148.07566786805486,-67.32540130598952] -34.23238648467679 2.7505976520173783 0.00024275090382812215 2.4813991359981988e-05 [-2004.942382812,4404.698608398] 32.92911892049088 30.98866498097841 21.017606724942 22.22843062839063 0.0 0.0 43.50055715279427 21.022626088786637
144.5019384574134 -64.4240646430854 3.375 21.679688 [144.5019384574134,-64.4240646430854] 1.4535643839670611 2.227133365963506 0.00030955952450775656 2.562117828120662e-05 [-5012.740234375,-605.7915039062] 36.27895850762245 43.726577301508705 21.55803949018036 28.008487610539564 0.0 0.0 58.30163673505194 57.578944807831476
144.11848492910084 -65.62874618429102 2.859375 16.578125 [144.11848492910084,-65.62874618429102] -1.1695295886191979 1.6249706356452276 0.00041413350560947363 2.5008899954828997e-05 [-5074.283203125,1581.170410156] 31.20231010857998 35.0439963052538 17.12902226873142 20.301274636129442 18.7163028717041 9.35815143585205 46.33910929079502 49.1177110089543
146.75447092464364 -67.34043122947597 3.015625 18.164062 [146.75447092464364,-67.34043122947597] -46.879303543214405 3.071174619025834 0.00023568919383321808 2.6900037416515937e-05 [-2918.09765625,4483.111694336] 33.84813036407708 27.61042763665172 18.776940772790116 17.909796564611426 0.0 0.0 39.423567753356906 25.652500999144195
144.68766716418537 -66.75833127698199 2.59375 13.921875 [144.68766716418537,-66.75833127698199] -71.30958226149683 0.3053950508618457 0.0019345883948834052 2.1956306065977224e-05 [-4450.80078125,3559.996337891] 30.112119706270335 22.144261943186486 19.583810544448653 15.481581306861072 0.0 0.0 38.230008315873874 37.72758270050144
146.54270893555287 -66.55559540638265 2.875 16.765625 [146.54270893555287,-66.55559540638265] -74.18619553442194 2.682788620579518 0.000190981106560139 1.9040816341800416e-05 [-3164.821289062,3084.841796875] 31.35237023772225 34.54063609416649 19.272049085698377 22.722695266573762 0.0 0.0 45.90705726863814 32.668253234201984
149.41040056292775 -66.39726263035571 3.328125 21.234375 [149.41040056292775,-66.39726263035571] -37.35868535935965 1.4434819855988097 0.0003220505905175105 1.727603882254232e-05 [-1121.248535156,2702.998535156] 26.9599694839697 45.17655054923347 24.43047434929329 30.50632957032435 0.0 0.0 56.11862148144337 23.157560238658107
149.43476882923468 -66.38698573955342 3.328125 21.265625 [149.43476882923468,-66.38698573955342] -41.825310652380864 1.5313513029499766 0.000304048555164407 1.7303202068536952e-05 [-1104.145996094,2684.083007812] 26.04024873243608 45.161223518685595 24.683284204535457 30.78062626139239 0.0 0.0 56.28798286795336 23.141896275883482
151.9269563463676 -66.4820708560579 3.546875 23.476562 [151.9269563463676,-66.4820708560579] -26.329337594392072 2.875456136275015 0.00016294243897048384 1.7412040268158344e-05 [689.9379882812,2847.008300781] 29.516398562342967 52.98193185536917 21.56051949718989 34.94443530634693 0.0 0.0 62.610467771265235 12.806995234617034
146.3668060253078 -66.68074032433 2.984375 17.804688 [146.3668060253078,-66.68074032433] -40.004646169241745 1.5624908607612453 0.000334006913354675 1.9394636528310696e-05 [-3273.817382812,3318.374755859] 31.23982606511439 32.071961446086895 18.71621844410162 21.444025102282016 0.0 0.0 44.2234488917386 32.31288751045486
151.13980122972356 -66.5632553115028 3.765625 25.695312 [151.13980122972356,-66.5632553115028] -47.39782605215554 0.9565728343787002 0.0004914816116079022 1.7471653980767688e-05 [124.181640625,2988.026855469] 33.32281979363184 53.87322485917588 23.656709187584624 34.31495488388812 0.0 0.0 59.58965201338458 15.282066641337678
147.58071850623574 -65.9653396467382 3.359375 21.632812 [147.58071850623574,-65.9653396467382] -19.60092401045315 0.6353896861969813 0.000748483378457216 1.7673844294314944e-05 [-2480.650390625,1978.365234375] 30.402746125656112 46.767272493086026 21.521759291085413 28.882044234714108 0.0 0.0 54.551840142016545 33.44030954484015
147.58975283241423 -65.95923615710296 3.359375 21.632812 [147.58975283241423,-65.95923615710296] -20.52470888473144 0.6212622970295747 0.00076630374386094 1.769231440981227e-05 [-2474.629882812,1967.042724609] 30.402746125656112 46.767272493086026 21.521759291085413 28.882044234714108 0.0 0.0 54.63636786829477 33.45350411974255
148.84831177066576 -65.8348922990951 3.375 21.789062 [148.84831177066576,-65.8348922990951] -25.807628949810645 1.2635109893060503 0.00036073529844501067 1.693855534171705e-05 [-1560.370117188,1703.304931641] 30.96131722606758 51.79922248939219 20.575213107882444 31.126843103822466 0.0 0.0 59.696819326744276 29.576702101461024
149.88487212941484 -65.95042421177565 3.421875 22.234375 [149.88487212941484,-65.95042421177565] 12.760531816645534 1.093724325725335 0.0004172167907084184 1.695814532586988e-05 [-793.2900390625,1891.873779297] 35.856884180356936 54.19299339320979 20.92775587533545 30.253351353116184 0.0 0.0 61.75775029439944 24.67309381994437
151.6555937007599 -66.41796874295812 3.515625 23.101562 [151.6555937007599,-66.41796874295812] -24.766090752251944 0.9091551976040944 0.0005116340994014151 1.7286465777252048e-05 [496.3178710938,2729.136474609] 29.27588958586097 54.417146163929644 22.278392523573636 35.58732967259122 0.0 0.0 62.46136194424366 14.328267482104366
145.2880859172799 -66.8979644560505 2.828125 16.226562 [145.2880859172799,-66.8979644560505] -69.64208254874445 1.809612255593854 0.00031631426099487685 2.1272229238632927e-05 [-4003.779296875,3769.931640625] 28.813552485670535 21.635661297949625 19.654294318538764 17.04292856534673 17.95242691040039 8.976213455200195 38.892403859765636 34.44544321160629
144.8898316787708 -65.9167632727768 2.703125 15.0546875 [144.8898316787708,-65.9167632727768] -60.72543517801793 2.9073229289169262 0.00020274048978190996 2.1904960173870448e-05 [-4454.942382812,2038.727783203] 32.191978767511486 36.05022051877245 18.644344403871035 21.477273553615465 0.0 0.0 46.354817381460975 43.903610797789725
148.15139805919438 -66.6964339992695 3.625 24.21875 [148.15139805919438,-66.6964339992695] -80.9886595503054 1.2440369144100973 0.00040301751430980745 1.863227522257995e-05 [-2003.66796875,3272.099121094] 34.71100721114258 42.10225916960591 19.26533265761801 24.852186327745258 0.0 0.0 49.55009076992246 25.619056417103366
148.70709220970602 -67.31856536578489 3.234375 20.382812 [148.70709220970602,-67.31856536578489] -25.091432875768284 0.33678364942060424 0.0019510244672212274 2.4418693159226735e-05 [-1567.693359375,4374.577392578] 30.75213459489851 35.36864190145454 22.31529487671669 24.05977719639564 0.0 0.0 45.41418071409635 18.778796233354342
148.70817506663775 -67.31556697643751 3.234375 20.382812 [148.70817506663775,-67.31556697643751] -24.576011012867937 0.24492339350754733 0.002679855632153451 2.4392166163264557e-05 [-1567.138671875,4369.161743164] 30.75213459489851 35.36864190145454 22.31529487671669 24.05977719639564 0.0 0.0 45.44529001727631 18.797848228182147
148.71821622179598 -67.3138122621114 3.234375 20.382812 [148.71821622179598,-67.3138122621114] -20.044370825337225 0.664286672202451 0.0009851246672064324 2.43195444816629e-05 [-1560.288085938,4365.759765625] 30.75213459489851 35.36864190145454 22.31529487671669 24.05977719639564 0.0 0.0 45.49090490791275 18.774640902241572
148.6618955397574 -67.33933255755909 3.265625 20.679688 [148.6618955397574,-67.33933255755909] -19.064382372133572 1.3081110219689602 0.0005112224590845759 2.48521080533008e-05 [-1597.651367188,4413.03137207] 30.61683922793116 34.459461624721634 22.22352419490344 23.706969197174175 0.0 0.0 45.08894944103645 18.784276385628345
148.6481317636121 -67.34558106870409 3.265625 20.679688 [148.6481317636121,-67.34558106870409] -18.484940751270386 0.9679699639686242 0.0006918543295216068 2.4887727765360177e-05 [-1606.768554688,4424.609619141] 30.61683922793116 34.459461624721634 22.22352419490344 23.706969197174175 0.0 0.0 44.99063401554929 18.7864511312207
148.67095996258496 -67.33808898094756 3.265625 20.679688 [148.67095996258496,-67.33808898094756] -19.372688706712317 1.609481639037836 0.00041581796636143035 2.4871271012499236e-05 [-1591.453125,4410.567871094] 30.61683922793116 34.459461624721634 22.22352419490344 23.706969197174175 0.0 0.0 45.12694395847393 18.760774833480355
148.6837620326261 -67.32142638132306 3.234375 20.382812 [148.6837620326261,-67.32142638132306] -29.993745401346047 3.1242188903745443 0.00021034021327162488 2.4421507408022566e-05 [-1583.684570312,4380.30065918] 30.75213459489851 35.36864190145454 22.31529487671669 24.05977719639564 0.0 0.0 45.31953180731068 18.84200208860352
145.09204041674167 -65.11092375815211 3.03125 18.296875 [145.09204041674167,-65.11092375815211] 6.237390013614189 2.1208298618656554 0.0002539110779610606 2.0012262098896363e-05 [-4442.358398438,580.5859375] 34.800069836766106 45.96853914733825 18.154082785634852 26.166040453761216 0.0 0.0 54.211277784399044 49.712641910797856
147.26835582409407 -67.0889129538784 3.328125 21.296875 [147.26835582409407,-67.0889129538784] -57.8895080117953 0.6707234278561276 0.0008986027642661639 2.239855128732109e-05 [-2589.521484375,4009.268920898] 36.815212648313775 35.58779695685728 19.543638056440447 21.45744253791245 0.0 0.0 43.269675480462524 25.79781394118845
145.4017034161161 -66.14149470548887 2.640625 14.457031 [145.4017034161161,-66.14149470548887] -68.73672146411222 2.483632048760346 0.00021627829860356527 1.9962223006047615e-05 [-4045.0546875,2407.050048828] 29.658308924907285 33.922180719485716 19.844035876476703 21.89338694042022 0.0 0.0 46.01759674239122 40.188616850801964
145.37257376349655 -66.71888735705309 2.78125 15.875 [145.37257376349655,-66.71888735705309] -53.707853105943784 2.285199223046998 0.0002366659096384654 2.0098723504923595e-05 [-3973.28515625,3443.741210938] 30.289005345092775 26.161654160446176 19.164256324234987 18.24224410490689 0.0 0.0 40.75873839549763 35.60244908335994
146.75250256696958 -65.62443539697279 3.125 19.226562 [146.75250256696958,-65.62443539697279] -11.158931980140048 2.944491151800562 0.00016313980514852435 1.7851671890986152e-05 [-3127.629882812,1402.635742188] 32.357481623643075 45.03555912184554 19.917590433996317 28.070520960602593 0.0 0.0 55.047418424599186 39.26902802970881
148.6552278072117 -65.50709536646409 3.625 24.320312 [148.6552278072117,-65.50709536646409] -48.074080625223644 2.391336117440732 0.00018874551948269163 1.6773588227507722e-05 [-1724.233398438,1118.702636719] 32.900901661836926 49.42665572383854 20.680535083501074 31.15161478732058 0.0 0.0 62.16369034828756 32.82368643958898
144.72935518803288 -67.19676970280224 2.734375 15.40625 [144.72935518803288,-67.19676970280224] 4.596634354106897 1.9321563543457585 0.0003577123334849282 2.5685314342429374e-05 [-4342.439453125,4341.848022461] 29.941564417645722 20.168507520718197 17.15823944570068 12.698592096075968 19.10980796813965 9.554903984069824 34.4798199363878 33.965597802929324
144.71766629801883 -64.04805002861646 3.5 23.0625 [144.71766629801883,-64.04805002861646] -21.17076363162095 1.555649678573507 0.00039928744639418194 2.308373940852261e-05 [-4912.495117188,-1296.101074219] 38.142431184146204 45.446663595137125 21.992256685045202 28.650583733050336 0.0 0.0 62.39958661925209 59.80347964555767
148.4308630439449 -66.22734064700676 3.734375 25.367188 [148.4308630439449,-66.22734064700676] -47.72702137140682 0.9001125955268303 0.0005288430710740753 1.7690184429919265e-05 [-1839.146484375,2420.316894531] 32.84003520146672 49.981980341820254 22.594488562613172 29.916268588178262 0.0 0.0 54.75491201514865 28.182030268670815
144.53753686379807 -64.40907294535886 3.375 21.679688 [144.53753686379807,-64.40907294535886] 9.268107353277102 3.326195270279827 0.00020579971013013967 2.5439068430273866e-05 [-4987.978515625,-635.4501953125] 36.27895850762245 43.726577301508705 21.55803949018036 28.008487610539564 0.0 0.0 58.558847937747714 57.563434030358394
150.33116130845758 -66.50247961427793 3.359375 21.664062 [150.33116130845758,-66.50247961427793] -64.14752972985562 2.6060893356014585 0.00017892020493555608 1.7328357096774165e-05 [-455.849609375,2880.805664062] 28.88928064562106 49.04667056412695 24.244598895418562 33.316873794445975 0.0 0.0 57.83563266242231 18.844920385474097
146.02325446801765 -67.40284725917837 2.609375 14.1171875 [146.02325446801765,-67.40284725917837] -56.54763144503476 2.0155362215196835 0.00038378878009515734 2.8746937493871066e-05 [-3414.606445312,4631.665161133] 25.944326468388006 20.019189481752633 18.45387235114813 15.53567920828015 18.225711822509766 9.112855911254883 36.641958058521595 27.74315853247367
