data_processed/hvc_rms/hvc_rms_index_14.ecsv
# %ECSV 1.0
# ---
# datatype:
# - {name: ra_dec_obj.ra, unit: deg, datatype: float64}
# - {name: ra_dec_obj.dec, unit: deg, datatype: float64}
# - {name: 'H-alpha flux [Error]', unit: R, datatype: float32}
# - {name: H-alpha flux, unit: R, datatype: float32}
# - {name: ra_dec_deg, datatype: string, subtype: 'float64[2]'}
# - {name: RM, unit: rad / m2, datatype: float64}
# - {name: RM_uncert, unit: rad / m2, datatype: float64}
# - {name: pol_int, datatype: float64}
# - {name: pol_int_uncert, datatype: float64}
# - {name: ra_dec_pix_offsets, datatype: string, subtype: 'float64[2]'}
# - {name: interpolation_raw, unit: rad / m2, datatype: float64}
# - {name: interpolation_cor, unit: rad / m2, datatype: float64}
# - {name: interpolation_unc, unit: rad / m2, datatype: float64}
# - {name: interpolation_cor_unc, unit: rad / m2, datatype: float64}
# - {name: pixel location x, datatype: float64}
# - {name: pixel location y, datatype: float64}
# meta: !!omap
# - __serialized_columns__:
#     ra_dec_obj:
#       __class__: astropy.coordinates.sky_coordinate.SkyCoord
#       dec: !astropy.table.SerializedColumn
#         __class__: astropy.coordinates.angles.Latitude
#         unit: &id001 !astropy.units.Unit {unit: deg}
#         value: !astropy.table.SerializedColumn {name: ra_dec_obj.dec}
#       frame: icrs
#       ra: !astropy.table.SerializedColumn
#         __class__: astropy.coordinates.angles.Longitude
#         unit: *id001
#         value: !astropy.table.SerializedColumn {name: ra_dec_obj.ra}
#         wrap_angle: !astropy.coordinates.Angle
#           unit: *id001
#           value: 360.0
#       representation_type: spherical
# schema: astropy-2.0
ra_dec_obj.ra ra_dec_obj.dec "H-alpha flux [Error]" "H-alpha flux" ra_dec_deg RM RM_uncert pol_int pol_int_uncert ra_dec_pix_offsets interpolation_raw interpolation_cor interpolation_unc interpolation_cor_unc "pixel location x" "pixel location y"
128.65634169905005 -58.53139137427633 3.109375 19.117188 [128.65634169905005,-58.53139137427633] -8.815086513154347 1.6774998127365628 0.00040601496441519983 2.5311228477661722e-05 [4906.495361328,-3026.485351562] 54.72013589301837 57.83283915159166 23.0041598789971 22.21639930455796 21.852782900834995 38.80581464741749
128.0358123929122 -57.94158529560468 3.53125 23.304688 [128.0358123929122,-57.94158529560468] -14.774075216998884 1.5103522179381108 0.0004346048543306921 2.4393915422113887e-05 [4398.064697266,-4128.3203125] 52.71549044130824 58.973380282890076 23.085252160993573 23.834912224008093 22.722262934318223 46.99257836867946
127.3982009439305 -59.83709322100586 2.15625 9.59375 [127.3982009439305,-59.83709322100586] 22.774490368576668 2.0174582777617784 0.00023917364365385406 1.793191142338067e-05 [3588.375244141,-763.2934570312] 39.220802942326564 37.725451528796555 16.9751676405275 15.622596177395485 6.569075718141789 30.16764513424664
127.38739010595346 -59.83329769857124 2.15625 9.59375 [127.38739010595346,-59.83329769857124] 9.881236975690031 3.1151147283139515 0.00015513048223974248 1.7958906603328997e-05 [3579.028808594,-770.7001953125] 39.220802942326564 37.725451528796555 16.9751676405275 15.622596177395485 6.540660136364522 30.243587928765237
127.4070130443779 -59.843383905171564 2.15625 9.59375 [127.4070130443779,-59.843383905171564] 15.979372345265983 2.2107201524624513 0.00021923376024547304 1.801150098606549e-05 [3595.646728516,-751.5112304688] 39.220802942326564 37.725451528796555 16.9751676405275 15.622596177395485 6.570699827962358 30.073275515764408
128.73442076282885 -60.20553211177772 2.375 11.699219 [128.73442076282885,-60.20553211177772] 12.014831025912393 1.9234358760673786 0.00032112421192001734 2.29540575892397e-05 [4739.784667969,-17.357421875] 33.93717739539141 38.83424304054768 18.47487998507728 17.05359804296225 10.648920448920421 21.797766349679023
128.7575987770346 -60.20050802065558 2.375 11.808594 [128.7575987770346,-60.20050802065558] 11.107476729026839 2.2087802162020407 0.0002803770526400298 2.3014612814700298e-05 [4761.154785156,-24.7021484375] 34.52429802685304 39.05681017411453 18.45119463312805 17.15248520583888 10.79664004355709 21.76684757877274
128.7467956107609 -60.202930547764346 2.375 11.699219 [128.7467956107609,-60.202930547764346] 11.809725704612914 3.222754120284313 0.0001913484542561253 2.2917161947196106e-05 [4751.181884766,-21.134765625] 33.93717739539141 38.83424304054768 18.47487998507728 17.05359804296225 10.727229376553737 21.780456685370382
125.33535792451788 -58.00516531421776 3.0625 18.6875 [125.33535792451788,-58.00516531421776] -59.85288317122443 0.5449710821618056 0.0010396275950753679 2.1055228533494684e-05 [1819.199707031,-4141.36328125] 54.023034946768995 55.97682405559778 20.43773186250705 20.302903808814857 8.03037575016117 56.11487675920239
125.33389283547227 -58.0054246091314 3.0625 18.6875 [125.33389283547227,-58.0054246091314] -60.21997577676851 0.5914838739049255 0.0009610897970190804 2.1125917455563796e-05 [1817.790039062,-4140.9375] 54.023034946768995 55.97682405559778 20.43773186250705 20.302903808814857 8.020860498490038 56.11736218223814
128.70489512209613 -59.593753777594415 2.640625 14.472656 [128.70489512209613,-59.593753777594415] 15.74359039939561 1.2304281686600096 0.0005009081134611188 2.2904617017310966e-05 [4801.098632812,-1117.131835938] 49.62762390237715 45.93811261886101 20.84177444489921 18.582616450665164 14.733347285283571 28.026184012286194
128.66229256003805 -58.38814533147704 3.1875 19.945312 [128.66229256003805,-58.38814533147704] 4.872907785477292 0.5227126901600431 0.001302224878085688 2.529634262784586e-05 [4932.109375,-3282.953125] 58.08932292017006 58.97571893698783 24.156679329338107 23.12326195876986 22.878089009479936 40.210523629565614
129.0353850692592 -61.55933000072121 2.171875 9.667969 [129.0353850692592,-61.55933000072121] -25.52000703753674 2.4089719421131033 0.00026409779733008176 2.3643143813739773e-05 [4799.758789062,2432.694824219] 24.01996732974318 32.63474508191701 16.955125917586194 18.52224270631575 2.733985099111351 7.181464990365157
124.79022976307407 -58.00998303808709 2.953125 17.53125 [124.79022976307407,-58.00998303808709] -54.41386463633414 2.080714640013206 0.0002773264785426983 2.144433401493138e-05 [1299.340332031,-4145.58203125] 47.70211383083766 49.62457347923066 19.16679889804736 20.142260865293913 5.079279752186949 57.97392794017787
124.79545599886542 -58.01597192209841 2.953125 17.53125 [124.79545599886542,-58.01597192209841] -59.43286937811302 1.7405992652547415 0.00033226824301774263 2.1492965125902384e-05 [1304.104492188,-4134.709960938] 47.70211383083766 49.62457347923066 19.16679889804736 20.142260865293913 5.06884983218697 57.89364262298295
128.82286082046147 -61.47526544890808 2.078125 8.7734375 [128.82286082046147,-61.47526544890808] -72.26677835571083 1.9236568094990003 0.0003136519663759312 2.242251441859724e-05 [4630.915283203,2266.750732422] 24.094045276283296 32.16177392567213 17.16032655662403 18.40111511514696 2.3181911611553687 8.742154849851886
128.82514947508272 -61.47533796348087 2.078125 8.7734375 [128.82514947508272,-61.47533796348087] -71.5325849799815 2.5648185138808386 0.00023588396096344534 2.2483491524133266e-05 [4632.863037109,2267.041503906] 24.094045276283296 32.16177392567213 17.16032655662403 18.40111511514696 2.3284364628233334 8.733724759649704
125.81917562556393 -57.827739515430544 3.078125 18.757812 [125.81917562556393,-57.827739515430544] -72.39244247497388 1.4320665947089652 0.00045680964623396643 2.4311244076926867e-05 [2291.5859375,-4445.212890625] 55.42671804202964 58.51601739927735 22.088441215976683 21.532215134287668 11.776265998217355 56.22228105720296
125.82869744658379 -57.825618981389084 3.078125 18.757812 [125.82869744658379,-57.825618981389084] -74.52421903037401 2.615981979528627 0.0002494695849442043 2.425275366289234e-05 [2300.839355469,-4448.692382812] 55.42671804202964 58.51601739927735 22.088441215976683 21.532215134287668 11.841105289975644 56.20998063005027
127.45226287522013 -57.83919536037051 3.59375 23.992188 [127.45226287522013,-57.83919536037051] -38.30722448145218 2.0649350472075434 0.00032035417384899565 2.4583600249848095e-05 [3853.072509766,-4348.571289062] 53.027561206825894 60.12795585182615 21.968205324537994 23.022844494177033 20.36300327017193 50.1790622669605
126.97489165830974 -57.79147729703266 3.578125 23.726562 [126.97489165830974,-57.79147729703266] -46.4917944114533 2.4416939959893234 0.00027586520669804456 2.503207591962295e-05 [3401.181884766,-4460.493164062] 54.1573600618878 61.31560280493212 22.38229733415641 22.947222675173634 18.165802601228734 52.41319638524692
128.0623017109536 -57.851928552851 3.671875 24.734375 [128.0623017109536,-57.851928552851] -27.225330819618605 2.789561315377135 0.0002457495035540322 2.547635336815942e-05 [4434.334472656,-4287.3984375] 55.61734660034963 60.92559057859054 23.187378989077413 23.876973569312703 23.477277719977337 47.79122024881735
127.82009126621651 -60.48200216462921 2.25 10.441406 [127.82009126621651,-60.48200216462921] -10.757084325460669 1.7178280065182718 0.00030417273481160123 1.9418186354309702e-05 [3891.827392578,419.130859375] 35.52253219631079 38.7624194447303 17.93470082207248 17.058825384283246 4.297326407371202 22.174095825989298
127.0662231939247 -59.736206084882596 2.171875 9.777344 [127.0662231939247,-59.736206084882596] 58.20651248110486 2.0735157849471064 0.00023201107434699572 1.787824004598008e-05 [3298.743408203,-961.9125976562] 43.539047360794164 39.844569988714376 17.80783419627884 16.409255205666327 5.58415526304384 32.34044558013011
125.24746679859605 -58.657802332854246 2.4375 12.441406 [125.24746679859605,-58.657802332854246] -22.278451574595355 1.9963108936485694 0.00023641223849260696 1.75390810495707e-05 [1703.686035156,-2970.13671875] 48.48765161798695 48.7408217084761 19.670012046096783 16.933476054886597 3.331831188341539 49.68163882670319
125.24990081860214 -58.63993081459192 2.4375 12.386719 [125.24990081860214,-58.63993081459192] -19.455740518276986 1.862649215481054 0.0002537021696832581 1.7561595039937357e-05 [1706.836914062,-3002.216796875] 47.63122107456581 48.304354842908836 19.516004867875395 16.840654337440327 3.460247606085659 49.85812119787056
125.83410621557829 -59.29088206909828 3.3125 21.070312 [125.83410621557829,-59.29088206909828] 5.425623321964044 0.5343267500730503 0.0008697433821617574 1.7270573246117996e-05 [2211.575195312,-1814.073730469] 41.80772629241489 40.83485800990446 18.04746156120479 15.904595813548951 2.2670475723948584 41.13251647885545
127.3797837334551 -58.93342952562494 2.5625 13.5703125 [127.3797837334551,-58.93342952562494] -2.3928397509959307 0.5312683242068922 0.0009944756038421816 1.9634360448893655e-05 [3668.217529297,-2387.762695312] 47.05609085280382 47.981574168910484 21.31257543315533 19.120104257137054 12.570807870794852 39.39455817122757
126.56485729581551 -58.579147350070144 2.546875 13.417969 [126.56485729581551,-58.579147350070144] -5.533886192874516 0.7457309952727984 0.000676732918394698 1.87546170145343e-05 [2942.547851562,-3065.171875] 46.239581487287936 47.31779586033171 20.357979827432153 17.843158042504207 10.740108835840374 45.88742297593399
126.94755542799949 -59.114398740372955 2.15625 9.6015625 [126.94755542799949,-59.114398740372955] 10.350286377463899 0.16334877729024205 0.0030627390657030885 1.859236296650109e-05 [3250.448974609,-2085.282226562] 45.07140742093837 45.557974182731584 18.808294850155935 17.05753547584052 9.14290779053374 39.085340497994366
126.95425404617545 -59.11248409492853 2.15625 9.6015625 [126.95425404617545,-59.11248409492853] 5.563844728246989 0.645800542677487 0.0007700848807358542 1.8481861256013177e-05 [3256.80859375,-2088.392578125] 45.07140742093837 45.557974182731584 18.808294850155935 17.05753547584052 9.189972415691727 39.08131494622512
126.50811786396395 -57.70669531573162 3.609375 24.085938 [126.50811786396395,-57.70669531573162] -37.38759423926758 0.1327648140119276 0.005562509026384729 2.744494869767851e-05 [2961.040527344,-4635.26953125] 51.03496220148115 59.79345921227355 23.126133588771605 23.308361462950078 16.25490672014132 54.97503710914248
126.50187695116017 -57.715579783973396 3.5 22.96875 [126.50187695116017,-57.715579783973396] -42.99850160645077 0.08015478028457847 0.009126577002662454 2.7186046383260212e-05 [2954.322753906,-4619.590820312] 50.106383179341954 58.98215259389971 23.095756446580218 23.237932805484398 16.162378371806653 54.90736739458134
126.50070199636221 -57.712974440134076 3.5 22.96875 [126.50070199636221,-57.712974440134076] -42.132798402561335 0.0645959291585286 0.011349605021464199 2.724548859990393e-05 [2953.407226562,-4624.323242188] 50.106383179341954 58.98215259389971 23.095756446580218 23.237932805484398 16.17349924856603 54.938131365371646
126.50038892188832 -57.7103959928924 3.5 22.96875 [126.50038892188832,-57.7103959928924] -41.51128346714472 0.0983036179463277 0.007469198434309996 2.728677453866741e-05 [2953.316894531,-4628.96875] 50.106383179341954 58.98215259389971 23.095756446580218 23.237932805484398 16.189032506707917 54.96549059055974
126.51607503950659 -57.708767169283504 3.609375 24.085938 [126.51607503950659,-57.708767169283504] -38.39121186190325 0.447197390403456 0.0016433743783711113 2.7311432228604328e-05 [2968.51171875,-4631.190429688] 51.03496220148115 59.79345921227355 23.126133588771605 23.308361462950078 16.28347932672841 54.92504987617235
127.7505263449516 -59.72820670561626 2.609375 14.1015625 [127.7505263449516,-59.72820670561626] 23.05859842624884 0.23183765620343796 0.002145221625959371 1.8482675861849874e-05 [3918.957519531,-938.8471679688] 40.455386849034994 40.750578237257905 17.508978996805407 16.351214343547763 9.063236303338499 30.046324909124905
125.58400736037214 -58.79600167598744 2.3125 11.078125 [125.58400736037214,-58.79600167598744] 6.422531021485184 1.902011656830307 0.00024655362486776864 1.7427426886193818e-05 [2010.591308594,-2712.112304688] 51.80695693586006 50.76733474228779 20.289922251843386 17.850779404648495 4.198252100111631 47.0937620477946
126.99892435084026 -59.60231015510502 2.1875 9.839844 [126.99892435084026,-59.60231015510502] 25.82531132446716 2.070029799488088 0.00023188463406903392 1.7838456411875437e-05 [3250.767333984,-1205.893066406] 45.6956359425954 42.029797063300215 18.509743333042056 17.01663969638418 6.140785298626383 33.93734492873705
126.42195148060405 -58.700748472954686 2.375 11.824219 [126.42195148060405,-58.700748472954686] -1.0940134876756784 0.4709071957584894 0.0010496133721271431 1.836848698810112e-05 [2798.879882812,-2852.834960938] 47.94335716539216 46.963394127767046 19.778677679539918 17.48435988371098 9.1891015491492 45.15077745201188
126.41809087881796 -58.69974152631055 2.375 11.824219 [126.41809087881796,-58.69974152631055] 1.3097456517440234 0.6021018838905167 0.0008210642854609982 1.8371975216041843e-05 [2795.35546875,-2854.80859375] 47.94335716539216 46.963394127767046 19.778677679539918 17.48435988371098 9.175718914812705 45.174653788812975
128.5882111847169 -61.32824720116732 2.15625 9.5234375 [128.5882111847169,-61.32824720116732] -36.42201844171843 1.4997954967960683 0.0003745578913255463 2.0876596620744712e-05 [4450.968017578,1986.866210938] 25.196445166649315 31.877244638780127 17.53516425158356 18.21774157180238 2.2224667939101437 11.013171565359244
128.57949838839207 -61.318645608807124 2.15625 9.5234375 [128.57949838839207,-61.318645608807124] -28.838596226197318 2.9334731909205276 0.00019145443692866737 2.0871624952701376e-05 [4444.835205078,1969.051757812] 25.196445166649315 31.877244638780127 17.53516425158356 18.21774157180238 2.2470740021442452 11.139349642487332
125.13648979590828 -58.71524789079317 2.453125 12.597656 [125.13648979590828,-58.71524789079317] -21.620343271668958 2.625900632351572 0.0001777498981423515 1.7345880554541267e-05 [1597.198242188,-2869.588867188] 48.463521443661804 47.62814603647212 19.7421984298916 16.45582513227301 2.37745402028645 49.46838622360133
127.06621559374648 -57.90414424460183 3.609375 24.140625 [127.06621559374648,-57.90414424460183] -67.56360809105001 2.2248682839168765 0.0002844461377235706 2.3518685761569665e-05 [3477.732666016,-4253.413085938] 53.96006671198344 61.08237476687104 21.94132539773961 22.505325906945256 17.88916764075043 50.93951774506104
125.10173800889369 -58.60810497540911 2.453125 12.558594 [125.10173800889369,-58.60810497540911] -51.0110504124203 3.2844898006904075 0.00014376382464100212 1.7547943961073966e-05 [1569.538574219,-3063.13671875] 46.76111071454714 47.380546016027296 19.34650892701967 16.479765944684235 2.8857285461648416 50.697629652240266
127.44511421189343 -59.48098376862629 4.09375 28.835938 [127.44511421189343,-59.48098376862629] 30.94786128989249 0.6399955456904487 0.000784129755589894 1.8649774670911868e-05 [3669.450683594,-1400.499023438] 46.958352546864475 45.472376247599435 18.065173134245185 17.01608374487802 9.204844890876075 33.61773565191129
127.42980181417649 -59.48343265780479 4.09375 28.835938 [127.42980181417649,-59.48343265780479] 21.35482360398409 0.5657568965460053 0.0008901132297637234 1.8714740772608223e-05 [3655.223144531,-1396.949707031] 46.958352546864475 45.472376247599435 18.065173134245185 17.01608374487802 9.111163084384998 33.6465206774667
127.70922839750708 -60.66215528178904 2.140625 9.480469 [127.70922839750708,-60.66215528178904] -12.737147190335012 1.656831585009224 0.0003093261310069076 1.9045995519962156e-05 [3772.708007812,736.2602539062] 35.05194523753991 36.70234537408789 16.857358500022073 17.02518076937475 2.5393217903912273 20.722977694721976
