data_processed/hvc_rms/hvc_rms_index_2_with_B.ecsv
# %ECSV 1.0
# ---
# datatype:
# - {name: ra_dec_obj.ra, unit: deg, datatype: float64}
# - {name: ra_dec_obj.dec, unit: deg, datatype: float64}
# - {name: 'H-alpha flux [Error]', unit: R, datatype: float32}
# - {name: H-alpha flux, unit: R, datatype: float32}
# - {name: ra_dec_deg, datatype: string, subtype: 'float64[2]'}
# - {name: RM, unit: rad / m2, datatype: float64}
# - {name: RM_uncert, unit: rad / m2, datatype: float64}
# - {name: pol_int, datatype: float64}
# - {name: pol_int_uncert, datatype: float64}
# - {name: ra_dec_pix_offsets, datatype: string, subtype: 'float64[2]'}
# - {name: interpolation_raw, unit: rad / m2, datatype: float64}
# - {name: interpolation_cor, unit: rad / m2, datatype: float64}
# - {name: interpolation_unc, unit: rad / m2, datatype: float64}
# - {name: interpolation_cor_unc, unit: rad / m2, datatype: float64}
# - {name: HI, unit: dex(1 / cm2), datatype: float64}
# - {name: 'HI [Error]', unit: dex(1 / cm2), datatype: float64}
# - {name: pixel location x, datatype: float64}
# - {name: pixel location y, datatype: float64}
# - {name: 'B_virtual [raw]', unit: G, datatype: float64}
# - {name: 'B_virtual_unc [raw]', unit: G, datatype: float64}
# - {name: 'B_virtual [int]', unit: G, datatype: float64}
# - {name: 'B_virtual_unc [int]', unit: G, datatype: float64}
# meta: !!omap
# - __serialized_columns__:
#     ra_dec_obj:
#       __class__: astropy.coordinates.sky_coordinate.SkyCoord
#       dec: !astropy.table.SerializedColumn
#         __class__: astropy.coordinates.angles.Latitude
#         unit: &id001 !astropy.units.Unit {unit: deg}
#         value: !astropy.table.SerializedColumn {name: ra_dec_obj.dec}
#       frame: icrs
#       ra: !astropy.table.SerializedColumn
#         __class__: astropy.coordinates.angles.Longitude
#         unit: *id001
#         value: !astropy.table.SerializedColumn {name: ra_dec_obj.ra}
#         wrap_angle: !astropy.coordinates.Angle
#           unit: *id001
#           value: 360.0
#       representation_type: spherical
# schema: astropy-2.0
ra_dec_obj.ra ra_dec_obj.dec "H-alpha flux [Error]" "H-alpha flux" ra_dec_deg RM RM_uncert pol_int pol_int_uncert ra_dec_pix_offsets interpolation_raw interpolation_cor interpolation_unc interpolation_cor_unc HI "HI [Error]" "pixel location x" "pixel location y" "B_virtual [raw]" "B_virtual_unc [raw]" "B_virtual [int]" "B_virtual_unc [int]"
[from data line 641]
315.30807517565137 -2.8151984273560666 0.43945312 1.9985352 [315.30807517565137,-2.8151984273560666] 10.156880971233038 0.23839374676247851 0.002712746260940012 2.4033262836333287e-05 [-3067.16796875,-3344.745117188] -4.778941237372987 -7.411615212735754 9.532800399444387 7.721552093729244 0.0 0.0 47.527150445376606 6.131363926171616 1.3309016622388175e-06 9.238231840593699e-07 1.9571077637551576e-06 1.5577917727072265e-06
316.3475951465706 -6.20443826370744 0.49609375 2.5664062 [316.3475951465706,-6.20443826370744] -44.14129785756867 1.9355369400208158 0.0002963118149997988 2.1313714112716525e-05 [-1193.130859375,2751.812255859] -14.21008294854688 -13.710641103684232 8.152908797206878 8.497724153978538 0.0 0.0 16.862617014980287 40.60230868603958 -5.784032210124931e-06 1.0564527703787662e-06 -3.922021316196282e-06 1.4641390891719254e-06
316.41601568867844 -3.898274555168137 0.39257812 1.5234375 [316.41601568867844,-3.898274555168137] 3.0529392194204164 0.7214882721566961 0.000776225457755793 2.081257717677858e-05 [-1074.522949219,-1399.021972656] -3.170820673883174 -5.3199775271825605 8.388464901161523 7.659457035815258 0.0 0.0 29.553990044463376 11.591655279657061 4.0004031684024404e-07 9.226462899232596e-07 8.15527169298653e-07 1.4361913800377044e-06
315.0408017928871 -4.480547886633377 0.40429688 1.6547852 [315.0408017928871,-4.480547886633377] 3.792653797701098 1.2021327227132057 0.0005031986369702962 2.2480221096068884e-05 [-3540.861328125,-346.4555664062] -6.5832532852667125 -9.174917474180127 9.20115762735962 7.26983134396426 0.0 0.0 40.48696038238745 28.097570743174856 4.969684352856971e-07 9.315031441633916e-07 1.3596016358830024e-06 1.526895414487271e-06
315.04174830511005 -4.4687839257886335 0.40429688 1.6547852 [315.04174830511005,-4.4687839257886335] 3.7248266394915692 1.9259221240311926 0.0003133956107939339 2.243057129906209e-05 [-3539.220703125,-367.6352539062] -6.5832532852667125 -9.174917474180127 9.20115762735962 7.26983134396426 0.0 0.0 40.5455061299383 27.94784675931578 4.880807385743082e-07 9.521118156448973e-07 1.3507139391716136e-06 1.5395232892193558e-06
315.7832643835782 -2.8215736909362317 0.41015625 1.7143555 [315.7832643835782,-2.8215736909362317] 0.5753114529155999 0.5891385006460089 0.0010766782513344307 2.3572847617431932e-05 [-2213.130859375,-3335.061523438] -2.9384659490962286 -5.674319208555426 9.559665208837083 7.801255658825167 0.0 0.0 42.554716300419386 2.9181378854054856 7.538563966231531e-08 9.205036474183446e-07 4.6042601053608814e-07 1.5549103457460606e-06
317.2225647481348 -6.405503271665918 0.35546875 1.1831055 [317.2225647481348,-6.405503271665918] 1.193667307121546 2.011018099732484 0.00028592207432089794 2.1368417895830153e-05 [372.4174804688,3113.070800781] -12.648931580477921 -9.230159379124053 7.428281818205635 8.925382225564185 0.0 0.0 6.533087138976271 37.22459210101215 1.5641158025851482e-07 9.544237053799238e-07 1.8138578094387945e-06 1.3707288389510919e-06
316.08520519007004 -3.8892529381266105 0.43359375 1.9287109 [316.08520519007004,-3.8892529381266105] -12.273332564252867 0.4617644464192623 0.001255001938646601 2.1536423918550276e-05 [-1668.568359375,-1414.61328125] -0.18363245262528777 -4.299712037799186 8.318913232747533 7.559448445406881 0.0 0.0 33.0520192278218 13.769282613543965 -1.6082298057088422e-06 9.280418582270435e-07 -1.5841676219407957e-06 1.4314395331884501e-06
318.45745860718756 -5.148821470984711 0.41015625 1.715332 [318.45745860718756,-5.148821470984711] 43.108279295905795 2.5772543437337117 0.00021172023757826916 2.027815115895404e-05 [2586.810058594,854.10546875] -2.0777598978870793 -2.1645913022427195 6.524200210686746 7.981145313509997 0.0 0.0 0.9097814036404088 12.818784843862886 5.6486711554138835e-06 1.0752123262644152e-06 5.920929352557585e-06 1.3808478448289375e-06
315.6584166104697 -6.518758761714433 0.46289062 2.2226562 [315.6584166104697,-6.518758761714433] -40.07842644809242 3.0098856996981307 0.00019644139586547102 2.197311953044666e-05 [-2424.702148438,3319.117919922] -18.940583390438587 -16.226252088341667 9.103115185028472 8.670817431719858 0.0 0.0 22.32608087141216 49.12653778717049 -5.251655949376248e-06 1.0818333198398677e-06 -2.769786368596135e-06 1.5709750609322506e-06
316.52288816698587 -5.576201839170975 0.3828125 1.4472656 [316.52288816698587,-5.576201839170975] -29.82581241426669 2.1930631654784687 0.00024326851081797585 1.9826485664218646e-05 [-880.4643554688,1620.987792969] -10.637290954733173 -8.798991599896715 8.372618940945655 8.86849495904791 0.0 0.0 18.624678064667023 31.57021208619699 -3.908209954630562e-06 1.009944371271687e-06 -2.514358017853002e-06 1.4721786806074713e-06
316.5559082080233 -4.721653466470456 0.45898438 2.2109375 [316.5559082080233,-4.721653466470456] -75.07491546542016 3.0820322420853845 0.0001736987888153093 1.989494170881538e-05 [-822.4174804688,82.82763671875] -8.565402702076893 -8.483470515614174 7.026630404094043 7.897290217358483 0.0 0.0 23.244607915474717 20.74445036308589 -9.837402847228257e-06 1.2700995624802647e-06 -8.715039719588387e-06 1.5264080478955681e-06
316.73629750056415 -5.7890582433969975 0.37109375 1.3188477 [316.73629750056415,-5.7890582433969975] -25.60190095611576 2.787505557387139 0.00019036022281899436 1.9719715705942633e-05 [-497.9697265625,2003.860351562] -11.120733540430233 -8.632354906904867 8.251060609280605 8.727223330959239 0.0 0.0 15.16310296903032 32.77705378421069 -3.3547318941192158e-06 1.0225149025460413e-06 -1.8975323073373315e-06 1.4718460089800727e-06
317.50164796216234 -4.928908701483042 0.41015625 1.7163086 [317.50164796216234,-4.928908701483042] 53.538416660488714 2.6607210791309592 0.00019888489593113609 1.966572020116702e-05 [873.8510742188,455.9189453125] -6.452165931854378 -5.205943579884272 6.661709221637841 8.197057318217372 0.0 0.0 12.162427891201787 16.768911430202024 7.015378828292855e-06 1.1280328737890956e-06 7.860835065110718e-06 1.4538048491859835e-06
317.276702839057 -5.484947125442412 0.3984375 1.6020508 [317.276702839057,-5.484947125442412] 10.545041094983805 1.178366846042736 0.0004431919085212727 1.940801149866944e-05 [470.041015625,1456.526367188] -8.95078478542659 -6.5880846777960205 7.187460110182289 8.603346367878608 0.0 0.0 11.26456553559592 25.273531994819223 1.3817640239596918e-06 9.365803582308387e-07 2.554625494228549e-06 1.3391117199618284e-06
315.9714966429254 -6.046471600803335 0.47460938 2.3466797 [315.9714966429254,-6.046471600803335] -42.12454327370532 2.5554263597627593 0.00021310497021429013 2.0237909630621192e-05 [-1866.619140625,2468.3828125] -15.79151235047232 -14.422357435166733 8.361173685199846 8.488145086907377 0.0 0.0 21.712021719305994 41.14895092171628 -5.519767812856363e-06 1.0700945290705065e-06 -3.450535132466196e-06 1.4928801185687896e-06
315.84042384107454 -3.372531661889773 0.47070312 2.3173828 [315.84042384107454,-3.372531661889773] 20.587883046859744 0.6333158069672504 0.0008829457787631833 2.0780838418421194e-05 [-2109.29296875,-2343.89453125] -0.05454689864033048 -4.770906446815216 9.536452104480288 7.848760541389351 0.0 0.0 38.666716888848555 9.177168340277603 2.6977226420836557e-06 9.455137318446267e-07 2.7048701668283094e-06 1.5670831126968442e-06
315.8416136439717 -3.3721771082297165 0.47070312 2.3173828 [315.8416136439717,-3.3721771082297165] 20.69272737327169 0.4953437134744969 0.00112529531347799 2.0714853630689052e-05 [-2107.15625,-2344.536132812] -0.05454689864033048 -4.770906446815216 9.536452104480288 7.848760541389351 0.0 0.0 38.656453740660254 9.164647792229061 2.711460864348264e-06 9.443462683205473e-07 2.7186083890929178e-06 1.5663793840553762e-06
315.4378662799483 -4.737448671785505 0.42382812 1.8383789 [315.4378662799483,-4.737448671785505] -21.9925204964594 2.8790966673960594 0.00018960310007228652 2.0286652213969852e-05 [-2827.650390625,114.1640625] -5.929095291923302 -7.776004149869571 8.63839082363127 7.872250719282736 0.0 0.0 34.838666317334855 28.558651345226735 -2.8817785862076253e-06 1.0177892308346387e-06 -2.104862641052554e-06 1.5141943793733385e-06
314.7491453707126 -4.414689126755158 0.34179688 1.0244141 [314.7491453707126,-4.414689126755158] 37.78399590434634 0.7451923421364495 0.0008109185156892759 2.2457132594217397e-05 [-4064.243164062,-463.4213867188] -4.684302199898348 -8.474635778900577 8.593253397263286 7.3140106874940445 0.0 0.0 43.922156827106164 29.256671260553503 4.951006425845161e-06 1.0025233726883642e-06 5.564811549872012e-06 1.521038463100276e-06
316.9985657958893 -6.198538799545085 0.36328125 1.2446289 [316.9985657958893,-6.198538799545085] -17.126368485532147 0.9279570342773924 0.0005790114077499092 1.9967499936909755e-05 [-28.2744140625,2740.630371094] -13.219889843083383 -9.810550005786478 7.540768264823338 8.711968068119527 0.0 0.0 10.064991329773875 36.13419681204323 -2.2441448659353656e-06 9.422288649917507e-07 -5.118834151410093e-07 1.354292468171948e-06
314.82092303162835 -5.799849932940005 0.42773438 1.8867188 [314.82092303162835,-5.799849932940005] -17.240855424617457 1.0796140163401882 0.0005734018366659835 2.3005744758318063e-05 [-3927.02734375,2029.314941406] -12.682110283159536 -13.743578309504967 8.808990849434826 7.140283121465067 17.8681583404541 8.93407917022705 35.20615453046446 45.733822222939125 -2.2591466029809043e-06 9.452236793761087e-07 -5.973528195982119e-07 1.4818755184798311e-06
314.66088857278066 -3.6129747675479877 0.44726562 2.0839844 [314.66088857278066,-3.6129747675479877] 13.699954821015591 1.735286510695021 0.00035110985452990864 2.2642423695312407e-05 [-4226.654296875,-1905.871582031] -1.3057924939862608 -5.789267120216669 8.662897636988166 7.308186223644009 0.0 0.0 49.53358091884161 20.148958111018146 1.7951665177063545e-06 9.556700449822245e-07 1.966270364025655e-06 1.4852247506014355e-06
316.19311510701476 -4.759945741361949 0.47265625 2.3378906 [316.19311510701476,-4.759945741361949] -43.782546698180205 0.4873738003039976 0.0010813044457623074 1.9584787825071392e-05 [-1473.10546875,152.3466796875] -9.275044507819292 -9.469379187501005 7.278946938876098 7.999318087998634 0.0 0.0 26.810012143914946 23.704056676154778 -5.737023436889082e-06 1.0258850185866038e-06 -4.521672761050932e-06 1.372492790502464e-06
316.194610509825 -4.764720982803465 0.48828125 2.4921875 [316.194610509825,-4.764720982803465] -41.67689749399173 1.2684538470340379 0.00041794058456741064 1.9701437665926802e-05 [-1470.413085938,160.9389648438] -9.313159258750458 -9.43756662459769 7.28880178241458 7.989695360315231 0.0 0.0 26.76652059124899 23.75267871576125 -5.4611107788709905e-06 1.0278876963849422e-06 -4.240765756292559e-06 1.3763235184181656e-06
315.56915278047484 -2.980988132541323 0.40429688 1.6616211 [315.56915278047484,-2.980988132541323] 10.879776105715905 1.237425973112582 0.00046403502741173603 2.1339227567521888e-05 [-2597.592773438,-3047.520507812] -3.0681412316815173 -6.400056805636767 9.876399565257483 7.605217434390553 0.0 0.0 43.82297873643938 6.322327691640567 1.4256258535365721e-06 9.38300082720718e-07 1.82765815821688e-06 1.6010794824366513e-06
315.4132997358644 -5.961874501240168 0.38085938 1.4101562 [315.4132997358644,-5.961874501240168] -80.78429320972613 2.605050265701086 0.00021945976183554794 2.1246124122746172e-05 [-2865.958984375,2318.029541016] -17.476868514407013 -14.720309568997433 7.7971530982445 7.814360015912203 0.0 0.0 28.05787744706481 43.81722400905983 -1.0585528216794704e-05 1.2894507401998967e-06 -8.295455760256916e-06 1.5603102043544302e-06
315.4121704417799 -5.960090209449138 0.38085938 1.4101562 [315.4121704417799,-5.960090209449138] -24.968625994234106 1.7347714549637145 0.00032996957932005845 2.127281060995638e-05 [-2867.989257812,2314.823242188] -17.476868514407013 -14.720309568997433 7.7971530982445 7.814360015912203 0.0 0.0 28.079893929541186 43.80259189694061 -3.2717510359394634e-06 9.799671546968422e-07 -9.816785794016768e-07 1.393889582550926e-06
314.20873998388214 -3.0269577864678157 0.39257812 1.5600586 [314.20873998388214,-3.0269577864678157] 24.260166478890252 2.333512834267915 0.0003462945536979856 3.003063796028985e-05 [-5041.069335938,-2957.415039062] -8.651212420589104 -6.329492827799999 9.279651617559088 8.536425342051325 0.0 0.0 57.70818445731277 16.176171073296246 3.1789184085540926e-06 9.991959385701978e-07 4.312525568424685e-06 1.5907091404038378e-06
316.1063231849864 -4.189392919424481 0.421875 1.8251953 [316.1063231849864,-4.189392919424481] 6.67943840485933 2.2272474674622034 0.00024130435023150416 1.9972955223576146e-05 [-1630.044921875,-874.4453125] -4.592299729687579 -6.384435276935843 6.848594183857478 7.101103283439749 0.0 0.0 31.06051643040996 17.291848579830003 8.752367681601252e-07 9.65051541160115e-07 1.4769863959297704e-06 1.3211957480213408e-06
318.6751403214051 -4.6248174436899765 0.48242188 2.4570312 [318.6751403214051,-4.6248174436899765] 26.14652536366979 2.4967269489197146 0.00022256143500768664 2.0650456895598555e-05 [2979.240722656,-88.22802734375] -1.8503927257900243 -1.682970295324827 7.102636486671408 7.844247866932713 0.0 0.0 1.7494233015989948 4.69121923338389 3.4260964726116124e-06 1.0110381355899748e-06 3.6685617295663363e-06 1.3781157066726551e-06
316.36453258389093 -4.964417928635913 0.42578125 1.8793945 [316.36453258389093,-4.964417928635913] -46.111560522102465 1.0514559889533666 0.0005063997097177141 1.978760581385282e-05 [-1165.289550781,520.072265625] -9.912057674571662 -9.46567328690207 7.4219715227301135 8.398521852044869 0.0 0.0 23.82660199693146 25.056312764608265 -6.042204562710528e-06 1.0440095158686789e-06 -4.74338319494442e-06 1.3955869850479314e-06
316.7204283940957 -5.551243755450781 0.39453125 1.559082 [316.7204283940957,-5.551243755450781] -11.86371247955541 2.7916096211671584 0.0001909445236049944 1.9809366936930405e-05 [-526.60546875,1575.870605469] -9.589749657609094 -7.306090618992412 8.278055150095295 8.974752869524453 0.0 0.0 16.700204758713426 29.914453497024624 -1.5545554490678323e-06 9.951584338912317e-07 -2.9796754615607345e-07 1.4670702285715339e-06
314.74728409123827 -6.2657604411746215 0.34570312 1.0756836 [314.74728409123827,-6.2657604411746215] -32.49042274748349 0.6664896497873682 0.0009362119117004234 2.31886932245227e-05 [-4055.311523438,2868.129394531] -16.933637462242025 -17.094465577383666 9.361046264540066 7.861316809959488 0.0 0.0 33.344295436814036 51.97291320717477 -4.257365796048919e-06 9.813095864553898e-07 -2.0384753403983947e-06 1.542625376388327e-06
315.5213925705502 -3.747378881663686 0.47265625 2.3183594 [315.5213925705502,-3.747378881663686] 14.670972862073096 2.268431753296027 0.0002478294699451934 2.0892353670065926e-05 [-2681.306640625,-1668.211914062] -1.0883740930649775 -6.6242175108430175 9.488840748837209 7.988871658088707 0.0 0.0 39.7655717858579 15.917525683145868 1.9224033661608686e-06 9.761818844117766e-07 2.065017904393662e-06 1.5819182826237164e-06
315.51596063081746 -3.7408164406163085 0.47265625 2.3183594 [315.51596063081746,-3.7408164406163085] 39.37845195633972 2.803309819191456 0.0002006037878626595 2.0898683586156978e-05 [-2691.080078125,-1680.001953125] -1.0883740930649775 -6.6242175108430175 9.488840748837209 7.988871658088707 0.0 0.0 39.86095130205274 15.87507809210274 5.159935152683151e-06 1.0694566841946478e-06 5.302549690915944e-06 1.6428878623866057e-06
315.04837022418627 -6.867737300641709 0.40234375 1.6425781 [315.04837022418627,-6.867737300641709] -37.45224999134532 1.6482277641035366 0.0004395441595781732 2.6923309419050636e-05 [-3512.709960938,3949.464599609] -18.798705992512346 -19.316928584006362 8.460003262575048 8.273610247034195 0.0 0.0 26.794243685666515 57.488996022080755 -4.907536271148606e-06 1.0195429376855444e-06 -2.444257522068594e-06 1.4678025972714115e-06
