data_processed/hvc_rms/hvc_rms_index_9.ecsv
# %ECSV 1.0
# ---
# datatype:
# - {name: ra_dec_obj.ra, unit: deg, datatype: float64}
# - {name: ra_dec_obj.dec, unit: deg, datatype: float64}
# - {name: 'H-alpha flux [Error]', unit: R, datatype: float32}
# - {name: H-alpha flux, unit: R, datatype: float32}
# - {name: ra_dec_deg, datatype: string, subtype: 'float64[2]'}
# - {name: RM, unit: rad / m2, datatype: float64}
# - {name: RM_uncert, unit: rad / m2, datatype: float64}
# - {name: pol_int, datatype: float64}
# - {name: pol_int_uncert, datatype: float64}
# - {name: ra_dec_pix_offsets, datatype: string, subtype: 'float64[2]'}
# - {name: interpolation_raw, unit: rad / m2, datatype: float64}
# - {name: interpolation_cor, unit: rad / m2, datatype: float64}
# - {name: interpolation_unc, unit: rad / m2, datatype: float64}
# - {name: interpolation_cor_unc, unit: rad / m2, datatype: float64}
# - {name: HI, unit: dex(1 / cm2), datatype: float64}
# - {name: 'HI [Error]', unit: dex(1 / cm2), datatype: float64}
# - {name: pixel location x, datatype: float64}
# - {name: pixel location y, datatype: float64}
# meta: !!omap
# - __serialized_columns__:
#     ra_dec_obj:
#       __class__: astropy.coordinates.sky_coordinate.SkyCoord
#       dec: !astropy.table.SerializedColumn
#         __class__: astropy.coordinates.angles.Latitude
#         unit: &id001 !astropy.units.Unit {unit: deg}
#         value: !astropy.table.SerializedColumn {name: ra_dec_obj.dec}
#       frame: icrs
#       ra: !astropy.table.SerializedColumn
#         __class__: astropy.coordinates.angles.Longitude
#         unit: *id001
#         value: !astropy.table.SerializedColumn {name: ra_dec_obj.ra}
#         wrap_angle: !astropy.coordinates.Angle
#           unit: *id001
#           value: 360.0
#       representation_type: spherical
# schema: astropy-2.0
ra_dec_obj.ra ra_dec_obj.dec "H-alpha flux [Error]" "H-alpha flux" ra_dec_deg RM RM_uncert pol_int pol_int_uncert ra_dec_pix_offsets interpolation_raw interpolation_cor interpolation_unc interpolation_cor_unc HI "HI [Error]" "pixel location x" "pixel location y"
[from data line 677]
46.707935201809555 -50.622322032296715 1.2421875 0.40063477 [46.707935201809555,-50.622322032296715] 20.873515863631884 0.3798559464269749 0.0012100484221444553 1.708167215494667e-05 [1951.126953125,-869.37890625] 14.29804723141858 14.593671887750855 5.602404297583956 5.144005217074811 0.0 0.0 10.29354504372725 33.2427564546183
47.57879650384004 -51.54382325686584 1.2265625 0.26733398 [47.57879650384004,-51.54382325686584] 28.596637356033174 1.882035779768161 0.00024822279820489214 1.736114026556218e-05 [2886.85546875,817.2412109375] 17.068883743441866 15.147947931747144 5.501994087833631 5.068971245954186 0.0 0.0 21.472218170913266 22.225054059699687
45.39664094202544 -51.50903308157789 1.2734375 0.76831055 [45.39664094202544,-51.50903308157789] 20.955214800291742 0.2886964625207036 0.001554819182241022 1.6681306248407332e-05 [445.3549804688,705.25390625] 13.694115838145208 11.77920316500659 5.064182244454929 4.3339419072593035 0.0 0.0 7.298375120905348 8.242519945796857
45.395164326759655 -51.50959387292497 1.2734375 0.76831055 [45.395164326759655,-51.50959387292497] 22.387308263413836 0.27031989098049547 0.0016611671624321546 1.668783681477816e-05 [443.6953125,706.2543945312] 13.694115838145208 11.77920316500659 5.064182244454929 4.3339419072593035 0.0 0.0 7.2926642654658735 8.222072822258724
47.742118760500176 -51.720710621299816 1.234375 0.3326416 [47.742118760500176,-51.720710621299816] 22.013040002501867 2.9319890139236855 0.00016078834601689619 1.751965741650452e-05 [3057.546386719,1142.009277344] 17.440212938294977 16.04190980787905 5.595869212593883 5.331027754804279 0.0 0.0 23.58100932387174 20.104298449965654
48.513519276970854 -52.19891737196224 1.2578125 0.5925293 [48.513519276970854,-52.19891737196224] 30.64230717680606 1.8945933829941755 0.0002698012111405851 1.8996282269448086e-05 [3874.894775391,2038.229980469] 17.55815826131327 18.559259405477736 5.141897266468999 5.744227010942075 0.0 0.0 31.373182544349675 16.415166038453208
47.883846318081375 -50.26565937761231 1.2578125 0.57421875 [47.883846318081375,-50.26565937761231] 31.41018205881581 3.2063539146465327 0.0001530915398720873 1.8241953834747006e-05 [3317.787109375,-1468.962402344] 15.535650674619912 14.048478930035035 6.006091617421639 5.231314899672456 0.0 0.0 16.119974087353626 47.306391961269355
46.4020042395621 -51.376480201540076 1.2578125 0.55444336 [46.4020042395621,-51.376480201540076] 17.051959515122984 1.01889218481729 0.00044810821931350894 1.696757760397901e-05 [1576.079589844,480.4672851562] 16.992668598100547 14.005259983889948 5.584822419788967 5.067509085077269 0.0 0.0 12.863996969529694 17.540852809953094
47.34581359565703 -49.17882929232865 1.265625 0.6779785 [47.34581359565703,-49.17882929232865] 28.55024630328239 1.7648370796132897 0.0003055225074887986 2.0038099681076748e-05 [2760.455078125,-3445.658203125] 13.009257081298378 13.676108707889874 6.1610265093448895 5.545459233427339 0.0 0.0 6.411655440140976 64.20537135510313
48.569213859878744 -52.18825528571466 1.25 0.5131836 [48.569213859878744,-52.18825528571466] 29.521060694752745 0.7244215440873047 0.0007023400171208097 1.8908081894329462e-05 [3937.166992188,2022.019042969] 17.415735815577946 18.530882784577624 5.150592718332283 5.739383669807375 0.0 0.0 31.667692494803987 16.939513236512767
48.558139847704005 -52.190609016240664 1.25 0.5131836 [48.558139847704005,-52.190609016240664] 30.861942950150084 1.7257102988604371 0.0002953265237334123 1.8939959564419e-05 [3924.762451172,2025.658691406] 17.415735815577946 18.530882784577624 5.150592718332283 5.739383669807375 0.0 0.0 31.610465385128805 16.831219823555784
46.34915171718602 -51.753406545076864 1.25 0.46472168 [46.34915171718602,-51.753406545076864] 14.906967842285834 1.4979366456316234 0.0003037637780816696 1.690978689348421e-05 [1504.200683594,1157.688476562] 15.759863989156194 13.568324594236461 5.230411689282463 4.771132669208613 0.0 0.0 14.870788057577442 10.45306033773636
47.56826799241704 -51.18562307104889 1.2109375 0.1000061 [47.56826799241704,-51.18562307104889] 64.37857826356723 0.89033377967963 0.0005255617049566166 1.7389426810131626e-05 [2897.649414062,172.4697265625] 16.15427764143059 14.034183803126584 5.790576189015496 4.945611893387722 0.0 0.0 19.28689406803494 28.582722509755968
47.067203602001904 -49.16666387703098 1.2578125 0.60839844 [47.067203602001904,-49.16666387703098] 26.079619658609232 1.817014485622288 0.0002934895345674793 1.9817994898960772e-05 [2433.466796875,-3477.360351562] 12.728384991581677 14.334192655469835 6.298964397420459 5.628020915302439 0.0 0.0 4.400626917319755 62.66632224147361
47.05631271940771 -49.16949840608469 1.2578125 0.60839844 [47.05631271940771,-49.16949840608469] 19.217601673621964 2.7992262956137415 0.00019010522493475928 1.977610529439831e-05 [2420.518554688,-3472.622070312] 12.728384991581677 14.334192655469835 6.298964397420459 5.628020915302439 0.0 0.0 4.340358007827831 62.542979014771845
49.01306534255761 -51.86125940349962 1.265625 0.6242676 [49.01306534255761,-51.86125940349962] 28.565474837952834 0.7150649713272349 0.000808343500997458 2.1480785482424015e-05 [4458.365478516,1459.596679688] 15.8359380622196 16.912994793949938 5.531991817878041 5.626222004788529 18.288864135742188 9.144432067871094 32.646521603795236 25.35649029882393
47.38796239838073 -51.373275681760035 1.2109375 0.1000061 [47.38796239838073,-51.373275681760035] 23.452460766381783 2.4274797974006197 0.00019075372436771988 1.7208275621646693e-05 [2683.431640625,503.2177734375] 15.794490697290557 13.79226950495672 5.578763424756807 4.858217030629983 0.0 0.0 19.21836511027243 24.062312223339177
46.67495745264402 -49.899109109288595 1.21875 0.17810059 [46.67495745264402,-49.899109109288595] 13.278034896234571 3.2511379832108878 0.00014598251437259924 1.763782156673636e-05 [1942.742675781,-2171.540039062] 13.887201232788769 15.217175919827422 5.52457982217707 5.694313293589343 0.0 0.0 5.838409286844012 46.3701895212223
47.54132448706629 -50.95578006813889 1.25 0.53344727 [47.54132448706629,-50.95578006813889] 21.82546940592192 1.8232648249938619 0.000257040673597109 1.7416476868788947e-05 [2881.551269531,-242.0556640625] 16.845947418485114 14.048424938951888 5.935020937561331 4.81366874699784 0.0 0.0 17.765406878691806 32.56356796496357
48.23549649076038 -52.78804396664536 1.2421875 0.3885498 [48.23549649076038,-52.78804396664536] 29.953388790663922 1.1997806351037166 0.0004311205053746677 1.9222471728424277e-05 [3521.217285156,3083.249267578] 18.22643979913489 19.25347534666517 4.874027082544933 6.0983878342487055 0.0 0.0 33.13364757561919 4.43799348364746
48.23684309580988 -52.793067913229564 1.2421875 0.3885498 [48.23684309580988,-52.793067913229564] 30.688576514749748 1.4103187491452955 0.00036721489333783235 1.9246256503896182e-05 [3522.274169922,3092.343994141] 18.22643979913489 19.25347534666517 4.874027082544933 6.0983878342487055 0.0 0.0 33.17257622882232 4.359210975653696
46.72385390608364 -52.43827438936038 1.2578125 0.59521484 [46.72385390608364,-52.43827438936038] 25.141085605185804 0.5484107563960111 0.0008496540551189889 1.7316367813817637e-05 [1892.313964844,2398.636230469] 16.04127707597326 16.128268785570498 5.276823713137414 5.40169350215438 17.8625431060791 8.93127155303955 21.53506288866538 0.8864451155011466
48.61462392709525 -51.65061559874456 1.21875 0.17352295 [48.61462392709525,-51.65061559874456] 21.09042539016185 3.2124632255835084 0.00016713240462409203 1.995296908374273e-05 [4035.204833984,1057.989257812] 16.09870229321148 16.01541186928894 5.5123779461847455 5.32372341772494 0.0 0.0 28.839580359782076 26.7190843636115
47.19222623063709 -50.66979599723607 1.2421875 0.4267578 [47.19222623063709,-50.66979599723607] 23.277688134473426 0.12620875499077489 0.0037087644824167158 1.7395120476190227e-05 [2501.324707031,-769.31640625] 15.82048748771226 13.809569468627465 5.900064282447629 5.035089969922727 0.0 0.0 13.784334682164058 35.533187403597594
47.08828366810868 -50.201820273582534 1.2734375 0.7062988 [47.08828366810868,-50.201820273582534] 16.225302838509343 1.9795634125953672 0.00024010257605011574 1.7663425914403498e-05 [2406.490722656,-1614.722167969] 14.75561383522135 14.249237449407339 5.736667148629819 5.492387152113748 0.0 0.0 10.376552199185085 43.452658262239765
47.097412318214666 -50.20710373208202 1.2734375 0.7062988 [47.097412318214666,-50.20710373208202] 21.49149644082018 1.4291896660193921 0.00033312637620361703 1.7693249062824904e-05 [2416.733886719,-1604.91796875] 14.75561383522135 14.249237449407339 5.736667148629819 5.492387152113748 0.0 0.0 10.468477760381234 43.41404220528739
49.00282295650631 -53.278621635852936 1.2578125 0.5876465 [49.00282295650631,-53.278621635852936] 27.500826145819484 2.1101541948204465 0.0003274170695521652 2.5675813465933998e-05 [4305.589355469,4005.498535156] 18.61257493018183 21.779292351998855 5.4338134469138994 6.514113081876815 0.0 0.0 40.88089190208666 0.6142994692795583
49.356838172760256 -51.17940914352156 1.28125 0.78466797 [49.356838172760256,-51.17940914352156] 22.38298074791779 0.42270879332511335 0.0016251641158043974 2.5529788081127455e-05 [4912.480224609,256.173828125] 15.613986591225519 14.293470427065525 5.632464364100838 5.169617134604291 18.05193519592285 9.025967597961426 31.105922251165453 39.514415900895074
49.34381861167852 -51.17410275729839 1.28125 0.78466797 [49.34381861167852,-51.17410275729839] 25.757808816623786 0.21654762701650412 0.003147621076220343 2.533054749818887e-05 [4898.395019531,245.771484375] 15.613986591225519 14.293470427065525 5.632464364100838 5.169617134604291 17.862167358398438 8.931083679199219 30.989708135880505 39.53448575398079
46.21824280466147 -50.18261719388341 1.25 0.4984131 [46.21824280466147,-50.18261719388341] 41.17711827329736 2.198423283715991 0.00021257900031945067 1.7367622813062636e-05 [1405.061523438,-1671.791503906] 12.87629548273942 14.052482172195774 5.1509354748804785 5.251873064842102 18.442224502563477 9.221112251281738 4.4275926081579655 38.06135116170731
46.21545800777387 -50.18306345930536 1.25 0.4984131 [46.21545800777387,-50.18306345930536] 47.455209554491404 1.7682133271770173 0.0002645063732500964 1.7381189858902873e-05 [1401.839355469,-1671.041503906] 12.87629548273942 14.052482172195774 5.1509354748804785 5.251873064842102 18.442224502563477 9.221112251281738 4.411655099894801 38.03427835074399
46.232624198265874 -50.1822128498853 1.25 0.4984131 [46.232624198265874,-50.1822128498853] 28.05922701183687 0.18620286887815096 0.0025022605285941963 1.7315203356211074e-05 [1421.645996094,-1672.243164062] 12.87629548273942 14.052482172195774 5.1509354748804785 5.251873064842102 18.442224502563477 9.221112251281738 4.521204091760978 38.165950852890774
46.23411956349159 -50.18229665446585 1.25 0.4984131 [46.23411956349159,-50.18229665446585] 28.069375716286476 0.1762538419828596 0.0026481381616053055 1.7345544422448652e-05 [1423.366699219,-1672.063476562] 12.87629548273942 14.052482172195774 5.1509354748804785 5.251873064842102 18.442224502563477 9.221112251281738 4.531686300114302 38.17449389673061
46.091499357661455 -51.93857201349546 1.2578125 0.54663086 [46.091499357661455,-51.93857201349546] 25.254583917871884 1.8731287484860464 0.0002447719346580727 1.7038758719469452e-05 [1212.175292969,1486.162597656] 15.47845715525916 13.80888677741714 5.47745560468926 5.02318429426035 0.0 0.0 14.415685512524874 5.423711727540194
48.80969621213272 -51.62782288443208 1.2421875 0.4140625 [48.80969621213272,-51.62782288443208] 28.37565500067747 2.92990596918856 0.00019048420632726944 2.0740602034967314e-05 [4254.745605469,1027.999511719] 16.098895510557583 15.864182991628063 5.717938859640271 5.3456419839073925 17.68239974975586 8.84119987487793 29.986319349412156 28.29239235861519
48.19155110899723 -49.84052273012776 1.2890625 0.8666992 [48.19155110899723,-49.84052273012776] 30.798932164572285 2.4584642509270527 0.0002168414972185088 1.9811392304284385e-05 [3704.000244141,-2218.760742188] 15.05269837439124 13.063931995536104 5.106976854398012 5.163843795555885 0.0 0.0 15.884600570328075 57.04516964076129
48.34557726211644 -51.465171701519026 1.2421875 0.43359375 [48.34557726211644,-51.465171701519026] 30.954915785417068 1.5886123348422445 0.0003223605303928182 1.903130174562779e-05 [3750.540039062,710.3486328125] 17.110604120321497 15.291971702838236 5.536122091985705 5.11301354249563 0.0 0.0 26.011193631093647 28.396383985423427
48.42921063664818 -51.26796732987291 1.2109375 0.12158203 [48.42921063664818,-51.26796732987291] 34.875289484556404 2.4200123966458564 0.00021376713474531271 1.9225039023029616e-05 [3860.747070312,360.0844726562] 17.62850715229099 14.946573598266802 5.762893927821587 4.9963937168686225 0.0 0.0 25.431594422792955 32.436924324422534
46.275268574032 -49.97332011382794 1.2421875 0.40930176 [46.275268574032,-49.97332011382794] 5.2237740112259115 0.4723463434801102 0.0010070856035736893 1.76781025391413e-05 [1477.205078125,-2047.294921875] 13.109747647228689 14.693406876821513 5.287463553703075 5.378308388281487 0.0 0.0 3.57234976552013 42.32918072309462
46.20340352669125 -49.96680827281389 1.234375 0.31274414 [46.20340352669125,-49.96680827281389] 16.76625578160801 2.584432287203016 0.0001812575675749805 1.7408847013278492e-05 [1394.217773438,-2060.413085938] 13.022416452111251 14.647143277313711 5.268374541696045 5.3451407641591455 0.0 0.0 3.050708190474097 41.965993511666966
45.347213719892366 -51.551936975250044 1.2578125 0.57299805 [45.347213719892366,-51.551936975250044] 24.115288479875055 1.9753895040062748 0.0002272726080660524 1.668432114748294e-05 [389.6162109375,782.1982421875] 13.723155501685083 11.618296389179637 5.120169091887669 4.358388265766518 0.0 0.0 7.263040713236592 7.126617490159106
46.56729105646208 -51.20428097578312 1.2421875 0.4564209 [46.56729105646208,-51.20428097578312] 18.495501131534265 0.6668704497809278 0.0006884215203304015 1.7061005176129743e-05 [1768.342285156,174.326171875] 16.242255927478197 13.611467692134937 5.67810402693339 5.0090011404350365 0.0 0.0 12.873790039451478 21.743831796396307
46.59436022025849 -51.21219634997446 1.234375 0.35266113 [46.59436022025849,-51.21219634997446] 16.19860606637736 1.749033571040705 0.0002624029437883102 1.7055935755386e-05 [1798.549804688,189.2260742188] 16.126035751509704 13.588440354969642 5.685308464924881 5.000434506825349 0.0 0.0 13.09733422274985 21.78137335377005
47.152103254108745 -51.23405463899499 1.2578125 0.5437012 [47.152103254108745,-51.23405463899499] 23.117408361402813 1.4363077701319773 0.00032112091118361 1.7140551864823156e-05 [2425.963867188,244.5571289062] 15.435792911443837 13.390544524483438 5.674126887449612 4.838101927892563 0.0 0.0 16.852645494427065 25.04677386865569
47.2329102588032 -49.32425333159702 1.21875 0.20812988 [47.2329102588032,-49.32425333159702] 29.676153438137515 1.0400373069067381 0.000495354945803812 1.9145826751469162e-05 [2619.985839844,-3188.282226562] 13.168332026300495 14.137942059407544 6.086837571112611 5.530955736291702 0.0 0.0 6.4223962299017785 60.747131951195115
47.32960503876497 -49.696273906487654 1.2578125 0.5720215 [47.32960503876497,-49.696273906487654] 29.23612934023598 0.478111251533005 0.0010314074698393098 1.8326010867336237e-05 [2712.637207031,-2515.72265625] 14.46892574698386 14.060300381009077 5.540926409231853 5.296056489977108 0.0 0.0 9.154106856617432 54.38349734441317
47.3270722024115 -49.69548035947095 1.2578125 0.5720215 [47.3270722024115,-49.69548035947095] 28.261510807623694 0.6816588700938009 0.0007225932831755732 1.8304999181628413e-05 [2709.734863281,-2517.243164062] 14.46892574698386 14.060300381009077 5.540926409231853 5.296056489977108 0.0 0.0 9.132273518767988 54.38224363168638
