data_processed/hvc_rms/hvc_rms_index_12_with_B.ecsv
# %ECSV 1.0
# ---
# datatype:
# - {name: ra_dec_obj.ra, unit: deg, datatype: float64}
# - {name: ra_dec_obj.dec, unit: deg, datatype: float64}
# - {name: 'H-alpha flux [Error]', unit: R, datatype: float32}
# - {name: H-alpha flux, unit: R, datatype: float32}
# - {name: ra_dec_deg, datatype: string, subtype: 'float64[2]'}
# - {name: RM, unit: rad / m2, datatype: float64}
# - {name: RM_uncert, unit: rad / m2, datatype: float64}
# - {name: pol_int, datatype: float64}
# - {name: pol_int_uncert, datatype: float64}
# - {name: ra_dec_pix_offsets, datatype: string, subtype: 'float64[2]'}
# - {name: interpolation_raw, unit: rad / m2, datatype: float64}
# - {name: interpolation_cor, unit: rad / m2, datatype: float64}
# - {name: interpolation_unc, unit: rad / m2, datatype: float64}
# - {name: interpolation_cor_unc, unit: rad / m2, datatype: float64}
# - {name: HI, unit: dex(1 / cm2), datatype: float64}
# - {name: 'HI [Error]', unit: dex(1 / cm2), datatype: float64}
# - {name: pixel location x, datatype: float64}
# - {name: pixel location y, datatype: float64}
# - {name: 'B_virtual [raw]', unit: G, datatype: float64}
# - {name: 'B_virtual_unc [raw]', unit: G, datatype: float64}
# - {name: 'B_virtual [int]', unit: G, datatype: float64}
# - {name: 'B_virtual_unc [int]', unit: G, datatype: float64}
# meta: !!omap
# - __serialized_columns__:
#     ra_dec_obj:
#       __class__: astropy.coordinates.sky_coordinate.SkyCoord
#       dec: !astropy.table.SerializedColumn
#         __class__: astropy.coordinates.angles.Latitude
#         unit: &id001 !astropy.units.Unit {unit: deg}
#         value: !astropy.table.SerializedColumn {name: ra_dec_obj.dec}
#       frame: icrs
#       ra: !astropy.table.SerializedColumn
#         __class__: astropy.coordinates.angles.Longitude
#         unit: *id001
#         value: !astropy.table.SerializedColumn {name: ra_dec_obj.ra}
#         wrap_angle: !astropy.coordinates.Angle
#           unit: *id001
#           value: 360.0
#       representation_type: spherical
# schema: astropy-2.0
ra_dec_obj.ra ra_dec_obj.dec "H-alpha flux [Error]" "H-alpha flux" ra_dec_deg RM RM_uncert pol_int pol_int_uncert ra_dec_pix_offsets interpolation_raw interpolation_cor interpolation_unc interpolation_cor_unc HI "HI [Error]" "pixel location x" "pixel location y" "B_virtual [raw]" "B_virtual_unc [raw]" "B_virtual [int]" "B_virtual_unc [int]"
[from data line 1048]
60.772304381145105 -56.89479824336739 1.234375 0.3503418 [60.772304381145105,-56.89479824336739] 22.054326756679266 0.6621518434937649 0.0006987330470732974 1.7194026021863285e-05 [2234.36328125,2143.384765625] 25.599176838951944 25.082784055480797 5.806785746755049 6.2265910446528006 0.0 0.0 96.3530928797469 99.97712960927834 3.8093836057123996e-06 1.2677552169630827e-06 -6.122922697709703e-07 1.5761938286526026e-06
60.78099044556109 -56.900127372330395 1.234375 0.3503418 [60.78099044556109,-56.900127372330395] 16.893219625363358 2.6347619533580833 0.0001749881719122002 1.7134000718936455e-05 [2242.576171875,2153.250244141] 25.599176838951944 25.082784055480797 5.806785746755049 6.2265910446528006 0.0 0.0 96.42900270098721 99.92108412264292 2.9179196716611888e-06 1.3215864127800079e-06 -1.503756203822181e-06 1.6418299751918016e-06
54.80061359937103 -54.97162234413335 1.234375 0.3515625 [54.80061359937103,-54.97162234413335] 109.86753548453116 1.9258374032349233 0.00024869441682027175 1.7798948886275443e-05 [-3818.431640625,-1252.820800781] 23.078632798984955 18.851438677880672 5.672493198208135 5.5225649919583075 0.0 0.0 50.40486254379334 108.08042110181009 1.8977119233442257e-05 2.2031596440986692e-06 1.4990810043564849e-05 2.140126605663076e-06
54.80010650723233 -54.97039404842239 1.234375 0.3515625 [54.80010650723233,-54.97039404842239] 110.84178010941804 1.6397708002660214 0.0002916961467210492 1.7775529397210306e-05 [-3819.071289062,-1255.000488281] 23.078632798984955 18.851438677880672 5.672493198208135 5.5225649919583075 0.0 0.0 50.39541902313465 108.09843178134724 1.9145397845750092e-05 2.209509799199176e-06 1.5159088655872684e-05 2.143814065838379e-06
53.89264705521721 -57.78311159624829 1.3046875 1.0581055 [53.89264705521721,-57.78311159624829] 23.80599818635533 1.5477430112616972 0.00038267946147396324 2.2011148760823006e-05 [-4415.573242188,3851.915283203] 24.245459488459478 26.424605695216655 6.923294920527333 6.5578688220602235 18.941112518310547 9.470556259155273 60.439892752503965 58.65121934828608 4.111945025991616e-06 1.2990108930132633e-06 -7.590695005339793e-08 1.7214703572716357e-06
56.12610263279541 -55.7100982861945 1.2109375 0.100616455 [56.12610263279541,-55.7100982861945] 19.484202981330288 2.079074084639693 0.00021361700307642509 1.6504960376879086e-05 [-2405.64453125,15.6748046875] 22.310430882615595 22.233169546368046 5.996610544711448 6.5794360948101875 0.0 0.0 62.33970318881984 101.70920816093667 3.3654531478714717e-06 1.3015617086669366e-06 -4.881666238078483e-07 1.6327493603873496e-06
54.347332141265035 -57.6497421681001 1.2421875 0.4564209 [54.347332141265035,-57.6497421681001] 24.76167550898743 2.422639028113738 0.00021793729942731202 1.9621354194860996e-05 [-3995.217773438,3584.899658203] 24.54048291412858 25.795561281421357 6.709713914215794 6.075702783761601 17.762861251831055 8.881430625915527 62.22487453283429 62.84094022669092 4.277016558908996e-06 1.3430125780835964e-06 3.820599258624365e-08 1.7263214364106828e-06
57.095260239792836 -57.12773131199244 1.28125 0.81884766 [57.095260239792836,-57.12773131199244] 17.902153096052576 0.14488322426508063 0.0030693507360469883 1.6526212156938777e-05 [-1371.268554688,2539.859130859] 22.59979302010355 25.802479145581096 5.96425877731469 7.24875564611675 0.0 0.0 75.29693211838298 82.87187274296389 3.0921899935305258e-06 1.2448488058995018e-06 -8.114105095862968e-07 1.590540046392363e-06
57.10945139554723 -57.1298598823259 1.28125 0.81884766 [57.10945139554723,-57.1298598823259] 21.190668028348995 1.4819353095856447 0.00029907807039363286 1.6471096783507663e-05 [-1357.330078125,2543.409179688] 22.59979302010355 25.802479145581096 5.96425877731469 7.24875564611675 0.0 0.0 75.39152695026337 82.89483704219379 3.660206193183343e-06 1.2843248841726283e-06 -2.433943099334796e-07 1.6091156511752588e-06
57.103072923184335 -57.129726351616945 1.28125 0.81884766 [57.103072923184335,-57.129726351616945] 21.522807686898545 2.100249173683244 0.00021179229047757505 1.65306401827711e-05 [-1363.564453125,2543.294189453] 22.59979302010355 25.802479145581096 5.96425877731469 7.24875564611675 0.0 0.0 75.35316616732996 82.87142823991076 3.7175757689606844e-06 1.3112697273174208e-06 -1.8602473415613765e-07 1.6294508383564279e-06
57.714016004398516 -56.310584933848354 1.2109375 0.1000061 [57.714016004398516,-56.310584933848354] 15.664383834538203 1.2476075021196669 0.0003472330195237301 1.6099326114275886e-05 [-783.7358398438,1059.775878906] 23.889012516710167 26.124691657001147 6.535228972939033 7.629945082448274 0.0 0.0 75.00123438017783 98.38371999481683 2.7056662228333176e-06 1.2550066245556658e-06 -1.4206176416357473e-06 1.6736023543232987e-06
53.19783788866423 -56.28245543856082 1.2265625 0.28149414 [53.19783788866423,-56.28245543856082] 17.00065294497872 2.9009031121664473 0.00023060188735648659 2.486020952271671e-05 [-5289.248046875,1207.114257812] 22.37983059378964 20.949099745104064 6.365040866894663 5.764937480681879 0.0 0.0 47.80534128088425 79.22211083856837 2.936476335438109e-06 1.3384823649421725e-06 -9.291306587442747e-07 1.7115924224860081e-06
54.77936912339533 -55.85503768712621 1.234375 0.35253906 [54.77936912339533,-55.85503768712621] 20.441672256535792 1.6347726010447392 0.00028205593199521383 1.7135677949480223e-05 [-3755.384765625,336.1811523438] 23.33457400609392 20.867833834717498 6.238157218187835 5.900409561356917 0.0 0.0 54.87199758930467 93.51305921841004 3.530834199861034e-06 1.286555665027098e-06 -4.996830154593558e-07 1.644662393755738e-06
54.762832731794255 -55.867324790444194 1.234375 0.31835938 [54.762832731794255,-55.867324790444194] 17.477289812611552 1.319855180512749 0.00035182606461825456 1.7256908447577352e-05 [-3770.86328125,359.1635742188] 23.28651808319092 20.86546590708489 6.214951355502522 5.896385589008341 0.0 0.0 54.837113523311814 93.23915347696538 3.018804519357336e-06 1.2636885365846257e-06 -1.003412127694353e-06 1.6356745816462312e-06
53.69350399980381 -57.48046104927811 1.296875 0.96533203 [53.69350399980381,-57.48046104927811] 23.21637974555975 1.2303903200805275 0.0004795849698635935 2.1928916445307975e-05 [-4644.5859375,3321.7421875] 22.571965815240713 25.83389654055345 6.9918793088619955 6.450628729131968 18.32675552368164 9.16337776184082 57.5583534277373 62.48068230093395 4.010101843618698e-06 1.28591940738927e-06 1.1130785757069523e-07 1.7221178902889963e-06
53.69403440305727 -57.48189162471615 1.296875 0.96533203 [53.69403440305727,-57.48189162471615] 24.47502915419679 1.1174820168598232 0.0005268961720484328 2.1881358899081755e-05 [-4643.892578125,3324.274169922] 22.571965815240713 25.83389654055345 6.9918793088619955 6.450628729131968 18.32675552368164 9.16337776184082 57.56967034034335 62.46061296957578 4.227504917196968e-06 1.2891848001485323e-06 3.2871093114896517e-07 1.7200734412046859e-06
54.93805653742427 -57.47414391321839 1.2109375 0.12149048 [54.93805653742427,-57.47414391321839] 20.03674386818063 2.8464644919511524 0.00017363497853323628 1.836756948468505e-05 [-3444.115234375,3237.782714844] 24.248513916979263 25.483972917765428 6.845659194415046 6.669269384846927 0.0 0.0 64.59185607905249 68.26904168553165 3.460892025651589e-06 1.3463909613019747e-06 -7.274875334865956e-07 1.7625549489479194e-06
58.51594905920255 -56.407535460541894 1.2578125 0.579834 [58.51594905920255,-56.407535460541894] 28.0544068829931 2.850361636043297 0.00015435938925667728 1.6350902121042877e-05 [16.8837890625,1229.830078125] 22.824573013835305 27.060351021986726 6.731216239819766 7.442341583456351 0.0 0.0 80.36219673677329 99.86401713683335 4.845761053018446e-06 1.3850079737752038e-06 9.033349157092512e-07 1.7502910587628501e-06
57.05306202058344 -56.64034273916733 1.2578125 0.56591797 [57.05306202058344,-56.64034273916733] 21.783159872369012 1.7858775343074342 0.00024192731055356175 1.6056292631622734e-05 [-1431.037109375,1663.783203125] 23.024041343161613 26.60835435646449 6.0764690158647 7.32149868467136 0.0 0.0 72.60379515742238 90.48393784660152 3.762545690644747e-06 1.2984777800096344e-06 -2.1433406621845898e-07 1.630666753850264e-06
57.05376072982846 -56.61702349889779 1.2734375 0.7697754 [57.05376072982846,-56.61702349889779] 19.494984242371793 2.9481313145932875 0.00014692878159943128 1.609764716877246e-05 [-1431.23046875,1621.80859375] 23.296691217980822 26.6762129519963 6.091765920996579 7.30540524530112 0.0 0.0 72.49217207442757 90.86051728885514 3.36731536563552e-06 1.3507489969789447e-06 -6.56658459194249e-07 1.6829414309864888e-06
57.15162318718106 -58.074562072293574 1.25 0.5197754 [57.15162318718106,-58.074562072293574] 19.561633656098316 2.2124637027637193 0.00026319994823286304 2.1640667741252695e-05 [-1282.357421875,4241.798950195] 24.843716180513344 25.12502755343594 6.751817838033732 6.979194111838268 19.0508975982666 9.5254487991333 80.48248905159721 68.15043036958673 3.3788275367746033e-06 1.3084202414344166e-06 -9.123596831824703e-07 1.7249933873028573e-06
54.16034320672334 -58.062660194649396 1.234375 0.36547852 [54.16034320672334,-58.062660194649396] 25.101769483104263 1.497934142873571 0.0004317656894950616 2.4035300208404857e-05 [-4127.205078125,4337.164672852] 24.59997057729987 25.919053540432955 7.02635446284831 6.966105212072731 18.54204559326172 9.27102279663086 63.56049044380313 55.512425402391955 4.335760061882166e-06 1.303890632455857e-06 8.667435402700524e-08 1.7325824278417411e-06
58.90467469651486 -56.999671945503245 1.28125 0.81103516 [58.90467469651486,-56.999671945503245] 23.57367621284588 2.397034663018732 0.0001848505862114652 1.646659672936978e-05 [397.7231445312,2296.671386719] 24.294163491175894 27.087295789310645 6.004435877631189 7.073253347321125 0.0 0.0 85.4717960482626 91.83142690849945 4.071816686237802e-06 1.3358110971773002e-06 -1.2444779913145556e-07 1.6459354845974386e-06
58.09476474884706 -57.93770981724085 1.2890625 0.8635254 [58.09476474884706,-57.93770981724085] 26.65594671741199 2.2004045037917264 0.0002390689989451196 1.9549447651435975e-05 [-386.2045898438,3984.3125] 26.60041500630254 27.22044962089479 7.112019589287551 7.227224777988371 18.550588607788086 9.275294303894043 85.2119610937807 73.97879603170281 4.6042088493723685e-06 1.3414572791310124e-06 9.591840740884334e-09 1.7650549022180184e-06
59.14676279498187 -57.93572610066161 1.2890625 0.8527832 [59.14676279498187,-57.93572610066161] 25.03837541400322 0.6327943184961102 0.0008639919924837414 2.031800167648528e-05 [619.01171875,3982.495361328] 22.412214969175356 24.85526647017367 6.730657473692918 6.975673046564793 0.0 0.0 91.32342262793907 77.9176164470723 4.324810177526264e-06 1.2822909432253002e-06 4.536095186613606e-07 1.6814537639647909e-06
59.14183824833864 -57.93730545846806 1.2890625 0.8527832 [59.14183824833864,-57.93730545846806] 25.709170894980765 2.8192050107603346 0.00019422181193890878 2.034854510796229e-05 [614.279296875,3985.292236328] 22.412214969175356 24.85526647017367 6.730657473692918 6.975673046564793 0.0 0.0 91.30218993646201 77.87501350677371 4.440674848264759e-06 1.37065713463021e-06 5.694741893998556e-07 1.747439256457841e-06
59.145465879720305 -57.93391033851441 1.2890625 0.8527832 [59.145465879720305,-57.93391033851441] 25.11710184702744 0.8016766476246646 0.0006780922099693044 2.0202108132838256e-05 [617.8037109375,3979.218017578] 22.412214969175356 24.85526647017367 6.730657473692918 6.975673046564793 0.0 0.0 91.30717007568956 77.9414312856245 4.338408379212826e-06 1.285523669670918e-06 4.67207720347923e-07 1.683635504370737e-06
60.856380561468455 -58.167121877381334 1.2109375 0.1461792 [60.856380561468455,-58.167121877381334] 16.361845150018393 3.19674554630291 0.00020084799652121118 2.3860760189394596e-05 [2237.512695312,4433.790649414] 22.201148051515247 23.719892540474852 6.412064459826396 6.373682033578332 0.0 0.0 102.4106382350268 80.21019528165539 2.826136810311314e-06 1.35630440002292e-06 -1.0086068365253637e-06 1.7328293080461611e-06
56.38565446499847 -56.680435104535476 1.2578125 0.5566406 [56.38565446499847,-56.680435104535476] 7.2399397255663125 1.7552615714018518 0.00025144995085605286 1.6402199994279282e-05 [-2089.094726562,1752.868164062] 21.875498095356594 24.938364277452703 6.573557275411653 7.468816674294066 0.0 0.0 68.81157240214509 87.12013843717318 1.2505350084452512e-06 1.2522255409024217e-06 -2.527960011177447e-06 1.7033071311274785e-06
53.77588661817207 -55.875125848656886 1.234375 0.3713379 [53.77588661817207,-55.875125848656886] 20.040862162774687 1.8549686795946279 0.0002971327040100983 2.048310255754779e-05 [-4763.993164062,433.9384765625] 21.041160757614456 20.42539674355535 6.0783281064377235 5.816688440488122 0.0 0.0 48.94566956673293 88.57545035110161 3.461603367425164e-06 1.2937312104848357e-06 -1.7277884335533985e-07 1.6331278539491627e-06
53.77649682779296 -55.87648014937129 1.234375 0.3713379 [53.77649682779296,-55.87648014937129] 22.561586840297167 2.1492124736142553 0.00025648566379452703 2.0485716156063845e-05 [-4763.212890625,436.3286132812] 21.041160757614456 20.42539674355535 6.0783281064377235 5.816688440488122 0.0 0.0 48.9567749186275 88.55630982894854 3.897001254062563e-06 1.3183643694747613e-06 2.6261904328205993e-07 1.643963021053428e-06
57.6468276380819 -57.64935678460306 1.2265625 0.2498169 [57.6468276380819,-57.64935678460306] 24.413111788782857 3.1773813570908227 0.0001497663112718022 1.7684475329223758e-05 [-820.7270507812,3469.540039062] 26.8517343500475 27.313088606971426 6.264546059048161 7.207512340064798 18.20737075805664 9.10368537902832 81.16370824134901 76.78978822578188 4.216810099834416e-06 1.3874875998364692e-06 -4.2121661240865126e-07 1.7133506753095862e-06
62.095481982797295 -57.825668330232766 1.2265625 0.24536133 [62.095481982797295,-57.825668330232766] 24.553104287247812 2.447071291945596 0.00023332271855153338 2.1218386365266714e-05 [3444.989501953,3870.973388672] 24.79054714728091 22.87745760208122 6.117472560633007 5.505443084121154 0.0 0.0 108.29055696000614 89.51198500330338 4.240990621618587e-06 1.3432931177769503e-06 -4.1012856492189873e-08 1.660448546436857e-06
57.84072109483831 -56.11944588633748 1.2109375 0.1000061 [57.84072109483831,-56.11944588633748] 19.37126559067476 2.781647567725012 0.00015831123304651802 1.6365246043607377e-05 [-660.5283203125,714.435546875] 23.644140698107055 26.2602621140067 6.526255191797713 7.658372862174174 0.0 0.0 74.87186118676493 101.95231124548036 3.345945780941542e-06 1.3396850124034438e-06 -7.380420433183077e-07 1.7229137967118362e-06
56.478641198870285 -55.68609242480679 1.2109375 0.1000061 [56.478641198870285,-55.68609242480679] -15.09956669297028 0.9454438408824587 0.00045848991512636105 1.6109209426774595e-05 [-2049.663085938,-38.845703125] 22.266656409151814 22.617666861170445 6.2630881922716535 6.926636753808406 0.0 0.0 64.39316467262802 103.56284320279474 -2.6081069011159787e-06 1.2452099562586632e-06 -6.454165627590818e-06 1.743108500861454e-06
59.18457042632579 -56.1630096464733 1.265625 0.66064453 [59.18457042632579,-56.1630096464733] 19.295493100985464 2.804570373593579 0.0001568115516370434 1.634380218806619e-05 [687.126953125,793.0903320312] 22.181955818824164 25.250051643863355 6.773056387480079 7.048997789234687 0.0 0.0 83.37665890852475 106.22757041754494 3.3328578058167062e-06 1.3408131337617243e-06 -4.985708191026377e-07 1.7514223215418555e-06
