data_processed/hvc_rms/hvc_rms_index_12_with_B.ecsv
# %ECSV 1.0
# ---
# datatype:
# - {name: ra_dec_obj.ra, unit: deg, datatype: float64}
# - {name: ra_dec_obj.dec, unit: deg, datatype: float64}
# - {name: 'H-alpha flux [Error]', unit: R, datatype: float32}
# - {name: H-alpha flux, unit: R, datatype: float32}
# - {name: ra_dec_deg, datatype: string, subtype: 'float64[2]'}
# - {name: RM, unit: rad / m2, datatype: float64}
# - {name: RM_uncert, unit: rad / m2, datatype: float64}
# - {name: pol_int, datatype: float64}
# - {name: pol_int_uncert, datatype: float64}
# - {name: ra_dec_pix_offsets, datatype: string, subtype: 'float64[2]'}
# - {name: interpolation_raw, unit: rad / m2, datatype: float64}
# - {name: interpolation_cor, unit: rad / m2, datatype: float64}
# - {name: interpolation_unc, unit: rad / m2, datatype: float64}
# - {name: pixel location x, datatype: float64}
# - {name: pixel location y, datatype: float64}
# - {name: 'B_virtual [raw]', unit: G, datatype: float64}
# - {name: 'B_virtual_unc [raw]', unit: G, datatype: float64}
# - {name: 'B_virtual [int]', unit: G, datatype: float64}
# - {name: 'B_virtual_unc [int]', unit: G, datatype: float64}
# - {name: 'B_virtual [cor]', unit: G, datatype: float64}
# - {name: 'B_virtual_unc [cor]', unit: G, datatype: float64}
# meta: !!omap
# - __serialized_columns__:
#     ra_dec_obj:
#       __class__: astropy.coordinates.sky_coordinate.SkyCoord
#       dec: !astropy.table.SerializedColumn
#         __class__: astropy.coordinates.angles.Latitude
#         unit: &id001 !astropy.units.Unit {unit: deg}
#         value: !astropy.table.SerializedColumn {name: ra_dec_obj.dec}
#       frame: icrs
#       ra: !astropy.table.SerializedColumn
#         __class__: astropy.coordinates.angles.Longitude
#         unit: *id001
#         value: !astropy.table.SerializedColumn {name: ra_dec_obj.ra}
#         wrap_angle: !astropy.coordinates.Angle
#           unit: *id001
#           value: 360.0
#       representation_type: spherical
# schema: astropy-2.0
ra_dec_obj.ra ra_dec_obj.dec "H-alpha flux [Error]" "H-alpha flux" ra_dec_deg RM RM_uncert pol_int pol_int_uncert ra_dec_pix_offsets interpolation_raw interpolation_cor interpolation_unc "pixel location x" "pixel location y" "B_virtual [raw]" "B_virtual_unc [raw]" "B_virtual [int]" "B_virtual_unc [int]" "B_virtual [cor]" "B_virtual_unc [cor]"
[from data line 917]
49.033447456287504 -53.198238403510715 1.25 0.52197266 [49.033447456287504,-53.198238403510715] 1.1703225790228395 0.0801216293901816 0.007442258212556102 2.2159665982010014e-05 [-4468.224609375,3869.810791016] 18.91876523099027 21.830823185216158 5.378834528181255 4.589619171591266 108.17417041763588 4.2788823125638696e-07 2.6105370036872265e-06 -6.489108105772565e-06 8.43393865434171e-06 -7.553802019813071e-06 9.627489770641843e-06
49.061542506997384 -53.15665056285005 1.25 0.51538086 [49.061542506997384,-53.15665056285005] 31.638220330653553 1.1353230492053863 0.0005087581271141696 2.1465426303743044e-05 [-4442.314453125,3793.421386719] 19.111957837346182 21.864471243209074 5.357919064549635 4.516366051565001 109.05446776177178 1.1641167488014381e-05 1.4394481393467946e-05 4.60899248312465e-06 6.489010361982912e-06 3.596215239784904e-06 5.460671890501784e-06
49.17018553633394 -53.50228499886686 1.2265625 0.27856445 [49.17018553633394,-53.50228499886686] 29.85730751331447 2.613354351481818 0.0002680192588347329 2.60299303404648e-05 [-4290.4375,4407.675170898] 18.562660654842574 21.83425350092837 5.760392569368018 7.261830645232294 103.77871485954506 1.49429528846872e-05 3.31372270484018e-05 5.652732610938301e-06 1.3320310538208739e-05 4.015369371297917e-06 1.0028678093512076e-05
49.17611679543153 -53.500984203184714 1.2265625 0.27856445 [49.17611679543153,-53.500984203184714] 39.63118910432176 1.2419369464232297 0.0005634743163886485 2.6006528000996225e-05 [-4284.234375,4404.993774414] 18.562660654842574 21.83425350092837 5.760392569368018 7.290640856360028 103.83572828356637 1.983457454380044e-05 4.3848423850598124e-05 1.0544354270051542e-05 2.3680615613219134e-05 8.906991030411156e-06 2.0153006379707836e-05
48.7949904793753 -52.98340601282882 1.2265625 0.27893066 [48.7949904793753,-52.98340601282882] 17.77925992994705 2.5712173973513734 0.00022147361210194934 2.1162622737085553e-05 [-4748.287109375,3498.941650391] 19.302895332374018 20.875605377418232 5.282635873465425 1.8142614503061623 110.45280618772108 8.892301577156931e-06 1.99200511568898e-05 -7.620466512890347e-07 4.868666454494235e-06 -1.5486379981201322e-06 5.70132889411401e-06
48.59052665132942 -53.078880323049695 1.2578125 0.59521484 [48.59052665132942,-53.078880323049695] 30.34283670031964 1.7718826068705036 0.00035157753960082447 2.3150734307492257e-05 [-4958.190429688,3683.856689453] 18.671101930958795 20.777188324995976 5.31367625458022 1.1128613912785568 107.57837389255883 1.0388861042586846e-05 1.1290654346778815e-05 3.996199559138184e-06 5.232591101648081e-06 3.2751121042165885e-06 4.635074186181785e-06
49.00430289730318 -53.279762322103636 1.2578125 0.5876465 [49.00430289730318,-53.279762322103636] 31.039534768354653 1.1500501478292458 0.0005389144538858169 2.303272450362948e-05 [-4491.00390625,4017.986083984] 18.61257493018183 21.779292351998855 5.4338134469138994 4.896935418300814 106.60351871183298 1.0695615115294468e-05 1.174417994118056e-05 4.282086715353307e-06 5.534523150944879e-06 3.1908979789427484e-06 4.607079677143256e-06
48.73733150638247 -53.32960513363683 1.2265625 0.23919678 [48.73733150638247,-53.32960513363683] 30.108260964978047 0.2738240331784663 0.002409218793375154 2.4516389265961767e-05 [4015.706054688,4082.067382812] 18.3765025267619 21.770852101823067 5.537372680358865 3.5437167695598646 104.158912253582 1.6261351735237086e-05 4.188969294174416e-05 6.336275969528005e-06 1.6956052295336435e-05 4.503001293962152e-06 1.25187322516428e-05
48.71770850756235 -53.339969611569174 1.2265625 0.23919678 [48.71770850756235,-53.339969611569174] 32.3838405773133 0.28251886233520046 0.002318624059696163 2.434369454354158e-05 [3993.686035156,4099.617431641] 18.3765025267619 21.770852101823067 5.537372680358865 3.485448736148328 103.86381855101286 1.7490383213367326e-05 4.503079973031063e-05 7.565307447658246e-06 1.999905142584372e-05 5.732032772092393e-06 1.5476223345294715e-05
48.73329165464111 -53.33189015009045 1.2265625 0.23919678 [48.73329165464111,-53.33189015009045] 27.983548534200168 0.6046587088334405 0.001086860621659801 2.442265471603257e-05 [4011.157714844,4085.951660156] 18.3765025267619 21.770852101823067 5.537372680358865 3.5326283371445015 104.09557735478461 1.5113803020507294e-05 3.8959687405000615e-05 5.188727254798214e-06 1.4161394915014267e-05 3.3554525792323614e-06 9.871635792111395e-06
48.72423549825548 -53.33742521264816 1.2265625 0.23919678 [48.72423549825548,-53.33742521264816] 32.38998874753699 0.40378852349433053 0.0016224743630301568 2.4346723162294438e-05 [4000.924560547,4095.401367188] 18.3765025267619 21.770852101823067 5.537372680358865 3.5103028179333933 103.94652851572005 1.749370381559845e-05 4.5039558128594435e-05 7.568628049889368e-06 2.0007925813966662e-05 5.735353374323515e-06 1.5485102268785886e-05
48.72427367603911 -53.33134079455312 1.2265625 0.23919678 [48.72427367603911,-53.33134079455312] 32.45495303777399 2.413752845979337 0.0002721419403205192 2.441164124512042e-05 [4001.536132812,4084.474121094] 18.3765025267619 21.770852101823067 5.537372680358865 3.473561679826844 104.05086966009821 1.7528790769806887e-05 4.514755441689018e-05 7.603715004097806e-06 2.0136357166996674e-05 5.770440328531953e-06 1.5623618126825596e-05
48.380271859084566 -53.39348604009248 1.265625 0.6437988 [48.380271859084566,-53.39348604009248] 34.85361648564763 2.8944460106696184 0.00021859661584941136 2.3513516873165863e-05 [3627.174804688,4178.29309082] 18.176736150956284 21.23680039967581 5.914195658736725 1.7350112452396615 100.90701096654948 1.1474172941531088e-05 1.159683494123474e-05 5.490202405947307e-06 6.275025850364096e-06 4.482797437901512e-06 5.439456821191806e-06
48.88270198775296 -53.17100909788261 1.2109375 0.1362915 [48.88270198775296,-53.17100909788261] 35.85942466140597 0.22010618461346423 0.002887260324799518 2.3617117585997208e-05 [4187.119628906,3805.284179688] 18.869589636184962 21.70104619550215 5.356268627839321 3.4873771287636828 107.74700795832541 2.5657690356730093e-05 0.0001141165742506311 1.215635583685789e-05 5.4382283864063584e-05 1.0130427190666262e-05 4.545311396479396e-05
48.89131925199125 -53.17219541751016 1.2109375 0.14245605 [48.89131925199125,-53.17219541751016] 38.27462835893832 0.9021683566346427 0.0007016095250385947 2.352294915127499e-05 [4196.280029297,3807.905761719] 18.978855884944867 21.71836043697271 5.349540697335218 3.548159731962187 107.77795292762039 2.678669671016694e-05 0.00011398180067930208 1.3504246212453293e-05 5.774241541445733e-05 1.1586989776071606e-05 4.96466375979519e-05
49.06088267016319 -53.15708923052129 1.25 0.51538086 [49.06088267016319,-53.15708923052129] 37.01291149408644 1.271057768300953 0.0005288596528760289 2.4981265094928912e-05 [4380.329833984,3790.649658203] 19.111957837346182 21.864471243209074 5.357919064549635 4.5148647935805 109.04303322773353 1.3618765449466488e-05 1.676644830700098e-05 6.586590444576758e-06 8.653964220217179e-06 5.5738132012370115e-06 7.52857101005705e-06
49.03267293998215 -53.198619902907176 1.25 0.52197266 [49.03267293998215,-53.198619902907176] -2.6114109324641124 0.4053192202508607 0.0016863015237109922 2.540043381913888e-05 [4345.75,3863.568603516] 18.91876523099027 21.830823185216158 5.378834528181255 4.587075047061717 108.16304092599194 -9.547726626864085e-07 2.808269187537089e-06 -7.871768999715361e-06 9.989070804424885e-06 -8.936462913755868e-06 1.1206418362638575e-05
48.58966440243945 -53.079261809969864 1.2578125 0.59521484 [48.58966440243945,-53.079261809969864] 35.44674225511815 1.5002785327357304 0.00039217061287648584 2.1865310306618988e-05 [3879.884033203,3624.403808594] 18.671101930958795 20.777188324995976 5.31367625458022 1.1098042054695725 107.566598280275 1.2136349786206204e-05 1.3101081532163433e-05 5.74368830275754e-06 6.812884910802575e-06 5.022600847835944e-06 6.138837628718794e-06
49.00282295650631 -53.278621635852936 1.2578125 0.5876465 [49.00282295650631,-53.278621635852936] 27.500826145819484 2.1101541948204465 0.0003274170695521652 2.5675813465933998e-05 [4305.589355469,4005.498535156] 18.61257493018183 21.779292351998855 5.4338134469138994 4.88089190208666 106.61429946927956 9.476245504432986e-06 1.0484559091009396e-05 3.062717104491826e-06 4.546673574656494e-06 1.971528368081268e-06 3.7862858904041706e-06
56.30772750209824 -57.39606091714296 1.265625 0.6374512 [56.30772750209824,-57.39606091714296] 24.53679786327747 1.1402188304913052 0.00041027317809014767 1.7384813568656435e-05 [-2124.748046875,3042.386474609] 24.175290805429825 26.138988168668433 6.2821451893468305 72.065616432924 75.39656407604798 8.117888041960782e-06 8.425204642262986e-06 1.1960296687197132e-07 3.1368493404850174e-06 -5.300773798419951e-07 3.1788038601583795e-06
53.68664882298009 -56.98006062139895 1.2734375 0.7470703 [53.68664882298009,-56.98006062139895] 24.282093002832887 1.8742693237957049 0.0003231604057679948 2.2509137030832157e-05 [-4714.747070312,2424.001953125] 20.939051324461126 23.42629884595069 6.099261435520438 54.62980359379026 70.37823650141172 7.420856150920951e-06 6.734427441831941e-06 1.0216677532219287e-06 3.0241909191643112e-06 2.615394534680578e-07 2.9033262988507897e-06
54.293471841756805 -55.41800304083129 1.296875 0.9658203 [54.293471841756805,-55.41800304083129] 28.858566326310452 0.15136038370680877 0.003421359891155076 1.924507832661237e-05 [-4292.752929688,-420.9926757812] 21.458097908891702 18.815078079661138 5.580867758682849 49.6029022005971 98.44243281546096 7.75666827415953e-06 5.581148467829596e-06 1.9891140099699663e-06 2.758119640510584e-06 2.6995106327805868e-06 3.0225123466696003e-06
54.28788753173425 -55.41273104251495 1.296875 0.9658203 [54.28788753173425,-55.41273104251495] 11.27873193031164 1.058898224049212 0.0004886444563148888 1.9228964565682666e-05 [-4299.016601562,-430.1186523438] 21.458097908891702 18.815078079661138 5.580867758682849 49.5408009121096 98.50320373833915 3.0315221188530656e-06 2.799628166676012e-06 -2.7360321453364997e-06 3.050577027390707e-06 -2.0256355225258787e-06 2.784574175328245e-06
54.30586206886362 -55.42597206646526 1.296875 0.9658203 [54.30586206886362,-55.42597206646526] 27.929944720886226 0.35603745866624575 0.0014454335969116211 1.912504830027458e-05 [-4279.264648438,-407.4409179688] 21.458097908891702 18.815078079661138 5.580867758682849 49.720881232164515 98.3686868809873 7.507071337705825e-06 5.4229670081781244e-06 1.7395170735162596e-06 2.6809864042423917e-06 2.4499136963268808e-06 2.9246063278443225e-06
54.294547679954036 -55.412696864041365 1.296875 0.9658203 [54.294547679954036,-55.412696864041365] 22.085424608483116 1.1121774591556999 0.0004658244769889558 1.9253296413284905e-05 [-4292.233398438,-430.5927734375] 21.458097908891702 18.815078079661138 5.580867758682849 49.581307563329005 98.53432598088648 5.936168500019348e-06 4.44956150597535e-06 1.6861423582978247e-07 2.4274409018052495e-06 8.790108586404036e-07 2.496790943473963e-06
56.52499749734071 -56.13663873943815 1.234375 0.31774902 [56.52499749734071,-56.13663873943815] 14.36303846713341 0.5032806753990214 0.0008643654517922043 1.6166513088727027e-05 [-1979.506835938,770.4462890625] 22.92755094814676 24.60502335722329 6.291588223934283 66.90529940619399 96.44614934994115 6.730585500277121e-06 1.3494223107380728e-05 -4.013369709588723e-06 8.967027054945843e-06 -4.799440950676108e-06 1.0324721239793449e-05
56.86455572688685 -56.83573525438263 1.265625 0.69384766 [56.86455572688685,-56.83573525438263] 21.499498080867415 2.6394707559956223 0.00016762105241889668 1.6441980198464612e-05 [-1609.161132812,2019.482421875] 21.03393064710557 25.47938447406365 5.9841715666670865 72.45451309493023 86.59761435461724 6.817809976327289e-06 6.683491932307763e-06 1.4763834404949663e-07 3.0409836589044605e-06 -1.2620810520376473e-06 3.2507101669745918e-06
55.59863684129066 -55.30162812030283 1.2109375 0.1000061 [55.59863684129066,-55.30162812030283] 22.25361933254784 1.4776068202653838 0.0003050819789489517 1.6752674294500303e-05 [-2970.643554688,-698.58203125] 21.189359024571424 19.735787524722966 5.801673641245326 57.038852881548905 106.14591716749487 1.8588144322836568e-05 0.00011270950103035239 8.889621012254083e-07 9.389782716899903e-06 2.1031105244091934e-06 1.4878092026357779e-05
58.32247534705617 -57.070213280563 1.3046875 1.0532227 [58.32247534705617,-57.070213280563] 20.805452741798085 1.7573551690873834 0.0002546393782493142 1.6630059823960617e-05 [-172.7075195312,2422.677246094] 23.070340169828842 25.719548243737165 6.584872146350266 82.31011855226063 88.55222717580182 5.3550768609425055e-06 3.832018146930122e-06 -5.829551708875185e-07 2.5409607577771868e-06 -1.2648299194195445e-06 2.6362937979292548e-06
59.36706544686461 -57.49764254479846 1.25 0.50268555 [59.36706544686461,-57.49764254479846] 21.484654555463806 2.007887716822419 0.00023157124496108237 1.7279563064635822e-05 [839.5952148438,3196.784423828] 25.56681026935628 25.81283951054132 6.63295522654447 90.5563949283279 85.60691042461713 8.004400493728018e-06 1.0340367298794536e-05 -1.520862675608898e-06 4.130632047451223e-06 -1.6125242182475822e-06 4.184307905512364e-06
54.40816459865599 -55.26749417417292 1.25 0.47595215 [54.40816459865599,-55.26749417417292] 13.569355924707903 2.3551891841840207 0.00021869917516574542 1.914175029236636e-05 [-4191.78515625,-698.4389648438] 21.822767833082334 18.428919382499423 5.637254646562375 49.510613287874435 101.43667821327858 5.195486522951254e-06 7.400108139413974e-06 -3.1600976919063166e-06 5.473231904458378e-06 -1.8606481097904968e-06 4.318934905655843e-06
54.56580699838025 -55.49340441626482 1.421875 2.2490234 [54.56580699838025,-55.49340441626482] 22.07235393993145 1.327075838205608 0.0003680569383503132 1.815178983082203e-05 [-4007.552734375,-301.8090820312] 22.465139535049577 19.548020525857183 5.955461139459541 51.66510523300121 98.44902882629685 3.887767591656855e-06 1.790978839832875e-06 -6.918424338997566e-08 1.635759295736333e-06 4.4462958796704207e-07 1.6421167746876618e-06
61.118423579584295 -57.955902071256716 1.25 0.52075195 [61.118423579584295,-57.955902071256716] 16.611225603217537 0.38097527990644325 0.0014965971077539194 2.1188997101638328e-05 [2500.80078125,4063.111816406] 23.65975579945296 24.04337147813856 6.683615119467907 103.0222814471042 84.37509660536693 6.080437895831188e-06 7.755015305194032e-06 -2.58007152144143e-06 4.713053709538565e-06 -2.720491702699044e-06 4.826079140913337e-06
61.129531930766944 -57.95647436727666 1.25 0.52075195 [61.129531930766944,-57.95647436727666] 23.63730254016516 0.23268330020191208 0.0024534837272942854 2.1215687018767847e-05 [2511.358398438,4064.541748047] 23.65975579945296 24.04337147813856 6.683615119467907 103.09063615781838 84.40230936970738 8.652290538550508e-06 1.0724468368817437e-05 -8.218878722110784e-09 3.5437433023908386e-06 -1.4863905997972496e-07 3.5482421545183897e-06
55.23552302703016 -56.96012879466342 1.2421875 0.41333008 [55.23552302703016,-56.96012879466342] 17.82535990485765 1.5256535573184002 0.0003135465246918035 1.7777333534768634e-05 [-3201.026367188,2299.751708984] 22.448205036426195 25.22605086131958 5.99439690250412 63.49347725015366 77.74226791745446 7.3238330602748174e-06 1.1411131246406007e-05 -1.8993695604365179e-06 4.785982235008093e-06 -3.040691766399743e-06 5.97346198670431e-06
