data_processed/hvc_rms/hvc_rms_index_18_with_B.ecsv
# %ECSV 1.0
# ---
# datatype:
# - {name: ra_dec_obj.ra, unit: deg, datatype: float64}
# - {name: ra_dec_obj.dec, unit: deg, datatype: float64}
# - {name: 'H-alpha flux [Error]', unit: R, datatype: float32}
# - {name: H-alpha flux, unit: R, datatype: float32}
# - {name: ra_dec_deg, datatype: string, subtype: 'float64[2]'}
# - {name: RM, unit: rad / m2, datatype: float64}
# - {name: RM_uncert, unit: rad / m2, datatype: float64}
# - {name: pol_int, datatype: float64}
# - {name: pol_int_uncert, datatype: float64}
# - {name: ra_dec_pix_offsets, datatype: string, subtype: 'float64[2]'}
# - {name: interpolation_raw, unit: rad / m2, datatype: float64}
# - {name: interpolation_cor, unit: rad / m2, datatype: float64}
# - {name: interpolation_unc, unit: rad / m2, datatype: float64}
# - {name: pixel location x, datatype: float64}
# - {name: pixel location y, datatype: float64}
# - {name: 'B_virtual [raw]', unit: G, datatype: float64}
# - {name: 'B_virtual_unc [raw]', unit: G, datatype: float64}
# - {name: 'B_virtual [int]', unit: G, datatype: float64}
# - {name: 'B_virtual_unc [int]', unit: G, datatype: float64}
# - {name: 'B_virtual [cor]', unit: G, datatype: float64}
# - {name: 'B_virtual_unc [cor]', unit: G, datatype: float64}
# meta: !!omap
# - __serialized_columns__:
#     ra_dec_obj:
#       __class__: astropy.coordinates.sky_coordinate.SkyCoord
#       dec: !astropy.table.SerializedColumn
#         __class__: astropy.coordinates.angles.Latitude
#         unit: &id001 !astropy.units.Unit {unit: deg}
#         value: !astropy.table.SerializedColumn {name: ra_dec_obj.dec}
#       frame: icrs
#       ra: !astropy.table.SerializedColumn
#         __class__: astropy.coordinates.angles.Longitude
#         unit: *id001
#         value: !astropy.table.SerializedColumn {name: ra_dec_obj.ra}
#         wrap_angle: !astropy.coordinates.Angle
#           unit: *id001
#           value: 360.0
#       representation_type: spherical
# schema: astropy-2.0
ra_dec_obj.ra ra_dec_obj.dec "H-alpha flux [Error]" "H-alpha flux" ra_dec_deg RM RM_uncert pol_int pol_int_uncert ra_dec_pix_offsets interpolation_raw interpolation_cor interpolation_unc "pixel location x" "pixel location y" "B_virtual [raw]" "B_virtual_unc [raw]" "B_virtual [int]" "B_virtual_unc [int]" "B_virtual [cor]" "B_virtual_unc [cor]"
[from data line 989]
179.38211061927817 -55.70468144612469 4.3125 31.226562 [179.38211061927817,-55.70468144612469] 161.38351209253418 0.8529269913479586 0.0006127985460215791 1.9423982917947674e-05 [3935.323242188,74.90234375] -10.317665394826717 -1.0304773071149889 30.86567315105896 96.44336947648048 57.933536546121786 7.628615173820543e-06 9.273543381247132e-07 8.11633227557904e-06 1.7571429367390743e-06 7.677325941850102e-06 1.7315685893191376e-06
178.7307890852385 -53.91484812011973 3.515625 23.117188 [178.7307890852385,-53.91484812011973] 18.37765916468974 2.8489126278101202 0.0001910758375073122 2.022989390918809e-05 [3424.391845703,-3176.659179688] -21.52576003979463 -14.623629029402554 21.3188351971447 116.45930559665635 67.00230218998854 1.0096511149775929e-06 4.319088931934511e-07 2.1922558977824045e-06 1.2692145594824876e-06 1.8130593848906372e-06 1.2608813007737487e-06
172.50553912187252 -54.92206943954833 4.5 33.03125 [172.50553912187252,-54.92206943954833] 60.93015647704461 2.5607422342236648 0.00019211881990731627 1.828287448710371e-05 [-3095.186523438,-1377.061035156] 2.263182476160987 -3.6421323981424845 26.72005092736541 93.27205105534767 105.98205033114323 2.8003893875529703e-06 4.661196562037548e-07 2.6963720576331824e-06 1.3107788834178953e-06 2.9677841474804896e-06 1.318228620302063e-06
179.72250358900982 -57.67853165435639 4.34375 31.554688 [179.72250358900982,-57.67853165435639] 267.7371229616502 1.8957214908802116 0.0003272410233515952 2.305424896227451e-05 [4061.077880859,3640.651611328] 18.973546724414756 -7.526393352198035 35.70633298186568 73.72576156317609 50.83218208353128 1.2589987087807809e-05 1.466672298114353e-06 1.169778093563923e-05 2.166132880463543e-06 1.2943905864829659e-05 2.2552883263847567e-06
171.58726531991877 -57.70458225135462 5.21875 40.046875 [171.58726531991877,-57.70458225135462] -125.39726533440934 0.36311417263734946 0.0015921392371983179 2.1484880806083035e-05 [-3759.001953125,3669.964111328] 27.426599524018638 45.103944522776516 30.874598717287483 59.66903403878155 101.16564572820812 -5.2342249539857405e-06 6.510272076816209e-07 -6.379042516384363e-06 1.4996082690624238e-06 -7.11691506939389e-06 1.5400538245511265e-06
171.59376491888838 -57.69467163731739 5.25 40.515625 [171.59376491888838,-57.69467163731739] -120.22574875957102 0.8481683153843338 0.000671232818721775 2.1157479573076594e-05 [-3753.79296875,3651.81237793] 25.11063284608251 41.53471361933866 30.227223986255517 59.795048961386556 101.16466481855468 -4.989245259234811e-06 6.258968250728996e-07 -6.031310766634941e-06 1.4513758732606359e-06 -6.712893272717976e-06 1.4877206432973515e-06
171.59307836875223 -57.70202635773794 5.21875 40.046875 [171.59307836875223,-57.70202635773794] -142.66636901132532 0.3978388922733745 0.0014472711934989462 2.139763909341223e-05 [-3753.689453125,3665.05871582] 27.426599524018638 45.103944522776516 30.874598717287483 59.71010965651635 101.14025330630557 -5.955057048351016e-06 7.235031392171703e-07 -7.099874610749639e-06 1.5390974552318064e-06 -7.837747163759165e-06 1.5826858734468774e-06
173.06858780260987 -56.11282741621711 9.5 82.71875 [173.06858780260987,-56.11282741621711] 121.52243771247153 0.01570848980010799 0.03080252282081083 1.798164525341062e-05 [-2438.44921875,742.1557617188] 8.775330135656395 -8.501149944826237 38.41220642104745 80.84673304794683 97.9174954284615 3.5294182376913957e-06 4.281451487385801e-07 3.274553285954421e-06 1.1866548722681831e-06 3.7763200792065416e-06 1.2035251497382035e-06
173.07282983011754 -56.11021029173576 9.5 82.71875 [173.07282983011754,-56.11021029173576] 122.40508967744776 0.0915938941002229 0.00525719279625883 1.789489401920149e-05 [-2434.361328125,737.298828125] 8.775330135656395 -8.501149944826237 38.41220642104745 80.8852529494377 97.89987292505543 3.5550534043434346e-06 4.305636394451848e-07 3.30018845260646e-06 1.187466898229314e-06 3.8019552458585818e-06 1.2044475259356086e-06
170.49111969703955 -55.30302418407913 5.4375 42.265625 [170.49111969703955,-55.30302418407913] 5.135635950463565 3.1359081974029737 0.0002370874361271514 2.762998083986544e-05 [-5124.689453125,-572.998046875] 11.038869007805202 -4.800841932619207 30.044282648847634 84.44608906143935 117.6225619735078 2.0866481124745647e-07 3.1250495762302276e-07 -2.398528679878001e-07 1.2601559850749564e-06 4.037266858354395e-07 1.2606679860277134e-06
170.81834408926716 -56.291252122329844 5.78125 45.890625 [170.81834408926716,-56.291252122329844] 68.72883488335685 0.25673630867040376 0.0023502796406542842 2.2424126480674073e-05 [-4670.53125,1178.331054688] 16.630053181466167 0.7081267569095573 41.934453800154806 74.02878187101237 111.51869955341249 2.6799434474885785e-06 4.015888975923082e-07 2.031487786473886e-06 1.6727585189169303e-06 2.652331460970956e-06 1.6832150417235208e-06
170.33012416683584 -54.73532112886369 4.84375 36.4375 [170.33012416683584,-54.73532112886369] 32.09370838262158 2.8299983394315746 0.0002687942963943891 2.826929207530382e-05 [-5364.443359375,-1579.875] 1.4883955162601024 -5.9244924707250455 29.853137600898457 90.47075261818327 121.0062496194862 1.4044110900928205e-06 3.65864349316298e-07 1.3392793469935405e-06 1.3558051751022649e-06 1.6636651105338829e-06 1.360294607770472e-06
172.48808304180045 -57.93470003013178 6.21875 50.3125 [172.48808304180045,-57.93470003013178] 176.56158859693562 1.4715834933638472 0.00042916315141680703 2.347015926313769e-05 [-2875.84375,4040.26550293] 41.725950224735364 50.993265922950755 34.63557314985359 58.87426057388234 94.81986279950638 6.575168896656254e-06 7.656806991131195e-07 5.021290885695332e-06 1.4265873839000745e-06 4.676175244073507e-06 1.4125368548815448e-06
172.49484216561706 -57.93267439900297 6.21875 50.3125 [172.49484216561706,-57.93267439900297] 168.68805479660293 0.643899250324043 0.0009729191530634096 2.328109353583937e-05 [-2869.555664062,4036.345458984] 41.725950224735364 50.993265922950755 34.63557314985359 58.91072857723657 94.78641472331492 6.281957813984687e-06 7.341010290767921e-07 4.728079803023765e-06 1.4137362706643643e-06 4.38296416140194e-06 1.400418270951926e-06
172.47331243357633 -57.757183088710796 5.75 45.40625 [172.47331243357633,-57.757183088710796] 139.5359499822822 1.5617647989549248 0.0003785392740177269 2.1970264122619078e-05 [-2904.22265625,3721.880249023] 33.79018941904402 44.18559543478959 32.83019080264612 60.869934473926605 95.57209362481467 5.469869054346014e-06 6.643359578954411e-07 4.1452791442390646e-06 1.3940513786224516e-06 3.7377747722108587e-06 1.3800290944416574e-06
177.1458282393777 -55.93894958258829 4.71875 35.28125 [177.1458282393777,-55.93894958258829] -42.27700257676225 1.7448370463325593 0.0002630291588324898 1.7055618487849604e-05 [1659.991699219,406.0927734375] -3.417096373029243 -0.9746075300793944 35.26893621861641 90.30491528928155 72.06617979823864 -1.8800995298567398e-06 3.838827581893522e-07 -1.7281379220596272e-06 1.6126032012595543e-06 -1.8367577826321084e-06 1.6141118958167212e-06
176.8720548377456 -56.7882995493284 5.78125 45.6875 [176.8720548377456,-56.7882995493284] 68.71851475522293 2.7799018128574917 0.00016975482644686763 1.7537201453787498e-05 [1353.608886719,1928.506347656] 11.922941484337784 1.8214029451553966 36.90758119327675 79.976901516839 71.33889424421227 2.6854910008015485e-06 4.1703829716703013e-07 2.2195474021465883e-06 1.492174291306927e-06 2.614311330584994e-06 1.4998931680129643e-06
175.7904357330408 -56.91604999954943 8.3125 71.125 [175.7904357330408,-56.91604999954943] 93.48117247163731 3.2459589649901868 0.00014567260728843472 1.7572340977143138e-05 [286.3696289062,2145.626708984] 9.89770003360521 -9.172899570235922 34.982758547201044 76.69086759557649 77.83688796077968 2.9279364437218763e-06 3.9638319875410773e-07 2.617929242579715e-06 1.1566679165692652e-06 3.2152420715416737e-06 1.173882737003729e-06
173.6884461311798 -56.209495553159606 9.5625 83.4375 [173.6884461311798,-56.209495553159606] 317.82313053889703 3.177616179585112 0.00014694476147527363 1.7352587761756687e-05 [-1812.215820312,897.0639648438] 20.704530350034478 -0.5387608105785651 39.983420244228945 80.97364905026006 93.60100583124336 9.190803771756284e-06 1.0054895029765377e-06 8.592070522508868e-06 1.492211607114959e-06 9.206383647524115e-06 1.5333501210104014e-06
175.23153661833567 -57.43117901870687 9.0625 78.53125 [175.23153661833567,-57.43117901870687] 172.22788741487648 1.377608174594562 0.0003549358644328074 1.817122889852511e-05 [-259.1298828125,3072.465332031] 41.384050642790314 -3.3592153126116298 38.44673816835336 69.76463756902899 79.70165344834118 5.133704344078384e-06 5.885918166170214e-07 3.900144066765817e-06 1.2379032162769146e-06 5.2338345756099784e-06 1.2929171635890344e-06
178.683181878054 -54.23527922040207 3.921875 27.234375 [178.683181878054,-54.23527922040207] 78.17294381277917 1.4038568241128557 0.0003767198680470726 1.9653959007844765e-05 [3348.063476562,-2603.051757812] -20.430009169631546 -7.446980677898683 20.840778528804016 112.63442808031846 66.47966325121956 3.956820913321951e-06 5.818699666639146e-07 4.990911272453886e-06 1.2546973263782399e-06 4.333759115342137e-06 1.2218275765724797e-06
170.21098350161114 -55.953887893204325 6.21875 50.234375 [170.21098350161114,-55.953887893204325] 163.77867569737447 2.1637603281736215 0.00033050571665272727 2.6576441678986615e-05 [-5321.428710938,616.4331054688] 14.487233764042873 -4.034216898401137 30.60286623425071 76.457674454889 116.73113239971235 6.103872982803234e-06 7.204790357236884e-07 5.563947779528961e-06 1.3208920182894856e-06 6.254224348315672e-06 1.3572357308652773e-06
175.11671425368397 -55.67148208107324 5.0625 38.6875 [175.11671425368397,-55.67148208107324] -11.714469691280245 1.8779706100765965 0.00024336474304678595 1.6984593433687873e-05 [-388.0654296875,-93.96337890625] 3.063117691349243 -5.504662056808392 31.52077629128812 89.88226906688806 86.18848211739896 -4.974918083463575e-07 3.1272759811365085e-07 -6.275767374645201e-07 1.3753319405343929e-06 -2.6371901682036736e-07 1.373871457266264e-06
175.12702954807867 -55.67784121048657 5.0625 38.6875 [175.12702954807867,-55.67784121048657] -13.413176642527855 2.5829330192817763 0.00017729979179141164 1.7018844607941602e-05 [-377.533203125,-82.57421875] 3.063117691349243 -5.504662056808392 31.52077629128812 89.827872376806 86.10007022303944 -5.696327430448998e-07 3.231460927029204e-07 -6.997176721630625e-07 1.3778226184539142e-06 -3.3585995151890967e-07 1.3761286394290434e-06
171.97215263413634 -55.48253623621221 5.90625 46.96875 [171.97215263413634,-55.48253623621221] -88.62031914878659 0.4080804174210132 0.0012657324617986975 1.91953650760983e-05 [-3595.072265625,-343.626953125] 3.626813236094634 -9.234410308227211 34.3865198394426 85.73822555885977 107.3368307949113 -3.415682092144857e-06 4.622363687561113e-07 -3.5554699098944622e-06 1.4078263535526383e-06 -3.0597613481857512e-06 1.393718034280586e-06
171.9713593807616 -55.489799563406635 5.90625 46.96875 [171.9713593807616,-55.489799563406635] -98.34984757227348 0.49924341025299385 0.0010310686107676866 1.9129719850378083e-05 [-3595.216796875,-330.5288085938] 3.626813236094634 -9.234410308227211 34.3865198394426 85.6538932480446 107.31405523917738 -3.790686112896836e-06 4.963446719642784e-07 -3.93047393064644e-06 1.4198360091921456e-06 -3.4347653689377297e-06 1.4042535444291148e-06
175.28207403713512 -56.575511799203014 5.3125 41.0625 [175.28207403713512,-56.575511799203014] -45.67329435195123 1.3391108832895533 0.0003453374790014172 1.7185768491118657e-05 [-215.0747070312,1532.498046875] 9.197286228853484 -7.884005669451927 33.913264026199286 79.740456386289 82.16387426849519 -1.882731021846345e-06 3.603526020206644e-07 -2.2618588326503596e-06 1.450329716980348e-06 -1.5577388735701942e-06 1.4388945709417754e-06
170.21791032921007 -57.61547474433526 5.78125 45.859375 [170.21791032921007,-57.61547474433526] -148.4618724714367 1.9640290125477293 0.0003562802977211062 2.6004494058843967e-05 [-5084.134765625,3597.361572266] 48.927508010705814 75.23202684496033 36.422245400608794 57.747366014491945 109.82328055884273 -5.790945826471345e-06 6.96630025092195e-07 -7.69942605508191e-06 1.6776490998472245e-06 -8.725467563415103e-06 1.7372304261222136e-06
174.36738576913322 -56.421649869710336 5.71875 45.09375 [174.36738576913322,-56.421649869710336] 51.74465165778041 1.3854957240545756 0.00033395023208827136 1.719474116003992e-05 [-1126.487304688,1264.44140625] 23.22561473453152 -0.10040161370712042 37.62852555230053 79.83911003599928 88.52059631177872 2.0354288480563684e-06 3.5917274242781967e-07 1.1218255145725242e-06 1.5115907000445412e-06 2.039378248320621e-06 1.523175501450233e-06
177.45045465832035 -55.03428642036256 4.25 30.34375 [177.45045465832035,-55.03428642036256] -0.6754808501106402 2.4247033930934836 0.00019341685733532772 1.7428565619405537e-05 [2012.612792969,-1213.664550781] -19.58525648309915 0.531419261207688 27.13557420974094 101.34051170901375 72.66707119593207 -3.239120089742874e-08 3.552559151144147e-07 9.067767670291581e-07 1.352803471347968e-06 -5.7874244639856e-08 1.3488617640181364e-06
177.24743643387757 -57.09584051179099 4.78125 35.671875 [177.24743643387757,-57.09584051179099] 229.55358194055572 0.2106167367946977 0.0022631017748834066 1.7713552470194716e-05 [1709.419921875,2490.100585938] 9.915688949320398 -10.474310837778862 34.587729814700815 76.99482043306989 68.04604631178267 1.015242381819712e-05 1.1805664043959244e-06 9.713884476698267e-06 1.903690500464273e-06 1.061566922665345e-05 1.963382830175072e-06
176.43634023885394 -54.29852684850305 4.1875 29.882812 [176.43634023885394,-54.29852684850305] 6.381680125644609 0.16713389742708332 0.0029830447786965333 1.8528190891125558e-05 [984.4990234375,-2559.452148438] -20.5734398567329 -2.2706079352943256 23.26682604422487 108.16738926797211 81.72890724472086 3.08370575423099e-07 3.401681567158303e-07 1.3025043085694962e-06 1.1834510223927647e-06 4.180891231693699e-07 1.175057464641647e-06
177.11630242108683 -54.979740046506116 3.984375 27.796875 [177.11630242108683,-54.979740046506116] -13.451352785585765 3.0109301253303515 0.00015172074878761014 1.697674234838177e-05 [1670.352539062,-1320.678222656] -20.28571901299488 -1.6773997727159546 25.47855318791198 101.4224175417753 75.07338647915958 -6.739328253565406e-07 3.895715506892005e-07 3.4241193540732574e-07 1.3329639107656237e-06 -5.898925963849045e-07 1.3341089959539952e-06
171.09555029799787 -57.141971573913786 5.1875 39.890625 [171.09555029799787,-57.141971573913786] -91.3925582070891 1.6858192754334036 0.0003405263001834597 2.1333906047708682e-05 [-4296.1796875,2688.133789062] 22.1885279468124 25.662817658119273 35.80308686385612 65.00992055074857 106.38595009219966 -3.822293640105013e-06 5.203725344841706e-07 -4.750280238994361e-06 1.6158657418840368e-06 -4.8955847991021935e-06 1.6212034406705854e-06
177.86904899586676 -54.384422200978605 4.21875 30.039062 [177.86904899586676,-54.384422200978605] 65.03772122313072 2.395157853378291 0.00021069735374704948 1.875434605090862e-05 [2483.575195312,-2369.108886719] -27.73621835583175 -9.370948986615382 23.28603215352595 109.6025775478738 71.67261914509004 3.134517963771212e-06 5.051480231630878e-07 4.471275664508661e-06 1.2834222925937936e-06 3.586154450777815e-06 1.2466909313100057e-06
177.86312862006622 -54.3833236127662 4.21875 30.039062 [177.86312862006622,-54.3833236127662] 63.25757487874136 1.8447379221522802 0.00027298886580588667 1.8714934563049376e-05 [2477.440917969,-2371.296386719] -27.73621835583175 -9.370948986615382 23.28603215352595 109.6057927929553 71.71629276047929 3.048723126718317e-06 4.927889491450357e-07 4.385480827455766e-06 1.277438935690644e-06 3.5003596137249203e-06 1.2413278571825947e-06
