data_processed/hvc_rms/hvc_rms_index_1_with_B.ecsv
# %ECSV 1.0
# ---
# datatype:
# - {name: ra_dec_obj.ra, unit: deg, datatype: float64}
# - {name: ra_dec_obj.dec, unit: deg, datatype: float64}
# - {name: 'H-alpha flux [Error]', unit: R, datatype: float32}
# - {name: H-alpha flux, unit: R, datatype: float32}
# - {name: ra_dec_deg, datatype: string, subtype: 'float64[2]'}
# - {name: RM, unit: rad / m2, datatype: float64}
# - {name: RM_uncert, unit: rad / m2, datatype: float64}
# - {name: pol_int, datatype: float64}
# - {name: pol_int_uncert, datatype: float64}
# - {name: ra_dec_pix_offsets, datatype: string, subtype: 'float64[2]'}
# - {name: interpolation_raw, unit: rad / m2, datatype: float64}
# - {name: interpolation_cor, unit: rad / m2, datatype: float64}
# - {name: interpolation_unc, unit: rad / m2, datatype: float64}
# - {name: interpolation_cor_unc, unit: rad / m2, datatype: float64}
# - {name: HI, unit: dex(1 / cm2), datatype: float64}
# - {name: 'HI [Error]', unit: dex(1 / cm2), datatype: float64}
# - {name: pixel location x, datatype: float64}
# - {name: pixel location y, datatype: float64}
# - {name: 'B_virtual [raw]', unit: G, datatype: float64}
# - {name: 'B_virtual_unc [raw]', unit: G, datatype: float64}
# - {name: 'B_virtual [int]', unit: G, datatype: float64}
# - {name: 'B_virtual_unc [int]', unit: G, datatype: float64}
# meta: !!omap
# - __serialized_columns__:
#     ra_dec_obj:
#       __class__: astropy.coordinates.sky_coordinate.SkyCoord
#       dec: !astropy.table.SerializedColumn
#         __class__: astropy.coordinates.angles.Latitude
#         unit: &id001 !astropy.units.Unit {unit: deg}
#         value: !astropy.table.SerializedColumn {name: ra_dec_obj.dec}
#       frame: icrs
#       ra: !astropy.table.SerializedColumn
#         __class__: astropy.coordinates.angles.Longitude
#         unit: *id001
#         value: !astropy.table.SerializedColumn {name: ra_dec_obj.ra}
#         wrap_angle: !astropy.coordinates.Angle
#           unit: *id001
#           value: 360.0
#       representation_type: spherical
# schema: astropy-2.0
ra_dec_obj.ra ra_dec_obj.dec "H-alpha flux [Error]" "H-alpha flux" ra_dec_deg RM RM_uncert pol_int pol_int_uncert ra_dec_pix_offsets interpolation_raw interpolation_cor interpolation_unc interpolation_cor_unc HI "HI [Error]" "pixel location x" "pixel location y" "B_virtual [raw]" "B_virtual_unc [raw]" "B_virtual [int]" "B_virtual_unc [int]"
[from data line 1238]
317.7673034507838 -8.419091197183707 0.33007812 0.92626953 [317.7673034507838,-8.419091197183707] -74.73419282975004 2.724678978744046 0.0002048781071842782 2.074529416458669e-05 [1340.6484375,-1664.228515625] -16.39188916336823 -16.599886612267774 6.152175792361319 6.909418808768786 0.0 0.0 41.51514459285738 22.366271421705278 -7.473418994807681e-06 8.479111703999352e-07 -5.834230141676288e-06 1.0183418382018272e-06
318.4317627047401 -8.864233986316435 0.35351562 1.1665039 [318.4317627047401,-8.864233986316435] -42.77423386573172 3.07437029884001 0.00018818549836338176 2.150062242076734e-05 [2520.590820312,-859.4033203125] -17.00819874914559 -16.190178396509445 6.621752645229391 5.650704023639912 0.0 0.0 32.06213091492589 23.769706504300302 -4.277423221640148e-06 7.969942817393747e-07 -2.5766034123074456e-06 1.0204821365222433e-06
315.2352907418758 -10.603097008732878 0.40039062 1.6313477 [315.2352907418758,-10.603097008732878] -38.579706129646986 0.5193469228234854 0.001168040796552392 2.2543652308872937e-05 [-3147.139648438,2273.238769531] -20.77672875273302 -20.613133595303278 7.781909690059391 8.082146696204234 18.189247131347656 9.094623565673828 56.67742765235607 66.85270026159378 -3.857970464205339e-06 7.307030242784587e-07 -1.7802976690449557e-06 1.0521682269792751e-06
318.69268792148847 -7.843016389989158 0.37109375 1.3422852 [318.69268792148847,-7.843016389989158] -20.027205563804046 0.6467946521324391 0.0009509818906830272 2.2858481172639737e-05 [2992.295898438,-2695.2421875] -9.50929768929642 -10.849314991176529 6.397277186905143 5.986956230676391 0.0 0.0 34.96565045518946 8.666622732494943 -2.00272047915757e-06 7.108402708267771e-07 -1.051790746894797e-06 9.521025994442135e-07
318.70379635239607 -7.845548885098944 0.37109375 1.3422852 [318.70379635239607,-7.845548885098944] -10.487582714994238 0.7518159413225822 0.0008196054692730521 2.2899451558826476e-05 [3012.077148438,-2690.590820312] -9.50929768929642 -10.849314991176529 6.397277186905143 5.986956230676391 0.0 0.0 34.83467228711277 8.62404127119953 -1.0487582310603888e-06 7.061862579003566e-07 -9.782849879761592e-08 9.512782280781031e-07
318.6999816352015 -7.844338767369151 0.37109375 1.3422852 [318.6999816352015,-7.844338767369151] -9.49831951506006 1.5051714546044757 0.00040876419101695973 2.2864805943851824e-05 [3005.286621094,-2692.80078125] -9.50929768929642 -10.849314991176529 6.397277186905143 5.986956230676391 0.0 0.0 34.88155716410279 8.634235088889454 -9.498319148814678e-07 7.177426326276121e-07 1.0978173813051334e-09 9.601598290813283e-07
318.70138550494306 -7.8401558404590155 0.37109375 1.3422852 [318.70138550494306,-7.8401558404590155] -10.810373446378463 2.4547457135264517 0.00025078157804695687 2.2877620122402987e-05 [3007.819091797,-2700.315429688] -9.50929768929642 -10.849314991176529 6.397277186905143 5.986956230676391 0.0 0.0 34.89021783803787 8.570262270774037 -1.0810373029541637e-06 7.439724167490036e-07 -1.3010757069139077e-07 9.795693631144736e-07
314.6036069516675 -8.004290785343356 0.41601562 1.7797852 [314.6036069516675,-8.004290785343356] 62.99646737894554 1.1535789959221707 0.0005599631105063509 2.4005760028326727e-05 [-4295.818359375,-2397.465820312] -23.01889041758674 -24.626410017108583 8.430564924689257 8.62920776164052 18.830514907836914 9.415257453918457 77.2192260874499 37.59297326281103 6.299646494986687e-06 7.83096197499484e-07 8.601535447986898e-06 1.1912179013510068e-06
314.61505109435905 -8.00485538607782 0.41601562 1.7797852 [314.61505109435905,-8.00485538607782] -48.603721083511765 0.7810915624962405 0.0008319068897646367 2.414823373168527e-05 [-4275.431640625,-2396.588867188] -23.01889041758674 -24.626410017108583 8.430564924689257 8.62920776164052 18.830514907836914 9.415257453918457 77.09502251622712 37.527309015342325 -4.860371920940251e-06 7.493592357546567e-07 -2.55848296794004e-06 1.1067871077771621e-06
314.6168822866474 -8.010771674798793 0.41601562 1.7797852 [314.6168822866474,-8.010771674798793] -42.40778754525271 2.9708606955099386 0.00022001203754602633 2.429055480363441e-05 [-4272.108398438,-2385.96484375] -23.01889041758674 -24.626410017108583 8.430564924689257 8.62920776164052 18.830514907836914 9.415257453918457 77.04336370372391 37.590089351615006 -4.240778591005225e-06 7.925136085419348e-07 -1.9388896380050137e-06 1.1399201006102082e-06
316.7228699376516 -8.775084495780437 0.34765625 1.1108398 [316.7228699376516,-8.775084495780437] -22.09616733559415 3.0231734607239327 0.0001838228582131079 2.0652435959041814e-05 [-518.5434570312,-1024.709472656] -20.3243045758127 -19.99444670067186 6.967421675341757 7.965800825725324 0.0 0.0 50.6019707462915 33.8176866630929 -2.2096166483588775e-06 7.713108329671052e-07 -1.7718626914602523e-07 1.0329241550864403e-06
317.7658080631496 -9.810027976290769 0.5234375 2.8232422 [317.7658080631496,-9.810027976290769] -81.27239111108416 3.1306762586695 0.00017724907101464892 2.06220022849828e-05 [1332.788574219,839.3647460938] -22.016286087219278 -19.533981237370135 6.59159833828212 6.107199108419404 0.0 0.0 33.991476990362116 40.578641018782946 -8.127238797730476e-06 8.780551413608177e-07 -5.925610273901072e-06 1.0581911300302133e-06
315.65426642214953 -9.363245062279862 0.36914062 1.3232422 [315.65426642214953,-9.363245062279862] -36.77775839783525 0.5167495026182333 0.0011016012751043076 2.1155008316212e-05 [-2415.327148438,38.40673828125] -20.222300148811776 -21.33540748381781 7.148549478783771 8.341831764593605 0.0 0.0 58.75326431190456 48.22667522871052 -3.67777569797229e-06 7.281061027672144e-07 -1.6555457610662115e-06 1.0056242591192412e-06
316.9045715322423 -8.886118854935257 0.40039062 1.6147461 [316.9045715322423,-8.886118854935257] -20.920244363990914 0.08786722879325 0.006358084024767932 2.0761651449787574e-05 [-195.251953125,-825.0400390625] -19.52367095755235 -18.15862828917713 7.22002366819891 7.776415974694983 0.0 0.0 48.07775727652984 34.07640512370426 -2.0920243557327915e-06 7.0866114515338e-07 -1.3965733525881358e-07 1.0056930815947755e-06
316.90527336608267 -8.883198783561568 0.40039062 1.6147461 [316.90527336608267,-8.883198783561568] -19.2273446705852 0.32085320001257567 0.0017396128291689542 2.074281433292382e-05 [-194.0053710938,-830.2963867188] -19.52367095755235 -18.15862828917713 7.22002366819891 7.776415974694983 0.0 0.0 48.08616900652157 34.03404271369027 -1.9227343929198664e-06 7.080043572642123e-07 2.963262755411157e-08 1.0061407653875163e-06
316.0709836620699 -8.287443118910929 0.3203125 0.82421875 [316.0709836620699,-8.287443118910929] -24.025306345837485 3.1872739215152004 0.0001757066561621115 2.0812119282550376e-05 [-1680.275390625,-1900.338867188] -20.78000593337808 -19.745869508024217 6.7123512790295194 8.859320228294006 0.0 0.0 60.1514696384786 31.773709073097052 -2.40253054194465e-06 7.794719024152879e-07 -3.245300287323974e-07 1.0209972632039026e-06
317.1099549519636 -7.660231576494382 0.35742188 1.1933594 [317.1099549519636,-7.660231576494382] -36.12243241570429 2.0056106355423355 0.0002791541470699039 2.080651822431321e-05 [170.52734375,-3031.216796875] -20.033110821417203 -15.914490172956542 6.908014075969355 8.835208180648882 0.0 0.0 52.645105912710505 16.943497769039823 -3.612243102286063e-06 7.525752928350141e-07 -1.6089320973899473e-06 1.0072745686830117e-06
316.288452358838 -10.151907850452258 0.40625 1.6821289 [316.288452358838,-10.151907850452258] -49.345319370812604 1.9099219186437766 0.00029033752706161527 2.0607603483709305e-05 [-1286.143554688,1454.617675781] -18.527285814420036 -19.836324116056993 6.970981523030317 7.485714990753673 0.0 0.0 47.844478405084374 54.459102986782 -4.934531746810809e-06 7.706674995147655e-07 -3.0818032368081043e-06 1.0191823515107903e-06
318.1819153912844 -9.840074612547076 0.46484375 2.2509766 [318.1819153912844,-9.840074612547076] -66.62067294751009 2.791176113497885 0.00020218856071522047 2.0972612067016663e-05 [2070.537109375,895.4521484375] -19.599811029038605 -18.687079059630314 7.177047657067864 5.985984222892629 0.0 0.0 29.425343404064506 38.281716080914066 -6.66206703786858e-06 8.311748084911785e-07 -4.702086010539564e-06 1.0696972218712478e-06
314.78659076206316 -11.199842393071721 0.34179688 1.0522461 [314.78659076206316,-11.199842393071721] -40.164028224032535 1.1294229002117238 0.0005790242798569102 2.430312202799508e-05 [-3932.623046875,3351.462158203] -23.75233548482035 -20.219490697629137 7.245428118705571 7.87912306788996 0.0 0.0 58.37817520990461 77.32528139006172 -4.016402667534912e-06 7.398928883266605e-07 -1.6411692106394275e-06 1.0174375703902725e-06
314.78823874422704 -11.200528156140173 0.34179688 1.0522461 [314.78823874422704,-11.200528156140173] -42.63338582233478 2.0845547419263037 0.0003147730437602589 2.4384819276097375e-05 [-3929.706054688,3352.677490234] -23.75233548482035 -20.219490697629137 7.245428118705571 7.87912306788996 0.0 0.0 58.35711892178051 77.32429478065478 -4.2633384178435485e-06 7.64069904827156e-07 -1.8881049609480645e-06 1.033581670341971e-06
315.04211440556423 -7.869043621515024 0.35351562 1.1484375 [315.04211440556423,-7.869043621515024] -29.636045073781943 3.290502206091059 0.00019121262555800634 2.3382312169708243e-05 [-3515.92578125,-2645.688476562] -21.117058099134795 -21.974993311254416 7.857875207695894 8.760806540209295 0.0 0.0 73.31979092255517 33.08995810964916 -2.9636043931046675e-06 7.890522815740838e-07 -8.518986646163815e-07 1.1035154360562195e-06
316.3027953122457 -11.698764829105249 0.40625 1.6113281 [316.3027953122457,-11.698764829105249] -27.142053355141126 1.1364959025938306 0.0006790708687437564 2.868082751408402e-05 [-1254.173828125,4237.758300781] -17.141126841260572 -16.60714598370745 6.394718926361682 6.528094795778698 0.0 0.0 39.69151268510893 74.72036331026902 -2.71420523085716e-06 7.234107694623783e-07 -1.0000926128255165e-06 9.56352997817558e-07
316.30426020918327 -11.699885341840648 0.40625 1.6113281 [316.30426020918327,-11.699885341840648] -27.391795901017954 1.1831142678071698 0.0006511717803423323 2.863063407486621e-05 [-1251.586914062,4239.768310547] -17.141126841260572 -16.60714598370745 6.394718926361682 6.528094795778698 0.0 0.0 39.67022519665579 74.72633333843987 -2.7391794844818615e-06 7.244182320170147e-07 -1.0250668664502177e-06 9.5699139115489e-07
316.5641785300951 -9.666855870331478 0.4140625 1.7670898 [316.5641785300951,-9.666855870331478] -60.51912971708337 2.5564767310815864 0.000218512379976008 2.075996392948587e-05 [-798.8149414062,580.7548828125] -20.513870823108423 -19.949656925923243 7.515551951891961 7.863578037369127 0.0 0.0 47.48695568808853 46.39744232794965 -6.051912738352828e-06 8.104392432487108e-07 -4.000525735141352e-06 1.0791310550763232e-06
319.578521788889 -11.09836677605194 0.3203125 0.8105469 [319.578521788889,-11.09836677605194] -10.63443634871566 0.8097884917916064 0.0009632723882844194 2.8988745090436314e-05 [4527.664306641,3172.920898438] -13.655683539440819 -13.894101406678807 6.224133638745509 5.924300459302457 18.712387084960938 9.356193542480469 7.978906732479118 46.13358334178156 -1.0634435938662785e-06 7.068877254351094e-07 3.0212470742289897e-07 9.403237488768636e-07
317.4788818523042 -10.522682186439877 0.40234375 1.6274414 [317.4788818523042,-10.522682186439877] -44.63262618557212 0.6611252550526785 0.0008486375393365494 2.085041433167343e-05 [822.0688476562,2121.125] -20.565929638472085 -19.402171292168898 7.355577629601318 6.5962226483579505 0.0 0.0 33.261770949858715 51.83501641442217 -4.463262446458418e-06 7.413183180603735e-07 -2.4066695619113094e-06 1.0254074751713504e-06
316.63540654601456 -7.773822714611028 0.38085938 1.4282227 [316.63540654601456,-7.773822714611028] -28.590590172135514 3.0741294097125302 0.00018113194650069614 2.0693116517046655e-05 [-675.8500976562,-2826.494140625] -20.68957973986439 -17.081159315255753 7.1484787905094445 8.982510774494557 0.0 0.0 57.017142057183946 21.533213887579223 -2.8590589069711907e-06 7.791956952145098e-07 -7.901010127616329e-07 1.0474919440202694e-06
318.9933471660191 -8.418116645265037 0.34179688 1.0478516 [318.9933471660191,-8.418116645265037] -7.442518445903024 0.213688032724431 0.002910304167966087 2.311145487152654e-05 [3523.092285156,-1657.535644531] -9.089602951753458 -12.163362476738056 6.695962720324661 5.298239713139881 0.0 0.0 28.598578765750062 14.145323900876065 -7.442518158927205e-07 7.014206773509731e-07 1.647084442340558e-07 9.689638125823902e-07
315.91830458845317 -10.435982702922331 0.31835938 0.8000488 [315.91830458845317,-10.435982702922331] -29.491694167450984 2.4261502590648933 0.0002341314787233259 2.1109901447334497e-05 [-1940.145507812,1967.573242188] -19.24334350480347 -20.528214060607034 7.20458377193213 7.3145776215576905 17.234615325927734 8.617307662963867 50.28661036281426 60.4721210491698 -2.949169303028174e-06 7.569379627666674e-07 -1.0248350267481706e-06 1.034809945447992e-06
316.95803840396974 -8.759054123180684 0.3984375 1.6118164 [316.95803840396974,-8.759054123180684] -35.81422449120985 0.08909779802336189 0.006206991080591456 2.0552127968750386e-05 [-100.2016601562,-1053.76953125] -19.85264398815044 -18.436456612572417 7.322720959561764 7.796806306501526 0.0 0.0 48.202402150502394 32.084609330761396 -3.5814223110250373e-06 7.249896902928197e-07 -1.5961579887597362e-06 1.0165427309279887e-06
316.9577940530115 -8.761321997483453 0.3984375 1.6118164 [316.9577940530115,-8.761321997483453] -40.39792425425696 0.2265891830423425 0.002438261926267974 2.0531857145614042e-05 [-100.6357421875,-1049.6875] -19.85264398815044 -18.436456612572417 7.322720959561764 7.796806306501526 0.0 0.0 48.192652116182444 32.11554089766878 -4.039792269655475e-06 7.319295887271815e-07 -2.0545279473901745e-06 1.0190331324932008e-06
316.9563902993582 -8.769010423515054 0.3984375 1.6118164 [316.9563902993582,-8.769010423515054] -35.49517664668747 0.318888293438103 0.0017370753191056952 2.05857137386575e-05 [-103.130859375,-1035.848632812] -19.85264398815044 -18.436456612572417 7.322720959561764 7.796806306501526 0.0 0.0 48.16568569564299 32.224147645263656 -3.5495175278030146e-06 7.252015855349955e-07 -1.5642532055377136e-06 1.0168664235550383e-06
315.9356690234186 -7.615278355540512 0.359375 1.2182617 [315.9356690234186,-7.615278355540512] -28.51234314217333 1.0979751417211394 0.0005436946429985918 2.218483815984379e-05 [-1924.413085938,-3109.174804688] -23.757025636555976 -20.269735573023716 7.012880093981157 8.557524699311426 0.0 0.0 65.277647271751 24.102508742115788 -2.8512342042766845e-06 7.242754618326752e-07 -4.7553173222572243e-07 9.972395347207543e-07
316.03866580884113 -9.562462851044497 0.3515625 1.1411133 [316.03866580884113,-9.562462851044497] -31.392856316416022 1.0823962090755355 0.0005105288863030169 2.0535973048788932e-05 [-1731.765625,394.7358398438] -21.35247507824129 -21.830776031899262 7.003350899781795 7.816997801402614 0.0 0.0 53.6148655028569 48.371593395152104 -3.1392855105939928e-06 7.273343504245303e-07 -1.0040380851028008e-06 9.974855772917972e-07
316.3718567620025 -9.594170575522634 0.36914062 1.3149414 [316.3718567620025,-9.594170575522634] -15.704151483401542 1.9260873645040495 0.0002884249308050976 2.0645123371067756e-05 [-1140.30859375,450.4521484375] -21.453901468577058 -20.936611853610852 7.062605859753145 7.691082416936122 0.0 0.0 49.91302094074172 46.67349078575171 -1.5704150877865692e-06 7.307049149571429e-07 5.749749763471098e-07 1.0133202062806495e-06
