data_processed/hvc_rms/hvc_rms_index_22_with_B.ecsv
# %ECSV 1.0
# ---
# datatype:
# - {name: ra_dec_obj.ra, unit: deg, datatype: float64}
# - {name: ra_dec_obj.dec, unit: deg, datatype: float64}
# - {name: 'H-alpha flux [Error]', unit: R, datatype: float32}
# - {name: H-alpha flux, unit: R, datatype: float32}
# - {name: ra_dec_deg, datatype: string, subtype: 'float64[2]'}
# - {name: RM, unit: rad / m2, datatype: float64}
# - {name: RM_uncert, unit: rad / m2, datatype: float64}
# - {name: pol_int, datatype: float64}
# - {name: pol_int_uncert, datatype: float64}
# - {name: ra_dec_pix_offsets, datatype: string, subtype: 'float64[2]'}
# - {name: interpolation_raw, unit: rad / m2, datatype: float64}
# - {name: interpolation_cor, unit: rad / m2, datatype: float64}
# - {name: interpolation_unc, unit: rad / m2, datatype: float64}
# - {name: interpolation_cor_unc, unit: rad / m2, datatype: float64}
# - {name: HI, unit: dex(1 / cm2), datatype: float64}
# - {name: 'HI [Error]', unit: dex(1 / cm2), datatype: float64}
# - {name: pixel location x, datatype: float64}
# - {name: pixel location y, datatype: float64}
# - {name: 'B_virtual [raw]', unit: G, datatype: float64}
# - {name: 'B_virtual_unc [raw]', unit: G, datatype: float64}
# - {name: 'B_virtual [int]', unit: G, datatype: float64}
# - {name: 'B_virtual_unc [int]', unit: G, datatype: float64}
# meta: !!omap
# - __serialized_columns__:
#     ra_dec_obj:
#       __class__: astropy.coordinates.sky_coordinate.SkyCoord
#       dec: !astropy.table.SerializedColumn
#         __class__: astropy.coordinates.angles.Latitude
#         unit: &id001 !astropy.units.Unit {unit: deg}
#         value: !astropy.table.SerializedColumn {name: ra_dec_obj.dec}
#       frame: icrs
#       ra: !astropy.table.SerializedColumn
#         __class__: astropy.coordinates.angles.Longitude
#         unit: *id001
#         value: !astropy.table.SerializedColumn {name: ra_dec_obj.ra}
#         wrap_angle: !astropy.coordinates.Angle
#           unit: *id001
#           value: 360.0
#       representation_type: spherical
# schema: astropy-2.0
ra_dec_obj.ra ra_dec_obj.dec "H-alpha flux [Error]" "H-alpha flux" ra_dec_deg RM RM_uncert pol_int pol_int_uncert ra_dec_pix_offsets interpolation_raw interpolation_cor interpolation_unc interpolation_cor_unc HI "HI [Error]" "pixel location x" "pixel location y" "B_virtual [raw]" "B_virtual_unc [raw]" "B_virtual [int]" "B_virtual_unc [int]"
[from data line 72]
13.591941936554493 -35.2419432164191 1.265625 0.6555176 [13.591941936554493,-35.2419432164191] -5.946212837354459 2.4358024681219366 0.0001931531454699757 1.748447330419782e-05 [737.560546875,-3608.096679688] 1.8158979387364915 0.14963377684498136 2.805208205227895 2.329365723549231 18.887853622436523 9.443926811218262 30.65320499683139 23.574770688373064 -4.912088898698214e-07 6.126060356577425e-07 -6.412178510358507e-07 6.551922541514103e-07
13.733951643610743 -34.78773887186471 1.2421875 0.40112305 [13.733951643610743,-34.78773887186471] -6.444279023433343 0.5935060045327337 0.0010359673635888587 2.28496679949665e-05 [951.5834960938,-4423.76171875] 1.5883947541885044 0.9095949282625542 3.0152947990558197 2.7969047904724276 0.0 0.0 25.35193814095271 37.26327637156214 -5.323534881271476e-07 5.807520568298732e-07 -6.635687078344729e-07 6.321283770520072e-07
13.725702292893274 -34.786209261726015 1.2421875 0.4399414 [13.725702292893274,-34.786209261726015] 1.5524826061286625 0.07568616557279538 0.008107885064690963 2.2805142497412452e-05 [939.4067382812,-4426.594726562] 1.6227289944699848 0.9403751726789853 3.0049559270118698 2.7997564025688466 0.0 0.0 25.32546825354632 36.67303855748605 1.2824856397806887e-07 5.783189345359991e-07 -5.802962554205719e-09 6.293215760304901e-07
13.72998919506725 -34.787666440363104 1.2421875 0.42053223 [13.72998919506725,-34.787666440363104] 5.4746451108793 0.581978860478638 0.0010544488055859544 2.280559524676169e-05 [945.7270507812,-4423.931640625] 1.6055618743292344 0.9168851484345439 3.0101253630338487 2.7967361978421468 0.0 0.0 25.34712145161575 36.973816891614206 4.5225329481188254e-07 5.805565712823306e-07 3.196199216920835e-07 6.314303828459145e-07
13.50706307061204 -36.12013636455065 1.234375 0.33239746 [13.50706307061204,-36.12013636455065] -6.377105953530849 2.120650968834511 0.00020071666790248772 1.581835569900154e-05 [606.0874023438,-2028.575195312] 1.0464865347796002 -2.119165875356944 2.8505379731708933 1.523806605439234 18.976655960083008 9.488327980041504 41.104420454806245 12.927682950203007 -5.268044084022058e-07 6.046061639096265e-07 -6.132532966396992e-07 6.489739761036058e-07
13.940448728445238 -36.07077395827001 1.25 0.4946289 [13.940448728445238,-36.07077395827001] -3.84013818227241 2.3984767516768066 0.0001782830473900908 1.589111114745638e-05 [1236.970214844,-2113.193359375] 2.050536623748518 -1.3449955026592924 2.796887047906202 1.3331228757968585 19.094207763671875 9.547103881835938 40.87505265978939 40.02083862958216 -3.1722880849653316e-07 6.11403972454936e-07 -4.866209655113929e-07 6.537812541642235e-07
13.75955578132636 -35.02878967522775 1.25 0.5344238 [13.75955578132636,-35.02878967522775] -3.776549563336478 1.0308375129452212 0.0005223524743028688 2.001071349032681e-05 [986.5336914062,-3989.98046875] 2.079989530566843 0.35445769529222515 2.7092331359957695 2.141237237683341 18.05384063720703 9.026920318603516 28.255190848474058 36.95122287434401 -3.1197583559256106e-07 5.846394225231617e-07 -4.838010588392218e-07 6.261994514633661e-07
13.767042119195787 -35.02931620109633 1.2578125 0.5449219 [13.767042119195787,-35.02931620109633] -2.081687678665676 1.7160038302130034 0.00031406105936676343 2.0028159774909383e-05 [997.5610351562,-3988.955078125] 2.0681576132926995 0.37726042412625915 2.710737368533467 2.1445674123576564 18.044506072998047 9.022253036499023 28.2689540136721 37.47645548264654 -1.719655050470737e-07 5.954251344343387e-07 -3.4281330903407515e-07 6.362593775401245e-07
13.483310649960622 -36.73537827272133 1.2265625 0.27038574 [13.483310649960622,-36.73537827272133] -30.628615216201425 2.471451028998994 0.0001695922543868549 1.5576386896228608e-05 [567.0483398438,-921.4155273438] 3.470359070620224 0.3479718898426509 3.097175151823458 2.06918180020746 18.837158203125 9.4185791015625 48.45954595666353 8.726309168068383 -2.5301899696705014e-06 6.220853635435066e-07 -2.816871807868452e-06 6.745861522253182e-07
13.30552185366708 -35.97415919188283 1.21875 0.2177124 [13.30552185366708,-35.97415919188283] -84.80455915068858 2.2128346718486185 0.00019249295064882165 1.582969329728871e-05 [313.6284179688,-2292.251953125] 0.5408495725744907 -1.0675718132304133 2.7777185587365993 1.8582589092659036 19.31385040283203 9.656925201416016 39.24841917046638 0.9674562593754672 -7.005594063942543e-06 6.719608049344158e-07 -7.0502729419776396e-06 7.108138408570728e-07
13.642134745914442 -35.28670116069322 1.265625 0.6582031 [13.642134745914442,-35.28670116069322] -16.270707812592548 1.2579485132088841 0.00036650247281049176 1.7133594273497935e-05 [810.8984375,-3527.171875] 1.7054785644701616 -0.15120235597533016 2.8075756301186754 2.174739043130941 18.983165740966797 9.491582870483398 31.229212218581438 26.713375247267777 -1.3441019587814979e-06 5.901412095445084e-07 -1.4849893194032695e-06 6.346166164619195e-07
13.643405111140488 -35.29505136158197 1.25 0.49987793 [13.643405111140488,-35.29505136158197] -18.29357622406798 1.5113424726104743 0.0003038950787957841 1.7068496119908047e-05 [812.6811523438,-3512.139648438] 1.584843751144924 -0.42393810076783023 2.8330197982802865 2.1159897850842873 18.983165740966797 9.491582870483398 31.330111215339343 26.74032746361422 -1.5112084808540687e-06 5.948691952204457e-07 -1.6421303568297329e-06 6.398005135551752e-07
14.41910157727127 -36.75563056311587 1.28125 0.82299805 [14.41910157727127,-36.75563056311587] -8.044350090169873 0.5659537962172745 0.0007407057285820526 1.5578849578294917e-05 [1916.283691406,-872.6987304688] 4.067790195208024 2.8712672564654342 2.6286652823087295 1.9909312696861035 18.07615089416504 9.03807544708252 49.60951379784785 61.8917649728437 -6.645332727905838e-07 5.807967390637838e-07 -1.0005681172648815e-06 6.208331736260388e-07
14.425576146863008 -36.740070458934774 1.28125 0.79785156 [14.425576146863008,-36.740070458934774] 6.191784309377746 3.1494420668189753 0.00013330555656916276 1.560237024997977e-05 [1926.008789062,-900.5717773438] 4.064016129847576 2.904404703709318 2.628484496095531 1.9969546257640225 18.139087677001953 9.069543838500977 49.43369576326461 62.416353324045076 5.114952289995734e-07 6.344455010182721e-07 1.7577215514410654e-07 6.702800584804603e-07
14.065164426570236 -34.77582189439052 1.25 0.5361328 [14.065164426570236,-34.77582189439052] -10.279362856936602 2.4098692279639486 0.0002586545446758766 2.316446598945949e-05 [1441.370117188,-4441.008789062] 0.6423147211516509 -0.3875151054987924 3.088404236132252 2.2926304049984516 0.0 0.0 25.603269663398464 61.55923987357755 -8.491647634616802e-07 6.125742015899849e-07 -9.022255451312985e-07 6.636991235573679e-07
13.848932421537565 -37.775569822515344 1.84375 6.46875 [13.848932421537565,-37.775569822515344] 0.808443001232847 2.515172817239424 0.0001615611438422139 1.5101269328194607e-05 [1079.446777344,954.0483398438] 4.681508212263879 3.376829009612746 2.744359959706719 2.3734983531576237 20.685644149780273 10.342822074890137 61.15755322453799 23.502223695759994 6.678442229042283e-08 6.14462170359431e-07 -3.1994886741229013e-07 6.550780942734283e-07
14.019845998968846 -36.54264069005178 1.2265625 0.24017334 [14.019845998968846,-36.54264069005178] -11.774379033912481 1.5423449200864243 0.0002654482971600851 1.5214936854207874e-05 [1344.319824219,-1262.905273438] 3.8867491188685284 1.0549473850695463 2.689013945170076 1.4839244889135235 18.197113037109375 9.098556518554688 46.58733483613992 40.948563067495115 -9.726661006517015e-07 5.934924470437723e-07 -1.2937453778494794e-06 6.346803501601282e-07
13.94321821944745 -35.363387866462055 1.25 0.46374512 [13.94321821944745,-35.363387866462055] -14.885260387370757 1.201545844261764 0.0003866749503961554 1.726613321556808e-05 [1252.056152344,-3385.939453125] 1.74741332130771 -0.8651308523921788 2.745888985913962 1.6546497343727506 19.133562088012695 9.566781044006348 32.44287701977669 46.5362014413281 -1.2296519533190328e-06 5.889120786452116e-07 -1.3740034895289587e-06 6.315951586696662e-07
13.784232969428352 -37.36608503451113 1.21875 0.20043945 [13.784232969428352,-37.36608503451113] -9.87189876502075 1.4357939847812016 0.00028475082023942267 1.5193779396929273e-05 [992.8413085938,216.3032226562] 4.41764066725888 1.9331106684798107 3.0431622144826 2.221167494576054 20.187103271484375 10.093551635742188 56.209873615272386 22.33837734929807 -8.155046860768872e-07 5.912599710584683e-07 -1.1804402219151006e-06 6.434506917452856e-07
13.560860622518776 -37.00825870302744 1.2109375 0.1000061 [13.560860622518776,-37.00825870302744] -3.386631768864761 2.298333432815403 0.00017926955422117264 1.531187151885555e-05 [676.49609375,-429.73828125] 3.2076202124214857 0.15090906923227676 2.8901154479371067 1.9767933409671694 19.078283309936523 9.539141654968262 51.773257988737896 11.937781644820916 -2.7976523496290784e-07 6.087420402279545e-07 -5.447425586418509e-07 6.541716357815495e-07
13.69707878009285 -36.90155419835811 1.2109375 0.103149414 [13.69707878009285,-36.90155419835811] -7.286303267565945 2.4984643895493512 0.0001667604393689875 1.5483705331528322e-05 [873.5073242188,-620.6870117188] 3.4420246973608046 0.17836935724665093 2.877718510016631 1.7457286624681636 18.218467712402344 9.109233856201172 50.58724133304577 20.07951407577889 -6.019120131105673e-07 6.14493763121518e-07 -8.862531856756826e-07 6.594220704525437e-07
13.700461446367404 -36.90861121072718 1.2109375 0.103149414 [13.700461446367404,-36.90861121072718] -1.510024814114515 2.9130832327668217 0.00014302997345115622 1.5484195809989997e-05 [878.294921875,-607.9536132812] 3.4420246973608046 0.17836935724665093 2.877718510016631 1.7457286624681636 18.218467712402344 9.109233856201172 50.67416224404087 20.23151688919893 -1.247411811359047e-07 6.263566760119305e-07 -4.090823537010202e-07 6.701452204846243e-07
13.845397883384576 -35.360912422706626 1.2421875 0.38867188 [13.845397883384576,-35.360912422706626] -10.879539324266979 0.748597744541305 0.0006181579404452439 1.7197157538195517e-05 [1108.514160156,-3391.611328125] 1.6054389562905795 -0.8665863907958484 2.789166381417275 1.8006326468501102 19.134721755981445 9.567360877990723 32.306528942971454 39.95438939440078 -8.987445589226363e-07 5.827417567263755e-07 -1.0313677779435217e-06 6.269873654065355e-07
13.838006852470311 -35.36461251584832 1.234375 0.3725586 [13.838006852470311,-35.36461251584832] -27.447331304738 2.1732623147644006 0.00021210858289954056 1.713085719788663e-05 [1097.615234375,-3385.041015625] 1.598508924092961 -0.8876487865789855 2.793373709784335 1.8104769201196786 19.134721755981445 9.567360877990723 32.343014855981664 39.4221088028778 -2.2673882534766485e-06 6.126888874850189e-07 -2.399438991573008e-06 6.555057695185326e-07
