data_processed/hvc_rms/hvc_rms_index_6.ecsv
# %ECSV 1.0
# ---
# datatype:
# - {name: ra_dec_obj.ra, unit: deg, datatype: float64}
# - {name: ra_dec_obj.dec, unit: deg, datatype: float64}
# - {name: 'H-alpha flux [Error]', unit: R, datatype: float32}
# - {name: H-alpha flux, unit: R, datatype: float32}
# - {name: ra_dec_deg, datatype: string, subtype: 'float64[2]'}
# - {name: RM, unit: rad / m2, datatype: float64}
# - {name: RM_uncert, unit: rad / m2, datatype: float64}
# - {name: pol_int, datatype: float64}
# - {name: pol_int_uncert, datatype: float64}
# - {name: ra_dec_pix_offsets, datatype: string, subtype: 'float64[2]'}
# - {name: interpolation_raw, unit: rad / m2, datatype: float64}
# - {name: interpolation_cor, unit: rad / m2, datatype: float64}
# - {name: interpolation_unc, unit: rad / m2, datatype: float64}
# - {name: pixel location x, datatype: float64}
# - {name: pixel location y, datatype: float64}
# meta: !!omap
# - __serialized_columns__:
#     ra_dec_obj:
#       __class__: astropy.coordinates.sky_coordinate.SkyCoord
#       dec: !astropy.table.SerializedColumn
#         __class__: astropy.coordinates.angles.Latitude
#         unit: &id001 !astropy.units.Unit {unit: deg}
#         value: !astropy.table.SerializedColumn {name: ra_dec_obj.dec}
#       frame: icrs
#       ra: !astropy.table.SerializedColumn
#         __class__: astropy.coordinates.angles.Longitude
#         unit: *id001
#         value: !astropy.table.SerializedColumn {name: ra_dec_obj.ra}
#         wrap_angle: !astropy.coordinates.Angle
#           unit: *id001
#           value: 360.0
#       representation_type: spherical
# schema: astropy-2.0
ra_dec_obj.ra ra_dec_obj.dec "H-alpha flux [Error]" "H-alpha flux" ra_dec_deg RM RM_uncert pol_int pol_int_uncert ra_dec_pix_offsets interpolation_raw interpolation_cor interpolation_unc "pixel location x" "pixel location y"
[from data line 213]
83.68414336602214 -55.37976833557763 1.40625 2.0966797 [83.68414336602214,-55.37976833557763] 28.195009420470797 1.0494791262115764 0.0004182700379052891 1.631320387788018e-05 [-1855.66015625,-595.8056640625] 36.63279859927897 38.911688069938606 8.452280955872862 53.71291866619299 10.716183174507933
84.46057167478094 -55.521576054573174 1.4375 2.34375 [84.46057167478094,-55.521576054573174] 94.67071267616942 1.4928414169717723 0.0002928860230557579 1.624878999319312e-05 [-1058.090820312,-356.9301757812] 38.847952749923365 40.576141537318875 8.580972316174613 58.949436749132246 8.530511975982563
82.95429254519776 -53.415176577829875 1.3046875 1.0566406 [82.95429254519776,-53.415176577829875] 52.796072634076005 0.2905715493167031 0.001961052537997053 2.1176345844254505e-05 [-2729.192382812,-4105.134765625] 34.40783624059783 36.20661709048284 8.165523035598582 49.275287894654866 38.972310248110716
82.39397470451651 -55.07418455428849 1.3828125 1.8540039 [82.39397470451651,-55.07418455428849] 35.12979057504108 1.1492491599386625 0.00039784864595613213 1.6991854572872245e-05 [-3198.27734375,-1098.473632812] 34.131319889157425 35.35564017727733 7.813226651512816 44.937474001990495 15.248227668581876
83.74488070925496 -54.65058133888562 1.3828125 1.7924805 [83.74488070925496,-54.65058133888562] 23.761819667967032 0.08633743018319548 0.005037284495209467 1.6162342306843138e-05 [-1826.513671875,-1909.415039062] 37.073696669182084 40.201614503756595 8.948460092957326 54.36269689105268 21.103098111709187
84.12666311839016 -55.53079612399241 1.40625 2.0683594 [84.12666311839016,-55.53079612399241] 45.473386218154374 2.353309684431129 0.0001870487703290017 1.6358468523046055e-05 [-1397.930664062,-334.41796875] 38.54037945735618 40.13652406760201 8.486731665965197 56.67915805435587 8.477467262961
84.1623843064775 -55.392002010230456 1.40625 2.071289 [84.1623843064775,-55.392002010230456] 32.10377620055125 0.38739969999213963 0.0011287221618633025 1.6250062493258024e-05 [-1366.354492188,-584.9096679688] 38.67963003951155 40.30394150465993 8.80183968400702 56.96810647044299 10.443874596557862
81.69325976476392 -55.16320026381229 1.3203125 1.171875 [81.69325976476392,-55.16320026381229] 13.405139519958107 1.472060039509307 0.0003313914193949931 1.8129068330336966e-05 [-3910.338867188,-902.51953125] 34.84082745930362 33.347798987822806 8.509542859052639 40.12713266820208 13.973317445223529
84.58868416409234 -54.63209907988563 1.3515625 1.5258789 [84.58868416409234,-54.63209907988563] 39.1419609619111 1.4332391717091597 0.0002989573845530447 1.592343127713722e-05 [-948.4453125,-1959.569335938] 39.62916109685173 41.53071987211129 8.93269512239296 60.226492232796545 21.108554145294875
80.5223848821593 -54.68313599618155 1.2890625 0.890625 [80.5223848821593,-54.68313599618155] 22.479797173934223 0.5644962947803377 0.0011271942643603936 2.3646592597608402e-05 [-5172.07421875,-1688.15625] 35.0086463241387 31.876760713167112 8.533121132208288 31.998274492103633 20.84869677102779
80.5147708639271 -54.68458570954022 1.2890625 0.890625 [80.5147708639271,-54.68458570954022] 19.76274822296523 0.8234833265647737 0.0007708256667315702 2.3589551324483368e-05 [-5179.782226562,-1684.985351562] 35.0086463241387 31.876760713167112 8.533121132208288 31.945724677002204 20.82659852837014
80.51142140948802 -54.68153005779402 1.2890625 0.890625 [80.51142140948802,-54.68153005779402] 22.02727213573439 0.9022534013587943 0.0007058445138988683 2.3667166968603893e-05 [-5183.64453125,-1690.220214844] 35.0086463241387 31.876760713167112 8.533121132208288 31.9219347475007 20.870705282187146
84.75849927481671 -54.22355653840304 1.390625 1.8701172 [84.75849927481671,-54.22355653840304] 47.53616913485327 0.24591071516971277 0.0017741634980411691 1.6213612740725043e-05 [-779.2768554688,-2696.823242188] 38.555570088265405 40.532902894232215 9.307065796078579 61.63841656699435 26.82907960835246
81.59960979410194 -55.55414953906366 1.3515625 1.5356445 [81.59960979410194,-55.55414953906366] 0.9232848942214271 2.981759265149518 0.00016164007917099314 1.7911433090125928e-05 [-3967.033203125,-194.5869140625] 34.06147822047791 33.07694154390073 8.18073303049228 39.52082688948383 8.313843475035583
84.96231828866594 -55.48687743423289 1.4375 2.3847656 [84.96231828866594,-55.48687743423289] 47.64373991929837 1.1339888788852215 0.00038402846396269613 1.618381531669848e-05 [-547.3579101562,-425.1997070312] 39.367585460945484 40.53822570086854 8.804543156329562 62.37191159903796 8.880459730521125
82.47055017046777 -53.87582020633551 1.359375 1.6044922 [82.47055017046777,-53.87582020633551] 35.07894840741829 0.6842740969778226 0.0007081521413287845 1.8007995608528206e-05 [-3212.254882812,-3256.439453125] 34.24048680726971 35.08406434454912 7.900509544434989 45.68077787157722 32.47709828973939
82.47496768482773 -53.88318247852457 1.359375 1.6044922 [82.47496768482773,-53.88318247852457] 34.968649989162174 1.0299031426257774 0.0004722428698025751 1.8074674954921113e-05 [-3207.008789062,-3243.411132812] 34.24048680726971 35.08406434454912 7.900509544434989 45.71007528268251 32.370424351318434
84.04164859211862 -53.9588241459617 1.3671875 1.6879883 [84.04164859211862,-53.9588241459617] 40.787976357193365 0.11551936718553563 0.0039677567764870485 1.7033682438887086e-05 [-1543.314453125,-3161.078125] 36.58544767772945 39.01076333429565 7.987137437598023 56.74601112050652 30.860905546911
84.0290837004558 -53.96590435552314 1.3671875 1.6879883 [84.0290837004558,-53.96590435552314] 42.781968454015896 0.5871762974001735 0.0007747837098676155 1.6906655377151983e-05 [-1556.352539062,-3148.061523438] 36.58544767772945 39.01076333429565 7.987137437598023 56.65375391719874 30.76472883119868
83.95134002505193 -55.55496222062604 1.375 1.7670898 [83.95134002505193,-55.55496222062604] 33.55327774916358 1.4333277891294323 0.00030548402446333806 1.627206714060679e-05 [-1575.510742188,-287.1669921875] 38.15696035142945 39.79353138426288 8.407575982321458 55.48187259563883 8.169064957413411
81.68273911151815 -54.72738273085288 1.265625 0.6833496 [81.68273911151815,-54.72738273085288] 18.370182092411348 0.457393438049689 0.0010640395834529952 1.808657848989483e-05 [-3963.884765625,-1685.145019531] 33.36010480977985 32.855876674509226 7.813132125045701 40.04690561232121 20.2747675711762
81.6850055769255 -54.72447574871732 1.265625 0.6833496 [81.6850055769255,-54.72447574871732] 23.165435791470816 0.2213662057087104 0.002207108778740599 1.815698615858033e-05 [-3961.818359375,-1690.498535156] 33.36010480977985 32.855876674509226 7.813132125045701 40.06264814713404 20.316781879339942
81.67529291868773 -54.73184598058268 1.265625 0.67163086 [81.67529291868773,-54.73184598058268] 24.144270368153418 0.10071127481419997 0.004860161640284869 1.8190201497201706e-05 [-3971.169921875,-1676.698242188] 33.46133565315077 32.89622818263347 7.906801264084438 39.99525961367465 20.210285989771364
84.78754442055374 -55.18334964676335 1.3828125 1.8120117 [84.78754442055374,-55.18334964676335] 40.51108279425474 0.9078318248144773 0.00047425503386255136 1.600022374062277e-05 [-731.181640625,-969.9008789062] 39.12101459300267 41.13172445281547 9.469091705700176 61.32328680083856 13.232011113538874
80.66339883226709 -56.0843696167318 1.2109375 0.1000061 [80.66339883226709,-56.0843696167318] 18.43856446621994 3.1868299113786143 0.00017784622997425004 2.10626131497743e-05 [-4850.8671875,817.4770507812] 35.55651446675717 33.088435088992696 8.402160157923165 33.33676583352235 0.4698205799859352
80.73260496789683 -55.13479626111673 1.3203125 1.1704102 [80.73260496789683,-55.13479626111673] 8.263648296634452 1.8858013973885193 0.000324163294302706 2.2717916219378554e-05 [-4898.828125,-892.5078125] 34.38698957021926 30.72915536514544 8.21439721305558 33.53638554519057 14.300071661600668
81.56887046214696 -55.31074136801723 1.328125 1.2626953 [81.56887046214696,-55.31074136801723] -8.636014170680005 0.08935968573218682 0.0055932649407416735 1.8574439923134093e-05 [-4022.991210938,-630.248046875] 34.697038069963874 33.13092382360339 8.379737551997925 39.286170987619016 11.833365698604212
81.56089039597686 -55.3147315874218 1.3125 1.140625 [81.56089039597686,-55.3147315874218] -4.719093064533889 0.30741477768977854 0.0016184678705722906 1.849002617893637e-05 [-4030.741210938,-622.6137695312] 34.79428309494184 32.9525113534462 8.366451918114786 39.23203731851936 11.77512838147777
81.57145734844029 -55.311817160997826 1.328125 1.2626953 [81.57145734844029,-55.311817160997826] -8.833744946325307 0.1371322691404272 0.003635434719854329 1.8526983559527587e-05 [-4020.23828125,-628.46484375] 34.697038069963874 33.13092382360339 8.379737551997925 39.30393378328358 11.81795799184738
81.56480362811035 -55.31323250543407 1.328125 1.2626953 [81.56480362811035,-55.31323250543407] -8.601979506709748 0.3206250050935068 0.0015546440196997525 1.8524097282426195e-05 [-4026.89453125,-625.53515625] 34.697038069963874 33.13092382360339 8.379737551997925 39.258623035320625 11.797066175184227
84.39950606982413 -56.004673030885485 1.4453125 2.4267578 [84.39950606982413,-56.004673030885485] 31.39340865346497 0.7983243210614802 0.0005494345368151303 1.6300616074003634e-05 [-1106.497070312,513.4921875] 37.97965768297162 41.17934216597729 8.427293690065124 58.37302904917851 1.684004142584854
84.38220261040803 -55.989887276229936 1.4375 2.3671875 [84.38220261040803,-55.989887276229936] 26.72456990693068 1.7446980299021222 0.0002513745513353231 1.6298599281447938e-05 [-1124.338867188,487.16015625] 38.0332368980147 41.20863574281071 8.46205592406766 58.261416060266356 1.8975214843692356
82.15095490254247 -55.5795135691826 1.359375 1.5869141 [82.15095490254247,-55.5795135691826] 16.305590784319016 2.180890418556004 0.00021030880666282652 1.704511778987466e-05 [-3404.618164062,-178.310546875] 34.27449561970482 34.577534002743135 8.01314979591608 43.263655436436125 7.974880683887022
80.60504133497548 -54.070579411027815 1.296875 0.97875977 [80.60504133497548,-54.070579411027815] 31.549572546997126 1.2907953664018514 0.0005155809066667335 2.473221007885654e-05 [-5162.860351562,-2793.862304688] 33.40492673015294 30.82720248143763 8.55077576889579 32.49671956791144 29.78184037154847
83.83837149135037 -55.005302454231 1.3984375 1.9545898 [83.83837149135037,-55.005302454231] 50.633164981587505 0.3170758832290177 0.0013746283281957663 1.619784368668624e-05 [-1714.060546875,-1273.576171875] 37.276475668402526 39.84251957878574 8.85707202248682 54.88221310067365 16.02427529700026
83.84035480703392 -54.987838785130194 1.40625 2.0976562 [83.84035480703392,-54.987838785130194] 40.88794195787834 0.4279556343102605 0.0010173509075146183 1.6179989241705487e-05 [-1712.759765625,-1305.048339844] 37.272671082864186 39.85228745057837 8.870049122738099 54.90183019452161 16.272677384770304
83.83767694475368 -54.9965782462421 1.3984375 1.9545898 [83.83767694475368,-54.9965782462421] 46.33037770875239 0.3854989286827716 0.0011318165220297245 1.621466229603464e-05 [-1715.150390625,-1289.256835938] 37.276475668402526 39.84251957878574 8.85707202248682 54.88041017089415 16.148761596723944
83.84037008260174 -54.976856222252536 1.40625 2.0976562 [83.84037008260174,-54.976856222252536] 39.13177728133988 1.3812141658392942 0.00031511594809413405 1.6174844362736872e-05 [-1713.212890625,-1324.810058594] 37.272671082864186 39.85228745057837 8.870049122738099 54.905712875331574 16.429177160639483
83.84063738024946 -54.968216017491194 1.40625 2.0976562 [83.84063738024946,-54.968216017491194] 34.41180006076067 0.7179162914357139 0.0006093463986217492 1.6257237884459585e-05 [-1713.305664062,-1340.36328125] 37.272671082864186 39.85228745057837 8.870049122738099 54.91053660929583 16.552237692817698
81.8072735371334 -54.642025041606885 1.296875 0.9680176 [81.8072735371334,-54.642025041606885] 25.893715550332903 1.1463065888916013 0.0004190440140361633 1.78512705904266e-05 [-3842.791015625,-1845.553710938] 33.107057891940165 33.047575041027784 7.800553873636324 40.91323715171063 21.50600554890957
83.46786499810204 -54.159873742965665 1.359375 1.6254883 [83.46786499810204,-54.159873742965665] 33.5829049354618 1.7900838973138298 0.00025260460021346966 1.6804412912368353e-05 [-2140.311523438,-2784.201171875] 36.6470466295617 39.238525261308126 8.67388602419047 52.616388333850864 28.177644402233454
83.68694308818499 -53.78791417713427 1.3515625 1.5146484 [83.68694308818499,-53.78791417713427] 39.48608635068953 1.567811441064377 0.00030910469877036437 1.8009768876812722e-05 [-1926.676757812,-3459.591796875] 37.24126677965466 39.31038549470665 7.938931138515003 54.32354653347625 33.41718376935569
84.66633621534103 -55.25466525964774 1.34375 1.4111328 [84.66633621534103,-55.25466525964774] 59.060692463128134 1.420527988596931 0.00030350685924534376 1.602237930442128e-05 [-854.2036132812,-840.158203125] 39.01457613901871 40.937181892981755 9.208969158414556 60.46121818178017 12.259470762478713
84.72689078887129 -53.624660442158266 1.4609375 2.6357422 [84.72689078887129,-53.624660442158266] 48.080698785813915 0.7358236914473788 0.0006777495458409254 1.853325516699033e-05 [-824.2924804688,-3773.870117188] 37.52961609682106 39.18043239876418 8.663882157017962 61.79575179622145 35.315529939337466
84.72341928488312 -53.627918356363615 1.4609375 2.6357422 [84.72341928488312,-53.627918356363615] 47.42324643996862 0.9176384524830209 0.0005428827769682913 1.851340793888907e-05 [-827.9340820312,-3767.96875] 37.52961609682106 39.18043239876418 8.663882157017962 61.76889828129197 35.271082515137095
83.45104999194714 -54.73264695079645 1.40625 2.0742188 [83.45104999194714,-54.73264695079645] 7.956737621509373 1.9752188306602176 0.00022016812051557955 1.6161376784556693e-05 [-2128.033203125,-1753.392089844] 36.5780371065109 39.46584915531331 8.758119135881145 52.297522550482654 20.001047540884883
81.7488938055989 -54.29660007686208 1.3203125 1.2055664 [81.7488938055989,-54.29660007686208] 24.32810253579272 0.9815163066064696 0.0004986742653048975 1.8189601261322037e-05 [-3936.576171875,-2463.010742188] 34.428786318586255 33.091325769007256 7.953983753359364 40.52844795626265 26.50005923299659
81.15514391804786 -55.15617754092164 1.2734375 0.7380371 [81.15514391804786,-55.15617754092164] 7.436272997319878 2.2582623009625395 0.00023731520662645804 1.9916299816373758e-05 [-4463.032226562,-882.6376953125] 35.30587718219984 32.290079075640534 8.035515282187424 36.437547736713896 14.040377552395057
81.83788291359083 -55.16767126979459 1.3125 1.1088867 [81.83788291359083,-55.16767126979459] 22.320712489394648 2.665800782478175 0.00017903457614165333 1.773671986019039e-05 [-3761.526367188,-902.4868164062] 34.36818177339837 33.54692145465431 8.521992660517578 41.118606453055236 13.912220707179586
83.29607419724742 -53.41046903854623 1.34375 1.4624023 [83.29607419724742,-53.41046903854623] 7.959828017912711 1.9138426108161875 0.0003021047668748022 2.1486837575050763e-05 [-2363.098632812,-4126.15234375] 34.59813235936718 36.921537459423746 8.001920403617797 51.72033040676547 38.93358644848968
82.77849580676117 -55.72592546403192 1.3828125 1.8212891 [82.77849580676117,-55.72592546403192] -30.463281071171536 0.5243110238374276 0.0008603710271391007 1.6764224547784844e-05 [-2756.680664062,57.08984375] 35.17861214639397 37.436954836418636 8.221564997735767 47.50987084368887 5.861427727119462
82.77690908337253 -55.72558224085844 1.3828125 1.8212891 [82.77690908337253,-55.72558224085844] -29.730416689265482 0.4624043797312713 0.0009719989901206939 1.67030759462832e-05 [-2758.311523438,56.53564453125] 35.17861214639397 37.436954836418636 8.221564997735767 47.49916915990548 5.866420438596833
82.35942057499535 -55.654411389126274 1.359375 1.6000977 [82.35942057499535,-55.654411389126274] 25.407755582829846 2.115668225419303 0.00021437184125492774 1.6854815576664216e-05 [-3186.754882812,-53.5537109375] 34.750153684464905 35.28135157556881 8.167264204060949 44.67740540050136 6.897975022406854
