data_processed/hvc_rms/hvc_rms_index_11_with_B.ecsv
# %ECSV 1.0
# ---
# datatype:
# - {name: ra_dec_obj.ra, unit: deg, datatype: float64}
# - {name: ra_dec_obj.dec, unit: deg, datatype: float64}
# - {name: 'H-alpha flux [Error]', unit: R, datatype: float32}
# - {name: H-alpha flux, unit: R, datatype: float32}
# - {name: ra_dec_deg, datatype: string, subtype: 'float64[2]'}
# - {name: RM, unit: rad / m2, datatype: float64}
# - {name: RM_uncert, unit: rad / m2, datatype: float64}
# - {name: pol_int, datatype: float64}
# - {name: pol_int_uncert, datatype: float64}
# - {name: ra_dec_pix_offsets, datatype: string, subtype: 'float64[2]'}
# - {name: interpolation_raw, unit: rad / m2, datatype: float64}
# - {name: interpolation_cor, unit: rad / m2, datatype: float64}
# - {name: interpolation_unc, unit: rad / m2, datatype: float64}
# - {name: pixel location x, datatype: float64}
# - {name: pixel location y, datatype: float64}
# - {name: 'B_virtual [raw]', unit: G, datatype: float64}
# - {name: 'B_virtual_unc [raw]', unit: G, datatype: float64}
# - {name: 'B_virtual [int]', unit: G, datatype: float64}
# - {name: 'B_virtual_unc [int]', unit: G, datatype: float64}
# - {name: 'B_virtual [cor]', unit: G, datatype: float64}
# - {name: 'B_virtual_unc [cor]', unit: G, datatype: float64}
# meta: !!omap
# - __serialized_columns__:
#     ra_dec_obj:
#       __class__: astropy.coordinates.sky_coordinate.SkyCoord
#       dec: !astropy.table.SerializedColumn
#         __class__: astropy.coordinates.angles.Latitude
#         unit: &id001 !astropy.units.Unit {unit: deg}
#         value: !astropy.table.SerializedColumn {name: ra_dec_obj.dec}
#       frame: icrs
#       ra: !astropy.table.SerializedColumn
#         __class__: astropy.coordinates.angles.Longitude
#         unit: *id001
#         value: !astropy.table.SerializedColumn {name: ra_dec_obj.ra}
#         wrap_angle: !astropy.coordinates.Angle
#           unit: *id001
#           value: 360.0
#       representation_type: spherical
# schema: astropy-2.0
ra_dec_obj.ra ra_dec_obj.dec "H-alpha flux [Error]" "H-alpha flux" ra_dec_deg RM RM_uncert pol_int pol_int_uncert ra_dec_pix_offsets interpolation_raw interpolation_cor interpolation_unc "pixel location x" "pixel location y" "B_virtual [raw]" "B_virtual_unc [raw]" "B_virtual [int]" "B_virtual_unc [int]" "B_virtual [cor]" "B_virtual_unc [cor]"
[from data line 146]
120.53447736423388 -57.792049307531535 3.0 18.054688 [120.53447736423388,-57.792049307531535] -133.57039511615423 0.6760034006681617 0.0010000579665142405 2.5123651335344986e-05 [-2774.379882812,-4490.004882812] 56.09792318600563 52.0233623321071 18.336582678315406 38.09109259949537 20.513815744805015 -8.303550991054708e-06 1.1070389311100408e-06 -1.179094028313693e-05 1.8911027189467017e-06 -1.1537640711872803e-05 1.867516610051359e-06
119.87893688294587 -58.41860213750638 3.140625 19.46875 [119.87893688294587,-58.41860213750638] -78.71884436272146 1.5451859908458112 0.0003347732600194684 1.922384369614924e-05 [-3343.017578125,-3333.9453125] 53.90060777952745 49.21959146405584 16.80290030284741 30.830190858248216 15.775498675915514 -4.712575377727102e-06 7.131190883039183e-07 -7.939384398142773e-06 1.4548887922386427e-06 -7.659151089211259e-06 1.4327792586011514e-06
119.05860904912065 -58.57653834558227 3.390625 21.84375 [119.05860904912065,-58.57653834558227] -77.60692729770281 1.898750487419109 0.00028189801238051723 1.9891549518615405e-05 [-4096.0,-3004.020507812] 51.212730415150574 48.67767590919131 18.134890298558652 25.39993007450289 16.551221337900188 -4.386170646884542e-06 6.631354526932102e-07 -7.28060008398962e-06 1.4025646848190664e-06 -7.1373244506220295e-06 1.392125124803021e-06
119.05476391350345 -58.581859520659705 3.390625 21.84375 [119.05476391350345,-58.581859520659705] -71.96522822606275 1.9057471712875371 0.00028137748137119385 1.9927982121551824e-05 [-4098.974609375,-2994.228515625] 51.212730415150574 48.67767590919131 18.134890298558652 25.34891458350444 16.50429705767465 -4.06731438329793e-06 6.338490804166652e-07 -6.961743820403008e-06 1.3795413974413444e-06 -6.818468187035418e-06 1.369397522937233e-06
122.23505403584241 -58.4525563719559 3.375 21.695312 [122.23505403584241,-58.4525563719559] -126.67817040860041 2.798893104581058 0.00017164486473670527 1.7853601220599384e-05 [-1122.934570312,-3352.715820312] 43.006630906032235 45.10853391879083 16.93317705473914 43.52962575203992 7.9305209576673406 -7.184018821238215e-06 9.555456607286127e-07 -9.622958733856378e-06 1.5541098790834012e-06 -9.742159309262306e-06 1.5645831531352593e-06
119.64557643250116 -58.114917870470535 3.296875 20.9375 [119.64557643250116,-58.114917870470535] -75.40490852033868 1.569266486194448 0.0003673208738860498 2.1421555920777664e-05 [-3593.224609375,-3867.123046875] 50.68342293971749 49.75396725056143 16.45937364725166 31.266028029100312 19.811826323227706 -4.352971657276334e-06 6.651582693639972e-07 -7.278822346304509e-06 1.3534676452261532e-06 -7.225166764048889e-06 1.3493506554846741e-06
119.66243776992663 -58.10161197228149 3.296875 20.9375 [119.66243776992663,-58.10161197228149] -88.8162031001014 2.589444580645072 0.0002245919864280996 2.1612727618533803e-05 [-3578.563476562,-3891.934570312] 50.68342293971749 49.75396725056143 16.45937364725166 31.43588514233022 19.90463981383391 -5.12717835467382e-06 7.493465619695318e-07 -8.053029043701996e-06 1.419766980463003e-06 -7.999373461446373e-06 1.4154232085360371e-06
117.45475034351483 -60.26505290315408 2.625 14.2734375 [117.45475034351483,-60.26505290315408] -108.27668295935672 1.9493701598129043 0.00035092135154285247 2.5422181222539215e-05 [-5322.64453125,140.3515625] 42.53162244584923 46.92769361565691 16.27784037854765 7.501907304555743 2.3768545718312453 -7.570408036338637e-06 1.0986013258386801e-06 -1.0544102164772903e-05 1.8422807363549927e-06 -1.0851463376832947e-05 1.871595662014257e-06
122.98369619210384 -58.854938287751644 2.640625 14.339844 [122.98369619210384,-58.854938287751644] -101.4756444702088 1.4058922171308232 0.00032010587112322797 1.6724547241178887e-05 [-413.1616210938,-2637.510742188] 41.730572366473865 41.82974976888443 16.665794098983483 45.1019242256624 1.2124130362508367 -7.078451208048635e-06 1.0385781581347704e-06 -9.989374532775562e-06 1.8038095407433083e-06 -9.996292669709498e-06 1.8044447664772084e-06
122.97914907989586 -58.84901422423871 2.640625 14.371094 [122.97914907989586,-58.84901422423871] -103.50467969984095 1.5681288954576613 0.00028620994369992566 1.6679198562989856e-05 [-417.4663085938,-2648.141601562] 41.03914554748621 41.7675948807103 16.711220988403486 45.11406377020819 1.2900460601752002 -7.2121326958899035e-06 1.0536610129753324e-06 -1.007171126057643e-05 1.8120709258405587e-06 -1.0122469093639438e-05 1.8167430686937707e-06
122.99237845651875 -58.85816982328775 2.640625 14.339844 [122.99237845651875,-58.85816982328775] -103.58177612106734 2.2594483871223536 0.00019937717745371252 1.6741199499440637e-05 [-405.041015625,-2631.75] 41.730572366473865 41.82974976888443 16.665794098983483 45.12836170225171 1.1498112539870817 -7.225364787224825e-06 1.062404723674634e-06 -1.0136288111951755e-05 1.8215287224068929e-06 -1.014320624888569e-05 1.8221670176214998e-06
117.6873933427082 -59.00549343070967 2.984375 17.804688 [117.6873933427082,-59.00549343070967] -105.8664397143459 2.456889648283306 0.0002764857567313333 2.524451997695466e-05 [-5311.71484375,-2136.538085938] 48.59827190186669 52.21301060696938 16.74972273585319 15.464588232485312 15.836466396988271 -6.6273478259394775e-06 9.380559559937427e-07 -9.669649545939676e-06 1.6520454938342046e-06 -9.89593590036173e-06 1.6721884552344024e-06
118.65865272180476 -58.05094934387658 3.296875 20.984375 [118.65865272180476,-58.05094934387658] -90.69277763455975 0.8801025987596235 0.0007738221787547192 2.5309477503852737e-05 [-4537.0859375,-3921.091796875] 48.83308017981612 52.30428195164836 16.3196840144247 26.094035363373223 23.546918763442363 -5.229658354893111e-06 7.455235335478404e-07 -8.045542181790307e-06 1.4052928279229854e-06 -8.245703648017853e-06 1.4217537841776333e-06
118.65399963011622 -58.054073368450865 3.296875 20.984375 [118.65399963011622,-58.054073368450865] -89.15517527275975 1.1045921673227506 0.0006158521570360031 2.528058557852465e-05 [-4541.10546875,-3915.166992188] 48.83308017981612 52.30428195164836 16.3196840144247 26.050498716359925 23.52666165799701 -5.14099489957044e-06 7.376751876817664e-07 -7.956878726467636e-06 1.3985997739868173e-06 -8.157040192695182e-06 1.4149596053122336e-06
119.73430686995401 -59.35815036526702 2.765625 15.59375 [119.73430686995401,-59.35815036526702] -151.75029085756128 1.3235799390910765 0.0003653854203080785 1.797256625699067e-05 [-3385.791992188,-1638.4375] 47.19836367099917 44.84412550085581 17.732246962486812 24.70144724411955 5.9411458943257 -1.0150861043685815e-05 1.368205733551582e-06 -1.3308047948608238e-05 2.1121691842094504e-06 -1.3150568550092307e-05 2.0963642414384655e-06
119.93309746716582 -58.62048746853996 3.078125 18.71875 [119.93309746716582,-58.62048746853996] -81.36307137660563 1.7514617828573757 0.0002877473420959766 1.8729263050976966e-05 [-3273.163085938,-2973.958007812] 54.4389140828527 48.25659621625903 17.351930174968274 29.97534900790083 13.406598778365378 -4.967496234661719e-06 7.488481722515098e-07 -8.29117977008193e-06 1.5290341021697784e-06 -7.913727933466331e-06 1.4990169673149821e-06
117.71498872309343 -59.88095079792608 2.515625 13.1015625 [117.71498872309343,-59.88095079792608] -115.15877381546917 1.2393456072336666 0.0005640252553355252 2.597763950558745e-05 [-5151.169921875,-568.990234375] 44.25199471329187 48.52658465499469 14.817306032612663 10.934811159089122 5.970861173924504 -8.403962768024356e-06 1.2215451763527997e-06 -1.1633348629471934e-05 1.9447322485553164e-06 -1.1945296156598314e-05 1.9772087975910477e-06
117.72085619363381 -59.883133019045665 2.515625 13.1015625 [117.72085619363381,-59.883133019045665] -105.19101446299132 2.2206428248545262 0.0003144148632270175 2.5947198971689813e-05 [-5145.55859375,-565.53515625] 44.25199471329187 48.52658465499469 14.817306032612663 10.954842880887327 5.930081387847849 -7.676543782015685e-06 1.1435445647401169e-06 -1.0905929643463262e-05 1.875138971710118e-06 -1.1217877170589644e-05 1.9067402246103517e-06
113.88257593156256 -57.603027386144184 3.546875 23.414062 [113.88257593156256,-57.603027386144184] -67.28449839081145 2.310125400656407 0.00023402723417715172 2.0091421206707474e-05 [1334.237792969,3394.430419922] 52.59401894261467 51.17603033597611 18.164029223288132 0.9449832821352402 42.37337843568935 -3.6730366907572175e-06 5.904247759643579e-07 -6.544125365128385e-06 1.3182205637485273e-06 -6.466717874490535e-06 1.3129241379073817e-06
117.56475819530579 -56.21697623085495 8.1875 69.5625 [117.56475819530579,-56.21697623085495] -210.11620842879955 1.9516195451624512 0.00041601695374197316 3.0172749807160932e-05 [5063.660888672,1071.863769531] 68.50337712031434 73.86963268063938 25.005367604585658 29.877558392777928 47.15338964287821 -6.654579206988816e-06 7.516868424795617e-07 -8.824146002440636e-06 1.2571907861890178e-06 -8.99410039547942e-06 1.2710412039370269e-06
116.74330132704237 -56.30921185491647 6.3125 51.265625 [116.74330132704237,-56.30921185491647] -237.4962021388692 0.6219943336152225 0.0009759424476353404 2.2558973758441475e-05 [4233.976074219,1182.441894531] 59.18757461466923 68.68031474670097 23.13156393309128 24.492413400017313 48.687090007567804 -8.76177658752594e-06 9.89965623831335e-07 -1.0945341212395284e-05 1.4899495503629414e-06 -1.1295550047278756e-05 1.5207116190187385e-06
116.64205934218377 -57.03016664535264 4.40625 32.140625 [116.64205934218377,-57.03016664535264] -121.62078001900343 2.4523077281977224 0.00024073997175496142 2.193976013521416e-05 [4054.843017578,2471.528076172] 46.70100407478858 59.059043392747654 19.1509655677678 20.05221880267254 40.957679474417546 -5.666687453969541e-06 7.282932348201045e-07 -7.842631349716917e-06 1.3049278940522708e-06 -8.418430537551421e-06 1.3500635460300177e-06
116.77156823497877 -56.247917119959276 7.875 66.75 [116.77156823497877,-56.247917119959276] -213.87693048854004 3.2069442429097244 0.00019072988657944833 2.2731016796192302e-05 [4268.957275391,1074.05859375] 61.91378404136134 70.84231513130294 23.864864425989694 24.98924143381339 49.281776635982396 -6.9149165246336135e-06 7.846434359293913e-07 -8.916668875353583e-06 1.2561744455063799e-06 -9.205339780782768e-06 1.2800589630152639e-06
116.76216132941433 -56.248077359209056 7.875 66.75 [116.76216132941433,-56.248077359209056] -214.63174276518538 3.1821442895009917 0.00019294109684400902 2.281672533493046e-05 [4259.557861328,1073.768066406] 61.91378404136134 70.84231513130294 23.864864425989694 24.932266900632044 49.30900389304293 -6.939320577342098e-06 7.8702908157279e-07 -8.941072928062067e-06 1.258115672567813e-06 -9.229743833491254e-06 1.282027655084804e-06
115.30677008180243 -58.13087843972799 3.453125 22.5 [115.30677008180243,-58.13087843972799] -113.99546337230922 3.03205684615267 0.00024218633718811145 2.7289506469399747e-05 [2667.390136719,4384.580932617] 52.02775873824907 55.80549883130237 18.623652705683664 6.6015270286844725 32.419704706150924 -6.348117305665721e-06 8.626570080918465e-07 -9.24541081060627e-06 1.5658049607869428e-06 -9.45578354432371e-06 1.5832810106078496e-06
114.71158604754892 -56.74314129293044 4.53125 33.15625 [114.71158604754892,-56.74314129293044] -80.3991627040386 2.6126624923312445 0.0001998669997122749 1.940586951405884e-05 [2183.532226562,1868.663085938] 63.04678396566255 60.02449855330934 22.2748030825841 10.117174648741866 49.860483919254875 -3.688225424933706e-06 5.396120183247082e-07 -6.580429071860229e-06 1.3094109752650334e-06 -6.441784967564259e-06 1.3005778928560025e-06
116.57811735750985 -57.049644536341575 4.3125 31.164062 [116.57811735750985,-57.049644536341575] -127.2820261311247 0.541116696540531 0.001083285320944055 2.178424416367018e-05 [3990.27734375,2502.807861328] 45.74749068826863 58.65946819362199 19.179320345471755 19.574453569839534 40.931399888261694 -6.022664637671767e-06 7.601434460996182e-07 -8.187320581682385e-06 1.3408262384385367e-06 -8.798282810110402e-06 1.3898034733576997e-06
116.55797572137284 -57.05519100548454 4.3125 31.164062 [116.55797572137284,-57.05519100548454] -125.1969517041736 0.15219048186013484 0.003834752444641664 2.1688700331303684e-05 [3970.014648438,2511.615478516] 45.74749068826863 58.65946819362199 19.179320345471755 19.427120931469744 40.92958784543862 -5.924004171619983e-06 7.496829660706114e-07 -8.088660115630602e-06 1.3328604270330426e-06 -8.69962234405862e-06 1.3815578072971002e-06
114.1560212527907 -57.3684806892771 3.65625 24.554688 [114.1560212527907,-57.3684806892771] -38.298952391086225 0.5440859055320528 0.0009674096403803953 1.9560798969400398e-05 [1608.145996094,2978.346679688] 55.53496530373274 53.894640203151944 19.874753310079583 3.7038485579091684 44.307262509024895 -2.0415890287183937e-06 4.4378447570195675e-07 -5.001972245381668e-06 1.2664404413408098e-06 -4.914532001724857e-06 1.2617612873925943e-06
114.91535940386647 -57.93275455011772 3.46875 22.695312 [114.91535940386647,-57.93275455011772] -109.75014888329369 1.52828266459763 0.0004210175559996253 2.391181796827913e-05 [2308.543945312,4014.466064453] 50.33811376860085 51.21935191742466 18.22331191743465 5.340633734257267 35.76115229738889 -6.085351498179278e-06 8.210031324292417e-07 -8.876464942253188e-06 1.5090259161491346e-06 -8.92532723486748e-06 1.51303824948801e-06
116.96089941233866 -57.5187110826971 3.75 25.5 [116.96089941233866,-57.5187110826971] -114.21574762326436 2.4316984306396456 0.000277911038935132 2.511448144606326e-05 [4308.744140625,3368.089355469] 47.35559653582791 57.6157908167551 18.956485597011575 19.308978289932497 34.55177832494064 -5.974540794499578e-06 7.952204813066346e-07 -8.451676822049756e-06 1.4485552927908285e-06 -8.988379952454208e-06 1.4915548162441033e-06
115.63937385511666 -56.77873228999849 4.375 31.835938 [115.63937385511666,-56.77873228999849] -7.9605327162040656 3.139194323264372 0.0001729444701872605 2.0175930988645943e-05 [3095.416259766,1967.975585938] 58.276120840498976 62.456428780519374 22.604224044785038 15.45834705475363 46.756142170136854 -3.7267644499058734e-07 3.6162380629623185e-07 -3.1009030997809976e-06 1.1713764692441998e-06 -3.296606372111195e-06 1.1782084974766202e-06
113.87242119182427 -57.447429616537605 3.609375 24.015625 [113.87242119182427,-57.447429616537605] -52.44999445841184 0.22636267816902314 0.0023049230454282605 1.938964942563045e-05 [1330.106445312,3114.354248047] 53.16168466311796 51.36427588920282 18.22597977626061 1.643634446689589 44.18589505068758 -2.8271388204609416e-06 5.023826333532495e-07 -5.692638884362276e-06 1.246245423758533e-06 -5.595755668769151e-06 1.2401988509169249e-06
113.89178458285086 -57.4541092235445 3.609375 24.015625 [113.89178458285086,-57.4541092235445] -51.835163207656066 0.5820492975074814 0.0008970817261228932 1.9404411798351064e-05 [1348.608886719,3126.743408203] 53.16168466311796 51.36427588920282 18.22597977626061 1.7252603052440918 44.05614781792997 -2.7939984299805867e-06 5.006624098754744e-07 -5.659498493881922e-06 1.2445044250520063e-06 -5.562615278288797e-06 1.238484991316092e-06
116.8328322444585 -56.51397334401144 5.0 38.109375 [116.8328322444585,-56.51397334401144] -207.17401931589154 2.629861941508239 0.00023089574672583558 2.256615600948166e-05 [4299.924316406,1555.784179688] 57.732716347873705 65.93250356706072 22.298312712222966 23.927876044235973 46.134212520260235 -8.864781035397102e-06 1.0378312835778475e-06 -1.1335109557730952e-05 1.6144294561896467e-06 -1.1685970724951475e-05 1.6451649224412937e-06
