data_processed/hvc_rms/hvc_rms_index_7_with_B.ecsv
# %ECSV 1.0
# ---
# datatype:
# - {name: ra_dec_obj.ra, unit: deg, datatype: float64}
# - {name: ra_dec_obj.dec, unit: deg, datatype: float64}
# - {name: 'H-alpha flux [Error]', unit: R, datatype: float32}
# - {name: H-alpha flux, unit: R, datatype: float32}
# - {name: ra_dec_deg, datatype: string, subtype: 'float64[2]'}
# - {name: RM, unit: rad / m2, datatype: float64}
# - {name: RM_uncert, unit: rad / m2, datatype: float64}
# - {name: pol_int, datatype: float64}
# - {name: pol_int_uncert, datatype: float64}
# - {name: ra_dec_pix_offsets, datatype: string, subtype: 'float64[2]'}
# - {name: interpolation_raw, unit: rad / m2, datatype: float64}
# - {name: interpolation_cor, unit: rad / m2, datatype: float64}
# - {name: interpolation_unc, unit: rad / m2, datatype: float64}
# - {name: pixel location x, datatype: float64}
# - {name: pixel location y, datatype: float64}
# - {name: 'B_virtual [raw]', unit: G, datatype: float64}
# - {name: 'B_virtual_unc [raw]', unit: G, datatype: float64}
# - {name: 'B_virtual [int]', unit: G, datatype: float64}
# - {name: 'B_virtual_unc [int]', unit: G, datatype: float64}
# - {name: 'B_virtual [cor]', unit: G, datatype: float64}
# - {name: 'B_virtual_unc [cor]', unit: G, datatype: float64}
# meta: !!omap
# - __serialized_columns__:
#     ra_dec_obj:
#       __class__: astropy.coordinates.sky_coordinate.SkyCoord
#       dec: !astropy.table.SerializedColumn
#         __class__: astropy.coordinates.angles.Latitude
#         unit: &id001 !astropy.units.Unit {unit: deg}
#         value: !astropy.table.SerializedColumn {name: ra_dec_obj.dec}
#       frame: icrs
#       ra: !astropy.table.SerializedColumn
#         __class__: astropy.coordinates.angles.Longitude
#         unit: *id001
#         value: !astropy.table.SerializedColumn {name: ra_dec_obj.ra}
#         wrap_angle: !astropy.coordinates.Angle
#           unit: *id001
#           value: 360.0
#       representation_type: spherical
# schema: astropy-2.0
ra_dec_obj.ra ra_dec_obj.dec "H-alpha flux [Error]" "H-alpha flux" ra_dec_deg RM RM_uncert pol_int pol_int_uncert ra_dec_pix_offsets interpolation_raw interpolation_cor interpolation_unc "pixel location x" "pixel location y" "B_virtual [raw]" "B_virtual_unc [raw]" "B_virtual [int]" "B_virtual_unc [int]" "B_virtual [cor]" "B_virtual_unc [cor]"
[from data line 221]
92.05030040575207 -53.59730155059011 1.78125 5.8183594 [92.05030040575207,-53.59730155059011] 58.42357537123219 2.5261983250860864 0.00022685878999579746 2.1297653515536164e-05 [-2615.026367188,-3781.463867188] 36.836539834741856 32.995831220441026 9.570972913598332 19.65542250400199 46.37077358223769 6.397885953484113e-06 1.3981404909074403e-06 2.363966781537989e-06 1.392434026329866e-06 2.7845575368747497e-06 1.4167392772487441e-06
91.57451621833465 -53.391284700496925 1.84375 6.4257812 [91.57451621833465,-53.391284700496925] 46.286442446884564 0.34937120241567715 0.0018028018211339214 2.3406894401420286e-05 [-3137.921875,-4131.999023438] 36.6708399857468 33.06215597035328 9.06634552832611 16.67365561834481 49.7193415439433 4.823246614362325e-06 1.0957410734785073e-06 1.0019871816452029e-06 1.2061288724870506e-06 1.378027595196618e-06 1.216723846900467e-06
91.57150988717713 -53.38180166483 1.859375 6.5878906 [91.57150988717713,-53.38180166483] 53.76471840878868 2.8153899943235854 0.0002232099394504773 2.335397417634911e-05 [-3141.844726562,-4148.903320312] 36.5830469343169 33.15689671008839 9.023973162086406 16.669416938422273 49.85045294123847 5.533154788316918e-06 1.208565273040196e-06 1.7682385513009824e-06 1.2461924799536737e-06 2.1208381757339483e-06 1.2615119339822892e-06
91.57472953508902 -53.388130422779724 1.859375 6.5878906 [91.57472953508902,-53.388130422779724] 44.831909787043266 0.5657197078641876 0.0011091238155943042 2.3317932584214307e-05 [-3137.92578125,-4137.676757812] 36.5830469343169 33.15689671008839 9.023973162086406 16.680830968987948 49.76147953424788 4.613841635354329e-06 1.0577033832660437e-06 8.48925398338393e-07 1.1853395806670096e-06 1.2015250227713588e-06 1.193852780671972e-06
97.00376905388178 -54.792789334026416 1.8046875 6.017578 [97.00376905388178,-54.792789334026416] 35.51628197913712 2.879214369773456 0.00016940426174569636 1.812621120754973e-05 [2598.492675781,-1629.706054688] 42.13235143030674 46.88924017243491 8.104473867612679 51.25202725918268 23.584888867333575 3.824417184046245e-06 1.0543389054483415e-06 -7.124228182093977e-07 1.2005847931352322e-06 -1.2246478044474725e-06 1.2131575184935506e-06
96.82973471675511 -54.86054994317559 1.78125 5.8476562 [96.82973471675511,-54.86054994317559] 31.08192685388559 0.9066702028926539 0.00053630073261625 1.8070344681789195e-05 [2413.994140625,-1514.11328125] 42.69418195079291 47.02660911655455 8.622377608176151 49.90670026759528 22.981001252586793 3.395202255720821e-06 9.773684902136757e-07 -1.2684527212345796e-06 1.2377111746384203e-06 -1.7417009389235435e-06 1.255592550430995e-06
90.20687067665256 -54.83006292991482 1.7265625 5.2851562 [90.20687067665256,-54.83006292991482] 48.396784724663924 2.0033198965978705 0.00027510437436696145 2.0481252116078746e-05 [-4445.979492188,-1471.791015625] 34.3531257558659 32.25218916871484 8.98203450846145 4.82663335517509 31.713995203736886 5.560786593965408e-06 1.3324286790114776e-06 1.613615263249421e-06 1.36218073856267e-06 1.8550127047337353e-06 1.372828628275009e-06
90.21107474980934 -54.825573075699424 1.734375 5.3652344 [90.21107474980934,-54.825573075699424] 53.14791041722196 2.644679973154707 0.00021055784491454683 2.0694419886385368e-05 [-4442.126953125,-1480.125976562] 34.64205323302622 32.28153667461366 8.988377150163341 4.8618567315236305 31.77124646056859 6.060946901783727e-06 1.4090579655196446e-06 2.110393746149203e-06 1.3897168327519949e-06 2.379585242277784e-06 1.40452086062801e-06
96.08924099199142 -54.36547470588292 1.7421875 5.4296875 [96.08924099199142,-54.36547470588292] 49.26461378929453 2.3572959651017653 0.00020558144644928272 1.800971056818441e-05 [1667.428222656,-2426.5234375] 43.24492748820093 47.58958273241108 9.591057776146132 46.0727576329939 30.577298415659698 5.584654358257074e-06 1.3253106560053223e-06 6.823938066484575e-07 1.3780229161147426e-06 1.89882123750108e-07 1.3727381436040738e-06
96.29215997197328 -56.53932578679457 1.96875 7.6914062 [96.29215997197328,-56.53932578679457] 73.10190727641597 1.6862388602297835 0.0002792329339021176 1.749824271527749e-05 [1779.350097656,1490.015136719] 38.94573749485027 39.55937854989623 10.381577591658628 42.40497485286437 1.8662314989783226 6.9626484354254525e-06 1.287266917133148e-06 3.2532311529232676e-06 1.3065687696504542e-06 3.1947844298347307e-06 1.3030335167124092e-06
93.88955665696024 -56.17326749866151 1.75 5.53125 [93.88955665696024,-56.17326749866151] 82.60629975977292 2.8075729445580797 0.00016715633981424164 1.74406475101835e-05 [-610.6708984375,810.859375] 39.761271837199345 38.612292643104986 10.06202223472317 27.414246961791832 9.743457866463586 9.277910080929108e-06 1.8891572293644334e-06 4.812130765287135e-06 1.661855725154811e-06 4.941178134297325e-06 1.6743525712301342e-06
91.11817946586515 -53.60618192291622 1.8671875 6.6757812 [91.11817946586515,-53.60618192291622] 37.8060954809741 1.360577097438185 0.000430554233542277 2.1770064877232675e-05 [-3608.6796875,-3723.655273438] 35.17306445627031 30.474318507115175 8.951713510399918 13.075303307364493 47.36356277784557 3.865088231255249e-06 9.719377322573138e-07 2.691866773503253e-07 1.170913803413181e-06 7.495607397519119e-07 1.1766792771104586e-06
91.11364741323398 -53.605220532961155 1.8671875 6.6757812 [91.11364741323398,-53.605220532961155] 39.10216509744188 2.4058225966672757 0.0002438023484515502 2.1797675727697577e-05 [-3613.59375,-3725.146484375] 35.17306445627031 30.474318507115175 8.951713510399918 13.044995375444387 47.381731804962556 3.997591293466953e-06 1.007285673379549e-06 4.0168973956202933e-07 1.1893884366194555e-06 8.820638019636159e-07 1.1965369558656262e-06
91.96421822532038 -54.548671811146235 1.8203125 6.1914062 [91.96421822532038,-54.548671811146235] 43.118296210089824 2.280545552439109 0.00021685651327737665 1.837891737273016e-05 [-2645.54296875,-2067.545898438] 36.7705600065053 32.66531537289673 10.173685481563693 17.353138727552277 33.70256850611122 4.577365323754554e-06 1.1105458549333078e-06 6.738649282675043e-07 1.3381922592539595e-06 1.109670748141531e-06 1.3467929734578755e-06
92.98959302968608 -55.232563135349345 1.7734375 5.736328 [92.98959302968608,-55.232563135349345] 1.0442176147062265 2.599326861143911 0.0001790810557279597 1.7298930104033346e-05 [-1549.168945312,-868.1967773438] 38.90931106099434 36.00316493849873 9.717873454412388 23.1368746306955 23.34977161716006 1.1516556866558046e-07 8.237875431367134e-07 -4.176097930069817e-06 1.5443064485623256e-06 -3.855582391824814e-06 1.5174052945470988e-06
95.92749774617145 -54.71629704569065 1.7890625 5.861328 [95.92749774617145,-54.71629704569065] 25.594551566015348 1.6559852565595417 0.000288760688548564 1.7770646907069092e-05 [1485.052734375,-1799.000488281] 41.03331500927154 46.680640138931366 9.545452627219214 44.137416069041365 26.245662613881905 2.792531892903046e-06 9.277666112152898e-07 -1.6844694149486355e-06 1.33779119256635e-06 -2.3006292837196075e-06 1.3662964464959566e-06
96.17622390532982 -53.58275958490653 2.0625 8.6171875 [96.17622390532982,-53.58275958490653] 19.393231895785522 3.0307346878610053 0.0001848074670993747 2.081498669509555e-05 [1791.940429688,-3832.19140625] 44.26821044887513 46.80075385776922 10.358129583702736 48.58680282780881 40.62467826338866 1.7450828618195372e-06 7.344497122232834e-07 -2.2383529983240553e-06 1.2050818741666612e-06 -2.4662416825528834e-06 1.215014915051556e-06
94.97596756646273 -56.630432243060085 1.7734375 5.6972656 [94.97596756646273,-56.630432243060085] 83.4877427873005 0.316513931802562 0.0014973263737249772 1.76123784252769e-05 [472.234375,1632.62109375] 38.34945323336138 38.855552313355076 9.610833628701574 33.65043258182118 2.3710632520974286 9.239279804040454e-06 1.8331975859522288e-06 4.995287609189951e-06 1.5934661484169226e-06 4.939279495273851e-06 1.5878126404278086e-06
96.27417747568077 -54.979743971064465 1.7421875 5.419922 [96.27417747568077,-54.979743971064465] 23.94488898939896 2.0082860435717294 0.0002376382563715481 1.7735793781976038e-05 [1833.359375,-1316.684570312] 43.065137815977195 47.975703303908276 9.90975145770125 45.865587056574554 22.28490336861796 2.716845543842927e-06 9.660172419244013e-07 -2.1694300961117523e-06 1.4514372861979198e-06 -2.72659484093646e-06 1.4829803522084172e-06
96.23523690019574 -53.328102050661656 2.125 9.21875 [96.23523690019574,-53.328102050661656] 20.81823313143821 3.254735133009763 0.00020057660491816517 2.4260772814244756e-05 [1866.124511719,-4288.524414062] 43.72440426836142 46.46585713636614 10.495150846454449 49.63702348895799 43.833617356058085 1.811158602624648e-06 7.219364473316566e-07 -1.9928064329907336e-06 1.1703222000478867e-06 -2.2313091874861983e-06 1.1794902208150776e-06
99.37660219379569 -53.689395670228556 2.25 10.46875 [99.37660219379569,-53.689395670228556] 1154.3763898992 2.883829473666269 0.00026733460324224103 2.8650582485587187e-05 [5192.658691406,-3479.342773438] 48.53660494078056 45.99533581302974 11.664391721400353 70.46937248806535 33.57295661573244 9.424290303189721e-05 1.3224680660416421e-05 9.028039081061824e-05 1.2705616885605059e-05 9.048785917369304e-05 1.2734582112922739e-05
93.08381605291069 -55.86016459286256 1.6953125 4.919922 [93.08381605291069,-55.86016459286256] 59.70583670985216 0.4820660600475443 0.0009591335076402246 1.7182815330590673e-05 [-1429.463867188,259.1987304688] 38.689797665168506 36.46777431245498 9.487064472263766 22.641953541813905 14.846208106532913 7.110273719729593e-06 1.615062321423654e-06 2.5027668708236615e-06 1.487056323174077e-06 2.767384119656511e-06 1.5046691051236916e-06
93.08112374439008 -55.85844795678899 1.6953125 4.919922 [93.08112374439008,-55.85844795678899] 53.15533454021191 1.1534973941186006 0.00040058082567268066 1.717178642504162e-05 [-1432.24609375,256.1650390625] 38.689797665168506 36.46777431245498 9.487064472263766 22.62705904164386 14.872200576394334 6.330184770400135e-06 1.4925964525007584e-06 1.722677921494204e-06 1.4499538446408454e-06 1.9872951703270535e-06 1.4626891726063474e-06
92.64258597521196 -56.84086234258223 1.65625 4.5683594 [92.64258597521196,-56.84086234258223] 86.77390919885102 2.012945398990055 0.00023497453823404765 1.757767793159325e-05 [-1827.376953125,2034.210449219] 36.10793897157685 36.20245725766524 8.08356869021578 18.08790155428528 2.147740959764633 1.0724021273196826e-05 2.3496612642906287e-06 6.261593462377279e-06 1.8477737028567406e-06 6.249912346243683e-06 1.8461531300046034e-06
98.07847587439358 -54.9491310607185 1.7890625 5.8828125 [98.07847587439358,-54.9491310607185] 39.84700812148152 0.34468754957401915 0.001513740681441149 1.939035598900881e-05 [3697.831542969,-1299.799804688] 44.762524184148276 47.704194265090834 9.780723197441887 58.09659495111487 19.80856685231265 4.339621470801813e-06 1.0819261543470237e-06 -5.353345219943887e-07 1.3138354269800578e-06 -8.557032333504521e-07 1.319119915972556e-06
98.07884970447432 -54.94771580907745 1.7890625 5.8828125 [98.07884970447432,-54.94771580907745] 44.86305855078947 0.21747968395217632 0.002396729671923909 1.937075057021907e-05 [3698.347412109,-1302.323730469] 44.762524184148276 47.704194265090834 9.780723197441887 58.10286397921243 19.82615227655765 4.885904897534532e-06 1.151983499848826e-06 1.0948904738330357e-08 1.3101036048687254e-06 -3.094198066177331e-07 1.3112425038494637e-06
98.08242805476883 -54.94026576714864 1.7890625 5.8828125 [98.08242805476883,-54.94026576714864] 47.56652119831537 0.7622992934040602 0.0006856693343420076 1.94244596767321e-05 [3702.725341797,-1315.523925781] 44.762524184148276 47.704194265090834 9.780723197441887 58.14669649760708 19.916019297093953 5.180331131869284e-06 1.1941236264375025e-06 3.053751390730833e-07 1.313624973015466e-06 -1.4993572282980153e-08 1.3125189654663478e-06
91.72222116804141 -55.34882342495555 1.7421875 5.3964844 [91.72222116804141,-55.34882342495555] 56.74286645043663 2.4532112514175104 0.00019634075131534754 1.7900044043049072e-05 [-2840.78125,-618.8842773438] 36.367086836786264 32.181601277851925 9.817420075031112 14.366631772097094 23.186750502148698 6.45214982086176e-06 1.4605782595396905e-06 2.316900625719469e-06 1.4631805479716364e-06 2.7928261752841206e-06 1.4912946047604733e-06
94.69888291635782 -53.49490349423007 1.8046875 6.033203 [94.69888291635782,-53.49490349423007] 35.198456840581734 0.7186515159165251 0.0007943500012469128 2.121480038462559e-05 [213.9653320312,-4011.561523438] 38.46807303269794 43.03568754028345 10.336581209839306 38.46969977304104 44.09201365928493 3.785282389273958e-06 1.0046067677038911e-06 -3.516182725781649e-07 1.3461432515118656e-06 -8.428247716262044e-07 1.3527669486263325e-06
99.32537850089624 -54.6957130090064 1.8203125 6.2285156 [99.32537850089624,-54.6957130090064] 32.96856915726535 2.271112115246438 0.00033061733951354375 2.790441382893033e-05 [5014.685791016,-1676.760253906] 45.85700304642308 45.44022069127566 9.33745928300243 67.18521922364425 20.877702789054638 3.4894457770350197e-06 9.8251218453239e-07 -1.3641323344239093e-06 1.279933452973236e-06 -1.3200194273039662e-06 1.278570380222759e-06
94.43009171264075 -56.778591232518714 1.7109375 5.09375 [94.43009171264075,-56.778591232518714] 91.89550108863797 2.715691852180163 0.00017153491805468768 1.731178029673729e-05 [-67.94189453125,1897.685546875] 37.62495022664185 38.24379987631939 9.399309309112825 29.813794121917 1.0591551743782475 1.0755338203255596e-05 2.229785964598017e-06 6.351759575637394e-06 1.8566505345426075e-06 6.27933016178798e-06 1.8476841490173749e-06
91.8005065084454 -54.23460378275102 1.7109375 5.1464844 [91.8005065084454,-54.23460378275102] 38.02124509247369 1.775375660586445 0.00028551698878804204 1.8837832001932338e-05 [-2837.9296875,-2625.842773438] 36.28290983345087 33.352720522370724 9.703450240168443 16.7664395646118 38.113301785649355 4.427103136093415e-06 1.186317873554973e-06 2.024076133773184e-07 1.4089282356198365e-06 5.435918712015891e-07 1.4121518999976904e-06
97.02996807209195 -53.855259144748395 1.9921875 7.9472656 [97.02996807209195,-53.855259144748395] 29.38942721957648 2.503464641721793 0.00021558794212102355 2.005739983704768e-05 [2686.166015625,-3314.646484375] 51.36773434809336 52.83213215780641 11.135788021237218 53.81945473155906 35.67627139728438 2.7537904647211646e-06 8.159578675703099e-07 -2.0593682261663067e-06 1.2941947529036144e-06 -2.1965823574529552e-06 1.2995554253400022e-06
97.83945475233834 -53.30573287022891 2.5625 13.671875 [97.83945475233834,-53.30573287022891] 24.46926815735049 1.1569458464974216 0.0005956438796479129 2.5609931575781225e-05 [3590.8203125,-4265.62109375] 52.56206597803468 47.90640271805863 10.10976845714474 60.91344099658454 41.330773467820336 1.7480569405482763e-06 5.554194725201156e-07 -2.0069178160162775e-06 9.200638929236411e-07 -1.6743224796080647e-06 9.087614731845886e-07
97.84059141186184 -53.300609531905515 2.5625 13.671875 [97.84059141186184,-53.300609531905515] 24.94338609482699 1.9649261610806426 0.00035228332103794346 2.572450460049297e-05 [3592.471679688,-4274.765625] 52.56206597803468 47.90640271805863 10.10976845714474 60.93554613892627 41.39437089297371 1.7819273916755719e-06 5.6866724866191e-07 -1.9730473648889817e-06 9.258050154093165e-07 -1.6404520284807694e-06 9.147814709420473e-07
