data_processed/hvc_rms/hvc_rms_index_13.ecsv
# %ECSV 1.0
# ---
# datatype:
# - {name: ra_dec_obj.ra, unit: deg, datatype: float64}
# - {name: ra_dec_obj.dec, unit: deg, datatype: float64}
# - {name: 'H-alpha flux [Error]', unit: R, datatype: float32}
# - {name: H-alpha flux, unit: R, datatype: float32}
# - {name: ra_dec_deg, datatype: string, subtype: 'float64[2]'}
# - {name: RM, unit: rad / m2, datatype: float64}
# - {name: RM_uncert, unit: rad / m2, datatype: float64}
# - {name: pol_int, datatype: float64}
# - {name: pol_int_uncert, datatype: float64}
# - {name: ra_dec_pix_offsets, datatype: string, subtype: 'float64[2]'}
# - {name: interpolation_raw, unit: rad / m2, datatype: float64}
# - {name: interpolation_cor, unit: rad / m2, datatype: float64}
# - {name: interpolation_unc, unit: rad / m2, datatype: float64}
# - {name: interpolation_cor_unc, unit: rad / m2, datatype: float64}
# - {name: pixel location x, datatype: float64}
# - {name: pixel location y, datatype: float64}
# meta: !!omap
# - __serialized_columns__:
#     ra_dec_obj:
#       __class__: astropy.coordinates.sky_coordinate.SkyCoord
#       dec: !astropy.table.SerializedColumn
#         __class__: astropy.coordinates.angles.Latitude
#         unit: &id001 !astropy.units.Unit {unit: deg}
#         value: !astropy.table.SerializedColumn {name: ra_dec_obj.dec}
#       frame: icrs
#       ra: !astropy.table.SerializedColumn
#         __class__: astropy.coordinates.angles.Longitude
#         unit: *id001
#         value: !astropy.table.SerializedColumn {name: ra_dec_obj.ra}
#         wrap_angle: !astropy.coordinates.Angle
#           unit: *id001
#           value: 360.0
#       representation_type: spherical
# schema: astropy-2.0
ra_dec_obj.ra ra_dec_obj.dec "H-alpha flux [Error]" "H-alpha flux" ra_dec_deg RM RM_uncert pol_int pol_int_uncert ra_dec_pix_offsets interpolation_raw interpolation_cor interpolation_unc interpolation_cor_unc "pixel location x" "pixel location y"
[from data line 200]
45.93419290716349 -54.2343597214438 1.2421875 0.43615723 [45.93419290716349,-54.2343597214438] 26.868059835781956 0.8631893565965387 0.0005688003527749421 1.8246292682677205e-05 [-3747.979492188,-2585.125] 18.37309432050575 20.465893492853166 5.994889914459897 6.244022922532068 20.66150643302865 43.9707313716674
48.53376030551185 -55.765056569935275 1.234375 0.35742188 [48.53376030551185,-55.765056569935275] 40.86874451479316 2.5264196014777474 0.00016773810480827711 1.5748743771596523e-05 [-977.423828125,80.212890625] 21.212327588150558 20.047489891014358 6.503197942974913 6.2062789820475235 45.77358495871886 35.441687422803625
46.02602756796283 -55.384437525154226 1.25 0.53686523 [46.02602756796283,-55.384437525154226] -55.295001896742626 1.9526324675572517 0.00024058162325611834 1.7457886284647674e-05 [-3549.034179688,-522.7543945312] 20.29157534832224 21.249811680770204 5.707549659476373 6.049538345006269 29.184930097301617 25.759159156265014
49.336494399215695 -55.94040303987027 1.2578125 0.6057129 [49.336494399215695,-55.94040303987027] 6.046079413345984 1.6824877187290121 0.0002613365511492923 1.6340327679802718e-05 [-163.8295898438,389.2124023438] 21.87927867582272 19.659066436584137 6.271425734028612 5.884323197092327 51.45585042263042 37.32027887742288
48.794013828804005 -55.43288816104369 1.21875 0.18841553 [48.794013828804005,-55.43288816104369] 3.622628375604619 1.697581195554656 0.00025474250844125017 1.607091780757085e-05 [-719.9829101562,-520.8349609375] 20.348040587653177 20.363869463199254 5.956162513930564 6.017603753505104 45.08354475351234 42.37573859761301
48.79430765579064 -55.431724418266064 1.21875 0.18841553 [48.79430765579064,-55.431724418266064] 3.9104518990851123 1.7539989842498587 0.00024647448887289215 1.6066083336300007e-05 [-719.7041015625,-522.9326171875] 20.348040587653177 20.363869463199254 5.956162513930564 6.017603753505104 45.077694872572465 42.396433214474655
47.94657916657831 -54.81827936510788 1.234375 0.31323242 [47.94657916657831,-54.81827936510788] 68.64307825619403 1.348115263588166 0.0003187458526290761 1.5969093792943334e-05 [-1609.869140625,-1612.689453125] 19.038106173751498 20.5251669527658 5.877253148262021 6.611063196121184 36.19887360402436 47.32301418255929
44.795860174834 -53.67613591875094 1.2578125 0.5678711 [44.795860174834,-53.67613591875094] 4.402522204834487 1.3925260157041657 0.0005195910478452433 2.6888939912580632e-05 [-5009.051757812,-3515.827148438] 18.66420830098401 18.61732893312282 6.325296663213598 6.060688319056843 10.23094868629562 45.37485019695305
44.794830168536855 -53.67772675650047 1.2578125 0.5678711 [44.794830168536855,-53.67772675650047] 14.47884237863354 2.4956724426212253 0.0002902060681071657 2.6915520072292153e-05 [-5009.95703125,-3512.897460938] 18.66420830098401 18.61732893312282 6.325296663213598 6.060688319056843 10.236146797192077 45.34074501266218
45.61973601441477 -54.10556405480287 1.28125 0.79052734 [45.61973601441477,-54.10556405480287] 27.642207229009593 1.0596648898239178 0.0004709637947760999 1.8546619847591137e-05 [-4090.82421875,-2798.764648438] 18.38026903966859 20.04737685927066 5.806580977275369 6.058656136029654 17.965569749888914 43.96820135850385
45.6171761128216 -54.10534675780255 1.28125 0.79052734 [45.6171761128216,-54.10534675780255] 28.679283328760707 0.5146064573395861 0.0009711862390164363 1.8573188002585064e-05 [-4093.541015625,-2799.00390625] 18.38026903966859 20.04737685927066 5.806580977275369 6.058656136029654 17.949341084093703 43.954219436582434
45.23541284494422 -54.96573267591877 1.2578125 0.595459 [45.23541284494422,-54.96573267591877] 28.556012287050677 0.20105856087024027 0.0025584988937445282 1.9116857652956546e-05 [-4401.612304688,-1229.892578125] 20.18183588826815 21.08594550456339 6.088927358024062 6.355978167084626 21.843913560338592 27.166553066466577
45.27992262333714 -54.02544387473084 1.21875 0.16308594 [45.27992262333714,-54.02544387473084] 19.104764537972667 1.8373433150557 0.00029687984057126174 2.027121243218504e-05 [-4457.135742188,-2921.728515625] 18.903084966014944 19.707546198623653 5.6475620884004885 6.008554627003145 15.457032482112368 42.94909864443662
46.630580959895575 -55.038082048637754 1.2578125 0.6010742 [46.630580959895575,-55.038082048637754] 31.269953868880123 1.8668726961545923 0.00024220902379792214 1.6804040766122957e-05 [-2957.446289062,-1173.900390625] 19.80403779521674 21.096557676366537 6.3141387883712685 6.508451726500893 30.145335043801424 35.36206761655262
46.22388067617064 -56.0318373901017 1.2578125 0.61279297 [46.22388067617064,-56.0318373901017] 27.354027481114755 0.6331878318769172 0.0007187776301845546 1.6913590674001676e-05 [-3292.056640625,631.4169921875] 18.75882782776486 19.844003240766217 5.529896928874933 5.947968782580075 34.85703360147102 16.71487716436195
46.214371141199855 -56.0291595558821 1.2578125 0.61279297 [46.214371141199855,-56.0291595558821] 26.39378535411018 1.3913282472687796 0.00032982496954988866 1.705382635500887e-05 [-3301.833984375,627.0546875] 18.75882782776486 19.844003240766217 5.529896928874933 5.947968782580075 34.786657476858295 16.695066939332946
48.94234091333142 -56.2963448218124 1.265625 0.65478516 [48.94234091333142,-56.2963448218124] 20.73684225479361 1.5487330557686072 0.0002793294058180745 1.6076885867174443e-05 [-555.9897460938,1031.937011719] 21.591979403796632 20.486409420505098 6.001227779910263 5.964884830281208 51.56686953756741 29.324568463225432
46.262932205617176 -55.50846480919195 1.25 0.48937988 [46.262932205617176,-55.50846480919195] 25.655823933898578 2.8120762361490317 0.0001631524577641778 1.705019750037634e-05 [-3296.827148438,-311.466796875] 19.160201234347785 20.05057609632191 5.721400224153897 5.979352838200052 31.36394796827426 25.33067230349411
47.38884342830895 -54.25732822032648 1.2265625 0.27648926 [47.38884342830895,-54.25732822032648] -0.1976638552780226 1.8413614807560454 0.0002491231180304434 1.7047542742828536e-05 [-2218.299804688,-2606.436523438] 19.183099579141054 21.291102911965908 6.392905527963322 6.849098904693701 29.272689208682436 53.13642654853811
47.39057533709973 -54.25775538908727 1.2265625 0.27648926 [47.39057533709973,-54.25775538908727] -5.794771122323418 2.011585556516433 0.00022809301858481596 1.7051367102861872e-05 [-2216.45703125,-2605.723632812] 19.183099579141054 21.291102911965908 6.392905527963322 6.849098904693701 29.285659016192426 53.14030157904699
46.72464008752197 -55.91866688671454 1.28125 0.7866211 [46.72464008752197,-55.91866688671454] 28.472120434835716 1.8983634555290818 0.00023832506397150947 1.6813486763909334e-05 [-2797.3125,405.9086914062] 17.95849025691735 19.633321243295605 6.1404619832646645 6.337546812645845 36.77429614763878 21.763260054196962
47.047202698219905 -57.32770537343474 1.25 0.5385742 [47.047202698219905,-57.32770537343474] 20.75747883331416 2.1197608311862424 0.0002153874601990978 1.696742668752926e-05 [-2381.655273438,2927.936767578] 24.753333407902826 22.728531097967192 6.85866706627855 6.187979610396247 48.487929595121045 1.7166875896325564
46.915558290061874 -56.37236036576195 1.3046875 1.0400391 [46.915558290061874,-56.37236036576195] 31.873797818428553 2.377968624686983 0.00018680486836452695 1.650832512772456e-05 [-2574.370117188,1214.522460938] 18.660401897680497 19.768735634036624 6.107346801288792 6.260711028035937 40.99621851925815 15.783876499524013
46.95180540996539 -56.52453616540201 1.2734375 0.7609863 [46.95180540996539,-56.52453616540201] 32.96901510196511 1.4098803002188036 0.0003059238715011719 1.6028921875509703e-05 [-2528.125,1486.893554688] 19.612207378104507 19.989800972255747 6.268449571372548 6.267543857819472 42.264192031958714 13.616504581062827
47.87001845383522 -56.97568509338944 1.2734375 0.74902344 [47.87001845383522,-56.97568509338944] 35.99629364909773 1.1804199040835333 0.0003717197765664909 1.6306505245463044e-05 [-1597.78125,2271.141357422] 23.021240125073177 22.049345817588964 6.718138995761002 6.090813321643486 50.32970322774804 12.220833688547827
48.145862539386684 -54.56995760463369 1.28125 0.7922363 [48.145862539386684,-54.56995760463369] 37.16604180026952 2.5569712064029306 0.00017158766594070588 1.630499265104627e-05 [-1411.877441406,-2063.844726562] 19.503483519464087 21.173611868303723 6.142182817563618 6.70029327942129 35.74842873216062 52.6580341932779
48.146701810413525 -54.56402212206086 1.2734375 0.74194336 [48.146701810413525,-54.56402212206086] 29.59665769856486 2.921341117952142 0.00015143062775265255 1.6440109177479694e-05 [-1411.207519531,-2074.541503906] 19.532486223319076 21.183070250052246 6.1820663286182835 6.698640928115109 35.715080283809016 52.7617187873509
44.119300960042786 -56.04273216675687 1.2421875 0.42956543 [44.119300960042786,-56.04273216675687] 21.520886863269894 0.5327385872476224 0.0012605875544186875 2.4957200781033043e-05 [-5400.989257812,782.966796875] 19.050874973885705 20.892718021386948 5.8477943938333805 6.687742406195121 23.791853857487467 2.1779420548728012
44.854549019091806 -56.10936342339277 1.2578125 0.607666 [44.854549019091806,-56.10936342339277] 21.891154100243597 3.184000975041704 0.00016860826533812178 1.9950820239293506e-05 [-4656.518554688,849.2514648438] 20.437904646611187 21.109612844063196 5.505186487728059 6.40971912656825 28.133206894618752 6.285088189527187
49.54727933631962 -55.71959674546695 1.2421875 0.4058838 [49.54727933631962,-55.71959674546695] 10.17345850017801 2.3455669539437887 0.0001815399055757815 1.5824450665619693e-05 [48.93359375,-8.416015625] 21.241890924013322 19.33285339170781 6.271942219429306 6.068748770977461 51.24131768266636 42.09966209379991
44.63862567871763 -55.20258720158062 1.2265625 0.296875 [44.63862567871763,-55.20258720158062] 82.27849856067584 3.194518941095313 0.0001963303509594684 2.3307817752162012e-05 [-4986.700195312,-764.0810546875] 18.373698407630993 20.048049015516316 5.702888715570876 6.042239257967598 20.288577773426255 19.168492862973835
48.38595970533843 -56.53979499334555 1.3046875 1.0361328 [48.38595970533843,-56.53979499334555] 79.87008685771082 0.4033966638566177 0.0010404841522909393 1.559827149640144e-05 [-1104.552734375,1476.756835938] 20.99343465683025 21.104301008203294 6.104289901513944 6.198791831180272 50.12649635808441 22.17316955065189
47.36396038791848 -55.465423537306954 1.2578125 0.6035156 [47.36396038791848,-55.465423537306954] 33.63773443680687 2.9703328188426212 0.00014926254619452266 1.647648861666677e-05 [-2178.166015625,-432.3720703125] 19.501249526862352 20.321183379433606 6.212564833639379 6.142797706678638 37.18768031195509 33.11444052290199
46.83620882491731 -56.22731780813325 1.2734375 0.7141113 [46.83620882491731,-56.22731780813325] 79.39555472580598 2.5022319232570567 0.00018037856109704543 1.6773403011864854e-05 [-2663.479492188,956.6455078125] 17.885055063950805 19.660656279451015 5.994820815506564 6.236084711596701 39.54721541880019 17.57218072534056
46.40763484165695 -56.59162907787499 1.2890625 0.8574219 [46.40763484165695,-56.59162907787499] 28.346581791517444 2.1077564932356054 0.00021849791797546203 1.711498181634914e-05 [-3062.30859375,1629.493652344] 19.490046797227873 20.664499187194302 6.023716988527466 6.16541567979941 39.84721319528387 9.093242996100344
46.38428122810325 -56.590351171256614 1.2890625 0.87280273 [46.38428122810325,-56.590351171256614] 33.99058093191198 2.306895546830904 0.00020104767966029196 1.723596879017509e-05 [-3085.524414062,1628.231689453] 19.480354927509104 20.578742776161427 5.946797590801306 6.123037240199643 39.714507150084955 8.962656037598208
46.45524623966541 -55.88884730051467 1.265625 0.6437988 [46.45524623966541,-55.88884730051467] 28.23195915609607 0.538728990266165 0.0008439041719588852 1.689554415353943e-05 [-3071.05078125,363.6850585938] 18.37259360010059 19.67285256428228 5.705296317241112 6.066773683627047 35.09606476657757 20.497642718362613
46.457138513811365 -55.880832716428316 1.265625 0.6437988 [46.457138513811365,-55.880832716428316] 28.054801067000323 0.7342746008368265 0.0006209555007126908 1.694445823285371e-05 [-3069.77734375,349.1889648438] 18.37259360010059 19.67285256428228 5.705296317241112 6.066773683627047 35.04981467804805 20.63771182383516
47.20406322792523 -57.023075067400754 1.265625 0.66137695 [47.20406322792523,-57.023075067400754] 34.88912626997234 1.8952353954076318 0.00024245811398660951 1.707688227262689e-05 [-2247.82421875,2374.866210938] 22.460403992661632 21.498509478800933 6.838891010252308 6.332753662948967 47.13324473905959 7.403386891554192
45.320240031536365 -54.970272068093706 1.265625 0.6672363 [45.320240031536365,-54.970272068093706] 27.92656630495949 2.2227631496971667 0.00022579189960215683 1.8651349003876263e-05 [-4313.708984375,-1227.069824219] 20.350150471355754 21.190155847855717 6.084271336577532 6.38930321776319 22.34587213359623 27.678605996823762
45.88861067477168 -54.19352735925878 1.2578125 0.59399414 [45.88861067477168,-54.19352735925878] 8.995299268700517 2.1962202540559534 0.00022372151045006093 1.8259645358560417e-05 [-3799.595703125,-2656.01953125] 18.382255350701364 20.45122717454087 5.94375955422619 6.205158410610225 20.11886945513902 44.34073457917407
45.887179996483745 -54.20135886764164 1.25 0.5048828 [45.887179996483745,-54.20135886764164] 26.373016263285272 0.5639141951341518 0.000881439764217397 1.8472019102546217e-05 [-3800.37890625,-2641.868164062] 18.364939483198683 20.403363907696228 5.951111141169765 6.211275471761817 20.164403495022384 44.200709392082445
45.89251354558876 -54.17947746106184 1.2578125 0.59399414 [45.89251354558876,-54.17947746106184] 25.519440654058297 0.5564255897307555 0.0008747355432729216 1.808808422447298e-05 [-3796.784179688,-2681.48046875] 18.382255350701364 20.45122717454087 5.94375955422619 6.205158410610225 20.044921233793275 44.601088568847445
48.365451665365605 -54.6252517718777 1.25 0.46801758 [48.365451665365605,-54.6252517718777] -24.37223034714815 2.066681127678439 0.00021340924062992646 1.6390620586680586e-05 [-1181.189453125,-1968.459472656] 20.00230689727865 21.593798007551808 6.001527895414182 6.46141551915136 37.392846993347575 53.080289260440395
44.9177707518965 -54.45348352367283 1.2109375 0.1000061 [44.9177707518965,-54.45348352367283] -71.82366829981335 3.221992312107945 0.00017420549105941397 2.0859074877937267e-05 [-4788.985351562,-2128.88671875] 20.227372074694664 20.96827996597029 6.004684364758515 6.19382593349941 16.417073463596807 33.31783350944306
44.91621371341229 -54.45302579399931 1.2109375 0.1000061 [44.91621371341229,-54.45302579399931] -7.803614247844579 2.7974948262391677 0.00019954643430546677 2.0745407351924e-05 [-4790.663085938,-2129.601074219] 20.227372074694664 20.96827996597029 6.004684364758515 6.19382593349941 16.405071751157493 33.31437457218749
48.34591310557902 -55.311119143739134 1.2421875 0.3848877 [48.34591310557902,-55.311119143739134] -4.349093645333575 1.8296745341283192 0.00023487210732451758 1.597033370877477e-05 [-1181.185058594,-733.8466796875] 20.456800745291982 20.18346760161647 6.366010384590257 6.243696670736155 41.72401712795386 41.679742263583876
48.17272186693143 -55.72236265258776 1.234375 0.34570312 [48.17272186693143,-55.72236265258776] 39.307985311787625 2.291845897662104 0.0001861371548823211 1.5853574110501366e-05 [-1344.4296875,9.42431640625] 20.98380810709884 20.17856602369885 6.590789541983819 6.401633721412805 43.45746971713709 33.95816153733108
48.165855309630935 -55.71409219182975 1.234375 0.34570312 [48.165855309630935,-55.71409219182975] 43.82210652950853 1.355933782475901 0.0003157445825333634 1.5910473041974934e-05 [-1351.675292969,-5.326171875] 20.98380810709884 20.17856602369885 6.590789541983819 6.401633721412805 43.363776748769055 34.04999632765498
