data_processed/hvc_rms/hvc_rms_index_12_with_B.ecsv
# %ECSV 1.0
# ---
# datatype:
# - {name: ra_dec_obj.ra, unit: deg, datatype: float64}
# - {name: ra_dec_obj.dec, unit: deg, datatype: float64}
# - {name: 'H-alpha flux [Error]', unit: R, datatype: float32}
# - {name: H-alpha flux, unit: R, datatype: float32}
# - {name: ra_dec_deg, datatype: string, subtype: 'float64[2]'}
# - {name: RM, unit: rad / m2, datatype: float64}
# - {name: RM_uncert, unit: rad / m2, datatype: float64}
# - {name: pol_int, datatype: float64}
# - {name: pol_int_uncert, datatype: float64}
# - {name: ra_dec_pix_offsets, datatype: string, subtype: 'float64[2]'}
# - {name: interpolation_raw, unit: rad / m2, datatype: float64}
# - {name: interpolation_cor, unit: rad / m2, datatype: float64}
# - {name: interpolation_unc, unit: rad / m2, datatype: float64}
# - {name: interpolation_cor_unc, unit: rad / m2, datatype: float64}
# - {name: HI, unit: dex(1 / cm2), datatype: float64}
# - {name: 'HI [Error]', unit: dex(1 / cm2), datatype: float64}
# - {name: pixel location x, datatype: float64}
# - {name: pixel location y, datatype: float64}
# - {name: 'B_virtual [raw]', unit: G, datatype: float64}
# - {name: 'B_virtual_unc [raw]', unit: G, datatype: float64}
# - {name: 'B_virtual [int]', unit: G, datatype: float64}
# - {name: 'B_virtual_unc [int]', unit: G, datatype: float64}
# meta: !!omap
# - __serialized_columns__:
#     ra_dec_obj:
#       __class__: astropy.coordinates.sky_coordinate.SkyCoord
#       dec: !astropy.table.SerializedColumn
#         __class__: astropy.coordinates.angles.Latitude
#         unit: &id001 !astropy.units.Unit {unit: deg}
#         value: !astropy.table.SerializedColumn {name: ra_dec_obj.dec}
#       frame: icrs
#       ra: !astropy.table.SerializedColumn
#         __class__: astropy.coordinates.angles.Longitude
#         unit: *id001
#         value: !astropy.table.SerializedColumn {name: ra_dec_obj.ra}
#         wrap_angle: !astropy.coordinates.Angle
#           unit: *id001
#           value: 360.0
#       representation_type: spherical
# schema: astropy-2.0
ra_dec_obj.ra ra_dec_obj.dec "H-alpha flux [Error]" "H-alpha flux" ra_dec_deg RM RM_uncert pol_int pol_int_uncert ra_dec_pix_offsets interpolation_raw interpolation_cor interpolation_unc interpolation_cor_unc HI "HI [Error]" "pixel location x" "pixel location y" "B_virtual [raw]" "B_virtual_unc [raw]" "B_virtual [int]" "B_virtual_unc [int]"
[from data line 373]
46.2614250196364 -57.064323471060796 1.2578125 0.5991211 [46.2614250196364,-57.064323471060796] 36.607206629662286 0.5072075019210165 0.0009420981141940176 1.775785502299346e-05 [-3166.759765625,2485.855712891] 20.399919617765086 20.567877670087395 6.628321375023308 6.342486648223946 19.397260665893555 9.698630332946777 14.507227357239572 27.810353038201356 6.323062786023534e-06 1.3542033806434779e-06 2.799440405384331e-06 1.6887153375133887e-06
51.4370153061032 -56.462841096786796 1.2734375 0.75024414 [51.4370153061032,-56.462841096786796] 38.35248164309161 0.4226167976755088 0.0010154719909276921 1.5948630894325498e-05 [1926.916992188,1356.274902344] 22.58934071303996 21.19625433561528 5.745659837769555 5.576728654009315 0.0 0.0 38.68392713413721 67.4593878821147 6.624519370800198e-06 1.3664127630418214e-06 2.72272426612556e-06 1.5873553587243403e-06
49.70392978895223 -53.77315166437188 1.2421875 0.39794922 [49.70392978895223,-53.77315166437188] 28.146138085191932 0.5342085004699431 0.0008756498745532416 1.7384010967537332e-05 [217.9340820312,-3511.03515625] 18.769209058090453 22.210497796630346 5.427396539865149 6.172842394548733 0.0 0.0 12.174361661911348 102.26998892897518 4.861605532954008e-06 1.298371589764187e-06 1.6196513319977456e-06 1.5405022326929472e-06
50.32743059042851 -56.640831018853014 1.3046875 1.027832 [50.32743059042851,-56.640831018853014] 48.160168443152756 2.239800661552439 0.00019308410404946 1.6071802726753452e-05 [819.9575195312,1654.605712891] 24.380394468014057 21.876139926629715 6.858540039352225 6.053577239550972 17.915491104125977 8.957745552062988 33.525451665435185 58.67104732928237 8.318574316041265e-06 1.4973581153145318e-06 4.107415389635742e-06 1.780085586840442e-06
47.673908452536416 -55.7278214103197 1.2734375 0.7583008 [47.673908452536416,-55.7278214103197] 37.015661938262554 2.2665129958183488 0.00018936830711454696 1.5950496770431446e-05 [-1849.658203125,30.744140625] 21.2751213547053 20.961835700576685 6.180953057305482 6.016957000323805 0.0 0.0 12.700250677567851 57.81262555365424 6.393614155530963e-06 1.4098331695577303e-06 2.7188205700223413e-06 1.6799783547131391e-06
52.877845654390306 -57.411308248231656 1.28125 0.78271484 [52.877845654390306,-57.411308248231656] 21.405648645303504 0.7527061749936201 0.0006561965990826247 1.835558191668818e-05 [3273.884521484,3115.955078125] 22.86002177322726 23.958223749913543 6.596445892020155 6.2728005539465945 19.078081130981445 9.539040565490723 52.563723009316845 59.665056484806655 3.6973392077980115e-06 1.2662393701628717e-06 -2.5120989687084953e-07 1.6666072494533701e-06
49.741523978265505 -56.84387588336104 1.296875 0.95874023 [49.741523978265505,-56.84387588336104] 2.5701692804916814 0.38696669702449277 0.0011262925952693745 1.6196960482463294e-05 [238.7700195312,2015.556152344] 24.59568377172073 21.403313597514224 6.449751635806432 6.31249129431389 0.0 0.0 31.584473775301376 52.19981503492204 4.4393831781990177e-07 1.2116781789674262e-06 -3.8044069418196213e-06 1.685036380716598e-06
49.739295790576485 -56.84330368870649 1.296875 0.95874023 [49.739295790576485,-56.84330368870649] 2.1402039953456358 0.3850544060456019 0.0011364097909594589 1.6261693349646406e-05 [236.580078125,2014.518798828] 24.59568377172073 21.403313597514224 6.449751635806432 6.31249129431389 0.0 0.0 31.568468691550834 52.19635946814037 3.6967158883146167e-07 1.2114327900115062e-06 -3.878673670808062e-06 1.686565324936233e-06
50.07880397855112 -55.92084122933435 1.28125 0.84936523 [50.07880397855112,-55.92084122933435] 48.47361359173679 0.21866375576885733 0.0020189314255839174 1.640616498100443e-05 [584.7763671875,356.2436523438] 22.3327155992706 19.955903037812046 5.954306326728646 5.907643504812403 17.205093383789062 8.602546691894531 27.559363525648337 68.8433142664328 8.372714840187824e-06 1.4498516277902178e-06 4.515245890285106e-06 1.6452481931465045e-06
50.076244313044945 -55.9194718268713 1.28125 0.84936523 [50.076244313044945,-55.9194718268713] 47.34113795678439 0.3229493389682261 0.0013641927142714284 1.6372644379564246e-05 [582.2153320312,353.7573242188] 22.3327155992706 19.955903037812046 5.954306326728646 5.907643504812403 17.205093383789062 8.602546691894531 27.536091110439315 68.85117128308684 8.177105417816772e-06 1.4402284498751112e-06 4.319636467914055e-06 1.640969306453616e-06
51.184887049061686 -55.98080432580396 1.265625 0.640625 [51.184887049061686,-55.98080432580396] 52.36837177295571 0.7181878010482802 0.0006039248718353535 1.6118686293834785e-05 [1697.516113281,482.3540039062] 22.17818854222816 20.119867801994204 5.855181520693827 5.5270457723098705 0.0 0.0 34.29980566935035 73.892486632579 9.045445779900424e-06 1.4909053461026038e-06 5.214667866374873e-06 1.6576748364767601e-06
51.184978533458526 -55.97955324180053 1.265625 0.640625 [51.184978533458526,-55.97955324180053] 50.92429404282589 0.6965027250908952 0.0006218256043177985 1.609533883307521e-05 [1697.663085938,480.1049804688] 22.17818854222816 20.119867801994204 5.855181520693827 5.5270457723098705 0.0 0.0 34.29274225662084 73.9132156671244 8.796014178962305e-06 1.4769343133601172e-06 4.965236265436754e-06 1.6504043744643959e-06
48.014980165758104 -56.0848807690348 1.234375 0.36328125 [48.014980165758104,-56.0848807690348] 44.40187091746198 2.8254331483958053 0.00015433495871910405 1.6205336345424197e-05 [-1490.291015625,665.0454101562] 21.40923775043637 20.767371861971423 6.316031614346711 6.076675308634438 17.569671630859375 8.784835815429688 17.010504256973036 54.17725288456518 7.669413852531762e-06 1.4953310975615095e-06 3.97145470841e-06 1.7418263469738027e-06
46.31611235268321 -56.62048334630431 1.28125 0.7783203 [46.31611235268321,-56.62048334630431] 0.38734210064709595 1.9849728109925904 0.00023787485807573298 1.7547360874790855e-05 [-3150.470703125,1685.473144531] 19.64648728687268 20.70615716061949 5.985085709624269 6.201832646055712 18.731491088867188 9.365745544433594 11.571547672133647 35.05159473096455 6.690454278140122e-08 1.2567791277878782e-06 -3.326579529806935e-06 1.6580106812621054e-06
50.533107643076775 -57.44009022122805 1.28125 0.8347168 [50.533107643076775,-57.44009022122805] 36.465255501078225 1.0618895721851604 0.00042651524520868585 1.683149212533983e-05 [1001.744140625,3095.450439453] 24.684343800110977 24.0886843444421 5.724135182342992 5.975722297770096 0.0 0.0 39.792547307612494 47.17731479908616 6.298543955410094e-06 1.3627229010658984e-06 2.034884691296164e-06 1.5845590111679127e-06
48.57257849148765 -56.113582640856784 1.2109375 0.1000061 [48.57257849148765,-56.113582640856784] 50.85968901382362 2.633612934970541 0.0001655638444000986 1.620414616342279e-05 [-929.7075195312,706.9614257812] 21.53462138716036 20.89193837931439 6.29280599582333 6.168097350025823 0.0 0.0 20.298263383435028 57.069420874896196 8.784855128811146e-06 1.54013154562067e-06 5.065238811680631e-06 1.756143761930357e-06
45.312370767746486 -56.27864075509244 1.234375 0.33544922 [45.312370767746486,-56.27864075509244] 27.325479945280385 0.4258653003600469 0.0011603078783536118 1.8363446721671536e-05 [-4179.881835938,1124.141113281] 20.777706920760004 20.33747081698922 5.768929817167926 6.236666363106244 0.0 0.0 3.7920864075420013 33.76047430802191 4.7198554945799415e-06 1.2923971413758071e-06 1.1309789452529865e-06 1.572221962471323e-06
50.09317384826626 -54.184688535066094 1.2421875 0.41760254 [50.09317384826626,-54.184688535066094] 21.772821302755155 2.6775769878636226 0.0001631486391832234 1.623432087857372e-05 [625.787109375,-2768.260742188] 19.569098613450905 21.691366074080573 5.529053338525964 6.0563319022263995 0.0 0.0 17.009823277672695 97.53404881299207 3.7607599377615126e-06 1.3433786005166505e-06 3.8064299929852244e-07 1.6090923954725574e-06
53.43797308759889 -57.75213239100562 1.3203125 1.1665039 [53.43797308759889,-57.75213239100562] 24.09723504604702 2.287345305164907 0.0002559357312025836 2.175561462716949e-05 [3780.247070312,3756.733886719] 23.993453557848518 26.081624703936203 6.925480717152498 6.516349729179421 19.274816513061523 9.637408256530762 57.7206021383098 57.00088394477325 4.162249573073411e-06 1.3326087839154607e-06 1.792589291351106e-08 1.7461208720007755e-06
52.43284994283264 -54.56094740757641 1.2109375 0.1000061 [52.43284994283264,-54.56094740757641] 26.33325329612846 2.7419479960201345 0.00017140614432547378 1.7466034057974304e-05 [3060.696289062,-2029.132324219] 21.863461182988036 18.095812575062062 5.904318501677018 4.478543013410129 0.0 0.0 33.52936243980389 103.67220448930857 4.548470896349775e-06 1.3692011954196796e-06 7.720549797142621e-07 1.6527869295982371e-06
45.61467715785892 -56.36769094030426 1.2265625 0.24414062 [45.61467715785892,-56.36769094030426] 33.19045197545336 1.9135174256191347 0.0002490140628719562 1.770781593014471e-05 [-3869.504882812,1266.59765625] 20.082329000183382 19.86747011854809 5.979317416141111 6.325479865392411 18.08542823791504 9.04271411895752 6.0369514936840005 34.396898169877204 5.732896089570506e-06 1.3677001616642416e-06 2.264130268611929e-06 1.6384468516042664e-06
49.155582237787925 -55.79069147825657 1.234375 0.33911133 [49.155582237787925,-55.79069147825657] 32.65507269926097 0.5015528083130005 0.0008536406527880843 1.5911109292007387e-05 [-347.5458984375,120.4038085938] 21.85521303236129 19.82820665707486 6.274221596108899 5.9204092137837865 0.0 0.0 21.462209029228802 65.69064257480431 5.640421489911834e-06 1.326380236612707e-06 1.8654302537991785e-06 1.6357204575971388e-06
49.46355828111795 -53.59318936505287 1.234375 0.3322754 [49.46355828111795,-53.59318936505287] 31.482596749975006 2.8252528751999297 0.00017745880123493302 1.863217575491989e-05 [-37.931640625,-3835.0703125] 18.766914806793075 21.92447636890473 5.728164730518104 6.388394323000945 0.0 0.0 9.618787979604463 103.94174375949956 5.437902922531428e-06 1.4033813796758246e-06 2.1963450013336028e-06 1.6501300601663465e-06
44.3711321577255 -57.174545292224074 1.25 0.53466797 [44.3711321577255,-57.174545292224074] -0.21015466554378023 2.191830841271208 0.0002697168944781084 2.1969687896174592e-05 [-4996.795898438,2795.165039062] 18.785739059612204 20.410520461925614 6.056181908921161 6.638029812891601 19.045654296875 9.5228271484375 5.729753111084506 13.540719400830312 -3.6299441212550065e-08 1.266981588487548e-06 -3.28110882416979e-06 1.6725968693478799e-06
44.38281274544593 -57.155403111482016 1.25 0.47912598 [44.38281274544593,-57.155403111482016] 26.51731621347738 1.0694731491328255 0.0005534194682148772 2.1995458594928385e-05 [-4988.026367188,2759.974365234] 18.70701219033441 20.474215458052175 6.049246905326119 6.629402268392549 19.045654296875 9.5228271484375 5.640364133728781 13.910974821605805 4.5802635811822975e-06 1.298912932042612e-06 1.3490524752645076e-06 1.613803115621875e-06
53.786552371976526 -57.662055907001196 1.28125 0.8432617 [53.786552371976526,-57.662055907001196] 29.960440978127014 3.3044021020169425 0.00018027554110112978 2.2138000896673175e-05 [4124.421875,3614.849121094] 23.661592799774326 26.36992736777465 6.890421666910655 6.422050693727319 18.601499557495117 9.300749778747559 59.13971838650684 60.057527748503844 5.174985114765561e-06 1.4253702140601155e-06 1.0879828366658808e-06 1.7930262681969792e-06
46.47066113498813 -57.66112897460197 1.2578125 0.5551758 [46.47066113498813,-57.66112897460197] 20.909945539419088 0.31781354877592516 0.0016493753922363714 1.9480523422853098e-05 [-2914.489257812,3549.366455078] 23.160342395408072 21.962521436247005 6.8091959775565645 6.294654705007675 19.242591857910156 9.621295928955078 19.953684295903713 20.00444853747058 3.6117177646367538e-06 1.2584792933602654e-06 -3.8870490059076066e-07 1.6880703926671218e-06
46.44856212301183 -57.64314649647873 1.2265625 0.24621582 [46.44856212301183,-57.64314649647873] 25.980337137169823 0.7703933917531197 0.0006772843806595708 1.9390647532150362e-05 [-2937.193359375,3517.980957031] 22.88362023148842 21.80589704977661 6.827112466253537 6.339555732070774 19.242591857910156 9.621295928955078 19.709283727547245 20.13832468541841 4.487512652420571e-06 1.2896102189557023e-06 5.348874505299744e-07 1.6949320050158876e-06
46.468849623914025 -57.655380192758344 1.2578125 0.5551758 [46.468849623914025,-57.655380192758344] 20.52400870178429 0.3060346531230663 0.001710393440417033 1.945249583719174e-05 [-2916.693359375,3539.110839844] 23.160342395408072 21.962521436247005 6.8091959775565645 6.294654705007675 19.242591857910156 9.621295928955078 19.90220482290033 20.080417159455237 3.545055949096126e-06 1.2566638051905586e-06 -4.553667161313885e-07 1.688157309542716e-06
52.381133954539926 -54.47087478213641 1.2265625 0.27490234 [52.381133954539926,-54.47087478213641] 10.350259503179892 0.07519638357079327 0.006327015083344317 1.7680906498179197e-05 [3013.425292969,-2193.351074219] 22.15879267924592 18.504328418601073 5.859102168610368 4.654216068744099 0.0 0.0 32.71169093177923 104.91487761309986 1.7877720458794527e-06 1.2211433969880518e-06 -2.039655673224915e-06 1.5887647451641843e-06
52.26083747153641 -57.08694459468266 1.28125 0.7939453 [52.26083747153641,-57.08694459468266] 34.83842471376587 0.39922800827445337 0.001186555173260889 1.7604254661385458e-05 [2700.215332031,2506.311767578] 22.753681959633223 23.31046453872857 6.9739330797601 6.2463476276309695 18.31554412841797 9.157772064208984 47.14715383903217 61.73814083655975 6.0175459182073015e-06 1.3403707160059586e-06 2.0873645990078814e-06 1.7197060967493827e-06
52.255374953316476 -57.085300445283664 1.28125 0.7939453 [52.255374953316476,-57.085300445283664] 43.79390082575006 2.0303205030056923 0.0002330227654186021 1.7582136826699383e-05 [2694.998291016,2503.143066406] 22.753681959633223 23.31046453872857 6.9739330797601 6.2463476276309695 18.31554412841797 9.157772064208984 47.106446101061806 61.73675224994895 7.564400839634896e-06 1.4512928380580809e-06 3.634219520435476e-06 1.7765866655434977e-06
46.07524085325967 -57.06981660287554 1.2421875 0.3955078 [46.07524085325967,-57.06981660287554] 21.60963261163987 0.337174634026145 0.0014330995322139044 1.7957255097180068e-05 [-3348.166015625,2504.478759766] 20.331184463600138 20.05619047395671 6.623769649124279 6.43191635054626 19.05257797241211 9.526288986206055 13.585082216152614 26.524295021500166 3.7325728009955276e-06 1.2618382833799197e-06 2.2082285574285332e-07 1.66574744881905e-06
48.88467007829564 -54.396537713716306 1.234375 0.37878418 [48.88467007829564,-54.396537713716306] 22.98230491111274 2.3229516954881 0.00019055833948663023 1.645041437005383e-05 [-643.7978515625,-2386.86328125] 19.683142398333448 21.34965178939806 6.008376398371176 6.2670780455114565 0.0 0.0 11.016345603495324 87.00389720853332 3.969670736984159e-06 1.3290879107675655e-06 5.698553271392041e-07 1.6440502759804159e-06
47.923961983359305 -54.40382778159346 1.2265625 0.28295898 [47.923961983359305,-54.40382778159346] 30.305598924289395 0.47293831758576255 0.000930472179791237 1.635372151471768e-05 [-1650.043945312,-2357.840332031] 19.022316079092622 20.970928200804813 6.4792459231748785 6.893521117698681 0.0 0.0 5.371982751657811 81.05242269789301 5.234603303794801e-06 1.3108167948814667e-06 1.9489306186184586e-06 1.6600188137865895e-06
47.923282871660405 -54.39893723223588 1.2265625 0.28295898 [47.923282871660405,-54.39893723223588] 33.14417792084343 0.7017732620314863 0.0006239053575062139 1.6271374296905682e-05 [-1650.952148438,-2366.622558594] 19.022316079092622 20.970928200804813 6.4792459231748785 6.893521117698681 0.0 0.0 5.336373602619801 81.12968807867537 5.724903298543797e-06 1.3323742781652157e-06 2.439230613367455e-06 1.6683183641332325e-06
