data_processed/hvc_rms/hvc_rms_index_6_with_B.ecsv
# %ECSV 1.0
# ---
# datatype:
# - {name: ra_dec_obj.ra, unit: deg, datatype: float64}
# - {name: ra_dec_obj.dec, unit: deg, datatype: float64}
# - {name: 'H-alpha flux [Error]', unit: R, datatype: float32}
# - {name: H-alpha flux, unit: R, datatype: float32}
# - {name: ra_dec_deg, datatype: string, subtype: 'float64[2]'}
# - {name: RM, unit: rad / m2, datatype: float64}
# - {name: RM_uncert, unit: rad / m2, datatype: float64}
# - {name: pol_int, datatype: float64}
# - {name: pol_int_uncert, datatype: float64}
# - {name: ra_dec_pix_offsets, datatype: string, subtype: 'float64[2]'}
# - {name: interpolation_raw, unit: rad / m2, datatype: float64}
# - {name: interpolation_cor, unit: rad / m2, datatype: float64}
# - {name: interpolation_unc, unit: rad / m2, datatype: float64}
# - {name: interpolation_cor_unc, unit: rad / m2, datatype: float64}
# - {name: HI, unit: dex(1 / cm2), datatype: float64}
# - {name: 'HI [Error]', unit: dex(1 / cm2), datatype: float64}
# - {name: pixel location x, datatype: float64}
# - {name: pixel location y, datatype: float64}
# - {name: 'B_virtual [raw]', unit: G, datatype: float64}
# - {name: 'B_virtual_unc [raw]', unit: G, datatype: float64}
# - {name: 'B_virtual [int]', unit: G, datatype: float64}
# - {name: 'B_virtual_unc [int]', unit: G, datatype: float64}
# meta: !!omap
# - __serialized_columns__:
#     ra_dec_obj:
#       __class__: astropy.coordinates.sky_coordinate.SkyCoord
#       dec: !astropy.table.SerializedColumn
#         __class__: astropy.coordinates.angles.Latitude
#         unit: &id001 !astropy.units.Unit {unit: deg}
#         value: !astropy.table.SerializedColumn {name: ra_dec_obj.dec}
#       frame: icrs
#       ra: !astropy.table.SerializedColumn
#         __class__: astropy.coordinates.angles.Longitude
#         unit: *id001
#         value: !astropy.table.SerializedColumn {name: ra_dec_obj.ra}
#         wrap_angle: !astropy.coordinates.Angle
#           unit: *id001
#           value: 360.0
#       representation_type: spherical
# schema: astropy-2.0
ra_dec_obj.ra ra_dec_obj.dec "H-alpha flux [Error]" "H-alpha flux" ra_dec_deg RM RM_uncert pol_int pol_int_uncert ra_dec_pix_offsets interpolation_raw interpolation_cor interpolation_unc interpolation_cor_unc HI "HI [Error]" "pixel location x" "pixel location y" "B_virtual [raw]" "B_virtual_unc [raw]" "B_virtual [int]" "B_virtual_unc [int]"
82.71447725761413 -53.36965195112154 1.296875 1.0004883 [82.71447725761413,-53.36965195112154] 37.71885373422202 1.9553056295488762 0.0002977999275885045 2.16395358678796e-05 [-2989.389648438,-4177.059570312] 34.10922070785058 35.532957297609066 8.19900966481483 8.786489944010505 0.0 0.0 47.57789841217004 39.69180800778349 2.2395569756153615e-05 1.0069731901992613e-05 2.1432196430421258e-06 6.563485343944459e-06
83.22196918897666 -54.71369168204896 1.3671875 1.6513672 [83.22196918897666,-54.71369168204896] 11.945294394223563 1.8810721031413147 0.00023888448610470488 1.669944709165067e-05 [-2367.055664062,-1780.061035156] 36.19322609472013 38.74104349913972 8.439111560628394 9.21917909579742 0.0 0.0 50.71596064410562 20.318366714093372 7.092518657874913e-06 5.179183923834685e-06 -1.4397209673108856e-05 8.822609092913899e-06
83.21431002601948 -54.72050096228277 1.375 1.7856445 [83.21431002601948,-54.72050096228277] 11.704550403194652 0.9809475854382897 0.00045871519338777455 1.672236238257688e-05 [-2374.614257812,-1767.55078125] 36.18645581460372 38.697847975154474 8.404912001506114 9.216921838842321 0.0 0.0 50.661016677160205 20.222382517210008 6.949576910958276e-06 5.058110061049537e-06 -1.4536131566143287e-05 8.797187988560024e-06
83.78529384612338 -55.467014197014144 1.375 1.7822266 [83.78529384612338,-55.467014197014144] 32.424776359603584 1.530708769773579 0.0002863228995492984 1.6287609819970977e-05 [-1748.399414062,-441.4462890625] 37.43291777701524 39.37110764704102 8.560972558868725 9.514743030791083 0.0 0.0 54.378322722762505 9.453510931709843 1.9252211265644405e-05 8.903470117158118e-06 -2.9735840132533706e-06 6.737761061948802e-06
84.8806457728567 -54.10622417084241 1.421875 2.21875 [84.8806457728567,-54.10622417084241] 43.88088764982308 1.6523940400857648 0.0002656693805695037 1.6314126526175218e-05 [-652.5991210938,-2909.196289062] 38.861196788238715 40.29908067734482 9.312655358469227 9.411763840385243 0.0 0.0 62.56772945725356 28.436501100985197 2.6054277450958758e-05 1.141357518892622e-05 2.9804414958385323e-06 7.090640428682252e-06
80.80129980213184 -53.7840690095449 1.2890625 0.85424805 [80.80129980213184,-53.7840690095449] 44.16680713393171 0.5097862650882982 0.0013837836768582964 2.6215916000220575e-05 [-4990.440429688,-3322.493164062] 31.54186010537661 31.45868228233166 8.330667135948481 7.525741530882723 19.07956886291504 9.53978443145752 33.8717168923788 33.958616887680364 2.622404214731242e-05 1.1439557082887089e-05 7.496062415842177e-06 7.148842747778e-06
83.50198342051858 -54.918182327469914 1.390625 1.9047852 [83.50198342051858,-54.918182327469914] 9.888152598765686 2.6035511637823516 0.00016705581555517962 1.6163537633723512e-05 [-2065.61328125,-1421.151367188] 36.436164397639416 39.21668432687619 8.579399755400498 9.365410443752321 0.0 0.0 52.593186428304534 17.340196850116854 5.871090697653624e-06 5.035170449233913e-06 -1.576288225295214e-05 9.306993226136264e-06
82.6539455194571 -54.09637436432331 1.328125 1.3017578 [82.6539455194571,-54.09637436432331] 23.05192207178883 0.6547939279357977 0.0007264171146802054 1.7676627673836966e-05 [-3001.953125,-2868.194335938] 35.03100479939207 36.37873314218191 8.196596066595063 8.31323242853341 0.0 0.0 46.916170733257104 29.27381598395732 1.3687078944919378e-05 6.952938115320667e-06 -7.112580481133932e-06 7.032762426331569e-06
84.18237266254945 -55.08293927726375 1.375 1.7509766 [84.18237266254945,-55.08293927726375] 55.35930408999333 1.7670095668444243 0.00024419361874266775 1.6035478166275372e-05 [-1356.434570312,-1141.493164062] 38.27748936138938 40.38576043279817 9.011663630802264 9.63594438718216 0.0 0.0 57.217951981885335 14.833931932561654 3.2869587319264206e-05 1.4024442251528735e-05 1.0142327654274686e-05 7.998870237551315e-06
81.21247881593484 -55.4490851382715 1.328125 1.2607422 [81.21247881593484,-55.4490851382715] -3.121987954211317 1.5265199731147006 0.00033544884790059974 1.902994349758008e-05 [-4371.828125,-360.0883789062] 34.54693672381428 32.87284109019084 8.25712556186173 7.641532468040919 0.0 0.0 36.8746232222918 9.797334019081063 -1.8536803769032398e-06 4.320071678022545e-06 -2.236592437857175e-05 1.1166482438738236e-05
82.23578643817042 -55.75193399732444 1.375 1.753418 [82.23578643817042,-55.75193399732444] 27.49048929678477 3.1803410567736754 0.00014441219519625644 1.706814283821887e-05 [-3303.85546875,127.5883789062] 34.979029128470586 35.08892800157766 8.374108818057627 8.16681174926709 0.0 0.0 43.84323969024126 5.492022629950952 1.63224782761187e-05 8.050493710001595e-06 -4.446320594840677e-06 6.98749083795795e-06
84.83430484593883 -53.21842574749681 1.4765625 2.78125 [84.83430484593883,-53.21842574749681] 53.2422557092827 1.108959823024683 0.0005723993652497545 2.3589767409400048e-05 [-716.4560546875,-4505.657226562] 37.62797881254592 37.956571458816995 8.10976432951353 8.814073094301897 0.0 0.0 62.84979256822271 41.00395569709235 3.16125898234909e-05 1.351446348125799e-05 9.27097705292923e-06 7.421531356958148e-06
84.84556582230826 -53.24277892380674 1.46875 2.7109375 [84.84556582230826,-53.24277892380674] 47.24029198620469 1.6389799637804534 0.00038468813541976844 2.3431017023944466e-05 [-703.9189453125,-4461.98046875] 37.62153794817081 38.02453522017234 8.141679350724575 8.819775866447305 0.0 0.0 62.91246383411624 40.65408027302965 2.804892380698782e-05 1.216818040857438e-05 5.711135299708892e-06 6.853703543709746e-06
81.87252017134934 -53.64705260986379 1.3828125 1.809082 [81.87252017134934,-53.64705260986379] 31.739619393824782 2.92174517123362 0.00018768009809933317 2.037836139654507e-05 [-3866.8046875,-3636.982421875] 33.23416273468289 33.49817155215401 8.04109303078218 8.096176954622786 0.0 0.0 41.49188808729309 35.870673074753086 1.8845399310829038e-05 8.882419228878055e-06 -8.873851225604588e-07 6.573335884553635e-06
84.32682830752506 -53.74565483196982 1.4296875 2.303711 [84.32682830752506,-53.74565483196982] 40.52467152589145 2.423155553339273 0.00019433447539021244 1.7500072577230662e-05 [-1247.715820312,-3550.254882812] 37.86195465207351 39.81446120691486 8.685070434130223 9.14861095764813 0.0 0.0 58.880240359506615 33.77835204866733 2.4061524096101575e-05 1.0718905176826153e-05 1.5809881686402466e-06 6.808018191603829e-06
84.0711979404822 -53.50649250272888 1.375 1.7753906 [84.0711979404822,-53.50649250272888] 50.638700082956916 0.5171381542288528 0.0010197392402853678 1.9597668887049148e-05 [-1528.3984375,-3975.263671875] 38.898391768966235 40.42424549679701 8.426350434812413 9.376442707339034 0.0 0.0 57.203052043096704 37.278925691926815 3.0066728646100372e-05 1.2906020447387496e-05 6.970808170826606e-06 7.1006877985483704e-06
84.25469937693855 -55.97966394978489 1.453125 2.569336 [84.25469937693855,-55.97966394978489] 30.29595029472362 0.8816084429093529 0.000499540472046534 1.636647395472122e-05 [-1253.014648438,470.9487304688] 37.74663009553182 40.85976332839829 8.145342271404663 9.605110251899854 0.0 0.0 57.408725515505125 2.067463700226881 1.7988220769785805e-05 8.42324857427469e-06 -4.4238412011543164e-06 6.645905864832968e-06
83.3513873682627 -55.826938565721086 1.4609375 2.6298828 [83.3513873682627,-55.826938565721086] 30.39825327972865 0.14976961780246423 0.002941162243957282 1.637010280935375e-05 [-2170.845703125,218.4375] 36.25545985635099 39.47665768904228 8.18904609967278 9.21320101654784 0.0 0.0 51.36571641990918 4.374060025422068 1.804896316808579e-05 8.42889596656293e-06 -3.4777164594461893e-06 6.551322573844433e-06
81.52429200043666 -53.306709211288315 1.375 1.7875977 [81.52429200043666,-53.306709211288315] 35.83857890847131 2.2226613839594522 0.00030479618251967133 2.517627830231495e-05 [-4271.666992188,-4227.79296875] 31.198388942704195 32.243634151289754 8.030604809700563 7.620817148562537 0.0 0.0 39.07016368595032 40.83783507338785 2.1279156560843978e-05 9.682259094033303e-06 2.755112835410902e-06 6.557762646546962e-06
84.41641233383699 -53.778095277638116 1.4296875 2.3066406 [84.41641233383699,-53.778095277638116] 40.08267155975559 2.811266650889202 0.0001666351525594842 1.7409141986339358e-05 [-1151.484375,-3493.455078125] 37.647646929839134 39.592217807517656 8.801785964945921 9.13974075696828 0.0 0.0 59.495629480437174 33.2809762331035 2.379908661208991e-05 1.0655428884869387e-05 1.4457958967021326e-06 6.907771151861795e-06
83.92795579824471 -55.700206699702434 1.359375 1.5854492 [83.92795579824471,-55.700206699702434] 22.95143741892288 0.3027270086390471 0.001461984613471203 1.6447605266136965e-05 [-1593.389648438,-25.2587890625] 38.16265465621792 40.03354761180444 8.08172969358483 9.159127456895781 0.0 0.0 55.28364877217007 6.104221177073214 1.3627416181343918e-05 6.924994309893644e-06 -9.03166037638004e-06 7.334505334379708e-06
83.92725326623608 -55.70234671090104 1.359375 1.5854492 [83.92725326623608,-55.70234671090104] 3.3294284305109008 3.0474099400551067 0.00014536936415863262 1.6463132510864245e-05 [-1594.014648438,-21.3916015625] 38.16265465621792 40.03354761180444 8.08172969358483 9.159127456895781 0.0 0.0 55.278337865114054 6.073854489093264 1.9768481616390207e-06 4.60361843806149e-06 -2.0682228396084932e-05 1.0685055972429196e-05
83.92453016181852 -55.7077025307594 1.359375 1.5854492 [83.92453016181852,-55.7077025307594] 28.407898777331436 0.97987581131866 0.0004507240179620464 1.6413093418015497e-05 [-1596.556640625,-11.69091796875] 38.16265465621792 40.03354761180444 8.08172969358483 9.159127456895781 0.0 0.0 55.25852922589843 5.998022496729163 1.686719016374158e-05 8.035351288752099e-06 -5.791886393982373e-06 6.795230796090326e-06
82.8435437405471 -53.26941688197507 1.3515625 1.5268555 [82.8435437405471,-53.26941688197507] 34.10432647501613 1.867135743402542 0.0003351719676678117 2.325692460940447e-05 [-2857.638671875,-4362.6328125] 33.97346902891649 36.250637704987405 8.29580976634395 8.951216902464731 0.0 0.0 48.54187748668937 41.093106023669634 2.024944416232043e-05 9.2831058273618e-06 7.769660984097343e-08 6.539597256059854e-06
84.73972323974365 -55.28166973505624 1.390625 1.8676758 [84.73972323974365,-55.28166973505624] 51.299609488417616 0.46698557953311437 0.0009297960480140076 1.6136148013054263e-05 [-778.3950195312,-792.419921875] 39.097479558574705 40.941375571711305 9.276493297533872 10.162961288781274 0.0 0.0 60.950392911500785 11.854496457508958 3.045914361175093e-05 1.305633368617561e-05 7.245014759542061e-06 7.5067566575759964e-06
84.73764060927593 -55.28204737050376 1.390625 1.8676758 [84.73764060927593,-55.28204737050376] 50.00497678310451 0.4479615458760333 0.0009678813062790715 1.6112819416850905e-05 [-780.5224609375,-791.716796875] 39.097479558574705 40.941375571711305 9.276493297533872 10.162961288781274 0.0 0.0 60.93599724429873 11.849785921566308 2.9690455430908063e-05 1.2760521907770995e-05 6.476326578699188e-06 7.389487173997205e-06
80.89778123544853 -55.62577441776168 1.34375 1.4272461 [80.89778123544853,-55.62577441776168] 8.755657759173195 2.723418252974929 0.00019947643202135036 2.01889921213876e-05 [-4671.080078125,-22.17431640625] 34.589094296890146 33.05202795476937 8.250625696439942 7.903909817694272 0.0 0.0 34.77531689574835 7.186734843705835 5.198671876093145e-06 4.934529010045717e-06 -1.533860318498198e-05 9.094873587704032e-06
85.00827022869275 -54.920955569066166 1.40625 2.0664062 [85.00827022869275,-54.920955569066166] 47.06178274017023 1.205103294591271 0.0003547316410489159 1.5886671116906466e-05 [-507.673828125,-1444.135253906] 39.20606860061776 41.01691308651608 9.61389486602823 9.736772636155962 0.0 0.0 62.97380921376703 16.86783356210435 2.7942933940491537e-05 1.2109919568821728e-05 4.664330343557783e-06 7.34582222816185e-06
82.03534706229631 -55.66182315176769 1.3984375 1.987793 [82.03534706229631,-55.66182315176769] 4.879978286706542 0.29505010374423946 0.0015675605598180634 1.7188136850403878e-05 [-3514.6484375,-24.56201171875] 34.180543715259056 33.93905144452486 8.082978848689523 7.853892361421713 0.0 0.0 42.48380032779539 6.784642704835278 2.8974871532030017e-06 4.323271794279842e-06 -1.7397210996221847e-05 9.502068073369017e-06
82.01995107472982 -55.660469098813614 1.3984375 1.987793 [82.01995107472982,-55.660469098813614] 2.2635851095514843 0.16996745718310496 0.0027285337321226364 1.723470314994881e-05 [-3530.374023438,-26.2138671875] 34.180543715259056 33.93905144452486 8.082978848689523 7.853892361421713 0.0 0.0 42.379505029927486 6.803554662495344 1.3440036798879803e-06 4.193175018031712e-06 -1.8950694469536866e-05 9.979372065733771e-06
82.02389498486781 -55.66154090461659 1.3984375 1.987793 [82.02389498486781,-55.66154090461659] 1.536741771544485 0.1958188800678447 0.0023610054313500726 1.7181467372300895e-05 [-3526.280273438,-24.48779296875] 34.180543715259056 33.93905144452486 8.082978848689523 7.853892361421713 0.0 0.0 42.40626610903405 6.788254022540059 9.124404411736946e-07 4.1743664912424665e-06 -1.9382257708251154e-05 1.011540692076146e-05
82.92469038034159 -54.67135611053177 1.40625 2.0332031 [82.92469038034159,-54.67135611053177] 14.47166781554694 1.5659300984898348 0.0002905974573009879 1.6911139996652957e-05 [-2678.680664062,-1845.385742188] 35.630022777528616 37.7869412131812 8.083028966797674 8.908985900040555 0.0 0.0 48.665350957639475 20.976707626536154 8.592552900326082e-06 5.5067274967947405e-06 -1.2562773455827373e-05 8.198729297895132e-06
82.50337186330938 -55.54886613326343 1.328125 1.2949219 [82.50337186330938,-55.54886613326343] 32.6407494485055 2.3665562903689477 0.00019013063120582914 1.6721592365691243e-05 [-3048.97265625,-249.82421875] 34.75756295133238 35.85943248336874 7.949361004519872 7.9349123392836445 0.0 0.0 45.65525702358377 8.414762554950357 1.9380445289192327e-05 9.01320087425156e-06 -1.2568580370276477e-06 6.46431133245904e-06
82.94385504118681 -54.426158824440606 1.3984375 1.9492188 [82.94385504118681,-54.426158824440606] 9.584208486634674 2.990133849886977 0.00015558922384431654 1.728935719923241e-05 [-2674.787109375,-2287.08984375] 35.894645704008084 38.22666655226148 8.429192795495805 8.982512553571187 0.0 0.0 48.859894401837664 24.488453653034412 5.690623878243724e-06 5.076507129355108e-06 -1.5621822342972636e-05 9.26019128975607e-06
81.38154593107205 -54.59476859841833 1.265625 0.6647949 [81.38154593107205,-54.59476859841833] 21.76146351176907 3.0414426593341726 0.0001668156943952967 1.885494386938195e-05 [-4290.19140625,-1905.4921875] 34.17761914122112 32.620080953570934 7.56462867247271 7.387665023086331 0.0 0.0 37.95577132868175 22.193395102193108 1.2920869162883323e-05 6.934595696558552e-06 -7.372092520679252e-06 7.0483041894483995e-06
82.38539159043064 -54.76546854302289 1.328125 1.3095703 [82.38539159043064,-54.76546854302289] 9.871552346570397 2.3480005605686687 0.00019882108547375634 1.734879598595682e-05 [-3231.817382812,-1653.155273438] 33.964209164329155 35.368407867039565 7.785105888145701 8.210354808000064 0.0 0.0 44.91098328670432 19.691572892232898 5.861234297757991e-06 4.988763724731554e-06 -1.4305015210036451e-05 8.623059779261755e-06
84.1462325697974 -54.677718984072676 1.390625 1.8691406 [84.1462325697974,-54.677718984072676] 33.52441951133271 1.9092071270192408 0.00022614389998155645 1.60452551512754e-05 [-1407.754882812,-1869.954101562] 38.37902402460271 41.02548929462454 8.91978937154202 9.330650160102568 0.0 0.0 57.13568861017848 20.605334237938678 1.99051243972299e-05 9.16243590284031e-06 -2.8824214749886233e-06 6.926729969298268e-06
83.19354269356656 -54.30193692921567 1.375 1.7329102 [83.19354269356656,-54.30193692921567] 28.088498447566348 3.127276160275859 0.00014717423528675346 1.7104355926319296e-05 [-2420.875,-2519.669921875] 36.28952710777409 38.86874416063048 8.737648090310026 9.058132286988808 0.0 0.0 50.64201849289475 26.215767342057916 1.667754621496743e-05 8.162490656272464e-06 -4.869360843414447e-06 7.179868114698994e-06
