data_processed/hvc_rms/hvc_rms_index_12_with_B.ecsv
# %ECSV 1.0
# ---
# datatype:
# - {name: ra_dec_obj.ra, unit: deg, datatype: float64}
# - {name: ra_dec_obj.dec, unit: deg, datatype: float64}
# - {name: 'H-alpha flux [Error]', unit: R, datatype: float32}
# - {name: H-alpha flux, unit: R, datatype: float32}
# - {name: ra_dec_deg, datatype: string, subtype: 'float64[2]'}
# - {name: RM, unit: rad / m2, datatype: float64}
# - {name: RM_uncert, unit: rad / m2, datatype: float64}
# - {name: pol_int, datatype: float64}
# - {name: pol_int_uncert, datatype: float64}
# - {name: ra_dec_pix_offsets, datatype: string, subtype: 'float64[2]'}
# - {name: interpolation_raw, unit: rad / m2, datatype: float64}
# - {name: interpolation_cor, unit: rad / m2, datatype: float64}
# - {name: interpolation_unc, unit: rad / m2, datatype: float64}
# - {name: interpolation_cor_unc, unit: rad / m2, datatype: float64}
# - {name: HI, unit: dex(1 / cm2), datatype: float64}
# - {name: 'HI [Error]', unit: dex(1 / cm2), datatype: float64}
# - {name: pixel location x, datatype: float64}
# - {name: pixel location y, datatype: float64}
# - {name: 'B_virtual [raw]', unit: G, datatype: float64}
# - {name: 'B_virtual_unc [raw]', unit: G, datatype: float64}
# - {name: 'B_virtual [int]', unit: G, datatype: float64}
# - {name: 'B_virtual_unc [int]', unit: G, datatype: float64}
# meta: !!omap
# - __serialized_columns__:
#     ra_dec_obj:
#       __class__: astropy.coordinates.sky_coordinate.SkyCoord
#       dec: !astropy.table.SerializedColumn
#         __class__: astropy.coordinates.angles.Latitude
#         unit: &id001 !astropy.units.Unit {unit: deg}
#         value: !astropy.table.SerializedColumn {name: ra_dec_obj.dec}
#       frame: icrs
#       ra: !astropy.table.SerializedColumn
#         __class__: astropy.coordinates.angles.Longitude
#         unit: *id001
#         value: !astropy.table.SerializedColumn {name: ra_dec_obj.ra}
#         wrap_angle: !astropy.coordinates.Angle
#           unit: *id001
#           value: 360.0
#       representation_type: spherical
# schema: astropy-2.0
ra_dec_obj.ra ra_dec_obj.dec "H-alpha flux [Error]" "H-alpha flux" ra_dec_deg RM RM_uncert pol_int pol_int_uncert ra_dec_pix_offsets interpolation_raw interpolation_cor interpolation_unc interpolation_cor_unc HI "HI [Error]" "pixel location x" "pixel location y" "B_virtual [raw]" "B_virtual_unc [raw]" "B_virtual [int]" "B_virtual_unc [int]"
[from data line 747]
48.43813709381771 -54.74966804343831 1.25 0.51904297 [48.43813709381771,-54.74966804343831] 37.095836223014615 0.7886347384480923 0.0005577998501967915 1.6347938670756955e-05 [-1102.07421875,-1745.772460938] 19.988599442808088 21.69584680101536 5.833681757158098 6.315489961823782 0.0 0.0 10.617204122293856 78.45986865630653 6.407462440690778e-06 1.3618138711743817e-06 2.9548862700976555e-06 1.604787445809309e-06
50.022792798481625 -55.90996549961631 1.28125 0.79785156 [50.022792798481625,-55.90996549961631] 49.038734697911714 0.3581489017958778 0.0012407926411634627 1.651473221700014e-05 [528.43359375,336.2192382812] 21.98783195525005 19.82296724627557 6.013394145294308 5.924763374702621 17.205093383789062 8.602546691894531 27.170233820132466 68.70633167347023 8.470326664881262e-06 1.4558331970000416e-06 4.6724285245482515e-06 1.6563507796922762e-06
50.020973336896894 -55.91240679681184 1.28125 0.79785156 [50.020973336896894,-55.91240679681184] 46.35712330987281 1.3618758223351608 0.0003247086211914514 1.6433877014089044e-05 [526.5649414062,340.599609375] 21.98783195525005 19.82296724627557 6.013394145294308 5.924763374702621 17.205093383789062 8.602546691894531 27.175206703751883 68.6566986421767 8.007139256297443e-06 1.4496265300965452e-06 4.209241115964431e-06 1.6605787282517542e-06
45.507580235120685 -56.918808038460305 1.265625 0.68969727 [45.507580235120685,-56.918808038460305] 22.257705227339653 3.1009718218168794 0.00016376375147826775 1.8872276966627216e-05 [-3918.333007812,2262.876220703] 20.29356949175171 19.933376890885402 5.977764691717924 6.153283352956909 18.27315902709961 9.136579513549805 9.54550617039854 25.12896604765956 3.844512613296088e-06 1.3723933899133089e-06 3.392597993623433e-07 1.6780776131252566e-06
45.511127442267025 -56.93309402815208 1.265625 0.68969727 [45.511127442267025,-56.93309402815208] 19.195790728550293 1.483135087641936 0.0003421873224676807 1.8860505483547024e-05 [-3913.357421875,2288.341796875] 20.29356949175171 19.933376890885402 5.977764691717924 6.153283352956909 18.205419540405273 9.102709770202637 9.669969365600991 24.93255800603356 3.31563648742438e-06 1.2758116593570794e-06 -1.8961632650936486e-07 1.6105772619144473e-06
45.507861982499314 -56.92489248226268 1.265625 0.68969727 [45.507861982499314,-56.92489248226268] 28.24617788517668 3.1374736207464085 0.00016172353732424766 1.8856540496821877e-05 [-3917.41796875,2273.791503906] 20.29356949175171 19.933376890885402 5.977764691717924 6.153283352956909 18.27315902709961 9.136579513549805 9.592196609079565 25.037153599505928 4.878885134285082e-06 1.4044476918711155e-06 1.3736323203513366e-06 1.6848981760336097e-06
50.349712275441405 -55.22759242489306 1.25 0.49890137 [50.349712275441405,-55.22759242489306] 29.033464525709064 2.675101662308348 0.00016334702588837507 1.6239035302668627e-05 [873.2592773438,-888.6840820312] 22.031916057193023 19.153404741142957 5.848769144473978 5.78625225947578 0.0 0.0 24.83604153014744 81.6434037097863 5.014871004746177e-06 1.3800540578063477e-06 1.2093583379274155e-06 1.646000544529108e-06
51.47410566587114 -56.797130551017204 1.2890625 0.8666992 [51.47410566587114,-56.797130551017204] 42.287196042791386 2.6863995952282984 0.00016596367238878192 1.6568849483911346e-05 [1946.469726562,1958.713623047] 24.335757233028932 22.632672701729437 5.91722139833208 5.654145096295883 0.0 0.0 40.9444068890831 62.31480740821121 7.304151838965992e-06 1.4708222834698858e-06 3.1007029802053687e-06 1.6761354137202522e-06
49.32129664085818 -57.35596467025222 1.3046875 1.0151367 [49.32129664085818,-57.35596467025222] 48.137851857386764 0.18975744234739525 0.0023509072729993807 1.657841552887366e-05 [-172.5122070312,2936.856933594] 24.337908259593405 22.588844684209946 6.757625045401513 6.478418158936501 0.0 0.0 32.69076163170405 41.78752624980939 8.314719633153393e-06 1.4466856667258445e-06 4.1108992334511416e-06 1.7260859565301166e-06
51.7577554327879 -56.94930265118717 1.2890625 0.86938477 [51.7577554327879,-56.94930265118717] 34.331558222090486 0.9556547073173792 0.0004681311179384668 1.6625595783975514e-05 [2216.832519531,2240.951416016] 23.639604097889908 22.621788718413747 6.644602732160054 5.89529619025002 0.0 0.0 43.4771473659938 61.36448946540713 5.92999625391803e-06 1.3451970487975346e-06 1.8467920242191724e-06 1.6844729156331838e-06
51.75915913016357 -56.93395621290399 1.2890625 0.86938477 [51.75915913016357,-56.93395621290399] 37.30257499532179 0.8412812393775668 0.0005338963732745089 1.6691942428195114e-05 [2219.122070312,2213.393798828] 23.639604097889908 22.621788718413747 6.644602732160054 5.89529619025002 0.0 0.0 43.39104031723389 61.615356791072145 6.443171863997184e-06 1.364286741915394e-06 2.3599676342983262e-06 1.688486729618056e-06
51.75915895192163 -56.939807843068024 1.2890625 0.86938477 [51.75915895192163,-56.939807843068024] 36.05712549363131 0.6728472423398473 0.0006692465093607799 1.6734444273354846e-05 [2218.773925781,2223.918701172] 23.639604097889908 22.621788718413747 6.644602732160054 5.89529619025002 0.0 0.0 43.426878932589034 61.52244211751963 6.2280487742821226e-06 1.352343363567677e-06 2.1448445445832648e-06 1.6836118156907565e-06
48.3853300501735 -54.09686658491997 1.25 0.53393555 [48.3853300501735,-54.09686658491997] 34.245020423319716 1.2181763523926419 0.00036368372847859636 1.6464279818874245e-05 [-1175.515625,-2919.495117188] 19.215869112701036 21.04521034709046 6.395069469608583 6.568341903545139 0.0 0.0 6.150975924737281 89.02150107708553 5.91504881636762e-06 1.3509137174566877e-06 2.595944244505347e-06 1.6696478026779824e-06
49.751258617209864 -56.23270796272916 1.265625 0.64331055 [49.751258617209864,-56.23270796272916] 28.826713829373627 2.881967224080261 0.00015113373041946988 1.6186730748114028e-05 [252.3779296875,915.611328125] 21.64052298381978 19.86622192089687 6.033960331240914 5.8631045214717625 18.31964874267578 9.15982437133789 27.680934233787752 61.98527191598032 4.979159521834946e-06 1.391256353313427e-06 1.2412511112488488e-06 1.6762996341285918e-06
53.26039881712994 -55.25109873702305 1.2734375 0.75878906 [53.26039881712994,-55.25109873702305] 25.446094806051242 1.92283106362665 0.00024584697507118924 1.7567691721515167e-05 [3856.271484375,-747.1381835938] 21.453303919091827 19.082781330925663 6.527595254370021 5.006355250373581 0.0 0.0 42.40497170215633 96.3204148007701 4.395234434178233e-06 1.3222050076594362e-06 6.89663861138478e-07 1.6875377980471414e-06
50.94456076085149 -56.6213073132272 1.2578125 0.59350586 [50.94456076085149,-56.6213073132272] 44.36988695532101 1.3923956047435473 0.0003158426117130405 1.6343387167829388e-05 [1431.40625,1629.482177734] 23.452550310287734 22.414914088943124 5.884641516650949 5.709703767889614 17.712841033935547 8.856420516967773 36.86799909770275 62.32223930240593 7.66388935013503e-06 1.4334968158280127e-06 3.6129944101161373e-06 1.6345731923830973e-06
44.96572840720718 -56.782852144263906 1.265625 0.6274414 [44.96572840720718,-56.782852144263906] 22.399828872268248 2.9103408422979276 0.00018595752371041273 2.0112511780559483e-05 [-4465.418945312,2051.436279297] 19.20439662802582 20.802882662345233 5.797864859516788 6.353921291184014 18.38029670715332 9.19014835357666 5.7483679286134475 23.585281490611123 3.869061242186386e-06 1.360514646547224e-06 5.5193828125791e-07 1.6493270615833067e-06
50.762393789857924 -57.77596661406737 1.28125 0.8342285 [50.762393789857924,-57.77596661406737] 7.695879364639464 1.3255752954800677 0.000372804167938407 1.8365123952215304e-05 [1212.567871094,3703.274658203] 25.023153100913966 24.816889839667343 5.997138328242395 6.469933188772826 0.0 0.0 43.20875692160132 43.16746487604314 1.3292882166225846e-06 1.2371034752470177e-06 -2.9928926523528902e-06 1.6336970582212988e-06
48.3112908503322 -53.41309748617151 1.2421875 0.3927002 [48.3112908503322,-53.41309748617151] 47.135389974061134 3.256677837759733 0.00015463037955288972 1.8714504108175668e-05 [-1274.244140625,-4148.0703125] 18.146135809767674 21.05885713242975 6.035427423776167 6.900682997110912 0.0 0.0 1.4329008116324076 100.15066678597759 8.141567130888245e-06 1.5434661139898951e-06 5.007234669806675e-06 1.7588478275792915e-06
49.48498919519609 -55.76788318069809 1.265625 0.6303711 [49.48498919519609,-55.76788318069809] 38.900556129274854 2.17179571789428 0.0001940386246834061 1.5660869238812577e-05 [-14.19970703125,78.48486328125] 21.28507926620481 19.367771345671315 6.371621492911931 6.101274801472392 0.0 0.0 23.192934204615653 67.96073720550407 6.719186779395811e-06 1.4191498678114811e-06 3.0426731910400434e-06 1.7024077243568275e-06
52.83809290881932 -56.06760413134077 1.25 0.517334 [52.83809290881932,-56.06760413134077] 19.495585039348256 2.194934473721469 0.0002117599181022646 1.7273248583181673e-05 [3353.171142578,698.6923828125] 21.878933171371717 20.25667410125575 6.011541520475552 5.351052638249039 0.0 0.0 44.463884821850684 80.93894812674193 3.3674191396558176e-06 1.3072709313442673e-06 -4.1166921126194857e-07 1.638708712327972e-06
47.67730339982663 -56.65500644419547 1.2578125 0.58154297 [47.67730339982663,-56.65500644419547] 74.77993585432874 1.3839362498612322 0.0003195963743398031 1.6437154301992054e-05 [-1802.112304688,1698.933349609] 22.29893159808891 21.771691020655624 6.260489585444604 6.280191932907288 19.166473388671875 9.583236694335938 19.07130549577505 43.07530466016419 1.2916534012693533e-05 1.7433267496845683e-06 9.064900481013133e-06 1.8539406200987875e-06
48.04272063897982 -56.446926094645356 1.296875 1.0043945 [48.04272063897982,-56.446926094645356] 43.14608273824135 0.8122353163560868 0.0005187986632367361 1.565991572124373e-05 [-1448.656738281,1315.9609375] 21.818999711125574 21.558322261892524 6.125653283423657 6.188022417106515 18.807086944580078 9.403543472290039 19.621220195715978 48.583919908250664 7.4525049912933786e-06 1.4098363468037768e-06 3.683768783218791e-06 1.650677256045167e-06
48.038879254009 -56.4462662538373 1.296875 1.0043945 [48.038879254009,-56.4462662538373] 44.89049980923312 1.3842573351772913 0.00030508492609022654 1.5694456723679353e-05 [-1452.502441406,1314.854003906] 21.818999711125574 21.558322261892524 6.125653283423657 6.188022417106515 18.807086944580078 9.403543472290039 19.595756462359077 48.57113982287092 7.753813386016803e-06 1.4376617901428916e-06 3.985077177942216e-06 1.6683150127583994e-06
47.62713246630987 -54.94455727414886 1.25 0.50878906 [47.62713246630987,-54.94455727414886] 35.53871032482947 1.647342067737485 0.0002605992365915531 1.5953854661438295e-05 [-1934.9453125,-1377.311523438] 18.333516335751927 19.920178425138417 5.926269432112035 6.453325445842969 0.0 0.0 7.187101873113761 70.25942670695258 6.138504338545118e-06 1.373389773812535e-06 2.971806151155533e-06 1.6343650900940105e-06
46.148434026903075 -55.32151781980997 1.25 0.52075195 [46.148434026903075,-55.32151781980997] 23.918210021189275 0.9277752437752745 0.000499750730191391 1.7230779322255413e-05 [-3429.540039062,-642.0327148438] 20.03944566992614 21.17718993911238 5.678469652144602 5.986879302998444 18.988727569580078 9.494363784790039 1.4183611260024236 54.588130428208615 4.1313270696467854e-06 1.2818332582827645e-06 6.699683691613295e-07 1.5664265034984277e-06
46.15308008505331 -55.32558444155218 1.25 0.52075195 [46.15308008505331,-55.32558444155218] 22.394960639431147 0.9744555515783891 0.000474486199333341 1.7182815330590673e-05 [-3424.438476562,-634.951171875] 20.03944566992614 21.17718993911238 5.678469652144602 5.986879302998444 18.988727569580078 9.494363784790039 1.4726348716606026 54.55323008501955 3.868220365629008e-06 1.275369864226823e-06 4.0686166514355227e-07 1.5664481205121142e-06
49.17224130230587 -55.553691861029726 1.265625 0.65112305 [49.17224130230587,-55.553691861029726] 43.93149933293443 3.229954154095622 0.00013667642631061346 1.640584771346803e-05 [-332.7026367188,-306.2719726562] 21.07699840072262 20.16319843254566 5.952948091721673 5.927192426183818 0.0 0.0 20.03099771198572 69.63013940054634 7.5881678538458325e-06 1.5158500209077548e-06 3.947595504883837e-06 1.7240692859396297e-06
51.68720613484431 -58.203937545572785 1.28125 0.8144531 [51.68720613484431,-58.203937545572785] 37.922459773732385 1.9776364282724004 0.0003368600242856773 2.475737711181135e-05 [2074.875976562,4494.702758789] 26.39680035194381 26.21292230118571 6.997287095582399 7.145411043560671 0.0 0.0 50.92646114215029 41.348666583084196 6.550242868175211e-06 1.4033972246550375e-06 1.9907956624923495e-06 1.7537003930175995e-06
52.492034918215985 -56.17412560216128 1.2421875 0.41333008 [52.492034918215985,-56.17412560216128] 16.974758222345336 0.12648470443982643 0.0035974040454932093 1.6909701145501403e-05 [2997.678955078,874.3828125] 21.239722099370482 20.61716981662625 5.630496007707487 5.167837095066395 0.0 0.0 43.05178481491748 77.50082790760257 2.9320036107450182e-06 1.2412521837257365e-06 -7.366755581044764e-07 1.5534340162417065e-06
52.47781377407575 -56.184997505115604 1.2421875 0.41333008 [52.47781377407575,-56.184997505115604] 14.163317350291074 0.3422880567953458 0.0013219285021154263 1.6815446962796375e-05 [2982.604003906,893.3203125] 21.239722099370482 20.61716981662625 5.630496007707487 5.167837095066395 0.0 0.0 43.03219099618195 77.25420025676885 2.446391110096376e-06 1.23285335839681e-06 -1.2222880587531188e-06 1.5571908086403345e-06
52.4917487013862 -56.17532341037254 1.2421875 0.41333008 [52.4917487013862,-56.17532341037254] 16.758667422793376 0.1960379660889337 0.0023147760875767633 1.6863894573084166e-05 [2997.299072266,876.5244140625] 21.239722099370482 20.61716981662625 5.630496007707487 5.167837095066395 0.0 0.0 43.05709761249909 77.4800553414168 2.8946788373234393e-06 1.2407234463251797e-06 -7.740003315260554e-07 1.5538147481881565e-06
52.47853086847499 -56.18336476411686 1.2421875 0.41333008 [52.47853086847499,-56.18336476411686] 19.21711945152148 0.2647406321121672 0.0017069036338632343 1.679338743673861e-05 [2983.448242188,890.4150390625] 21.239722099370482 20.61716981662625 5.630496007707487 5.167837095066395 0.0 0.0 43.026848306090756 77.28414602545809 3.319320539470658e-06 1.2507525935944266e-06 -3.493586293788369e-07 1.552719644219452e-06
52.48806371122202 -56.174693986199145 1.2421875 0.41333008 [52.48806371122202,-56.174693986199145] 15.792213261064425 0.37804125304659514 0.0012016017215218666 1.6881399166295052e-05 [2993.660888672,875.2333984375] 21.239722099370482 20.61716981662625 5.630496007707487 5.167837095066395 0.0 0.0 43.03191349763904 77.47180345342758 2.7277458504324296e-06 1.238531428735624e-06 -9.409333184170651e-07 1.5556561257454281e-06
54.18416980393434 -55.65411003830648 1.234375 0.3109131 [54.18416980393434,-55.65411003830648] 19.687064723461553 1.4705305373145416 0.0004082277451949998 2.230926534274009e-05 [4752.652954102,34.28466796875] 20.884134416867113 19.83200077015649 5.58101072831294 5.1901820991713175 0.0 0.0 50.19985043086194 94.07834381936846 3.400492902348087e-06 1.2774104271390166e-06 -2.06766577609233e-07 1.567191324089679e-06
47.71429436756296 -55.76039113818154 1.265625 0.670166 [47.71429436756296,-55.76039113818154] 33.0358412401041 2.319069497783411 0.0001807781954659518 1.558003804533667e-05 [-1807.232421875,88.2841796875] 21.43122642687592 21.02506451474763 6.172336102432243 5.996541065660328 0.0 0.0 13.145927100871063 57.538174224975364 5.706190599668021e-06 1.3852915129328118e-06 2.0044334115404604e-06 1.6720039218693694e-06
