data_processed/hvc_rms/hvc_rms_index_3.ecsv
# %ECSV 1.0
# ---
# datatype:
# - {name: ra_dec_obj.ra, unit: deg, datatype: float64}
# - {name: ra_dec_obj.dec, unit: deg, datatype: float64}
# - {name: 'H-alpha flux [Error]', unit: R, datatype: float32}
# - {name: H-alpha flux, unit: R, datatype: float32}
# - {name: ra_dec_deg, datatype: string, subtype: 'float64[2]'}
# - {name: RM, unit: rad / m2, datatype: float64}
# - {name: RM_uncert, unit: rad / m2, datatype: float64}
# - {name: pol_int, datatype: float64}
# - {name: pol_int_uncert, datatype: float64}
# - {name: ra_dec_pix_offsets, datatype: string, subtype: 'float64[2]'}
# - {name: interpolation_raw, unit: rad / m2, datatype: float64}
# - {name: interpolation_cor, unit: rad / m2, datatype: float64}
# - {name: interpolation_unc, unit: rad / m2, datatype: float64}
# - {name: interpolation_cor_unc, unit: rad / m2, datatype: float64}
# - {name: pixel location x, datatype: float64}
# - {name: pixel location y, datatype: float64}
# meta: !!omap
# - __serialized_columns__:
#     ra_dec_obj:
#       __class__: astropy.coordinates.sky_coordinate.SkyCoord
#       dec: !astropy.table.SerializedColumn
#         __class__: astropy.coordinates.angles.Latitude
#         unit: &id001 !astropy.units.Unit {unit: deg}
#         value: !astropy.table.SerializedColumn {name: ra_dec_obj.dec}
#       frame: icrs
#       ra: !astropy.table.SerializedColumn
#         __class__: astropy.coordinates.angles.Longitude
#         unit: *id001
#         value: !astropy.table.SerializedColumn {name: ra_dec_obj.ra}
#         wrap_angle: !astropy.coordinates.Angle
#           unit: *id001
#           value: 360.0
#       representation_type: spherical
# schema: astropy-2.0
ra_dec_obj.ra ra_dec_obj.dec "H-alpha flux [Error]" "H-alpha flux" ra_dec_deg RM RM_uncert pol_int pol_int_uncert ra_dec_pix_offsets interpolation_raw interpolation_cor interpolation_unc interpolation_cor_unc "pixel location x" "pixel location y"
[from data line 345]
357.71734601858554 -3.3811453755768603 0.3203125 0.8305664 [357.71734601858554,-3.3811453755768603] -6.65008299733862 1.6366436197016523 0.0003788017215357519 2.3039591202092924e-05 [-4099.540039062,-2323.497070312] -7.606635788790676 -5.080291998273573 4.101089845578239 3.958317823419819 72.74007950203281 42.565972113374755
358.11038206369517 -4.4681415043845245 0.26757812 0.2854004 [358.11038206369517,-4.4681415043845245] -13.428441516037969 1.1073868038440684 0.00051819812993611 2.1325729120067897e-05 [-3389.360351562,-369.2036132812] -5.999984416507147 -3.4657916883999498 3.5448460834288174 3.85870822289526 59.09516653635876 47.96283981061242
358.41891457423344 -5.238133320049432 0.32226562 0.85717773 [358.41891457423344,-5.238133320049432] -13.164551155345379 0.6365504016436441 0.0008796576393416723 2.0809190131457575e-05 [-2832.708984375,1015.394042969] -2.8178563070871347 -4.038043614299276 3.8630230327658626 4.255757178555676 49.260158300559624 51.35874899021201
359.4617310081539 -4.366965825977556 0.29492188 0.5842285 [359.4617310081539,-4.366965825977556] -7.3144651795325135 1.8234686041301584 0.0002984662460327216 2.022563737932139e-05 [-965.0571289062,-555.5063476562] -2.672921657369927 -1.3209618858933938 4.152040579997632 4.011474701185697 52.28362392538929 14.857019461884192
358.8475344266305 -3.495343947012526 0.26757812 0.31176758 [358.8475344266305,-3.495343947012526] -0.9732990300038245 1.5110859587083627 0.00036279957732274757 2.0373453182009012e-05 [-2069.439453125,-2122.950195312] -6.426323190768484 -6.105510634394554 3.753754757147248 4.086705705159105 64.97229926020236 18.358798008294798
358.0677490128261 -6.56101935991628 0.39453125 1.5751953 [358.0677490128261,-6.56101935991628] -7.206769169003189 1.6764556016579049 0.0003857511549979021 2.403300044750589e-05 [-3453.618164062,3397.555175781] -1.8601543814032129 -1.1150125580721375 3.9114253563689534 4.362384585787071 37.937518682127006 79.10157536562429
358.55676277819174 -6.4333199938058465 0.24902344 0.14099121 [358.55676277819174,-6.4333199938058465] -0.3179296810734653 2.2823121102228248 0.000265411624430071 2.2511460801166313e-05 [-2580.1953125,3165.713378906] -1.2662263934057674 -2.582499967745302 3.5940557554587405 4.032126725011963 36.13171345344256 65.40771416928283
359.55450440249973 -4.631868002733747 0.27148438 0.3590088 [359.55450440249973,-4.631868002733747] -9.004834050534141 2.7710835818025634 0.00019854237882286206 2.044615032183554e-05 [-798.2651367188,-78.8017578125] -1.901418256154311 -0.8189232625168974 4.0887800494982365 3.8588643493157218 48.955777821864785 16.0263126640848
357.80014047728093 -5.41650630180021 0.26953125 0.32312012 [357.80014047728093,-5.41650630180021] -28.30114069090093 1.4215732467390487 0.00042922142599009794 2.267562874417585e-05 [-3940.09765625,1339.42578125] -1.3748405895621103 -3.8106705732812194 4.020512255964256 3.7861623613940663 51.259380897828464 68.35186135542699
357.8022153833405 -5.410570126576485 0.27148438 0.34423828 [357.8022153833405,-5.410570126576485] -30.761947638142747 1.562751297214972 0.0003906419446260408 2.2687019506212365e-05 [-3936.420898438,1328.729980469] -1.4277945259939075 -3.952600432710408 4.029837366862124 3.8281220035818455 51.30685650385851 68.2182810909726
357.19372543261795 -4.705299320509355 0.30664062 0.68652344 [357.19372543261795,-4.705299320509355] -22.99390391112617 1.7306374874689863 0.0004365691961118463 2.8078111802749395e-05 [-5031.2578125,63.17041015625] -4.778697177499418 -3.4337100608495073 3.9161808626231824 3.428693418305683 62.33589573527365 72.03026301429281
357.186584740602 -4.716549996909868 0.29882812 0.6230469 [357.186584740602,-4.716549996909868] -20.79499849217607 1.6807888145735232 0.00045022407156417125 2.8122282303654614e-05 [-5043.970703125,83.47265625] -4.7245106038332825 -3.3268258379621876 3.9548976078381033 3.4382404449506034 62.26675955128064 72.34811753946451
358.70050070918415 -5.74622252096846 0.29882812 0.6201172 [358.70050070918415,-5.74622252096846] -7.875790940470255 1.9687891372035164 0.0002819740229601703 2.0630844616970192e-05 [-2326.145507812,1928.822753906] -2.4357594047855624 -5.105478978192668 4.558382198389014 4.477248188808284 42.30007576593255 51.84881452476111
358.6922301774004 -5.753511070048722 0.29882812 0.6201172 [358.6922301774004,-5.753511070048722] -4.622472200720474 0.4713435100712408 0.0011831987599705742 2.0725448651445086e-05 [-2340.923828125,1941.967285156] -2.4357594047855624 -5.105478978192668 4.558382198389014 4.477248188808284 42.27521148140602 52.152241118896654
0.7286198237287429 -6.952816495989631 0.3046875 0.5942383 [0.7286198237287429,-6.952816495989631] -5.580376539594983 1.8621394634957933 0.00038197017117386504 2.643323740281453e-05 [1302.8359375,4098.249023438] 1.1586509177906605 0.06373712216532423 3.8195213537302775 3.933793088720725 17.786290933457508 17.930880406045162
358.0326538359093 -6.236658513840551 0.34960938 1.1347656 [358.0326538359093,-6.236658513840551] -38.16042075229143 1.3142100983141816 0.0004728846307460666 2.309557091519077e-05 [-3518.573242188,2814.147460938] -1.4920089786451824 -2.202561171737366 3.967226897780198 4.312539618193773 41.445513469688194 74.9987650651824
358.0344543908516 -6.232405605838054 0.34960938 1.1347656 [358.0344543908516,-6.232405605838054] -36.091316799674935 2.300361998925619 0.00027051699862176823 2.3125942850702158e-05 [-3515.381835938,2806.486083984] -1.4920089786451824 -2.202561171737366 3.967226897780198 4.312539618193773 41.47715210957051 74.8920606106276
358.13244606570237 -4.597693086279002 0.2890625 0.5046387 [358.13244606570237,-4.597693086279002] -6.1282010538232115 0.05197433804525705 0.010955432180392317 2.1160561355578795e-05 [-3349.186523438,-136.1181640625] -5.506375016736022 -3.231565788666291 3.545947349676966 3.8642985953733806 57.620332065459706 49.20848558171019
358.13574209734776 -4.602374950808996 0.2890625 0.5046387 [358.13574209734776,-4.602374950808996] -7.143902494742168 0.5184399810662131 0.0010984449041548598 2.116340132876947e-05 [-3343.25390625,-127.7065429688] -5.506375016736022 -3.231565788666291 3.545947349676966 3.8642985953733806 57.55192296985126 49.19603195567879
357.539092879937 -3.23759443310079 0.265625 0.26843262 [357.539092879937,-3.23759443310079] -13.772317506408276 2.278913418955931 0.0002913246735893635 2.467253634265923e-05 [-4420.203125,-2580.733398438] -7.259144885756841 -5.222942765832835 3.7877973966840686 3.540376547378661 75.2989256232579 44.68022904571808
359.1130064469846 -2.9238468506146917 0.26953125 0.3218994 [359.1130064469846,-2.9238468506146917] -11.988958560381011 2.486381519110206 0.0002334258992917391 2.156877663246458e-05 [-1593.446289062,-3151.995117188] -7.193162010846263 -7.9214082057641 3.4807576916614202 3.888117461869625 69.56722730140928 5.294775832857795
358.23239140290707 -3.611010512715514 0.25195312 0.14727783 [358.23239140290707,-3.611010512715514] -25.800689425118822 2.8838616976942077 0.00020240783131980465 2.1692541840933583e-05 [-3173.875,-1912.495117188] -8.042435094857478 -5.734301980247099 4.26723273196487 4.127907443155499 67.2956865633247 33.92093736960351
358.5973816923175 -3.264916363487097 0.26757812 0.30126953 [358.5973816923175,-3.264916363487097] -11.798324893467237 2.208501362157656 0.00026270500594504097 2.156128911860559e-05 [-2519.36328125,-2536.795898438] -7.564702506873204 -7.796768836823819 3.8730710195802747 4.1694321812691255 68.82675944813116 21.25609478185197
358.6230774700596 -3.483319288242845 0.25 0.13739014 [358.6230774700596,-3.483319288242845] -5.162109702292155 3.2360367951537055 0.00017802257438173755 2.1409041860166335e-05 [-2472.643554688,-2143.864257812] -7.21763170184818 -6.365162779054957 3.820032280124093 3.9678419640018223 66.37567409165581 23.381595407563054
359.8155212003965 -6.620891096099546 0.27539062 0.32592773 [359.8155212003965,-6.620891096099546] -3.8730370021730915 1.4196158810995758 0.00041889595408862074 2.2099666403478027e-05 [-328.8466796875,3500.557861328] -0.3626020530527366 -2.2941338450713564 3.838209507841889 4.027884936580914 26.542070457620525 36.8903169281748
357.9209901230066 -3.542179031044382 0.3125 0.7468262 [357.9209901230066,-3.542179031044382] -7.983663566472414 0.8994701801530002 0.0006752302305426139 2.2570820699746537e-05 [-3733.249023438,-2034.837890625] -8.465699654417906 -5.463706245923586 4.29956502362478 4.211443184790597 69.8509461550525 40.077624289508094
357.91827378407635 -3.5462614445364586 0.3125 0.7468262 [357.91827378407635,-3.5462614445364586] -5.152737362886934 0.9449148627539335 0.0006406498280964389 2.249686992441132e-05 [-3738.109375,-2027.4765625] -8.465699654417906 -5.463706245923586 4.29956502362478 4.211443184790597 69.82452897291296 40.19114440041767
357.6426694990152 -4.364016436348896 0.27929688 0.40307617 [357.6426694990152,-4.364016436348896] 27.183774276209313 1.1952124730428573 0.0005385660713869517 2.392174243980959e-05 [-4228.69921875,-554.0903320312] -4.656586155096838 -3.6463821483219094 4.14662823957782 3.8806922933983827 63.0220983144153 57.21687431770306
358.4131777389091 -4.426175188387829 0.28320312 0.46032715 [358.4131777389091,-4.426175188387829] -6.496265556970592 1.1939779325847326 0.0004594843313061994 2.038805091860263e-05 [-2846.397460938,-446.0859375] -5.350910087090782 -3.468402978898869 3.483324770587329 3.994090221375259 57.71744759252465 40.40067372539215
0.4843732416634764 -7.0704393514768 0.28515625 0.42053223 [0.4843732416634764,-7.0704393514768] 3.9553300213629985 0.5040000358312964 0.00149024775477988 2.7912436410202057e-05 [866.2314453125,4309.417602539] 0.8853182035415424 -0.6934939274352709 3.5879815847800196 3.7977300842833794 17.93966738023437 26.11659004243802
0.4812241083043967 -7.064066387135809 0.28515625 0.42053223 [0.4812241083043967,-7.064066387135809] -11.214349461895178 0.933281503153788 0.000799174506340055 2.771806974260641e-05 [860.6181640625,4297.952392578] 0.8853182035415424 -0.6934939274352709 3.5879815847800196 3.7977300842833794 18.024743362056142 26.106136025219712
359.39706423632 -5.893412148848421 0.28515625 0.41882324 [359.39706423632,-5.893412148848421] 8.47407416905273 1.575077031772243 0.00034257317092898764 2.005228411239322e-05 [-1078.528320312,2192.022705078] -1.4787886235732723 -2.8991803046633473 4.298441607987064 3.952489241266953 36.59807944537636 36.94908314506847
0.41767919771382644 -6.0859704001179695 1.234375 9.890625 [0.41767919771382644,-6.0859704001179695] -32.16344120017182 0.46014587648947525 0.0012065778034201487 2.063286655440486e-05 [748.5786132812,2538.295410156] -0.32594375304089884 0.19193610834570807 3.8065929799294684 3.6688125325086727 28.707606556567157 13.861028885241467
357.8344118180973 -2.3894588299695756 0.24804688 0.1000061 [357.8344118180973,-2.3894588299695756] -29.822106655999015 3.0320160468115747 0.00025375715146846734 2.859291868210695e-05 [-3892.7421875,-4108.298828125] -10.165535447523617 -10.003055122796207 3.752590943530127 3.58771852213 82.42678433577532 27.645326952422693
359.32894919742984 -5.576003930743717 0.26171875 0.21264648 [359.32894919742984,-5.576003930743717] 0.41545532740484614 3.26025850403447 0.00016269823339648442 1.9712584903692134e-05 [-1201.1484375,1620.896972656] -1.1888118741033935 -2.789644731296308 4.385833030932918 4.281205508809155 40.313788889798616 34.182206520548334
359.83361807534936 -5.35454376469963 0.2734375 0.33337402 [359.83361807534936,-5.35454376469963] 3.2810662102993042 2.8835160726482894 0.00018445199502595765 1.976580181678383e-05 [-297.1801757812,1221.768066406] -1.5220823805859225 -0.25793810473963097 4.3027910165200876 3.74278747597322 39.73532140508644 18.70244198054661
359.60940550678384 -6.230322422300004 0.2890625 0.45666504 [359.60940550678384,-6.230322422300004] 9.998659204180218 1.3983106651893056 0.0003944303029904608 2.0496638734114216e-05 [-697.912109375,2798.014160156] -0.7710607287522884 -2.0418907332915923 3.94658322662309 3.9216635065461567 31.831227270696445 36.4526223414623
358.6141357319397 -5.771601148290394 0.27929688 0.41674805 [358.6141357319397,-5.771601148290394] -10.20387572545535 1.6581577060173807 0.000341617876593155 2.1051116060239102e-05 [-2480.66796875,1974.791503906] -2.181629028554726 -4.7500558274602325 4.4949133675565225 4.452803623238438 42.56545668928845 54.2881110258686
358.55233771120106 -6.145623247700208 0.28515625 0.4868164 [358.55233771120106,-6.145623247700208] -3.238306204899741 1.8111889918810153 0.00032324204505010227 2.175706548303864e-05 [-2589.541015625,2648.082763672] -1.4295257073885639 -3.7464211184753586 3.906853229509305 4.304509574018386 39.10272164454943 61.22706123856733
358.87780783343453 -6.128238657321985 0.28710938 0.51000977 [358.87780783343453,-6.128238657321985] -0.9068339787019399 1.437575595500176 0.00039013381226131195 2.0842652424269447e-05 [-2007.274414062,2615.735839844] -1.8341161828315504 -4.014359444089205 3.9346882812613564 4.288107374445886 37.2780063632041 53.080431196825884
358.86627172515017 -3.5504623584541806 0.26171875 0.25012207 [358.86627172515017,-3.5504623584541806] -2.347593851698149 0.8374929048571013 0.0006565255420450014 2.043343904086375e-05 [-2035.661132812,-2023.812011719] -6.342156531749056 -5.886743687351388 3.76375903772544 4.094062003337743 64.28328332449041 18.609744408251572
358.8661499983111 -3.555723595338313 0.25195312 0.16009521 [358.8661499983111,-3.555723595338313] -5.027172039303569 1.6836112928745057 0.0003278579745010708 2.0513335581327028e-05 [-2035.868164062,-2014.343261719] -6.336741257698976 -5.748884155858718 3.791199396642076 4.100373669445451 64.22832386134917 18.678016923518044
358.19827285991 -4.337282148376591 0.26757812 0.29333496 [358.19827285991,-4.337282148376591] -1.4664556593555766 0.6007612913046205 0.0009404716893262792 2.0996957634296148e-05 [-3232.288085938,-605.1611328125] -6.374221576524345 -3.8857303207509086 3.444901152046125 3.923649109449123 59.9241179907018 44.184107022645094
358.7151486617859 -4.0841237115539935 0.28125 0.44677734 [358.7151486617859,-4.0841237115539935] -3.11519062759374 0.0502931394779755 0.010920656354304774 2.0411089686624086e-05 [-2305.666015625,-1062.8671875] -6.511258260989582 -3.8443962431389016 3.9090236349405343 3.9677078468471674 59.52358749322855 28.886491900593683
