data_processed/hvc_rms/hvc_rms_index_25_with_B.ecsv
# %ECSV 1.0
# ---
# datatype:
# - {name: ra_dec_obj.ra, unit: deg, datatype: float64}
# - {name: ra_dec_obj.dec, unit: deg, datatype: float64}
# - {name: 'H-alpha flux [Error]', unit: R, datatype: float32}
# - {name: H-alpha flux, unit: R, datatype: float32}
# - {name: ra_dec_deg, datatype: string, subtype: 'float64[2]'}
# - {name: RM, unit: rad / m2, datatype: float64}
# - {name: RM_uncert, unit: rad / m2, datatype: float64}
# - {name: pol_int, datatype: float64}
# - {name: pol_int_uncert, datatype: float64}
# - {name: ra_dec_pix_offsets, datatype: string, subtype: 'float64[2]'}
# - {name: interpolation_raw, unit: rad / m2, datatype: float64}
# - {name: interpolation_cor, unit: rad / m2, datatype: float64}
# - {name: interpolation_unc, unit: rad / m2, datatype: float64}
# - {name: pixel location x, datatype: float64}
# - {name: pixel location y, datatype: float64}
# - {name: 'B_virtual [raw]', unit: G, datatype: float64}
# - {name: 'B_virtual_unc [raw]', unit: G, datatype: float64}
# - {name: 'B_virtual [int]', unit: G, datatype: float64}
# - {name: 'B_virtual_unc [int]', unit: G, datatype: float64}
# - {name: 'B_virtual [cor]', unit: G, datatype: float64}
# - {name: 'B_virtual_unc [cor]', unit: G, datatype: float64}
# meta: !!omap
# - __serialized_columns__:
#     ra_dec_obj:
#       __class__: astropy.coordinates.sky_coordinate.SkyCoord
#       dec: !astropy.table.SerializedColumn
#         __class__: astropy.coordinates.angles.Latitude
#         unit: &id001 !astropy.units.Unit {unit: deg}
#         value: !astropy.table.SerializedColumn {name: ra_dec_obj.dec}
#       frame: icrs
#       ra: !astropy.table.SerializedColumn
#         __class__: astropy.coordinates.angles.Longitude
#         unit: *id001
#         value: !astropy.table.SerializedColumn {name: ra_dec_obj.ra}
#         wrap_angle: !astropy.coordinates.Angle
#           unit: *id001
#           value: 360.0
#       representation_type: spherical
# schema: astropy-2.0
ra_dec_obj.ra ra_dec_obj.dec "H-alpha flux [Error]" "H-alpha flux" ra_dec_deg RM RM_uncert pol_int pol_int_uncert ra_dec_pix_offsets interpolation_raw interpolation_cor interpolation_unc "pixel location x" "pixel location y" "B_virtual [raw]" "B_virtual_unc [raw]" "B_virtual [int]" "B_virtual_unc [int]" "B_virtual [cor]" "B_virtual_unc [cor]"
[from data line 2826]
270.90847806662003 -65.9944152249837 1.4609375 2.5966797 [270.90847806662003,-65.9944152249837] 58.136100093588205 2.923822053270417 0.00019383353582023044 2.1061464126804644e-05 [2790.19921875,2048.296875] 18.159346072910676 14.623939694497507 11.142485924267854 6.330658941715001 52.16533949667473 9.529834066689914e-06 3.077145638071306e-06 6.553102663037986e-06 2.937453844248389e-06 7.13263648265019e-06 3.052953205526709e-06
261.814483476659 -64.26971440249272 1.78125 5.7734375 [261.814483476659,-64.26971440249272] 99.00727476367305 1.0971076293413677 0.000544306772033886 2.219226736507447e-05 [-4120.967773438,-967.8798828125] 18.703420736143876 19.566637515387402 14.037354608392334 56.58293332000312 54.0017640039589 1.0884249944025742e-05 2.094149762199894e-06 8.828111073560062e-06 2.3396673307887335e-06 8.73321433790513e-06 2.328279750678495e-06
263.6111449269788 -65.43469238180731 1.6015625 4.0390625 [263.6111449269788,-65.43469238180731] 53.83303119639359 3.063218966743296 0.00016996213576949331 1.9348126822434416e-05 [-2605.73828125,1028.678222656] 12.765553309006194 18.259923867576994 12.807223684615474 41.73654979635887 62.00305687530545 7.075500760279183e-06 1.838987961647401e-06 5.39767062261254e-06 2.285449259062404e-06 4.675522487899523e-06 2.208715901804446e-06
265.50442514064554 -63.64253638867028 1.8125 6.1601562 [265.50442514064554,-63.64253638867028] 70.68322995335531 1.2840991680587417 0.00040402994447960003 1.9280612290688937e-05 [-1271.356445312,-2252.821289062] 14.671751537869977 18.252646357007066 10.711235248222055 43.18944666705181 37.358268805184025 7.522620568116609e-06 1.5022733164723242e-06 5.961146651857947e-06 1.7117621856408819e-06 5.5800419253693685e-06 1.6731136221877025e-06
265.54431131365413 -63.65099314133693 1.8125 6.1601562 [265.54431131365413,-63.65099314133693] 58.11313003954401 0.6850851010911231 0.0007562847297643482 1.925477985338752e-05 [-1239.124023438,-2238.399414062] 14.671751537869977 18.252646357007066 10.711235248222055 42.95411076492428 37.350317509190745 6.184819618480903e-06 1.3030912896313793e-06 4.623345702222243e-06 1.579751030419678e-06 4.2422409757336626e-06 1.5476178339161695e-06
265.5256955472171 -63.65416333017861 1.8125 6.1601562 [265.5256955472171,-63.65416333017861] 62.70415318348837 0.4334432320891397 0.0011952312606727214 1.9252754486033543e-05 [-1253.850585938,-2232.329101562] 14.671751537869977 18.252646357007066 10.711235248222055 43.024663735150625 37.433272628226405 6.673429507334685e-06 1.3717589589247157e-06 5.1119555910760245e-06 1.6229308310948568e-06 4.730850864587444e-06 1.5881861462723309e-06
265.51470905352016 -63.647945232964084 1.8125 6.1601562 [265.51470905352016,-63.647945232964084] 60.2877613248297 1.5795605186644959 0.0003289275924749892 1.9308355193047367e-05 [-1262.900390625,-2243.296875] 14.671751537869977 18.252646357007066 10.711235248222055 43.11094192533824 37.39215312529814 6.416259608497706e-06 1.3445195292277555e-06 4.854785692239046e-06 1.607420869541718e-06 4.4736809657504665e-06 1.5741863613567145e-06
265.02978501141575 -62.44365705407404 1.7890625 5.861328 [265.02978501141575,-62.44365705407404] 45.11968080129057 3.088113479231667 0.00023771117529233513 2.7280451482414984e-05 [-1719.844726562,-4397.526367188] 10.817774785469613 15.194534631775026 10.046983809784551 52.174056505900126 25.33255339276252 4.9228503695493735e-06 1.2073065304509528e-06 3.7425608450093924e-06 1.5291045631031026e-06 3.265027904967024e-06 1.4943605349875079e-06
264.10812436437106 -62.96333294437308 1.71875 5.1660156 [264.10812436437106,-62.96333294437308] 42.31531835315532 2.8215839530444735 0.0002079530918302714 2.1805550822438868e-05 [-2443.232421875,-3433.172851562] 11.800707527329473 16.47569868864912 11.408543409436593 53.666584085986074 33.55294667196722 4.917771990644433e-06 1.278473320112365e-06 3.5463256396243545e-06 1.7254484118015136e-06 3.003010795629243e-06 1.6881587054633128e-06
264.70654335539194 -65.82532494204675 1.5859375 3.8671875 [264.70654335539194,-65.82532494204675] 77.48481861342526 2.2643161909643 0.00022629000389974622 1.9041937925415576e-05 [-1760.4140625,1693.208007812] 16.16908810435534 17.889935399664978 12.12296120948023 34.74724387248807 63.672190678371635 1.040800854919607e-05 2.5315443923031467e-06 8.236124943680643e-06 2.6513849932787914e-06 8.004975233557421e-06 2.615643150443425e-06
262.4144587290855 -63.14934945693815 1.8828125 6.8320312 [262.4144587290855,-63.14934945693815] 37.2472027112838 1.8313244894265517 0.00032668009710329343 2.2232929058523093e-05 [-3801.485351562,-3015.4765625] 12.970183080710628 13.9242644014574 12.75239619359758 60.59198548314782 40.271969294635255 3.7641539268200874e-06 9.583695381200028e-07 2.4534040712331565e-06 1.5357653588390724e-06 2.356985852183738e-06 1.531669701672421e-06
267.9926451160774 -63.80165098517833 1.5546875 3.5751953 [267.9926451160774,-63.80165098517833] -128.05700733360325 2.3979364364678717 0.00021266894982546037 1.8951799645885442e-05 [712.88671875,-1977.448242188] 17.473866940290392 18.071931499335893 9.810357448869029 30.496325352115264 33.00455289409001 -1.7889660395810825e-05 4.334808215206752e-06 -2.0330772771247007e-05 5.082846697052157e-06 -2.0414322840695547e-05 5.101356623186766e-06
265.5574038663228 -63.62225736467223 1.8125 6.107422 [265.5574038663228,-63.62225736467223] 59.99964177987154 0.1569879132612936 0.00328932469736518 1.9190295655354556e-05 [-1229.913085938,-2290.3515625] 14.510867178919144 18.005199037782596 10.656850829360502 43.0506408805245 36.996702185854474 6.413104719514392e-06 1.3411860966110042e-06 4.862100279674683e-06 1.602980695345195e-06 4.488606114195439e-06 1.569828513308521e-06
265.54959105881295 -63.62915779970562 1.8125 6.107422 [265.54959105881295,-63.62915779970562] 58.65053774668476 0.6617880129563178 0.0007755777915010227 1.907449128960966e-05 [-1235.858398438,-2277.78515625] 14.510867178919144 18.005199037782596 10.656850829360502 43.04956921388839 37.093575001394356 6.268904767886539e-06 1.3222797585209721e-06 4.71790032804683e-06 1.5914342100775312e-06 4.344406162567585e-06 1.559077127716651e-06
265.49389652063286 -67.01294701732499 1.609375 4.0585938 [265.49389652063286,-67.01294701732499] 69.21197738447553 0.44440878005897105 0.0013791147838968043 2.2776749625344322e-05 [-1125.583007812,3811.136230469] 16.740950048594232 15.480648997458298 9.98991331611343 24.916746627476982 75.22704417356613 9.074905270248602e-06 2.17949423897668e-06 6.879872826932901e-06 2.1921567842898723e-06 7.0451204196655826e-06 2.216899915407052e-06
265.4975588232141 -67.01399988560837 1.609375 4.0585938 [265.4975588232141,-67.01399988560837] 68.62196218691531 0.6391782524354306 0.0009602482878441284 2.2809419606795028e-05 [-1122.9609375,3812.964355469] 16.740950048594232 15.480648997458298 9.98991331611343 24.895753338184022 75.2309099237475 8.99754391997071e-06 2.1650725334339236e-06 6.802511476655009e-06 2.1815124940199713e-06 6.967759069387689e-06 2.206100285835717e-06
266.67639142923525 -64.8624649894808 1.921875 7.1972656 [266.67639142923525,-64.8624649894808] 107.75631376707153 2.3325727736134225 0.00022338584039918152 1.936419942433237e-05 [-320.43359375,-72.07763671875] 16.161961479440052 18.336622957948833 10.691680757692776 31.147256135257294 48.17810732713747 1.0609809710555671e-05 1.8564019468976938e-06 9.018484526429062e-06 1.9351064546585205e-06 8.804364873805009e-06 1.909370944664706e-06
266.67663590952594 -64.86386110974672 1.921875 7.1972656 [266.67663590952594,-64.86386110974672] 96.16983563055012 2.0612256249955023 0.000251666512532277 1.9277897509553167e-05 [-320.2299804688,-69.56591796875] 16.161961479440052 18.336622957948833 10.691680757692776 31.13877304370385 48.19334597363718 9.468991841546763e-06 1.6854676012123906e-06 7.877666657420154e-06 1.7981498234002826e-06 7.663547004796101e-06 1.7739980818672415e-06
270.0236208705731 -63.240607956041345 1.4609375 2.6445312 [270.0236208705731,-63.240607956041345] 81.37189712039786 0.7988190597053515 0.0006910093429839732 2.051356024104199e-05 [2372.003417969,-2937.213867188] 17.329907217243676 15.300792707181467 9.782838671329348 23.402602874927993 21.80777649803349 1.3217481884927705e-05 4.006736489066345e-06 1.040253295517027e-05 3.6010513594660943e-06 1.0732128125349336e-05 3.6817751851271004e-06
270.02331531114277 -63.24193191748234 1.4609375 2.6445312 [270.02331531114277,-63.24193191748234] 83.50693616200418 1.1202317208043977 0.0004913055408201424 2.0453528078276534e-05 [2371.647460938,-2934.845703125] 17.329907217243676 15.300792707181467 9.782838671329348 23.397714869103652 21.823816635969933 1.3564282695215943e-05 4.105372445696317e-06 1.0749333765458505e-05 3.6882158118815216e-06 1.1078928935637572e-05 3.7696322419304185e-06
272.5350646511677 -64.04020688927912 1.4296875 2.319336 [272.5350646511677,-64.04020688927912] 68.1121752005137 1.222060650040369 0.000513547504460452 2.3322875097943492e-05 [4279.574462891,-1369.129394531] 17.612945394301764 17.01628053161763 9.353889205805649 7.364940019701635 25.74947440731944 1.1813852805959987e-05 3.988424766257163e-06 8.758940174625869e-06 3.472820705629527e-06 8.862429908164512e-06 3.4997840736000115e-06
267.15100084562675 -63.284286486737024 1.6328125 4.3125 [267.15100084562675,-63.284286486737024] 27.504040287874293 1.4382115048713613 0.0003637848840859844 1.944357461706016e-05 [44.88037109375,-2913.459960938] 16.720392062199444 16.857422084675694 9.552264075565528 37.24331177056024 29.18158936662121 3.498489506917483e-06 1.1679274998200547e-06 1.3716704807346166e-06 1.544428368095346e-06 1.3542403835289646e-06 1.5437523509167422e-06
261.9016109429379 -64.862266457381 1.734375 5.3691406 [261.9016109429379,-64.862266457381] 87.17319161903814 2.4817844052229 0.00022635386195965702 2.087664292465543e-05 [-3965.94921875,89.4775390625] 13.78389667659189 17.73545807838378 14.262207205021156 52.616462819225944 60.15734349381478 9.937546906812174e-06 2.0230935155938138e-06 8.366213825640815e-06 2.3985572127051947e-06 7.915744753026534e-06 2.345705627637185e-06
261.90115356026337 -64.86394508984382 1.734375 5.3691406 [261.90115356026337,-64.86394508984382] 83.86620315810693 2.58049967659937 0.0002171494687963085 2.0824341800020147e-05 [-3966.049804688,92.517578125] 13.78389667659189 17.73545807838378 14.262207205021156 52.60837590140295 60.17669987557588 9.560557693265778e-06 1.9616602194444594e-06 7.989224612094421e-06 2.35558542421407e-06 7.538755539480137e-06 2.304268242024082e-06
261.3442082927416 -65.8589250110007 1.6484375 4.4472656 [261.3442082927416,-65.8589250110007] 96.18626410391961 2.5493226798466306 0.00023542558570803705 2.230422679127016e-05 [-4226.770507812,1912.765136719] 17.214858428412775 18.322588224476135 13.628894802326498 49.007223929577094 72.38503523691156 1.2048005478875524e-05 2.651834826456008e-06 9.891723492088892e-06 2.8175057309746143e-06 9.752972551126405e-06 2.796897878425266e-06
261.25942944608164 -62.84127801678816 2.0 8.0078125 [261.25942944608164,-62.84127801678816] 84.97474269672315 3.221754975153172 0.0002461780556674651 2.947477837668206e-05 [-4786.802734375,-3489.420898438] 13.527056295198548 13.876689949155821 12.494351194076616 67.89074089528776 40.29571122596735 7.93197879568824e-06 1.4170976342718277e-06 6.669293904902057e-06 1.7121738858969324e-06 6.636657304408354e-06 1.7091664068198607e-06
259.7493286539178 -66.69439701152862 1.6953125 4.955078 [259.7493286539178,-66.69439701152862] 63.98983033585198 0.9706981201197771 0.0007861370812905585 2.835901704955681e-05 [-5217.107421875,3527.215332031] 16.294372282082396 16.631343918505546 11.864353379503005 50.465282892318555 85.4706483115026 7.593366111770355e-06 1.690460245202296e-06 5.659791141342403e-06 1.970355625979125e-06 5.619804334201117e-06 1.966074432406945e-06
268.77731308182604 -65.1797104128808 1.5859375 3.8769531 [268.77731308182604,-65.1797104128808] 91.75257232296717 2.997438013101486 0.00017242668782801884 1.9207170858371614e-05 [1270.619628906,514.7573242188] 18.657300606491006 15.913686276121318 11.888603178683672 19.892825497124477 47.04398403720484 1.2308967014624051e-05 2.934130740071627e-06 9.806017048939684e-06 2.8963506907884763e-06 1.0174083659372108e-05 2.959064637276198e-06
267.4866941110799 -66.23483275944763 1.609375 4.09375 [267.4866941110799,-66.23483275944763] 71.42670059760387 2.7111958464452828 0.00018482578054051743 1.8622249568429777e-05 [283.8374023438,2397.772460938] 19.356664968492172 16.32149770518467 10.258240701580007 20.4188660387249 62.007840934968044 9.324994081320179e-06 2.241551826690404e-06 6.797916885326301e-06 2.216723479467679e-06 7.194168098519097e-06 2.274421879178934e-06
267.4914242840347 -62.578861214968505 1.703125 5.064453 [267.4914242840347,-62.578861214968505] 73.61748727044173 0.5550678664124934 0.0011845784159238823 2.443535227732711e-05 [328.1416015625,-4181.463867188] 14.258220868378706 14.117752871797492 8.910691695498071 39.29592924309122 20.361883418675234 8.640986890024185e-06 1.8425972037727563e-06 6.967402200205548e-06 1.8812129284315794e-06 6.983889887600626e-06 1.8834353468241657e-06
264.16088877357964 -66.89453118478262 1.6796875 4.8183594 [264.16088877357964,-66.89453118478262] 66.05617793920541 0.1357696884305066 0.004244573139422742 2.1416354448140394e-05 [-2071.899414062,3631.958007812] 16.24546606131802 16.769542167552224 10.507881138530559 31.140058732493458 76.89152505024254 7.948999715168583e-06 1.7723722289851421e-06 5.99406969767579e-06 1.92128380413908e-06 5.931003971665782e-06 1.9137375694922403e-06
264.13781794236587 -66.89791871682392 1.6796875 4.8183594 [264.13781794236587,-66.89791871682392] 58.42491458162466 1.6385576493034295 0.00035260832370273977 2.147152984515948e-05 [-2087.884765625,3638.803955078] 16.24546606131802 16.769542167552224 10.507881138530559 31.217431492644323 76.98233661726431 7.030676673353859e-06 1.6280564009144379e-06 5.0757466558610665e-06 1.8272278199905276e-06 5.012680929851056e-06 1.820516063887304e-06
265.36096222810716 -66.16146086352823 1.546875 3.4833984 [265.36096222810716,-66.16146086352823] 66.42388006631505 3.1085734086191215 0.00016358575900404633 1.8897977352035104e-05 [-1261.591796875,2282.186523438] 16.165460503557195 17.288289428395025 11.328224348836745 30.06397338068291 65.91109028503683 9.400940384062287e-06 2.4995821837944797e-06 7.113050391440158e-06 2.578706298028604e-06 6.95413694384627e-06 2.5537053806189624e-06
270.8356627801613 -64.26910402768289 1.5 2.9716797 [270.8356627801613,-64.26910402768289] 49.41439408370329 0.9760381803655103 0.000559567847054771 2.0296832214489084e-05 [2920.721191406,-1054.870117188] 19.27417061282093 17.461004210293495 10.020527551513974 14.571433787716728 31.996478697249586 7.571834463482716e-06 2.2998241484713394e-06 4.618427222386257e-06 2.249874270651664e-06 4.89626116347295e-06 2.291665262114857e-06
270.8471375727649 -64.26958472607097 1.5 2.9716797 [270.8471375727649,-64.26958472607097] 52.288777717360986 1.2831326619362609 0.00042849736347494395 2.0432825085306826e-05 [2929.618164062,-1053.476074219] 19.27417061282093 17.461004210293495 10.020527551513974 14.51407163771944 31.977629542920567 8.012280156730177e-06 2.407964275392489e-06 5.05887291563372e-06 2.320397797708777e-06 5.336706856720412e-06 2.3646591870421364e-06
270.8412780858813 -64.26840204940298 1.5 2.9716797 [270.8412780858813,-64.26840204940298] 49.4229656721273 2.1072102480151296 0.0002598674751271636 2.0350191469232247e-05 [2925.174316406,-1055.872070312] 19.27417061282093 17.461004210293495 10.020527551513974 14.54771126708954 31.97626450448297 7.573147899574347e-06 2.3178674674045956e-06 4.619740658477889e-06 2.268192165502067e-06 4.8975745995645815e-06 2.3096630791851166e-06
