data_processed/hvc_rms/hvc_rms_index_10.ecsv
# %ECSV 1.0
# ---
# datatype:
# - {name: ra_dec_obj.ra, unit: deg, datatype: float64}
# - {name: ra_dec_obj.dec, unit: deg, datatype: float64}
# - {name: 'H-alpha flux [Error]', unit: R, datatype: float32}
# - {name: H-alpha flux, unit: R, datatype: float32}
# - {name: ra_dec_deg, datatype: string, subtype: 'float64[2]'}
# - {name: RM, unit: rad / m2, datatype: float64}
# - {name: RM_uncert, unit: rad / m2, datatype: float64}
# - {name: pol_int, datatype: float64}
# - {name: pol_int_uncert, datatype: float64}
# - {name: ra_dec_pix_offsets, datatype: string, subtype: 'float64[2]'}
# - {name: interpolation_raw, unit: rad / m2, datatype: float64}
# - {name: interpolation_cor, unit: rad / m2, datatype: float64}
# - {name: interpolation_unc, unit: rad / m2, datatype: float64}
# - {name: pixel location x, datatype: float64}
# - {name: pixel location y, datatype: float64}
# meta: !!omap
# - __serialized_columns__:
#     ra_dec_obj:
#       __class__: astropy.coordinates.sky_coordinate.SkyCoord
#       dec: !astropy.table.SerializedColumn
#         __class__: astropy.coordinates.angles.Latitude
#         unit: &id001 !astropy.units.Unit {unit: deg}
#         value: !astropy.table.SerializedColumn {name: ra_dec_obj.dec}
#       frame: icrs
#       ra: !astropy.table.SerializedColumn
#         __class__: astropy.coordinates.angles.Longitude
#         unit: *id001
#         value: !astropy.table.SerializedColumn {name: ra_dec_obj.ra}
#         wrap_angle: !astropy.coordinates.Angle
#           unit: *id001
#           value: 360.0
#       representation_type: spherical
# schema: astropy-2.0
ra_dec_obj.ra ra_dec_obj.dec "H-alpha flux [Error]" "H-alpha flux" ra_dec_deg RM RM_uncert pol_int pol_int_uncert ra_dec_pix_offsets interpolation_raw interpolation_cor interpolation_unc "pixel location x" "pixel location y"
[from data line 904]
73.33454903274614 -57.07915114359112 1.2421875 0.41333008 [73.33454903274614,-57.07915114359112] 10.724777119309037 2.6300278782104853 0.0001897533493376239 1.8546352313884767e-05 [-3094.071289062,2509.206787109] 33.58255679941843 33.34173503208406 8.040038513751789 37.21846214194716 53.19748076293013
72.13236215992617 -58.22166061075065 1.2734375 0.7507324 [72.13236215992617,-58.22166061075065] 39.90228016741681 3.182844017084852 0.00023392218790029747 2.7669128223937628e-05 [-4135.258789062,4624.198608398] 31.574776751474698 33.290525974032015 6.986239296234282 31.953784925132027 34.22131413076522
76.86055758238084 -57.72023387074348 1.2109375 0.1000061 [76.86055758238084,-57.72023387074348] 31.059301841139153 2.3840596313979954 0.00021588941913864068 1.912745438867224e-05 [347.6005859375,3592.889648438] 37.010945474416665 33.57209480830435 8.235145275026946 60.82127384358887 47.342739881509715
74.52735947159248 -58.2689704921972 1.2421875 0.42089844 [74.52735947159248,-58.2689704921972] 38.61396913278963 0.07852061805308912 0.009192624186885538 2.682451745309529e-05 [-1866.086914062,4605.497802734] 33.058081349562165 32.39891343268765 8.131730460789665 46.95598522000773 36.7697004345423
74.01598375839372 -57.71856303432411 1.2421875 0.40698242 [74.01598375839372,-57.71856303432411] 21.62604470680269 2.4746818290203874 0.00021468641794456232 1.9743886347337187e-05 [-2386.239257812,3631.751464844] 36.54078356287027 33.223898630359066 7.8568851569500575 42.74296846955872 44.40690169610252
78.80933358626555 -56.32782735987252 1.25 0.5222168 [78.80933358626555,-56.32782735987252] 10.526516487648315 0.28332279345774575 0.0016483451333242102 1.7355549497082953e-05 [2305.073730469,1124.737792969] 36.7917366406391 32.270401931467 7.946945042919435 72.10623904475904 69.22815341060232
78.81246966337632 -56.32830058612799 1.25 0.5222168 [78.81246966337632,-56.32830058612799] 12.297152150357048 0.49610196779699345 0.0009466601918222441 1.745314785111758e-05 [2308.172363281,1125.693359375] 36.7917366406391 32.270401931467 7.946945042919435 72.12740815127677 69.2227343274194
76.47020734847501 -56.63435757011156 1.25 0.49804688 [76.47020734847501,-56.63435757011156] 2.0049022691795013 2.0633885670989947 0.00022099889000771266 1.6946492175005968e-05 [-28.49365234375,1638.074707031] 37.43747634475851 34.40136867711115 8.404455013290676 56.94941103992335 63.15869311106803
77.68395238215669 -56.4774474672956 1.25 0.4732666 [77.68395238215669,-56.4774474672956] 15.043061369690752 1.2143404912264477 0.0003853480215713824 1.7390109364074794e-05 [1177.856445312,1365.708007812] 37.369157177738124 34.36514117969759 8.631668999602077 64.77657547118997 66.37885473307915
72.10853607245957 -56.668136709188175 1.3046875 1.0634766 [72.10853607245957,-56.668136709188175] -2.0581816069656114 0.8346829180128585 0.0006670897452226961 2.0692572874835637e-05 [-4338.247070312,1836.344238281] 28.8371463317771 31.08619515167603 7.053079415737993 28.491745780423116 57.78735617063967
75.79281621697659 -56.13848108720599 1.2109375 0.1000061 [75.79281621697659,-56.13848108720599] 9.542384940310223 1.9038665367863743 0.00023806703328114564 1.6843970171798378e-05 [-708.2431640625,749.169921875] 33.026869601204005 34.4234018699956 9.167753783003487 51.870002175895706 69.99750741979642
73.79688228573109 -56.56854233913229 1.2890625 0.8779297 [73.79688228573109,-56.56854233913229] 10.971401569470148 0.6318012246649689 0.0007446101036586039 1.748308590183595e-05 [-2678.661132812,1571.858398438] 31.528644570141907 34.44441720345514 8.151201059328645 39.32391077887746 61.48893537370941
73.80227617199486 -56.56834400440204 1.2890625 0.8779297 [73.80227617199486,-56.56834400440204] 10.701909430612888 0.33841620681568896 0.0013899850708830087 1.7481149712384096e-05 [-2673.33203125,1571.293457031] 31.528644570141907 34.44441720345514 8.151201059328645 39.358891080471494 61.498264400632934
72.43304427683246 -56.54565048863463 1.359375 1.5883789 [72.43304427683246,-56.54565048863463] 4.084325122243749 1.484963314300741 0.00035260007690199357 1.9458386723610802e-05 [-4031.212890625,1596.71875] 29.155688828658228 30.950579426856088 7.1545560241590405 30.36538868800926 60.1062703119735
73.50421121228692 -56.442405758229185 1.28125 0.78515625 [73.50421121228692,-56.442405758229185] 7.583140224213185 0.37707836582910115 0.0012650761708975877 1.772788781796093e-05 [-2978.436523438,1356.970214844] 30.96895724296822 33.99910640187969 7.629683022879617 37.191834939758564 63.050742670264526
75.11569228267842 -56.449169110083794 1.234375 0.3380127 [75.11569228267842,-56.449169110083794] 4.13148410800069 1.0957642265427883 0.0004121091545523786 1.678178230474507e-05 [-1376.0,1318.509765625] 36.66622613893462 36.93541228156483 8.771515191313082 47.79998924781819 64.71034430729469
73.3426133524434 -58.021507281597565 1.2265625 0.27954102 [73.3426133524434,-58.021507281597565] 26.265320938568777 2.608612547140442 0.00023838420965125446 2.310977764098277e-05 [-3007.35546875,4202.412841797] 34.55716990156634 32.885841234058645 7.408057597665445 39.07718090977028 38.97953157892357
77.25498972840086 -56.48625576340139 1.234375 0.36669922 [77.25498972840086,-56.48625576340139] 15.695258086060491 0.8126858257580403 0.0005673141998681675 1.713385323240602e-05 [751.322265625,1375.598632812] 37.247890735775115 34.10716910698257 8.717627157390693 61.9524217639306 65.95848049341885
77.24418646890202 -56.487106233172725 1.234375 0.36669922 [77.24418646890202,-56.487106233172725] 15.97102280795891 1.282974176585404 0.00035794202836856594 1.7066297541628792e-05 [740.5698242188,1377.013183594] 37.247890735775115 34.10716910698257 8.717627157390693 61.881980810885466 65.93824829929758
77.93618003241492 -57.92708210832706 1.25 0.5305176 [77.93618003241492,-57.92708210832706] 39.13134713713566 2.940350880188179 0.0001926752608274613 2.105396117830875e-05 [1373.552246094,3978.281005859] 37.57318435998984 35.73826694561212 7.620886454377629 67.90911354651439 45.138726579924196
76.92171462676528 -56.23783496171617 1.234375 0.3602295 [76.92171462676528,-56.23783496171617] 7.047474807182255 1.654512967897223 0.00027630251576651367 1.6988839673796636e-05 [422.8559570312,925.6669921875] 36.190204152884924 33.672537233367684 8.869602685354327 59.48756308454631 69.41203416869553
