data_processed/hvc_rms/hvc_rms_index_13_with_B.ecsv
# %ECSV 1.0
# ---
# datatype:
# - {name: ra_dec_obj.ra, unit: deg, datatype: float64}
# - {name: ra_dec_obj.dec, unit: deg, datatype: float64}
# - {name: 'H-alpha flux [Error]', unit: R, datatype: float32}
# - {name: H-alpha flux, unit: R, datatype: float32}
# - {name: ra_dec_deg, datatype: string, subtype: 'float64[2]'}
# - {name: RM, unit: rad / m2, datatype: float64}
# - {name: RM_uncert, unit: rad / m2, datatype: float64}
# - {name: pol_int, datatype: float64}
# - {name: pol_int_uncert, datatype: float64}
# - {name: ra_dec_pix_offsets, datatype: string, subtype: 'float64[2]'}
# - {name: interpolation_raw, unit: rad / m2, datatype: float64}
# - {name: interpolation_cor, unit: rad / m2, datatype: float64}
# - {name: interpolation_unc, unit: rad / m2, datatype: float64}
# - {name: pixel location x, datatype: float64}
# - {name: pixel location y, datatype: float64}
# - {name: 'B_virtual [raw]', unit: G, datatype: float64}
# - {name: 'B_virtual_unc [raw]', unit: G, datatype: float64}
# - {name: 'B_virtual [int]', unit: G, datatype: float64}
# - {name: 'B_virtual_unc [int]', unit: G, datatype: float64}
# - {name: 'B_virtual [cor]', unit: G, datatype: float64}
# - {name: 'B_virtual_unc [cor]', unit: G, datatype: float64}
# meta: !!omap
# - __serialized_columns__:
#     ra_dec_obj:
#       __class__: astropy.coordinates.sky_coordinate.SkyCoord
#       dec: !astropy.table.SerializedColumn
#         __class__: astropy.coordinates.angles.Latitude
#         unit: &id001 !astropy.units.Unit {unit: deg}
#         value: !astropy.table.SerializedColumn {name: ra_dec_obj.dec}
#       frame: icrs
#       ra: !astropy.table.SerializedColumn
#         __class__: astropy.coordinates.angles.Longitude
#         unit: *id001
#         value: !astropy.table.SerializedColumn {name: ra_dec_obj.ra}
#         wrap_angle: !astropy.coordinates.Angle
#           unit: *id001
#           value: 360.0
#       representation_type: spherical
# schema: astropy-2.0
ra_dec_obj.ra ra_dec_obj.dec "H-alpha flux [Error]" "H-alpha flux" ra_dec_deg RM RM_uncert pol_int pol_int_uncert ra_dec_pix_offsets interpolation_raw interpolation_cor interpolation_unc "pixel location x" "pixel location y" "B_virtual [raw]" "B_virtual_unc [raw]" "B_virtual [int]" "B_virtual_unc [int]" "B_virtual [cor]" "B_virtual_unc [cor]"
[from data line 293]
45.312370767746486 -56.27864075509244 1.234375 0.33544922 [45.312370767746486,-56.27864075509244] 27.325479945280385 0.4258653003600469 0.0011603078783536118 1.8363446721671536e-05 [-4179.881835938,1124.141113281] 20.777706920760004 20.33747081698922 5.768929817167926 31.792086407542 6.760474308021912 1.246243885347528e-05 2.3178588590268088e-05 2.9862685342737844e-06 6.8857008176757035e-06 3.1870487414402164e-06 7.184620214241269e-06
45.61467715785892 -56.36769094030426 1.2265625 0.24414062 [45.61467715785892,-56.36769094030426] 33.19045197545336 1.9135174256191347 0.0002490140628719562 1.770781593014471e-05 [-3869.504882812,1266.59765625] 20.082329000183382 19.86747011854809 5.979317416141111 34.036951493684 7.396898169877204 1.7743601480429278e-05 4.476893267742739e-05 7.007596955945714e-06 1.8317605769233245e-05 7.122460422495878e-06 1.859541244712244e-05
49.155582237787925 -55.79069147825657 1.234375 0.33911133 [49.155582237787925,-55.79069147825657] 32.65507269926097 0.5015528083130005 0.0008536406527880843 1.5911109292007387e-05 [-347.5458984375,120.4038085938] 21.85521303236129 19.82820665707486 6.274221596108899 49.4622090292288 38.690642574804315 1.481249239157712e-05 2.717896310669034e-05 4.8988664217450195e-06 9.895617565841148e-06 5.8183259124074955e-06 1.142996285431344e-05
45.167629319017024 -55.49705515896929 1.234375 0.3297119 [45.167629319017024,-55.49705515896929] -7.276610251888961 2.5742904873852974 0.00020088545929223593 1.9218290656782447e-05 [-4412.109375,-271.0678710938] 19.817398609002222 20.878966009887662 6.223897018611355 25.302308195998762 18.137850171827267 -3.3474217056370605e-06 7.1502387276678145e-06 -1.2463917980233467e-05 2.3781773336747522e-05 -1.295226538880852e-05 2.4681263327598394e-05
44.66631359917838 -55.21022406961569 1.2265625 0.296875 [44.66631359917838,-55.21022406961569] 31.955096671686142 0.9581073800719558 0.0006473092367824268 2.3048076822471826e-05 [-4957.409179688,-752.3544921875] 18.373698407630993 20.048049015516316 5.702888715570876 20.494709398766872 19.2412387568545 1.549180267059478e-05 3.2215766161146485e-05 6.584249894757051e-06 1.4308486822827343e-05 5.7725261974310824e-06 1.2721927322933972e-05
45.03558367998128 -54.04539476007247 1.2578125 0.54785156 [45.03558367998128,-54.04539476007247] 23.14909160455776 2.8961327725496813 0.00019795679840585773 2.1305787569185544e-05 [-4712.487304688,-2869.741210938] 19.5066356256878 19.791365785559336 5.838284481174196 14.197336070041729 40.901723901549076 8.26135215993778e-06 9.889427524780038e-06 1.2999046391345646e-06 3.726993436982041e-06 1.1982913161827898e-06 3.681562584471324e-06
46.53082701428737 -56.272819492418506 1.2578125 0.5600586 [46.53082701428737,-56.272819492418506] 30.061726187016262 1.823468519014194 0.00025168777155009124 1.7055681941356884e-05 [-2965.153320312,1050.876953125] 18.068270825908762 19.802630157188158 5.707475088687073 38.22428446647973 14.896152419494229 1.0610743499646452e-05 1.2222963132853337e-05 4.233272491389234e-06 5.772326677888333e-06 3.6211039856308302e-06 5.217068964323873e-06
46.53943214912054 -56.26419460704616 1.2578125 0.5600586 [46.53943214912054,-56.26419460704616] 34.9548290602434 0.34986168627768766 0.0013206549196025383 1.717095466960836e-05 [-2957.231445312,1034.999511719] 18.068270825908762 19.802630157188158 5.707475088687073 38.20918808958288 15.087762193687695 1.233783858334861e-05 1.41173882784713e-05 5.960367575091393e-06 7.433924306330007e-06 5.348199069332989e-06 6.81746108295953e-06
46.535632845493154 -56.268268580099694 1.2578125 0.5600586 [46.535632845493154,-56.268268580099694] 36.275901997668306 1.3878645378612509 0.0003312167009788597 1.7083152165129976e-05 [-2960.708984375,1042.487792969] 18.068270825908762 19.802630157188158 5.707475088687073 38.21773720789395 14.998961625220772 1.2804131370267627e-05 1.4642518363171585e-05 6.42666036201041e-06 7.925785708133585e-06 5.814491856252006e-06 7.301240472756373e-06
48.8324582894713 -55.68131248044983 1.2578125 0.5407715 [48.8324582894713,-55.68131248044983] 31.604514566488344 0.5238107262000175 0.000815446155252568 1.5873707736865212e-05 [-676.4272460938,-74.0830078125] 21.31252115884839 20.108949907240973 6.271872627634527 46.91610045169796 38.56846529887821 1.1352483177602963e-05 1.3480102605834016e-05 3.696930126182777e-06 5.479897097735278e-06 4.129258310125453e-06 5.884973335526869e-06
48.83829140195855 -55.69207393353488 1.2578125 0.5407715 [48.83829140195855,-55.69207393353488] 42.36136574646076 0.7431548032295316 0.0005748622159193764 1.5876389933767518e-05 [-670.3232421875,-54.77001953125] 21.31252115884839 20.108949907240973 6.271872627634527 47.01933013433893 38.42862649697031 1.5216392297539312e-05 1.79284709619282e-05 7.560839246119125e-06 9.44726476065278e-06 7.9931674300618e-06 9.919688733470957e-06
44.9174272360231 -55.373546555040356 1.2421875 0.38452148 [44.9174272360231,-55.373546555040356] 21.254024797617127 1.848581066137645 0.00030033811623245165 2.063277566154308e-05 [-4681.072265625,-476.5131835938] 19.32831962419558 20.29873807778363 5.884314873857916 23.049082868815617 18.38158301070098 9.053771136080007e-06 1.4967857731166087e-05 8.203102274388356e-07 4.189943637211861e-06 4.069322122781539e-07 4.028391300844833e-06
49.09220139353231 -56.28792580908239 1.2734375 0.70288086 [49.09220139353231,-56.28792580908239] 47.02355244040919 1.4445153109904145 0.0002974619785609789 1.5968433533475694e-05 [-406.4018554688,1015.741699219] 21.758006652659923 20.303601544552578 5.932486408048968 52.34571667253124 30.33093592733826 1.4815735325276522e-05 1.3673920839188849e-05 7.960428759913804e-06 7.815274944784127e-06 8.418668939975818e-06 8.203559306912051e-06
49.09265895332352 -56.2894323922917 1.2734375 0.70288086 [49.09265895332352,-56.2894323922917] 46.62144965376319 1.3693812152295615 0.0003137180095373174 1.59651322361375e-05 [-405.9287109375,1018.450683594] 21.758006652659923 20.303601544552578 5.932486408048968 52.35816346643628 30.309520328438794 1.4689044589436162e-05 1.3559404683024114e-05 7.833738024073444e-06 7.707095824372794e-06 8.291978204135456e-06 8.094625921627214e-06
45.72585261219158 -56.79143138704443 1.2109375 0.1000061 [45.72585261219158,-56.79143138704443] 39.997851233151565 1.366344083486834 0.0003617891059720792 1.837063926246966e-05 [-3717.01171875,2021.985595703] 19.982204812246216 19.704428760741884 6.123782937079413 37.72993901967027 1.5393127128584183 3.340965890603492e-05 0.00020238274577120494 1.671879611252697e-05 0.00010153615438375061 1.695081865491127e-05 0.00010293689803073824
48.77609997567087 -56.39941035080162 1.2890625 0.8869629 [48.77609997567087,-56.39941035080162] 41.28896933610912 0.07107752793449777 0.006000097000808452 1.5848905990317176e-05 [-720.072265625,1218.968261719] 20.867522490733677 20.130695009279307 6.072045499901856 51.328597373293974 26.708705372830536 1.1580570407023712e-05 8.703922646148213e-06 5.727728417752957e-06 4.934063751268196e-06 5.934390939584177e-06 5.063316940434435e-06
48.78536966558796 -56.39768221054641 1.2890625 0.8984375 [48.78536966558796,-56.39768221054641] 47.22114396735728 0.06932492943717086 0.006161624877611649 1.58742565239552e-05 [-710.8715820312,1215.762207031] 20.98826530957743 20.21781917526464 6.06024254656993 51.3683237476331 26.79061605998004 1.3159554978504764e-05 9.712492838736275e-06 7.310560057167077e-06 5.881844722273659e-06 7.525267440568763e-06 6.0217311522695824e-06
46.47141264054543 -54.433566932518644 1.28125 0.8466797 [46.47141264054543,-54.433566932518644] 36.23895657941556 1.1959685531313118 0.0003967312129802775 1.763294422147411e-05 [-3168.344726562,-2253.85546875] 18.62669091322228 20.94323449476614 6.221907242184958 25.11272891919259 44.258387517734036 1.0403147315339232e-05 8.184790804271982e-06 5.055967709246193e-06 4.71038910592311e-06 4.390955622366925e-06 4.305845019423159e-06
46.46204395229096 -54.43491365602076 1.28125 0.8508301 [46.46204395229096,-54.43491365602076] 28.335212307983866 1.6145620718186011 0.00029186341522561063 1.751229680966009e-05 [-3178.03515625,-2251.005371094] 18.565386184379378 20.89714339036547 6.237271835109544 25.067935437201072 44.174162040402734 8.114349095992902e-06 6.487914020166257e-06 2.7977831580157525e-06 3.45305203216412e-06 2.1300383121041164e-06 3.1672461084884177e-06
44.94672001655118 -53.93446351718846 1.28125 0.7783203 [44.94672001655118,-53.93446351718846] 17.769030299262205 1.1741768866145432 0.0005142881445781496 2.2441337815783746e-05 [-4818.935546875,-3062.803710938] 19.290335425258082 19.364011696872886 5.824646242355853 12.909993327544953 42.122552765139744 5.320263957374864e-06 4.890968799320069e-06 -4.5549727214667156e-07 2.774887993228428e-06 -4.775568446604445e-07 2.7774294480782476e-06
46.06279789887369 -54.908702828668766 1.21875 0.17749023 [46.06279789887369,-54.908702828668766] 31.431597452208557 1.0473355450863695 0.00043522750802631156 1.693990158504717e-05 [-3553.634765625,-1379.858886719] 19.360975587720443 20.904141313711527 6.1030287401948895 26.054512189042953 33.72419284243051 1.970733306837809e-05 6.782951168793523e-05 7.568172944044862e-06 2.6644957269411604e-05 6.6006217087615634e-06 2.3414695501593563e-05
49.40967920208397 -56.13211824619285 1.25 0.47180176 [49.40967920208397,-56.13211824619285] 54.81882581295946 1.3293872513549272 0.00032576037947681973 1.6093795369384625e-05 [-89.60107421875,734.1591796875] 21.859985263715352 19.845092537847606 6.081874614106944 53.108340000746466 34.65663604998417 2.1081358118034014e-05 2.8124834330385654e-05 1.2674790283624378e-05 1.721038448205825e-05 1.344964590107903e-05 1.8217689698994868e-05
47.98581293783861 -56.24696348743663 1.21875 0.20526123 [47.98581293783861,-56.24696348743663] 41.58215267167131 2.4686920948757907 0.00017586064540856086 1.6134083201628192e-05 [-1513.170898438,957.3491210938] 21.454351136411635 20.881164452348315 6.215458980545207 45.94830348881612 24.414474812940398 2.4243880731565787e-05 7.21376889486561e-05 1.1735227458339499e-05 3.530937055908919e-05 1.2069415775021333e-05 3.6289539384735076e-05
44.945686003297354 -53.913181119359166 1.28125 0.82128906 [44.945686003297354,-53.913181119359166] 16.004859922911567 0.5086961165685486 0.0011930345572850384 2.2553822019634235e-05 [-4822.486328125,-3100.940429688] 19.190058913654017 19.303338304006516 5.787552182985529 12.754686544994911 42.47060765655169 4.665009066173031e-06 4.195493839488951e-06 -9.284043872266271e-07 2.749913610422206e-06 -9.614224445885955e-07 2.7568996717217335e-06
44.94492379651061 -53.90642557954918 1.28125 0.82836914 [44.94492379651061,-53.90642557954918] 18.473500960268627 0.34203827921211233 0.0017739208982942892 2.254850049982103e-05 [-4824.072265625,-3113.015625] 19.138605954632588 19.196677186424306 5.892357760739368 12.702915690166606 42.5780546574581 5.361494759882596e-06 4.643515517915774e-06 -1.9303092303529826e-07 2.661629772200976e-06 -2.0988471840526356e-07 2.6624029393368797e-06
45.28079581150387 -56.49851236229954 1.21875 0.21459961 [45.28079581150387,-56.49851236229954] 30.241135511121996 2.623307841221434 0.0001868117848146206 1.8212192424873224e-05 [-4187.099609375,1521.056152344] 20.12001015422175 20.4692990991524 5.888234426918736 33.251714450898476 3.1164091204384476 1.724377172265585e-05 4.9174927235590853e-05 5.771158135466996e-06 1.7270483667224644e-05 5.571990388296379e-06 1.673424167015142e-05
48.217758058667556 -55.45260241107898 1.2421875 0.39160156 [48.217758058667556,-55.45260241107898] 51.77982491546979 2.8734305626323486 0.00015046092854783063 1.6066939101168453e-05 [-1307.749511719,-476.9184570312] 20.804767852813512 20.02858193041037 6.519404380440228 41.9232641085149 38.60001184642056 2.1856821416130727e-05 3.4868049462744365e-05 1.3074904978496191e-05 2.1194181951865064e-05 1.3402541410627339e-05 2.1704505908181878e-05
47.8119318759186 -57.01814650687189 1.2890625 0.9169922 [47.8119318759186,-57.01814650687189] 57.00350740524694 2.34588008694516 0.00018742354258694573 1.633949592436946e-05 [-1652.8515625,2348.893310547] 23.193664478013343 21.912046410274716 6.876754991282135 50.31585593622049 11.206476288416525 1.572415784824036e-05 1.132692988051683e-05 9.326291156657837e-06 7.170840114252166e-06 9.679819662456832e-06 7.4023568232268535e-06
45.28071205636982 -54.82041540721502 1.234375 0.34802246 [45.28071205636982,-54.82041540721502] 34.6711368170304 0.6562471598131434 0.0007854666548296382 1.915595873311802e-05 [-4370.67578125,-1493.817871094] 19.17334492385512 20.691995905252554 6.001896505628102 21.058709240863436 29.844578303441267 1.552433762134968e-05 2.7745660498250687e-05 6.939286560021022e-06 1.2998674611562853e-05 6.25929586088054e-06 1.1860303729767614e-05
45.292213462052516 -54.80570608097844 1.234375 0.34802246 [45.292213462052516,-54.80570608097844] 33.57465729781079 1.038875898332119 0.0004934131049988233 1.9049476888064252e-05 [-4360.368164062,-1520.967285156] 19.17334492385512 20.691995905252554 6.001896505628102 21.01814637181542 30.16406593075135 1.503337828704544e-05 2.6882096880019497e-05 6.448327225716783e-06 1.2180763977262739e-05 5.768336526576301e-06 1.1053396773806948e-05
48.24558634183759 -56.8097610214582 1.2421875 0.44873047 [48.24558634183759,-56.8097610214582] 49.659013401054715 1.430479787172514 0.00030415485501019936 1.6169075238453397e-05 [-1234.946777344,1964.927246094] 22.079940384593634 21.824310205904112 6.206041096078857 51.20044828547407 17.077331285046284 1.958186001674673e-05 2.730647472446256e-05 1.0875156597221234e-05 1.5538993636587604e-05 1.0975958325494148e-05 1.5674753448374396e-05
48.253074485495105 -56.81410212640839 1.2578125 0.5866699 [48.253074485495105,-56.81410212640839] 50.18301591245022 0.6771800029888498 0.0006402092756143232 1.6111456023924225e-05 [-1227.427734375,1972.60546875] 22.048690206456193 21.611058356886097 6.204483079378848 51.27055630047039 17.05379792788085 1.7306469482678357e-05 1.8774999953392008e-05 9.702602372403834e-06 1.0927333747794221e-05 9.853527184544388e-06 1.1082522746282874e-05
48.523963816031646 -56.70595172537398 1.25 0.4840088 [48.523963816031646,-56.70595172537398] 34.05724043840378 0.8080708780941893 0.0005386296297536995 1.617515305547499e-05 [-963.3598632812,1773.708007812] 21.490377677196637 20.615958106657992 6.088710664656781 52.002882155707425 20.365754671184277 1.2930980762228265e-05 1.6950739784910765e-05 4.77143357814426e-06 7.1168048848158e-06 5.1034364797064475e-06 7.492809033524804e-06
48.514392940843265 -56.70379638925994 1.25 0.4840088 [48.514392940843265,-56.70379638925994] 47.46166415924757 0.3798199425283359 0.001148121748994869 1.6205946871061808e-05 [-972.87109375,1769.963134766] 21.490377677196637 20.615958106657992 6.088710664656781 51.936227028091025 20.343183883397387 1.8020422626329898e-05 2.3477570321405793e-05 9.860875442245892e-06 1.3242147439820621e-05 1.019287834380808e-05 1.3656871493064877e-05
48.08534621976508 -56.24905012981661 1.2421875 0.4482422 [48.08534621976508,-56.24905012981661] 50.64093257920018 0.45708899678086856 0.000958029515531728 1.6273776955384027e-05 [-1413.582519531,959.001953125] 21.23010690055525 20.838034840629742 6.228757041486447 46.509793225941394 24.984881103019916 1.9979930104197592e-05 2.7880657678010434e-05 1.1603780014261075e-05 1.6531974864998552e-05 1.1758468562716793e-05 1.6741382934310656e-05
