data_processed/hvc_rms/hvc_rms_index_1_with_B.ecsv
# %ECSV 1.0
# ---
# datatype:
# - {name: ra_dec_obj.ra, unit: deg, datatype: float64}
# - {name: ra_dec_obj.dec, unit: deg, datatype: float64}
# - {name: 'H-alpha flux [Error]', unit: R, datatype: float32}
# - {name: H-alpha flux, unit: R, datatype: float32}
# - {name: ra_dec_deg, datatype: string, subtype: 'float64[2]'}
# - {name: RM, unit: rad / m2, datatype: float64}
# - {name: RM_uncert, unit: rad / m2, datatype: float64}
# - {name: pol_int, datatype: float64}
# - {name: pol_int_uncert, datatype: float64}
# - {name: ra_dec_pix_offsets, datatype: string, subtype: 'float64[2]'}
# - {name: interpolation_raw, unit: rad / m2, datatype: float64}
# - {name: interpolation_cor, unit: rad / m2, datatype: float64}
# - {name: interpolation_unc, unit: rad / m2, datatype: float64}
# - {name: pixel location x, datatype: float64}
# - {name: pixel location y, datatype: float64}
# - {name: 'B_virtual [raw]', unit: G, datatype: float64}
# - {name: 'B_virtual_unc [raw]', unit: G, datatype: float64}
# - {name: 'B_virtual [int]', unit: G, datatype: float64}
# - {name: 'B_virtual_unc [int]', unit: G, datatype: float64}
# - {name: 'B_virtual [cor]', unit: G, datatype: float64}
# - {name: 'B_virtual_unc [cor]', unit: G, datatype: float64}
# meta: !!omap
# - __serialized_columns__:
#     ra_dec_obj:
#       __class__: astropy.coordinates.sky_coordinate.SkyCoord
#       dec: !astropy.table.SerializedColumn
#         __class__: astropy.coordinates.angles.Latitude
#         unit: &id001 !astropy.units.Unit {unit: deg}
#         value: !astropy.table.SerializedColumn {name: ra_dec_obj.dec}
#       frame: icrs
#       ra: !astropy.table.SerializedColumn
#         __class__: astropy.coordinates.angles.Longitude
#         unit: *id001
#         value: !astropy.table.SerializedColumn {name: ra_dec_obj.ra}
#         wrap_angle: !astropy.coordinates.Angle
#           unit: *id001
#           value: 360.0
#       representation_type: spherical
# schema: astropy-2.0
ra_dec_obj.ra ra_dec_obj.dec "H-alpha flux [Error]" "H-alpha flux" ra_dec_deg RM RM_uncert pol_int pol_int_uncert ra_dec_pix_offsets interpolation_raw interpolation_cor interpolation_unc "pixel location x" "pixel location y" "B_virtual [raw]" "B_virtual_unc [raw]" "B_virtual [int]" "B_virtual_unc [int]" "B_virtual [cor]" "B_virtual_unc [cor]"
[from data line 650]
315.7705686184427 -9.380667701919467 0.35351562 1.1787109 [315.7705686184427,-9.380667701919467] -29.278187828302418 1.4581635847053225 0.0004057483141701853 2.1987288527126224e-05 [-2208.71484375,69.0048828125] -19.91241813757683 -20.98655111249909 7.0862647938728545 57.426974703487986 47.71731557435305 -7.123430149244692e-06 2.1397582424179766e-06 -2.2787068167280448e-06 2.4814910419229875e-06 -2.017368537776824e-06 2.474561827151001e-06
314.8916013436739 -11.08478263323316 0.37890625 1.4282227 [314.8916013436739,-11.08478263323316] -39.28212412180602 1.000701756430153 0.0006654992379357498 2.4749186464493314e-05 [-3748.8203125,3143.317871094] -23.59092903154443 -20.249681490358235 7.20364014409168 57.84939786117161 75.19736064253084 -8.682516928153324e-06 2.092818636690825e-06 -3.468220470250092e-06 2.2993520937959748e-06 -4.2067354814939915e-06 2.3308080717905493e-06
316.19174212240785 -10.126046298932717 0.34570312 1.0820312 [316.19174212240785,-10.126046298932717] -48.512601669507355 1.461641259566085 0.0004010393127534882 2.178394061581103e-05 [-1457.598632812,1408.447753906] -18.755226039696797 -19.794483057001266 6.912715904846313 49.00725692959543 54.72769731666767 -1.2319222473620825e-05 2.8982200467430814e-06 -7.556546505423929e-06 2.880741637734316e-06 -7.292639026483408e-06 2.8577832490739444e-06
316.19326759686805 -10.130419795057286 0.3515625 1.1230469 [316.19326759686805,-10.130419795057286] -48.09809319789667 0.8027944795538737 0.0007263416670400793 2.1669756886941243e-05 [-1454.875976562,1416.312988281] -18.751028274268087 -19.94784688408665 6.866906160065964 48.96804471550854 54.77514955835795 -1.1988850700656365e-05 2.787461655862398e-06 -7.315000584830632e-06 2.7853971954695897e-06 -7.016683569022002e-06 2.7602652079904354e-06
316.9537049512147 -8.01317380988317 0.40625 1.6875 [316.9537049512147,-8.01317380988317] -16.942079114179077 2.4955409669952973 0.0002384601747480134 2.2115118189980434e-05 [-108.1201171875,-2396.155273438] -20.95830875143221 -17.817302443156994 6.564374047133631 52.335814194726254 22.50132561884311 -3.4450334958524837e-06 1.597386282046329e-06 8.166675137169511e-07 2.0199849024567653e-06 1.779695198186743e-07 2.016429719844778e-06
316.4803467555833 -7.800635602374059 0.37304688 1.3525391 [316.4803467555833,-7.800635602374059] -31.94394321432355 0.4676476369259799 0.001280173857534499 2.2248277947446127e-05 [-952.3227539062,-2777.890625] -20.80337579841526 -17.9664229442336 7.485372084073118 58.504524297841954 22.89421468861474 -7.255414873641526e-06 1.9916355133975012e-06 -2.530352561293795e-06 2.3671129704166695e-06 -3.174708513091879e-06 2.388077134926908e-06
317.3540955585342 -10.215163135457756 0.37109375 1.3168945 [317.3540955585342,-10.215163135457756] -73.08076913595464 0.7455106320307263 0.0007816081904816084 2.165467381676492e-05 [601.826171875,1567.428710938] -23.03040067305566 -20.81195062159299 7.084387351858698 36.2039108580866 48.5607074801901 -1.6821946466228278e-05 3.2458410604997242e-06 -1.1520741076651623e-05 2.9991460270715205e-06 -1.2031390436872248e-05 3.054677206294948e-06
317.35949714329325 -10.218066308440957 0.37109375 1.3168945 [317.35949714329325,-10.218066308440957] -67.98818747580914 1.6079022664360119 0.0003617395136397205 2.1615450974467858e-05 [611.3891601562,1572.663085938] -23.03040067305566 -20.81195062159299 7.084387351858698 36.13129785092133 48.56464963961298 -1.564972103572557e-05 3.095003884011751e-06 -1.0348515646148915e-05 2.8958317289187226e-06 -1.0859165006369539e-05 2.947635216326123e-06
318.720367442153 -8.541171182652885 0.3046875 0.6789551 [318.720367442153,-8.541171182652885] -17.589328226098274 0.8367420462249405 0.0007497303544573434 2.3313387941125366e-05 [3036.302246094,-1438.602050781] -12.058704087416604 -13.221258421778447 6.23370274972449 30.793552435950915 17.60088010014897 -5.638678937991309e-06 2.6392887766661933e-06 -1.7729735578223565e-06 3.0470867127268094e-06 -1.4002890212003036e-06 3.0357235342065304e-06
318.72488403493713 -8.540834319741153 0.29296875 0.5673828 [318.72488403493713,-8.540834319741153] -17.148304541330813 1.9914403485333119 0.00031382751457144267 2.32256043012032e-05 [3044.341064453,-1439.169433594] -11.999673352030587 -13.272737126095791 6.314117177387163 30.74781591914666 17.56611670795428 -6.013561184038287e-06 3.0359319182551225e-06 -1.8055201081996825e-06 3.414682261727721e-06 -1.3590825680876458e-06 3.399182521428616e-06
315.2818300466584 -10.346555628913107 0.34179688 1.0336914 [315.2818300466584,-10.346555628913107] -43.617498389414735 2.278877274079785 0.0002740313087717724 2.320757836025683e-05 [-3067.376953125,1811.150878906] -19.47691039555095 -20.923941489932318 7.676674922488305 57.51773703103686 63.24094117097047 -1.1332192285498135e-05 2.8650272411670274e-06 -6.271927440429323e-06 3.0049634599187522e-06 -5.895976613120895e-06 2.9778707007982772e-06
315.13076800806203 -8.719303134219988 0.37304688 1.3735352 [315.13076800806203,-8.719303134219988] -27.78817493167459 0.37533925427314363 0.0016804877035969863 2.3440562489390903e-05 [-3350.682617188,-1116.375976562] -21.58367213609974 -25.23744525080939 7.2504507933577385 67.757624092568 43.294074144098886 -6.263091671920373e-06 1.8808060101005185e-06 -1.3984138894662464e-06 2.2844457728940286e-06 -5.749011534880322e-07 2.274986119213866e-06
315.12527489353664 -8.71946237515391 0.37304688 1.3735352 [315.12527489353664,-8.71946237515391] -28.909131242547765 1.0046330578556577 0.0006260708209620055 2.3374354756903453e-05 [-3360.44921875,-1116.037109375] -21.58367213609974 -25.23744525080939 7.2504507933577385 67.8149670979094 43.330865745892424 -6.515740582922218e-06 1.915002685477025e-06 -1.6510628004680921e-06 2.2985333386885956e-06 -8.275500644898776e-07 2.28671830218584e-06
314.5470578736841 -9.63989742213036 0.36328125 1.265625 [314.5470578736841,-9.63989742213036] -32.204721547154264 0.9917252421721995 0.0006750720520715064 2.487998986739138e-05 [-4377.08203125,547.0322265625] -24.635796413573384 -25.816833203324258 7.796960264817583 69.03635898565858 58.68100691176596 -7.561634130586738e-06 2.096782426404601e-06 -1.7771755156503855e-06 2.489534772853845e-06 -1.499869342212971e-06 2.4842915736699932e-06
315.3306883702532 -11.44593522596451 0.375 1.3808594 [315.3306883702532,-11.44593522596451] -36.71012888662346 1.460312100678865 0.0005079344925855848 2.7565259977399917e-05 [-2969.90625,3788.833496094] -20.022998729505115 -17.91570004903501 6.956226460539172 51.3280001843475 77.26422189474624 -8.2520113583459e-06 2.0954262178618285e-06 -3.751073389581951e-06 2.32426491611498e-06 -4.2247697010379164e-06 2.345734365827419e-06
317.6571654102658 -7.403550678551159 0.37109375 1.34375 [317.6571654102658,-7.403550678551159] -39.670343293318396 2.007588421509061 0.0003169724824614675 2.364857337601132e-05 [1147.37109375,-3491.990234375] -13.006870173438482 -12.904423192670366 6.3434221692884565 48.31909904053259 9.994852988472303 -9.039727818675067e-06 2.230150768648009e-06 -6.0758370030256244e-06 2.417832051971115e-06 -6.099181717114469e-06 2.4194282691296236e-06
316.80789184483194 -8.538114618044858 0.35742188 1.2016602 [316.80789184483194,-8.538114618044858] -16.722094438627813 3.100464288243917 0.00018913442887631243 2.1792448530665463e-05 [-367.5288085938,-1451.331054688] -19.85724246858802 -19.54332063143665 7.212066089157644 50.99330214212057 30.208281036579592 -4.029475089750294e-06 1.973322070309689e-06 7.55467620145853e-07 2.5378745663721254e-06 6.798227762793996e-07 2.5372281163791616e-06
317.31039427761993 -7.954884178147139 0.36132812 1.2290039 [317.31039427761993,-7.954884178147139] -53.05789095622886 0.4570020072491929 0.00129548592336888 2.2001865684203966e-05 [527.724609375,-2500.8359375] -18.03573711902283 -16.056619515901357 6.303769703511243 48.89646383067327 19.394888838855877 -1.264218046242454e-05 2.7462701014722837e-06 -8.344779278128738e-06 2.6680669970429488e-06 -8.816346493562607e-06 2.712748831189936e-06
318.5570069490638 -9.463245291244476 0.40039062 1.6225586 [318.5570069490638,-9.463245291244476] -60.059995002380944 1.5770336108249128 0.0003798060544289575 2.225930170811621e-05 [2738.642578125,219.73046875] -18.093963740372732 -17.089374507945248 6.859691884802414 27.482917243341376 30.83917054516587 -1.2454713204035851e-05 2.414950367548649e-06 -8.702546239958807e-06 2.4503000252243333e-06 -8.910869114065787e-06 2.467701286780484e-06
315.6198728148325 -11.363212561704962 0.44726562 2.069336 [315.6198728148325,-11.363212561704962] -43.936819550142836 1.1207436598490264 0.0006108791048250447 2.5443114020102855e-05 [-2460.627929688,3637.804443359] -20.73969865065607 -17.457441241448315 6.546375303752282 48.67110655459783 74.43315871437335 -8.067923111406106e-06 1.7268467983853666e-06 -4.259584324474448e-06 1.8704077579164276e-06 -4.862290680566285e-06 1.8992543028596955e-06
315.61703477049724 -11.361860232074632 0.44726562 2.069336 [315.61703477049724,-11.361860232074632] -46.879147082374914 3.247034467570647 0.0002117390253117492 2.5550329867889478e-05 [-2465.646484375,3635.391601562] -20.73969865065607 -17.457441241448315 6.546375303752282 48.708227369856786 74.43259293813526 -8.608209653346863e-06 1.8636939663760157e-06 -4.799870866415204e-06 1.9769637906401693e-06 -5.402577222507042e-06 2.0074882440531924e-06
317.51480108170364 -7.214972291744128 0.4140625 1.7724609 [317.51480108170364,-7.214972291744128] -30.175362221106607 0.7267009068254996 0.0009415725813470542 2.542835164738224e-05 [893.6411132812,-3831.627929688] -14.356694976273374 -12.297647944749432 6.949669678554102 50.87615235013777 8.538528214328835 -5.98704868684807e-06 1.6519993813779846e-06 -3.138558213880232e-06 2.016232973152343e-06 -3.5470906694615303e-06 2.0309069140419444e-06
319.02392574941166 -11.621726009133551 0.33789062 0.99121094 [319.02392574941166,-11.621726009133551] -23.63857842988573 0.8638066640167836 0.0009419371077683018 3.023758900184273e-05 [3542.339599609,4108.017578125] -15.425305180655753 -17.019011613993783 6.27790122935296 11.150498569045112 56.819082376009646 -6.2717241275872085e-06 2.227803783988509e-06 -2.17912359478172e-06 2.540187482579613e-06 -1.7562856851373632e-06 2.5279896746843253e-06
319.26373287816375 -10.266938279389116 0.32226562 0.85009766 [319.26373287816375,-10.266938279389116] -28.728937884224813 1.4766821477667604 0.00045220621364728874 2.4816027017093902e-05 [3983.017578125,1673.014648438] -13.487660036339683 -15.841325223058849 6.34790804585952 15.698279005939185 36.92288250502679 -8.23064357469221e-06 2.680188827682965e-06 -4.366521522456879e-06 2.8892378792078734e-06 -3.6922125965886455e-06 2.8475331824271538e-06
317.15872201043237 -8.286841315465104 0.40234375 1.6376953 [317.15872201043237,-8.286841315465104] -52.04678251287684 1.330179032144084 0.0004482951466516028 2.216066751844924e-05 [257.1318359375,-1903.618652344] -20.405118153680668 -18.42593011348141 7.10619374193449 48.66449354186739 24.672611118729037 -1.0743009708115891e-05 2.199857612789406e-06 -6.531176203018661e-06 2.302976232750037e-06 -6.939701673825375e-06 2.3305181097324297e-06
317.1550902690855 -8.288206926551815 0.40234375 1.6376953 [317.1550902690855,-8.288206926551815] -43.941688954980926 2.508336405118947 0.00023872123693594312 2.22528448850106e-05 [250.662109375,-1901.163574219] -20.405118153680668 -18.42593011348141 7.10619374193449 48.695320105674114 24.71410740322972 -9.070032156504113e-06 2.064800550074105e-06 -4.858198651406885e-06 2.2482269918387677e-06 -5.266724122213595e-06 2.2694585561208505e-06
314.06759655558255 -10.053906387810436 0.34960938 1.1152344 [314.06759655558255,-10.053906387810436] -22.5187900317345 1.9386235834161234 0.00046603432776331333 3.357531551305446e-05 [-5220.420898438,1298.717285156] -27.648717625779547 -25.181331489371523 8.048223975685634 71.9568788999486 66.90890526529256 -5.632622064446995e-06 2.0826100119189462e-06 1.2831481316053637e-06 2.7216138470284983e-06 6.659811535458423e-07 2.7143846578115003e-06
317.3519591096202 -9.753733579291222 0.54296875 3.0410156 [317.3519591096202,-9.753733579291222] -113.70713247616311 2.509028402843841 0.0002331216047306784 2.1736859828369233e-05 [598.888671875,736.90625] -22.490429805701286 -18.805803778297445 7.243238201090326 38.67534698716736 42.50202541501403 -1.7223722344810337e-05 2.456819221178788e-06 -1.3816997454706795e-05 2.3538025832355586e-06 -1.4375124058187619e-05 2.4069155960283612e-06
318.0778197882685 -8.028907694108783 0.29492188 0.578125 [318.0778197882685,-8.028907694108783] -31.81031775299229 0.9256681736729861 0.0006585291478828843 2.2653694410172987e-05 [1895.348144531,-2364.998046875] -14.69714142882479 -15.039336867145305 5.883937554644603 40.399277403304495 15.233103482152728 -1.1051106556273307e-05 3.866784956167903e-06 -5.945226216952164e-06 3.575132492003197e-06 -5.826345346873619e-06 3.5607852937509843e-06
318.0751343390872 -8.018623205650885 0.29492188 0.578125 [318.0751343390872,-8.018623205650885] -28.470016443210667 1.5942202031575825 0.00037997674819291054 2.2511997583538706e-05 [1890.610351562,-2383.51953125] -14.69714142882479 -15.039336867145305 5.883937554644603 40.484709078143624 15.117777682286487 -9.890664652137232e-06 3.6575198548491335e-06 -4.784784312816087e-06 3.4747588284128975e-06 -4.665903442737544e-06 3.4629111770405315e-06
319.2953490891714 -9.056553003208085 0.31835938 0.7841797 [319.2953490891714,-9.056553003208085] -9.154158277962043 0.08935861857117161 0.007370791133210881 2.4477060096166016e-05 [4053.520996094,-505.1987304688] -9.769489906286054 -13.068788650897531 6.648873693373824 21.899539584147533 20.538010468965695 -2.730607364023348e-06 2.1744533802573493e-06 1.8354817828123514e-07 2.8802381942609863e-06 1.1677008632788059e-06 2.8915979763603992e-06
317.45059190438934 -11.630352968882624 0.3203125 0.8173828 [317.45059190438934,-11.630352968882624] -24.55693522625611 0.8251001151776005 0.000905425745012438 2.776311487293629e-05 [769.0922851562,4113.925415039] -16.354176652010093 -18.03414534337991 6.702860972837003 27.82700566679341 66.77885795528937 -7.174804109577192e-06 2.5756960804938773e-06 -2.3966014238390965e-06 2.8884585246460344e-06 -1.9057646740677436e-06 2.8714131485413027e-06
319.4644775743432 -8.492036847031894 0.36328125 1.2592773 [319.4644775743432,-8.492036847031894] -19.778288707717756 2.4050850607671648 0.0003030061995585219 2.7082618881354146e-05 [4360.525634766,-1519.235839844] -9.468491640784402 -11.797315080080539 6.65290725967391 23.229464966129854 11.920838745292713 -4.655610632661888e-06 1.9136465959466075e-06 -2.4268227425900426e-06 2.3786974561906018e-06 -1.8786410810821594e-06 2.364313630216127e-06
315.00189219784414 -9.465501844287889 0.359375 1.2402344 [315.00189219784414,-9.465501844287889] -31.302342246972195 3.032299448303137 0.0002022107331849092 2.278688675187215e-05 [-3572.389648438,228.00390625] -22.65671285350921 -23.807079931524445 8.179241291674785 65.13032161622152 53.62872053415322 -7.424609001863099e-06 2.20853294298358e-06 -2.0506586157362224e-06 2.6758300888373363e-06 -1.77780281167239e-06 2.6701456763672626e-06
316.90472402223406 -7.501247697422064 0.44726562 2.0908203 [316.90472402223406,-7.501247697422064] 73.22418614081744 3.0226930976984785 0.00020255250941235192 2.2753090041927318e-05 [-195.6640625,-3317.244140625] -19.28511122908038 -15.380748715076617 7.269885901253975 55.693040763504996 16.27451857851338 1.337657202275591e-05 2.3316365131241903e-06 1.689957026853433e-05 3.0470473050325174e-06 1.6186322513604263e-05 2.9704169019860567e-06
