data_processed/hvc_rms/hvc_rms_index_14_with_B.ecsv
# %ECSV 1.0
# ---
# datatype:
# - {name: ra_dec_obj.ra, unit: deg, datatype: float64}
# - {name: ra_dec_obj.dec, unit: deg, datatype: float64}
# - {name: 'H-alpha flux [Error]', unit: R, datatype: float32}
# - {name: H-alpha flux, unit: R, datatype: float32}
# - {name: ra_dec_deg, datatype: string, subtype: 'float64[2]'}
# - {name: RM, unit: rad / m2, datatype: float64}
# - {name: RM_uncert, unit: rad / m2, datatype: float64}
# - {name: pol_int, datatype: float64}
# - {name: pol_int_uncert, datatype: float64}
# - {name: ra_dec_pix_offsets, datatype: string, subtype: 'float64[2]'}
# - {name: interpolation_raw, unit: rad / m2, datatype: float64}
# - {name: interpolation_cor, unit: rad / m2, datatype: float64}
# - {name: interpolation_unc, unit: rad / m2, datatype: float64}
# - {name: pixel location x, datatype: float64}
# - {name: pixel location y, datatype: float64}
# - {name: 'B_virtual [raw]', unit: G, datatype: float64}
# - {name: 'B_virtual_unc [raw]', unit: G, datatype: float64}
# - {name: 'B_virtual [int]', unit: G, datatype: float64}
# - {name: 'B_virtual_unc [int]', unit: G, datatype: float64}
# - {name: 'B_virtual [cor]', unit: G, datatype: float64}
# - {name: 'B_virtual_unc [cor]', unit: G, datatype: float64}
# meta: !!omap
# - __serialized_columns__:
#     ra_dec_obj:
#       __class__: astropy.coordinates.sky_coordinate.SkyCoord
#       dec: !astropy.table.SerializedColumn
#         __class__: astropy.coordinates.angles.Latitude
#         unit: &id001 !astropy.units.Unit {unit: deg}
#         value: !astropy.table.SerializedColumn {name: ra_dec_obj.dec}
#       frame: icrs
#       ra: !astropy.table.SerializedColumn
#         __class__: astropy.coordinates.angles.Longitude
#         unit: *id001
#         value: !astropy.table.SerializedColumn {name: ra_dec_obj.ra}
#         wrap_angle: !astropy.coordinates.Angle
#           unit: *id001
#           value: 360.0
#       representation_type: spherical
# schema: astropy-2.0
ra_dec_obj.ra ra_dec_obj.dec "H-alpha flux [Error]" "H-alpha flux" ra_dec_deg RM RM_uncert pol_int pol_int_uncert ra_dec_pix_offsets interpolation_raw interpolation_cor interpolation_unc "pixel location x" "pixel location y" "B_virtual [raw]" "B_virtual_unc [raw]" "B_virtual [int]" "B_virtual_unc [int]" "B_virtual [cor]" "B_virtual_unc [cor]"
[from data line 474]
129.60083025017798 -57.87302016555764 3.859375 26.570312 [129.60083025017798,-57.87302016555764] -5.3395477863672145 1.0383882236660016 0.0006441748872117442 2.4858347076530075e-05 [-3933.165039062,-4282.556640625] 57.63670041339887 63.58438932299879 25.294006127183305 31.316424392577687 41.77289794804619 -2.7362437378519866e-07 3.64017333091766e-07 -3.2272089634628025e-06 1.396747552168738e-06 -3.5319974433999177e-06 1.4065763020029862e-06
129.3153077648379 -60.158031531330245 2.546875 13.4921875 [129.3153077648379,-60.158031531330245] 15.108058891810014 0.38076326560001816 0.0013189378905686783 1.866328512308345e-05 [-3935.283203125,-162.2783203125] 37.38948426753798 41.676268298756035 18.841697629107482 13.805019226532636 20.223711547255107 1.0864659482095378e-06 5.236687389034945e-07 -1.6023243039794713e-06 1.46073441674478e-06 -1.910599834979129e-06 1.4670255807692121e-06
133.4527285035092 -58.86122891519176 3.234375 20.40625 [133.4527285035092,-58.86122891519176] 48.483669738375085 2.416668816696352 0.00019092932930600242 1.7147408273528663e-05 [-242.458984375,-2627.10546875] 55.49862108899934 53.286247205855446 23.258861407373015 43.2620469600397 17.24396992277684 2.835061713039199e-06 5.505437329949295e-07 -4.101962599016332e-07 1.428171875857685e-06 -2.808286496346111e-07 1.4277217320549415e-06
133.45156843898172 -58.859527830417846 3.234375 20.398438 [133.45156843898172,-58.859527830417846] 47.946353572399445 1.1402191253932084 0.00040395511769500864 1.7117098076564897e-05 [-243.55078125,-2630.162109375] 55.61547895526782 53.70625400189526 23.513690517078654 43.26934845077494 17.26459916385147 2.8041792207179593e-06 5.340164194515359e-07 -4.4853467338754957e-07 1.4374176328574438e-06 -3.368721893189907e-07 1.4369787236867194e-06
131.8298340972778 -59.89656056041067 3.265625 20.585938 [131.8298340972778,-59.89656056041067] -23.81864550649508 2.6577087000341515 0.00017323810088061217 1.711037371975292e-05 [-1700.001953125,-739.9633789062] 48.61503580012362 46.935375508067345 20.88823749337642 27.770713050283348 13.62330982361209 -1.3866931496172262e-06 4.6657907819086154e-07 -4.21700258488904e-06 1.3873764712515793e-06 -4.1192147648367475e-06 1.3831421013561813e-06
134.29640192965343 -58.996280893948025 3.296875 20.992188 [134.29640192965343,-58.996280893948025] 98.76249609890165 0.7304724525779743 0.0006398756514807745 1.7370332449319438e-05 [540.708984375,-2382.184570312] 56.2652735458384 49.193604127565195 21.468392110849898 46.26527656087728 12.616312116814925 5.6939263256646815e-06 7.919397757160239e-07 2.4500803829441557e-06 1.3349943555088215e-06 2.857781344924515e-06 1.3465075729155195e-06
134.2875365950362 -58.99422445546686 3.296875 20.890625 [134.2875365950362,-58.99422445546686] 103.02718604001419 1.4397444635246297 0.0003237564260917064 1.7322577682732756e-05 [532.521484375,-2385.95703125] 55.84167799449939 49.04378013211801 21.238651423632216 46.23897106458969 12.670981995074499 5.954218335417583e-06 8.237083793028996e-07 2.7269774898198257e-06 1.3355622969535827e-06 3.1198463009583432e-06 1.3478260476312741e-06
133.29063398555795 -60.163387179131405 3.03125 18.34375 [133.29063398555795,-60.163387179131405] -27.09378006864174 0.47978041679756855 0.0009800865430415605 1.747493812850932e-05 [-378.3999023438,-282.7690429688] 36.47115204734182 41.283700531264564 18.640093624409694 32.66306240398171 5.562271809577169 -1.6709912427827941e-06 4.784730586317756e-07 -3.9203257959868764e-06 1.3184389035182066e-06 -4.217136589893409e-06 1.3320410156351226e-06
133.29483046017677 -60.15832526216095 3.03125 18.34375 [133.29483046017677,-60.15832526216095] -25.822446018489895 0.5257830606063935 0.0008915293012761654 1.7420110868300447e-05 [-374.6997070312,-291.904296875] 36.47115204734182 41.283700531264564 18.640093624409694 32.720675258595634 5.594341138531945 -1.5925825431080644e-06 4.746501925504118e-07 -3.8419170963121475e-06 1.3150560189383868e-06 -4.138727890218679e-06 1.3284312913606706e-06
133.17700194397577 -59.069225042203136 3.234375 20.414062 [133.17700194397577,-59.069225042203136] 26.264972448189976 0.13100536822861056 0.003538853637826781 1.722901291380952e-05 [-496.0913085938,-2251.275390625] 51.59195262924628 52.97653711798566 22.78276666849857 40.36536939043606 16.36755737786916 1.535539044179866e-06 4.488153258185523e-07 -1.4807008465703422e-06 1.404695068944632e-06 -1.561648334583856e-06 1.4059546745213675e-06
133.17497260520562 -59.06929412924418 3.234375 20.414062 [133.17497260520562,-59.06929412924418] 23.896096437438306 0.20919710199803215 0.0022168807680371366 1.7234818052245777e-05 [-497.9677734375,-2251.135742188] 51.59195262924628 52.97653711798566 22.78276666849857 40.355106421281334 16.374865255384975 1.397046547661717e-06 4.423658635832224e-07 -1.6191933430884912e-06 1.4069224633876619e-06 -1.7001408311020052e-06 1.4082945178438325e-06
133.33702077515164 -58.324672480899586 3.375 21.703125 [133.33702077515164,-58.324672480899586] 72.50037788304212 0.39942277655108094 0.00127769944963174 1.896575941748695e-05 [-355.5859375,-3591.926757812] 60.77894525058292 58.810734261682384 24.63280600507301 46.763723810282386 22.760847653420342 4.110813447229485e-06 6.301508339184123e-07 6.646120240095766e-07 1.4543208682032344e-06 7.762107278564659e-07 1.455102650225737e-06
133.33032220227972 -58.32431395693197 3.390625 21.84375 [133.33032220227972,-58.32431395693197] 74.56560083689418 1.3699957052494536 0.0003723137509384757 1.8955575987048405e-05 [-361.9208984375,-3592.53515625] 59.71334574824297 58.24199372404868 24.345135644093016 46.73368526635272 22.79115962730657 4.214281650444569e-06 6.429220515111039e-07 8.394163714276031e-07 1.4372392842401393e-06 9.225739101225564e-07 1.4379590282383026e-06
128.21705643075848 -59.55065164483769 2.5625 13.574219 [128.21705643075848,-59.55065164483769] 17.242588367978023 0.8871362070587742 0.0007438440911625903 2.452341374071358e-05 [-5005.87109375,-1178.026855469] 49.449081837152065 46.38676969174079 19.09534530178908 12.60236163277932 30.194486866040506 1.2362140432452168e-06 5.309524255429957e-07 -2.309057008182071e-06 1.4902678057229157e-06 -2.089503354277745e-06 1.4847464500090337e-06
128.2131495130145 -59.550563795094064 2.5625 13.574219 [128.2131495130145,-59.550563795094064] 17.302075779229597 0.6695825434566591 0.000987031434848396 2.4560873604484067e-05 [-5009.431640625,-1177.887695312] 49.449081837152065 46.38676969174079 19.09534530178908 12.583461504859315 30.209220380025954 1.2404790162072852e-06 5.294802226908052e-07 -2.304792035220003e-06 1.48957127606847e-06 -2.0852383813156766e-06 1.4840580611980936e-06
130.89958231466665 -59.12440509707974 3.140625 19.460938 [130.89958231466665,-59.12440509707974] -9.715604339904187 1.095646682120967 0.0004373231909011247 1.7806630190575585e-05 [-2597.943359375,-2098.524414062] 51.67866411065475 52.00824519819596 20.303845771311643 28.893893027859804 24.598891284313595 -5.817502458120401e-07 4.3003697173385365e-07 -3.676161514304241e-06 1.362165621946924e-06 -3.6958961465498763e-06 1.3629456533883252e-06
130.24110395278902 -58.54866426420339 3.234375 20.3125 [130.24110395278902,-58.54866426420339] 25.39636260127333 2.328155768844257 0.0002181954522648304 1.8878454251308865e-05 [-3258.994140625,-3104.107421875] 55.115078597211365 60.59662639020626 22.87998115071959 29.762590377113952 32.70653165209433 1.4884644419546496e-06 4.678952444899493e-07 -1.7417947882932156e-06 1.4244196369720643e-06 -2.0630647711189768e-06 1.4306015773406383e-06
131.54225151715357 -58.02845372095938 3.734375 25.265625 [131.54225151715357,-58.02845372095938] 80.54581921440291 1.7419407195333003 0.00034210167052445316 2.2146100651129434e-05 [-2068.6640625,-4091.678710938] 64.6423597302543 68.00687788450223 23.783912040550284 40.07382484371442 32.72354081922049 4.232788944794329e-06 6.218325531010162e-07 8.357477538257078e-07 1.309718452719434e-06 6.589378909828964e-07 1.3083495117977085e-06
129.25932342492013 -58.530841841396104 3.21875 20.109375 [129.25932342492013,-58.530841841396104] -9.579105043390136 1.6757730578646868 0.00032876054514855227 2.0474042425684057e-05 [-4180.984375,-3080.71875] 58.48422109508898 61.91734256484714 24.434493912981274 24.928380204852488 36.57457193489108 -5.642535283474958e-07 4.293947949342371e-07 -4.009244261414978e-06 1.5762337565648758e-06 -4.211470971925192e-06 1.5838644584895895e-06
129.94012461771035 -59.85503761112932 2.984375 17.851562 [129.94012461771035,-59.85503761112932] 24.23666969814046 0.5317023195841849 0.0009008646106854648 1.7800687855366835e-05 [-3408.154296875,-741.4189453125] 45.179921629800134 45.02820129028784 21.438989148097207 18.973088616735936 20.98614277324009 1.5152470985222827e-06 4.767240213185759e-07 -1.3093466271689667e-06 1.4195074491277423e-06 -1.2998612561548765e-06 1.4193759205865132e-06
132.49003596531998 -60.265804273264635 3.109375 19.0625 [132.49003596531998,-60.265804273264635] -23.93114638306946 2.722582587532067 0.00016961485113676283 1.7161436643516422e-05 [-1091.877929688,-89.49267578125] 43.51992243636218 43.34474511319005 18.96530441065145 28.163404760776757 7.6032942456540695 -1.447845461673356e-06 4.872473793473719e-07 -4.0808209649464104e-06 1.3299232617896788e-06 -4.070222655601635e-06 1.3294440684461552e-06
131.2875370467993 -59.68289553677982 3.390625 21.890625 [131.2875370467993,-59.68289553677982] 8.008667579729995 0.8672767222733548 0.0005353535213746851 1.7254685859862913e-05 [-2203.319335938,-1108.28515625] 50.91077231699568 47.93308983733749 22.063483858521387 26.73299264652576 17.71670600073594 4.5214717433201436e-07 4.0182468607717866e-07 -2.422133923868619e-06 1.3389978164383617e-06 -2.2540222241592914e-06 1.3348530756862435e-06
131.28642259533177 -59.67617419742258 3.5 23.015625 [131.28642259533177,-59.67617419742258] 5.716964694452578 0.7993571852916872 0.0005791884553187466 1.7205586564905763e-05 [-2204.7734375,-1120.337402344] 51.00516348759041 48.37922899575273 21.808818900143258 26.776481242465138 17.786098106114196 3.147768303896296e-07 3.8969454043723835e-07 -2.4935742010077974e-06 1.2956510471091647e-06 -2.348989901413725e-06 1.2918949165255694e-06
134.30058272999125 -58.3718832988043 3.25 20.445312 [134.30058272999125,-58.3718832988043] 78.62255491203148 0.4001037962199546 0.001247145399308705 1.854378844919874e-05 [554.41015625,-3505.557617188] 63.61902207663862 57.07968742562769 22.74119317162356 51.08562794057741 18.41686422020507 4.593026067273673e-06 6.869590147706641e-07 8.764866200450888e-07 1.3941974790460686e-06 1.2585059343286918e-06 1.3984081434952706e-06
134.27767923839292 -58.35808188089275 3.25 20.445312 [134.27767923839292,-58.35808188089275] 70.02844133878403 1.1925358294804218 0.0004212483654358665 1.8668884466360958e-05 [533.0,-3530.573242188] 63.61902207663862 57.07968742562769 22.74119317162356 51.08115657628343 18.638725125040082 4.090969275667229e-06 6.429332429191498e-07 3.7442982843864476e-07 1.3924939106267482e-06 7.564491427222479e-07 1.39472855475887e-06
134.30392449309323 -58.37413794723654 3.25 20.445312 [134.30392449309323,-58.37413794723654] 78.71326874307161 0.8313547360493923 0.0005992211151608012 1.8513229583084823e-05 [557.5288085938,-3501.473632812] 63.61902207663862 57.07968742562769 22.74119317162356 51.08441750221664 18.38225398814393 4.598325449761253e-06 6.887868474822441e-07 8.817860025326684e-07 1.3948954595087012e-06 1.2638053168162716e-06 1.3991248843942144e-06
134.28074647707123 -58.36080525245656 3.25 20.445312 [134.28074647707123,-58.36080525245656] 68.43480657869117 1.7910836676400357 0.00027936050708596375 1.8594717606109062e-05 [535.8549804688,-3525.649414062] 63.61902207663862 57.07968742562769 22.74119317162356 51.07503084320729 18.600865303618548 3.997871232707296e-06 6.392189569039293e-07 2.813317854787121e-07 1.3943649926306673e-06 6.633510997623153e-07 1.396229453181098e-06
132.28134179576801 -60.651000872774226 2.796875 15.890625 [132.28134179576801,-60.651000872774226] -18.758485009736663 1.2478657160279352 0.00036939049208009497 1.7130193508499677e-05 [-1263.056640625,607.447265625] 31.45349592744462 35.99372054587691 20.018566940982776 24.34141187121213 4.677207768218068 -1.243013671412736e-06 4.964617198086347e-07 -3.327250507769455e-06 1.4686853684109023e-06 -3.628104295752157e-06 1.4799298768451013e-06
131.39981121466263 -61.18222804931061 2.65625 14.496094 [131.39981121466263,-61.18222804931061] -68.59198205701041 0.44919805537057966 0.0010244199375494085 1.710112151240769e-05 [-2006.599609375,1585.1015625] 31.840509617727296 35.79142659067624 22.295173493581313 16.379788501421103 2.72186217852186 -4.758789473468981e-06 7.812504036064117e-07 -6.9678272859758465e-06 1.8520835706953358e-06 -7.241934864406696e-06 1.869347015527658e-06
131.3980870099427 -61.18076714050685 2.65625 14.496094 [131.3980870099427,-61.18076714050685] -69.8590907106382 0.5295392288198095 0.0008701276243283401 1.712339197850317e-05 [-2008.1875,1582.526367188] 31.840509617727296 35.79142659067624 22.295173493581313 16.382425447098626 2.7422479596009453 -4.846699213671758e-06 7.903534596328234e-07 -7.055737026178624e-06 1.857666853551715e-06 -7.329844604609473e-06 1.8750908670484366e-06
136.42517081237753 -59.255874687667166 3.03125 18.367188 [136.42517081237753,-59.255874687667166] 12.117097707487197 0.2336531204418014 0.0020521808232622416 1.781951639743231e-05 [2494.540039062,-1866.139160156] 38.22800972298283 38.891137240614874 18.430521472696167 54.181588583905295 1.5961177846309056 7.468371523721434e-07 4.4121192179725123e-07 -1.6093457068884454e-06 1.2310090432211531e-06 -1.6502175624171754e-06 1.2318155454904816e-06
136.4231412725824 -59.25105676188071 3.03125 18.367188 [136.4231412725824,-59.25105676188071] 11.863912342384419 2.0116967667317063 0.00023838473386016333 1.782172183555019e-05 [2493.026855469,-1874.879394531] 38.22800972298283 38.891137240614874 18.430521472696167 54.21056893687478 1.6481864274157942 7.312320758381131e-07 4.5770123660300234e-07 -1.6249507834224757e-06 1.2374579201935236e-06 -1.6658226389512059e-06 1.2382679016830948e-06
131.15667678804644 -60.306686415467766 2.8125 16.125 [131.15667678804644,-60.306686415467766] -12.982443701798797 1.3218622855050852 0.000347572499969364 1.707419836076493e-05 [-2278.71875,18.1650390625] 45.18960359556221 41.88600184112901 22.74300188227402 21.58308728045722 12.133076278803856 -8.539947886860825e-07 4.806694739764667e-07 -3.826600475245144e-06 1.6394304974917885e-06 -3.609287098273654e-06 1.631672031757209e-06
129.09939566230622 -59.37727734763153 3.171875 19.648438 [129.09939566230622,-59.37727734763153] 35.477615830153375 1.1229163765294237 0.0004703919469316716 1.9629805516046773e-05 [-4225.76953125,-1550.936035156] 51.57039240393059 48.74277334694491 22.347184499019768 18.19741618316084 28.76565994123689 2.114165838147185e-06 4.937701624409953e-07 -9.589933730636489e-07 1.4019124752484705e-06 -7.904911929230043e-07 1.4003750198767211e-06
129.09121680688366 -59.38033681609061 3.171875 19.648438 [129.09121680688366,-59.38033681609061] 27.79777949491119 2.9460120800496075 0.0001797993120816592 1.9684811132059892e-05 [-4232.862304688,-1544.918457031] 51.57039240393059 48.74277334694491 22.347184499019768 18.13539644892569 28.76485864290521 1.6565125476819698e-06 4.949050088546803e-07 -1.4166466635288642e-06 1.4168948219083468e-06 -1.2481444833882196e-06 1.414577128398015e-06
132.16899134203757 -59.047443402193586 3.09375 18.953125 [132.16899134203757,-59.047443402193586] 0.14948904000303917 0.8902187449903678 0.0005171099348699022 1.7107569760715022e-05 [-1429.447265625,-2275.737304688] 52.52104655320757 52.84957765515453 21.694695693498247 35.65989847126798 20.49840464667409 9.070214833083603e-09 4.281456926569768e-07 -3.177632806915486e-06 1.4370305216455486e-06 -3.197566359729446e-06 1.437683056763072e-06
