data_processed/hvc_rms/hvc_rms_index_22_with_B.ecsv
# %ECSV 1.0
# ---
# datatype:
# - {name: ra_dec_obj.ra, unit: deg, datatype: float64}
# - {name: ra_dec_obj.dec, unit: deg, datatype: float64}
# - {name: 'H-alpha flux [Error]', unit: R, datatype: float32}
# - {name: H-alpha flux, unit: R, datatype: float32}
# - {name: ra_dec_deg, datatype: string, subtype: 'float64[2]'}
# - {name: RM, unit: rad / m2, datatype: float64}
# - {name: RM_uncert, unit: rad / m2, datatype: float64}
# - {name: pol_int, datatype: float64}
# - {name: pol_int_uncert, datatype: float64}
# - {name: ra_dec_pix_offsets, datatype: string, subtype: 'float64[2]'}
# - {name: interpolation_raw, unit: rad / m2, datatype: float64}
# - {name: interpolation_cor, unit: rad / m2, datatype: float64}
# - {name: interpolation_unc, unit: rad / m2, datatype: float64}
# - {name: interpolation_cor_unc, unit: rad / m2, datatype: float64}
# - {name: HI, unit: dex(1 / cm2), datatype: float64}
# - {name: 'HI [Error]', unit: dex(1 / cm2), datatype: float64}
# - {name: pixel location x, datatype: float64}
# - {name: pixel location y, datatype: float64}
# - {name: 'B_virtual [raw]', unit: G, datatype: float64}
# - {name: 'B_virtual_unc [raw]', unit: G, datatype: float64}
# - {name: 'B_virtual [int]', unit: G, datatype: float64}
# - {name: 'B_virtual_unc [int]', unit: G, datatype: float64}
# meta: !!omap
# - __serialized_columns__:
#     ra_dec_obj:
#       __class__: astropy.coordinates.sky_coordinate.SkyCoord
#       dec: !astropy.table.SerializedColumn
#         __class__: astropy.coordinates.angles.Latitude
#         unit: &id001 !astropy.units.Unit {unit: deg}
#         value: !astropy.table.SerializedColumn {name: ra_dec_obj.dec}
#       frame: icrs
#       ra: !astropy.table.SerializedColumn
#         __class__: astropy.coordinates.angles.Longitude
#         unit: *id001
#         value: !astropy.table.SerializedColumn {name: ra_dec_obj.ra}
#         wrap_angle: !astropy.coordinates.Angle
#           unit: *id001
#           value: 360.0
#       representation_type: spherical
# schema: astropy-2.0
ra_dec_obj.ra ra_dec_obj.dec "H-alpha flux [Error]" "H-alpha flux" ra_dec_deg RM RM_uncert pol_int pol_int_uncert ra_dec_pix_offsets interpolation_raw interpolation_cor interpolation_unc interpolation_cor_unc HI "HI [Error]" "pixel location x" "pixel location y" "B_virtual [raw]" "B_virtual_unc [raw]" "B_virtual [int]" "B_virtual_unc [int]"
[from data line 36]
13.798093731444961 -36.90474317079259 1.2109375 0.1000061 [13.798093731444961,-36.90474317079259] 0.6228272287772122 1.18825325963018 0.00035353473318805993 1.5611685910832276e-05 [1018.856445312,-613.9384765625] 3.6110515888766157 0.34603597533197705 2.813254319610939 1.7431083139554153 18.223920822143555 9.111960411071777 50.703911326849266 25.735298286931084 5.1450945332200275e-08 5.865369126823898e-07 -2.4685331836514726e-07 6.309789345267456e-07
14.310276134733769 -36.468616367709366 1.2890625 0.85668945 [14.310276134733769,-36.468616367709366] -2.6162440366003574 2.607746062914185 0.00015916620025453342 1.5424988542819173e-05 [1765.936523438,-1391.361328125] 4.091298726495385 2.1026909751958054 2.702873464762365 1.7925214038341886 18.793498992919922 9.396749496459961 46.052172779508396 58.56144618609187 -2.1612450882581734e-07 6.17148427433621e-07 -5.541013624195317e-07 6.566358480412408e-07
13.874062390800377 -37.548580262645494 1.3046875 1.0356445 [13.874062390800377,-37.548580262645494] 8.871404848674885 2.1309601562173475 0.0001919295752753307 1.5199382170126094e-05 [1118.609375,545.783203125] 4.602148567730857 2.74212701405183 2.9307383635343114 2.3081159083218052 20.545982360839844 10.272991180419922 58.46376952095841 26.059986060910205 7.328551880834021e-07 6.052194098348666e-07 3.526776951471018e-07 6.513071723214274e-07
13.50505354068307 -34.962722883893306 1.234375 0.3614502 [13.50505354068307,-34.962722883893306] 3.0833886415281766 0.7861608266712257 0.0006596497515970143 1.9272298166275657e-05 [611.9189453125,-4110.953125] 2.196229907492109 1.179162511922689 2.7847938852775407 2.7138814520713987 18.036821365356445 9.018410682678223 27.246881921600448 19.312329146158163 2.547147155795605e-07 5.81991419535223e-07 7.328702634836344e-08 6.257273036236589e-07
13.695941039623467 -36.94001005013425 1.2109375 0.1000061 [13.695941039623467,-36.94001005013425] -0.8192315074489399 0.3655487175596155 0.001129443887975831 1.5343294724636195e-05 [871.4306640625,-551.4794921875] 3.3738376383302437 0.1633163449976287 2.868456660091468 1.7689576480179157 18.78785514831543 9.393927574157715 51.04653603639531 19.80935109905886 -6.767564672296744e-08 5.790555592073731e-07 -3.4638397524330235e-07 6.258210685649622e-07
13.681851325062201 -36.44538866427204 1.2109375 0.13433838 [13.681851325062201,-36.44538866427204] -24.0155857050065 0.73343540842929 0.0005537752118280089 1.5093991039413673e-05 [856.6479492188,-1441.864257812] 3.1809547255781996 -0.4239194397290462 2.9266541700869086 1.379724459822326 18.620332717895508 9.310166358947754 45.118373955175116 21.754246879655284 -1.9838962237648857e-06 5.871722951194456e-07 -2.24667074634195e-06 6.364897620361626e-07
13.68652820722517 -36.44298171773 1.2109375 0.13433838 [13.68652820722517,-36.44298171773] -15.49872249101253 0.4140832907008611 0.0009848888490783967 1.5155966251469609e-05 [863.4462890625,-1446.153808594] 3.1809547255781996 -0.4239194397290462 2.9266541700869086 1.379724459822326 18.568092346191406 9.284046173095703 45.093143376518356 22.04553994642265 -1.2803292578739686e-06 5.816806490264676e-07 -1.543103780451033e-06 6.309274630017195e-07
14.077389867338178 -35.395625819954596 1.2265625 0.29541016 [14.077389867338178,-35.395625819954596] -8.72653052878516 0.510199120190904 0.000899446889838716 1.7053908673072368e-05 [1448.40234375,-3326.032226562] 2.146686968684217 -0.907429345052698 2.7188252700100124 1.3433582122802863 19.068973541259766 9.534486770629883 32.98911417028205 55.218746326086375 -7.208873094032743e-07 5.80558864069239e-07 -8.982223210532327e-07 6.228827976817741e-07
14.081807196399257 -35.39969645213816 1.234375 0.32128906 [14.081807196399257,-35.39969645213816] -13.401963920001776 2.571910192999426 0.00017802719604014542 1.701574053096387e-05 [1454.809570312,-3318.641601562] 2.169200237356144 -0.8935446012012895 2.7169623597660193 1.355218966089867 19.106534957885742 9.553267478942871 33.04319157611087 55.4702205127528 -1.107118766059575e-06 6.177515089091363e-07 -1.2863135694819046e-06 6.578176546339266e-07
13.805599166802011 -36.886001465376154 1.2109375 0.1000061 [13.805599166802011,-36.886001465376154] -1.6044577226720138 0.2911763193037574 0.0014390924026297244 1.5572324156803057e-05 [1029.911132812,-647.5908203125] 3.641783750970398 0.442007592603364 2.8015335577189964 1.784088726770938 18.161649703979492 9.080824851989746 50.4860385077269 26.27055998884748 -1.3254216059098004e-07 5.787868251394863e-07 -4.333851681305515e-07 6.235743552969918e-07
14.537821803851337 -37.45644371814934 1.25 0.5187988 [14.537821803851337,-37.45644371814934] -20.854492744373985 2.7387828678229655 0.00015488472145090877 1.5764307030476584e-05 [2068.229492188,391.1157226562] 5.751562002319162 6.370293094216476 2.6501980876610394 3.003581864671114 18.089290618896484 9.044645309448242 58.0952493491892 61.40676593588091 -1.7227624556943761e-06 6.250094969002274e-07 -2.1978914938661104e-06 6.646390100026975e-07
13.507175518533483 -35.69772339933383 1.28125 0.83325195 [13.507175518533483,-35.69772339933383] -14.158599897154852 0.6487245454539885 0.0006578625094418826 1.5860036078485947e-05 [609.4907226562,-2788.701171875] 1.4913028874122134 -1.3447673419610844 3.102157904877574 2.028006592481749 19.125478744506836 9.562739372253418 36.04651874088938 15.115795039039767 -1.1696234776363457e-06 5.827447678836206e-07 -1.2928180648168693e-06 6.370093198612818e-07
14.408638858803766 -36.8330956264855 1.25 0.4741211 [14.408638858803766,-36.8330956264855] -5.635667685897349 1.9415864941911867 0.00021637886769952674 1.561278177005259e-05 [1899.278320312,-733.490234375] 4.06383372921589 2.9347641884002367 2.7122366399597664 2.137074850094811 18.03058433532715 9.015292167663574 50.515284911022036 60.5227380462145 -4.655551597941974e-07 6.004006832345677e-07 -8.012631657712931e-07 6.414100675404229e-07
14.346436591463117 -36.33727635491107 1.265625 0.6743164 [14.346436591463117,-36.33727635491107] -8.65280247100358 0.45766265920038524 0.0009327217743303609 1.586376611573819e-05 [1821.341796875,-1627.04296875] 3.841401234112812 1.6805876903001438 2.823175305956242 1.9502351015273969 19.171981811523438 9.585990905761719 44.540689552074696 62.04818335210689 -7.147967306759811e-07 5.80247085068369e-07 -1.0321298782382932e-06 6.261177720024365e-07
13.7296942154715 -36.84637836791675 1.234375 0.36535645 [13.7296942154715,-36.84637836791675] 1.2600127238523184 0.6286093440970303 0.0006702770766307083 1.565827450485274e-05 [921.1157226562,-719.6904296875] 3.5710444862123683 0.191411793739507 2.859235786365806 1.6572717602867804 18.343257904052734 9.171628952026367 49.95162244841754 22.223292671716763 1.0408800832307852e-07 5.806037383335582e-07 -1.9091132078411121e-07 6.268442950944324e-07
13.73015516133702 -37.599372977783105 1.6875 4.8691406 [13.73015516133702,-37.599372977783105] -15.472602112170826 3.0439110352616625 0.00013538151157345836 1.5314401084348452e-05 [912.6323242188,635.6635742188] 4.601190591774221 2.751674682367821 2.929206458826323 2.4906190258702168 20.71451187133789 10.357255935668945 58.96107789763607 18.28696671094781 -1.2781714874333932e-06 6.327730414393206e-07 -1.6582698432249172e-06 6.788661300581567e-07
13.860381244639102 -36.7829093903286 1.21875 0.22265625 [13.860381244639102,-36.7829093903286] -2.9665213899041367 1.6068477275197386 0.00026015917077814693 1.5535404505324276e-05 [1110.268066406,-832.52734375] 3.8743805897145602 0.8250799577190122 2.7429370670925093 1.7474370697703057 17.489408493041992 8.744704246520996 49.3009113335263 30.021369536166503 -2.450604642934726e-07 5.933867998232844e-07 -5.65117993423829e-07 6.355261704386066e-07
13.411535305715724 -35.77093525664707 1.2109375 0.1472168 [13.411535305715724,-35.77093525664707] -6.677959260137519 3.1562730627344675 0.00013618124931720987 1.5973518388856344e-05 [469.2568359375,-2657.510742188] 1.2387762757604 -1.0075072091714414 3.035608803259824 1.97349408369558 19.099838256835938 9.549919128417969 36.86544203359915 8.548624312023094 -5.516575078108839e-07 6.347345014445732e-07 -6.539912008449977e-07 6.826293350936216e-07
14.156071783643227 -37.46257768858973 1.2265625 0.25805664 [14.156071783643227,-37.46257768858973] 1.558748515103008 1.259028157345734 0.0003290544647556288 1.5396142921401808e-05 [1522.766113281,394.9189453125] 4.502138572075986 3.827938400570255 2.8216614069728787 2.5160630636576773 19.513471603393555 9.756735801696777 57.70323793078592 41.39136695007937 1.287661825489983e-07 5.875638804964534e-07 -2.4314961503847376e-07 6.321681709051862e-07
13.47008980775559 -37.67208871247541 1.2734375 0.72143555 [13.47008980775559,-37.67208871247541] -0.6359305299030644 0.7205863878376981 0.0005858912585620691 1.568959652801367e-05 [541.23046875,764.552734375] 3.8472733869893645 2.5925863513450365 3.014692126967452 2.6481498892772484 20.682491302490234 10.341245651245117 59.67625424828566 4.485069407088531 -5.253339195422928e-08 5.813207155296266e-07 -3.7035163040960805e-07 6.32600887862249e-07
13.475745195222348 -37.67415622555057 1.2890625 0.861084 [13.475745195222348,-37.67415622555057] -31.389139197371318 0.11209355322622205 0.003768963821191336 1.5700421353363633e-05 [549.2724609375,768.306640625] 3.865150534834539 2.584481148327722 3.010068868139202 2.6303931865762142 20.682491302490234 10.341245651245117 59.70382432125871 4.7708023167165265 -2.593015864189953e-06 5.881686824013412e-07 -2.9123109105207415e-06 6.409150223482681e-07
13.471817173960156 -37.67436601932487 1.2734375 0.72143555 [13.471817173960156,-37.67436601932487] -28.77908920048877 0.46113586356872693 0.0009155809926928171 1.5690412848810023e-05 [543.6748046875,768.6616210938] 3.8472733869893645 2.5925863513450365 3.014692126967452 2.6481498892772484 20.682491302490234 10.341245651245117 59.704395688814316 4.566762507638487 -2.3774030369094854e-06 5.877749945570668e-07 -2.695221275364864e-06 6.405081612979622e-07
13.472043886635777 -37.66972727426476 1.2734375 0.72143555 [13.472043886635777,-37.66972727426476] -7.217235878441687 1.5869770917212769 0.00026689194766451224 1.574036619367596e-05 [544.0317382812,760.3134765625] 3.8472733869893645 2.5925863513450365 3.014692126967452 2.6481498892772484 20.682491302490234 10.341245651245117 59.64891766477558 4.594278321283355 -5.962064461445137e-07 5.93446533091432e-07 -9.140246845998925e-07 6.442192719906491e-07
14.019336806682908 -35.63867201210644 1.2265625 0.24780273 [14.019336806682908,-35.63867201210644] 12.53126519257646 1.2070305523174782 0.00036702560659305345 1.6463544101181734e-05 [1359.114257812,-2889.630859375] 2.396827476412482 -0.7033289637569622 2.7693812639569018 1.619893967905809 19.13268280029297 9.566341400146484 35.81125980168122 48.89515809769023 1.035191479396903e-06 5.883504090966368e-07 8.37192686534676e-07 6.307628001667026e-07
13.780077989773945 -36.42316430015711 1.2109375 0.1000061 [13.780077989773945,-36.42316430015711] 3.4350589492788712 1.0467727288673425 0.00039546438156699886 1.538397185272172e-05 [999.1533203125,-1480.901367188] 3.246222955511446 -0.49400360691216694 2.855375447099058 1.4173296106017923 18.747188568115234 9.373594284057617 44.931751022376716 27.717219267899964 2.837657411979528e-07 5.848080988313506e-07 1.5599495242291163e-08 6.304778980648311e-07
13.551338067385982 -35.66223166066032 1.28125 0.8378906 [13.551338067385982,-35.66223166066032] -27.320024216120096 2.0607990381399106 0.0002084060694669341 1.5960801963005582e-05 [674.3447265625,-2852.262695312] 1.4632296385652706 -1.2443589358349714 3.0602910174847127 1.9678575436338326 19.12147331237793 9.560736656188965 35.65170871488931 18.196741952613365 -2.2568715808678723e-06 6.099647344389228e-07 -2.3777470735628234e-06 6.610022154808387e-07
13.94536483463775 -35.09074420542018 1.2421875 0.4156494 [13.94536483463775,-35.09074420542018] -6.7484951708698855 1.4534576728194808 0.00036105871629328774 1.9502438892299742e-05 [1259.428222656,-3876.344726562] 1.8380483686549491 0.019431859937880436 2.720140637283359 1.7929027896084464 18.249832153320312 9.124916076660156 29.19684305462124 49.42626250756621 -5.574843874323368e-07 5.910433502225546e-07 -7.09323166734379e-07 6.325770776275923e-07
13.698753196877844 -37.89826576530201 1.2265625 0.2689209 [13.698753196877844,-37.89826576530201] -5.730105512902453 1.6424858438543029 0.00024474856739860253 1.4939308538262607e-05 [864.357421875,1173.343261719] 4.15549819770775 3.779797658508173 2.838451335468553 2.787126300653693 20.59109878540039 10.295549392700195 62.51708015847316 15.281609926895044 -4.7335654555581673e-07 5.942877663302581e-07 -8.166368337636351e-07 6.394643590054415e-07
13.694294964750576 -37.028739995038066 1.2109375 0.1000061 [13.694294964750576,-37.028739995038066] -88.71260642257063 1.8309597746333899 0.0002287241037939514 1.5563219435988267e-05 [868.05078125,-391.7856445312] 3.2832567915657536 0.20746020679866506 2.8679348953005794 1.8554721103417688 19.255720138549805 9.627860069274902 52.10705191161105 19.24837460024196 -7.328432753792409e-06 6.699911295667178e-07 -7.599658316660102e-06 7.154893879465618e-07
14.31365969616433 -36.49396132594972 1.2734375 0.7607422 [14.31365969616433,-36.49396132594972] 6.94904089411682 1.983899202813133 0.00020737104608336437 1.5288906494099307e-05 [1770.254394531,-1345.685058594] 4.150529549098434 2.2400163582776997 2.6714216595486424 1.7742232567513516 18.793498992919922 9.396749496459961 46.35791110850653 58.50333757569524 5.7405120815988e-07 6.015038620762852e-07 2.3118137353559348e-07 6.403410885129369e-07
13.615411878424815 -36.499130245469445 1.21875 0.22399902 [13.615411878424815,-36.499130245469445] -9.886167223594287 1.2616184068623038 0.0003197258216115993 1.4990441775372015e-05 [759.9243164062,-1345.706542969] 3.3184552439450505 -0.19356462353121362 2.9929025311415107 1.5909193079067552 18.736276626586914 9.368138313293457 45.71315842512968 17.528321342662366 -8.166833848365465e-07 5.885452136747386e-07 -1.090816645963837e-06 6.390657901330482e-07
13.90347854236039 -36.16628264587657 1.2109375 0.13336182 [13.90347854236039,-36.16628264587657] -12.75645775151826 2.2564059513964696 0.0001867318665398747 1.56582916544493e-05 [1181.75,-1941.789550781] 2.1999335382852445 -1.1140513345145786 2.783773573785224 1.3205670106487597 19.16254234313965 9.581271171569824 41.977149336247294 36.98454508360919 -1.0537943430868546e-06 6.09117944922512e-07 -1.235527984429109e-06 6.516270904721875e-07
13.8988313885516 -36.168048804102064 1.21875 0.15917969 [13.8988313885516,-36.168048804102064] -6.2138720998084125 2.585115626074869 0.00016256325964437784 1.5617484189429903e-05 [1174.971191406,-1938.668945312] 2.184598125222479 -1.1110560762416726 2.7850821643955603 1.3335123986208626 19.16254234313965 9.581271171569824 41.993617057587244 36.687079098372124 -5.133198725691689e-07 6.167982444076661e-07 -6.937866754324951e-07 6.585930858369893e-07
14.318986089227261 -37.5447616158714 1.2109375 0.1000061 [14.318986089227261,-37.5447616158714] -80.77827098708767 1.2902170981247056 0.0003258092514664534 1.562193793965707e-05 [1753.553222656,545.6552734375] 5.010242498920893 5.24160881230085 2.7217253696095316 2.7745994721280076 18.77867889404297 9.389339447021484 58.865703108694106 49.24738631513719 -6.672987648189299e-06 6.49394997070498e-07 -7.086877248711652e-06 6.942493295292051e-07
14.058240059033366 -36.68758762572056 1.2265625 0.2503662 [14.058240059033366,-36.68758762572056] -7.8661521285596905 2.958133079593236 0.00014153259974371916 1.5559043509225405e-05 [1397.208496094,-1001.474121094] 4.093286998950306 1.6185572270470825 2.6711686481360086 1.620617352047582 17.89177131652832 8.94588565826416 48.356918570040534 42.00613031672174 -6.498125715150225e-07 6.283482403811471e-07 -9.879536737039442e-07 6.666767781511729e-07
