data_processed/hvc_rms/hvc_rms_index_7_with_B.ecsv
# %ECSV 1.0
# ---
# datatype:
# - {name: ra_dec_obj.ra, unit: deg, datatype: float64}
# - {name: ra_dec_obj.dec, unit: deg, datatype: float64}
# - {name: 'H-alpha flux [Error]', unit: R, datatype: float32}
# - {name: H-alpha flux, unit: R, datatype: float32}
# - {name: ra_dec_deg, datatype: string, subtype: 'float64[2]'}
# - {name: RM, unit: rad / m2, datatype: float64}
# - {name: RM_uncert, unit: rad / m2, datatype: float64}
# - {name: pol_int, datatype: float64}
# - {name: pol_int_uncert, datatype: float64}
# - {name: ra_dec_pix_offsets, datatype: string, subtype: 'float64[2]'}
# - {name: interpolation_raw, unit: rad / m2, datatype: float64}
# - {name: interpolation_cor, unit: rad / m2, datatype: float64}
# - {name: interpolation_unc, unit: rad / m2, datatype: float64}
# - {name: pixel location x, datatype: float64}
# - {name: pixel location y, datatype: float64}
# - {name: 'B_virtual [raw]', unit: G, datatype: float64}
# - {name: 'B_virtual_unc [raw]', unit: G, datatype: float64}
# - {name: 'B_virtual [int]', unit: G, datatype: float64}
# - {name: 'B_virtual_unc [int]', unit: G, datatype: float64}
# - {name: 'B_virtual [cor]', unit: G, datatype: float64}
# - {name: 'B_virtual_unc [cor]', unit: G, datatype: float64}
# meta: !!omap
# - __serialized_columns__:
#     ra_dec_obj:
#       __class__: astropy.coordinates.sky_coordinate.SkyCoord
#       dec: !astropy.table.SerializedColumn
#         __class__: astropy.coordinates.angles.Latitude
#         unit: &id001 !astropy.units.Unit {unit: deg}
#         value: !astropy.table.SerializedColumn {name: ra_dec_obj.dec}
#       frame: icrs
#       ra: !astropy.table.SerializedColumn
#         __class__: astropy.coordinates.angles.Longitude
#         unit: *id001
#         value: !astropy.table.SerializedColumn {name: ra_dec_obj.ra}
#         wrap_angle: !astropy.coordinates.Angle
#           unit: *id001
#           value: 360.0
#       representation_type: spherical
# schema: astropy-2.0
ra_dec_obj.ra ra_dec_obj.dec "H-alpha flux [Error]" "H-alpha flux" ra_dec_deg RM RM_uncert pol_int pol_int_uncert ra_dec_pix_offsets interpolation_raw interpolation_cor interpolation_unc "pixel location x" "pixel location y" "B_virtual [raw]" "B_virtual_unc [raw]" "B_virtual [int]" "B_virtual_unc [int]" "B_virtual [cor]" "B_virtual_unc [cor]"
100.16615343211889 -54.90818397908255 1.890625 6.935547 [100.16615343211889,-54.90818397908255] 37.55626832038092 1.057038670241998 0.0004353315430173299 1.7100929436926198e-05 [-3446.915039062,-1386.010742188] 42.796423849079986 42.41154163972887 11.669550572758013 72.20392345336813 16.632246327174926 3.766957425151365e-06 9.395509944796585e-07 -5.255964892302352e-07 1.371708807240213e-06 -4.869921506959652e-07 1.3713286318257886e-06
100.46019002266061 -55.65795512326267 1.828125 6.3046875 [100.46019002266061,-55.65795512326267] 46.48310644931212 1.6347140066922308 0.0002731149425597778 1.659189339681177e-05 [-3084.290039062,-51.73974609375] 40.060459572887645 40.97273954398329 11.152770233483167 71.92337901653241 6.590949503405227 4.890035317589725e-06 1.1261364534460426e-06 6.756641811874384e-07 1.4006173159331211e-06 5.796920825272068e-07 1.3993643410833313e-06
100.44065118460527 -55.69032676347901 1.8203125 6.173828 [100.44065118460527,-55.69032676347901] 45.63761165988238 2.7480664110553645 0.00016329537073794088 1.6676687862053173e-05 [-3101.534179688,7.3447265625] 40.07261816036143 40.92847308576371 11.211540667060373 71.69946390189364 6.216175998442623 4.851703758575852e-06 1.1581771507800175e-06 5.916107109042693e-07 1.4388111019821875e-06 5.006253502040722e-07 1.4377804570744825e-06
99.4868015112458 -53.7661971923885 2.1875 9.859375 [99.4868015112458,-53.7661971923885] 36.96472822926234 2.4305494579668374 0.00023085163616972618 2.0851923496170893e-05 [-4265.33984375,-3400.346679688] 47.23511095019641 44.973082673305505 11.49237893354676 70.99936679876305 32.387950688298815 3.1096496307150704e-06 7.654473929636379e-07 -8.639936871001415e-07 1.1569370157580888e-06 -6.737010559120018e-07 1.1543535198661003e-06
99.73777758984741 -53.96297435387244 2.109375 9.128906 [99.73777758984741,-53.96297435387244] 61.63557184063101 2.8273741802956542 0.00018146694666065172 1.9067314183448442e-05 [-3980.159179688,-3061.8046875] 43.53868352867961 42.91240228693121 11.16332954016535 72.13222573286157 29.413363024671526 5.388534779435175e-06 1.028778628043977e-06 1.5821336471193463e-06 1.2007537087936794e-06 1.6368867410241947e-06 1.202326775298336e-06
98.98475652978645 -54.879955187482196 1.8125 6.1464844 [98.98475652978645,-54.879955187482196] 47.4435938695558 1.6304654767890716 0.0003392784502932826 2.0557797625373797e-05 [-4669.807617188,-1367.5703125] 44.351261901144994 45.63284938382658 8.723811472695802 64.37274601454214 19.136481374718187 5.054902960439923e-06 1.1614107636336054e-06 3.2947415545206755e-07 1.2056541103336375e-06 1.929267349914312e-07 1.2047710708157569e-06
99.5278628295439 -54.63117977358204 1.859375 6.5742188 [99.5278628295439,-54.63117977358204] 17.84868993318134 2.477073314257571 0.00019706630341315636 1.8140946140915844e-05 [-4134.28515625,-1848.965332031] 47.2615565114474 45.82289456642043 9.999034741760415 68.73562405096288 21.32942375665698 1.838793263121147e-06 8.247309181457954e-07 -3.0301484935682812e-06 1.3799633592968995e-06 -2.881935829091071e-06 1.371013550238321e-06
100.12800642005342 -53.890342923728625 2.234375 10.378906 [100.12800642005342,-53.890342923728625] 24.732250297998565 0.27764213913135416 0.0017867919345687351 1.8436058113515256e-05 [-3573.94140625,-3213.571289062] 43.52937247235968 42.25914947788681 12.198278130354504 75.02021768805685 29.574123161917214 2.0278530144994874e-06 6.410040743769501e-07 -1.541218466007438e-06 1.1734662049014964e-06 -1.4370700162144637e-06 1.1708614442282305e-06
100.12257408322026 -53.89236831444353 2.234375 10.378906 [100.12257408322026,-53.89236831444353] 25.87026912109294 0.42367079636726607 0.0011698254847736776 1.8418671852520648e-05 [-3579.520507812,-3209.651367188] 43.52937247235968 42.25914947788681 12.198278130354504 74.97687376445765 29.559215202825726 2.1211617459397413e-06 6.474535457531699e-07 -1.4479097345671842e-06 1.1714182212580082e-06 -1.3437612847742098e-06 1.1689725660350307e-06
99.38813036079927 -56.107242673015655 1.8515625 6.5214844 [99.38813036079927,-56.107242673015655] 39.14142803723357 3.183959416471316 0.00014948527267004863 1.7687833220230607e-05 [-4122.756835938,811.6533203125] 39.96091180261741 40.47295160867171 10.021191960805552 63.631201751947856 2.747727807669662 4.048667128369809e-06 1.0468175842165278e-06 -8.476484250871445e-08 1.3066696507877016e-06 -1.3772864161223343e-07 1.3067970400181098e-06
99.201720901756 -55.106235474150886 1.75 5.4648438 [99.201720901756,-55.106235474150886] 49.48240827775085 0.40060840383463 0.0013132684325358004 1.9551598210844856e-05 [-4420.795898438,-975.33984375] 42.19818806183316 44.608066380772854 9.363863985760725 65.18960772399316 15.86366404367186 5.591271587031495e-06 1.2970585567447754e-06 8.230814736891833e-07 1.3304307699100004e-06 5.507769387672383e-07 1.3256790342190618e-06
99.32592768875199 -54.69584286435434 1.8203125 6.2285156 [99.32592768875199,-54.69584286435434] 38.184533132412355 1.5492479585177725 0.0003281805884103408 1.8894809821550092e-05 [-4337.240234375,-1720.450683594] 45.85700304642308 45.44022069127566 9.33745928300243 67.18854475528451 20.875053383251725 4.041511697136758e-06 1.0280517772940103e-06 -8.120664143221702e-07 1.2537745193983689e-06 -7.679535072022271e-07 1.2529555776186693e-06
99.79876685286268 -54.09714487169724 2.0625 8.5859375 [99.79876685286268,-54.09714487169724] 3.678621503948048 0.7013248401515397 0.0007137197848136314 1.8601829543803343e-05 [-3903.09375,-2824.213867188] 41.61220801335102 42.107980593350874 10.92594694948278 72.14677052018294 27.59757818858816 3.316193609627477e-07 6.361433595322894e-07 -3.4196265377594496e-06 1.278962196312099e-06 -3.464319308131708e-06 1.2816687460127636e-06
99.57596577227883 -54.66345217690022 1.859375 6.6054688 [99.57596577227883,-54.66345217690022] 33.690848239168325 1.9463257682389477 0.00024891136203939606 1.8003998037569594e-05 [-4081.04296875,-1793.828613281] 47.856120177176855 46.05625052576857 10.087879347139049 68.96580085166761 20.830772371008607 3.4626512964829344e-06 9.445843688876334e-07 -1.455867091649972e-06 1.3006641781633598e-06 -1.2708815152196458e-06 1.2952411565508316e-06
99.71220412923532 -55.386138999892346 1.84375 6.4726562 [99.71220412923532,-55.386138999892346] 38.26111596215965 0.8284751132675406 0.0005787592734486243 1.7819115096872757e-05 [-3869.114257812,-502.9038085938] 40.45491185935847 43.616736078078326 11.275472826153052 67.78692519967262 11.390676993261422 3.972509967687572e-06 9.917439427596667e-07 -2.2777370313279525e-07 1.3811600898915917e-06 -5.560542017299311e-07 1.383801698140069e-06
100.25684398926828 -55.126644177377194 1.90625 7.0546875 [100.25684398926828,-55.126644177377194] 32.09105730360326 0.15997740451710968 0.0028442974575515465 1.6909951529611208e-05 [-3334.99609375,-997.6875] 40.24367323160373 41.3546743316275 11.689383845661048 72.15781542831814 13.696397002460344 3.191492071738444e-06 8.679371743236065e-07 -8.107869071431495e-07 1.3614961034090245e-06 -9.212772275110119e-07 1.3633470062587959e-06
100.25959768978095 -55.1338806616346 1.90625 7.0546875 [100.25959768978095,-55.1338806616346] 35.5763642874967 0.31408016633184593 0.0014473120375062946 1.6893179224173523e-05 [-3331.5625,-984.8090820312] 40.24367323160373 41.3546743316275 11.689383845661048 72.15458586476552 13.599625161430367 3.5381098070606647e-06 9.030556125423538e-07 -4.6416917182092926e-07 1.3574785498800765e-06 -5.746594921887917e-07 1.358592239050107e-06
100.85308035519641 -55.81875223438883 1.8359375 6.373047 [100.85308035519641,-55.81875223438883] 56.92835041726879 1.702055677435275 0.0002610731116562683 1.6513708386085386e-05 [-2674.779296875,221.1303710938] 40.83616517486911 40.787605975026885 11.410467124215561 74.01411679864054 3.8363965105395437 5.956671874345069e-06 1.2616443716531304e-06 1.6837984330751975e-06 1.440639460271565e-06 1.6888794027119556e-06 1.440811020041686e-06
100.15322072193331 -55.4583778000253 1.8203125 6.1972656 [100.15322072193331,-55.4583778000253] 37.40228696960463 1.3521775303056376 0.000338752033145123 1.7022538631041066e-05 [-3412.809570312,-396.2114257812] 40.76367952517582 42.69793147628953 11.318812328382824 70.49184595983127 9.67992031388576 3.968685977313155e-06 1.019595620072271e-06 -3.566710107962474e-07 1.4207361867412603e-06 -5.619108294526294e-07 1.4227033463994226e-06
99.70175965524656 -53.30219657731787 4.15625 29.484375 [99.70175965524656,-53.30219657731787] -36.291470369796876 0.23798857660490555 0.002785523434285379 2.463608144524728e-05 [-4081.661132812,-4246.588867188] 47.511396274955295 43.22532346688575 12.468859445372207 73.88011434726059 37.84113255588181 -1.7654573705032746e-06 3.9600795034198774e-07 -4.076726213617694e-06 8.373761369573369e-07 -3.868223258173444e-06 8.243491236984349e-07
99.22470086827056 -54.24655925292435 1.96875 7.7109375 [99.22470086827056,-54.24655925292435] 39.12558117181326 2.1508164945721857 0.0002472489141270082 1.9762708029564037e-05 [-4491.319335938,-2521.041992188] 46.16709964618883 45.02300326824698 10.965017263806658 67.7978052662379 26.780072726850904 3.721824104795175e-06 9.073016101843317e-07 -6.698250200350182e-07 1.2586284568800408e-06 -5.609927586320757e-07 1.2573295325039564e-06
98.30024719657868 -55.38073738217519 1.84375 6.3984375 [98.30024719657868,-55.38073738217519] 50.875571001815146 1.8317266608758729 0.0004000687973106116 2.723353704605984e-05 [-5309.05859375,-419.1303710938] 41.511720729155215 43.332005744993914 9.942941804867003 58.43462103027173 13.885476608402541 5.312769386356864e-06 1.1770629077483129e-06 9.778362402112821e-07 1.2948395318435195e-06 7.877498329993232e-07 1.2910941465342075e-06
98.63330795294458 -53.95608917561309 2.015625 8.089844 [98.63330795294458,-53.95608917561309] 42.44359929653549 0.4614090827765036 0.0015010445329052507 2.573880736402572e-05 [-5147.259765625,-3001.455078125] 47.390215213400246 46.30139265558643 10.625680976293316 64.58755461990756 31.567734022751893 3.941765401417047e-06 8.896338987490666e-07 -4.593955224901944e-07 1.1845869046399382e-06 -3.5827584466345477e-07 1.1837623101933173e-06
99.12733494433286 -55.00867449953633 1.796875 5.9628906 [99.12733494433286,-55.00867449953633] 43.618836463007504 1.0592291042122932 0.0005067702500823088 1.9948475889443476e-05 [-4508.147460938,-1145.806640625] 42.99902053004227 44.99093012180412 8.97672106242533 64.9670202016705 17.240598279118785 4.718394935875823e-06 1.1279410155751301e-06 6.704755551557532e-08 1.2367543844376828e-06 -1.4842394470342763e-07 1.2369727146610936e-06
99.11940764982496 -55.00212490685287 1.8125 6.125 [99.11940764982496,-55.00212490685287] 48.8422680861015 2.532721181363985 0.0002117236851086124 1.992808330417154e-05 [-4517.043945312,-1157.055664062] 43.2890123211299 45.12538953632314 8.924497846473203 64.9323942123799 17.33823014433301 5.213044242404409e-06 1.202633165712139e-06 5.927113773903974e-07 1.244638080796418e-06 3.967107401622121e-07 1.2422993593049156e-06
98.99852716472896 -55.34154890465678 1.78125 5.8242188 [98.99852716472896,-55.34154890465678] 48.48553239173859 0.8990019796559736 0.0006074734168736227 2.0295353919265434e-05 [-4602.102539062,-539.4150390625] 40.58351264861882 43.05729302169863 10.301561400095858 63.180825261205655 13.209582359225351 5.3069129493681275e-06 1.2179464522243072e-06 8.649039998593522e-07 1.3753579494801987e-06 5.941399915419593e-07 1.3708288079532001e-06
99.85550670496272 -56.17544941150034 1.796875 5.9414062 [99.85550670496272,-56.17544941150034] 51.94478365924047 2.9102726731595765 0.0001585144095239281 1.7143959489660035e-05 [-3648.221679688,908.0322265625] 40.159011922668604 40.369234724047104 10.219761286921898 66.48020161481168 1.0814904909839242 5.629190572834335e-06 1.286921632005991e-06 1.277209191750781e-06 1.3971356019786233e-06 1.2544276123822401e-06 1.3964962995420326e-06
99.9872967949693 -53.87615992672728 2.21875 10.199219 [99.9872967949693,-53.87615992672728] 29.970553817111124 3.2450836459364063 0.00015556813040024737 1.876096751014123e-05 [-3724.200195312,-3231.649414062] 43.68710481489323 42.26874749928321 11.797723304000165 74.1009037270278 30.028464932978068 2.4789053750876266e-06 7.278285497382261e-07 -1.1345146373856058e-06 1.1769066870291027e-06 -1.0172003696908538e-06 1.174767304545581e-06
99.00826304615128 -55.471443167889504 1.7734375 5.7421875 [99.00826304615128,-55.471443167889504] 45.81877558106268 0.6357405755090235 0.0008409583896311944 1.9868411282933888e-05 [-4577.09375,-306.7431640625] 39.98461077695072 42.56449624527947 10.51422976012728 62.88727059201642 11.530153020800299 5.050721580370818e-06 1.1896464697664176e-06 6.431150048397858e-07 1.398870727665174e-06 3.587275884471345e-07 1.3956136674351578e-06
99.01193285126404 -55.46709812839067 1.7734375 5.7421875 [99.01193285126404,-55.46709812839067] 48.297201763833435 0.21772110670262712 0.002442106653532851 1.9759405017266187e-05 [-4573.865234375,-314.7900390625] 39.98461077695072 42.56449624527947 10.51422976012728 62.92352703883205 11.579505985460173 5.323924878536866e-06 1.2253453355629143e-06 9.163183030058339e-07 1.4021820790648402e-06 6.319308866131827e-07 1.3971573426124874e-06
100.33299217790068 -54.36453615002473 2.078125 8.832031 [100.33299217790068,-54.36453615002473] 31.59714279916769 2.88810718308969 0.00016580406616646825 1.77957865006694e-05 [-3318.635742188,-2371.478515625] 42.43284916636625 42.4108932958741 11.748912857316881 74.9650386545245 23.189485439683267 2.8084464578526233e-06 7.912399523132493e-07 -9.631092709462176e-07 1.250549092093972e-06 -9.611577689669187e-07 1.2505161491522548e-06
99.10060091441252 -56.28803259547952 1.7734375 5.703125 [99.10060091441252,-56.28803259547952] 36.594439782400855 3.230545774369714 0.00015885955500765604 1.9072074911454067e-05 [-4389.826171875,1154.103027344] 40.23933448185453 39.79306196797681 9.678589706574112 61.26928222780475 0.9088970545772099 4.0476904486684855e-06 1.1206874063810242e-06 -4.0315975730488674e-07 1.3705767774095343e-06 -3.537978049791448e-07 1.3701367789831253e-06
99.40518906578976 -55.56990050165708 1.8125 6.1015625 [99.40518906578976,-55.56990050165708] -42.109194607238976 2.873462363555156 0.00017032897379988266 1.818874549645359e-05 [-4162.827148438,-154.8813476562] 40.234192618242716 43.035601933515025 10.932011092343602 65.2368664635411 9.587395529903915 -4.503032040823904e-06 1.1253148456222819e-06 -8.805556945099363e-06 2.088057141987515e-06 -9.105131326034332e-06 2.126455010616628e-06
99.39885679286095 -55.5704917076239 1.8125 6.1015625 [99.39885679286095,-55.5704917076239] 38.16918872914766 1.0110657131416458 0.0004843804820616137 1.8200139688409415e-05 [-4169.192382812,-153.4384765625] 40.234192618242716 43.035601933515025 10.932011092343602 65.19343532657626 9.590835697364582 4.081699529585854e-06 1.0365865847002311e-06 -2.2082537468960385e-07 1.3928921475976885e-06 -5.203997556245731e-07 1.3952941337690108e-06
100.1770705130906 -54.917659676384226 1.890625 6.935547 [100.1770705130906,-54.917659676384226] 35.20277755796471 3.1204718867942227 0.00014812711083527774 1.7177641297307902e-05 [-3434.828125,-1369.517578125] 42.796423849079986 42.41154163972887 11.669550572758013 72.24862486432721 16.49185247904734 3.530898309083707e-06 9.609989387467984e-07 -7.616556052978931e-07 1.405849407847165e-06 -7.230512667636232e-07 1.4053054833038091e-06
99.12802910254153 -56.2398835520188 1.765625 5.669922 [99.12802910254153,-56.2398835520188] 42.418306981764985 0.1421215932654005 0.003569302123205307 1.8851767764098658e-05 [-4367.999023438,1065.880371094] 40.21871699231984 40.03050341795754 9.743160810619207 61.57728812274854 1.4815275438152185 4.705582884867663e-06 1.1486504815644076e-06 2.440067448356385e-07 1.3316831987736097e-06 2.6488580949514367e-07 1.3318122204889167e-06
