data_processed/hvc_rms/hvc_rms_index_16_with_B.ecsv
# %ECSV 1.0
# ---
# datatype:
# - {name: ra_dec_obj.ra, unit: deg, datatype: float64}
# - {name: ra_dec_obj.dec, unit: deg, datatype: float64}
# - {name: 'H-alpha flux [Error]', unit: R, datatype: float32}
# - {name: H-alpha flux, unit: R, datatype: float32}
# - {name: ra_dec_deg, datatype: string, subtype: 'float64[2]'}
# - {name: RM, unit: rad / m2, datatype: float64}
# - {name: RM_uncert, unit: rad / m2, datatype: float64}
# - {name: pol_int, datatype: float64}
# - {name: pol_int_uncert, datatype: float64}
# - {name: ra_dec_pix_offsets, datatype: string, subtype: 'float64[2]'}
# - {name: interpolation_raw, unit: rad / m2, datatype: float64}
# - {name: interpolation_cor, unit: rad / m2, datatype: float64}
# - {name: interpolation_unc, unit: rad / m2, datatype: float64}
# - {name: pixel location x, datatype: float64}
# - {name: pixel location y, datatype: float64}
# - {name: 'B_virtual [raw]', unit: G, datatype: float64}
# - {name: 'B_virtual_unc [raw]', unit: G, datatype: float64}
# - {name: 'B_virtual [int]', unit: G, datatype: float64}
# - {name: 'B_virtual_unc [int]', unit: G, datatype: float64}
# - {name: 'B_virtual [cor]', unit: G, datatype: float64}
# - {name: 'B_virtual_unc [cor]', unit: G, datatype: float64}
# meta: !!omap
# - __serialized_columns__:
#     ra_dec_obj:
#       __class__: astropy.coordinates.sky_coordinate.SkyCoord
#       dec: !astropy.table.SerializedColumn
#         __class__: astropy.coordinates.angles.Latitude
#         unit: &id001 !astropy.units.Unit {unit: deg}
#         value: !astropy.table.SerializedColumn {name: ra_dec_obj.dec}
#       frame: icrs
#       ra: !astropy.table.SerializedColumn
#         __class__: astropy.coordinates.angles.Longitude
#         unit: *id001
#         value: !astropy.table.SerializedColumn {name: ra_dec_obj.ra}
#         wrap_angle: !astropy.coordinates.Angle
#           unit: *id001
#           value: 360.0
#       representation_type: spherical
# schema: astropy-2.0
ra_dec_obj.ra ra_dec_obj.dec "H-alpha flux [Error]" "H-alpha flux" ra_dec_deg RM RM_uncert pol_int pol_int_uncert ra_dec_pix_offsets interpolation_raw interpolation_cor interpolation_unc "pixel location x" "pixel location y" "B_virtual [raw]" "B_virtual_unc [raw]" "B_virtual [int]" "B_virtual_unc [int]" "B_virtual [cor]" "B_virtual_unc [cor]"
[from data line 990]
56.66998355959658 -67.76139063925366 1.328125 1.3007812 [56.66998355959658,-67.76139063925366] -23.861034600781984 2.448879390485822 0.0002268948879170785 2.064908492787359e-05 [-3833.416992188,-2905.638671875] 30.14677042301545 29.860390153282246 9.073991337123108 15.689810357294846 55.30172507104612 -5.526316711949254e-06 3.3401878007064488e-06 -1.2508436472780908e-05 7.029298263024057e-06 -1.2442109588927043e-05 6.997594577864967e-06
56.6677785863938 -67.76091777272885 1.328125 1.3007812 [56.6677785863938,-67.76091777272885] -23.079716705304058 2.4110386011933427 0.00023138512827862394 2.0732339359343717e-05 [-3834.989257812,-2906.34765625] 30.14677042301545 29.860390153282246 9.073991337123108 15.6783417517604 55.30041763270128 -5.34536017693869e-06 3.258578652422233e-06 -1.2327479937770345e-05 6.942152247789678e-06 -1.226115305391648e-05 6.910515477710673e-06
64.20092770469746 -69.62244412632381 1.328125 1.2924805 [64.20092770469746,-69.62244412632381] 38.22877423617112 2.874949429246348 0.00016413344484998474 1.7536220496864148e-05 [1187.405273438,285.3427734375] 34.386661416452824 30.436101295502546 7.376600590359383 55.29965183487957 52.40255199924013 8.882332220028023e-06 4.955541772755867e-06 8.927025041591965e-07 2.499169638217867e-06 1.8106023884895968e-06 2.630774895081137e-06
61.92230619226299 -70.52668759037748 1.296875 0.953125 [61.92230619226299,-70.52668759037748] 40.228025431947984 0.42722688389126073 0.0011461463632688078 1.8197316864815303e-05 [-230.2534179688,1895.244628906] 26.774746151355302 24.80363171351294 6.545842451052685 52.42761090649901 34.49797843703254 1.0884348022318313e-05 7.706684084727177e-06 3.6400040061405577e-06 3.6023688958594995e-06 4.173321147683732e-06 3.865162916956822e-06
63.20625656523776 -68.12037654227207 1.3203125 1.2143555 [63.20625656523776,-68.12037654227207] 28.115334453855972 1.2620776094182595 0.000385879353323468 1.8098655235793827e-05 [603.7182617188,-2432.083984375] 32.95390744587218 34.658694567958484 7.072988722553966 43.15176343623 70.3834787678702 6.7393649027296445e-06 4.086264786573161e-06 -1.1598264660592489e-06 2.487946824032338e-06 -1.568471169044035e-06 2.55507299237394e-06
59.094165800159104 -68.02002692811905 1.359375 1.5913086 [59.094165800159104,-68.02002692811905] -13.648541202940692 2.664916850247342 0.00018884962376005044 1.870288011162591e-05 [-2162.844726562,-2560.241210938] 27.735095409998486 32.21745822093066 8.53550008251418 26.552566973862668 59.809742364125896 -2.8579699972241384e-06 2.0040473012603912e-06 -8.665628806566054e-06 4.46792060531505e-06 -9.604224238842528e-06 4.819711638292399e-06
64.08753967410867 -68.91648100221656 1.28125 0.83984375 [64.08753967410867,-68.91648100221656] 36.88236765345615 2.2582199437863077 0.00021206955268959055 1.779726479589305e-05 [1153.286132812,-986.970703125] 36.399301532738775 32.64193363242221 7.036334011566076 50.97977795849306 61.74390317617258 1.0630854632410017e-05 8.436101932974372e-06 1.3923741977306098e-07 2.935875408333735e-06 1.2222490182707518e-06 3.080462380187776e-06
54.86996494628114 -69.85721590397846 1.25 0.52001953 [54.86996494628114,-69.85721590397846] 18.79879204731751 1.93538428131168 0.00030451332453382285 2.1901921265359653e-05 [-4596.333984375,969.4150390625] 27.60860108254458 30.980716428967767 7.0721883670497885 24.223253591223965 22.123191013803762 6.886027459288365e-06 8.715287301065436e-06 -3.227047077012423e-06 5.377310369769124e-06 -4.4622582976541875e-06 6.53546022712208e-06
62.246543516552585 -69.76367959873527 1.3046875 1.0820312 [62.246543516552585,-69.76367959873527] 53.04436025364974 2.868871851644642 0.00016395882652017586 1.748053232690786e-05 [-37.0712890625,521.2250976562] 32.10647715751156 29.141945469867352 6.863602625707627 48.96830921580181 45.50331573245285 1.3470010934217478e-05 8.432634942081463e-06 5.316936859935889e-06 4.1512217207165435e-06 6.069745906108789e-06 4.518603065998775e-06
60.31004738881052 -68.6310271722212 1.3359375 1.3486328 [60.31004738881052,-68.6310271722212] 38.78000600109589 2.840436433684057 0.0001630667262483437 1.721310151811925e-05 [-1308.930664062,-1496.123046875] 30.202854252057573 32.61292685252973 7.598083651118374 34.975939609396846 55.289282489312654 8.820833919856838e-06 4.76130953923341e-06 1.9509442850921316e-06 2.6275331822046814e-06 1.4027532883459828e-06 2.5373282769527396e-06
58.55145661052086 -69.49295055927163 1.328125 1.2661133 [58.55145661052086,-69.49295055927163] 43.40996665124557 2.924030901479139 0.00015906240681109768 1.7284555312195034e-05 [-2365.913085938,106.5825195312] 28.04279164490017 32.725678035314594 8.477901531873645 34.12621830697253 38.58798406298524 1.0190648082073535e-05 5.707932128249177e-06 3.607500410295955e-06 3.289063724123093e-06 2.5081757414603543e-06 2.9856373233575163e-06
54.47405967358426 -70.63810721766588 1.2890625 0.9226074 [54.47405967358426,-70.63810721766588] 17.81859416875617 0.26562657747713964 0.0024476854391927067 2.4162164348972623e-05 [-4659.252929688,2393.856445312] 25.849769123732493 30.17475533732419 6.9864543288744745 28.784677044269984 11.105315405291321 4.900197662567494e-06 3.952762912684296e-06 -2.2086110929587836e-06 3.1341120032602227e-06 -3.3980027550484794e-06 3.6236911527316584e-06
54.44489715810642 -70.63226324513154 1.2890625 0.8671875 [54.44489715810642,-70.63226324513154] 8.746686334311466 1.4980885664057026 0.0004325126619960923 2.407936438181139e-05 [-4677.850585938,2385.65234375] 25.688051335107602 30.227717771557444 6.98983832518204 28.650332464030384 11.081241553561995 2.4810509459123634e-06 2.7519884379158166e-06 -4.805521548816421e-06 4.582377605102751e-06 -6.093225631915581e-06 5.372577744057497e-06
58.720436699731714 -71.44687651119892 1.3203125 1.2207031 [58.720436699731714,-71.44687651119892] 33.21720078786171 1.2172216588849618 0.0004540878310690591 2.05408418192529e-05 [-2052.189453125,3610.475585938] 24.368374508286394 26.819013638622305 7.097357704143385 47.847408213975314 13.900280406146976 7.941574926536064e-06 4.67350953459236e-06 2.1155791350374185e-06 2.666455400300924e-06 1.5296798476243848e-06 2.543236535829997e-06
58.70395297412887 -71.44488519920425 1.3203125 1.2207031 [58.70395297412887,-71.44488519920425] 34.98529981899612 1.3834315622325828 0.0004012539868762066 2.062935946190792e-05 [-2061.825195312,3607.454101562] 24.368374508286394 26.819013638622305 7.097357704143385 47.782064239473016 13.879415850932446 8.364292392193822e-06 4.892660130327203e-06 2.538296600695175e-06 2.779565603236226e-06 1.952397313282142e-06 2.63347128564474e-06
58.067462952833566 -70.53836055038245 1.2578125 0.60253906 [58.067462952833566,-70.53836055038245] 36.046489840004476 1.7793744092458679 0.00028249521413452127 1.8680441579484123e-05 [-2539.61328125,2003.606445312] 26.72127468970301 31.22612281654453 7.947749667150367 39.53410461491126 23.601112985477585 1.2266453323592408e-05 1.3083672625714177e-05 3.1733274690919397e-06 4.940429612592946e-06 1.6403485431814277e-06 4.038420834227805e-06
62.60559085644736 -67.81034867894752 1.2890625 0.9123535 [62.60559085644736,-67.81034867894752] 29.649595157930648 0.03926090150256096 0.012820071559909307 1.8705073545026197e-05 [203.5146484375,-2993.873046875] 32.88791509244186 33.22387326945076 6.8943869483107365 39.026910657352914 73.02288703464455 8.199470865280739e-06 6.1518488213411545e-06 -8.955437608523385e-07 2.7909576929496915e-06 -9.884515820102447e-07 2.806816498406787e-06
62.59920527851622 -67.81494127275029 1.2890625 0.9123535 [62.59920527851622,-67.81494127275029] 30.581789603855107 0.05021825029156708 0.009986074770712054 1.863653175244665e-05 [199.134765625,-2985.630859375] 32.88791509244186 33.22387326945076 6.8943869483107365 39.027177280250726 72.9419293902099 8.457265319451881e-06 6.3263824613449075e-06 -6.377493066811946e-07 2.7548227522181646e-06 -7.306571278391009e-07 2.7665010061908464e-06
62.59655361339636 -67.81127907718312 1.2890625 0.9123535 [62.59655361339636,-67.81127907718312] 28.85967075937876 0.12012994419145331 0.004194681098161772 1.8726599718630882e-05 [197.36328125,-2992.228515625] 32.88791509244186 33.22387326945076 6.8943869483107365 38.99596321052593 72.98509320215226 7.98102059446926e-06 6.004462442746506e-06 -1.113994031663816e-06 2.8307367016987402e-06 -1.2069018528217223e-06 2.8499879078435416e-06
58.86189310646781 -68.60781096866994 1.3359375 1.3730469 [58.86189310646781,-68.60781096866994] 32.57347819703972 1.7190265913213159 0.00027338913850872464 1.746515942854964e-05 [-2259.974609375,-1495.604492188] 28.951467533324845 31.887197177401646 8.254990619089437 29.44530360219983 51.220717668844145 7.342941820139379e-06 3.979682439702537e-06 8.164990368759515e-07 2.5032655955906217e-06 1.5470627880096263e-07 2.471642484475823e-06
63.57143056234613 -69.15859978363684 1.2890625 0.90234375 [63.57143056234613,-69.15859978363684] 54.034196175159735 2.4133703301076728 0.00019621456346819607 1.7598024212954466e-05 [810.2431640625,-559.57421875] 33.357482272095595 30.148764450361316 7.074904999803663 50.35734637188557 57.12547506349779 1.5025582663185859e-05 1.1011625260667862e-05 5.74968623473959e-06 5.024380420172713e-06 6.6419518421896775e-06 5.56552749953179e-06
59.107818011698804 -67.3855283791955 1.3359375 1.328125 [59.107818011698804,-67.3855283791955] -15.183377012881976 2.913210343072257 0.0002008897705993603 2.174895372386479e-05 [-2212.645507812,-3700.725585938] 31.10495834381307 33.4854997808858 9.180961890645026 22.608239335291955 68.43325974009304 -3.4801465637039144e-06 2.4863265056150765e-06 -1.0609641787495858e-05 6.069048885212449e-06 -1.1155280158653643e-05 6.319297728957858e-06
63.545387085232626 -68.46144860631743 1.25 0.4769287 [63.545387085232626,-68.46144860631743] 25.167719882182002 1.1284344058897382 0.00042340917815578166 1.775600629648407e-05 [818.8413085938,-1814.439453125] 33.21616746970959 31.745513906894498 6.990548884965094 46.37526217307391 66.58965277020889 9.626441412223738e-06 1.2932421910885663e-05 -3.078463584440156e-06 5.554826685916992e-06 -2.515950952132117e-06 5.042450024290956e-06
64.36312139439273 -70.15406809465019 1.3203125 1.2036133 [64.36312139439273,-70.15406809465019] 54.27429796544896 3.057826063701079 0.0001522769540194986 1.7304364811183858e-05 [1256.774414062,1244.976074219] 31.49014948536926 26.76326687526244 7.414184966982353 58.85195945798387 45.601974237157265 1.3067706243076809e-05 7.49245261161736e-06 5.485774491746825e-06 3.983228795183323e-06 6.623873291913832e-06 4.485951628439577e-06
64.47588336982909 -70.1940612592345 1.3125 1.1611328 [64.47588336982909,-70.1940612592345] 42.55125069589059 2.7143219864756962 0.0001691652839242209 1.7064018360245695e-05 [1323.072753906,1319.291015625] 31.41928582240083 26.62122739511412 7.385391918261398 59.48135472269735 45.33310065805563 1.04308575608165e-05 6.246866161271728e-06 2.728849048345324e-06 3.0172608978125547e-06 3.905027496804803e-06 3.4145938778960465e-06
57.546009558339755 -71.23955534997945 1.25 0.52124023 [57.546009558339755,-71.23955534997945] 38.3693372134913 2.4845577160733687 0.00022285717342204894 2.057711150102198e-05 [-2752.374023438,3284.493164062] 23.418976357231035 27.951255825764164 6.936228674282983 42.730361726225055 13.15938860187589 1.4038282116077498e-05 1.709750419703274e-05 5.469924650237303e-06 7.555522954247063e-06 3.8116886099806028e-06 5.901919731066798e-06
63.57555791644193 -71.19723514570579 1.3203125 1.1674805 [63.57555791644193,-71.19723514570579] 41.57986682190681 0.3805846659370195 0.001313039952763742 1.8571112901401057e-05 [736.505859375,3108.762695312] 23.047706408220254 20.71574243128653 6.314031466865225 62.08001629352566 29.757424457108982 1.0164989076571963e-05 6.067261552498085e-06 4.5305389980506995e-06 3.471157275199483e-06 5.100631933990594e-06 3.721421845590157e-06
63.99952714523703 -68.08774559864426 1.2734375 0.73876953 [63.99952714523703,-68.08774559864426] 31.060504389381396 1.942062584683097 0.00025078888851846616 1.810006836255054e-05 [1137.300292969,-2479.516601562] 33.47775083042968 33.78757205216238 7.067309579763416 46.13387264271444 72.9223639708041 9.545587220927379e-06 8.567709779797251e-06 -7.42873858332801e-07 3.180542764614712e-06 -8.38088844473041e-07 3.198263225657224e-06
63.127566996380665 -67.39694222769894 1.34375 1.4545898 [63.127566996380665,-67.39694222769894] 29.902478589289018 2.6933365668554274 0.0002051986787720958 2.053874442359336e-05 [568.1870117188,-3734.298828125] 34.10741729162292 34.053317163997036 7.321499810649907 38.85210297768094 80.1799799373241 6.549159188739898e-06 3.492393718383112e-06 -9.209541897420651e-07 2.3361456156664514e-06 -9.091053275517586e-07 2.335117631794102e-06
69.84760283395653 -69.39929956953031 1.296875 0.9873047 [69.84760283395653,-69.39929956953031] 30.759760156743397 0.5734472732298549 0.001105571398524108 2.3560743432178436e-05 [4762.523071289,159.1586914062] 41.76406860372474 40.218221196711156 9.724242455836945 75.76605813063225 67.8718338758822 8.177225599189054e-06 5.733335617854651e-06 -2.9254035881778814e-06 3.7322628373489255e-06 -2.5144529525208514e-06 3.598246925338312e-06
69.8330534637002 -69.39275351391255 1.3203125 1.1787109 [69.8330534637002,-69.39275351391255] 26.23093611675518 0.9114309790972435 0.0006914791371102968 2.3421330931806218e-05 [4754.832397461,146.3334960938] 41.711264425315726 40.173129632724695 9.709564605747124 75.68013081677236 67.9349545964028 6.382028910832332e-06 4.006959090518989e-06 -3.7663887546622118e-06 3.618709720359084e-06 -3.392158087812211e-06 3.497576827818903e-06
56.42028412653053 -71.12435907688418 1.3046875 1.0708008 [56.42028412653053,-71.12435907688418] 24.878708990879563 1.9042050767672103 0.00028574869895930016 2.0221188773973194e-05 [-3421.368164062,3134.8359375] 24.766075736126723 29.967713435742645 7.115639957060246 38.404149509755825 11.24209260278144 6.3507078529052395e-06 4.327171235661595e-06 2.8751527891554312e-08 2.593981999889279e-06 -1.2990537613229682e-06 2.714481350140512e-06
57.72406343655794 -68.68274692971687 1.3046875 1.0415039 [57.72406343655794,-68.68274692971687] 40.333891315047374 2.3320454735409233 0.0002109956920161544 1.828602486799216e-05 [-2995.131835938,-1312.12890625] 30.086900468993846 32.40342873153644 8.70406201777214 25.780095608394276 46.63356570641099 1.0439706912691352e-05 6.876547776267839e-06 2.6522504445267997e-06 3.396945464554457e-06 2.0526585051572284e-06 3.2264015590834027e-06
55.7182545580771 -71.41116340909393 1.2578125 0.58154297 [55.7182545580771,-71.41116340909393] 20.499188563930804 0.18928604130167595 0.0031485856500332817 2.2148422706503933e-05 [-3771.65234375,3689.409179688] 24.814997077157724 28.742551101727962 6.59500219093903 38.35424824691211 5.544336545603301 7.10058940325583e-06 8.078190615731964e-06 -1.4949266942898006e-06 3.7058952322976165e-06 -2.8553682747262208e-06 4.550077228340841e-06
55.72814225585244 -71.41107175300687 1.2578125 0.58154297 [55.72814225585244,-71.41107175300687] 15.161016689855968 0.9063107709339234 0.0006587475254867056 2.218731970646632e-05 [-3766.034179688,3688.635986328] 24.814997077157724 28.742551101727962 6.59500219093903 38.383377804231486 5.57577332984124 5.251532474802179e-06 6.201193939090317e-06 -3.3439836227434516e-06 4.936049873151411e-06 -4.704425203179872e-06 6.104000757386769e-06
56.073543223356786 -70.27521508738506 1.28125 0.7800293 [56.073543223356786,-70.27521508738506] 24.68810221980908 1.5146664543094985 0.00035785269458982004 2.0143271296953175e-05 [-3778.8046875,1634.694824219] 24.294686318233335 31.508450895458793 7.335570214057231 31.181001544875244 20.8088080815387 7.383816306529567e-06 6.465642081466838e-06 1.176644005861325e-07 3.067768814288116e-06 -2.0398571473457366e-06 3.4988699519007764e-06
