data_processed/hvc_rms/hvc_rms_index_4_with_B.ecsv
# %ECSV 1.0
# ---
# datatype:
# - {name: ra_dec_obj.ra, unit: deg, datatype: float64}
# - {name: ra_dec_obj.dec, unit: deg, datatype: float64}
# - {name: 'H-alpha flux [Error]', unit: R, datatype: float32}
# - {name: H-alpha flux, unit: R, datatype: float32}
# - {name: ra_dec_deg, datatype: string, subtype: 'float64[2]'}
# - {name: RM, unit: rad / m2, datatype: float64}
# - {name: RM_uncert, unit: rad / m2, datatype: float64}
# - {name: pol_int, datatype: float64}
# - {name: pol_int_uncert, datatype: float64}
# - {name: ra_dec_pix_offsets, datatype: string, subtype: 'float64[2]'}
# - {name: interpolation_raw, unit: rad / m2, datatype: float64}
# - {name: interpolation_cor, unit: rad / m2, datatype: float64}
# - {name: interpolation_unc, unit: rad / m2, datatype: float64}
# - {name: pixel location x, datatype: float64}
# - {name: pixel location y, datatype: float64}
# - {name: 'B_virtual [raw]', unit: G, datatype: float64}
# - {name: 'B_virtual_unc [raw]', unit: G, datatype: float64}
# - {name: 'B_virtual [int]', unit: G, datatype: float64}
# - {name: 'B_virtual_unc [int]', unit: G, datatype: float64}
# - {name: 'B_virtual [cor]', unit: G, datatype: float64}
# - {name: 'B_virtual_unc [cor]', unit: G, datatype: float64}
# meta: !!omap
# - __serialized_columns__:
#     ra_dec_obj:
#       __class__: astropy.coordinates.sky_coordinate.SkyCoord
#       dec: !astropy.table.SerializedColumn
#         __class__: astropy.coordinates.angles.Latitude
#         unit: &id001 !astropy.units.Unit {unit: deg}
#         value: !astropy.table.SerializedColumn {name: ra_dec_obj.dec}
#       frame: icrs
#       ra: !astropy.table.SerializedColumn
#         __class__: astropy.coordinates.angles.Longitude
#         unit: *id001
#         value: !astropy.table.SerializedColumn {name: ra_dec_obj.ra}
#         wrap_angle: !astropy.coordinates.Angle
#           unit: *id001
#           value: 360.0
#       representation_type: spherical
# schema: astropy-2.0
ra_dec_obj.ra ra_dec_obj.dec "H-alpha flux [Error]" "H-alpha flux" ra_dec_deg RM RM_uncert pol_int pol_int_uncert ra_dec_pix_offsets interpolation_raw interpolation_cor interpolation_unc "pixel location x" "pixel location y" "B_virtual [raw]" "B_virtual_unc [raw]" "B_virtual [int]" "B_virtual_unc [int]" "B_virtual [cor]" "B_virtual_unc [cor]"
[from data line 73]
16.003740338085375 -12.87480256387257 0.30664062 0.7050781 [16.003740338085375,-12.87480256387257] -7.367058440826635 1.8487658203421975 0.00030139036463151 2.0707132882316817e-05 [4153.966552734,-2019.480957031] 4.07783190950102 2.3383208439095817 3.2291801678223226 53.65143369388875 31.392520320079257 -2.3175234045012762e-06 2.341954722818071e-06 -3.600324534124232e-06 2.6338414231738617e-06 -3.053110522008324e-06 2.5952786755873286e-06
15.39717488155755 -13.56927020458645 0.25195312 0.1552124 [15.39717488155755,-13.56927020458645] -1.6822331518007305 1.4262288281683144 0.00033316059721533485 1.7658407942449443e-05 [3081.508056641,-778.8774414062] 4.315715861659719 4.135164943249497 3.5504229115081403 44.17758580688235 53.75644562789421 -1.1279026347022778e-06 4.877537190854846e-06 -4.021501114664354e-06 6.2764229928090775e-06 -3.900445447466964e-06 6.2252686663903195e-06
15.244005171462627 -11.902597630302886 0.32421875 0.89160156 [15.244005171462627,-11.902597630302886] -12.85927021377309 2.427020417792888 0.00022547238860798707 2.033646664710364e-05 [2832.168457031,-3779.885742188] 0.5315050570162487 0.2720566740840935 2.990290612450609 63.67172920096391 72.92196910885923 -3.5973239247109916e-06 2.197317780798447e-06 -3.7460101118681416e-06 2.360701247228834e-06 -3.673430575111089e-06 2.35600231187345e-06
14.912115994700098 -14.94267836249754 0.28125 0.4859619 [14.912115994700098,-14.94267836249754] -0.03892524838741065 0.6234398233957253 0.0007541494505274084 1.7472725830552815e-05 [2219.520019531,1687.694824219] 6.109437916780304 5.945605797175315 3.1096643876611667 27.013384771957703 66.93972866460035 -1.4749554731684202e-08 2.662942728851291e-06 -2.3297377093743147e-06 2.9963532632044502e-06 -2.2676584442435837e-06 2.991976294781544e-06
14.942547917887767 -13.02364053523407 0.2734375 0.3668213 [14.942547917887767,-13.02364053523407] -0.4955515576328681 0.013225434657759659 0.03600814291498739 1.7697803995671783e-05 [2291.457519531,-1766.0703125] 6.015817371913159 4.744440785510938 3.364389094082136 49.86448480502315 79.47887270262481 -2.161275913259687e-07 3.0540779294840713e-06 -2.839838683385048e-06 3.557977544231206e-06 -2.2853463100790273e-06 3.4987723090391347e-06
14.95856944913623 -13.034194946946329 0.27539062 0.39257812 [14.95856944913623,-13.034194946946329] 6.397314556999248 0.0074853956349237 0.0640312063675255 1.7812100911878878e-05 [2319.448242188,-1746.919433594] 6.053055766795166 4.73240155523493 3.34916570537558 49.76367851097007 78.65576500743418 2.6970145633041362e-06 3.108498462266235e-06 1.4513448767499508e-07 3.2719077875264267e-06 7.019030520361042e-07 3.28134403240825e-06
14.956957833486857 -13.033805971905739 0.27539062 0.39257812 [14.956957833486857,-13.033805971905739] 6.01946317072564 0.007560655186283491 0.0634218546607053 1.7819974291660516e-05 [2316.626464844,-1747.635253906] 6.053055766795166 4.73240155523493 3.34916570537558 49.765807458810514 78.73425122351955 2.5377179268069326e-06 3.090861159756684e-06 -1.4162148822208528e-08 3.2714897361795794e-06 5.426064155389006e-07 3.27738069780448e-06
14.944914790669882 -13.024356810412003 0.2734375 0.3668213 [14.944914790669882,-13.024356810412003] -0.5911834517451385 0.020089849941670866 0.023847637045526532 1.780453965475467e-05 [2295.600585938,-1764.758300781] 6.015817371913159 4.744440785510938 3.364389094082136 49.85960585407963 79.3627462881027 -2.5783604851890847e-07 3.054560806716172e-06 -2.881547140577988e-06 3.5629102941378488e-06 -2.327054767271967e-06 3.502817897286484e-06
14.953786004320204 -13.031327135501675 0.27539062 0.3791504 [14.953786004320204,-13.031327135501675] 6.934294804830439 0.03305241321179098 0.014452601592363355 1.7752434035520194e-05 [2311.088867188,-1752.127441406] 6.03443656935415 4.738404285734232 3.3567773997288626 49.79038211669865 78.89977897797007 2.9747137551521522e-06 3.20255856162281e-06 3.8602637270246787e-07 3.333481736842031e-06 9.420057721534116e-07 3.3489496960995248e-06
14.90078341995148 -16.43106839027667 0.28125 0.47106934 [14.90078341995148,-16.43106839027667] 1.3848817779624771 2.2495760333465156 0.00028859424195636313 2.412665096441193e-05 [2183.83203125,4365.424316406] 4.810391298929888 4.36825013824442 2.6779874912974666 9.357511306356969 53.48269707594682 5.329898242958621e-07 2.834616102187279e-06 -1.3183520404105506e-06 3.0395155367351135e-06 -1.1481882449893785e-06 3.032796007941789e-06
15.2522478940523 -12.44441302099005 0.30273438 0.6640625 [15.2522478940523,-12.44441302099005] -1.4526301714174574 1.3360577275650733 0.00036269784393446863 1.8008556400335786e-05 [2840.881347656,-2805.04296875] 2.9133320981444957 2.0046207191480874 3.243119531245035 57.24977764954417 69.01008366286442 -4.708680428347154e-07 2.3128810211759664e-06 -1.4152205767231407e-06 2.5615465237910524e-06 -1.1206630513812631e-06 2.552774973603384e-06
14.647107150283711 -14.219910618861674 0.28320312 0.48657227 [14.647107150283711,-14.219910618861674] 2.704583936807951 0.9723497156267241 0.00046289153474436516 1.672670637538605e-05 [1764.504394531,384.5727539062] 4.46881497709518 5.672741543262262 2.9394990343766554 35.18710613939413 86.22194520305675 1.024177953987946e-06 2.6943506179156154e-06 -6.680829951744641e-07 2.9056290960327644e-06 -1.1239886265389721e-06 2.918645711781179e-06
14.642362631140374 -14.219491023233614 0.28125 0.47607422 [14.642362631140374,-14.219491023233614] 7.478639515753718 0.9509886335796577 0.000475954206104122 1.682089881954345e-05 [1756.23046875,383.7822265625] 4.430253038449347 5.665969670724156 2.9428625555779164 35.18530854224673 86.46788745612184 2.863082763703559e-06 2.845299689482333e-06 1.1670281422031537e-06 2.951824252407071e-06 6.939529280234731e-07 2.93757042088617e-06
15.400725319634514 -16.31546017149698 0.33398438 0.98657227 [15.400725319634514,-16.31546017149698] 1.5961304693926162 2.844144835503182 0.00021727114992336656 2.296478980676823e-05 [3048.478271484,4163.035400391] 5.0368618338524 4.5134669899475295 2.341881553799102 11.796828721764314 25.115528594878015 4.244754438549674e-07 2.011022094796776e-06 -9.150291916114779e-07 2.110980678429451e-06 -7.758374006280854e-07 2.1089310051124025e-06
14.77727505651829 -14.591802585041542 0.265625 0.32312012 [14.77727505651829,-14.591802585041542] 2.5440918411741835 0.2355929601846434 0.0019294528086274453 1.6892937414862e-05 [1988.271484375,1054.985351562] 4.897768212984068 5.295193317307446 3.18297641502676 30.957957452331243 76.8689907500875 1.1822230444517208e-06 3.2924913729727283e-06 -1.0937382058703166e-06 3.604525838703623e-06 -1.2784190845912194e-06 3.615268913156737e-06
14.79793536200786 -15.236754391216307 0.2734375 0.41052246 [14.79793536200786,-15.236754391216307] 10.048474269338834 0.02772147326722428 0.017147255712263085 1.7665243771639076e-05 [2018.196289062,2215.907714844] 6.832493562821952 5.88997167121245 2.9961509176184453 23.328447304125916 70.6855562406713 4.142669597687009e-06 3.2203878614785626e-06 1.3258476005942025e-06 3.172287284577572e-06 1.7144197042656233e-06 3.1943706947225857e-06
14.795533117037202 -15.257731483930323 0.25585938 0.22698975 [14.795533117037202,-15.257731483930323] 7.846740611089334 0.024534469727736322 0.019507083621507586 1.7785976931435908e-05 [2013.82421875,2253.63671875] 6.757137373600781 5.725864202767042 2.986212255883975 23.075345287930645 70.64302182821802 4.3504563053422355e-06 4.607318009755968e-06 6.041070439048598e-07 4.233481215054756e-06 1.17587423883971e-06 4.272455553162112e-06
14.799224775737994 -15.237225556439839 0.2734375 0.41052246 [14.799224775737994,-15.237225556439839] 9.71514694071085 0.033525731585194625 0.014203120188882033 1.769582150230921e-05 [2020.430664062,2216.766601562] 6.832493562821952 5.88997167121245 2.9961509176184453 23.325010237036736 70.61074245675127 4.005249233821537e-06 3.1996407264174657e-06 1.1884272367287304e-06 3.165808990366741e-06 1.5769993404001513e-06 3.1859431948936177e-06
14.797838309511397 -15.2391919668323 0.2734375 0.41052246 [14.797838309511397,-15.2391919668323] 6.875615927809182 0.0382932424729404 0.012451051554551895 1.771890485928173e-05 [2018.004394531,2220.293457031] 6.832493562821952 5.88997167121245 2.9961509176184453 23.299340961448024 70.67060923125018 2.834599990609499e-06 3.0470993613298216e-06 1.7777993516692864e-08 3.139164428346039e-06 4.063500971881136e-07 3.1422869317864037e-06
14.796135852545525 -15.254123675848962 0.25585938 0.22698975 [14.796135852545525,-15.254123675848962] 4.0477006700287985 0.09237259966047938 0.00518441602453414 1.779720134238577e-05 [2014.905273438,2247.149414062] 6.757137373600781 5.725864202767042 2.986212255883975 23.119192949558965 70.63991260994499 2.2441604450615497e-06 4.087208027251354e-06 -1.5021888163758256e-06 4.305922940288767e-06 -9.304216214409758e-07 4.252988356436164e-06
14.796025254790546 -15.245090523143388 0.25585938 0.22698975 [14.796025254790546,-15.245090523143388] 0.34250330259595774 0.4696698198048632 0.0010182534760894272 1.777285749006594e-05 [2014.799804688,2230.892822266] 6.757137373600781 5.725864202767042 2.986212255883975 23.226268330892253 70.72124067085088 1.898935782678136e-07 3.891234776744345e-06 -3.5564556831695616e-06 4.689471791820156e-06 -2.9846884882347117e-06 4.557728374156694e-06
14.871783267381351 -15.454354291659874 0.28515625 0.51464844 [14.871783267381351,-15.454354291659874] 5.956074163556106 1.2902675013978175 0.00037136929462317316 1.7807151538311072e-05 [2144.187011719,2608.124267578] 6.259945356142703 5.058931447322758 2.880373924297599 20.873085744717514 64.71902958364853 2.193074583823894e-06 2.6976077020476384e-06 -1.1188782592660623e-07 2.8275210451015326e-06 3.3033518975851377e-07 2.8289701452352854e-06
14.664619560007736 -12.87140282204447 0.30078125 0.6357422 [14.664619560007736,-12.87140282204447] 1.9059410092810845 1.843735161861756 0.00024548236834591745 1.6820060204271566e-05 [1805.258300781,-2042.452148438] 4.319594530657011 3.519491386248153 3.4502748785491377 51.280178641746716 93.44641481703184 6.314188936180908e-07 2.4034402176055458e-06 -7.996188909432485e-07 2.664298589555824e-06 -5.345528475752238e-07 2.660043699569751e-06
15.513297017109684 -16.34952355727541 0.29492188 0.5961914 [15.513297017109684,-16.34952355727541] 3.159844392685465 1.19685828713934 0.0005303156719345459 2.3587716317651228e-05 [3242.284423828,4225.792480469] 4.944671416544999 4.327502638002146 2.438151809648625 11.669741797445567 18.06170443228166 1.0809894976621778e-06 2.4460700896710263e-06 -6.105931268014343e-07 2.5736846148345294e-06 -3.994583730033767e-07 2.570812879610186e-06
15.376823356814922 -12.70177267189694 0.32226562 0.8588867 [15.376823356814922,-12.70177267189694] 0.36342760604387536 1.9959160652635022 0.0002448001588300843 1.815777675498184e-05 [3056.692138672,-2340.400390625] 3.9051545570419153 3.0232311100786777 3.2795907922196665 54.41506121792577 61.51865841329345 1.0358541348288422e-07 2.0747949848141156e-06 -1.0094754624069908e-06 2.2852149719690404e-06 -7.58106542174474e-07 2.2810020372531213e-06
15.319587766911804 -12.07870222545944 0.29296875 0.58251953 [15.319587766911804,-12.07870222545944] 0.09428203136543244 0.5494314626961461 0.0009389611230361181 1.9172106793240848e-05 [2963.302734375,-3462.17578125] 1.8559476366386065 1.1623077953671341 3.094473777256469 61.70645572744786 68.4549401436534 3.263039413953479e-08 2.4301210045057657e-06 -6.097009388705393e-07 2.66062438202746e-06 -3.6963672850318676e-07 2.657470756849408e-06
15.321544689157907 -12.077412351068944 0.29296875 0.58251953 [15.321544689157907,-12.077412351068944] -3.764640895281156 0.36836445460214384 0.0013970403685914456 1.912473274769784e-05 [2966.760009766,-3464.471679688] 1.8559476366386065 1.1623077953671341 3.094473777256469 61.725110956843196 68.37701195323962 -1.302917580665046e-06 2.4508377301007573e-06 -1.94524891367512e-06 2.702301261940205e-06 -1.7051847033077678e-06 2.6907095686671828e-06
15.12498474849221 -16.15853695285989 0.27734375 0.42736816 [15.12498474849221,-16.15853695285989] -1.2651172495821212 2.000992145913849 0.000279915710687046 2.0815237079205354e-05 [2574.376953125,3877.520751953] 5.314067627721233 4.712919679962512 2.4892693235204506 13.02927087098351 43.17057412417171 -5.111852664116432e-07 2.9467545144457603e-06 -2.65839579326474e-06 3.235229949729248e-06 -2.4154950076424133e-06 3.2135602493052594e-06
15.99388407498853 -11.567873984598192 0.24511719 0.1000061 [15.99388407498853,-11.567873984598192] -14.521522882355459 0.24060191918825205 0.002803171070863744 2.5064404624102072e-05 [4157.170410156,-4370.827148438] -2.1875128480296553 -0.4006905333363784 3.164525765552589 69.03902240092577 42.97243708706765 -1.2129629751049246e-05 1.6012111136485907e-05 -1.0302430142769658e-05 1.4194503321871249e-05 -1.1794938420567222e-05 1.585193197824125e-05
15.997205743427967 -11.57204744165349 0.24511719 0.1000061 [15.997205743427967,-11.57204744165349] -13.194170002279598 0.2761632984874231 0.0024454042519622323 2.5097203227526994e-05 [4162.9609375,-4363.263671875] -2.1875128480296553 -0.4006905333363784 3.164525765552589 68.99671258379942 42.79887240080461 -1.1020910017262102e-05 1.4752736554923063e-05 -9.193710408982515e-06 1.2994515775528682e-05 -1.0686218686780077e-05 1.4617110583807068e-05
15.04551514743357 -13.412452706045716 0.27148438 0.3458252 [15.04551514743357,-13.412452706045716] 3.543810155990707 2.738628697619387 0.00016838886507110037 1.7137806214413574e-05 [2468.044921875,-1065.252441406] 4.318558892756656 3.641302571724136 3.2645774120163353 45.406694226249556 71.94701634412922 1.5918083085000785e-06 3.436643319331312e-06 -3.480015638250829e-07 3.683683092609501e-06 -4.3791634017943396e-08 3.6810586220859e-06
16.144283288519663 -12.304547312774442 0.27148438 0.3729248 [16.144283288519663,-12.304547312774442] -8.06595679758428 1.7235329182544012 0.00032959547510343936 2.111103503566725e-05 [4410.150634766,-3043.030273438] 3.183212260378412 1.6461602668361541 3.2003457565637987 60.68402432330129 30.292965564065526 -3.488943128312301e-06 3.3815855212463585e-06 -4.865846925408381e-06 3.868949953073994e-06 -4.200992510079242e-06 3.7578280631320013e-06
14.66176504071041 -16.041383785857075 0.27929688 0.4588623 [14.66176504071041,-16.041383785857075] 4.512159903254239 2.6331561327596815 0.0002010013937260072 1.966909524177043e-05 [1774.76171875,3662.534912109] 5.139132752602438 4.670045905611126 2.84650006723951 13.546902183678867 71.50310538588201 1.7595107520311364e-06 2.969354531276533e-06 -2.4448722858073674e-07 3.1214329438723538e-06 -6.156743659323781e-08 3.1205295925761453e-06
14.889382319711505 -12.789458323492951 0.31835938 0.82421875 [14.889382319711505,-12.789458323492951] 1.8017918860596984 1.309506459595612 0.0003544404115716062 1.7248827557677314e-05 [2200.303222656,-2188.018554688] 4.876988609627108 3.7828764852479106 3.344383666800733 52.57111183852521 83.427825333501 5.242422465647856e-07 2.0750325874359774e-06 -8.947470856455127e-07 2.2970613216624176e-06 -5.764085458196561e-07 2.292428729736656e-06
14.928628064754275 -12.788334860232698 0.3203125 0.8457031 [14.928628064754275,-12.788334860232698] 9.109351409350369 1.735917090753696 0.00027014288641159947 1.742734456813032e-05 [2269.186035156,-2189.669921875] 5.0117813182646085 3.9134915679167674 3.3364772066058057 52.64299592833163 81.61134307231714 2.616538459153413e-06 2.142975200631792e-06 1.1769718008021433e-06 2.295802298719211e-06 1.4924407339832013e-06 2.3038512409968043e-06
