data_processed/hvc_rms/hvc_rms_index_1_with_B.ecsv
# %ECSV 1.0
# ---
# datatype:
# - {name: ra_dec_obj.ra, unit: deg, datatype: float64}
# - {name: ra_dec_obj.dec, unit: deg, datatype: float64}
# - {name: 'H-alpha flux [Error]', unit: R, datatype: float32}
# - {name: H-alpha flux, unit: R, datatype: float32}
# - {name: ra_dec_deg, datatype: string, subtype: 'float64[2]'}
# - {name: RM, unit: rad / m2, datatype: float64}
# - {name: RM_uncert, unit: rad / m2, datatype: float64}
# - {name: pol_int, datatype: float64}
# - {name: pol_int_uncert, datatype: float64}
# - {name: ra_dec_pix_offsets, datatype: string, subtype: 'float64[2]'}
# - {name: interpolation_raw, unit: rad / m2, datatype: float64}
# - {name: interpolation_cor, unit: rad / m2, datatype: float64}
# - {name: interpolation_unc, unit: rad / m2, datatype: float64}
# - {name: pixel location x, datatype: float64}
# - {name: pixel location y, datatype: float64}
# - {name: 'B_virtual [raw]', unit: G, datatype: float64}
# - {name: 'B_virtual_unc [raw]', unit: G, datatype: float64}
# - {name: 'B_virtual [int]', unit: G, datatype: float64}
# - {name: 'B_virtual_unc [int]', unit: G, datatype: float64}
# - {name: 'B_virtual [cor]', unit: G, datatype: float64}
# - {name: 'B_virtual_unc [cor]', unit: G, datatype: float64}
# meta: !!omap
# - __serialized_columns__:
#     ra_dec_obj:
#       __class__: astropy.coordinates.sky_coordinate.SkyCoord
#       dec: !astropy.table.SerializedColumn
#         __class__: astropy.coordinates.angles.Latitude
#         unit: &id001 !astropy.units.Unit {unit: deg}
#         value: !astropy.table.SerializedColumn {name: ra_dec_obj.dec}
#       frame: icrs
#       ra: !astropy.table.SerializedColumn
#         __class__: astropy.coordinates.angles.Longitude
#         unit: *id001
#         value: !astropy.table.SerializedColumn {name: ra_dec_obj.ra}
#         wrap_angle: !astropy.coordinates.Angle
#           unit: *id001
#           value: 360.0
#       representation_type: spherical
# schema: astropy-2.0
ra_dec_obj.ra ra_dec_obj.dec "H-alpha flux [Error]" "H-alpha flux" ra_dec_deg RM RM_uncert pol_int pol_int_uncert ra_dec_pix_offsets interpolation_raw interpolation_cor interpolation_unc "pixel location x" "pixel location y" "B_virtual [raw]" "B_virtual_unc [raw]" "B_virtual [int]" "B_virtual_unc [int]" "B_virtual [cor]" "B_virtual_unc [cor]"
[from data line 434]
317.5062255078938 -9.689749691373875 0.5234375 2.859375 [317.5062255078938,-9.689749691373875] -102.80606547521157 1.8917439551037274 0.00030888495250564954 2.1715398823231484e-05 [872.7138671875,622.0590820312] -22.64458395941494 -18.799247419484367 6.9338487816810765 37.38302586618306 40.669601085434806 -1.6059492420916583e-05 2.3521818954803255e-06 -1.2522147393752608e-05 2.244997831712509e-06 -1.3122833284545488e-05 2.3008363836848422e-06
316.2931823745662 -8.079337003066929 0.37890625 1.4072266 [316.2931823745662,-8.079337003066929] -35.931763219098094 2.791208455342049 0.00021351261249777522 2.2147489768450957e-05 [-1285.208007812,-2275.786132812] -20.38980722639445 -19.625067249621985 6.945128286233129 58.943973621452415 27.674136393033223 -8.001016227739411e-06 2.1200667540227802e-06 -3.4607664909229844e-06 2.3498053695835873e-06 -3.6310530679230626e-06 2.356534648812906e-06
314.8444215242096 -7.896846746264777 0.34375 1.046875 [314.8444215242096,-7.896846746264777] -32.347022197998804 0.47505276028014937 0.0014105764349615212 2.490274223715025e-05 [-3867.931640625,-2593.590820312] -22.7395985441162 -23.920568784984383 8.294283269580584 75.25832072975027 34.70584676407361 -8.350943135157618e-06 2.3928158007128035e-06 -2.480322550800533e-06 2.8428481124877323e-06 -2.175434661416584e-06 2.834082866473969e-06
317.39047234016994 -11.296320910452343 0.5703125 3.305664 [317.39047234016994,-11.296320910452343] -35.464957331719035 2.8658172081666766 0.0002235881245486535 2.3812550958499017e-05 [663.884765625,3512.958007812] -17.819423207516017 -17.112940175959363 6.96069555578136 30.17959520277384 62.68190323514227 -5.152508509447895e-06 1.2728793771178294e-06 -2.5636225606676157e-06 1.5272379598197764e-06 -2.6662635929922346e-06 1.5299667858334064e-06
315.971801534214 -9.56154527938821 0.37695312 1.3999023 [315.971801534214,-9.56154527938821] -23.131118750245076 0.5381744183933942 0.0010803432951712328 2.1606953349371363e-05 [-1850.435546875,393.423828125] -21.06973418539784 -21.878360735870263 7.046760198763357 54.3288713977696 48.78184602710235 -5.164120910213676e-06 1.7765513760651289e-06 -4.6021289546172664e-07 2.2220014410438396e-06 -2.796835694513128e-07 2.221213006913294e-06
319.58898927291625 -8.260162443849383 0.359375 1.2226562 [319.58898927291625,-8.260162443849383] -11.487389021178622 1.8026018167362365 0.00044746328934010856 2.997546427823042e-05 [4584.70703125,-1934.962402344] -8.56072130025381 -10.45722205831802 6.17951737854485 23.210314221795215 8.01066580189945 -2.744212743808441e-06 1.790368895339451e-06 -6.991492010802157e-07 2.274974857009978e-06 -2.460957231030072e-07 2.272177864731281e-06
317.60256964829216 -8.665322380139889 0.31054688 0.72143555 [317.60256964829216,-8.665322380139889] -50.95624838474732 0.19264201774260706 0.003052382666274932 2.1852377795851545e-05 [1046.66796875,-1221.613769531] -19.677457264148146 -18.00591670608769 6.28916650431879 41.90337151126187 26.653529907825032 -1.584700925208765e-05 4.290673687505608e-06 -9.727468328116207e-06 3.7037679230289946e-06 -1.0247304845294985e-05 3.779286606014216e-06
317.6110230145754 -8.671054755408045 0.31054688 0.72143555 [317.6110230145754,-8.671054755408045] -49.78390465484368 0.5759993032891977 0.0010183120735792893 2.1797744326083822e-05 [1061.693359375,-1211.270996094] -19.677457264148146 -18.00591670608769 6.28916650431879 41.78276132043948 26.672444989118958 -1.5482419186623355e-05 4.220987467290218e-06 -9.362878262651911e-06 3.6561730631192005e-06 -9.882714779830691e-06 3.729890414599331e-06
317.2331237695984 -7.071168186089663 0.390625 1.5234375 [317.2331237695984,-7.071168186089663] -21.899149179044056 1.7740036400273385 0.00040876685921265607 2.6948766280187344e-05 [390.76953125,-4090.795898438] -15.543271303101095 -12.762525493554248 7.550855748679875 54.647616959514494 8.598934795813875 -4.686661156970304e-06 1.7109401889458513e-06 -1.3602284598405158e-06 2.2461352101313947e-06 -1.9553389486755e-06 2.2568866096416846e-06
314.1011046903921 -9.814475088844478 0.34570312 1.0942383 [314.1011046903921,-9.814475088844478] -38.221700965241524 1.795165336097129 0.00046759686188415934 3.1194982379515734e-05 [-5164.889648438,867.2866210938] -27.790661360765153 -26.96831297979057 8.046383451919505 72.8556011094372 63.649505906560535 -9.651675065604563e-06 2.5316092043321762e-06 -2.6340273278369548e-06 2.772683045723067e-06 -2.8416852594164656e-06 2.7794522877477044e-06
317.14273082221916 -11.365428935203244 0.32421875 0.8684082 [317.14273082221916,-11.365428935203244] -25.421756118828995 1.2294955157293734 0.000540490626844698 2.46958409294274e-05 [226.5390625,3636.965820312] -16.895482833219894 -17.554572219838022 6.948907853217013 32.45788756429829 65.14103434931212 -7.205966248640438e-06 2.5077023583182087e-06 -2.4168290040858875e-06 2.8616649886272585e-06 -2.230005723561626e-06 2.8551431522919623e-06
315.3813780250138 -8.5387506505512 0.38085938 1.4506836 [315.3813780250138,-8.5387506505512] -32.54762885891542 2.7906679084004224 0.00022409306771051335 2.3240490151019057e-05 [-2906.3984375,-1443.563964844] -21.165400574032777 -23.302279835018172 7.1696174592385855 66.07951471786635 39.40468953241543 -7.138083756315956e-06 2.005508376550446e-06 -2.4962586117466316e-06 2.315513240249818e-06 -2.02761546701352e-06 2.3038872855555956e-06
318.66476453607294 -10.474063814001635 0.45703125 2.1875 [318.66476453607294,-10.474063814001635] -13.474457553861146 0.6951888794233987 0.0009101904982778032 2.3514936859761202e-05 [2920.82421875,2039.916503906] -18.244376306117843 -18.67611510008765 6.369105326870126 20.942818960299633 43.60204981606421 -2.406500155182874e-06 1.29941286651458e-06 8.518940500299512e-07 1.698846700106081e-06 9.290013822200388e-07 1.6996149411528775e-06
317.9846803077754 -7.0977942778889656 0.4140625 1.7700195 [317.9846803077754,-7.0977942778889656] -16.68763887403605 1.96529188047413 0.00036808665731446566 2.6883501775510807e-05 [1733.100097656,-4040.646484375] -10.501622241043055 -10.857300515356371 7.392262987380311 46.60008941151591 3.857628737716368 -3.3132522213732043e-06 1.5241228221082605e-06 -1.228204511460556e-06 2.0666020141668343e-06 -1.1575862627461552e-06 2.065713974760208e-06
315.4098818661225 -9.90411659057049 0.34960938 1.1303711 [315.4098818661225,-9.90411659057049] -32.366193755884936 0.500703357987072 0.0012019958526396002 2.236619857340678e-05 [-2844.649414062,1013.772949219] -19.410402295937455 -20.552924219153667 7.8523120169259215 58.477934811737555 56.727810634131856 -8.04136438907652e-06 2.2605942452588895e-06 -3.2188598036610522e-06 2.6791479060159753e-06 -2.9350008125055176e-06 2.668690576057681e-06
318.70108029131427 -10.834381050604504 0.32617188 0.8845215 [318.70108029131427,-10.834381050604504] -31.913719754157363 0.8578537663451979 0.0007523141970184241 2.3983978325733268e-05 [2981.547851562,2688.612548828] -15.317742902520322 -17.633624240547967 6.25842300937188 18.663048869186923 48.20936029953191 -8.963381229893118e-06 2.702846655690994e-06 -4.66119488889495e-06 2.815612461049956e-06 -4.010749642278639e-06 2.7731265536237295e-06
317.1643677422132 -7.085449934893545 0.39453125 1.574707 [317.1643677422132,-7.085449934893545] -34.20770365456707 1.0674362492166378 0.000673020636711612 2.66980185989343e-05 [267.9423828125,-4065.172851562] -16.486141314757134 -13.224186983227845 7.643776062559558 55.29015556676154 9.242552690285265 -7.200666087200941e-06 1.8588459573927127e-06 -3.7303601037086846e-06 2.26751782065232e-06 -4.416996195105753e-06 2.296680422760228e-06
314.4411313604759 -8.803089153128417 0.36523438 1.2866211 [314.4411313604759,-8.803089153128417] -38.824154088101295 1.8288450926565025 0.00040033345307392924 2.720868213576246e-05 [-4575.71484375,-957.8237304688] -24.436964664277497 -26.226910532455502 7.6325085284760394 74.61728494263525 48.697691160722115 -9.041183890825848e-06 2.268828849228506e-06 -3.3504200750326555e-06 2.5129651300948464e-06 -2.933586015696871e-06 2.4982008230419516e-06
314.444427480966 -8.799152381552215 0.36523438 1.2866211 [314.444427480966,-8.799152381552215] -30.462129862499012 1.6931798719817395 0.00043243014644374063 2.7209951205908053e-05 [-4569.90625,-964.9521484375] -24.436964664277497 -26.226910532455502 7.6325085284760394 74.60346428383332 48.6272249595595 -7.093875559222525e-06 2.057715833870781e-06 -1.4031117434293334e-06 2.455121707081894e-06 -9.862776840935486e-07 2.449385738072135e-06
316.04678325761864 -9.53128152057111 0.34960938 1.1308594 [316.04678325761864,-9.53128152057111] -33.761580274105974 0.06997608558562984 0.008249643176118766 2.1453270669699862e-05 [-1717.516601562,338.5703125] -21.374742718757297 -21.758188309980106 6.98373503836724 53.6948413308553 47.916895520538674 -8.386236373753259e-06 2.296460665750602e-06 -3.076839022908822e-06 2.5171020408834242e-06 -2.9815927299817588e-06 2.513432068412459e-06
316.0551453636951 -9.54728591779767 0.34960938 1.1308594 [316.0551453636951,-9.54728591779767] -28.855501051960836 1.0289061708230114 0.000565222380839294 2.1612441220271218e-05 [-1702.594726562,367.3374023438] -21.374742718757297 -21.758188309980106 6.98373503836724 53.52091768462208 48.07110264521725 -7.16758666330637e-06 2.1753880169994698e-06 -1.8581893124619326e-06 2.4916672029681943e-06 -1.7629430195348697e-06 2.489451894768629e-06
316.0479733660053 -9.532831248162765 0.34960938 1.1308594 [316.0479733660053,-9.532831248162765] -32.27825016430534 0.1131659775094861 0.005117177539358027 2.1520634284995594e-05 [-1715.396484375,341.3540039062] -21.374742718757297 -21.758188309980106 6.98373503836724 53.67396527325059 47.929420690709776 -8.017783332749304e-06 2.254072829295995e-06 -2.7083859819048667e-06 2.5036159505639805e-06 -2.6131396889778042e-06 2.5003752693831285e-06
316.0537717771151 -9.54540911100444 0.34960938 1.1308594 [316.0537717771151,-9.54540911100444] -27.24308439238618 0.7149369879538953 0.0008110527949295517 2.1548924259484354e-05 [-1705.041992188,363.9658203125] -21.374742718757297 -21.758188309980106 6.98373503836724 53.545479495719064 48.0554994365466 -6.76706905926099e-06 2.126022168859704e-06 -1.457671708416552e-06 2.4763145286150527e-06 -1.3624254154894892e-06 2.474578738597378e-06
316.47851565226506 -11.065756797331789 0.35546875 1.1660156 [316.47851565226506,-11.065756797331789] -28.536341738788806 2.9479226870552573 0.00020471610856325574 2.2427290581239772e-05 [-946.5712890625,3098.5234375] -19.799866988818508 -18.567536966445207 6.921314445276043 41.06295304530363 65.2701672975245 -6.980632042281143e-06 2.2313903320618842e-06 -2.13713853494142e-06 2.5420327720614237e-06 -2.4385942197516068e-06 2.550520118651299e-06
315.1665649309123 -11.449672633990765 0.3515625 1.15625 [315.1665649309123,-11.449672633990765] -30.452851318618904 0.8424685641541831 0.0008900223224967613 2.7865273304696764e-05 [-3259.272460938,3797.005371094] -20.677863988292078 -18.86742486456388 7.175132704292667 53.056761616544236 78.30025747059972 -7.480846154458589e-06 2.1786453200672284e-06 -2.4012587726144404e-06 2.5072851436998873e-06 -2.8459992803232497e-06 2.5217687741518224e-06
315.1683959167307 -11.444922485380788 0.35742188 1.1987305 [315.1683959167307,-11.444922485380788] -27.907455117981435 0.7548670464446728 0.0009922454268522741 2.7835451871235014e-05 [-3256.098632812,3788.444091797] -20.66252310820333 -18.81296498736403 7.148221624383073 53.061450398998204 78.22712314653472 -6.732991978945631e-06 2.063996907875359e-06 -1.7479225140242996e-06 2.4397085017499375e-06 -2.194149514643248e-06 2.450616780347739e-06
317.40219118799575 -10.015391268855343 0.47070312 2.3095703 [317.40219118799575,-10.015391268855343] -90.85880445984226 0.8692295313728832 0.0006753411992657254 2.1815562756911794e-05 [687.451171875,1207.959960938] -23.604195543723808 -20.18465806900989 7.172905542463392 36.75117755255701 45.62068457506848 -1.5792469905409418e-05 2.4724804478873767e-06 -1.168974645464672e-05 2.3629241282018693e-06 -1.2284107595329652e-05 2.4180144184442184e-06
319.45977779249125 -9.899685900974408 0.39257812 1.5429688 [319.45977779249125,-9.899685900974408] -29.582525602716224 1.5932054305655556 0.000455837560857635 2.698923589815447e-05 [4334.893798828,1014.342285156] -11.335673581806281 -13.511730305129316 6.430680191286734 15.589420273462565 30.694847687858783 -6.290791888197222e-06 1.814281769616039e-06 -3.880234913672676e-06 2.1368873550119773e-06 -3.4174914627862304e-06 2.1176123589494053e-06
319.4562072386579 -9.901103850273154 0.39257812 1.5429688 [319.4562072386579,-9.901103850273154] -29.749851763273384 2.4657590859768153 0.00029437192842584974 2.6974645021399478e-05 [4328.549560547,1016.850585938] -11.335673581806281 -13.511730305129316 6.430680191286734 15.619536317086954 30.73754113734958 -6.3263741798396745e-06 1.8608272477955756e-06 -3.915817205315129e-06 2.1755876207009794e-06 -3.453073754428683e-06 2.1564731263750414e-06
315.4202269919182 -9.197046225845186 0.34375 1.0859375 [315.4202269919182,-9.197046225845186] -20.330415139996052 1.4350947776864855 0.0004188848290057456 2.234003857881103e-05 [-2832.189453125,-259.0073242188] -20.36563548006333 -22.150092416460446 7.523150585114251 62.12308500783365 47.56734563690679 -5.153383537520378e-06 2.039879253172362e-06 8.927703612480518e-09 2.6300743575284152e-06 4.612544729439962e-07 2.631414340909796e-06
317.09936509836837 -7.735796613645928 0.359375 1.2231445 [317.09936509836837,-7.735796613645928] -23.0065988755718 1.4276321362926392 0.0004168602784674677 2.2116455858512274e-05 [151.6088867188,-2895.260742188] -20.461218591837998 -16.269961159963422 6.790146594007125 52.336439936675106 17.981595824343913 -5.494930018907772e-06 1.9513307603244768e-06 -6.079423823690772e-07 2.356392724357867e-06 -1.6089884910936334e-06 2.3703284964600075e-06
317.10672006818976 -7.734008063042062 0.359375 1.2231445 [317.10672006818976,-7.734008063042062] -28.038017779068188 1.2173695914963945 0.00048420097954795523 2.1905683886845366e-05 [164.7280273438,-2898.475585938] -20.461218591837998 -16.269961159963422 6.790146594007125 52.26886710913868 17.90988733857921 -6.696641533071562e-06 2.052028643700442e-06 -1.8096538965328668e-06 2.36793017601239e-06 -2.810700005257423e-06 2.39674268163254e-06
316.7562256538477 -7.820142554853267 0.42578125 1.8808594 [316.7562256538477,-7.820142554853267] 43.40660016915419 1.6395953155705252 0.00035901483104731755 2.1875488592178563e-05 [-460.3266601562,-2743.34375] -21.1275230479094 -17.18408803077545 6.801764916529381 55.486306685933755 21.329493551952055 8.360384320768851e-06 1.83823856304174e-06 1.2429678200918094e-05 2.6200224484058957e-06 1.167014780326567e-05 2.5459265083454684e-06
319.4196777165621 -8.078951770074445 0.31640625 0.7937012 [319.4196777165621,-8.078951770074445] 6.907194249175356 0.541279888547795 0.001406987161015248 2.830223473533986e-05 [4285.337402344,-2263.193359375] -6.9843106366809735 -10.048978831975885 6.022959594540542 26.002810853407254 6.786956511871722 2.0479615243687777e-06 2.129312308559001e-06 4.118787816805816e-06 2.8868341084818238e-06 5.027452366043011e-06 2.954880354654787e-06
315.61428810570754 -7.548409179324998 0.34375 1.0625 [315.61428810570754,-7.548409179324998] -27.985731323625632 2.436863122133162 0.00026699283527584124 2.4179061846465212e-05 [-2498.049804688,-3227.466796875] -24.620777810266 -22.107661251007947 7.627977877745751 69.03990046905528 25.350216962046034 -7.1716787136486736e-06 2.3173918847514472e-06 -8.623096250411721e-07 2.7302709056051616e-06 -1.506325831890613e-06 2.739827131134419e-06
