data_processed/hvc_rms/hvc_rms_index_1_with_B.ecsv
# %ECSV 1.0
# ---
# datatype:
# - {name: ra_dec_obj.ra, unit: deg, datatype: float64}
# - {name: ra_dec_obj.dec, unit: deg, datatype: float64}
# - {name: 'H-alpha flux [Error]', unit: R, datatype: float32}
# - {name: H-alpha flux, unit: R, datatype: float32}
# - {name: ra_dec_deg, datatype: string, subtype: 'float64[2]'}
# - {name: RM, unit: rad / m2, datatype: float64}
# - {name: RM_uncert, unit: rad / m2, datatype: float64}
# - {name: pol_int, datatype: float64}
# - {name: pol_int_uncert, datatype: float64}
# - {name: ra_dec_pix_offsets, datatype: string, subtype: 'float64[2]'}
# - {name: interpolation_raw, unit: rad / m2, datatype: float64}
# - {name: interpolation_cor, unit: rad / m2, datatype: float64}
# - {name: interpolation_unc, unit: rad / m2, datatype: float64}
# - {name: interpolation_cor_unc, unit: rad / m2, datatype: float64}
# - {name: HI, unit: dex(1 / cm2), datatype: float64}
# - {name: 'HI [Error]', unit: dex(1 / cm2), datatype: float64}
# - {name: pixel location x, datatype: float64}
# - {name: pixel location y, datatype: float64}
# - {name: 'B_virtual [raw]', unit: G, datatype: float64}
# - {name: 'B_virtual_unc [raw]', unit: G, datatype: float64}
# - {name: 'B_virtual [int]', unit: G, datatype: float64}
# - {name: 'B_virtual_unc [int]', unit: G, datatype: float64}
# meta: !!omap
# - __serialized_columns__:
#     ra_dec_obj:
#       __class__: astropy.coordinates.sky_coordinate.SkyCoord
#       dec: !astropy.table.SerializedColumn
#         __class__: astropy.coordinates.angles.Latitude
#         unit: &id001 !astropy.units.Unit {unit: deg}
#         value: !astropy.table.SerializedColumn {name: ra_dec_obj.dec}
#       frame: icrs
#       ra: !astropy.table.SerializedColumn
#         __class__: astropy.coordinates.angles.Longitude
#         unit: *id001
#         value: !astropy.table.SerializedColumn {name: ra_dec_obj.ra}
#         wrap_angle: !astropy.coordinates.Angle
#           unit: *id001
#           value: 360.0
#       representation_type: spherical
# schema: astropy-2.0
ra_dec_obj.ra ra_dec_obj.dec "H-alpha flux [Error]" "H-alpha flux" ra_dec_deg RM RM_uncert pol_int pol_int_uncert ra_dec_pix_offsets interpolation_raw interpolation_cor interpolation_unc interpolation_cor_unc HI "HI [Error]" "pixel location x" "pixel location y" "B_virtual [raw]" "B_virtual_unc [raw]" "B_virtual [int]" "B_virtual_unc [int]"
[from data line 1050]
314.4541014942371 -10.033602643079565 0.37304688 1.3642578 [314.4541014942371,-10.033602643079565] -45.09471418933869 3.193080220732645 0.00021553190904537983 2.5575851897493122e-05 [-4536.47265625,1256.829589844] -23.435067841424377 -23.326168557464822 8.635545729673252 8.743897111362292 0.0 0.0 67.95330796644657 64.28976918107765 -4.509471245053312e-06 8.051634105788537e-07 -2.1659645512740735e-06 1.1621874132438282e-06
319.4497070342309 -11.225720402039833 0.32226562 0.84765625 [319.4497070342309,-11.225720402039833] -11.801219435830962 2.2445623648367605 0.0003450421083095024 2.878143733727494e-05 [4298.465332031,3400.424560547] -14.603628612082925 -14.791863923607464 6.471848628055095 6.139419711185197 18.390474319458008 9.195237159729004 8.680642107304266 48.70111002334215 -1.1801218980788138e-06 7.37725166070595e-07 2.802409068193962e-07 9.79513309315153e-07
315.754760870599 -10.70553401656432 0.3359375 0.9914551 [315.754760870599,-10.70553401656432] -70.60312938072687 2.451019300033446 0.0002373547692793309 2.1619885860138802e-05 [-2227.635742188,2453.617431641] -18.753561537336928 -18.690947977386763 7.577443178992698 7.978864383677674 0.0 0.0 50.6220013243061 64.99941456426859 -7.060312665834317e-06 8.295529172779627e-07 -5.184956584412419e-06 1.094861453735226e-06
319.76815789936126 -10.329742562695712 0.4296875 1.925293 [319.76815789936126,-10.329742562695712] -2.391982084507544 1.640394094862952 0.00048605250725782353 2.963057560160966e-05 [4874.619628906,1792.373535156] -13.313297241860402 -14.7088697991019 6.116599219758471 5.609552581689911 0.0 0.0 10.026985057470938 34.452738766870425 -2.391981992275187e-07 7.190739742514152e-07 1.0921314736238233e-06 9.45695901843994e-07
315.78640753753086 -7.552564666842813 0.35351562 1.1474609 [315.78640753753086,-7.552564666842813] -22.515236757884697 0.18455767148682087 0.0033115518033517504 2.2712887957666558e-05 [-2190.979492188,-3221.134765625] -24.539524894527165 -21.205399181006555 7.243874721798774 8.662241490412104 0.0 0.0 67.20008840905052 24.28226669713058 -2.2515235889720435e-06 7.101993524681952e-07 2.0242880585880101e-07 1.0075669991429353e-06
315.74710067372683 -7.554959490007561 0.35546875 1.1669922 [315.74710067372683,-7.554959490007561] -26.240967812568424 0.0731810538592428 0.008361200713717484 2.2739243457663118e-05 [-2261.088867188,-3216.578125] -24.708952510000064 -21.419855371636267 7.3464371520591705 8.704482404057734 0.0 0.0 67.60170158640767 24.568667334023303 -2.624096680074383e-06 7.135320483476552e-07 -1.5320152434954344e-07 1.0148004135530324e-06
315.75030499909946 -7.552806739158662 0.35546875 1.1669922 [315.75030499909946,-7.552806739158662] -29.66551081205044 0.12335323782605533 0.004956682025741347 2.272219675868044e-05 [-2255.383789062,-3220.471679688] -24.708952510000064 -21.419855371636267 7.3464371520591705 8.704482404057734 0.0 0.0 67.5797953752433 24.520580962612257 -2.9665509668179004e-06 7.173074845243809e-07 -4.956558110930609e-07 1.0151522094241045e-06
315.7817383264253 -7.55288288037495 0.35351562 1.1474609 [315.7817383264253,-7.55288288037495] -25.185364954283944 0.8742463998263535 0.000698664433821847 2.2699233448883855e-05 [-2199.307617188,-3220.533203125] -24.539524894527165 -21.205399181006555 7.243874721798774 8.662241490412104 0.0 0.0 67.24760717842707 24.316723458128763 -2.5185363983162302e-06 7.177839057801053e-07 -6.458400348538536e-08 1.0111338946735893e-06
314.54904195515604 -7.7589629525101245 0.44921875 2.0908203 [314.54904195515604,-7.7589629525101245] 66.58117771074883 1.801999594732661 0.00037836986114250516 2.5338443172446037e-05 [-4395.595703125,-2838.23046875] -24.925773465126877 -25.945510466089047 8.545097509587489 8.600089472132733 17.6477108001709 8.82385540008545 79.13795308961983 34.85917741519643 6.658117514344744e-06 8.032877570509033e-07 9.150694764746226e-06 1.2184466838435007e-06
315.22338869767634 -10.524416030210524 0.41796875 1.8046875 [315.22338869767634,-10.524416030210524] -48.59691895062103 2.923615826303675 0.00020723022982467197 2.2515526970511177e-05 [-3168.999023438,2131.753662109] -20.458883829465467 -20.74170456761913 7.80609967553831 8.161931054469173 18.482707977294922 9.241353988647461 57.2126538646944 65.90481796595623 -4.859691707677406e-06 8.00559303110272e-07 -2.8138034036182013e-06 1.0985259336176218e-06
315.45977782150936 -7.971176070033689 0.34570312 1.0893555 [315.45977782150936,-7.971176070033689] -36.202579818130836 1.1015654124409353 0.0005511233464426119 2.2561491319216783e-05 [-2770.877929688,-2465.630859375] -21.56107730288566 -20.528856742363317 7.408488338152781 8.80011432433769 0.0 0.0 68.3440242505003 31.696106957285338 -3.6202578422196776e-06 7.337846204696188e-07 -1.464150195068397e-06 1.0280708646528641e-06
318.0185240844738 -7.3112230263088325 0.43359375 1.9594727 [318.0185240844738,-7.3112230263088325] 1.273666929863502 1.7283215053103431 0.0003589839110194464 2.3057287870785304e-05 [1792.69921875,-3656.575195312] -10.519285908390243 -12.043601299698121 7.08331884263521 7.2796592225098244 0.0 0.0 45.039340452426586 6.367611078988375 1.2736668807522215e-07 7.210519046545095e-07 1.1792952383529673e-06 1.0126486997479144e-06
315.06445322393876 -8.436318382346382 0.37304688 1.3525391 [315.06445322393876,-8.436318382346382] -25.328478331424 1.8012761015425653 0.00033282429613109036 2.2279426759681777e-05 [-3471.189453125,-1625.054199219] -22.99098908135585 -25.341372732843716 7.251798118743611 8.63221534511773 0.0 0.0 69.99054136391408 40.119943085476734 -2.5328477354784057e-06 7.349944739548674e-07 -2.337489159936983e-07 1.0239545829617587e-06
314.8400574321769 -10.789846358540887 0.37109375 1.3300781 [314.8400574321769,-10.789846358540887] -42.97732841885348 2.002147404002545 0.00032112802482998145 2.3893675410076137e-05 [-3843.626953125,2613.204345703] -23.016909214288834 -21.29075594183044 7.748767884888446 7.798476397224619 0.0 0.0 59.91558756108384 71.68167408751833 -4.2977326761692125e-06 7.623980147137775e-07 -1.9960418434911515e-06 1.0684364320587712e-06
316.11605810520655 -7.65759314418652 0.38085938 1.4414062 [316.11605810520655,-7.65759314418652] -32.80502271910428 2.7447945167103804 0.00021197195161863178 2.1622053569144245e-05 [-1602.465820312,-3033.944335938] -22.000145681182254 -19.035506764905445 7.3618896460045615 8.960837025113825 0.0 0.0 63.139794261345514 23.46061462092166 -3.280502145417651e-06 7.714594676093855e-07 -1.0804876621297136e-06 1.0538249468966047e-06
317.84808349678826 -9.800689588195127 0.52734375 2.875 [317.84808349678826,-9.800689588195127] -77.50995709655066 1.3075471050866236 0.00042883451384999707 2.083798773400457e-05 [1478.746582031,822.8837890625] -21.16516975470956 -19.373760471408286 6.609328962025724 5.910859819105095 0.0 0.0 33.170099478831276 39.92398189024243 -7.750995410784683e-06 8.206811777352838e-07 -5.634478516924434e-06 1.0158109065901222e-06
317.839935298115 -9.802233572263194 0.52734375 2.875 [317.839935298115,-9.802233572263194] -73.87041907440194 2.920517370352621 0.00019147589200385466 2.0781773071433827e-05 [1464.288574219,825.62890625] -21.16516975470956 -19.373760471408286 6.609328962025724 5.910859819105095 0.0 0.0 33.24813179270393 39.99702605159746 -7.3870416226034925e-06 8.523221894357422e-07 -5.270524728743244e-06 1.0435875555413016e-06
315.49874898199903 -8.869979774242974 0.36328125 1.2680664 [315.49874898199903,-8.869979774242974] -24.428670810857817 0.08702734259503772 0.0066578622503137095 2.1532736755289433e-05 [-2695.1640625,-848.3271484375] -20.45662495745101 -23.025626540967636 7.125626977447852 8.491079146581518 0.0 0.0 63.04662202700342 42.88373854149086 -2.442866986891352e-06 7.117629124006129e-07 -3.9720457002488254e-07 9.99128769923039e-07
318.80221556202855 -9.874732011773636 0.39453125 1.5639648 [318.80221556202855,-9.874732011773636] -50.71012185016267 2.3621335729616324 0.0002509193681396305 2.2026593687486788e-05 [3169.947509766,962.4370117188] -15.146546613078138 -17.914644138087137 6.994938949739994 5.359602946849354 0.0 0.0 22.676066467746523 34.69485838382934 -5.0710119894832785e-06 7.85512468223419e-07 -3.556357386578983e-06 1.0344677348155496e-06
314.9449461602082 -10.350837621783807 0.38671875 1.4951172 [314.9449461602082,-10.350837621783807] -58.94305634091629 2.719463070722604 0.00022924396272864733 2.3168065689777866e-05 [-3663.528320312,1822.071289062] -22.732926148018716 -21.884659876786948 7.873918131547356 8.110179088845562 18.02945327758789 9.014726638793945 61.076952740724664 65.36461056622238 -5.894305406813296e-06 8.125240203013933e-07 -3.6210128796672383e-06 1.1046543168195707e-06
319.0801392180852 -9.942816742401654 0.32421875 0.8466797 [319.0801392180852,-9.942816742401654] -39.05842132391155 0.2932474396558812 0.0021226634204394414 2.3132579744571673e-05 [3661.759765625,1087.671386719] -13.05503812200209 -16.76866446880505 6.98729869440676 5.2071328693424785 0.0 0.0 19.371661810267597 33.779166712758524 -3.90584198178592e-06 7.301501094589093e-07 -2.6003382199245883e-06 9.989063657198662e-07
316.83163438664036 -10.985411582618186 0.34765625 1.1210938 [316.83163438664036,-10.985411582618186] -26.6081627801812 1.8535639984310215 0.0003081351838172645 2.122548286832409e-05 [-322.876953125,2953.328125] -20.922267226703823 -19.142407198888016 7.9483974901807315 7.06178326264515 0.0 0.0 37.72433976627394 62.022672771914586 -2.6608161754197945e-06 7.375425290049642e-07 -5.685895334235121e-07 1.075649889012437e-06
315.31631471289177 -9.11616502946936 0.36328125 1.28125 [315.31631471289177,-9.11616502946936] -21.705068344907577 2.093823740455229 0.00027699523216268365 2.1553664407974105e-05 [-3017.4375,-403.7294921875] -20.244536471983054 -22.723304805056102 7.798705272815709 8.691151654613464 0.0 0.0 63.6578195961456 47.18629635758953 -2.1705067507982578e-06 7.395208403070331e-07 -1.4605318166079238e-07 1.0686898614290626e-06
314.2576902150719 -10.02067081425886 0.30664062 0.6850586 [314.2576902150719,-10.02067081425886] -7.2676908456747515 1.8919722449834007 0.0003944118161791387 2.7731501306633804e-05 [-4884.42578125,1236.177246094] -25.597767612360297 -24.56958645222112 8.14048937802755 8.200995267145474 0.0 0.0 70.10930285668223 65.3251001930048 -7.267690565440105e-07 7.26125807473829e-07 1.8330076059896729e-06 1.09443063700649e-06
318.9876404189959 -7.382433938800798 0.36328125 1.2592773 [318.9876404189959,-7.382433938800798] 4.857449092633123 2.59265483531013 0.00025181307193866855 2.426228369370187e-05 [3521.757324219,-3521.178710938] -4.905090895430261 -5.860997518311139 6.548523472352472 6.180022161112495 0.0 0.0 34.46117780908207 0.6636101231333669 4.857448905334907e-07 7.469083904665446e-07 9.762539611629933e-07 9.943290196815814e-07
315.25570694215554 -8.99399461052776 0.32226562 0.8535156 [315.25570694215554,-8.99399461052776] 47.13273206476853 2.4774773873179146 0.0002331467168481514 2.146583103422191e-05 [-3126.166992188,-623.1030273438] -20.240008010430145 -23.373667938607223 7.629223452460361 8.593192361060979 0.0 0.0 64.95541810462532 46.00653993904734 4.71327302473791e-06 7.828896026793394e-07 6.737273747737545e-06 1.1221255693477753e-06
316.80181893305365 -9.084666321598855 0.35351562 1.1621094 [316.80181893305365,-9.084666321598855] -29.381568033044474 2.562241160950901 0.00021896980541086876 2.085033029865028e-05 [-377.7783203125,-467.578125] -21.423268918963657 -19.31859673813582 7.257607553143996 7.934551166100173 0.0 0.0 48.090766778315924 37.31325609762416 -2.9381566900121578e-06 7.61291158456309e-07 -7.958298807217028e-07 1.041217463739416e-06
318.4492492271472 -7.604805641592273 0.390625 1.5463867 [318.4492492271472,-7.604805641592273] -18.93006828460975 2.576678169787054 0.0002327783474233411 2.2290071514267844e-05 [2559.808105469,-3125.760742188] -10.012799934405301 -10.837421553277768 6.373483925009248 6.47310731032794 0.0 0.0 38.86077717857643 7.2300966427073945 -1.8930067554685881e-06 7.525418143156755e-07 -8.917268006363798e-07 9.822465618982862e-07
314.0433957270159 -9.464421198048594 0.36523438 1.2832031 [314.0433957270159,-9.464421198048594] -53.010203307787144 2.3570028553888354 0.000350861411803218 3.073296195837617e-05 [-5272.580078125,238.0751953125] -25.406903133138464 -26.63994887285214 7.783886404740548 8.220194997880604 0.0 0.0 75.31462997013227 59.55029164585358 -5.301020126376849e-06 7.895544092498892e-07 -2.7603299110293957e-06 1.0828434046994376e-06
318.5600281199719 -11.634283095329506 0.328125 0.8984375 [318.5600281199719,-11.634283095329506] -19.78831817895466 2.845943243028737 0.0002604054344112777 2.7541334575236202e-05 [2724.715332031,4126.483642578] -14.994122992992473 -16.907797810157255 6.190822089200336 6.208060469487641 18.829113006591797 9.414556503295898 16.013621780386757 59.917165629388364 -1.9788317415937564e-06 7.62784967435595e-07 -4.794195001102977e-07 9.77186431309804e-07
316.8053894328264 -9.240671089031121 0.34179688 1.0356445 [316.8053894328264,-9.240671089031121] -48.05306253874866 0.5683900104157272 0.0009971027769504724 2.1061779679381384e-05 [-371.2685546875,-186.7749023438] -23.13671794314023 -20.30801897019512 7.269688296696427 7.842130954752882 0.0 0.0 47.21237116382076 39.31460821407836 -4.805306068587223e-06 7.464546355556007e-07 -2.491634363485994e-06 1.0192701390711653e-06
316.56158439509625 -7.547188492540725 0.4609375 2.2285156 [316.56158439509625,-7.547188492540725] -24.171030228081058 3.0512952229133394 0.0001913232758656911 2.1695054256829923e-05 [-807.935546875,-3234.103515625] -18.984436584570815 -15.664159963818484 7.544708709018035 8.960957006560793 17.696372985839844 8.848186492919922 59.05328183331346 19.13083689048335 -2.4171029296071113e-06 7.741368580374792e-07 -5.186593443520553e-07 1.0738134868961014e-06
318.26391595520965 -11.875096303787313 0.33984375 1.0039062 [318.26391595520965,-11.875096303787313] 0.40865536524932067 2.5783345948583207 0.0003376418665506476 3.235223372560355e-05 [2200.895019531,4557.493652344] -15.238721775232621 -17.205983548390606 6.337500851573778 5.825695174498623 0.0 0.0 17.929682987839897 65.03555826629326 4.0865534949199216e-08 7.459776644993896e-07 1.564737653713525e-06 9.822929659648725e-07
314.7290342012293 -11.782008162516888 0.35742188 1.2021484 [314.7290342012293,-11.782008162516888] -17.383145016260173 2.3351488327647973 0.000386082456710561 3.350451511860769e-05 [-4025.846679688,4399.244140625] -19.898821237690623 -18.681366401467113 7.272491084891517 7.919823432734878 0.0 0.0 56.03329818510497 85.25696991118002 -1.7383144345984068e-06 7.435722026931893e-07 2.515676124428575e-07 1.0361446288624039e-06
317.9923706425213 -8.973117755638317 0.375 1.3754883 [317.9923706425213,-8.973117755638317] -43.96980859509716 1.7299427824516886 0.00032118803485403066 2.0649036909003216e-05 [1738.785644531,-666.0698242188] -19.481235421764882 -18.379284520778878 7.171252036252776 6.421472662466988 0.0 0.0 36.10712710973439 28.10389384301652 -4.396980689966679e-06 7.572860804256739e-07 -2.448857222907821e-06 1.0250889778375996e-06
315.7466428016363 -9.668030836450324 0.31640625 0.80444336 [315.7466428016363,-9.668030836450324] 53.82796504116015 2.8739991497314548 0.0001961942810027609 2.0954711318125197e-05 [-2249.30078125,586.4033203125] -20.117677041648594 -21.091789750570285 7.131447885406069 7.988734347246627 0.0 0.0 56.15159507866713 51.575134997960504 5.3827962965609455e-06 8.079977846199121e-07 7.394563923154122e-06 1.1102436981110065e-06
318.7741699442583 -9.254595774428612 0.42382812 1.8422852 [318.7741699442583,-9.254595774428612] -46.66190845290997 2.520003428752039 0.00023311302523531583 2.183113802050945e-05 [3125.931152344,-154.0302734375] -15.059592422946249 -15.809354903546318 7.6761042971134215 5.898903030703467 0.0 0.0 26.319160849152468 26.64226947520592 -4.666190665367501e-06 7.834654247955362e-07 -3.1602314811411076e-06 1.081847885787932e-06
