data_processed/hvc_rms/hvc_rms_index_21_with_B.ecsv
# %ECSV 1.0
# ---
# datatype:
# - {name: ra_dec_obj.ra, unit: deg, datatype: float64}
# - {name: ra_dec_obj.dec, unit: deg, datatype: float64}
# - {name: 'H-alpha flux [Error]', unit: R, datatype: float32}
# - {name: H-alpha flux, unit: R, datatype: float32}
# - {name: ra_dec_deg, datatype: string, subtype: 'float64[2]'}
# - {name: RM, unit: rad / m2, datatype: float64}
# - {name: RM_uncert, unit: rad / m2, datatype: float64}
# - {name: pol_int, datatype: float64}
# - {name: pol_int_uncert, datatype: float64}
# - {name: ra_dec_pix_offsets, datatype: string, subtype: 'float64[2]'}
# - {name: interpolation_raw, unit: rad / m2, datatype: float64}
# - {name: interpolation_cor, unit: rad / m2, datatype: float64}
# - {name: interpolation_unc, unit: rad / m2, datatype: float64}
# - {name: interpolation_cor_unc, unit: rad / m2, datatype: float64}
# - {name: HI, unit: dex(1 / cm2), datatype: float64}
# - {name: 'HI [Error]', unit: dex(1 / cm2), datatype: float64}
# - {name: pixel location x, datatype: float64}
# - {name: pixel location y, datatype: float64}
# - {name: 'B_virtual [raw]', unit: G, datatype: float64}
# - {name: 'B_virtual_unc [raw]', unit: G, datatype: float64}
# - {name: 'B_virtual [int]', unit: G, datatype: float64}
# - {name: 'B_virtual_unc [int]', unit: G, datatype: float64}
# meta: !!omap
# - __serialized_columns__:
#     ra_dec_obj:
#       __class__: astropy.coordinates.sky_coordinate.SkyCoord
#       dec: !astropy.table.SerializedColumn
#         __class__: astropy.coordinates.angles.Latitude
#         unit: &id001 !astropy.units.Unit {unit: deg}
#         value: !astropy.table.SerializedColumn {name: ra_dec_obj.dec}
#       frame: icrs
#       ra: !astropy.table.SerializedColumn
#         __class__: astropy.coordinates.angles.Longitude
#         unit: *id001
#         value: !astropy.table.SerializedColumn {name: ra_dec_obj.ra}
#         wrap_angle: !astropy.coordinates.Angle
#           unit: *id001
#           value: 360.0
#       representation_type: spherical
# schema: astropy-2.0
ra_dec_obj.ra ra_dec_obj.dec "H-alpha flux [Error]" "H-alpha flux" ra_dec_deg RM RM_uncert pol_int pol_int_uncert ra_dec_pix_offsets interpolation_raw interpolation_cor interpolation_unc interpolation_cor_unc HI "HI [Error]" "pixel location x" "pixel location y" "B_virtual [raw]" "B_virtual_unc [raw]" "B_virtual [int]" "B_virtual_unc [int]"
[from data line 530]
180.46945185328792 -65.07447808157565 4.34375 31.359375 [180.46945185328792,-65.07447808157565] 693.9328430601857 0.37879956646154506 0.0018782583243390485 2.6440733491471802e-05 [4752.332397461,544.3666992188] 78.63764523438927 149.0656789999899 42.30657258425421 75.54169764630257 0.0 0.0 65.55550588328083 45.14409780320193 5.8598775675868904e-05 2.1659774069129318e-06 5.195826315530952e-05 4.065278709214797e-06
180.4788818245475 -65.0782395009335 4.34375 31.359375 [180.4788818245475,-65.0782395009335] -3.6757316483035334 0.6039360174502093 0.0011765337067600784 2.6406084446577834e-05 [4758.770751953,551.8125] 78.63764523438927 149.0656789999899 42.30657258425421 75.54169764630257 0.0 0.0 65.52031372514261 45.08860242421497 -3.1039512894902607e-07 5.934097019548938e-07 -6.950907649508418e-06 3.6299095681918108e-06
179.8995972834197 -66.22331242125178 4.375 31.648438 [179.8995972834197,-66.22331242125178] 116.11750792436744 1.186248772391956 0.0004893275453753812 2.157168863396082e-05 [4135.101806641,2562.746582031] 29.633417249738237 36.46231673459953 29.274890087441946 27.631403119462234 18.663354873657227 9.331677436828613 51.484423584970045 45.21264158012059 9.805478825435544e-06 6.935388647869465e-07 7.303101272199853e-06 2.5569828112884014e-06
171.09895307180244 -65.63015745414025 5.8125 46.0 [171.09895307180244,-65.63015745414025] 113.89655326975172 0.7910622701375516 0.0006096179170421814 1.792161309064516e-05 [-2296.317382812,1364.862792969] 60.68798844507183 51.878096408818195 39.34964283016545 42.40277576987934 0.0 0.0 46.872716413745366 88.70198811147839 9.61793153625094e-06 6.86162388144922e-07 4.493167869741426e-06 3.3794656419766364e-06
171.09437625112324 -65.62696063255056 5.8125 46.0 [171.09437625112324,-65.62696063255056] 104.40404198777044 1.9539727254503192 0.0002467740232041337 1.7919531129622528e-05 [-2299.995117188,1359.282226562] 60.68798844507183 51.878096408818195 39.34964283016545 42.40277576987934 0.0 0.0 46.90141817275844 88.7361629460554 8.816341663720246e-06 6.891309601750679e-07 3.691577997210733e-06 3.381605717040131e-06
177.20996067388197 -65.7177657770512 4.96875 37.828125 [177.20996067388197,-65.7177657770512] 333.902206402163 2.433158748648801 0.0002018467327939761 1.8251597052893845e-05 [2232.767578125,1519.560058594] 41.10508756239107 65.82498899280552 28.374678850748012 44.59920288681086 0.0 0.0 54.504579442064596 59.39830440361516 2.8196187406770457e-05 1.1818196244773356e-06 2.4725090989740673e-05 2.6278679504706635e-06
179.59371954981896 -63.69139483534613 5.25 40.515625 [179.59371954981896,-63.69139483534613] -1.4272547465186858 1.6286024533587402 0.0004037529659477623 2.4436528739651266e-05 [4302.720458984,-1997.190429688] 278.0895480875271 279.8297685173416 126.37420186606721 132.30425719577553 18.399185180664062 9.199592590332031 80.92609865796271 52.88454853668668 -1.2052373880265213e-07 6.069137142905386e-07 -2.3603642039302824e-05 1.0721739152902208e-05
179.58912657435914 -63.68756871378537 5.25 40.515625 [179.58912657435914,-63.68756871378537] 2.3987039652080497 2.3325278896446333 0.00028256905493423293 2.4494024477085197e-05 [4299.653076172,-2004.36328125] 278.0895480875271 279.8297685173416 126.37420186606721 132.30425719577553 18.399185180664062 9.199592590332031 80.96605209977292 52.91785377369001 2.025572315473368e-07 6.231059625002885e-07 -2.3280561068952834e-05 1.0721773381414717e-05
174.5150911431854 -63.84820946491884 21.5 202.875 [174.5150911431854,-63.84820946491884] 580.8739076541466 1.4670209969953563 0.00037412134778859604 2.0396587987771217e-05 [256.09375,-1898.049804688] 190.25170669604242 235.6395948327439 119.60257624423966 114.03767101493852 0.0 0.0 72.5715935367873 78.56581755556385 4.9051576317506164e-05 1.8456680908077196e-06 3.298587602081957e-05 1.0185564131629062e-05
178.56245416444145 -65.7048035527105 4.65625 34.515625 [178.56245416444145,-65.7048035527105] 283.40441443424794 0.1852264420434298 0.0028512147957397995 1.9626444195120612e-05 [3233.424804688,1554.67578125] 55.608099948851695 79.26812330260965 30.475573657930518 47.156500643637635 17.235816955566406 8.617908477783203 56.193952399356476 52.92546835014741 2.393192925376947e-05 1.0361998163266956e-06 1.923613396572106e-05 2.727693669241144e-06
170.24755899268132 -64.95666504139487 6.78125 55.78125 [170.24755899268132,-64.95666504139487] 102.40577828824135 0.8112090839328587 0.0006303261569047208 1.9002329217195865e-05 [-3003.2578125,190.1376953125] 70.69290578569588 84.97947648004167 47.79682607430051 56.8558943843365 0.0 0.0 53.04337303391026 95.46181926857912 8.647599389246604e-06 6.698080615433181e-07 2.6779760035841354e-06 4.080918102293517e-06
170.23429876635433 -64.95841225447718 6.78125 55.78125 [170.23429876635433,-64.95841225447718] 106.55553680829895 3.0713508652572092 0.00016705875405919812 1.9068097920011327e-05 [-3013.140625,193.9072265625] 70.69290578569588 84.97947648004167 47.79682607430051 56.8558943843365 0.0 0.0 53.00057456060108 95.51801608366122 8.998023455577747e-06 7.204403172459121e-07 3.0284000699152786e-06 4.088886745792217e-06
176.65031429873932 -63.92277538906408 5.8125 46.125 [176.65031429873932,-63.92277538906408] 544.9390285099693 0.13451955154948145 0.00408347164933013 2.041379074808261e-05 [1944.313964844,-1726.764648438] 186.32008588368757 242.23031609379402 95.86234531366776 116.74057094811093 0.0 0.0 74.69149926418527 67.44607289255737 4.6017075294866896e-05 1.7397039512601118e-06 3.0283378546261077e-05 8.187712352780833e-06
176.669632228894 -63.92396544058944 5.8125 46.125 [176.669632228894,-63.92396544058944] 493.5895365992265 0.2872520741660075 0.0019003592852896956 2.028652187703598e-05 [1959.501953125,-1724.028808594] 186.32008588368757 242.23031609379402 95.86234531366776 116.74057094811093 0.0 0.0 74.70298170158185 67.34376137070353 4.168089581058432e-05 1.595709102878421e-06 2.59471990619785e-05 8.168895203383622e-06
174.53590375406458 -65.42916864461323 5.09375 38.8125 [174.53590375406458,-65.42916864461323] 320.7521273326181 0.28868829143831587 0.0017255083949000054 1.8512068555397573e-05 [257.2407226562,947.6010742188] 45.79560492824428 86.8298545959691 35.372829652337614 55.54605384998235 18.219913482666016 9.109956741333008 54.39065647634652 73.13819590712797 2.708573624247909e-05 1.1302517101370973e-06 2.3218551677043912e-05 3.1549864338108868e-06
174.53398104257462 -65.43006140981653 5.09375 38.8125 [174.53398104257462,-65.43006140981653] 320.65329884225906 0.33003378391677834 0.0015116264353968178 1.854007899146237e-05 [255.79296875,949.2001953125] 45.79560492824428 86.8298545959691 35.372829652337614 55.54605384998235 18.219913482666016 9.109956741333008 54.37768312739286 73.1444137083788 2.7077390725193304e-05 1.1300796006586665e-06 2.3210206159758122e-05 3.1549377131162247e-06
180.25924686120652 -64.06224810391981 4.75 35.59375 [180.25924686120652,-64.06224810391981] 742.4040625217045 2.8835340792145367 0.00023932384558504938 2.5646007467109154e-05 [4767.66784668,-1284.772460938] 198.00839527913365 253.66378784765743 96.8049511584561 120.78123207434516 0.0 0.0 77.26585351392873 48.55028408378348 6.269190103283519e-05 2.318910811927791e-06 4.597119145273771e-05 8.36092972822321e-06
170.23583925033313 -64.93300617138112 6.6875 54.953125 [170.23583925033313,-64.93300617138112] 51.46875481144259 2.4845222530290405 0.000203796063782774 1.8816870050054545e-05 [-3014.829101562,148.1923828125] 72.59900350497 87.54981494324365 49.13331460464376 58.37077888211423 0.0 0.0 53.28962751352469 95.61547162648026 4.34625057406375e-06 6.45995894348831e-07 -1.7843321807726337e-06 4.196659586088613e-06
173.55781557618286 -64.93277735944936 5.65625 44.484375 [173.55781557618286,-64.93277735944936] 340.83022486415786 1.0775053028074557 0.00045330179323807096 1.8151626909654688e-05 [-483.8178710938,55.8525390625] 86.26504528670968 122.550627568889 48.503843068667955 72.61736891881132 18.71280860900879 9.356404304504395 58.67916754805219 79.58111080516551 2.878122009947658e-05 1.1852849513506005e-06 2.1496615994081697e-05 4.209289460500741e-06
170.6776126382496 -66.8172607200778 5.03125 38.375 [170.6776126382496,-66.8172607200778] 12.042995753247776 0.4266185919037691 0.001301586367462733 2.063580771021525e-05 [-2488.819335938,3514.049804688] 34.115519021635485 -5.252469477778099 29.475448428392873 18.844721387593886 0.0 0.0 32.765343485491144 85.85243385747503 1.016964125084366e-06 5.933107683666491e-07 -1.8639020368322124e-06 2.559377304207278e-06
177.64027406267627 -65.73142233840294 4.71875 35.03125 [177.64027406267627,-65.73142233840294] 343.12038333594495 2.1087247025555746 0.00023748370927505753 1.861068731042764e-05 [2549.438476562,1560.36328125] 46.60486234507174 68.10587554927619 28.274937277158124 44.06669664994697 16.663837432861328 8.331918716430664 54.8492143492806 57.29294921300152 2.8974611266781228e-05 1.2010207025317056e-06 2.5039089405731704e-05 2.6219543951312587e-06
177.44015481151985 -65.56150817575427 4.65625 34.546875 [177.44015481151985,-65.56150817575427] 487.3419493576273 1.4127457822440428 0.00034715757210351523 1.8226335697157946e-05 [2417.417480469,1247.121582031] 50.57379155562461 80.30027357808781 30.220326386875804 49.152089551765656 0.0 0.0 56.59751136870432 58.73841291099757 4.115332175648505e-05 1.58261946031975e-06 3.68826458602742e-05 2.931852888930328e-06
177.19425984083378 -62.40131775164443 7.03125 58.390625 [177.19425984083378,-62.40131775164443] 13.284414256049672 2.9552444628158967 0.00026605350145136387 2.921938658468001e-05 [2502.13671875,-4442.453125] 403.6331904088783 270.3995164579261 168.3848441234778 124.09857780187973 0.0 0.0 93.11530285915615 69.05179222452352 1.1217950249229717e-06 6.428689302749654e-07 -3.296278681414951e-05 1.4281805049956165e-05
178.14726255638118 -66.86160280140845 4.15625 29.59375 [178.14726255638118,-66.86160280140845] 36.93006171367414 1.6327340218199269 0.00035208818724116893 2.1363657167824528e-05 [2795.306152344,3611.960693359] 27.14928009857388 -4.169546026070886 29.451422633944958 14.702681478227692 18.81394386291504 9.40697193145752 42.21567723290491 51.77364423096151 3.1185386650850513e-06 6.170224121539199e-07 8.259327016003677e-07 2.5601755259166672e-06
172.08111558432395 -67.3316574174157 4.15625 29.601562 [172.08111558432395,-67.3316574174157] -30.54335322918717 2.928567512702778 0.00024069135555355263 2.6195363923700615e-05 [-1464.091796875,4394.554199219] 17.79050942784052 -10.751715980262926 22.98150075055537 12.162110781271265 0.0 0.0 29.08143100104712 77.5933161209557 -2.579216594466236e-06 6.472867866355101e-07 -4.081526337472649e-06 2.0488514217503656e-06
172.07824729225837 -67.32888795688925 4.15625 29.601562 [172.07824729225837,-67.32888795688925] -33.0425518173423 1.0728321595671362 0.0006553742064563971 2.612942372491953e-05 [-1466.25,4389.642944336] 17.79050942784052 -10.751715980262926 22.98150075055537 12.162110781271265 0.0 0.0 29.108736944754583 77.61655929501057 -2.7902600389455584e-06 6.061866467583743e-07 -4.2925697819519725e-06 2.0364370477101303e-06
178.542190658447 -66.81792450258965 3.96875 27.703125 [178.542190658447,-66.81792450258965] 4.306154991070651 3.186662809565285 0.00018094709267919802 2.1428729597019568e-05 [3079.392822266,3551.885009766] 30.743889472132512 2.5507301656528583 28.49900428233884 15.29830963540212 18.85747528076172 9.42873764038086 43.14363135513031 50.06877234454669 3.6363087994869114e-07 6.496092527131991e-07 -2.2325198867976947e-06 2.4939458983185693e-06
175.62059031559184 -65.60634620647419 4.59375 33.984375 [175.62059031559184,-65.60634620647419] 252.22418856727626 1.9002959601904383 0.0002524551627775161 1.7828475346676323e-05 [1061.761230469,1277.772460938] 43.18150544710976 76.53144013983581 34.36236751911142 51.70158421311431 18.335704803466797 9.167852401733398 53.81397638979274 67.3572888475212 2.129893230114775e-05 9.739913344095792e-07 1.765249392264023e-05 3.0313409063525805e-06
173.6251980670529 -66.98564146969478 4.28125 30.710938 [173.6251980670529,-66.98564146969478] 6.729776111102284 1.7829153556575699 0.0003139816590420014 2.0803849747088155e-05 [-398.9604492188,3749.543945312] 12.0544690216981 -7.224487688452815 24.05331031037651 16.663012460186792 0.0 0.0 35.234378626111834 71.98999672038372 5.6829222687346e-07 6.10318076300515e-07 -4.4964075202855303e-07 2.1208443977698764e-06
173.99919127187366 -66.46849818640514 4.1875 30.007812 [173.99919127187366,-66.46849818640514] 97.34141302885799 1.4167712382887359 0.0003478613298148782 1.8315323238758767e-05 [-138.6767578125,2817.578613281] 11.627927122925485 10.875091353647 24.02959175395257 25.052811039323696 0.0 0.0 41.6874508225568 72.10344575598992 8.219941861946761e-06 6.701823147129483e-07 7.238027978109208e-06 2.132479517759973e-06
170.83927895433183 -66.18479918877853 5.5 43.125 [170.83927895433183,-66.18479918877853] 55.444116497446586 0.43745762858554343 0.001156404740542072 1.879985765026499e-05 [-2435.553710938,2371.470947266] 39.957330311429516 15.852020062574091 35.28251550745922 28.65822487761606 0.0 0.0 40.173160699500386 87.68284148393718 4.681947796061915e-06 6.152146084826211e-07 1.3077731061878137e-06 3.0380648738472855e-06
173.68620289215497 -62.800411276462626 61.75 606.0 [173.68620289215497,-62.800411276462626] 447.1017171785416 2.4709876128323685 0.00026662024989374336 2.448343803112744e-05 [-416.421875,-3782.318359375] 390.1586361756505 267.74481952419245 171.83291429271526 114.06283758671532 19.314878463745117 9.657439231872559 83.33991513217507 86.44775914978527 3.77552575746423e-05 1.4815580626719528e-06 4.8085270258520456e-06 1.452487590915748e-05
173.6772767609433 -62.80258195159135 61.75 606.0 [173.6772767609433,-62.80258195159135] 439.8141329919281 0.2291578100356313 0.0028855127608022266 2.457346312332027e-05 [-423.734375,-3778.354492188] 390.1586361756505 267.74481952419245 171.83291429271526 114.06283758671532 19.314878463745117 9.657439231872559 83.30068872508741 86.48696970511355 3.713986155290748e-05 1.4469216293379948e-06 4.19313100411722e-06 1.452314883289589e-05
173.68450944665878 -62.81130626190683 68.0 666.0 [173.68450944665878,-62.81130626190683] 363.57046590359505 3.1320567249268847 0.00021069255686338088 2.4523785886958976e-05 [-417.66015625,-3762.709960938] 388.8556934093245 270.25837024449265 173.3322303368048 114.96723919711033 19.314878463745117 9.657439231872559 83.21217285489342 86.41840858153773 3.0701507194707196e-05 1.2692419633923335e-06 -2.135197071790766e-06 1.4651459697618475e-05
175.96565270599424 -65.8509978552466 4.34375 31.304688 [175.96565270599424,-65.8509978552466] 201.2207041119991 0.15342758870786158 0.0032521496105138215 1.8543114470053853e-05 [1305.768066406,1724.41015625] 35.90898141983171 61.65162722978916 28.412822577178805 43.115545993567416 0.0 0.0 51.42607458913062 64.94080383567666 1.6991971225343422e-05 8.453332594190498e-07 1.395965712173331e-05 2.5204368653103277e-06
175.98631269302263 -65.84835817239997 4.34375 31.304688 [175.98631269302263,-65.84835817239997] 219.47718345575922 0.5579416875225074 0.0008959571832535632 1.8577393083662078e-05 [1321.110351562,1720.08984375] 35.90898141983171 61.65162722978916 28.412822577178805 43.115545993567416 0.0 0.0 51.48294724948255 64.85083516532382 1.8533629540546334e-05 8.864977664415504e-07 1.550131543693622e-05 2.532206990009854e-06
175.9642486873291 -65.85193633562383 4.34375 31.304688 [175.9642486873291,-65.85193633562383] 201.77373503230277 0.1759233395976489 0.0028359151668844933 1.8540668937584103e-05 [1304.687011719,1726.069580078] 35.90898141983171 61.65162722978916 28.412822577178805 43.115545993567416 0.0 0.0 51.413410996008906 64.94455002536529 1.7038671615971687e-05 8.465519894615595e-07 1.4006357512361574e-05 2.5207748603783505e-06
