data_processed/hvc_rms/hvc_rms_index_24_with_B.ecsv
# %ECSV 1.0
# ---
# datatype:
# - {name: ra_dec_obj.ra, unit: deg, datatype: float64}
# - {name: ra_dec_obj.dec, unit: deg, datatype: float64}
# - {name: 'H-alpha flux [Error]', unit: R, datatype: float32}
# - {name: H-alpha flux, unit: R, datatype: float32}
# - {name: ra_dec_deg, datatype: string, subtype: 'float64[2]'}
# - {name: RM, unit: rad / m2, datatype: float64}
# - {name: RM_uncert, unit: rad / m2, datatype: float64}
# - {name: pol_int, datatype: float64}
# - {name: pol_int_uncert, datatype: float64}
# - {name: ra_dec_pix_offsets, datatype: string, subtype: 'float64[2]'}
# - {name: interpolation_raw, unit: rad / m2, datatype: float64}
# - {name: interpolation_cor, unit: rad / m2, datatype: float64}
# - {name: interpolation_unc, unit: rad / m2, datatype: float64}
# - {name: pixel location x, datatype: float64}
# - {name: pixel location y, datatype: float64}
# - {name: 'B_virtual [raw]', unit: G, datatype: float64}
# - {name: 'B_virtual_unc [raw]', unit: G, datatype: float64}
# - {name: 'B_virtual [int]', unit: G, datatype: float64}
# - {name: 'B_virtual_unc [int]', unit: G, datatype: float64}
# - {name: 'B_virtual [cor]', unit: G, datatype: float64}
# - {name: 'B_virtual_unc [cor]', unit: G, datatype: float64}
# meta: !!omap
# - __serialized_columns__:
#     ra_dec_obj:
#       __class__: astropy.coordinates.sky_coordinate.SkyCoord
#       dec: !astropy.table.SerializedColumn
#         __class__: astropy.coordinates.angles.Latitude
#         unit: &id001 !astropy.units.Unit {unit: deg}
#         value: !astropy.table.SerializedColumn {name: ra_dec_obj.dec}
#       frame: icrs
#       ra: !astropy.table.SerializedColumn
#         __class__: astropy.coordinates.angles.Longitude
#         unit: *id001
#         value: !astropy.table.SerializedColumn {name: ra_dec_obj.ra}
#         wrap_angle: !astropy.coordinates.Angle
#           unit: *id001
#           value: 360.0
#       representation_type: spherical
# schema: astropy-2.0
ra_dec_obj.ra ra_dec_obj.dec "H-alpha flux [Error]" "H-alpha flux" ra_dec_deg RM RM_uncert pol_int pol_int_uncert ra_dec_pix_offsets interpolation_raw interpolation_cor interpolation_unc "pixel location x" "pixel location y" "B_virtual [raw]" "B_virtual_unc [raw]" "B_virtual [int]" "B_virtual_unc [int]" "B_virtual [cor]" "B_virtual_unc [cor]"
[from data line 398]
213.7362822866832 -33.20763769823717 1.3984375 1.9804688 [213.7362822866832,-33.20763769823717] -39.932982455744146 2.4608361399355103 0.00017281229017205107 1.5803963757566666e-05 [-603.8930664062,1074.951660156] -25.443958014921684 -26.216946998217782 6.230131532354456 38.869250726980454 37.30614498001523 -7.49542709907392e-06 3.0655728807841816e-06 -2.719592170538299e-06 2.0709935381629312e-06 -2.574502016575863e-06 2.0462274194053866e-06
215.2757263058257 -31.137047044169787 1.2734375 0.7319336 [215.2757263058257,-31.137047044169787] -30.637123712414432 3.247169431114029 0.00013628222247036057 1.644571881051514e-05 [1753.865234375,-2643.561523438] -22.321596434266212 -21.733867754446056 6.739665995136138 56.186011579436354 10.649057469642912 -9.459338877362729e-06 8.60896574476922e-06 -2.5674534987788117e-06 3.879198018794414e-06 -2.748917163662964e-06 3.973166079841804e-06
214.5117646087903 -32.659778718870385 1.375 1.7421875 [214.5117646087903,-32.659778718870385] -28.945400730003254 3.003331263277908 0.0001442998034688048 1.610562859101244e-05 [567.5068359375,88.67822265625] -24.966514011345282 -21.962584438272703 6.8822832989692415 42.179819486012775 26.50315413540443 -5.792696221378741e-06 2.7965817140907024e-06 -7.962744159410883e-07 2.0795609792487418e-06 -1.3974356038457557e-06 2.1308732057422697e-06
211.9597013624402 -33.45110689618307 1.4375 2.3779297 [211.9597013624402,-33.45110689618307] -47.41511135676153 2.9697020541232817 0.00015685242489936102 1.7310627843848317e-05 [-3269.565429688,1545.528320312] -28.056855714364357 -28.6513371590397 7.042634043485609 42.184066218067755 57.154754144028175 -8.122054598662308e-06 2.873628211623928e-06 -3.316006327168338e-06 2.060478479349532e-06 -3.2141735862260085e-06 2.044365872261554e-06
211.9391480642816 -33.41313542946205 1.421875 2.2324219 [211.9391480642816,-33.41313542946205] -44.033596976404674 3.0060069073602262 0.00015528126368810456 1.7346734604450057e-05 [-3301.85546875,1477.836914062] -27.81627468734534 -28.37598999356691 7.108565858151705 42.68193477126738 57.206294360826405 -7.78474986542787e-06 2.9070436639304826e-06 -2.8670789164692743e-06 2.0720864386731377e-06 -2.7681262086738804e-06 2.0572976278468857e-06
213.96293652339557 -32.3723220924348 1.40625 2.0898438 [213.96293652339557,-32.3723220924348] -17.95624369974046 3.288373909977562 0.00013169604813053135 1.609394971575368e-05 [-265.033203125,-429.51953125] -25.32078339625878 -24.389028807265046 6.947995034964778 47.41430593238965 30.898332008659054 -3.2810074522096635e-06 1.8173575398701413e-06 1.3456661666225738e-06 1.956638328868187e-06 1.1754137574194632e-06 1.9432884955938357e-06
213.03340117243044 -33.507324102674325 1.4140625 2.1083984 [213.03340117243044,-33.507324102674325] -27.410551532404597 3.330285812540491 0.00013043863433509313 1.6143453741189696e-05 [-1656.647460938,1621.809570312] -26.332637990067635 -28.731249491954543 6.736434232412647 37.954008310461404 46.08146141655129 -4.986433889421858e-06 2.232962521028427e-06 -1.9609034904027962e-07 1.869500892153344e-06 2.4025686077147057e-07 1.8701221562352604e-06
213.3164059875596 -32.32840347165447 1.3125 1.109375 [213.3164059875596,-32.32840347165447] -21.339130905183016 2.335645349650634 0.00018413090073065856 1.5982410454673766e-05 [-1248.489257812,-503.9633789062] -27.627853988709177 -25.332856003675772 7.040507941347964 50.23621267932435 37.58292607959288 -5.351631168465153e-06 3.6985083402278066e-06 1.577146070905377e-06 2.7263881336058546e-06 1.0015845448599863e-06 2.6271270988512597e-06
215.35003666221849 -32.70045482845597 1.3671875 1.6503906 [215.35003666221849,-32.70045482845597] 3.9115503087999914 0.23579117109532347 0.0018588398132423274 1.6288391841574206e-05 [1836.856445312,171.365234375] -20.4807105380523 -18.678926408636563 6.758974858121481 38.56008095614766 17.924542678940952 8.042742799985292e-07 1.4799222627246569e-06 5.015420097244509e-06 2.9197030739395194e-06 4.644945855832236e-06 2.8074309393014765e-06
215.3480531074285 -32.70497500980388 1.3671875 1.6503906 [215.3480531074285,-32.70497500980388] 6.0662921677338755 0.1656030582713817 0.002640660301939846 1.6251355572838802e-05 [1833.759765625,179.466796875] -20.4807105380523 -18.678926408636563 6.758974858121481 38.51753051204696 17.968276215655123 1.2473220028612331e-06 1.5337157690014742e-06 5.458467820107213e-06 3.0589519700894305e-06 5.08799357869494e-06 2.941973954833729e-06
215.33946231302176 -32.71331790487196 1.3671875 1.6503906 [215.33946231302176,-32.71331790487196] -28.930805447765135 2.809074773998071 0.00015738124988470023 1.6429524446481595e-05 [1820.580566406,194.3354492188] -20.4807105380523 -18.678926408636563 6.758974858121481 38.45791010867947 18.10040460203595 -5.94861394698953e-06 2.9601950511950907e-06 -1.73746812974355e-06 2.208840499223859e-06 -2.107942371155823e-06 2.266038020033711e-06
215.34733576155392 -32.70186616685433 1.3671875 1.6503906 [215.34733576155392,-32.70186616685433] 5.068111042179253 0.3760351799794499 0.0011666190542578172 1.6302951849055386e-05 [1832.737304688,173.8588867188] -20.4807105380523 -18.678926408636563 6.758974858121481 38.554788687942164 17.959913887975063 1.0420807704380059e-06 1.5075420185075397e-06 5.253226587683985e-06 2.994498448000701e-06 4.882752346271713e-06 2.8796469256923298e-06
215.34063734377645 -32.717449250970745 1.3671875 1.6503906 [215.34063734377645,-32.717449250970745] -23.395477115627486 2.261137432094521 0.00019644309178828281 1.6507162385077654e-05 [1822.275390625,201.7915039062] -20.4807105380523 -18.678926408636563 6.758974858121481 38.40754553683041 18.10919579491724 -4.810466190364803e-06 2.5387508820122414e-06 -5.993203731188235e-07 2.0697076634541945e-06 -9.697946145310962e-07 2.0947865502236747e-06
215.33474725407842 -32.71551882704364 1.3671875 1.6503906 [215.33474725407842,-32.71551882704364] -28.99256903554898 2.573627983644424 0.00017123549828708154 1.6377525154745803e-05 [1813.396484375,198.2163085938] -20.4807105380523 -18.678926408636563 6.758974858121481 38.451573822471346 18.160799844275743 -5.961313480722541e-06 2.9557314975225106e-06 -1.7501676634765616e-06 2.198488965034237e-06 -2.1206419048888345e-06 2.2563236155321693e-06
215.34915166430804 -32.69863132648149 1.3671875 1.6503906 [215.34915166430804,-32.69863132648149] 3.3379053613232528 0.25294986545563664 0.0017352961328876084 1.631235840276967e-05 [1835.553710938,168.0678710938] -20.4807105380523 -18.678926408636563 6.758974858121481 38.58371752610856 17.924479962636042 6.863241475232577e-07 1.4693321056110023e-06 4.897469964769237e-06 2.8835662390117567e-06 4.526995723356964e-06 2.7726626739231136e-06
212.36657720351866 -33.550933952500166 1.4453125 2.4863281 [212.36657720351866,-33.550933952500166] -40.50744724376199 3.122831645865129 0.0001445075674972471 1.6770571613472457e-05 [-2655.80078125,1713.821289062] -28.833695694958514 -29.999154503161098 6.844690435686825 39.71256315517212 53.29416279129168 -6.785850507955157e-06 2.4314223649119423e-06 -1.95559923587605e-06 1.8214258206493483e-06 -1.7603603407155997e-06 1.8028938598595934e-06
214.3627012753483 -32.02475359854877 1.3203125 1.2250977 [214.3627012753483,-32.02475359854877] -16.028740458426192 3.2305816466720336 0.00012944834327038358 1.5541249087832624e-05 [344.0180664062,-1054.981933594] -22.125052802304292 -22.183258967459818 6.883800488177159 49.822089064226475 24.93530244572912 -3.825275125923794e-06 2.7843504643733737e-06 1.454891108218044e-06 2.591490880789944e-06 1.4687820684168408e-06 2.5938285688913513e-06
216.95497126146546 -34.174636829743996 1.28125 0.782959 [216.95497126146546,-34.174636829743996] -22.56002981959147 1.4685484422091033 0.00037388915195815767 2.0405152496294305e-05 [4194.428710938,2869.647705078] -9.968079407366384 -10.527529127042179 6.866641758232914 16.00398902169627 9.168646519010053 -6.7347084191963586e-06 5.940612066607006e-06 -3.758998331716346e-06 4.281926541188515e-06 -3.5919892112786743e-06 4.183665503507729e-06
212.3653872659807 -32.8035773167176 1.375 1.7744141 [212.3653872659807,-32.8035773167176] -19.991848818019545 3.060968774915139 0.00014389493053740542 1.6368658813323224e-05 [-2680.35546875,368.8740234375] -27.460510406240882 -27.47575183094161 6.065013781956247 48.17210547856803 49.9548572893184 -3.96436933176008e-06 2.1867432978426695e-06 1.4810302548382475e-06 2.0220646992452245e-06 1.4840526184628385e-06 2.022415272925004e-06
213.4398805234648 -32.230598548136236 1.3671875 1.6914062 [213.4398805234648,-32.230598548136236] -21.4373242309096 2.936420400248337 0.00014643947419361154 1.5980306199175603e-05 [-1061.847167969,-681.34765625] -27.6836969663749 -25.28976166929087 6.981774598306527 50.89452805953374 35.79620940829341 -4.3540683792647665e-06 2.372186618895875e-06 1.2686813764460675e-06 2.159599999666195e-06 7.824566094571739e-07 2.1196437726208963e-06
215.7182463515347 -31.93312457316291 1.296875 0.94384766 [215.7182463515347,-31.93312457316291] -34.36011831738502 3.233222659918118 0.00013772492863619364 1.6548432889204227e-05 [2414.784667969,-1202.325195312] -18.80984324192524 -17.28002941394425 6.491754032917461 45.62634853447412 10.101217864107866 -9.34226826496566e-06 6.804146358562939e-06 -4.228007599014885e-06 4.0115711950640895e-06 -4.643952941357353e-06 4.226624476955416e-06
214.23382577877555 -32.049854279707624 1.328125 1.2573242 [214.23382577877555,-32.049854279707624] -18.68127838446737 3.255099173862382 0.00013004698257220094 1.5731611324631036e-05 [147.3051757812,-1010.099609375] -22.56165632774357 -22.19144518600503 6.935450679331679 50.022220260018 26.433684265532293 -4.400799533687498e-06 2.9776673094909473e-06 9.141111808225988e-07 2.493271259921486e-06 8.26899535752125e-07 2.4845154917109864e-06
212.85855124368064 -33.34020222727953 1.46875 2.7177734 [212.85855124368064,-33.34020222727953] -31.43123229295933 3.018734579120051 0.0001442399038674945 1.6181510410920543e-05 [-1922.716796875,1323.984863281] -25.998639155977646 -27.95245169999226 6.684127241784433 40.43702907892316 47.15523592967361 -5.036205206394679e-06 1.8839563192657417e-06 -8.704607438130826e-07 1.6433019661725598e-06 -5.574026742225444e-07 1.6322324654178305e-06
213.2546999025109 -33.76706695918566 1.375 1.7495117 [213.2546999025109,-33.76706695918566] -36.42964362442555 2.813511447113053 0.00015377360096350022 1.6078264694738032e-05 [-1320.565429688,2086.149902344] -28.801097605912677 -30.61756921845435 7.130715920136847 34.2667087786258 44.96237594643435 -7.275203219022436e-06 3.2972780319363642e-06 -1.5234632301792332e-06 2.1621846859999373e-06 -1.1607037077675054e-06 2.1252747859482205e-06
212.9346006038657 -32.79145441535388 1.3515625 1.5268555 [212.9346006038657,-32.79145441535388] -33.99073632594296 2.849554252196054 0.00015130187299627153 1.602248734687962e-05 [-1819.701171875,335.0024414062] -30.009262193202012 -27.866319899697388 6.666532211531445 46.363888933501585 43.82618361306754 -7.266248433663259e-06 3.657966431685596e-06 -8.511254332145488e-07 2.188379722842818e-06 -1.3092252794283615e-06 2.234029466937659e-06
216.97866825497675 -33.75280762329533 1.328125 1.2675781 [216.97866825497675,-33.75280762329533] 8.02577199569254 1.285607040320046 0.00041287249509747344 1.9725721494658663e-05 [4250.697998047,2111.787841797] -4.577487418254665 -7.95387542345151 6.9018176972870275 20.54812890428184 6.698623188224019 1.882990305119353e-06 1.9468046243224523e-06 2.956951094811036e-06 2.807282592683083e-06 3.7491123826621147e-06 3.062978752873728e-06
216.6440582806912 -32.039855915732915 1.359375 1.6201172 [216.6440582806912,-32.039855915732915] -7.684212185512914 2.8308501230481107 0.00016629807069965707 1.7494953422656887e-05 [3823.689453125,-983.09765625] -11.259894374289857 -11.054874109071195 6.81093779537436 40.72852447614696 0.9650561167418346 -1.59468448209221e-06 1.7098619459295452e-06 7.420519842081235e-07 2.134169366754845e-06 6.995046641230512e-07 2.1315222034903525e-06
212.4371032840614 -33.36745058432018 1.4296875 2.3339844 [212.4371032840614,-33.36745058432018] -45.00038624888903 2.8359922308888534 0.00015677679796038352 1.6523252136572167e-05 [-2555.45703125,1381.903320312] -27.62644222106485 -29.302217701530004 6.880721614642338 41.55350613493829 51.72899137254444 -7.78065042599006e-06 2.8061507310475376e-06 -3.0039872158776196e-06 2.0100362081582942e-06 -2.714242520491437e-06 1.9675890060144645e-06
215.42599486882526 -33.26860036636473 1.3828125 1.8071289 [215.42599486882526,-33.26860036636473] -5.765184031512274 0.1930265878196442 0.002287146794908609 1.640664859962748e-05 [1939.368652344,1195.278320312] -20.23831945201194 -19.105257537362373 7.627409017133187 31.963224109256316 20.02356496840821 -1.132836524298076e-06 1.4462416191613914e-06 2.843915534323964e-06 2.3214362173476777e-06 2.621273218971987e-06 2.2805909060384892e-06
215.42671218832857 -33.271137129519545 1.3828125 1.8071289 [215.42671218832857,-33.271137129519545] -5.081487574769724 0.32871481763526084 0.0013440876858232063 1.6419335871164082e-05 [1940.391601562,1199.856933594] -20.23831945201194 -19.105257537362373 7.627409017133187 31.932330106675863 20.029013922948025 -9.98492795893629e-07 1.4318223455279163e-06 2.978259262728411e-06 2.347899337454934e-06 2.7556169473764342e-06 2.30551919462323e-06
213.6177366880404 -32.11065287282055 1.3359375 1.3344727 [213.6177366880404,-32.11065287282055] 36.6319010223364 0.4863129716763198 0.0008733444732334644 1.578374781313932e-05 [-792.0961914062,-898.7924804688] -27.30046981214224 -24.65125508904029 6.814360713817194 51.600607278944835 33.31628719490459 8.376319831791247e-06 4.552133996019788e-06 1.4618896938702204e-05 7.763942097468434e-06 1.4013122485166162e-05 7.469447426470919e-06
214.01438919428114 -32.129123813920195 1.34375 1.4038086 [214.01438919428114,-32.129123813920195] -18.83629957067838 3.205749122994735 0.0001340319289152814 1.5967852162152242e-05 [-187.3159179688,-867.376953125] -23.680962658731318 -22.39293408330652 6.9127737318226625 49.94729769011701 29.164480482390672 -4.199429305876687e-06 2.669973493860962e-06 1.08008582432711e-06 2.3660353491760144e-06 7.929283109232877e-07 2.3389235491090105e-06
214.18319687097792 -32.9646949776195 1.3515625 1.5253906 [214.18319687097792,-32.9646949776195] -21.363546691216982 3.20469929825554 0.00013325809773171858 1.5870463033195674e-05 [69.36376953125,636.5419921875] -25.17250247626915 -23.80793900254605 6.509415595936156 39.982011073474496 31.449846656923228 -4.569108298245615e-06 2.641530821216073e-06 8.146368080487059e-07 2.1874579009172875e-06 5.227920885651968e-07 2.169147924840545e-06
216.38508611146935 -33.63711916479104 1.3046875 1.0517578 [216.38508611146935,-33.63711916479104] -14.177221134792173 1.064306928116414 0.0004583188983773916 1.8127727231885816e-05 [3367.754394531,1882.383300781] -8.019631732773936 -11.29323089251672 7.220221336496155 24.175023486746795 12.09714618455314 -3.6515888673583325e-06 2.9263424328564994e-06 -1.5859938062892504e-06 2.7878933976754123e-06 -7.42821640583621e-07 2.645950052076084e-06
212.69145185045596 -31.972154682690693 1.3671875 1.6499023 [212.69145185045596,-31.972154682690693] -17.013175266916186 2.7748491545777587 0.00015733958569546364 1.622505152163193e-05 [-2207.463867188,-1134.9921875] -24.83200249744012 -23.59632883791211 6.204069592640746 56.44476903712939 42.6393517756203 -3.498685382503796e-06 2.1443644130898106e-06 1.6079077603433877e-06 2.119048208737902e-06 1.3537968549827305e-06 2.0868815320179522e-06
