data_processed/hvc_rms/hvc_rms_index_25_with_B.ecsv
# %ECSV 1.0
# ---
# datatype:
# - {name: ra_dec_obj.ra, unit: deg, datatype: float64}
# - {name: ra_dec_obj.dec, unit: deg, datatype: float64}
# - {name: 'H-alpha flux [Error]', unit: R, datatype: float32}
# - {name: H-alpha flux, unit: R, datatype: float32}
# - {name: ra_dec_deg, datatype: string, subtype: 'float64[2]'}
# - {name: RM, unit: rad / m2, datatype: float64}
# - {name: RM_uncert, unit: rad / m2, datatype: float64}
# - {name: pol_int, datatype: float64}
# - {name: pol_int_uncert, datatype: float64}
# - {name: ra_dec_pix_offsets, datatype: string, subtype: 'float64[2]'}
# - {name: interpolation_raw, unit: rad / m2, datatype: float64}
# - {name: interpolation_cor, unit: rad / m2, datatype: float64}
# - {name: interpolation_unc, unit: rad / m2, datatype: float64}
# - {name: interpolation_cor_unc, unit: rad / m2, datatype: float64}
# - {name: HI, unit: dex(1 / cm2), datatype: float64}
# - {name: 'HI [Error]', unit: dex(1 / cm2), datatype: float64}
# - {name: pixel location x, datatype: float64}
# - {name: pixel location y, datatype: float64}
# - {name: 'B_virtual [raw]', unit: G, datatype: float64}
# - {name: 'B_virtual_unc [raw]', unit: G, datatype: float64}
# - {name: 'B_virtual [int]', unit: G, datatype: float64}
# - {name: 'B_virtual_unc [int]', unit: G, datatype: float64}
# meta: !!omap
# - __serialized_columns__:
#     ra_dec_obj:
#       __class__: astropy.coordinates.sky_coordinate.SkyCoord
#       dec: !astropy.table.SerializedColumn
#         __class__: astropy.coordinates.angles.Latitude
#         unit: &id001 !astropy.units.Unit {unit: deg}
#         value: !astropy.table.SerializedColumn {name: ra_dec_obj.dec}
#       frame: icrs
#       ra: !astropy.table.SerializedColumn
#         __class__: astropy.coordinates.angles.Longitude
#         unit: *id001
#         value: !astropy.table.SerializedColumn {name: ra_dec_obj.ra}
#         wrap_angle: !astropy.coordinates.Angle
#           unit: *id001
#           value: 360.0
#       representation_type: spherical
# schema: astropy-2.0
ra_dec_obj.ra ra_dec_obj.dec "H-alpha flux [Error]" "H-alpha flux" ra_dec_deg RM RM_uncert pol_int pol_int_uncert ra_dec_pix_offsets interpolation_raw interpolation_cor interpolation_unc interpolation_cor_unc HI "HI [Error]" "pixel location x" "pixel location y" "B_virtual [raw]" "B_virtual_unc [raw]" "B_virtual [int]" "B_virtual_unc [int]"
[from data line 2379]
255.3743588631932 -64.92621606362759 2.015625 8.2265625 [255.3743588631932,-64.92621606362759] 124.71588560417304 1.4096459354324054 0.0003301636996085522 1.7296095275721637e-05 [-82.537109375,41.6787109375] 24.442676682342015 21.970854876124225 16.657846898763484 17.228341809533912 0.0 0.0 80.10841133118356 79.47626414315187 2.494317615905148e-05 2.9888535164809434e-06 2.0054641011079945e-05 4.194665751924997e-06
255.34625250500517 -64.94264981936959 2.015625 8.2265625 [255.34625250500517,-64.94264981936959] 113.74307205643336 2.727678064277358 0.00016939001742056787 1.717076430908652e-05 [-103.9125976562,71.30126953125] 24.442676682342015 21.970854876124225 16.657846898763484 17.228341809533912 0.0 0.0 80.10974811904453 79.72705548055501 2.274861353412361e-05 2.8269548774218295e-06 1.7860078386152084e-05 4.109914019528693e-06
255.6595915825746 -65.56581873811206 1.8515625 6.5507812 [255.6595915825746,-65.56581873811206] 42.45945693133465 3.0382939073396305 0.0001545327894472688 1.744854146948101e-05 [131.8354492188,1193.046386719] 19.834845967989814 20.080708722759912 15.479895135838465 16.53878106494058 0.0 0.0 74.49259803000223 85.06830359563514 8.491891058828374e-06 1.7686933673179995e-06 4.524922018192644e-06 3.484422950722128e-06
255.01121543633832 -64.78739156044709 2.015625 8.203125 [255.01121543633832,-64.78739156044709] 51.59455787604195 2.9860860267129947 0.00015939380870474734 1.7688152202726663e-05 [-361.4096679688,-206.923828125] 23.353563121043848 21.189404669941958 16.23899425295487 16.705986174821486 0.0 0.0 82.58443271711508 79.19889764621917 1.0318911177321825e-05 1.8698933337610972e-06 5.648198733210906e-06 3.63570504146386e-06
256.88061495731864 -64.03119649917102 2.0 8.0625 [256.88061495731864,-64.03119649917102] 121.77764505043392 2.573466231922506 0.0001843848335167579 1.7634062375169958e-05 [1101.786621094,-1557.216796875] 24.275055201009508 19.27233939236717 15.46638225007712 18.503620793755502 0.0 0.0 79.90246281569159 65.81596487117872 2.435552807096276e-05 2.966086647343819e-06 1.9500517217965064e-05 4.000848269582863e-06
255.67218012260963 -65.73729705921879 1.8046875 6.0703125 [255.67218012260963,-65.73729705921879] 42.08042059373031 2.922530631989959 0.0001555534923017747 1.689458549109161e-05 [140.2841796875,1501.706542969] 17.10453763471176 19.813513675148116 15.803649963322087 16.408837418582987 0.0 0.0 73.2553930096908 86.76669576287941 8.416083794230557e-06 1.7568358665384808e-06 4.995176399194863e-06 3.5451847085105516e-06
258.9490357441509 -65.39988700236684 1.796875 5.9492188 [258.9490357441509,-65.39988700236684] 35.4484469634228 0.5696888236313776 0.0008607551021315332 1.8223257344575057e-05 [2595.895507812,965.2846679688] 18.727529153566948 20.017546374992143 14.505064841928677 15.489007909021948 18.488441467285156 9.244220733642578 61.99915803972817 73.92169688048239 7.089689119313466e-06 1.5905722288028832e-06 3.3441834330229093e-06 3.2423409500059444e-06
263.36587474267515 -63.97993073857823 1.8046875 6.0214844 [263.36587474267515,-63.97993073857823] 41.578940925668014 2.141142586490957 0.00025428909560492544 2.0234013242282294e-05 [-2942.966796875,-1574.802734375] 16.227546712478652 17.98628026253128 13.565404626553962 11.039757976883832 18.23993492126465 9.119967460632324 51.249967569439946 46.670883036925716 8.315787864485406e-06 1.705757952823688e-06 5.07027864713316e-06 3.128743701738175e-06
271.0422669070882 -62.3088874826371 1.4609375 2.6142578 [271.0422669070882,-62.3088874826371] 101.31012120495144 2.083630731582338 0.00039098756730381653 3.0275575358227672e-05 [3298.671875,-4565.125] 14.2619860389831 15.579345563330929 10.224726135145003 8.455321462938851 0.0 0.0 22.72650566540301 8.63900772568195 2.0262023459707576e-05 2.5850891672713887e-06 1.7409626361896444e-05 3.1102821673991345e-06
266.882354482322 -62.59913252051173 1.703125 5.013672 [266.882354482322,-62.59913252051173] 72.18059720954493 2.118142426739481 0.0003137417114454162 2.469654063296713e-05 [-176.6220703125,-4145.724609375] 11.908975755421036 13.044185075160499 8.652704703141534 8.78475765479414 0.0 0.0 42.20486348412339 22.149416655209734 1.443611888526714e-05 2.1091749306879567e-06 1.2054323826022492e-05 2.596975021311316e-06
269.2142331441882 -63.73870449349244 1.5078125 3.1103516 [269.2142331441882,-63.73870449349244] 83.95623105784769 1.1066416063435054 0.00046818039998275596 1.9254352828433125e-05 [1687.040039062,-2067.552734375] 20.149218565292912 16.985136325313267 9.964466689282778 9.072170281031703 0.0 0.0 24.930394783343786 29.424775668241864 1.679124556411644e-05 2.265621400692886e-06 1.2761402006444464e-05 2.7901754465115466e-06
266.14587395355505 -65.25534833332856 1.6328125 4.310547 [266.14587395355505,-65.25534833332856] 78.65310834061209 2.7308157324982423 0.00018782998875120158 1.9061893195975176e-05 [-715.4091796875,639.4243164062] 16.096138178750632 18.325882117498125 10.438867765533601 8.885783652363868 18.586414337158203 9.293207168579102 31.47049670083686 53.86895199276114 1.5730621061565904e-05 2.2361012925449866e-06 1.2511393549945868e-05 2.8899050812441257e-06
266.181243726172 -65.27130137959887 1.6328125 4.3476562 [266.181243726172,-65.27130137959887] 80.11784904079823 1.7138380094622905 0.00029857863727607894 1.9016789757016984e-05 [-688.3471679688,667.7431640625] 16.359030979201687 18.217746459848005 10.46136622013313 8.970563406083318 18.586414337158203 9.293207168579102 31.226306310849623 53.96618652491725 1.6023569190307357e-05 2.2186521482611704e-06 1.2751763120624484e-05 2.8734719421220093e-06
270.7738949664835 -64.87718963129937 1.5 2.9667969 [270.7738949664835,-64.87718963129937] 72.19430710469945 2.0154993601561237 0.00027144421056453843 2.0331618456155546e-05 [2809.155273438,34.99072265625] 21.509121486687082 16.741524746151043 10.756537483183415 11.152218660458718 0.0 0.0 12.051984595919862 39.26442267849393 1.4438860864192316e-05 2.1053561654552e-06 1.01370367327288e-05 2.808775957261747e-06
272.6473389433703 -62.89748381202539 1.484375 2.8125 [272.6473389433703,-62.89748381202539] 79.35682538928286 0.22119498127611614 0.0030656513981941113 2.520035976580738e-05 [4545.630371094,-3409.8671875] 22.770957460124873 21.356532749760216 9.277876627340452 9.372555992042619 0.0 0.0 11.839120804613799 11.966544712161976 1.587136446587314e-05 2.1801593280477597e-06 1.131717314945308e-05 2.6123299260792894e-06
272.620147579328 -62.89931098033239 1.484375 2.8125 [272.620147579328,-62.89931098033239] 89.88324845774221 0.23452390641009152 0.002891858426097325 2.5204196130558312e-05 [4523.154296875,-3408.541015625] 22.770957460124873 21.356532749760216 9.277876627340452 9.372555992042619 0.0 0.0 11.969142069522263 12.046445942531818 1.797664899838741e-05 2.354340403233829e-06 1.3422457681967352e-05 2.720591509836178e-06
272.64428720031196 -62.89871229787958 1.484375 2.8125 [272.64428720031196,-62.89871229787958] 78.01147110662471 0.31697294407613325 0.002133166925545384 2.5127873566018562e-05 [4542.94921875,-3407.884765625] 22.770957460124873 21.356532749760216 9.277876627340452 9.372555992042619 0.0 0.0 11.849177917283669 11.987617461326863 1.5602293619716605e-05 2.1590092872173752e-06 1.1048102303296544e-05 2.599932639029679e-06
272.62442012469273 -62.89995570130277 1.484375 2.8125 [272.62442012469273,-62.89995570130277] 88.92658591595652 0.2719106298001691 0.002493828881263683 2.5200057932907887e-05 [4526.541992188,-3407.080078125] 22.770957460124873 21.356532749760216 9.277876627340452 9.372555992042619 0.0 0.0 11.944580341392111 12.04491030559393 1.7785316497407858e-05 2.3383455137572487e-06 1.3231125180987798e-05 2.7103263995868e-06
272.6333921644785 -62.89748357558594 1.484375 2.8125 [272.6333921644785,-62.89748357558594] 88.80676418329821 2.2068884878800668 0.0003085074010914231 2.5301989989993744e-05 [4534.246826172,-3410.868164062] 22.770957460124873 21.356532749760216 9.277876627340452 9.372555992042619 0.0 0.0 11.909972637176338 11.996432580811415 1.7761352151800235e-05 2.3770312942143685e-06 1.3207160835380176e-05 2.744213147588002e-06
263.12957705494136 -66.66114039859212 1.6484375 4.5078125 [263.12957705494136,-66.66114039859212] 74.80938008860237 2.1621687939527794 0.0002603840468523021 2.0922456356911293e-05 [-2825.760742188,3252.634277344] 15.895393139584318 16.069535286860248 11.793323411662534 10.40333483256488 0.0 0.0 36.76368809648682 76.71207075839379 1.4961875440805998e-05 2.151143053047685e-06 1.1782796935471123e-05 3.0411556211334217e-06
267.75176975791845 -63.13633361298777 1.65625 4.5527344 [267.75176975791845,-63.13633361298777] 76.03172013102846 1.2492131461540912 0.0004270058322603352 1.982344161082888e-05 [533.7377929688,-3176.919921875] 16.932340804887808 16.126154824484498 9.21962044018668 8.475299653191751 0.0 0.0 35.09582041330884 26.019100144083723 1.5206343439864783e-05 2.1411581186160643e-06 1.1819875409465935e-05 2.64017120553329e-06
267.75897191442635 -63.13694784833607 1.65625 4.5527344 [267.75897191442635,-63.13694784833607] 74.54001515860581 2.789652226969338 0.00019085013615047642 1.9785691918876498e-05 [539.583984375,-3175.75390625] 16.932340804887808 16.126154824484498 9.21962044018668 8.475299653191751 0.0 0.0 35.057428592587144 26.00832497841361 1.4908002456883974e-05 2.175746678717064e-06 1.1521534426485125e-05 2.672491145876373e-06
272.16955578277924 -64.48654933315856 1.4296875 2.3300781 [272.16955578277924,-64.48654933315856] 82.09787566899476 1.303229934674928 0.00044706557590669 2.165214768119133e-05 [3928.797607422,-592.2216796875] 20.00855109610779 17.471759405005027 10.501671279188034 11.699157164591842 0.0 0.0 7.1767743716002315 31.7915759757841 1.6419574500677106e-05 2.239468766755965e-06 1.2417864435757357e-05 2.854463888485347e-06
271.7704163821237 -65.59490195854914 1.5078125 3.0664062 [271.7704163821237,-65.59490195854914] 65.12030517725587 2.0669737913671717 0.00027800865088873386 2.1355118383696283e-05 [3473.091796875,1373.5234375] 17.800332693628246 15.607419861309353 10.859434623136147 11.94855313398879 0.0 0.0 4.175147801060234 45.749334748359615 1.3024060533256843e-05 2.0026005632831755e-06 9.46399413180368e-06 2.8000752821599397e-06
264.6690065893162 -65.14537059633295 1.6328125 4.3027344 [264.6690065893162,-65.14537059633295] 65.63526493997172 3.1091160798183486 0.00016466166961365622 1.902559092997263e-05 [-1835.23046875,471.3188476562] 15.046330365281872 19.1715764326165 11.272894289765706 10.268738805144812 0.0 0.0 38.690876256525144 56.18228844042278 1.3127052481828748e-05 2.0630126370205994e-06 1.0117786524806564e-05 2.9264446834653464e-06
267.5454713204703 -66.86369319237129 1.5234375 3.2490234 [267.5454713204703,-66.86369319237129] 48.259269769413855 2.0445293264485005 0.0002724344629139796 2.069970196212648e-05 [318.33984375,3529.502441406] 12.8950454014414 14.710634367043092 10.885255011788184 11.2289717233033 0.0 0.0 16.992744617567496 69.12270523176062 9.651853581717259e-06 1.777478104720079e-06 7.072844600872903e-06 2.7241603406155323e-06
271.0914917949455 -62.98097608327876 1.4453125 2.4804688 [271.0914917949455,-62.98097608327876] 77.39089078879685 2.7176754938889016 0.00021484715939303853 2.1698810018477014e-05 [3264.895507812,-3356.094726562] 20.26036928220966 19.562588041349663 9.646600068607183 8.138096513729277 0.0 0.0 19.316384028328685 16.36251412874526 1.547817756093682e-05 2.2158495624824022e-06 1.1426103860738666e-05 2.724758284842867e-06
266.38845813209895 -63.97399531022118 1.640625 4.375 [266.38845813209895,-63.97399531022118] 57.15187333665504 2.2153163130569262 0.00022953023267384466 1.8896629393745326e-05 [-558.416015625,-1669.186035156] 15.542671134410696 18.54943427810238 10.027644576290974 8.514988845368235 0.0 0.0 37.21218813409996 38.84408056222742 1.1430374226587575e-05 1.8984173521047233e-06 8.321840119567303e-06 2.635488045855685e-06
262.9568788777555 -62.77446347624166 1.859375 6.5898438 [262.9568788777555,-62.77446347624166] 32.70232730880765 3.000775481504492 0.00021292675062089934 2.3745014132278007e-05 [-3405.196289062,-3719.177734375] 10.856780508180368 14.387621295501276 12.167967508507017 12.912863088815888 0.0 0.0 60.270875868710846 34.69520939233348 6.5404652095679405e-06 1.67157915772268e-06 4.369109191657115e-06 2.907589474732805e-06
262.96398927111574 -62.77807631688561 1.828125 6.3046875 [262.96398927111574,-62.77807631688561] 22.142962397647572 3.0668353827553716 0.00020718374956868365 2.3613200618142435e-05 [-3398.939453125,-3713.075195312] 10.612595695949025 14.233552796265613 12.134798167854708 12.804164257511554 0.0 0.0 60.21547985497034 34.71418567113733 4.428592308767566e-06 1.5979772241234698e-06 2.306073251419905e-06 2.8784156250777268e-06
266.8706057978456 -66.78588867877102 1.6171875 4.1601562 [266.8706057978456,-66.78588867877102] 60.50195339416257 0.8226901113805059 0.0006488888116566419 1.9838793929671228e-05 [-159.4672851562,3388.694580078] 13.124394577323388 15.51602041157814 10.703704140953327 11.12539816403891 0.0 0.0 20.275504998217002 69.65398614782134 1.2100390212253957e-05 1.8998548719372524e-06 9.475511398001898e-06 2.750398987289577e-06
264.94943262124286 -65.48962415470237 1.6171875 4.1757812 [264.94943262124286,-65.48962415470237] 51.80876387549042 2.7207315356847417 0.0001887078906949384 1.908026727373176e-05 [-1602.140625,1082.931152344] 14.413351439588714 17.86339079706734 11.24058324448465 9.786948982213428 0.0 0.0 35.5355687384515 59.340941441816085 1.0361752375559606e-05 1.8562717737990254e-06 7.479082198794651e-06 2.816011353506165e-06
263.01019303149025 -63.18549746967263 1.765625 5.642578 [263.01019303149025,-63.18549746967263] 24.591915668558535 2.685608048970458 0.00021372914179411393 2.1331189551613253e-05 [-3314.435546875,-2984.104492188] 13.082458230571536 15.56528065093157 12.165727181092636 12.03616245247813 0.0 0.0 57.577194847899705 38.995543214206236 4.918382944063937e-06 1.5863600159727145e-06 2.3018913988388433e-06 2.8683457084129492e-06
271.7146910872814 -65.70915974179682 1.4453125 2.4882812 [271.7146910872814,-65.70915974179682] 72.78857685436404 0.19762861002115034 0.0029051933674123197 2.1337010124686414e-05 [3416.697753906,1575.579101562] 18.4426365376817 15.786884481340858 11.107895897389614 12.179427385412662 0.0 0.0 3.9286949809319367 47.21585266147099 1.455771480954235e-05 2.0760019637220593e-06 1.086918764423181e-05 2.8646112667935255e-06
271.712158296229 -65.71080029897911 1.4453125 2.4882812 [271.712158296229,-65.71080029897911] 72.36285556267481 0.2731049082129972 0.002096280872449354 2.127588724757961e-05 [3414.611816406,1578.387207031] 18.4426365376817 15.786884481340858 11.107895897389614 12.179427385412662 0.0 0.0 3.93310277230637 47.240250103130165 1.4472570554487578e-05 2.0697384811470093e-06 1.0784043389177038e-05 2.861291779195776e-06
271.73226919262146 -65.72426600815174 1.46875 2.7080078 [271.73226919262146,-65.72426600815174] 75.06474296675843 0.20699233908754025 0.0027678402117720007 2.1291388767912048e-05 [3427.668212891,1603.645019531] 18.610783860339648 15.79086200548128 11.184678382952207 12.254925766216243 0.0 0.0 3.7815146242051014 47.36163556061342 1.5012948014467905e-05 2.111656721600722e-06 1.1290791385922493e-05 2.894501160668931e-06
271.72912583401995 -65.72280889873751 1.46875 2.7080078 [271.72912583401995,-65.72280889873751] 76.48424850609791 0.2228469819752927 0.002565319116503882 2.1245005969050328e-05 [3425.542724609,1600.859375] 18.610783860339648 15.79086200548128 11.184678382952207 12.254925766216243 0.0 0.0 3.802353073161271 47.350359959035586 1.5296849111388868e-05 2.13417730936151e-06 1.1574692482843457e-05 2.9069464968321537e-06
