data_processed/hvc_rms/hvc_rms_index_8.ecsv
# %ECSV 1.0
# ---
# datatype:
# - {name: ra_dec_obj.ra, unit: deg, datatype: float64}
# - {name: ra_dec_obj.dec, unit: deg, datatype: float64}
# - {name: 'H-alpha flux [Error]', unit: R, datatype: float32}
# - {name: H-alpha flux, unit: R, datatype: float32}
# - {name: ra_dec_deg, datatype: string, subtype: 'float64[2]'}
# - {name: RM, unit: rad / m2, datatype: float64}
# - {name: RM_uncert, unit: rad / m2, datatype: float64}
# - {name: pol_int, datatype: float64}
# - {name: pol_int_uncert, datatype: float64}
# - {name: ra_dec_pix_offsets, datatype: string, subtype: 'float64[2]'}
# - {name: interpolation_raw, unit: rad / m2, datatype: float64}
# - {name: interpolation_cor, unit: rad / m2, datatype: float64}
# - {name: interpolation_unc, unit: rad / m2, datatype: float64}
# - {name: pixel location x, datatype: float64}
# - {name: pixel location y, datatype: float64}
# meta: !!omap
# - __serialized_columns__:
#     ra_dec_obj:
#       __class__: astropy.coordinates.sky_coordinate.SkyCoord
#       dec: !astropy.table.SerializedColumn
#         __class__: astropy.coordinates.angles.Latitude
#         unit: &id001 !astropy.units.Unit {unit: deg}
#         value: !astropy.table.SerializedColumn {name: ra_dec_obj.dec}
#       frame: icrs
#       ra: !astropy.table.SerializedColumn
#         __class__: astropy.coordinates.angles.Longitude
#         unit: *id001
#         value: !astropy.table.SerializedColumn {name: ra_dec_obj.ra}
#         wrap_angle: !astropy.coordinates.Angle
#           unit: *id001
#           value: 360.0
#       representation_type: spherical
# schema: astropy-2.0
ra_dec_obj.ra ra_dec_obj.dec "H-alpha flux [Error]" "H-alpha flux" ra_dec_deg RM RM_uncert pol_int pol_int_uncert ra_dec_pix_offsets interpolation_raw interpolation_cor interpolation_unc "pixel location x" "pixel location y"
[from data line 318]
107.01171873747475 -54.18586323532794 3.921875 27.1875 [107.01171873747475,-54.18586323532794] -26.693894517324466 0.2894679494085253 0.0017254628782482967 1.8561574295793244e-05 [3697.521728516,-2675.180664062] 48.969856384198955 59.68316378569728 13.786590776977473 28.27527747172053 25.49755985645288
107.31313314267436 -55.05048001974342 3.78125 25.773438 [107.31313314267436,-55.05048001974342] 5.670727284517854 1.4588252270818396 0.0003340125272625636 1.8108176691805078e-05 [3929.965087891,-1104.738769531] 47.73869042123462 51.99148518707569 14.634236124721593 26.74211626767999 14.39017245277796
107.30786144149496 -55.046226498926046 3.78125 25.773438 [107.30786144149496,-55.046226498926046] 7.818864737331424 2.8069684805804966 0.00017332254935079183 1.8080119951829563e-05 [3924.958007812,-1112.681640625] 47.73869042123462 51.99148518707569 14.634236124721593 26.725210841511966 14.454122545827886
107.26625814086697 -55.430629692323954 3.90625 27.007812 [107.26625814086697,-55.430629692323954] -16.929920486259704 0.8902643708966982 0.0005502359886835472 1.8204413367872677e-05 [3844.809814453,-424.1381835938] 48.750775483687676 52.91236784130536 14.033047845639759 24.907703916835317 9.943571928416304
107.26128387615456 -55.430385565055225 3.90625 27.007812 [107.26128387615456,-55.430385565055225] -17.184385338761878 1.051090933142927 0.00046653963002764293 1.8223740963198108e-05 [3839.764160156,-424.8525390625] 48.750775483687676 52.91236784130536 14.033047845639759 24.87676632772343 9.958536927129671
105.56520857197918 -55.49119189002922 3.265625 20.664062 [105.56520857197918,-55.49119189002922] -10.595303158997348 1.7376511987517371 0.0002560836706846787 1.653686548632312e-05 [2106.559570312,-388.19921875] 53.076411746268064 55.1142015164361 13.36226414522259 13.722842484872217 13.202545837381422
105.58195471290256 -55.49233235957275 3.296875 21.039062 [105.58195471290256,-55.49233235957275] -13.889843879312831 1.9970991685045532 0.00022405836262691847 1.6629128600867297e-05 [2123.563964844,-385.63671875] 53.25326604105181 55.43670974368851 13.276042775573071 13.826679850696337 13.150582770432266
105.21073933517299 -53.233783778322696 4.1875 29.78125 [105.21073933517299,-53.233783778322696] -10.441686988224308 1.1633581290566004 0.0005279628971349859 2.2825775177036255e-05 [1843.863769531,-4458.747070312] 50.148982108401 54.92226260012765 14.577944702788228 19.970370912252065 41.43938945040554
105.4572754529147 -54.03068561140454 3.359375 21.554688 [105.4572754529147,-54.03068561140454] 2.5103243426811246 0.4738583670610051 0.0009663426589905262 1.7017211966348892e-05 [2069.89453125,-3018.82421875] 46.810675661299456 53.50981515093506 12.846366751881712 18.562531324678048 31.192648087294856
105.04272449010175 -55.94091787310056 3.015625 18.132812 [105.04272449010175,-55.94091787310056] 53.971521240819385 2.631523708772935 0.0001700612137186885 1.663111109422987e-05 [1556.010253906,407.2451171875] 48.72072654825069 52.019107367836185 14.216668519856514 8.699189206519918 8.875320850585013
104.65456410897426 -54.90906918412351 3.21875 20.234375 [104.65456410897426,-54.90906918412351] 6.75514039530476 1.939104251649757 0.0002214670637428803 1.5959490018868585e-05 [1195.634765625,-1457.385742188] 45.73881860444637 48.20315706556484 13.305871767393443 9.950034148298528 22.368463433986562
104.28929129594067 -54.11034370523615 3.375 21.820312 [104.28929129594067,-54.11034370523615] 70.31638901146482 3.0711328638848263 0.0001422185064683934 1.6231678125743507e-05 [833.8393554688,-2899.962890625] 44.74914145733754 47.902067623623736 13.183961253701874 10.451950322395078 32.97003677335442
105.75984186194776 -53.18552014288325 4.375 31.75 [105.75984186194776,-53.18552014288325] -18.953068767115074 0.6291536216790133 0.0010449233434015467 2.443148332834271e-05 [2437.848632812,-4528.557617188] 49.25953049466206 55.248202644460505 15.73750003608585 23.890427703354476 40.656954032138856
105.75495152987214 -53.18794607796166 4.375 31.75 [105.75495152987214,-53.18794607796166] -20.119652517115128 0.2653184965943839 0.002468965733805307 2.4343963792207603e-05 [2432.440429688,-4524.369140625] 49.25953049466206 55.248202644460505 15.73750003608585 23.847650417664 40.64001700518247
104.20384967836196 -53.34950239109773 4.0 28.085938 [104.20384967836196,-53.34950239109773] -30.05779765553172 2.000787473747589 0.00028706366739505437 2.134459367628615e-05 [757.251953125,-4269.5390625] 46.68219291562006 45.769175589841595 13.467626068270064 12.678695868265095 42.46308510035624
107.78440095517482 -55.163482573512795 4.09375 28.9375 [107.78440095517482,-55.163482573512795] -14.670680859706343 0.3929127855403524 0.0013536022588081945 1.9764959771592635e-05 [4402.229248047,-873.3793945312] 52.322763267324355 53.10850457790043 14.728930989678627 29.32377096505479 11.872284752227642
105.82830053186662 -56.09714495365443 3.359375 21.5625 [105.82830053186662,-56.09714495365443] -27.236539590687542 2.675775819008603 0.00016931854563984077 1.683693197736931e-05 [2338.006835938,710.3930664062] 48.80355800492764 54.09618540096902 15.450571909461793 13.133807139311102 5.229550587971971
105.02189646424895 -55.39506154083264 3.265625 20.664062 [105.02189646424895,-55.39506154083264] -29.397438648918328 1.0528085850279096 0.00041934877060994375 1.6407163087524338e-05 [1556.5703125,-575.51953125] 51.00145308386567 52.902101665717325 13.031106340050503 10.564124237570809 15.600567737216352
105.02302558443044 -55.391590081419544 3.265625 20.664062 [105.02302558443044,-55.391590081419544] -26.077354591340896 3.194865872067988 0.00013788005494058165 1.63705315492678e-05 [1557.860839844,-581.7412109375] 51.00145308386567 52.902101665717325 13.031106340050503 10.584226603481056 15.64047456310368
106.47969817935011 -53.38782141664375 4.5625 33.546875 [106.47969817935011,-53.38782141664375] 50.976766633553865 0.3783133409443868 0.0015625135549111994 2.196767796345752e-05 [3198.299804688,-4135.745117188] 51.0332624613782 56.98588299819748 17.290963679467605 27.95386634324541 36.404702534832495
110.52091227207664 -53.570079594839314 6.21875 50.140625 [110.52091227207664,-53.570079594839314] -25.86284734668583 1.591605005182905 0.00036774510346584613 2.175158447197741e-05 [-2114.046875,-3846.4609375] 60.02927758313708 56.618606746812276 20.928003863924584 54.089876709539794 23.31509239987554
109.40948504439916 -54.749843543251785 4.125 29.210938 [109.40948504439916,-54.749843543251785] -24.05287312708071 2.0748945744579697 0.0002458394960299038 1.895642317711857e-05 [-3208.072265625,-1682.367675781] 53.35381404285276 50.70349167680392 16.657357955132145 41.55248467414822 12.59556108645188
107.7850264320666 -55.16365821207288 4.09375 28.9375 [107.7850264320666,-55.16365821207288] -11.671255561332355 0.4908931727162259 0.0013434820340099446 2.4509110977180833e-05 [-4841.568359375,-844.3623046875] 52.322763267324355 53.10850457790043 14.728930989678627 29.327077495854837 11.868630785387268
108.20066113291853 -54.51724623273884 4.03125 28.3125 [108.20066113291853,-54.51724623273884] -14.626456433575507 0.11442882027805487 0.005035619084343104 2.1413960364460333e-05 [-4486.838867188,-2033.298828125] 51.82624512979096 57.2184515506775 16.150691755351357 34.71057718229474 18.513641959830693
108.30649602844812 -55.97044364643748 3.96875 27.625 [108.30649602844812,-55.97044364643748] -28.19120096113656 1.2666770442105064 0.000418792391932147 1.971393800686088e-05 [-4219.416992188,570.7739257812] 51.461536784247116 50.523744047922335 15.029926660601312 29.324466766033993 0.9467557333955483
107.2182158261121 -56.105594601364565 3.546875 23.539062 [107.2182158261121,-56.105594601364565] -31.567224250608355 1.1554806878252046 0.0006064657252126397 2.604219916184529e-05 [-5293.32421875,888.1518554688] 50.106057717475224 54.11013048493407 15.24982760392952 21.909632237431538 1.9391131090540057
110.81635290816135 -53.93157593966104 5.5 42.921875 [110.81635290816135,-53.93157593966104] -69.96352604556249 2.403339685186558 0.00021234794617016237 1.8965833160752167e-05 [-1782.991210938,-3204.681640625] 58.41531736667791 55.84900196976235 20.50986044776614 54.35763356047221 18.278562841456505
112.43411238620878 -53.68885447668821 6.1875 49.71875 [112.43411238620878,-53.68885447668821] 35.021681664889655 1.934504990867749 0.0002769195554854547 1.990820863671578e-05 [-69.22998046875,-3662.963867188] 57.355665066333586 59.290102909345336 19.3508379552258 66.03751405568448 16.33883896070506
107.45334614617985 -55.327903630554644 3.9375 27.40625 [107.45334614617985,-55.327903630554644] -22.28375744155488 1.9874869120088992 0.00038082474289569135 2.812795367523768e-05 [-5160.004882812,-525.53125] 49.274568059499 52.21122880613606 13.89832286574635 26.523259254537606 10.721106167690095
110.97259516773539 -53.79196951867775 5.875 46.796875 [110.97259516773539,-53.79196951867775] -11.620705961240551 0.5009244050082048 0.0010562254274566825 1.9662444628223666e-05 [-1622.887695312,-3459.614257812] 58.23039669253983 56.526073534915064 20.30754350414259 56.024979872153494 19.448194281999804
110.98786970946429 -53.796115896306176 5.875 46.796875 [110.98786970946429,-53.796115896306176] -15.307606068220727 0.2803129960761914 0.0018842427588431645 1.9628575889973274e-05 [-1606.493164062,-3452.512695312] 58.23039669253983 56.526073534915064 20.30754350414259 56.10547288771363 19.356283702649307
110.98128501671965 -53.79437260330757 5.875 46.796875 [110.98128501671965,-53.79437260330757] -14.834031900464549 0.7080655194131571 0.0007457684217854429 1.962393692410324e-05 [-1613.55859375,-3455.495117188] 58.23039669253983 56.526073534915064 20.30754350414259 56.070570720838305 19.395395225424636
110.5219878351143 -55.45769504126176 4.9375 37.234375 [110.5219878351143,-55.45769504126176] -22.793678318619673 3.1403467527074875 0.0001549465733053906 1.8082908476230554e-05 [-2017.41015625,-451.060546875] 64.53077127100873 50.54043713159669 20.620429673679716 45.51079153597482 1.3214403773449703
111.80952459197167 -54.158325321626265 5.4375 42.3125 [111.80952459197167,-54.158325321626265] 0.7141352710423083 2.049046540381116 0.00023754850626676798 1.8088927984623833e-05 [-726.7333984375,-2814.74609375] 58.937611351220596 57.30768170460637 21.71761120712168 59.736006722145135 12.800651554425258
111.02279673667174 -53.40739085826811 6.4375 52.25 [111.02279673667174,-53.40739085826811] -10.35987560815079 2.459959236721973 0.0002520401734199668 2.3041268432636692e-05 [-1583.890625,-4152.381835938] 61.3532136401278 58.327138515573004 19.068693459353998 58.14943294176214 23.748379969233156
109.62803610468796 -54.301181536379694 4.5 33.015625 [109.62803610468796,-54.301181536379694] -1.607619874134747 0.22735855987419024 0.0022898409817929824 1.9347521441675774e-05 [-3014.287109375,-2498.85546875] 52.822916714361114 53.316985268116206 17.184566069616572 44.943813485977444 17.278427952054926
111.67372133499467 -54.52456282018102 5.0625 38.578125 [111.67372133499467,-54.52456282018102] -16.718022585616232 1.0733478046009715 0.0004449870251176719 1.7749925049543166e-05 [-862.1313476562,-2154.192382812] 58.34529609649965 53.67999046240425 21.25493395482964 57.1294276652668 8.971943850919615
113.45877843164273 -54.17964550380951 6.25 50.59375 [113.45877843164273,-54.17964550380951] -3.4117559648794105 2.8206021560711343 0.0001706964642342882 1.7892666286608078e-05 [1010.970703125,-2773.024414062] 65.04626107016644 64.42342779325077 23.020870601971136 70.2207309388823 7.657777246991827
110.53072388704203 -54.40598694900297 4.71875 35.078125 [110.53072388704203,-54.40598694900297] -3.8476574141783617 1.2729344029751577 0.00038161156261758074 1.8052454222655666e-05 [-2061.7421875,-2343.424804688] 56.714439766482286 53.15192994125174 16.245819806209685 50.32614074312255 13.57094666420653
108.0421829351535 -55.047462512031984 3.984375 27.828125 [108.0421829351535,-55.047462512031984] -6.256956197383383 0.2599803391768841 0.0023216705319361983 2.243106006256411e-05 [-4591.334960938,-1070.544921875] 55.17553091064573 54.56359059719298 16.10217852081116 31.464579756858825 12.611191617195573
108.62489338343146 -54.99977888410753 4.09375 28.945312 [108.62489338343146,-54.99977888410753] -23.41272705065876 1.6300916140275006 0.0003290745698819409 1.9934944857756017e-05 [-3996.778320312,-1192.3125] 56.99805371801035 53.56032675604136 17.216204017548797 35.4197440338055 11.69476334995943
107.26692199370581 -55.430721309922596 3.90625 27.007812 [107.26692199370581,-55.430721309922596] -14.131291485837991 1.6649827469069547 0.0004852010104711696 3.0022035722654325e-05 [-5336.241210938,-326.85546875] 48.750775483687676 52.91236784130536 14.033047845639759 24.911595657511953 9.94086559719699
113.39527126070892 -54.76185994248801 6.0 48.125 [113.39527126070892,-54.76185994248801] 22.450284172400472 0.3237270578750364 0.0014734395350838845 1.7726378653463472e-05 [930.7524414062,-1726.274414062] 61.015495690584395 61.31562663525656 24.16493232486781 66.92574330391233 1.2310258061925197
113.39752198696895 -54.76113118552374 6.0 48.125 [113.39752198696895,-54.76113118552374] 22.56968216411107 0.49281001535936286 0.0009675943585083715 1.7720727861396276e-05 [933.1064453125,-1727.555664062] 61.015495690584395 61.31562663525656 24.16493232486781 66.9435463086985 1.2326306547415697
109.3532716119361 -55.493644826492634 4.375 31.78125 [109.3532716119361,-55.493644826492634] -63.895431655095116 2.8253088146524252 0.00017589886835610733 1.8468757249280117e-05 [-3206.092773438,-342.3520507812] 52.816934383792415 46.861254997493525 17.077735317986484 37.959485010972 3.973391294941166
107.94645665473189 -56.00867830052639 3.84375 26.507812 [107.94645665473189,-56.00867830052639] -52.64515626654706 2.0457867278880397 0.00027633400886442193 2.100890404326127e-05 [-4576.504882812,662.30078125] 48.978967644872704 49.16326897984973 16.000384970248355 26.896739773496734 1.3665105639483954
108.05140723331147 -55.724906831775904 4.0625 28.5 [108.05140723331147,-55.724906831775904] -39.941487386535954 2.663454432332487 0.00021335184482829746 2.1117882869574477e-05 [-4504.010742188,145.7177734375] 52.26816578878952 50.56694321300165 16.567354520146303 28.723178037796515 4.504902776747713
109.47370117693895 -53.78444307122008 5.46875 42.703125 [109.47370117693895,-53.78444307122008] 7.340728200318001 2.9951802459690473 0.0001826473278593902 2.033035624584858e-05 [-3215.92578125,-3420.821289062] 56.99936271614136 59.851492041322814 16.45805164139672 46.22574572711312 23.75742779898519
110.20179032560917 -54.311958140697136 4.5625 33.75 [110.20179032560917,-54.311958140697136] 14.859905088584343 2.828664421425458 0.00017910435663491176 1.8827657146292072e-05 [-2411.631835938,-2501.934570312] 57.632028521368525 55.80614070598434 17.419615323898668 48.6231307003585 15.579176120914553
108.8580094931455 -54.69752498888694 4.28125 30.914062 [108.8580094931455,-54.69752498888694] 4.176656543591383 1.5352377393165897 0.00034492194231478977 1.967909688648542e-05 [-3784.874023438,-1748.600097656] 55.3181512017763 53.41743677841734 16.469359255089792 38.215560797550324 14.667932138287142
108.85967227459795 -54.69643008714439 4.28125 30.914062 [108.85967227459795,-54.69643008714439] 2.4505125801564307 1.669382860158164 0.0003166582949931193 1.9645157834889123e-05 [-3783.25,-1750.658691406] 55.3181512017763 53.41743677841734 16.469359255089792 38.23103181684701 14.676517800741067
110.69007861955734 -53.651909052842875 6.1875 49.828125 [110.69007861955734,-53.651909052842875] -9.89377303856137 1.9808600630099036 0.00028482483887651847 2.096719622442237e-05 [-1929.577148438,-3704.256835938] 59.159551249529066 56.47982119079661 20.59755118461291 54.82436447650855 21.881529675411457
