data_processed/hvc_rms/hvc_rms_index_20.ecsv
# %ECSV 1.0
# ---
# datatype:
# - {name: ra_dec_obj.ra, unit: deg, datatype: float64}
# - {name: ra_dec_obj.dec, unit: deg, datatype: float64}
# - {name: 'H-alpha flux [Error]', unit: R, datatype: float32}
# - {name: H-alpha flux, unit: R, datatype: float32}
# - {name: ra_dec_deg, datatype: string, subtype: 'float64[2]'}
# - {name: RM, unit: rad / m2, datatype: float64}
# - {name: RM_uncert, unit: rad / m2, datatype: float64}
# - {name: pol_int, datatype: float64}
# - {name: pol_int_uncert, datatype: float64}
# - {name: ra_dec_pix_offsets, datatype: string, subtype: 'float64[2]'}
# - {name: interpolation_raw, unit: rad / m2, datatype: float64}
# - {name: interpolation_cor, unit: rad / m2, datatype: float64}
# - {name: interpolation_unc, unit: rad / m2, datatype: float64}
# - {name: interpolation_cor_unc, unit: rad / m2, datatype: float64}
# - {name: HI, unit: dex(1 / cm2), datatype: float64}
# - {name: 'HI [Error]', unit: dex(1 / cm2), datatype: float64}
# - {name: pixel location x, datatype: float64}
# - {name: pixel location y, datatype: float64}
# meta: !!omap
# - __serialized_columns__:
#     ra_dec_obj:
#       __class__: astropy.coordinates.sky_coordinate.SkyCoord
#       dec: !astropy.table.SerializedColumn
#         __class__: astropy.coordinates.angles.Latitude
#         unit: &id001 !astropy.units.Unit {unit: deg}
#         value: !astropy.table.SerializedColumn {name: ra_dec_obj.dec}
#       frame: icrs
#       ra: !astropy.table.SerializedColumn
#         __class__: astropy.coordinates.angles.Longitude
#         unit: *id001
#         value: !astropy.table.SerializedColumn {name: ra_dec_obj.ra}
#         wrap_angle: !astropy.coordinates.Angle
#           unit: *id001
#           value: 360.0
#       representation_type: spherical
# schema: astropy-2.0
ra_dec_obj.ra ra_dec_obj.dec "H-alpha flux [Error]" "H-alpha flux" ra_dec_deg RM RM_uncert pol_int pol_int_uncert ra_dec_pix_offsets interpolation_raw interpolation_cor interpolation_unc interpolation_cor_unc HI "HI [Error]" "pixel location x" "pixel location y"
[from data line 338]
179.2265324934743 -65.32300577140165 4.65625 34.703125 [179.2265324934743,-65.32300577140165] 282.7892550096165 2.8520227310357105 0.00033925919269719713 3.595781635559863e-05 [-4932.97265625,1012.669433594] 61.484859042703725 116.46029000463906 36.68166513088573 61.79441378914174 0.0 0.0 8.378739511405229 22.681891361716225
183.0244908756938 -66.18000033915061 5.21875 40.203125 [183.0244908756938,-66.18000033915061] 397.6791429734159 3.7835289487527057 0.00022513296488567625 3.165518494341972e-05 [-2020.568359375,2342.681640625] 43.468480152833905 44.67686075246887 32.148891157299985 31.359002502849073 0.0 0.0 1.6624667289215722 2.3795188686315214
181.14280638939346 -66.04779816522168 4.4375 32.40625 [181.14280638939346,-66.04779816522168] 342.8358001197296 2.765038249697204 0.00026570608530957873 2.730306151052239e-05 [-3403.213867188,2185.852050781] 35.614985310031024 52.9090552587153 32.40942207101297 34.31056708532033 0.0 0.0 1.7021566390835687 11.677295042118203
182.3180689211182 -65.32228091782737 5.375 41.609375 [182.3180689211182,-65.32228091782737] 355.4585964786539 1.0163963602689012 0.0006173294906174493 2.331786741574737e-05 [-2618.985351562,826.7666015625] 71.83092292071794 118.066413541125 44.86944404169782 61.56295184118258 0.0 0.0 11.277275921523824 7.448261633670882
180.41555834350694 -65.56369778458699 5.5 43.109375 [180.41555834350694,-65.56369778458699] 471.6970464800161 0.17688832912900973 0.006895854836098014 4.533107241319817e-05 [-4007.280273438,1359.938964844] 46.31173775535606 92.0764734470228 33.341087724446005 49.01286571945846 0.0 0.0 6.741914003270949 16.28304982949703
180.40695218270645 -65.56027234302663 5.53125 43.25 [180.40695218270645,-65.56027234302663] 465.46086634497317 0.2079335303225153 0.006063289482273889 4.685344552993066e-05 [-4014.188476562,1354.341796875] 48.5027252184616 97.25669393979369 34.17837990674914 51.172450607563015 0.0 0.0 6.774044141024433 16.332954223588786
180.37950150971474 -65.5546797939873 5.53125 43.25 [180.37950150971474,-65.5546797939873] 472.6279574814115 1.1139940098316103 0.001164511312113207 4.820979340234594e-05 [-4035.407226562,1346.059570312] 48.5027252184616 97.25669393979369 34.17837990674914 51.172450607563015 0.0 0.0 6.813674196370812 16.47984954211597
180.39021278564633 -65.55956276050608 5.53125 43.25 [180.39021278564633,-65.55956276050608] 447.4236788276599 2.148009502305813 0.000594155084157568 4.74290820282938e-05 [-4026.708984375,1354.133300781] 48.5027252184616 97.25669393979369 34.17837990674914 51.172450607563015 0.0 0.0 6.766415490158806 16.41627841782565
180.25862098115803 -63.20932789835564 5.375 41.890625 [180.25862098115803,-63.20932789835564] 964.7963557057981 0.6373919797928778 0.0011738806869553866 2.7806047172969725e-05 [-4493.0234375,-2851.16015625] 386.1722914010518 300.986290500167 168.44810136442112 142.18047661042962 0.0 0.0 34.30538177960966 22.541795999856276
181.43107622716656 -62.92081058536923 5.375 41.59375 [181.43107622716656,-62.92081058536923] 1464.5533752138685 3.411977777626094 0.00021489311953962455 2.724817422672555e-05 [-3580.692382812,-3443.50390625] 461.5119175802681 341.73378138759705 232.14589707874774 161.1059400217331 0.0 0.0 38.888275632680006 16.920071741974425
182.56771834907116 -64.11294551094508 5.21875 40.15625 [182.56771834907116,-64.11294551094508] 653.4121817586409 1.019838383213371 0.000599166278388781 2.270844621215699e-05 [-2542.890625,-1357.106933594] 197.2046526522512 269.9887553441703 105.07955386255692 124.52704936039902 0.0 0.0 25.80590196893013 8.523315027291346
182.5751343422134 -64.10920712289351 5.21875 40.15625 [182.5751343422134,-64.10920712289351] 617.4371876550591 2.090968800958871 0.00029198321753183364 2.2688936831108e-05 [-2537.413085938,-1364.124511719] 197.2046526522512 269.9887553441703 105.07955386255692 124.52704936039902 0.0 0.0 25.856370443039168 8.49207424988299
180.70136966164452 -65.95175919760916 4.375 31.609375 [180.70136966164452,-65.95175919760916] 304.74581447997843 0.48520217368609425 0.0015960504648145088 2.877915644093219e-05 [-3738.67578125,2038.454101562] 33.73497446888273 53.70110538944354 30.598637998817825 33.717240357358776 16.886804580688477 8.443402290344238 2.4374356556893417 14.012040908317204
180.0555879037881 -63.58209598224715 5.15625 39.59375 [180.0555879037881,-63.58209598224715] 871.8386359367997 1.6037666557389374 0.0004491756371680817 2.677109131492554e-05 [-4596.83203125,-2168.4609375] 307.5933773235992 278.6868168175439 141.12543255932232 127.44130669793152 17.592008590698242 8.796004295349121 29.70513466309899 22.736256356791273
180.28359949142907 -64.3160781041461 4.53125 33.234375 [180.28359949142907,-64.3160781041461] 744.5186727689022 0.26976831377838945 0.0026732570325905592 2.6800343381781428e-05 [-4300.87890625,-868.7177734375] 159.87178816233452 240.70761574521725 82.99084344237366 117.9361327719914 0.0 0.0 21.302493903545155 19.833975757754388
180.28762765648588 -64.3177870579072 4.53125 33.234375 [180.28762765648588,-64.3177870579072] 745.0369087772405 0.7938573199503213 0.0009052371600769768 2.6706288134396518e-05 [-4297.484375,-865.9272460938] 159.87178816233452 240.70761574521725 82.99084344237366 117.9361327719914 0.0 0.0 21.2864368354592 19.809433629121713
179.99758847108941 -66.09024042173468 4.34375 31.390625 [179.99758847108941,-66.09024042173468] 198.0155940361121 2.608769733773949 0.00035485728233808936 3.4403147118620484e-05 [-4229.512695312,2331.071533203] 29.688080211214608 41.2569741026523 29.72865978815109 30.383069685257528 17.972532272338867 8.986266136169434 0.1439857014604513 17.0647590724559
182.4878542341182 -66.13574214217508 5.75 45.390625 [182.4878542341182,-66.13574214217508] 478.0594392780454 1.1440324097835632 0.0006018567093088612 2.5588223616452984e-05 [-2414.34375,2281.945556641] 43.54093450799379 51.06488612165429 33.56624874443437 33.27600181119147 0.0 0.0 1.7798211314170658 5.038829438037965
184.08477840652208 -63.28659064674477 6.0 47.96875 [184.08477840652208,-63.28659064674477] 1367.5488676632365 3.214753127439598 0.00020273921426388732 2.4221112657235358e-05 [-1391.881835938,-2890.379882812] 417.37891595422263 308.4824574875096 208.19681027361983 136.78296362367985 0.0 0.0 36.8022570426765 2.006161055942812
181.98976126975595 -64.30940240207495 4.8125 36.21875 [181.98976126975595,-64.30940240207495] 865.6508977463467 3.276101530986869 0.0001832778906404405 2.231393346292428e-05 [-2975.037109375,-978.8408203125] 167.6974805380596 253.0176471403406 92.89829679620142 116.74166900751929 0.0 0.0 22.98685277746722 11.11575957679679
183.7659302077083 -64.69167334115039 6.03125 48.3125 [183.7659302077083,-64.69167334115039] 251.42916371807422 1.2276314877901837 0.0004651916047972279 2.1223088784644028e-05 [-1568.80859375,-355.2524414062] 122.46844506774926 208.63844210716127 61.6682222544527 99.16385006080323 0.0 0.0 19.871263936153355 1.336553814516492
182.79774416279227 -65.3629151572208 5.3125 41.0 [182.79774416279227,-65.3629151572208] 14.161492403334702 2.3544433220083896 0.0002909934096297645 2.546127201294275e-05 [-2255.588867188,881.3237304688] 69.00825924887185 113.96699852767307 42.39177799843823 57.9110910852668 0.0 0.0 11.178555657114885 4.996898196488701
183.6455990817125 -63.80511852866208 6.46875 52.546875 [183.6455990817125,-63.80511852866208] 426.36414948282015 1.3072418582373981 0.0004703100355483613 2.284803706833345e-05 [-1715.532226562,-1946.931640625] 291.3319623878764 283.32278101350465 141.6681035232641 136.1946346148666 0.0 0.0 30.3137949702068 3.4653906229518725
181.2377934571176 -65.09369667800647 5.1875 39.765625 [181.2377934571176,-65.09369667800647] 726.6145681497028 0.7924172539957398 0.0008805781752949719 2.593167344192219e-05 [-3458.57421875,468.0458984375] 78.88765735204375 140.2602803552638 44.43007653774264 71.88127295616107 0.0 0.0 13.048760774524908 13.28012094659698
180.33541889941623 -62.61249560788744 6.34375 51.296875 [180.33541889941623,-62.61249560788744] -1.3482104296935686 0.9464773336990369 0.0009725387481269362 3.420785437281049e-05 [-4522.193359375,-3926.275390625] 425.29892057480953 338.5599460986077 180.100282704315 148.10537042264474 0.0 0.0 41.41312628130868 23.516598866804543
184.00605734461712 -63.842273463973044 5.6875 44.984375 [184.00605734461712,-63.842273463973044] 1051.211527298744 2.7959285966707697 0.00021899027079887057 2.2754096723245508e-05 [-1427.41015625,-1889.055664062] 275.8464938024811 271.17137025128494 129.58118835713634 130.91500575875773 0.0 0.0 30.1390191230073 1.5132267228707406
178.8565975595479 -65.85551458544782 4.46875 32.578125 [178.8565975595479,-65.85551458544782] 227.27306139806942 1.1945899067411487 0.0009651139662742647 4.28455916732182e-05 [-5103.431640625,1994.961914062] 49.04731577691799 68.0362936804397 30.191098207457387 42.77364299810156 17.852359771728516 8.926179885864258 1.744561845501721 23.114569679786655
178.8626410199266 -65.85418694603209 4.5 32.953125 [178.8626410199266,-65.85418694603209] 235.56630134019818 2.7760301144877935 0.0004135294399155787 4.266181316653996e-05 [-5099.278320312,1992.099609375] 50.67508563934916 71.94357688855303 30.61164545593582 44.10653807939154 17.852359771728516 8.926179885864258 1.766518039454695 23.088989699088415
181.0017094279158 -65.02217854644185 4.875 36.65625 [181.0017094279158,-65.02217854644185] 765.3292484768108 3.043591886378655 0.00023465929885462962 2.6541953840300332e-05 [-3646.71484375,352.9272460938] 82.72406376865915 149.22891174835155 44.90625593981852 75.75941397884604 0.0 0.0 13.676193041744682 14.611993811585307
180.66398635183725 -65.9248123893518 4.375 31.679688 [180.66398635183725,-65.9248123893518] 288.9577318193312 1.215255835091951 0.0006358243733181956 2.87153153527703e-05 [-3769.95703125,1992.336914062] 33.17298168935365 53.09609514147085 30.240390359594503 33.41029999874725 16.886804580688477 8.443402290344238 2.720625559389646 14.252956917373922
183.73805267157502 -64.25378425657276 6.25 50.578125 [183.73805267157502,-64.25378425657276] 580.9229932202174 2.694416734718977 0.00021666641418302657 2.1695270341746607e-05 [-1615.916992188,-1142.3125] 178.98020752820477 230.2296458740055 81.74534071374264 104.08106927909267 0.0 0.0 25.053154599582513 2.2203976358839554
179.91212523079747 -65.57514183634024 5.53125 43.15625 [179.91212523079747,-65.57514183634024] 384.41671466168975 0.49041257756794526 0.002280003497921652 4.1553328413235985e-05 [-4378.40625,1413.825683594] 44.80319457205724 89.79838162820101 33.2657240750627 49.77457937521172 0.0 0.0 6.117770481937669 18.71012590591363
179.916824383835 -65.57641588625404 5.53125 43.15625 [179.916824383835,-65.57641588625404] 386.5090088254406 1.2826155386064335 0.0008699669960368781 4.146751183203949e-05 [-4374.712890625,1415.783691406] 44.80319457205724 89.79838162820101 33.2657240750627 49.77457937521172 0.0 0.0 6.107445915956987 18.684184455967625
182.39176939389483 -66.20552819261786 5.15625 39.625 [182.39176939389483,-66.20552819261786] 479.5568370676227 2.1810328067764235 0.00030984266127739635 2.5113781742523527e-05 [-2477.350585938,2411.066162109] 40.542137975784996 45.3866045139488 33.47361615445228 32.06194653819535 0.0 0.0 0.8782200530981754 5.364156448822314
179.98576344368848 -65.5097121256568 5.625 44.09375 [179.98576344368848,-65.5097121256568] 653.2817284443796 1.377403418730394 0.0006195346931381599 3.171286589649652e-05 [-4334.755859375,1291.494628906] 49.20358186838962 100.06754490501845 34.502006932397954 53.56470497160989 0.0 0.0 6.960061047840554 18.507659232796186
183.56752054251493 -63.62934880596497 6.3125 51.03125 [183.56752054251493,-63.62934880596497] 340.38360424783883 1.311853202949576 0.0004801248803713523 2.3407129350893184e-05 [-1788.607421875,-2260.896484375] 354.3649005713336 308.91276598018135 176.82467125383133 143.57939286193402 0.0 0.0 32.341931188675744 4.17803865289352
183.576492891054 -63.62925343363722 6.3125 51.03125 [183.576492891054,-63.62925343363722] 339.442266567129 0.23171085643699044 0.0027171527217244224 2.3397482702827033e-05 [-1781.4453125,-2261.321289062] 354.3649005713336 308.91276598018135 176.82467125383133 143.57939286193402 0.0 0.0 32.34993403555677 4.130867394665302
182.23005714495378 -63.68469236517214 5.40625 42.0 [182.23005714495378,-63.68469236517214] 169.58725473365874 0.8664752377174981 0.0007499342078686508 2.4148381218215703e-05 [-2850.962890625,-2112.337890625] 266.2849265751156 256.53242783810475 141.1992877671084 109.14800007659758 0.0 0.0 30.58920748412106 11.113965841851723
182.23100235971617 -63.68613030526476 5.40625 42.0 [182.23100235971617,-63.68613030526476] 170.8104622727832 1.1372916811084963 0.0005726821809906325 2.4204395230506672e-05 [-2850.065429688,-2109.796875] 266.2849265751156 256.53242783810475 141.1992877671084 109.14800007659758 0.0 0.0 30.573011972669065 11.106171021315731
180.81843550766112 -63.18850344622715 5.3125 41.046875 [180.81843550766112,-63.18850344622715] -0.8602754916653645 2.378540811483696 0.00030007822155525066 2.6524901996438687e-05 [-4043.665039062,-2926.276367188] 417.59766819120694 323.8222609460838 191.52473168446102 152.7682880199735 0.0 0.0 35.12603228978628 19.615070688221294
183.8492894477273 -63.0246237029583 5.8125 45.984375 [183.8492894477273,-63.0246237029583] -26.677775492320755 0.9886207779369297 0.0007341822058490524 2.6973809836046907e-05 [-1596.698242188,-3355.939453125] 480.70478090334774 308.3291844389683 232.1706714345644 136.63565472546614 0.0 0.0 39.740397673889674 3.7026806668598056
180.38618425024 -64.09114085177592 4.875 36.625 [180.38618425024,-64.09114085177592] 625.155884618016 2.2829126248964027 0.00029866363480703274 2.5338467181881224e-05 [-4255.6484375,-1279.008789062] 185.3957926465335 246.8375409067517 92.95167874392838 119.01997168381817 0.0 0.0 24.054382744597206 19.829583295859948
180.79298456553974 -63.1382215462085 5.4375 42.515625 [180.79298456553974,-63.1382215462085] -7.969761763866952 1.782118533266636 0.0004064125030194141 2.69161134483332e-05 [-4071.307617188,-3014.831054688] 412.2862582323517 322.92882360373665 189.6198840957964 153.4679714199416 0.0 0.0 35.6932724950027 19.862722554789116
184.1380618433758 -63.04842734961983 6.1875 49.90625 [184.1380618433758,-63.04842734961983] 1.310953341715046 2.857354312791846 0.00023786813414027026 2.5258587791014508e-05 [-1359.923828125,-3319.884765625] 471.5256366078227 317.51100731652843 219.72523298654033 138.65470184958008 0.0 0.0 39.672979525008486 2.1070746238985976
179.19320671483567 -65.77305610655125 4.625 34.203125 [179.19320671483567,-65.77305610655125] 240.81380939035657 1.9831066854008115 0.0005204736967487648 3.8357789207120214e-05 [-4872.923828125,1820.868652344] 46.41926217014169 73.94409777848085 32.37765246135653 45.53301883916184 17.889253616333008 8.944626808166504 3.0641641825254737 21.70602157233793
179.21739223198983 -65.77645878751305 4.625 34.203125 [179.21739223198983,-65.77645878751305] 263.0155516445453 3.105343578353621 0.00033207370375185416 3.8322413019332016e-05 [-4854.537109375,1825.099609375] 46.41926217014169 73.94409777848085 32.37765246135653 45.53301883916184 17.889253616333008 8.944626808166504 3.0493125579159823 21.580774936881653
183.74160809370204 -63.97131348905747 5.5 43.109375 [183.74160809370204,-63.97131348905747] 708.7607526762216 3.2650963101182797 0.00018558973660590556 2.2519495387155636e-05 [-1629.620117188,-1650.532714844] 237.44307994573396 257.2202743925068 113.96936689184909 124.40211350205013 0.0 0.0 28.411515244968996 2.6804327646257207
179.7499843525984 -63.00982304917078 5.5625 43.734375 [179.7499843525984,-63.00982304917078] 798.8492059217855 2.1630085878508996 0.0004153572707068138 3.3387873852550566e-05 [-4937.366210938,-3170.694335938] 392.7581868918687 308.0652638004739 167.44956108474324 141.7557562981 0.0 0.0 36.10532832632998 25.722122670594445
