data_processed/hvc_rms/hvc_rms_index_24_with_B.ecsv
# %ECSV 1.0
# ---
# datatype:
# - {name: ra_dec_obj.ra, unit: deg, datatype: float64}
# - {name: ra_dec_obj.dec, unit: deg, datatype: float64}
# - {name: 'H-alpha flux [Error]', unit: R, datatype: float32}
# - {name: H-alpha flux, unit: R, datatype: float32}
# - {name: ra_dec_deg, datatype: string, subtype: 'float64[2]'}
# - {name: RM, unit: rad / m2, datatype: float64}
# - {name: RM_uncert, unit: rad / m2, datatype: float64}
# - {name: pol_int, datatype: float64}
# - {name: pol_int_uncert, datatype: float64}
# - {name: ra_dec_pix_offsets, datatype: string, subtype: 'float64[2]'}
# - {name: interpolation_raw, unit: rad / m2, datatype: float64}
# - {name: interpolation_cor, unit: rad / m2, datatype: float64}
# - {name: interpolation_unc, unit: rad / m2, datatype: float64}
# - {name: interpolation_cor_unc, unit: rad / m2, datatype: float64}
# - {name: HI, unit: dex(1 / cm2), datatype: float64}
# - {name: 'HI [Error]', unit: dex(1 / cm2), datatype: float64}
# - {name: pixel location x, datatype: float64}
# - {name: pixel location y, datatype: float64}
# - {name: 'B_virtual [raw]', unit: G, datatype: float64}
# - {name: 'B_virtual_unc [raw]', unit: G, datatype: float64}
# - {name: 'B_virtual [int]', unit: G, datatype: float64}
# - {name: 'B_virtual_unc [int]', unit: G, datatype: float64}
# meta: !!omap
# - __serialized_columns__:
#     ra_dec_obj:
#       __class__: astropy.coordinates.sky_coordinate.SkyCoord
#       dec: !astropy.table.SerializedColumn
#         __class__: astropy.coordinates.angles.Latitude
#         unit: &id001 !astropy.units.Unit {unit: deg}
#         value: !astropy.table.SerializedColumn {name: ra_dec_obj.dec}
#       frame: icrs
#       ra: !astropy.table.SerializedColumn
#         __class__: astropy.coordinates.angles.Longitude
#         unit: *id001
#         value: !astropy.table.SerializedColumn {name: ra_dec_obj.ra}
#         wrap_angle: !astropy.coordinates.Angle
#           unit: *id001
#           value: 360.0
#       representation_type: spherical
# schema: astropy-2.0
ra_dec_obj.ra ra_dec_obj.dec "H-alpha flux [Error]" "H-alpha flux" ra_dec_deg RM RM_uncert pol_int pol_int_uncert ra_dec_pix_offsets interpolation_raw interpolation_cor interpolation_unc interpolation_cor_unc HI "HI [Error]" "pixel location x" "pixel location y" "B_virtual [raw]" "B_virtual_unc [raw]" "B_virtual [int]" "B_virtual_unc [int]"
[from data line 151]
215.95912167335942 -31.7695064412792 1.359375 1.6240234 [215.95912167335942,-31.7695064412792] -51.50040702625163 1.0086122189144329 0.0004432938313047457 1.6615928556393484e-05 [2787.522460938,-1490.883789062] -17.91482977524269 -16.235084081661622 6.095995566753035 7.524872224249214 0.0 0.0 46.47590094283032 6.701506233383498 -1.2231346860684352e-05 2.3234635524233286e-06 -7.97657472229301e-06 2.452236345023904e-06
215.94483931816973 -33.30789186109822 1.40625 2.0507812 [215.94483931816973,-33.30789186109822] 6.036586342312878 2.4133380820536767 0.000190446096182828 1.7080435669034546e-05 [2718.715332031,1277.352539062] -14.372345208683756 -14.217767858311756 7.138028083941831 7.450047012115694 0.0 0.0 29.5317347280768 14.885137019080275 1.4336892787985536e-06 1.7685689876996189e-06 4.847121319428791e-06 2.5241114575135714e-06
215.7953186418755 -31.73479263841664 1.3984375 1.9853516 [215.7953186418755,-31.73479263841664] -27.13785627132092 2.3122200163312474 0.00019227981228309366 1.6522339778035066e-05 [2537.919433594,-1557.454589844] -19.437920867623205 -17.056542670501695 6.268297958259656 7.465296016626326 0.0 0.0 47.51306101281534 8.247374722412815 -6.4452409655855e-06 1.9445013393833346e-06 -1.8287346870769992e-06 2.310708639735128e-06
214.91249084061235 -31.659250176978 1.3125 1.1206055 [214.91249084061235,-31.659250176978] -59.78199049087263 2.9428669662210494 0.00014351293973176944 1.5695327923184705e-05 [1187.694824219,-1708.8671875] -22.363502583894416 -20.9876075767893 6.289574896931735 7.0621257957290915 0.0 0.0 51.80688048121033 17.23138092452973 -1.4198222964398521e-05 2.5932808573217863e-06 -8.886891017371533e-06 2.6161557836366565e-06
215.90620407967933 -31.76961507091924 1.3984375 1.9643555 [215.90620407967933,-31.76961507091924] -23.612867879669473 2.119424163912837 0.00021104159556892802 1.6622435113329127e-05 [2706.578613281,-1492.055175781] -18.465440633468553 -16.669512107796418 6.114578440208064 7.4743939543161355 0.0 0.0 46.686286520199474 7.260171981693702 -5.6080562094301305e-06 1.886547475069299e-06 -1.2225139901579368e-06 2.2697901999820013e-06
213.86808767678943 -32.192993180644386 1.328125 1.2929688 [213.86808767678943,-32.192993180644386] -18.390273931923886 2.866777429892596 0.0001497392293282391 1.595284969507976e-05 [-410.0385742188,-752.0034179688] -25.389703826265176 -23.355222884480682 6.883269112336642 7.374169639939919 0.0 0.0 49.76835708226372 31.037259682575495 -4.367690127375179e-06 1.8857631000271531e-06 1.662364625993961e-06 2.4387650686385546e-06
216.27096562602446 -31.227039122735555 1.3359375 1.3271484 [216.27096562602446,-31.227039122735555] -44.60989951828993 1.1893995541129383 0.00039858665466504264 1.7618106390528626e-05 [3283.444335938,-2458.073242188] -18.66243800499377 -17.385039275844473 6.432465981572008 6.988129155912787 0.0 0.0 51.19270368628486 0.5051221048188381 -1.0594851301861516e-05 2.1857262875345344e-06 -6.162522206117842e-06 2.4149141352381692e-06
211.5912628421481 -32.58539190077964 1.40625 2.0722656 [211.5912628421481,-32.58539190077964] -28.756648552143922 3.17432426857946 0.00014796654401815303 1.7455147494076714e-05 [-3860.159179688,0.0400390625] -25.10446651290607 -23.862840661208438 6.641885841470991 7.070812160863879 0.0 0.0 53.2134337125176 57.30765467866149 -6.829704138314439e-06 2.033667917715109e-06 -8.673932479312098e-07 2.4152799596869922e-06
215.8348234906698 -31.86601827190373 1.3046875 1.0708008 [215.8348234906698,-31.86601827190373] -33.619874180577746 2.703420632568246 0.00016560594761626783 1.6637890329750846e-05 [2594.685058594,-1320.34765625] -18.497411864356998 -16.931383998340692 6.20650541299903 7.500918026997239 0.0 0.0 45.90593489090611 8.520738906896213 -7.98472024319343e-06 2.0674726238468504e-06 -3.5915848564660686e-06 2.360333249143663e-06
215.18562331979703 -31.257906055954525 1.2734375 0.71240234 [215.18562331979703,-31.257906055954525] -27.85941327965562 2.6814914557495166 0.0001641039878909323 1.6353256760650848e-05 [1613.010253906,-2427.518554688] -21.818273606423716 -21.143929056598544 7.032843560434422 7.390059891437402 0.0 0.0 55.200907183690106 12.24447540468691 -6.616610757754341e-06 1.980823217459596e-06 -1.434770694908793e-06 2.4484393015499534e-06
215.1861725409553 -31.25271798267781 1.2578125 0.6040039 [215.1861725409553,-31.25271798267781] -29.846087043876857 2.5735361916218724 0.00017105615900836924 1.6359789041981333e-05 [1613.943847656,-2436.845703125] -22.1884774316016 -21.52397974130266 6.985551840996619 7.340924162325417 0.0 0.0 55.25627819784313 12.211661795238797 -7.088445784161509e-06 2.000764083983559e-06 -1.8186823114564103e-06 2.4386424888844136e-06
213.28059364459676 -32.297992789445956 1.3046875 1.0795898 [213.28059364459676,-32.297992789445956] -12.837884989811613 2.51478559939233 0.00017215420450083163 1.608893517371894e-05 [-1303.391601562,-558.2700195312] -27.303545159698146 -25.237122272739597 7.108845461962604 7.252611815537541 0.0 0.0 50.705232831636295 37.82226177430448 -3.0489977329289433e-06 1.8112902977322881e-06 3.4355943442636945e-06 2.4848514412038356e-06
215.94367987341477 -32.12030019490552 1.3359375 1.3481445 [215.94367987341477,-32.12030019490552] -22.609432500236554 3.1294798305735148 0.00014387081551785945 1.6732219970680748e-05 [2753.375976562,-859.9912109375] -14.504578253278742 -15.182103318801737 6.293262827523494 7.478904704358833 0.0 0.0 42.664211287878516 8.713513561581976 -5.369740303074862e-06 1.952701133485906e-06 -1.9249029138604638e-06 2.3694168667700407e-06
213.60139465532416 -31.744922685603065 1.3125 1.1396484 [213.60139465532416,-31.744922685603065] -13.090013197826714 1.8921395039776694 0.00022312601246816455 1.5689606817771604e-05 [-820.2709960938,-1556.926757812] -24.514356741225285 -23.80110509025267 6.576825439951122 6.953624015692853 0.0 0.0 55.76078179563024 31.72592154488234 -3.108878183272249e-06 1.769844174803714e-06 2.713281634137369e-06 2.3521274287735366e-06
212.90417493910326 -32.735504078001874 1.3828125 1.8149414 [212.90417493910326,-32.735504078001874] -26.778052805280527 2.8682255469996853 0.0001487957661493107 1.5860343056264406e-05 [-1866.903320312,234.8266601562] -29.443442538261476 -27.33269133207744 6.650044311877961 7.442478735382748 0.0 0.0 47.09987480616542 43.89143648345453 -6.359787641059867e-06 1.9810870009056957e-06 6.330300715172748e-07 2.3935969822997142e-06
215.7142640033803 -31.846921901692752 1.3046875 1.0229492 [215.7142640033803,-31.846921901692752] -31.475818542990126 3.185077600588806 0.00013890263880652706 1.6441415976737723e-05 [2410.958496094,-1357.551269531] -19.64715189358417 -17.450557176491877 6.3107796045312305 7.480380039892526 0.0 0.0 46.59536515055561 9.692034934987078 -7.47550702127516e-06 2.0733565752099935e-06 -2.809308373321095e-06 2.3913426349260884e-06
212.85556014442557 -32.709533766518156 1.3984375 1.9575195 [212.85556014442557,-32.709533766518156] -3.2706541905118707 1.2954625313120267 0.0003317419842744588 1.597106942646728e-05 [-1941.059570312,188.9545898438] -29.043259072295136 -27.104545618750613 6.6685927786174 7.476852300111611 0.0 0.0 47.560788177246195 44.28981684259952 -7.767803824367785e-07 1.6938013203290421e-06 6.120993755481814e-06 2.452015921974997e-06
212.8450011925844 -32.721893194669015 1.3984375 1.9575195 [212.8450011925844,-32.721893194669015] -10.047517299375508 1.3121290145170124 0.00032617772649596715 1.590521497566901e-05 [-1956.776367188,211.3935546875] -29.043259072295136 -27.104545618750613 6.6685927786174 7.476852300111611 0.0 0.0 47.45789667509803 44.459508713775676 -2.386285396050258e-06 1.7202076075931077e-06 4.5114887418683355e-06 2.3916594040391575e-06
215.96699513125097 -33.01919545630999 1.4296875 2.3134766 [215.96699513125097,-33.01919545630999] 6.150354065203857 1.698081243004076 0.0002702487322087041 1.7054179636698047e-05 [2761.101074219,758.3715820312] -12.935229222068655 -13.820771178028178 7.194462464921747 7.862124070353697 0.0 0.0 32.638485381568216 13.164044593970175 1.46070911340919e-06 1.721426283756718e-06 4.532826101861997e-06 2.49000047823926e-06
215.06700133651702 -32.64389428695308 1.3359375 1.3642578 [215.06700133651702,-32.64389428695308] -32.8280094106529 3.158502786017402 0.00013714229689075426 1.6097609439660025e-05 [1409.105957031,65.2431640625] -20.829998735890097 -18.240707699543968 6.2603350724073445 7.354894366325926 0.0 0.0 40.269827865817206 20.59577490135416 -7.796652357384883e-06 2.0913602405990833e-06 -2.8495275799745167e-06 2.3826795076073776e-06
213.300216920832 -32.38108832161153 1.3203125 1.1723633 [213.300216920832,-32.38108832161153] -23.759695161019064 2.296864701539734 0.0001874235333617016 1.599809376072976e-05 [-1272.368164062,-408.9423828125] -27.269215061221104 -24.970223157479143 6.922743822565345 7.187396887417521 0.0 0.0 49.701528808534476 38.00554473471584 -5.6429276892979055e-06 1.900005677616982e-06 8.335109893784813e-07 2.4034735701093418e-06
213.2458497679697 -32.55031201084017 1.328125 1.2460938 [213.2458497679697,-32.55031201084017] -20.035767635691577 3.223341489559651 0.00013495526086284608 1.6166084348812976e-05 [-1352.45703125,-103.6791992188] -26.893528801108232 -24.588180834633143 6.548373056186893 7.081181954553783 0.0 0.0 47.99115199683774 39.38464631493207 -4.758494888153002e-06 1.9339154958443057e-06 1.62871830234634e-06 2.411312474826349e-06
212.72322070906188 -31.946905012408344 1.3671875 1.6425781 [212.72322070906188,-31.946905012408344] -16.10400825001975 2.61929053709185 0.00016421772515852904 1.5984991468956355e-05 [-2159.563476562,-1181.087402344] -24.814419790082354 -23.69306949814329 6.209316929365363 6.487326198145887 0.0 0.0 56.61883111471616 42.177903730529124 -3.8247020194016975e-06 1.844691806681151e-06 2.0687227732298535e-06 2.32365931411417e-06
212.8926392837418 -33.20794302765609 1.328125 1.2929688 [212.8926392837418,-33.20794302765609] -24.47450373101236 2.843988583134637 0.0001500349467989056 1.585729042807636e-05 [-1874.307617188,1085.342285156] -27.63302780312772 -28.44892363723601 6.9415932628358465 7.6235229828711955 0.0 0.0 41.812466941381444 46.18989278001595 -5.81269472733551e-06 1.9499170525630793e-06 7.501494788996822e-07 2.438812186611593e-06
212.77937329866646 -32.70264436896421 1.421875 2.2421875 [212.77937329866646,-32.70264436896421] -25.474882759678454 2.241957681834541 0.0001913355584995694 1.5941596129815743e-05 [-2056.577148438,177.9877929688] -28.55540275578806 -26.796198767456897 6.61216364376897 7.464537315491855 0.0 0.0 47.90130384678832 45.07115399109966 -6.050284750372268e-06 1.9178164400515335e-06 7.31623510557582e-07 2.3500569030148885e-06
212.00946021062703 -32.08499515999348 1.375 1.7631836 [212.00946021062703,-32.08499515999348] -44.42053280207492 3.1115970921832488 0.0001449755569056752 1.6764354884718716e-05 [-3244.317382812,-914.423828125] -26.070552565292516 -23.269603538213204 6.344432125726558 6.457882091855029 0.0 0.0 57.50296056556999 50.555201764436106 -1.0549876706054652e-05 2.2863395294467978e-06 -4.358120374628897e-06 2.4305710737963487e-06
213.6033020483973 -33.23823550928086 1.390625 1.9282227 [213.6033020483973,-33.23823550928086] -30.213786278439652 2.885780505577298 0.00014673553989570195 1.5736469805337062e-05 [-803.87890625,1130.905761719] -25.31467515198281 -26.42804104106361 6.076947609646836 7.3574164951284144 0.0 0.0 38.99737799350305 38.84647542692937 -7.175774353740643e-06 2.0299428531702097e-06 -1.1635389107932073e-06 2.3108455146749977e-06
212.8977201015177 -32.55644992840464 1.359375 1.5620117 [212.8977201015177,-32.55644992840464] -21.264034181665167 2.8606288838711946 0.0001506808913739809 1.6018741874990468e-05 [-1880.4375,-87.3349609375] -26.418199073693625 -24.650191182512224 6.634921858743196 7.130729843888582 0.0 0.0 49.14047254738216 43.131031633516386 -5.05020819739966e-06 1.914378878561853e-06 1.2241141810670894e-06 2.394666929659307e-06
213.44912706524647 -31.934402450415252 1.3125 1.1279297 [213.44912706524647,-31.934402450415252] -55.142699513085944 1.0028395884918964 0.00042299605586917384 1.5764365339104892e-05 [-1051.173339844,-1214.558105469] -26.11812192603254 -24.77080542821289 6.473533224343403 7.050624800575342 0.0 0.0 54.18660332193758 34.28000099859969 -1.3096391339882862e-05 2.4031761021760978e-06 -6.893337285104052e-06 2.4501026449162367e-06
212.6170804660659 -32.68137371508989 1.4296875 2.3007812 [212.6170804660659,-32.68137371508989] -20.27931374841204 2.9070805905379213 0.00014795621577931578 1.5984497560575367e-05 [-2302.869140625,143.033203125] -28.30181584161897 -27.022139615815064 6.385523193343109 7.503774305748069 0.0 0.0 48.69832865921512 46.707851865205384 -4.816337090831844e-06 1.907933059314428e-06 1.9053442770376913e-06 2.3670868313032886e-06
212.63668805081957 -33.669254193603514 1.4375 2.3359375 [212.63668805081957,-33.669254193603514] -48.80183814335624 3.173402673631426 0.0001393043494972685 1.642852462500203e-05 [-2247.681640625,1920.5078125] -28.57202958581313 -30.29418503987611 6.9017319353925 7.445760432701338 0.0 0.0 37.47222965489141 50.982090599555704 -1.1590436740938737e-05 2.3761587715234857e-06 -4.804579607815961e-06 2.5330717152991296e-06
211.95433062941245 -32.77167894709789 1.3984375 2.0117188 [211.95433062941245,-32.77167894709789] -16.72464164168072 2.4716084462902375 0.00018460748566032244 1.6956557273228236e-05 [-3303.080078125,323.0385742188] -24.826336188641402 -24.996107742742684 6.3077456039651505 7.153676630572106 0.0 0.0 49.906463433921544 54.21694447507048 -3.97210245223437e-06 1.838553060891749e-06 1.9241524850993693e-06 2.3273450585662385e-06
212.3488161933216 -33.50574865589481 1.4375 2.3759766 [212.3488161933216,-33.50574865589481] -41.641640773360514 2.9061037447846947 0.0001530375593971237 1.6527906537079107e-05 [-2683.833984375,1632.956054688] -28.23416409052602 -29.55486973843906 6.87081098808294 7.23048317609503 0.0 0.0 40.28301548540139 53.280150477097095 -9.889889838877643e-06 2.2192815654410784e-06 -3.18427576214483e-06 2.46531567076178e-06
212.58450334159488 -35.005680110906006 1.3046875 1.0688477 [212.58450334159488,-35.005680110906006] -61.523020168201434 3.1357861024765583 0.00020031504423220284 2.3343646689299445e-05 [-2289.045898438,4325.782958984] -33.2440786808693 -38.9449944520848 7.113140962323232 7.004200515630721 0.0 0.0 22.52835323420686 57.46914029352433 -1.4611717519253185e-05 2.6450838110368384e-06 -6.716248708641156e-06 2.636207098642591e-06
214.5551452111566 -32.64785753767508 1.359375 1.5693359 [214.5551452111566,-32.64785753767508] -29.002973163904258 2.995881938271091 0.0001453846076361049 1.6186458069528693e-05 [633.3286132812,67.46484375] -24.757251010579566 -21.670917368586714 6.92878217440965 7.778529526333552 0.0 0.0 42.151478864375804 25.987768344671395 -6.888206234525608e-06 2.0217629002490903e-06 -1.0083590272390453e-06 2.4485992350097036e-06
213.4105988475232 -32.34995268640089 1.34375 1.4003906 [213.4105988475232,-32.34995268640089] -20.293116999116 2.0949661875938235 0.00020416235802694853 1.5895031545230464e-05 [-1104.972167969,-466.2197265625] -27.875016891974415 -25.35043564689458 6.949972074423159 7.27673117225363 0.0 0.0 49.65872512544297 36.677944403723814 -4.819615362925481e-06 1.8470563950688851e-06 1.8007012528127299e-06 2.4066294765385526e-06
215.24795528894074 -31.480043367417295 1.3203125 1.1948242 [215.24795528894074,-31.480043367417295] -1.7722329649863218 2.3371262470609677 0.000187224828284975 1.6261264609732355e-05 [1704.872070312,-2026.813476562] -20.731706710445604 -19.507949376412007 6.752291990398976 7.218071146141665 0.0 0.0 52.493676326963396 12.729717345670906 -4.209053357896243e-07 1.753584368712022e-06 4.502875085211326e-06 2.4480697519385887e-06
