data_processed/hvc_rms/hvc_rms_index_2_with_B.ecsv
# %ECSV 1.0
# ---
# datatype:
# - {name: ra_dec_obj.ra, unit: deg, datatype: float64}
# - {name: ra_dec_obj.dec, unit: deg, datatype: float64}
# - {name: 'H-alpha flux [Error]', unit: R, datatype: float32}
# - {name: H-alpha flux, unit: R, datatype: float32}
# - {name: ra_dec_deg, datatype: string, subtype: 'float64[2]'}
# - {name: RM, unit: rad / m2, datatype: float64}
# - {name: RM_uncert, unit: rad / m2, datatype: float64}
# - {name: pol_int, datatype: float64}
# - {name: pol_int_uncert, datatype: float64}
# - {name: ra_dec_pix_offsets, datatype: string, subtype: 'float64[2]'}
# - {name: interpolation_raw, unit: rad / m2, datatype: float64}
# - {name: interpolation_cor, unit: rad / m2, datatype: float64}
# - {name: interpolation_unc, unit: rad / m2, datatype: float64}
# - {name: pixel location x, datatype: float64}
# - {name: pixel location y, datatype: float64}
# - {name: 'B_virtual [raw]', unit: G, datatype: float64}
# - {name: 'B_virtual_unc [raw]', unit: G, datatype: float64}
# - {name: 'B_virtual [int]', unit: G, datatype: float64}
# - {name: 'B_virtual_unc [int]', unit: G, datatype: float64}
# - {name: 'B_virtual [cor]', unit: G, datatype: float64}
# - {name: 'B_virtual_unc [cor]', unit: G, datatype: float64}
# meta: !!omap
# - __serialized_columns__:
#     ra_dec_obj:
#       __class__: astropy.coordinates.sky_coordinate.SkyCoord
#       dec: !astropy.table.SerializedColumn
#         __class__: astropy.coordinates.angles.Latitude
#         unit: &id001 !astropy.units.Unit {unit: deg}
#         value: !astropy.table.SerializedColumn {name: ra_dec_obj.dec}
#       frame: icrs
#       ra: !astropy.table.SerializedColumn
#         __class__: astropy.coordinates.angles.Longitude
#         unit: *id001
#         value: !astropy.table.SerializedColumn {name: ra_dec_obj.ra}
#         wrap_angle: !astropy.coordinates.Angle
#           unit: *id001
#           value: 360.0
#       representation_type: spherical
# schema: astropy-2.0
ra_dec_obj.ra ra_dec_obj.dec "H-alpha flux [Error]" "H-alpha flux" ra_dec_deg RM RM_uncert pol_int pol_int_uncert ra_dec_pix_offsets interpolation_raw interpolation_cor interpolation_unc "pixel location x" "pixel location y" "B_virtual [raw]" "B_virtual_unc [raw]" "B_virtual [int]" "B_virtual_unc [int]" "B_virtual [cor]" "B_virtual_unc [cor]"
[from data line 1014]
317.503509614055 -4.716317299849264 0.4375 1.9780273 [317.503509614055,-4.716317299849264] 47.03390680573497 0.21803863017732925 0.002431200846827167 1.9699853043204466e-05 [877.4638671875,73.25830078125] -5.653454976222889 -2.896922999344887 6.39075464272941 13.393665317243858 14.109124471275209 8.833718243554997e-06 1.82115293183921e-06 9.895527303322225e-06 2.2719126171454984e-06 9.377806610595914e-06 2.2268202954559536e-06
317.50250249966837 -4.7089758712560625 0.4375 1.9780273 [317.50250249966837,-4.7089758712560625] 40.006836837862274 0.04024958397766275 0.01316026728391625 1.9684972338267577e-05 [875.6665039062,60.04248046875] -5.653454976222889 -2.896922999344887 6.39075464272941 13.447428181362739 14.02487122522325 7.513922368840088e-06 1.695978820272964e-06 8.575731428607318e-06 2.1597113100188507e-06 8.058010735881003e-06 2.1187914528113325e-06
314.4931027959721 -4.283216565401195 0.42578125 1.8618164 [314.4931027959721,-4.283216565401195] 42.71486998127894 1.597409378600192 0.0004121178758899372 2.446506566833052e-05 [-4524.140625,-698.501953125] -2.838741052332183 -8.259329881378504 8.302124232571014 47.36659961472196 29.37732552198395 8.269120040069574e-06 1.838447928332337e-06 8.818668488530176e-06 2.4823016396195284e-06 9.86803372679239e-06 2.564574886938103e-06
315.8074644938227 -5.882184961748406 0.4375 1.9780273 [315.8074644938227,-5.882184961748406] -46.57121706876192 0.20600079489627732 0.0026439747844497785 2.0241137184694172e-05 [-2160.825195312,2173.212402344] -16.495905503711374 -14.17854847377122 8.117001822252336 24.371519969252404 40.20097504731348 -8.746817727561583e-06 1.8125557669881667e-06 -5.648623439896617e-06 2.1685811887076687e-06 -6.083860069436323e-06 2.192386450635209e-06
315.8011473463683 -5.89313933433152 0.44140625 2.024414 [315.8011473463683,-5.89313933433152] -43.27979439071055 1.1600562853137735 0.00046996355013449433 2.0260583112235878e-05 [-2172.090820312,2192.9453125] -16.977057436191522 -14.4143934284519 8.116967797532062 24.375313390691645 40.379394957588374 -8.034967979557518e-06 1.739403230726211e-06 -4.883148179873202e-06 2.1172237774436653e-06 -5.358911143501605e-06 2.140098555505662e-06
315.80490134003304 -5.886315888333107 0.44140625 2.024414 [315.80490134003304,-5.886315888333107] -42.3290313823904 0.970966011492687 0.0005608563396502738 2.0237849607033225e-05 [-2165.397460938,2180.654296875] -16.977057436191522 -14.4143934284519 8.116967797532062 24.37484815484504 40.26946803825467 -7.858457198128301e-06 1.719176693535575e-06 -4.706637398443984e-06 2.105924625114557e-06 -5.182400362072387e-06 2.1281323196765477e-06
317.1833190995969 -4.136547967051917 0.39453125 1.5698242 [317.1833190995969,-4.136547967051917] 41.79926735326629 1.5838170804876313 0.00032802159027668415 1.9307060398506932e-05 [303.3193359375,-970.5805664062] -7.521889597815863 -3.894430674141577 7.143690815540721 20.156630812039566 9.170614502367698 8.812351089200237e-06 2.035855672012558e-06 1.0398157161587695e-05 2.672222023894251e-06 9.633396350664719e-06 2.602840939648309e-06
314.9045103704967 -4.651271874712274 0.3671875 1.2763672 [314.9045103704967,-4.651271874712274] -1.0223704228509625 2.2508595276367487 0.0002531207792205049 2.1173121720100838e-05 [-3784.379882812,-38.44384765625] -7.246169623467867 -8.975973630113518 8.996596071920065 40.92218879505867 31.09472561219536 -2.390391829006904e-07 1.7196705235392728e-06 1.4551789079585991e-06 2.727861364090781e-06 1.8596222751423485e-06 2.7349269047107805e-06
315.75183128578334 -6.761613348152721 0.3984375 1.5756836 [315.75183128578334,-6.761613348152721] -38.40199026446248 2.500291985138616 0.0002552775793860424 2.3719859104040794e-05 [-2256.572265625,3755.686767578] -18.408053587688304 -15.688501808312807 8.804252982424769 19.975778109585917 51.549732167184175 -8.08105124570902e-06 2.0048706987317732e-06 -4.207386798855405e-06 2.5110822540407865e-06 -4.779670608708617e-06 2.535627859047887e-06
314.97863746647903 -2.2566304018964733 0.43164062 1.9462891 [314.97863746647903,-2.2566304018964733] -8.595621873773245 0.5433420537717663 0.0014070049450520743 2.841041953533224e-05 [-3660.704101562,-4347.8828125] -7.101299264302373 -7.555275642596444 10.229145578710618 54.29917388933222 1.7238335964884755 -1.6275047529723307e-06 1.3495412485855368e-06 -2.8293673047768345e-07 2.349479932953518e-06 -1.9698033031714098e-07 2.349300869110677e-06
315.524566394813 -6.777667102381936 0.375 1.3544922 [315.524566394813,-6.777667102381936] -38.484181625767086 1.6468479635742326 0.00040785670591422243 2.496145045106112e-05 [-2662.59765625,3785.359863281] -19.00886237252323 -17.23103401100429 8.626143004340925 22.279291175363255 53.24716109887595 -8.734592283186688e-06 2.1780270250845566e-06 -4.420231016373866e-06 2.6513522976532185e-06 -4.823737216359072e-06 2.6704601957250943e-06
315.91104121410353 -3.815135835153302 0.44335938 2.024414 [315.91104121410353,-3.815135835153302] -23.409021206139865 3.170084537863047 0.00016857418104490165 1.9859604965099277e-05 [-1981.46484375,-1547.557617188] 0.37742289953299824 -4.629020867848901 9.207939257827453 35.30472510968207 14.066030746598699 -4.345924893406795e-06 1.5539271665538866e-06 -4.415994101340701e-06 2.3128577421292684e-06 -3.4865392384265876e-06 2.2807327857704326e-06
315.9777529247025 -6.200577675338991 0.44140625 2.0166016 [315.9777529247025,-6.200577675338991] -45.01069587079729 1.0658570356926949 0.0005142661320717388 2.037021362321844e-05 [-1854.88671875,2745.668212891] -17.298056808232495 -15.263364170140719 8.47819829270267 20.769342875514212 43.03005969465448 -8.372483720444947e-06 1.7726066737826406e-06 -5.154855194150114e-06 2.1806600443881656e-06 -5.533330368971507e-06 2.1992037587037903e-06
318.2537535965581 -4.331668282749809 0.39257812 1.5327148 [318.2537535965581,-4.331668282749809] 32.04687539989623 0.8739468994858223 0.0006158975675596391 2.0003327159087535e-05 [2224.348632812,-617.451171875] -3.281236720780243 -2.337165468544944 6.872955585955702 7.8720901948343 4.032658350211932 6.8375992657055934e-06 1.846865154250654e-06 7.537691911639052e-06 2.4099601599224818e-06 7.336262573505241e-06 2.3946819889475847e-06
318.2528380685083 -4.334397808770804 0.39257812 1.5327148 [318.2528380685083,-4.334397808770804] 36.503897441567474 0.6962211554090398 0.0007708685988001236 1.994510256379972e-05 [2222.697753906,-612.541015625] -3.281236720780243 -2.337165468544944 6.872955585955702 7.865310342860994 4.073158833550224 7.788560326934783e-06 1.933646515643006e-06 8.488652972868242e-06 2.4836685551628196e-06 8.287223634734431e-06 2.4669448626855507e-06
316.07537865315817 -4.0695453337157526 0.43554688 1.9472656 [316.07537865315817,-4.0695453337157526] -3.1043846356066256 0.9233663254374712 0.0005827251516792505 1.9996155197805287e-05 [-1685.84375,-1090.087890625] -2.579614520199334 -5.162963556515427 7.315784457102672 32.08941628334742 16.03870782779086 -5.876402852418325e-07 1.3391933587649435e-06 -9.933564828511353e-08 1.9246517643548555e-06 3.8967590884216723e-07 1.92541170044913e-06
315.26550312367687 -4.566729094988837 0.41015625 1.7094727 [315.26550312367687,-4.566729094988837] -19.807597023426393 1.6742046991965673 0.0003314925229702698 2.0624859407770037e-05 [-3137.474609375,-192.3984375] -6.463134477906683 -8.341140126917391 8.739265609337515 37.63460737560115 27.633971309825938 -4.0017444093577806e-06 1.5730844694374494e-06 -2.6959922662128283e-06 2.3227649244777366e-06 -2.3165773075087207e-06 2.3135386424019516e-06
316.25176982913973 -3.0350635529098056 0.40625 1.6757812 [316.25176982913973,-3.0350635529098056] -0.6233857563342124 1.5810641954343916 0.00034788292728980347 2.0440490954970066e-05 [-1370.711914062,-2952.154296875] -2.0698216417459148 -3.944745649624214 8.81150659723409 36.41149690963164 2.231441091509623 -1.272028511199732e-07 1.4644681594774705e-06 2.9514753379762725e-07 2.319287487157641e-06 6.777287477763813e-07 2.3211156513138132e-06
314.077758593503 -3.623878583831022 0.34179688 1.0385742 [314.077758593503,-3.623878583831022] 26.870739398568283 1.980211258176722 0.00039949568583097977 2.9398984019716424e-05 [-5273.017578125,-1882.306152344] -3.0802216258437434 -3.947240651513578 10.683194862152938 55.560001060462355 24.2078239041939 6.964813352690542e-06 2.293861332871562e-06 7.763197364038802e-06 3.652817868435487e-06 7.987926039995659e-06 3.669822278425639e-06
316.83917239543626 -5.134125788564738 0.3984375 1.5927734 [316.83917239543626,-5.134125788564738] -72.92914827330218 2.985358645793065 0.0001757179851312561 1.949491879420728e-05 [-314.0849609375,825.0395507812] -7.5566137987455 -6.328319534965837 7.063255529326814 17.877553681577865 23.90742406220761 -1.526415521510204e-05 2.8406379705097803e-06 -1.3682547193404373e-05 3.027816408258415e-06 -1.393963060567584e-05 3.0555334004710044e-06
317.41503894682376 -6.817501543890162 0.37890625 1.4125977 [317.41503894682376,-6.817501543890162] -19.78012653274787 1.4757103154354416 0.0004301233345096367 2.3588635536026954e-05 [716.1069335938,3854.391845703] -12.449176761808792 -11.006995746182131 7.424511712798243 2.1696343547835113 41.14373143313014 -4.396109069884366e-06 1.7412802292238235e-06 -1.629294672384227e-06 2.306500211135298e-06 -1.9498176494599786e-06 2.3129786603847264e-06
316.39935310098673 -4.53922115387975 0.39648438 1.5708008 [316.39935310098673,-4.53922115387975] -15.532354189720305 1.1525079453741143 0.00045754086976532165 1.9596681070287176e-05 [-1103.532714844,-245.3354492188] -8.582485371787584 -8.492582561850183 7.487569228100654 25.947718724777587 19.57163606159429 -3.2735981399222253e-06 1.578942660163617e-06 -1.4647539810896957e-06 2.185739332030135e-06 -1.4837018925131704e-06 2.1860463807163294e-06
314.274170022315 -5.781631008888311 0.34960938 1.1049805 [314.274170022315,-5.781631008888311] 7.422010574399772 1.408253892803534 0.0005389135994127681 2.8203876654177535e-05 [-4905.391601562,1999.963867188] -11.86812098994377 -15.547600539239154 8.561964769476585 41.06096470887087 49.10144517548133 1.8650604049168726e-06 1.8260855701586333e-06 4.847373932662962e-06 2.9371339104502312e-06 5.771982103090848e-06 2.991991713748435e-06
315.2314760018778 -3.0883176805352313 0.41796875 1.78125 [315.2314760018778,-3.0883176805352313] 15.274474817322922 0.4306727081765953 0.0013788075112468432 2.206783332233955e-05 [-3204.028320312,-2853.012695312] -4.172240849544256 -7.880535043236744 10.001196226525135 46.69325183802391 9.941321155029982 3.0230997846382554e-06 1.4582545420145255e-06 3.848863063871368e-06 2.483684564865564e-06 4.582802758191534e-06 2.5107762289779537e-06
316.8574218315514 -5.232943934886523 0.40234375 1.628418 [316.8574218315514,-5.232943934886523] -15.336199823324959 0.716417733241987 0.0007236568288154009 1.926671597259471e-05 [-281.3237304688,1002.897460938] -7.130698486031467 -5.900899215333839 7.251897961748514 17.11178266044135 25.01115424326872 -3.17455934228935e-06 1.5352469116286155e-06 -1.6985205741030373e-06 2.1076829561302455e-06 -1.953086295005816e-06 2.1128284042580008e-06
316.83142091629895 -5.247652179064152 0.41210938 1.7436523 [316.83142091629895,-5.247652179064152] -19.41283239486902 2.876681836630104 0.00018038399558262732 1.928406278951722e-05 [-327.9223632812,1029.382324219] -7.628925510812499 -6.290791084656885 7.3638149035440925 17.298097062653824 25.372628626895676 -3.883359439593992e-06 1.620092810868226e-06 -2.3572627168816738e-06 2.141138434290574e-06 -2.624944261210597e-06 2.1479992670718424e-06
316.84933468190894 -5.238185389042027 0.40234375 1.628418 [316.84933468190894,-5.238185389042027] -18.002628982554423 2.5459020673252524 0.00020350259024885784 1.925397210738945e-05 [-295.8173828125,1012.334960938] -7.130698486031467 -5.900899215333839 7.251897961748514 17.165849518381947 25.131894789671605 -3.7265042631628083e-06 1.643685140513286e-06 -2.2504654949764954e-06 2.1792154618351862e-06 -2.505031215879274e-06 2.18569471332665e-06
315.7027280879851 -3.139163489635051 0.41210938 1.7382812 [315.7027280879851,-3.139163489635051] 7.821118002870124 1.4280347348554179 0.000409442596883836 2.172903789737728e-05 [-2357.204101562,-2763.389648438] -1.6103217540104886 -5.261305252694113 9.72810621734677 41.48980166266301 7.30645561488609 1.566958338519878e-06 1.4502090161269986e-06 1.88958575562581e-06 2.4344401589595538e-06 2.621059060971844e-06 2.4494052633108437e-06
314.32858272534213 -3.5057001455426944 0.41015625 1.7211914 [314.32858272534213,-3.5057001455426944] 24.099186501320546 1.3478943604027513 0.0005227579944142503 2.618576357954518e-05 [-4823.599609375,-2096.788085938] -2.9082139740998643 -3.503404511306682 9.944336185170396 53.633630139760726 21.102354468293925 4.852174737245989e-06 1.6077869196236373e-06 5.437719912177926e-06 2.593871314572816e-06 5.5575566746480845e-06 2.599528241651666e-06
317.61138907169084 -3.672590498481026 0.39648438 1.5703125 [317.61138907169084,-3.672590498481026] 17.13312732694995 2.4213775363605885 0.000218343803825657 1.964771655469618e-05 [1072.411132812,-1805.207519531] -4.703082277762795 -1.1393270887351492 7.049701971503005 18.481648412333698 0.4395950676616849 3.611538365357693e-06 1.6587006709532026e-06 4.602913830994761e-06 2.270531314579797e-06 3.8517002116533164e-06 2.23665934367655e-06
316.77966316244255 -3.928504216382942 0.41601562 1.7685547 [316.77966316244255,-3.928504216382942] 21.635173590870483 3.2081145271509834 0.000163709317633615 1.95178495197704e-05 [-421.4750976562,-1345.000976562] -4.644448655155884 -4.578291379815911 8.01971687169191 25.59079114097085 9.433179492525596 4.297340550538139e-06 1.6565879488151077e-06 5.219855798999831e-06 2.3397217705987407e-06 5.2067151444616325e-06 2.3390794887028e-06
318.04156504021483 -5.70938444979223 0.41601562 1.7807617 [318.04156504021483,-5.70938444979223] -6.794507186641352 1.2298306138142043 0.0004390924712415501 2.006827268126802e-05 [1839.686523438,1861.716796875] -4.156486858714748 -3.4039793624450905 7.082783023259614 1.9677764595796816 22.80108186351663 -1.3449424182090003e-06 1.420751444723517e-06 -5.221843677053993e-07 1.9876494527253614e-06 -6.711398730793811e-07 1.9886214884632736e-06
318.02999875025904 -5.716195638238367 0.41601562 1.7807617 [318.02999875025904,-5.716195638238367] -8.936947844337451 0.5827456160676819 0.0009299072400635678 2.013851056894755e-05 [1818.952148438,1873.944824219] -4.156486858714748 -3.4039793624450905 7.082783023259614 2.0490222173350503 22.967525646802642 -1.769028998718665e-06 1.4146706949618262e-06 -9.46270948215064e-07 1.9794784319574078e-06 -1.0952264535890458e-06 1.9811479253219454e-06
316.8200684294414 -5.110848851677484 0.3984375 1.5942383 [316.8200684294414,-5.110848851677484] -22.39804280452466 2.958379267099007 0.000177225256258588 1.9484450680465808e-05 [-348.3466796875,783.1513671875] -7.71014544526936 -6.440646154353885 7.056685551430839 18.212763135281648 23.749423579036375 -4.685782087386247e-06 1.7459453826323774e-06 -3.0727812670070867e-06 2.2205810377917176e-06 -3.3383668402304574e-06 2.22965481830162e-06
314.3251343121109 -6.709608505557325 0.33984375 1.0224609 [314.3251343121109,-6.709608505557325] -33.789979413305126 2.6317595998050662 0.0002887550150245357 2.8241285069158335e-05 [-4805.697265625,3669.309814453] -22.999568745284904 -23.10918281433935 8.55260394625849 35.30586142149059 60.215168425638694 -8.827001469054796e-06 2.568962510268112e-06 -2.8187933959147264e-06 3.0152936431837126e-06 -2.790158766199869e-06 3.014342207716904e-06
316.75274654759875 -5.703893692084864 0.40039062 1.6098633 [316.75274654759875,-5.703893692084864] -24.927681611664482 1.1392516155893624 0.00046686082890728703 1.9765863555331455e-05 [-468.5830078125,1850.579589844] -10.360149110180327 -7.870462894989012 8.35049451917796 15.481107080388256 31.600324872394594 -5.189625582431304e-06 1.6776907587985155e-06 -3.032774588521137e-06 2.3278770430025653e-06 -3.551095524894838e-06 2.3450855009886506e-06
