data_processed/hvc_rms/hvc_rms_index_10.ecsv
# %ECSV 1.0
# ---
# datatype:
# - {name: ra_dec_obj.ra, unit: deg, datatype: float64}
# - {name: ra_dec_obj.dec, unit: deg, datatype: float64}
# - {name: 'H-alpha flux [Error]', unit: R, datatype: float32}
# - {name: H-alpha flux, unit: R, datatype: float32}
# - {name: ra_dec_deg, datatype: string, subtype: 'float64[2]'}
# - {name: RM, unit: rad / m2, datatype: float64}
# - {name: RM_uncert, unit: rad / m2, datatype: float64}
# - {name: pol_int, datatype: float64}
# - {name: pol_int_uncert, datatype: float64}
# - {name: ra_dec_pix_offsets, datatype: string, subtype: 'float64[2]'}
# - {name: interpolation_raw, unit: rad / m2, datatype: float64}
# - {name: interpolation_cor, unit: rad / m2, datatype: float64}
# - {name: interpolation_unc, unit: rad / m2, datatype: float64}
# - {name: pixel location x, datatype: float64}
# - {name: pixel location y, datatype: float64}
# meta: !!omap
# - __serialized_columns__:
#     ra_dec_obj:
#       __class__: astropy.coordinates.sky_coordinate.SkyCoord
#       dec: !astropy.table.SerializedColumn
#         __class__: astropy.coordinates.angles.Latitude
#         unit: &id001 !astropy.units.Unit {unit: deg}
#         value: !astropy.table.SerializedColumn {name: ra_dec_obj.dec}
#       frame: icrs
#       ra: !astropy.table.SerializedColumn
#         __class__: astropy.coordinates.angles.Longitude
#         unit: *id001
#         value: !astropy.table.SerializedColumn {name: ra_dec_obj.ra}
#         wrap_angle: !astropy.coordinates.Angle
#           unit: *id001
#           value: 360.0
#       representation_type: spherical
# schema: astropy-2.0
ra_dec_obj.ra ra_dec_obj.dec "H-alpha flux [Error]" "H-alpha flux" ra_dec_deg RM RM_uncert pol_int pol_int_uncert ra_dec_pix_offsets interpolation_raw interpolation_cor interpolation_unc "pixel location x" "pixel location y"
[from data line 851]
77.32513434638636 -56.414710954670475 1.21875 0.1829834 [77.32513434638636,-56.414710954670475] 15.844659387376197 2.6073503218164316 0.000176573456265826 1.7109349888838163e-05 [822.57421875,1247.631835938] 37.05287784831581 34.092238511204606 8.77884968219696 62.3433518046412 67.0690497839214
74.27120200896218 -58.06175229010809 1.2109375 0.1000061 [74.27120200896218,-58.06175229010809] 29.075152441009934 2.3002777789649027 0.0002664972558223492 2.2781469194318198e-05 [-2120.74609375,4240.387084961] 34.51388361502834 32.59651170925236 7.880001903283096 44.97692096832861 39.56493315671469
74.26181809086026 -58.05828093545238 1.2109375 0.1000061 [74.26181809086026,-58.05828093545238] 25.262930933502883 2.342484235922736 0.00026127919479810777 2.2745223521984304e-05 [-2129.881835938,4234.434936523] 34.51388361502834 32.59651170925236 7.880001903283096 44.91170712423332 39.605550482352555
74.26486200785786 -58.06214904662073 1.2109375 0.1000061 [74.26486200785786,-58.06214904662073] 34.94504207894053 2.410769370750688 0.00025508882560176555 2.2853662136005804e-05 [-2126.754882812,4241.294555664] 34.51388361502834 32.59651170925236 7.880001903283096 44.93786641849931 39.55124142088016
75.56706215977876 -55.99572379378081 1.265625 0.6791992 [75.56706215977876,-55.99572379378081] -0.12608044603498542 1.9429713516970186 0.00023406954492600964 1.690129612822634e-05 [-938.1083984375,494.9125976562] 31.51288287117257 33.563214126014806 8.246421373731513 50.18785815698152 71.94039706671697
72.27110276776784 -56.791099615837936 1.34375 1.4663086 [72.27110276776784,-56.791099615837936] 14.43867487402974 1.1130174043764212 0.0005019811351157638 2.076338012912103e-05 [-4164.264648438,2047.241210938] 30.095232177690146 31.963816079341377 7.3038078891847995 29.792926417360604 56.14312262197495
78.00357051365012 -57.4161071813624 1.234375 0.36437988 [78.00357051365012,-57.4161071813624] 23.8017179023095 1.1508040313837051 0.0004229706626425757 1.8089240107281262e-05 [1458.335449219,3060.646484375] 39.122794461523505 35.0064454854332 8.021506721308299 67.79016940014674 52.72054887050308
78.0067444760817 -57.4176368709393 1.234375 0.36437988 [78.0067444760817,-57.4176368709393] 26.92099422699631 3.0509589269397237 0.00015955155199404058 1.8090313672026048e-05 [1461.350097656,3063.46484375] 39.122794461523505 35.0064454854332 8.021506721308299 67.81218168479484 52.70016016142222
77.1301728573408 -57.375011501527126 1.2578125 0.5917969 [77.1301728573408,-57.375011501527126] 31.588811726712407 0.590837421764198 0.0008053638823257351 1.7683525241574223e-05 [612.5380859375,2973.682617188] 40.35712773659904 34.687038920153235 7.960727125485075 62.12138229395873 52.682846773474466
73.65299271759808 -55.970764160762386 1.21875 0.21356201 [73.65299271759808,-55.970764160762386] 5.876119397657876 2.4744477637560967 0.00018929808510137578 1.7407372147974154e-05 [-2865.634765625,502.5327148438] 31.81537663127911 34.4030205489634 8.088769903708002 37.39457799015577 70.37754510222067
73.59212519121571 -56.18305592223963 1.2421875 0.4342041 [73.59212519121571,-56.18305592223963] 5.4771243738732025 0.7303853786636896 0.0006434579024334388 1.7465495560642255e-05 [-2910.784179688,886.8564453125] 31.04815770915679 33.82321491149554 7.684460785549978 37.33594492687644 67.0870360096776
77.37310043397126 -56.8850668557803 1.265625 0.6635742 [77.37310043397126,-56.8850668557803] 26.983394487456064 2.6086423346856322 0.0001794961880818538 1.740117085385732e-05 [859.5532226562,2094.676757812] 37.934690637885744 33.251733290360086 7.817199324287291 63.14514823577497 60.128063863160605
73.06810728642083 -55.85876073763164 1.2265625 0.23046875 [73.06810728642083,-55.85876073763164] 4.697405925200818 2.0408666348270676 0.00023416177139254073 1.775985123603328e-05 [-3463.903320312,327.837890625] 31.26672303507238 33.74287169523717 7.649466334675043 33.31385263462653 71.38910044218073
77.25555399875766 -57.704032887599276 1.2109375 0.1000061 [77.25555399875766,-57.704032887599276] 37.68901861097103 2.5667405088131123 0.0001994685087705008 1.9026767392296786e-05 [727.6157226562,3566.803222656] 39.717748842944815 35.002104108515155 7.853660549032179 63.31921532087665 47.91003128642046
71.88027169597129 -56.85082241761637 1.265625 0.6921387 [71.88027169597129,-56.85082241761637] 14.213158049446697 2.841257051144774 0.00020837841802022908 2.200249678935745e-05 [-4541.168945312,2179.042236328] 28.755429482748607 31.847507173300492 7.4530467133080816 27.385205233320335 54.6712733455538
74.14294465939561 -56.773098029508205 1.2421875 0.43432617 [74.14294465939561,-56.773098029508205] 10.102751475229862 1.0192314904681945 0.00046452048895953844 1.7594884121823954e-05 [-2323.157226562,1927.274414062] 32.765630362910876 34.65513295597502 8.506037484547125 41.92292065155402 58.79969024690536
78.69627369207734 -56.99743269611948 1.2109375 0.11355591 [78.69627369207734,-56.99743269611948] 29.2168829252343 1.4545426364027796 0.0003315699015997814 1.7922981628450812e-05 [2153.738769531,2325.582763672] 38.68271260956112 35.12307351761957 8.378391548336019 71.88628037841772 59.319440755037704
71.29541792590732 -57.778133425187725 1.265625 0.63061523 [71.29541792590732,-57.778133425187725] 18.697186358807127 0.9265051630138862 0.0007537591715081081 2.5953095002987848e-05 [-4987.275390625,3883.487792969] 30.848201875918686 32.464198467297486 7.7878238783718 25.710317027276915 39.63784301324017
78.18874379307239 -56.82004534428609 1.25 0.46826172 [78.18874379307239,-56.82004534428609] -0.033561992550711434 1.8183656185063592 0.00025933733302591213 1.7524876038738354e-05 [1664.318359375,1992.512207031] 38.34057163762648 34.413055118261155 8.074201610128013 68.41469637824605 61.63365343737246
73.41200299188058 -57.6568146328309 1.25 0.4736328 [73.41200299188058,-57.6568146328309] 18.115326426173954 1.7675445049882295 0.000299294248533195 1.9659724702208927e-05 [-2971.2421875,3544.103271484] 36.518126534727394 33.53592886334577 8.091324596764265 38.800669088788936 44.57002807364688
75.51154325900579 -58.287769319564035 1.25 0.5185547 [75.51154325900579,-58.287769319564035] 3.5583318920053375 0.819438888533639 0.0008906345947890061 2.7122195005340386e-05 [-934.2075195312,4619.40625] 35.20626633203567 32.425996889864166 8.960611488585462 53.13401548285128 37.606540182083336
73.40622717757904 -56.78364168764021 1.3046875 1.0410156 [73.40622717757904,-56.78364168764021] 13.856893258538943 0.8735178822350117 0.0005638618226451002 1.8304302908007995e-05 [-3048.11328125,1974.781738281] 34.05329761952772 35.43118442902063 8.49168851967383 37.146948172919565 57.76099309855954
75.3184893508005 -58.2924003739298 1.2578125 0.54003906 [75.3184893508005,-58.2924003739298] 32.027303698903935 3.237651919271581 0.00022378449767544896 2.6925814975108355e-05 [-1116.69140625,4630.590698242] 35.03540929227439 32.33762941120161 8.953206050434314 51.93544934443753 37.328200474823916
76.80939471429764 -57.209606222773644 1.28125 0.82666016 [76.80939471429764,-57.209606222773644] 33.32348492161533 2.6117090202996667 0.00017849182159992516 1.7324145155858527e-05 [302.6030273438,2673.958496094] 40.45906006700284 34.725607556667356 7.726955313936347 59.853051007335125 54.878124019186316
73.19084198500576 -56.69779970402168 1.3125 1.1391602 [73.19084198500576,-56.69779970402168] 8.39493585004513 3.3122806043865185 0.00014998146934251216 1.846177393356005e-05 [-3267.619140625,1830.26953125] 33.031698527122124 34.72302009227718 8.149861802940904 35.59136756842588 58.79115230532534
73.18804186520889 -56.70071026054449 1.3203125 1.1987305 [73.18804186520889,-56.70071026054449] 18.841126604135393 1.5518985076387024 0.00032041056374572396 1.8479016137943535e-05 [-3270.12890625,1835.633789062] 33.40829505710154 34.855966571779646 8.234483966186332 35.57839228666717 58.743458562756814
77.94471725398904 -57.57535167633746 1.2421875 0.39831543 [77.94471725398904,-57.57535167633746] 34.48203528913325 0.5248656952894069 0.0009584182369505683 1.8694418500682196e-05 [1395.209472656,3345.873291016] 39.22672081032776 35.01550034012586 7.839360765671512 67.57908678932961 50.33079723207425
73.03266097265873 -56.535484249260435 1.265625 0.6645508 [73.03266097265873,-56.535484249260435] 11.856976664356269 1.033698040316972 0.0004769147518546837 1.8320745941191686e-05 [-3438.430664062,1546.141113281] 31.26003819792705 33.649845789300464 7.7331541233831755 34.265218744342405 61.053159204590656
72.75376874193343 -58.069847095075176 1.2734375 0.7163086 [72.75376874193343,-58.069847095075176] 19.619509168933764 2.830755687291064 0.00022872661732639357 2.4061782615415977e-05 [-3562.845703125,4317.150878906] 32.15698534667283 33.083330364418096 7.19294148553238 35.491861596054946 37.43404239053643
78.50149533498531 -57.84352488516855 1.25 0.51538086 [78.50149533498531,-57.84352488516855] 43.11417444167205 0.8753800706053084 0.0006403040668828827 2.083011263926328e-05 [1918.082519531,3841.441650391] 36.80081749031084 35.22180647372355 7.835252287562023 71.41257607571606 46.76151733636516
78.4951552021211 -57.845016458277236 1.2578125 0.5439453 [78.4951552021211,-57.845016458277236] 41.91118590783414 1.5406222186847651 0.00036331010824007396 2.080091030623742e-05 [1911.933105469,3843.948486328] 36.93601348029481 35.44504529564868 7.851059174971159 71.37372430329037 46.73542859298368
75.22050452214809 -56.702766466552994 1.2578125 0.5720215 [75.22050452214809,-56.702766466552994] 8.301591098817578 1.535167804038842 0.0002928521073644464 1.6707555420905206e-05 [-1263.251953125,1772.853027344] 35.22824575510782 34.172536363125545 8.232962074246077 48.8484106290548 61.00630856088583
73.10939825828714 -56.42539225228682 1.3046875 1.0263672 [73.10939825828714,-56.42539225228682] 5.193271065060538 0.23169182076934025 0.002093098439820031 1.802225206815024e-05 [-3372.171875,1344.467285156] 30.776429518132055 33.56981263278479 7.492309126362492 34.57046437226586 62.82266318253983
73.11082496824594 -56.41968919371732 1.3046875 1.0263672 [73.11082496824594,-56.41968919371732] 8.312498128141765 0.15872183560351344 0.00305591596506058 1.8025477907263562e-05 [-3371.259765625,1334.145507812] 30.776429518132055 33.56981263278479 7.492309126362492 34.569690636733526 62.91108409383605
77.3501817015771 -56.070529985473684 1.2109375 0.1000061 [77.3501817015771,-56.070529985473684] 3.3049689202502712 0.5052615875731536 0.0009137948510918497 1.715827768782969e-05 [855.154296875,628.48046875] 34.36364096725412 32.32514274923081 8.52949962024589 62.174485205247606 72.1944717445765
76.99835182231566 -56.78672788813663 1.2578125 0.5605469 [76.99835182231566,-56.78672788813663] 3.879350628820652 2.4910173595749554 0.0001882357750488519 1.742559530928099e-05 [492.3500976562,1914.060058594] 38.623509664844086 34.08918166328282 8.211100644057046 60.587903732745644 61.3089753411316
72.38776403613404 -56.34402841075765 1.2578125 0.61157227 [72.38776403613404,-56.34402841075765] -27.19328010120985 1.1112360019367473 0.0004564199827248654 1.8848624243048837e-05 [-4097.717773438,1237.119140625] 30.464957562653215 31.797647498562853 7.4946867165307465 29.683413251786305 63.11811579774849
75.30838038332145 -57.61194226976508 1.2421875 0.4206543 [75.30838038332145,-57.61194226976508] 17.981943710715164 0.2819670527272755 0.0017393256267190208 1.8225857223413864e-05 [-1147.842773438,3407.047851562] 35.86810412894796 33.29815813975336 8.21492316034201 50.77546218702196 47.47867004699265
75.31081406746416 -57.607196828716724 1.2421875 0.4206543 [75.31081406746416,-57.607196828716724] 25.48911345706621 2.060939024137224 0.0002374905110294846 1.818947263934782e-05 [-1145.646484375,3398.471679688] 35.86810412894796 33.29815813975336 8.21492316034201 50.78358007896145 47.55217337575368
74.85621665027253 -57.31227493470392 1.2890625 0.9008789 [74.85621665027253,-57.31227493470392] 1.6975887003461256 0.7115667065534876 0.0006623066306570289 1.751392259141417e-05 [-1596.715820312,2876.962890625] 37.27784442230921 34.82603660804082 8.668533166403996 47.409732383667915 51.483606823814625
76.9861070205961 -56.23802198298953 1.2421875 0.40454102 [76.9861070205961,-56.23802198298953] 9.13175413868582 1.7651865489510676 0.00025998876384770867 1.7055085135396524e-05 [487.2661132812,926.4252929688] 36.114705160576925 33.5673456098972 8.820752954088434 59.915562549321294 69.45569519930677
76.98185751760626 -56.236251786842146 1.2421875 0.40454102 [76.98185751760626,-56.236251786842146] 10.942658944477314 1.955909306367183 0.00023632903569012183 1.7178075182100922e-05 [483.0375976562,923.2094726562] 36.114705160576925 33.5673456098972 8.820752954088434 59.88549202827335 69.4789766068468
74.29122882984528 -57.751400018906224 1.21875 0.1675415 [74.29122882984528,-57.751400018906224] 30.870192863524096 1.0778061163872736 0.00048220489424228826 1.9314388421117896e-05 [-2119.930664062,3681.839111328] 35.42474525909473 32.764610260155976 7.724436810451797 44.54529339651481 44.24734283938983
74.01692172366484 -56.792911507603556 1.28125 0.84228516 [74.01692172366484,-56.792911507603556] 8.240066225165563 2.2445014109966896 0.00021128986350772382 1.7624112179244656e-05 [-2446.052734375,1967.246582031] 32.941462787042326 35.149249962368486 8.633355124073384 41.13520948500468 58.355555298999434
71.23055992923396 -56.241519968173705 1.2578125 0.61083984 [71.23055992923396,-56.241519968173705] -2.783013015903573 2.2245903992536156 0.0003072136221579137 2.5397983141790164e-05 [-5262.319335938,1131.158691406] 29.089659816600786 29.8119663834454 7.391909685497411 21.879999940892617 63.02613340410721
78.25690456349766 -58.21151350522118 1.234375 0.38269043 [78.25690456349766,-58.21151350522118] 49.87543074669228 1.3740564153821888 0.0005035553312910799 2.5713456830387696e-05 [1666.658691406,4496.717285156] 38.8007557309149 37.81538056894397 8.406143455074096 70.25217938552976 41.183950784891294
73.11162587472859 -56.39330677539693 1.3046875 1.0732422 [73.11162587472859,-56.39330677539693] 6.288435952507049 0.45843929470651634 0.001049595579204849 1.7881853465975705e-05 [-3372.801757812,1286.678710938] 30.70174071785533 33.53831146410764 7.441330464228753 34.52812602032304 63.31284616119183
75.22193915271276 -57.9213714822706 1.2109375 0.1000061 [75.22193915271276,-57.9213714822706] 26.899206717202762 2.402752268994204 0.00023512077045556725 2.099465272851821e-05 [-1220.659179688,3965.053466797] 34.582176283949984 32.520652156336816 8.34620999927588 50.719392815296715 42.761628517252575
75.23073552351573 -57.918666889332385 1.25 0.46557617 [75.23073552351573,-57.918666889332385] 23.63710903892447 2.80623170131542 0.00020099734599860085 2.0961509418202393e-05 [-1212.34375,3960.03515625] 34.74680920098506 32.55998959267341 8.393307717191668 50.770551862382035 42.811562174563505
75.22929397310583 -57.91632463098781 1.25 0.46557617 [75.22929397310583,-57.91632463098781] 21.894030393251583 2.768610015459552 0.0002035933520895408 2.094759080563263e-05 [-1213.80078125,3955.848144531] 34.74680920098506 32.55998959267341 8.393307717191668 50.7576508657919 42.84499810872103
72.35564418558835 -57.856933606291236 1.2890625 0.8798828 [72.35564418558835,-57.856933606291236] 21.601310546110888 2.311323362569862 0.000253225725166629 2.1750900203074583e-05 [-3964.4375,3956.450195312] 31.07479694454208 32.25417057415683 7.452823127203421 32.54373831942962 40.07707509208012
71.51592282549726 -57.86812593153062 1.2734375 0.7258301 [71.51592282549726,-57.86812593153062] 22.193696271374197 1.8183316651597576 0.0003719464498071603 2.5134035416063308e-05 [-4764.568359375,4029.408691406] 30.29662669563319 32.108924968433996 7.384403916532432 27.302274828205782 38.62251347589063
