data_processed/hvc_rms/hvc_rms_index_16.ecsv
# %ECSV 1.0
# ---
# datatype:
# - {name: ra_dec_obj.ra, unit: deg, datatype: float64}
# - {name: ra_dec_obj.dec, unit: deg, datatype: float64}
# - {name: 'H-alpha flux [Error]', unit: R, datatype: float32}
# - {name: H-alpha flux, unit: R, datatype: float32}
# - {name: ra_dec_deg, datatype: string, subtype: 'float64[2]'}
# - {name: RM, unit: rad / m2, datatype: float64}
# - {name: RM_uncert, unit: rad / m2, datatype: float64}
# - {name: pol_int, datatype: float64}
# - {name: pol_int_uncert, datatype: float64}
# - {name: ra_dec_pix_offsets, datatype: string, subtype: 'float64[2]'}
# - {name: interpolation_raw, unit: rad / m2, datatype: float64}
# - {name: interpolation_cor, unit: rad / m2, datatype: float64}
# - {name: interpolation_unc, unit: rad / m2, datatype: float64}
# - {name: pixel location x, datatype: float64}
# - {name: pixel location y, datatype: float64}
# meta: !!omap
# - __serialized_columns__:
#     ra_dec_obj:
#       __class__: astropy.coordinates.sky_coordinate.SkyCoord
#       dec: !astropy.table.SerializedColumn
#         __class__: astropy.coordinates.angles.Latitude
#         unit: &id001 !astropy.units.Unit {unit: deg}
#         value: !astropy.table.SerializedColumn {name: ra_dec_obj.dec}
#       frame: icrs
#       ra: !astropy.table.SerializedColumn
#         __class__: astropy.coordinates.angles.Longitude
#         unit: *id001
#         value: !astropy.table.SerializedColumn {name: ra_dec_obj.ra}
#         wrap_angle: !astropy.coordinates.Angle
#           unit: *id001
#           value: 360.0
#       representation_type: spherical
# schema: astropy-2.0
ra_dec_obj.ra ra_dec_obj.dec "H-alpha flux [Error]" "H-alpha flux" ra_dec_deg RM RM_uncert pol_int pol_int_uncert ra_dec_pix_offsets interpolation_raw interpolation_cor interpolation_unc "pixel location x" "pixel location y"
[from data line 1384]
66.8665389942054 -69.94731128907812 1.3515625 1.5424805 [66.8665389942054,-69.94731128907812] 25.215029739787646 0.8426270209406638 0.0005823684256493432 1.8236517412636834e-05 [2811.713623047,956.5122070312] 30.64678980839499 29.48232495173501 7.092920356116534 66.93603587193752 54.166093426781345
65.7919848357458 -69.59539024545994 1.3359375 1.3291016 [65.7919848357458,-69.59539024545994] 37.5913006560374 1.4642095459479652 0.00032780385816616047 1.783717190709294e-05 [2186.274414062,280.5341796875] 33.472318745831544 31.084494250031142 7.332458466377466 61.09748735216067 56.57039800147504
63.66482200984761 -70.91090389727914 1.34375 1.421875 [63.66482200984761,-70.91090389727914] 40.85760023069694 1.6018561004144092 0.00030336766961930366 1.8059324351038423e-05 [799.8251953125,2594.801757812] 25.490203658301194 22.316277145032 6.4562853101836595 60.710189011226475 33.77416566174361
63.6684762842763 -70.91269680602464 1.34375 1.421875 [63.6684762842763,-70.91269680602464] 29.99770882904046 1.54340788734888 0.00031366798868431476 1.799117871413946e-05 [801.9033203125,2598.074951172] 25.490203658301194 22.316277145032 6.4562853101836595 60.733162432231666 33.75912206649241
63.89419949684461 -67.61074811286842 1.296875 0.9460449 [63.89419949684461,-67.61074811286842] 32.86557696419662 0.9094343473450853 0.0005749731606563306 1.9432453103689673e-05 [1088.59375,-3339.374023438] 34.619648738028836 33.016055698162205 7.485814579767816 43.150103807392725 79.26290028631342
63.88655856205719 -67.61367801020361 1.3125 1.1005859 [63.88655856205719,-67.61367801020361] 22.947558603368464 3.088558251578911 0.00016976591546455288 1.9485654582144463e-05 [1083.22265625,-3334.240234375] 34.37609182449401 32.929441319369765 7.463639842951094 43.13447593221417 79.2020385663559
68.79062647883397 -70.98455052937834 1.3203125 1.1860352 [68.79062647883397,-70.98455052937834] 13.646009915981875 1.815959576400773 0.0003096270017475095 2.0895545209986122e-05 [3795.014160156,2919.693603516] 26.934297912745908 26.954609376582965 7.515254755001987 79.09320121586461 43.95204482252234
68.78837585801176 -70.98801420054737 1.3203125 1.1860352 [68.78837585801176,-70.98801420054737] 16.071716263985998 1.5839231825960005 0.0003552504721059437 2.0911129048382058e-05 [3793.037353516,2925.751220703] 26.934297912745908 26.954609376582965 7.515254755001987 79.10181300992906 43.9003513036273
66.65831775725003 -68.79805004316678 1.3359375 1.3227539 [66.65831775725003,-68.79805004316678] 52.32407580289696 0.8522528070995112 0.0005835987314382726 1.8483809450182628e-05 [2830.455566406,-1116.243652344] 37.97041692325903 35.098056907157485 7.291508018787994 60.3830739948628 69.54240441154525
59.695914590629485 -71.53893277178908 1.2890625 0.89331055 [59.695914590629485,-71.53893277178908] 39.82899626470264 0.6035778916797713 0.0009564435247950761 2.1453658250582164e-05 [-1487.166992188,3747.630859375] 22.79194738676897 22.37898105583715 6.9403108910388775 51.541173989423896 15.410049221634381
58.82267448543576 -69.40684508536063 1.3515625 1.5410156 [58.82267448543576,-69.40684508536063] 44.38614937815531 0.28186530663502807 0.0016750775155638974 1.7546287310046073e-05 [-2204.051757812,-58.2705078125] 28.544505247165052 32.614890542648155 8.305299726192677 34.511646225127606 40.538879745793565
58.86066820392917 -69.38279710877993 1.359375 1.6025391 [58.86066820392917,-69.38279710877993] 45.346636952900354 0.9599162907906628 0.0004915761334891116 1.753609358984959e-05 [-2182.477539062,-102.8500976562] 28.715722442009888 32.61531559119483 8.297986493547102 34.48804120428508 40.9695895837001
67.38626846024815 -69.71662150859974 1.3671875 1.6650391 [67.38626846024815,-69.71662150859974] 72.79595904868263 1.9224037976642994 0.0002642892305491477 1.8881338813450604e-05 [3165.85546875,567.947265625] 31.997628319580855 31.188309273864885 7.668306565619364 67.73907368299251 58.460472497068395
67.381988672261 -69.71704866333963 1.3671875 1.6650391 [67.381988672261,-69.71704866333963] 70.33853466719954 2.6091700747414026 0.00019538215242989934 1.8945059854436554e-05 [3163.131591797,568.4921875] 31.997628319580855 31.188309273864885 7.668306565619364 67.72494524035415 58.44539542488519
56.06713551742716 -71.75881195496247 1.25 0.5114746 [56.06713551742716,-71.75881195496247] 18.71016534768423 0.8307060430670336 0.0008356589270315394 2.5797946032810294e-05 [-3508.180664062,4290.509643555] 25.385689934755142 26.99054880483108 6.613361798395422 41.96145709879863 2.3257308649115203
62.79602435999689 -67.8937073251397 1.3046875 1.0366211 [62.79602435999689,-67.8937073251397] 28.73501943688579 0.2071140553175671 0.0023979301570725914 1.8456731952170807e-05 [331.7861328125,-2843.060546875] 32.88382924814029 33.82390693787311 6.901992967250851 40.256123594130486 72.3970837365523
62.80799136066059 -67.89139567520901 1.3046875 1.0366211 [62.80799136066059,-67.89139567520901] 30.742396108504824 0.7367560592569841 0.0006718692873081849 1.839573769703822e-05 [339.92578125,-2847.154296875] 32.88382924814029 33.82390693787311 6.901992967250851 40.29099944216841 72.46167805056848
57.255806035527655 -68.15748597223788 1.3125 1.0922852 [57.255806035527655,-68.15748597223788] 27.389992211401484 1.981103570829444 0.00026843934639972264 1.9763418022861704e-05 [-3377.875976562,-2230.136230469] 31.921459026048634 32.216168066923665 9.591326301494014 20.54421651656139 52.03551547459642
59.877391404728435 -70.94712827626654 1.296875 0.98876953 [59.877391404728435,-70.94712827626654] 32.16431554976603 2.102517794970638 0.00023245376655543374 1.8162890764676643e-05 [-1426.599121094,2679.483398438] 24.771023762326347 25.98749425246445 6.359216230414637 48.21504815340427 23.51618111816333
69.03324120321197 -68.52640543484671 1.3046875 1.0517578 [69.03324120321197,-68.52640543484671] 28.862990834233447 1.076060472016443 0.000534744701820988 2.138414407587755e-05 [4422.498291016,-1462.497558594] 37.99795792907997 41.35605711239856 8.358440152952408 68.65146186669858 78.45018875836536
69.02832044864037 -68.52806846919758 1.3046875 1.0517578 [69.02832044864037,-68.52806846919758] 31.310295805468584 2.8014728360587053 0.00020537415730541688 2.1381635089900524e-05 [4418.952148438,-1459.877929688] 37.99795792907997 41.35605711239856 8.358440152952408 68.63875553265996 78.41684202371016
62.26798216765727 -67.8339234363373 1.3125 1.1586914 [62.26798216765727,-67.8339234363373] -152.1891751407838 2.645103749115862 0.00018512006215078128 1.819721396723593e-05 [-25.9677734375,-2951.940429688] 32.69846750244587 33.12382089984894 6.785389646231517 37.81168035685255 71.75962737398413
67.21681980577142 -67.04909499231978 1.3046875 1.0336914 [67.21681980577142,-67.04909499231978] 55.62751712597929 0.7270295870417425 0.000927448735361416 2.5058247918936295e-05 [3442.483154297,-4225.581054688] 39.862921232561554 38.20538486020334 7.926775765010056 54.34653936074335 95.32784507396059
66.47187043327975 -67.42233255125255 1.296875 0.9682617 [66.47187043327975,-67.42233255125255] 50.46438202474484 2.093951083002602 0.00028089484042287817 2.185843160343795e-05 [2876.263671875,-3594.53125] 37.07215183350047 36.95994493575907 7.75076423196383 52.91601051134944 88.32877676574867
60.08333271406402 -67.83547236900299 1.3125 1.1435547 [60.08333271406402,-67.83547236900299] 20.18599773217223 2.546811273428508 0.00019420817266534363 1.8381162254920134e-05 [-1509.141601562,-2921.706054688] 27.815868232408686 32.09614332805249 7.415681604409152 29.213346511007217 65.36023700369446
59.39022448392771 -69.72738650217156 1.3359375 1.3979492 [59.39022448392771,-69.72738650217156] 41.89617507627897 1.9601267630757797 0.0002427950988709986 1.768612855033234e-05 [-1817.771484375,499.2543945312] 28.922390747236296 32.77560600160571 8.06044160514027 38.600808828225354 38.02038807564736
68.24747452705255 -68.05234541052572 1.3203125 1.1958008 [68.24747452705255,-68.05234541052572] 41.7384729500243 2.1022352819196297 0.0002761685022437244 2.15756639104439e-05 [3989.935058594,-2365.118652344] 36.18137146468963 40.15160685175781 7.157536726254723 63.291157100027476 83.45964463756991
68.2414323202997 -68.06958759706144 1.3203125 1.2094727 [68.2414323202997,-68.06958759706144] 41.81001290166512 1.1629308678452508 0.0004994448305214394 2.1584904113071534e-05 [3982.915771484,-2334.630371094] 35.776476284685046 39.96334560943864 7.155073306748719 63.34417804164491 83.20448557456189
57.7941365835793 -68.0361250448241 1.3671875 1.640625 [57.7941365835793,-68.0361250448241] -14.997972675436653 1.2158722510621591 0.0004442647033908092 2.00742098715978e-05 [-3034.561523438,-2476.084960938] 31.137135895103647 32.25595437522828 10.211404301547505 21.741195539901696 55.42470536383075
69.73329932310214 -67.36520388173965 1.2734375 0.70410156 [69.73329932310214,-67.36520388173965] -1.0707951986732127 0.045834232716010136 0.01619657352657009 2.758810152506091e-05 [5130.632202148,-3483.452148438] 45.45127369740685 45.712988198484794 8.525755562096034 66.62257178437676 96.24346853478892
67.66212447726032 -71.21654516489453 1.375 1.7641602 [67.66212447726032,-71.21654516489453] 55.16965035758235 3.1043022409947234 0.0001763545406698621 2.0345077459537444e-05 [3099.840087891,3271.587158203] 25.623411815566033 24.295159519494035 6.787974331815541 76.24205993899704 38.54758293448276
56.068820596085594 -69.62835696105667 1.25 0.4892578 [56.068820596085594,-69.62835696105667] 29.969406912050868 1.9810866663715037 0.0002637727059593076 1.9419678369210602e-05 [-3900.522460938,476.7553710938] 29.213044150645793 31.938910127895245 7.508623360501065 26.534299606524996 28.997538588534553
61.91598494912187 -67.01097113819931 1.2578125 0.5761719 [61.91598494912187,-67.01097113819931] 33.07536421878642 2.6697481326960824 0.00026223511084184665 2.60177558418654e-05 [-274.3671875,-4431.418945312] 31.36523350150141 32.97866441129254 8.385159273858271 31.714724447529875 82.13518494921573
66.19671649988103 -69.92763524311084 1.375 1.7290039 [66.19671649988103,-69.92763524311084] 21.46356190004975 2.2222140781987236 0.00021338022007945625 1.7621738675080466e-05 [2401.686523438,892.6518554688] 31.0252110051739 28.833579378735564 7.438053511104133 64.34215030532596 52.94976311561322
67.38728330653488 -67.08039835542162 1.296875 1.0004883 [67.38728330653488,-67.08039835542162] 37.343659280745946 1.6010211530548983 0.000408603328956139 2.4311271516281367e-05 [3557.08203125,-4159.720703125] 40.12545524211099 38.52495308322913 7.851460175248752 55.22669990235295 95.27295187324603
70.31941985700068 -70.81213380353145 1.34375 1.4301758 [70.31941985700068,-70.81213380353145] -10.768052918002292 0.5751111370159658 0.0011426533229515021 2.4421648034714376e-05 [4725.307373047,2718.046142578] 30.370428552178403 31.196799264214196 9.016426159346604 83.82622504716574 49.19849545669899
63.63206494082397 -71.37292477053725 1.34375 1.4033203 [63.63206494082397,-71.37292477053725] 29.623242764129255 1.2340809931379983 0.0004242333597490808 1.9456162420936707e-05 [762.3579101562,3425.465576172] 22.760035274120316 20.659325941638752 6.514471306777744 63.302183274122854 27.56666269355742
63.64740727722689 -71.38312525896167 1.34375 1.4033203 [63.64740727722689,-71.38312525896167] 35.77451719635636 2.7756807364033453 0.00018893739565887372 1.9489295441494585e-05 [770.76953125,3444.00390625] 22.760035274120316 20.659325941638752 6.514471306777744 63.41341904973092 27.468199930783612
57.35608632140936 -68.2140807632485 1.3203125 1.2041016 [57.35608632140936,-68.2140807632485] 30.345818530049456 1.0354859037045088 0.0005075659490041786 1.953193962830578e-05 [-3302.810546875,-2134.10546875] 32.53218156515457 32.991171183308026 9.625613551419047 21.294727920627224 51.61926692066345
61.58430462988554 -71.1509704807859 1.34375 1.418457 [61.58430462988554,-71.1509704807859] 33.332767215075584 0.5523538492527238 0.0009063408366132526 1.860448430135115e-05 [-419.6645507812,3020.388427734] 26.619716442283174 23.774811896122383 6.197585597997905 55.14559709709556 25.414881260966013
64.11989607221267 -67.71725442553812 1.25 0.49023438 [64.11989607221267,-67.71725442553812] 25.92272123389361 0.40021321405176624 0.001272530579183199 1.8926414813054296e-05 [1237.658691406,-3143.543945312] 34.86799312118226 32.94961795879456 7.299817299273953 44.63957625720195 78.37234251315681
64.09770238126984 -67.71509568634356 1.25 0.49023438 [64.09770238126984,-67.71509568634356] 25.148249286329914 1.328992571896482 0.0003867054242365691 1.9099039222128578e-05 [1222.630859375,-3147.872070312] 34.86799312118226 32.94961795879456 7.299817299273953 44.5375516331477 78.34460939608448
64.08817283671459 -71.4805069087902 1.34375 1.4023438 [64.08817283671459,-71.4805069087902] 31.922597051040974 0.645318909237374 0.000850762518565971 2.0402878459790176e-05 [1018.7890625,3625.571289062] 22.06202785470329 19.86686556385549 6.800661513572796 65.45352469770387 27.21497216433613
66.88745125045453 -68.0289765813477 1.28125 0.7763672 [66.88745125045453,-68.0289765813477] 54.82900442671649 2.4804638173190376 0.00021510196210258032 1.982832238601044e-05 [3081.945556641,-2485.603515625] 34.05622400197941 36.115340391288 7.5924663331755315 57.55905406495151 80.77909759512636
67.78392807824319 -67.13708507997353 1.3046875 1.0288086 [67.78392807824319,-67.13708507997353] 49.622843279009174 1.6478552559738235 0.00039508861817956665 2.4194813750907454e-05 [3824.976074219,-4034.220703125] 41.086237891286366 39.75630200510312 7.488746673456885 57.197962606933515 95.36064205705293
60.72077533770869 -69.03889476285873 1.296875 0.967041 [60.72077533770869,-69.03889476285873] -67.39569139612554 1.5481200058261637 0.0003091616291128487 1.7786844701021947e-05 [-1020.71875,-770.1450195312] 31.912121076612298 33.456776994593106 8.203344533667495 39.01901816445559 51.00937398120527
60.71667839747932 -69.04016874655684 1.296875 0.967041 [60.71667839747932,-69.04016874655684] -68.09667470773357 2.761783882511649 0.00017299822735150776 1.7755791926527043e-05 [-1023.296386719,-767.7841796875] 31.912121076612298 33.456776994593106 8.203344533667495 39.0117673703229 50.98057027883556
60.16366223433633 -71.17427058917426 1.234375 0.33312988 [60.16366223433633,-71.17427058917426] 31.8678412032046 0.8341017361244627 0.0006099972269101547 1.890843517601864e-05 [-1244.0546875,3081.642333984] 24.4829959551037 23.994020203937854 6.297937196264565 50.63570589711537 21.36163538929509
60.17927557972523 -71.17375188838183 1.234375 0.33312988 [60.17927557972523,-71.17375188838183] 28.753482099792304 0.9562382172121444 0.0005291666880283846 1.880473842544655e-05 [-1235.024902344,3080.393066406] 24.4829959551037 23.994020203937854 6.297937196264565 50.68305666591675 21.41051617373887
60.14392109821607 -71.17248534676148 1.234375 0.33312988 [60.14392109821607,-71.17248534676148] 30.326439061464527 2.3954219902359855 0.0002115406872818417 1.8831488366164037e-05 [-1255.627929688,3078.8359375] 24.4829959551037 23.994020203937854 6.297937196264565 50.559910668500834 21.33132795295387
63.53642653820892 -69.76575473061361 1.328125 1.2890625 [63.53642653820892,-69.76575473061361] 42.61228678980654 2.061716224513404 0.0002261146770479853 1.7324724812222325e-05 [765.8857421875,532.6225585938] 33.66476738734432 29.6932091985424 7.795928534824574 53.66093200491514 48.80639933479529
63.42030357286262 -70.32878866477377 1.2734375 0.76782227 [63.42030357286262,-70.32878866477377] 37.434376065759544 0.9556664957956097 0.0004911243668068826 1.7442412203669737e-05 [675.111328125,1544.477539062] 31.233681052164293 26.623618432820827 7.4450630160506295 56.478454307456445 40.9458938876694
63.97944252923555 -70.38182065591634 1.3203125 1.2319336 [63.97944252923555,-70.38182065591634] 22.69703107667237 1.0656635827621816 0.00044976577288529204 1.781210434179819e-05 [1011.180664062,1647.596679688] 31.350810117794182 25.848868275672785 7.4109609415339355 58.76368037599502 41.60813674464066
