data_processed/hvc_rms/hvc_rms_index_17.ecsv
# %ECSV 1.0
# ---
# datatype:
# - {name: ra_dec_obj.ra, unit: deg, datatype: float64}
# - {name: ra_dec_obj.dec, unit: deg, datatype: float64}
# - {name: 'H-alpha flux [Error]', unit: R, datatype: float32}
# - {name: H-alpha flux, unit: R, datatype: float32}
# - {name: ra_dec_deg, datatype: string, subtype: 'float64[2]'}
# - {name: RM, unit: rad / m2, datatype: float64}
# - {name: RM_uncert, unit: rad / m2, datatype: float64}
# - {name: pol_int, datatype: float64}
# - {name: pol_int_uncert, datatype: float64}
# - {name: ra_dec_pix_offsets, datatype: string, subtype: 'float64[2]'}
# - {name: interpolation_raw, unit: rad / m2, datatype: float64}
# - {name: interpolation_cor, unit: rad / m2, datatype: float64}
# - {name: interpolation_unc, unit: rad / m2, datatype: float64}
# - {name: interpolation_cor_unc, unit: rad / m2, datatype: float64}
# - {name: HI, unit: dex(1 / cm2), datatype: float64}
# - {name: 'HI [Error]', unit: dex(1 / cm2), datatype: float64}
# - {name: pixel location x, datatype: float64}
# - {name: pixel location y, datatype: float64}
# meta: !!omap
# - __serialized_columns__:
#     ra_dec_obj:
#       __class__: astropy.coordinates.sky_coordinate.SkyCoord
#       dec: !astropy.table.SerializedColumn
#         __class__: astropy.coordinates.angles.Latitude
#         unit: &id001 !astropy.units.Unit {unit: deg}
#         value: !astropy.table.SerializedColumn {name: ra_dec_obj.dec}
#       frame: icrs
#       ra: !astropy.table.SerializedColumn
#         __class__: astropy.coordinates.angles.Longitude
#         unit: *id001
#         value: !astropy.table.SerializedColumn {name: ra_dec_obj.ra}
#         wrap_angle: !astropy.coordinates.Angle
#           unit: *id001
#           value: 360.0
#       representation_type: spherical
# schema: astropy-2.0
ra_dec_obj.ra ra_dec_obj.dec "H-alpha flux [Error]" "H-alpha flux" ra_dec_deg RM RM_uncert pol_int pol_int_uncert ra_dec_pix_offsets interpolation_raw interpolation_cor interpolation_unc interpolation_cor_unc HI "HI [Error]" "pixel location x" "pixel location y"
[from data line 436]
146.08169548357773 -65.31349934076101 3.140625 19.328125 [146.08169548357773,-65.31349934076101] -34.97610499063215 2.4866263901224155 0.0002939099400035451 2.716023452547467e-05 [5046.4765625,1007.241699219] 36.17401480699655 45.758818901871564 18.24031183324236 26.548226927442208 0.0 0.0 55.68827135998458 44.302002863860025
145.83773788356848 -66.41019439264919 2.890625 16.875 [145.83773788356848,-66.41019439264919] -37.4133569506098 0.9220639092119292 0.0006958047069831588 2.3842790842116877e-05 [4660.900634766,2951.451416016] 29.50321444189457 31.97932784656161 20.093068210956773 22.0687512148479 0.0 0.0 45.002434433284975 36.416300479313804
145.8374024611373 -66.40444947263083 2.890625 16.875 [145.8374024611373,-66.40444947263083] -42.7221591734951 2.1722925124546393 0.00029417347504564155 2.37481902375613e-05 [4661.73046875,2941.144287109] 29.50321444189457 31.97932784656161 20.093068210956773 22.0687512148479 0.0 0.0 45.05307936960253 36.46383474463573
144.88304150064812 -67.05855557222051 2.71875 15.15625 [144.88304150064812,-67.05855557222051] -48.700533605547136 0.5155748171644327 0.0012554610018317076 2.405490391223494e-05 [3873.696044922,4048.226318359] 29.016534170484043 19.719660222533946 18.29044881116067 14.018794464163427 18.616701126098633 9.308350563049316 36.18812601904938 34.564915153366655
144.86831672299007 -67.05671691960637 2.71875 15.15625 [144.86831672299007,-67.05671691960637] -54.12930505777432 0.6912419327062936 0.0009410980338324259 2.4175398692639556e-05 [3863.705566406,4044.031738281] 29.016534170484043 19.719660222533946 18.29044881116067 14.018794464163427 18.616701126098633 9.308350563049316 36.158074152030736 34.63189171012368
144.88868721284945 -67.06124108878731 2.71875 15.15625 [144.88868721284945,-67.06124108878731] -55.659773319266506 1.2644602443613846 0.0005172814538705172 2.4307527759351872e-05 [3877.209472656,4053.383789062] 29.016534170484043 19.719660222533946 18.29044881116067 14.018794464163427 18.616701126098633 9.308350563049316 36.18206586643089 34.5229493097188
142.00227337763434 -66.25709533542478 2.625 14.2890625 [142.00227337763434,-66.25709533542478] -45.745086879536125 1.7332210988968124 0.00027159419866417143 1.749375981073617e-05 [1919.020019531,2477.098876953] 34.9726368221193 25.357996022813506 22.70230428591572 14.040896275613923 0.0 0.0 33.73546871458473 51.42329362855094
139.2024844179716 -66.15758520691148 2.421875 12.2421875 [139.2024844179716,-66.15758520691148] 26.8630163924507 0.9702647913227023 0.0004548358828611549 1.6400371847285767e-05 [-109.8520507812,2258.024169922] 33.97859290159229 22.950191226107442 17.75171585737414 13.257621380603466 0.0 0.0 24.83671527124693 61.92209101542835
143.29991139818176 -66.41863248139755 2.59375 13.8984375 [143.29991139818176,-66.41863248139755] -51.13966403491601 0.06890926941305468 0.007309584515223218 1.8718844671065523e-05 [2839.571289062,2816.171875] 30.513866193882613 22.83933378581078 20.81338752457015 15.856376421345711 0.0 0.0 36.69655496005305 45.48131960673368
143.3207089891698 -66.42575838537019 2.59375 13.8984375 [143.3207089891698,-66.42575838537019] -47.16989023053791 0.2196171023908427 0.002293535429998008 1.8718899549774522e-05 [2853.698730469,2829.904052734] 30.513866193882613 22.83933378581078 20.81338752457015 15.856376421345711 0.0 0.0 36.70343376112794 45.34769986808851
144.2298583899874 -66.70995328346292 2.6875 14.855469 [144.2298583899874,-66.70995328346292] -60.68550041900446 0.993217058495986 0.0005457275410633685 2.0143212988324863e-05 [3466.341796875,3385.382568359] 30.272782309838032 21.98381630159076 19.58660090558976 15.149809163388188 0.0 0.0 37.18738429345217 39.752414500854684
139.24482733259393 -67.38264466994102 2.4375 12.4296875 [139.24482733259393,-67.38264466994102] -37.59516954124795 0.7578474817046441 0.0008426212126862105 2.373137505813221e-05 [-75.15283203125,4461.852050781] 33.9738043048076 24.57152593378329 19.694232604192536 15.304532541028566 0.0 0.0 14.986513439965165 50.7564582231505
139.27307101804442 -67.3773041028608 2.453125 12.496094 [139.27307101804442,-67.3773041028608] -36.66650169312759 1.7081104583145823 0.00036884482682331935 2.3413608468474327e-05 [-55.6142578125,4452.218383789] 33.0340146771207 24.383078206852623 19.548336894361626 15.276488488070239 0.0 0.0 15.125717530110705 50.71393928427324
139.25987244211595 -67.37938690166918 2.453125 12.496094 [139.25987244211595,-67.37938690166918] -34.99313183516579 1.4895191690197636 0.00042379962622641115 2.345931728819116e-05 [-64.7470703125,4455.97668457] 33.0340146771207 24.383078206852623 19.548336894361626 15.276488488070239 0.0 0.0 15.064030909812118 50.73754504784415
143.52162157387863 -66.91842652648775 2.515625 13.21875 [143.52162157387863,-66.91842652648775] -26.74767997182597 2.9026659505116985 0.0001894153235456736 2.0432470088657993e-05 [2938.801269531,3723.620361328] 33.30123426791642 22.91516608584098 18.663093686691138 12.892355356622527 0.0 0.0 33.0738848516919 40.496380688729005
140.425643677917 -66.17083736150258 2.453125 12.5390625 [140.425643677917,-66.17083736150258] -16.034802427793245 1.2223552123217651 0.00037248556198790124 1.692059285427796e-05 [779.666015625,2288.328369141] 36.396437055821366 25.710740266645658 21.44226261789422 13.237550826953614 0.0 0.0 29.033616960876657 57.640284901585574
140.4128877960488 -66.1785354117715 2.453125 12.5390625 [140.4128877960488,-66.1785354117715] -16.94231570079411 1.7215249657947918 0.00026321366215354 1.683954900580468e-05 [770.1572265625,2302.0234375] 36.396437055821366 25.710740266645658 21.44226261789422 13.237550826953614 0.0 0.0 28.924982062740355 57.616246684655835
136.29368582651952 -67.04619603774213 2.28125 10.792969 [136.29368582651952,-67.04619603774213] -21.778254805716166 2.052192969384113 0.0002638009371194524 2.011885370136813e-05 [-2146.844726562,3908.644042969] 34.73456684359563 27.230596258853247 16.184013327157388 15.567286901114842 0.0 0.0 7.394370291676978 63.183006436018786
141.14147962097923 -67.0539473870172 2.40625 12.050781 [141.14147962097923,-67.0539473870172] -42.08181019036685 1.134404806172284 0.00047083145086391565 1.98491642907123e-05 [1254.583007812,3888.315673828] 35.1780903384796 24.696538978041243 21.639434271220324 13.904565913767977 0.0 0.0 24.08753158386719 47.45851069441278
141.17604093747624 -67.05326845391927 2.40625 12.050781 [141.17604093747624,-67.05326845391927] -45.00299482794739 0.7420244151199523 0.000714963342999057 1.9715630672041555e-05 [1278.860351562,3887.786376953] 35.1780903384796 24.696538978041243 21.639434271220324 13.904565913767977 0.0 0.0 24.208620417761153 47.34871844924692
141.62217735177387 -66.40096288050091 2.578125 13.7109375 [141.62217735177387,-66.40096288050091] -47.03864463228773 3.148773456966936 0.00014919788226877928 1.7458735189677496e-05 [1634.419921875,2725.115966797] 33.39776736070023 22.01738382828629 21.97654880498974 13.11440640105506 0.0 0.0 31.220034905370653 51.5051145359937
145.2840425324884 -66.50957493352725 2.75 15.4921875 [145.2840425324884,-66.50957493352725] -47.34245179266767 1.2570229813093639 0.0004637190305945015 2.1662413429693373e-05 [4247.452636719,3090.429443359] 30.6925029372625 30.203965849138207 19.66583908593203 19.54801360641433 0.0 0.0 42.34781512835286 37.625862465722776
143.94219963906556 -64.4729996171035 2.921875 17.257812 [143.94219963906556,-64.4729996171035] -1.9041468892590414 1.3203224946134617 0.00036336553700480715 1.7829224784046084e-05 [3555.549804688,-645.2436523438] 36.629258662828214 43.23841770212488 20.407294448163423 25.73263745272771 0.0 0.0 55.90942556601635 59.33746144021438
143.93743911616244 -64.48208623337842 2.921875 17.257812 [143.93743911616244,-64.48208623337842] -4.42823923172739 0.9537346916495624 0.0005000428481871905 1.7723255711929522e-05 [3550.689697266,-629.1982421875] 36.629258662828214 43.23841770212488 20.407294448163423 25.73263745272771 0.0 0.0 55.81270588278744 59.280692431845864
139.90861518986372 -66.08909602646702 2.5 13.0625 [139.90861518986372,-66.08909602646702] -6.736469373435941 1.490368310980094 0.00029638652919700126 1.6415751605482612e-05 [405.0122070312,2136.40625] 33.25184982064582 23.742629468309158 19.886903834017794 13.183639522132856 0.0 0.0 27.898556703252552 60.13486032326182
140.11111455794074 -66.19650265395978 2.65625 14.625 [140.11111455794074,-66.19650265395978] 0.9992441221953168 2.5880418952023474 0.0001717052752722747 1.6514432099060307e-05 [550.4057617188,2331.208496094] 33.87472832800563 23.136911328159222 20.47646081850841 13.143615273118657 0.0 0.0 27.720919767307237 58.490673158110894
139.3730318879866 -66.9313430130653 2.328125 11.21875 [139.3730318879866,-66.9313430130653] -36.354339426781365 2.640425450477289 0.0001873823614599751 1.8387018842146073e-05 [13.83251953125,3650.074951172] 35.02773871479516 21.253645206889114 19.679055196857718 13.510708520052418 0.0 0.0 19.10800633443546 54.40530923238339
139.7518007194544 -66.81943516390457 2.453125 12.5625 [139.7518007194544,-66.81943516390457] -48.275627457593096 1.4453390262622217 0.00033004307272270126 1.772756369058591e-05 [282.259765625,3449.640625] 32.06074331152846 20.028991631462716 19.67489346780898 12.748887905007127 0.0 0.0 21.328849617937976 54.15977043749126
140.99809288017278 -67.24474339132874 2.453125 12.558594 [140.99809288017278,-67.24474339132874] -43.71778307565461 0.6592878853859847 0.0008918269220057468 2.1850650831477747e-05 [1144.930175781,4228.639648438] 31.0760473128377 21.570596943018774 19.664348147129235 13.198027159395027 0.0 0.0 22.00859776757011 46.26379064608818
143.74238585460782 -65.12602227767883 2.875 16.820312 [143.74238585460782,-65.12602227767883] 9.849622648064974 1.6613573507335795 0.00029838600772745224 1.8422569955819202e-05 [3319.667480469,516.3842773438] 32.377173557273125 45.37660311670638 18.67532514094555 23.48827143381218 0.0 0.0 49.47636756799204 54.68473530018514
142.08660877560686 -67.36013795617404 2.546875 13.511719 [142.08660877560686,-67.36013795617404] -35.71157667646393 2.3864769994079094 0.0002819483599268936 2.5005499189830743e-05 [1893.093261719,4462.166870117] 26.64880313603717 16.099614749478704 18.16151783819438 11.73788595699195 0.0 0.0 24.611862405900297 41.63184965568598
139.75526421943005 -66.87696073598296 2.40625 12.09375 [139.75526421943005,-66.87696073598296] -38.67365008327486 1.1231339772417663 0.0004329932708388225 1.8072632437970574e-05 [284.0483398438,3553.140380859] 32.1049046154915 19.837626588980825 19.649058663744857 12.789990626515847 0.0 0.0 20.867389844618856 53.63448916711195
144.28598012354772 -65.76222980414131 2.875 16.742188 [144.28598012354772,-65.76222980414131] -7.36928969324098 1.030375167697977 0.0004896070877608452 1.8747863503408166e-05 [3640.339599609,1688.285644531] 32.574055988662224 35.18286723012586 17.9338741809398 20.275900631195814 0.0 0.0 45.723676412364284 47.39707016476996
145.98249811993693 -64.76700583182127 3.328125 21.273438 [145.98249811993693,-64.76700583182127] -17.29789890886184 2.9096378640639187 0.0002474664146564688 2.675863213302321e-05 [5075.338378906,21.1044921875] 33.40511012024942 45.58550487710065 19.920981974340563 26.896225065794823 0.0 0.0 60.30123215944002 49.04865806506655
139.93225089505654 -67.1947936832679 2.265625 10.582031 [139.93225089505654,-67.1947936832679] -34.44387094811259 2.413206915103918 0.00023388575322145372 2.097524453008894e-05 [403.8422851562,4125.785400391] 31.08008906076809 20.416623378770957 19.896725461918223 13.720000430778729 0.0 0.0 18.85238091794588 50.214946021782
143.80099470941306 -64.42845145501308 2.984375 17.820312 [143.80099470941306,-64.42845145501308] -16.272424131436235 3.045804009252757 0.00015750492854483593 1.7828089480753678e-05 [3451.967773438,-733.0419921875] 36.9605928191585 43.679753523890184 20.2880693067632 25.525152971522623 0.0 0.0 55.804111328683916 60.24842991857395
144.17005924449614 -66.29302980213464 2.671875 14.691406 [144.17005924449614,-66.29302980213464] -20.704433855981854 2.8948117046055315 0.0001781959578366857 1.9170210047861084e-05 [3481.706542969,2634.158203125] 31.0189132416785 27.859902520619244 20.73865484807226 18.71053531084557 0.0 0.0 40.662230500313626 43.425816742314964
145.33099370876235 -66.33821866286725 2.734375 15.3984375 [145.33099370876235,-66.33821866286725] -40.26122384075325 1.2950830166438274 0.0004406554790571408 2.1208281822972353e-05 [4310.389892578,2786.651855469] 30.05311887889255 32.64851241386105 20.177688091997016 20.939891702001397 0.0 0.0 44.02963030230137 38.84972124614819
143.6681211276021 -66.83348085137003 2.5625 13.613281 [143.6681211276021,-66.83348085137003] -3.178984726947461 1.8839546962767173 0.00028648978317363273 2.0058030942201163e-05 [3052.475097656,3578.091308594] 32.04326580968899 22.289238695452063 18.98231790368134 13.725895360024325 0.0 0.0 34.2888940439675 40.69881552302468
