data_processed/hvc_rms/hvc_rms_index_24_with_B.ecsv
# %ECSV 1.0
# ---
# datatype:
# - {name: ra_dec_obj.ra, unit: deg, datatype: float64}
# - {name: ra_dec_obj.dec, unit: deg, datatype: float64}
# - {name: 'H-alpha flux [Error]', unit: R, datatype: float32}
# - {name: H-alpha flux, unit: R, datatype: float32}
# - {name: ra_dec_deg, datatype: string, subtype: 'float64[2]'}
# - {name: RM, unit: rad / m2, datatype: float64}
# - {name: RM_uncert, unit: rad / m2, datatype: float64}
# - {name: pol_int, datatype: float64}
# - {name: pol_int_uncert, datatype: float64}
# - {name: ra_dec_pix_offsets, datatype: string, subtype: 'float64[2]'}
# - {name: interpolation_raw, unit: rad / m2, datatype: float64}
# - {name: interpolation_cor, unit: rad / m2, datatype: float64}
# - {name: interpolation_unc, unit: rad / m2, datatype: float64}
# - {name: interpolation_cor_unc, unit: rad / m2, datatype: float64}
# - {name: HI, unit: dex(1 / cm2), datatype: float64}
# - {name: 'HI [Error]', unit: dex(1 / cm2), datatype: float64}
# - {name: pixel location x, datatype: float64}
# - {name: pixel location y, datatype: float64}
# - {name: 'B_virtual [raw]', unit: G, datatype: float64}
# - {name: 'B_virtual_unc [raw]', unit: G, datatype: float64}
# - {name: 'B_virtual [int]', unit: G, datatype: float64}
# - {name: 'B_virtual_unc [int]', unit: G, datatype: float64}
# meta: !!omap
# - __serialized_columns__:
#     ra_dec_obj:
#       __class__: astropy.coordinates.sky_coordinate.SkyCoord
#       dec: !astropy.table.SerializedColumn
#         __class__: astropy.coordinates.angles.Latitude
#         unit: &id001 !astropy.units.Unit {unit: deg}
#         value: !astropy.table.SerializedColumn {name: ra_dec_obj.dec}
#       frame: icrs
#       ra: !astropy.table.SerializedColumn
#         __class__: astropy.coordinates.angles.Longitude
#         unit: *id001
#         value: !astropy.table.SerializedColumn {name: ra_dec_obj.ra}
#         wrap_angle: !astropy.coordinates.Angle
#           unit: *id001
#           value: 360.0
#       representation_type: spherical
# schema: astropy-2.0
ra_dec_obj.ra ra_dec_obj.dec "H-alpha flux [Error]" "H-alpha flux" ra_dec_deg RM RM_uncert pol_int pol_int_uncert ra_dec_pix_offsets interpolation_raw interpolation_cor interpolation_unc interpolation_cor_unc HI "HI [Error]" "pixel location x" "pixel location y" "B_virtual [raw]" "B_virtual_unc [raw]" "B_virtual [int]" "B_virtual_unc [int]"
[from data line 680]
212.44366429997692 -33.735969491001725 1.421875 2.2392578 [212.44366429997692,-33.735969491001725] -50.511665672037054 2.813454897605715 0.0001600079654586757 1.6729781298049622e-05 [-2534.758789062,2044.903076172] -29.91647204081899 -30.803819868607498 6.935234629382889 7.495010557335155 0.0 0.0 37.36241455143522 53.30784483506659 -1.1996520785373207e-05 2.3852837315223942e-06 -4.891358564175605e-06 2.517050332068902e-06
216.8061829179731 -34.85062784814623 1.2109375 0.1000061 [216.8061829179731,-34.85062784814623] -40.01919143292958 0.7907911598248233 0.0008116952079361719 2.3854125010484737e-05 [3941.013916016,4079.637939453] -19.017225695683827 -16.64510139013781 7.035171427733066 6.532779990617766 0.0 0.0 9.145342912132719 14.187799636309137 -9.504558114478187e-06 2.086952225165943e-06 -4.987966940873282e-06 2.453471879290156e-06
213.29524219912864 -33.60729603501486 1.3515625 1.5415039 [213.29524219912864,-33.60729603501486] -32.98013687832615 2.8676544012153826 0.00014813488051725865 1.578675413741665e-05 [-1262.252929688,1798.129882812] -27.303002797807565 -29.317114692874654 6.959301058818143 7.905995659955052 0.0 0.0 35.9255591669139 43.80014954205262 -7.83278263152428e-06 2.069940166728485e-06 -1.3483193652826775e-06 2.447639163794318e-06
212.8254854155163 -32.49399194820339 1.34375 1.440918 [212.8254854155163,-32.49399194820339] -15.647150013636299 2.647307169196961 0.00016408034576659446 1.6142455634669783e-05 [-1991.385742188,-198.4350585938] -24.99903898970176 -23.785865027841673 6.659153930356998 7.093016982281725 0.0 0.0 50.0951145554443 43.61485361864061 -3.7161981865578505e-06 1.8431266033826484e-06 2.2210736666714123e-06 2.39697593961782e-06
216.51710508153843 -31.98601736174724 1.3125 1.15625 [216.51710508153843,-31.98601736174724] -18.8211052398823 2.91142866720545 0.00015980190533633812 1.7290072337409045e-05 [3632.290039062,-1084.427246094] -12.345812771647136 -12.264440344010783 6.554465911753253 7.618606587843091 0.0 0.0 41.838091226934694 1.999944623677493 -4.470012564621073e-06 1.8937353063653653e-06 -1.5378819853402187e-06 2.388732249583393e-06
214.20106518116893 -32.131957996057025 1.3125 1.1308594 [214.20106518116893,-32.131957996057025] -20.06329344794508 3.2926362912862066 0.00012934163572750706 1.5826716127325538e-05 [97.2373046875,-862.3564453125] -22.091707862120995 -22.27603138778808 7.059586437717861 7.497606986130762 0.0 0.0 49.226543376162 27.18793819706889 -4.765032268665802e-06 1.940765414525436e-06 4.817484309269781e-07 2.488089899888487e-06
213.43502792984293 -32.153896235330976 1.3046875 1.0092773 [213.43502792984293,-32.153896235330976] -15.532726843210508 2.794189022518947 0.0001521098878909873 1.5795083696466838e-05 [-1070.137695312,-819.3564453125] -27.898604305465454 -25.757973016301513 6.772828438337228 7.22249039043947 0.0 0.0 51.77317143394475 35.48207464800771 -3.689022683155253e-06 1.8543818609611307e-06 2.9368959433749933e-06 2.437274240599562e-06
211.94003266277025 -33.35649879286198 1.3984375 2.0078125 [211.94003266277025,-33.35649879286198] -32.564806898240846 2.893138371312952 0.00016000184561443777 1.720294895695452e-05 [-3302.678710938,1375.895019531] -28.00012093076292 -28.322961474184165 7.109915620281003 7.156935263120223 0.0 0.0 43.321547532214254 56.948578610822096 -7.734141759706025e-06 2.0655462195636822e-06 -1.0841129342892629e-06 2.4713708623296616e-06
214.9937132657163 -34.320751234461824 1.359375 1.6206055 [214.9937132657163,-34.320751234461824] -17.23891664692574 2.464784204589985 0.00018655579262857994 1.7088201006357842e-05 [1273.169433594,3082.096923828] -25.1422074244611 -25.824600932410632 7.456999939073198 7.559223942464046 0.0 0.0 21.874993934061422 29.6959325539558 -4.094242767896841e-06 1.8426473481357035e-06 1.8770315891213744e-06 2.510747045777459e-06
216.1146850457059 -31.727147982354772 1.3359375 1.3945312 [216.1146850457059,-31.727147982354772] -18.32994585070841 3.259159515664564 0.00013940117184139397 1.688420998517157e-05 [3026.8359375,-1562.855957031] -17.09531053444429 -15.665305399155521 6.082130497444502 7.5545696303458465 0.0 0.0 46.31847119449617 4.837210993054214 -4.353362207861651e-06 1.9208159948634756e-06 -2.932258922143954e-07 2.334767471969142e-06
216.10023503217772 -31.755481758415296 1.328125 1.2832031 [216.10023503217772,-31.755481758415296] -20.845918266251463 2.9093959658315165 0.00015623373346626242 1.6892205127088797e-05 [3003.807128906,-1512.279296875] -16.612487428277134 -15.488543091148815 6.030841170088583 7.541278997075163 0.0 0.0 46.0642487366074 5.140133667303871 -4.950905665930525e-06 1.9140559483778736e-06 -1.0054398397975223e-06 2.3044154723146534e-06
215.2033538614258 -32.154693720724715 1.2890625 0.9099121 [215.2033538614258,-32.154693720724715] -36.23835273837377 2.9228449833014736 0.00014714277139314327 1.59828203300316e-05 [1624.513183594,-813.3266601562] -21.01545399516943 -18.629173727859115 6.746177157628479 7.711248897026097 0.0 0.0 45.18247068796745 16.67641285648392 -8.60660891042944e-06 2.1264575678024496e-06 -3.6154385082490134e-06 2.457246647780527e-06
214.22834789416052 -32.163093602352504 1.3125 1.1308594 [214.22834789416052,-32.163093602352504] -29.225726011584978 2.7226676471101485 0.00015569192692208665 1.575322324621853e-05 [138.7768554688,-806.2841796875] -22.091707862120995 -22.27603138778808 7.059586437717861 7.497606986130762 0.0 0.0 48.777540069699626 27.050846963586082 -6.9411100366800115e-06 2.002997765295546e-06 -1.6943293370872309e-06 2.4581813976188713e-06
212.70672617236076 -32.591117960950974 1.3515625 1.4931641 [212.70672617236076,-32.591117960950974] -21.170290921070944 3.1036470213204863 0.00013927082287031173 1.6063536621210543e-05 [-2169.286132812,-21.2978515625] -26.65357676139683 -25.517721724774017 6.515423505641328 7.357197201130469 0.0 0.0 49.4096252962222 45.3347636334895 -5.027944172659138e-06 1.9346157104780227e-06 1.302280407514411e-06 2.3939400661022305e-06
212.255828739035 -32.33979404518279 1.3984375 1.9599609 [212.255828739035,-32.33979404518279] -7.771577787291006 3.161983694929074 0.00014036352817205724 1.6493871447742065e-05 [-2860.7890625,-462.9541015625] -25.72369092680432 -24.643076196590492 6.486450063891508 7.163700976260782 0.0 0.0 53.787846010100566 49.035785535380455 -1.8457497534474275e-06 1.8402584896461272e-06 4.2636269375445786e-06 2.4523979891583306e-06
214.47627254065134 -32.73376082928989 1.390625 1.8891602 [214.47627254065134,-32.73376082928989] -28.962336192845072 2.998348186233914 0.00014254407190605553 1.5883270351908212e-05 [513.2983398438,221.6650390625] -25.278485238786658 -22.113918924729308 6.726574011555516 7.652117032762701 0.0 0.0 41.485809104329974 27.241632205678343 -6.878554953747591e-06 2.0214030407962527e-06 -8.749146153191277e-07 2.415862684483577e-06
212.36886612301552 -33.41432571674002 1.4453125 2.4824219 [212.36886612301552,-33.41432571674002] -49.44964382104808 3.0110389509459212 0.00014841487239259025 1.6607432646256646e-05 [-2656.556640625,1467.932617188] -27.990907692206733 -29.474289119517266 6.861669678740237 7.265727323919199 0.0 0.0 41.251001068751066 52.66036227337986 -1.1744290591805013e-05 2.37725410696358e-06 -5.096449910579685e-06 2.5255678096659746e-06
213.4762725713802 -32.29074099610382 1.3359375 1.362793 [213.4762725713802,-32.29074099610382] -16.59682761587856 2.926525854511298 0.00014843740954022548 1.614375042921022e-05 [-1005.771972656,-573.4497070312] -27.939824505565802 -25.2873354171586 6.981395671196423 7.334308627185573 0.0 0.0 50.088933860278985 35.693803672934564 -3.941746620629976e-06 1.8747416154289782e-06 2.693961803577738e-06 2.4741171223094442e-06
214.367126506546 -32.261383172122414 1.4140625 2.1552734 [214.367126506546,-32.261383172122414] -24.008568927768476 3.2204851748543173 0.0001323733159302519 1.5842745855232087e-05 [349.8647460938,-629.0498046875] -22.474589013760216 -22.970143281232954 7.322702803979812 7.670260939189436 0.0 0.0 47.16430964668734 26.061289863783486 -5.70203520982848e-06 1.977123152265442e-06 -3.643202352943304e-07 2.52503986917708e-06
216.58291618895097 -32.04534906023334 1.3515625 1.5039062 [216.58291618895097,-32.04534906023334] -21.067155481654304 2.9272837302361316 0.00015825209521579762 1.7215632798571813e-05 [3730.260742188,-975.384765625] -11.561296837366454 -11.423490109277774 6.731747173131307 7.566776250895811 0.0 0.0 40.91760734410627 1.6320713422244353 -5.003449505413284e-06 1.9179440708764786e-06 -2.2576414634480977e-06 2.427175969376433e-06
215.80105604439706 -32.700706376454555 1.359375 1.5761719 [215.80105604439706,-32.700706376454555] 5.355809366542819 2.1138901637840974 0.00021294163638497178 1.672829614298735e-05 [2519.796875,181.0551757812] -15.812545171591669 -15.791231404866748 6.923587115949183 7.897116690999974 0.0 0.0 36.809923735045004 13.230647539734719 1.2720047445158087e-06 1.7446581235145232e-06 5.027484281704511e-06 2.48098055828597e-06
215.84295650562365 -32.46504582212054 1.4453125 2.461914 [215.84295650562365,-32.46504582212054] -24.938320518262557 2.723833289760387 0.00016630128426313155 1.6833903358616453e-05 [2590.033203125,-242.0737304688] -14.680030490255444 -14.549063012716807 6.775832442858299 7.635821583741324 0.0 0.0 39.25240640658876 11.570320998779152 -5.922851216036145e-06 1.945947102224306e-06 -2.436343919885845e-06 2.4237101432295555e-06
213.2267153757317 -32.09839626280539 1.3515625 1.5029297 [213.2267153757317,-32.09839626280539] -16.805742441279918 2.9985848961776163 0.00014357997762496418 1.5999961351795368e-05 [-1388.40234375,-916.8393554688] -26.371848031274453 -25.281399000628255 6.656323251752953 6.9713073925725935 0.0 0.0 53.140422090613356 37.455019469787885 -3.9913638924414536e-06 1.8829551034551403e-06 2.2719501132779846e-06 2.4205731918241597e-06
213.57513432965263 -33.27930445609749 1.3828125 1.7988281 [213.57513432965263,-33.27930445609749] -26.73484055982238 2.439837238967087 0.0001745755484825346 1.5828981589031386e-05 [-845.8857421875,1205.04296875] -25.381077792074468 -26.856048088365313 6.1369543491050305 7.403684824651862 0.0 0.0 38.635563280547785 39.33584979314901 -6.349524732602498e-06 1.9478695829185174e-06 -3.215186623858023e-07 2.2860110684371848e-06
215.1507873587204 -31.772277769333876 1.328125 1.2646484 [215.1507873587204,-31.772277769333876] -12.704625764315391 2.9095515030854604 0.0001498360566436932 1.6201345634304207e-05 [1550.861328125,-1502.382324219] -22.34511507578043 -19.995106555612836 6.1816207989432845 7.122032613265979 0.0 0.0 49.63060383636139 15.272403994816614 -3.0173486663769144e-06 1.843434374722965e-06 2.2896162474044682e-06 2.342464665231764e-06
214.22961410827668 -32.007491938703815 1.34375 1.4150391 [214.22961410827668,-32.007491938703815] -19.630626067240847 2.969243301123534 0.00014206509284605585 1.567623870725149e-05 [140.9443359375,-1086.353515625] -22.85028262416899 -22.135437009640004 6.899656790285166 7.4357638359686735 0.0 0.0 50.5110654384323 26.269301123089463 -4.662273764135931e-06 1.906739898172263e-06 7.646684442705676e-07 2.4405970409639348e-06
214.26332082090713 -33.71436695761634 1.34375 1.4150391 [214.26332082090713,-33.71436695761634] -32.45427188536025 2.5025629494199535 0.00017091454365355776 1.5895446565467265e-05 [188.7446289062,1985.929199219] -26.928352542682628 -26.99193231600963 6.8996290939393585 7.820733501233181 18.18866539001465 9.094332695007324 31.303695025165325 34.23912243621112 -7.707889693734905e-06 2.034852736332248e-06 -1.3124058644818491e-06 2.414964335455764e-06
216.4575500032886 -32.824321658187095 1.3828125 1.8344727 [216.4575500032886,-32.824321658187095] 28.284737743953805 1.8045890446852757 0.0002680414313008702 1.7975829825216425e-05 [3508.713623047,422.1313476562] -9.490073727986333 -12.518170374621429 7.0629982929903425 7.556464873595692 0.0 0.0 32.85019684005533 7.087397654899178 6.717625319610406e-06 1.9300181263352676e-06 8.971517865378062e-06 2.6735760146437583e-06
214.11596688748517 -32.800964457759264 1.3515625 1.515625 [214.11596688748517,-32.800964457759264] -21.379979755021537 2.574401165841718 0.00016629914644275827 1.5910174638994755e-05 [-32.22900390625,341.8193359375] -25.391525165456827 -23.839996039999207 6.478482707941584 7.412478486484147 0.0 0.0 42.058811725407395 31.36162771079512 -5.077745271503944e-06 1.8925913825423943e-06 9.527420499300008e-07 2.3496361378898336e-06
213.51556386738542 -33.3768693297738 1.3828125 1.8652344 [213.51556386738542,-33.3768693297738] -28.861652361090457 3.17199215053592 0.00013388922797842598 1.5782886903391907e-05 [-934.4750976562,1381.142578125] -25.853999573462303 -27.64850569051458 6.158159599256828 7.414437938694681 0.0 0.0 37.74901031421882 40.419434243198566 -6.854642543330606e-06 2.0349076645502458e-06 -7.143175482716507e-07 2.340794722338456e-06
211.60588087822285 -32.63719945376204 1.4140625 2.125 [211.60588087822285,-32.63719945376204] -27.431520869461714 2.5053822283479263 0.00018622217241124462 1.7338602265760334e-05 [-3835.790039062,92.73779296875] -25.05857125697507 -23.992359509223693 6.644901253265755 7.115277809771465 0.0 0.0 52.57732668055792 57.3763341659419 -6.51498630873847e-06 1.9619243800407534e-06 -5.635755418099099e-07 2.369396188153984e-06
215.28182995267886 -32.53902055399089 1.3203125 1.2358398 [215.28182995267886,-32.53902055399089] -20.98528773395439 3.1168956309417655 0.00013866969150583383 1.606247677614301e-05 [1736.691894531,-120.3442382812] -19.246346246796417 -17.28157895773485 6.295193958326297 7.313458858205365 0.0 0.0 40.613935645535776 17.81438158857054 -4.984005915029421e-06 1.933858446071387e-06 -4.129986096813093e-07 2.3558826852577923e-06
212.96989410868872 -32.03534697212268 1.4296875 2.2773438 [212.96989410868872,-32.03534697212268] -13.933038675249547 3.2326609809467834 0.0001335115659999131 1.6039386559331863e-05 [-1781.178710938,-1026.486816406] -24.63051436677027 -24.269798168364144 6.257618035993172 6.531633875221348 0.0 0.0 54.75828497460407 39.924262364655306 -3.3090967373022516e-06 1.8820175593903877e-06 2.5406505166072372e-06 2.381868334526372e-06
215.87200935973533 -31.657564188447562 1.375 1.7192383 [215.87200935973533,-31.657564188447562] -25.433739714129047 2.67033470793934 0.0001667033128006492 1.654316624810002e-05 [2657.482910156,-1694.557617188] -19.412895140965986 -16.87090089888241 6.321467549879349 7.51299604942433 0.0 0.0 48.06023874961602 7.02953431829269 -6.040513276900937e-06 1.947994118936976e-06 -1.4299506085668002e-06 2.335678353824941e-06
215.85505689156855 -32.067203551234684 1.3203125 1.2387695 [215.85505689156855,-32.067203551234684] -30.01658024673107 2.7614080637566176 0.0001617386729208798 1.6597900900487458e-05 [2619.857421875,-957.787109375] -16.188518846364282 -16.11671184495854 6.500389466240534 7.684735997096238 0.0 0.0 43.60253335803691 9.36438141813369 -7.128937920474838e-06 2.01730248423633e-06 -3.284164634126331e-06 2.4006824131975084e-06
212.4025728602359 -33.38188177573063 1.453125 2.5498047 [212.4025728602359,-33.38188177573063] -48.346857380657006 3.1232679891406367 0.0001406559397078938 1.6325858565183318e-05 [-2606.91015625,1408.712402344] -27.81314022826423 -29.39843441776256 6.871125610235268 7.302677503419519 0.0 0.0 41.505673770280055 52.15884121596628 -1.1482378808101887e-05 2.363339758021664e-06 -4.876757900225468e-06 2.52723291790132e-06
