data_processed/hvc_rms/hvc_rms_index_11.ecsv
# %ECSV 1.0
# ---
# datatype:
# - {name: ra_dec_obj.ra, unit: deg, datatype: float64}
# - {name: ra_dec_obj.dec, unit: deg, datatype: float64}
# - {name: 'H-alpha flux [Error]', unit: R, datatype: float32}
# - {name: H-alpha flux, unit: R, datatype: float32}
# - {name: ra_dec_deg, datatype: string, subtype: 'float64[2]'}
# - {name: RM, unit: rad / m2, datatype: float64}
# - {name: RM_uncert, unit: rad / m2, datatype: float64}
# - {name: pol_int, datatype: float64}
# - {name: pol_int_uncert, datatype: float64}
# - {name: ra_dec_pix_offsets, datatype: string, subtype: 'float64[2]'}
# - {name: interpolation_raw, unit: rad / m2, datatype: float64}
# - {name: interpolation_cor, unit: rad / m2, datatype: float64}
# - {name: interpolation_unc, unit: rad / m2, datatype: float64}
# - {name: interpolation_cor_unc, unit: rad / m2, datatype: float64}
# - {name: HI, unit: dex(1 / cm2), datatype: float64}
# - {name: 'HI [Error]', unit: dex(1 / cm2), datatype: float64}
# - {name: pixel location x, datatype: float64}
# - {name: pixel location y, datatype: float64}
# meta: !!omap
# - __serialized_columns__:
#     ra_dec_obj:
#       __class__: astropy.coordinates.sky_coordinate.SkyCoord
#       dec: !astropy.table.SerializedColumn
#         __class__: astropy.coordinates.angles.Latitude
#         unit: &id001 !astropy.units.Unit {unit: deg}
#         value: !astropy.table.SerializedColumn {name: ra_dec_obj.dec}
#       frame: icrs
#       ra: !astropy.table.SerializedColumn
#         __class__: astropy.coordinates.angles.Longitude
#         unit: *id001
#         value: !astropy.table.SerializedColumn {name: ra_dec_obj.ra}
#         wrap_angle: !astropy.coordinates.Angle
#           unit: *id001
#           value: 360.0
#       representation_type: spherical
# schema: astropy-2.0
ra_dec_obj.ra ra_dec_obj.dec "H-alpha flux [Error]" "H-alpha flux" ra_dec_deg RM RM_uncert pol_int pol_int_uncert ra_dec_pix_offsets interpolation_raw interpolation_cor interpolation_unc interpolation_cor_unc HI "HI [Error]" "pixel location x" "pixel location y"
[from data line 144]
122.4420548447301 -59.06331261143168 2.5625 13.628906 [122.4420548447301,-59.06331261143168] -107.96248015967006 2.7867722138094106 0.00016226951018074405 1.680533213074408e-05 [-911.8403320312,-2257.112304688] 44.66324283397219 41.99358900721738 18.305841287376396 15.637443613143232 0.0 0.0 40.944638249941136 0.7497612746003597
122.10794081077613 -59.18714145620434 2.546875 13.4375 [122.10794081077613,-59.18714145620434] -131.73482560252666 0.8690000512463117 0.0005230441542164818 1.6891447114920756e-05 [-1216.544921875,-2028.905273438] 42.764795925287444 41.46975399099325 18.377436910709683 15.318117624187462 0.0 0.0 38.41910693508976 0.4915450515986777
120.53447736423388 -57.792049307531535 3.0 18.054688 [120.53447736423388,-57.792049307531535] -133.57039511615423 0.6760034006681617 0.0010000579665142405 2.5123651335344986e-05 [-2774.379882812,-4490.004882812] 56.09792318600563 52.0233623321071 18.336582678315406 20.887671988390725 0.0 0.0 38.09109259949537 20.513815744805015
119.87893688294587 -58.41860213750638 3.140625 19.46875 [119.87893688294587,-58.41860213750638] -78.71884436272146 1.5451859908458112 0.0003347732600194684 1.922384369614924e-05 [-3343.017578125,-3333.9453125] 53.90060777952745 49.21959146405584 16.80290030284741 18.218919926008446 0.0 0.0 30.830190858248216 15.775498675915514
119.05860904912065 -58.57653834558227 3.390625 21.84375 [119.05860904912065,-58.57653834558227] -77.60692729770281 1.898750487419109 0.00028189801238051723 1.9891549518615405e-05 [-4096.0,-3004.020507812] 51.212730415150574 48.67767590919131 18.134890298558652 18.60027759324176 0.0 0.0 25.39993007450289 16.551221337900188
119.05476391350345 -58.581859520659705 3.390625 21.84375 [119.05476391350345,-58.581859520659705] -71.96522822606275 1.9057471712875371 0.00028137748137119385 1.9927982121551824e-05 [-4098.974609375,-2994.228515625] 51.212730415150574 48.67767590919131 18.134890298558652 18.60027759324176 0.0 0.0 25.34891458350444 16.50429705767465
122.23505403584241 -58.4525563719559 3.375 21.695312 [122.23505403584241,-58.4525563719559] -126.67817040860041 2.798893104581058 0.00017164486473670527 1.7853601220599384e-05 [-1122.934570312,-3352.715820312] 43.006630906032235 45.10853391879083 16.93317705473914 18.149524108988636 0.0 0.0 43.52962575203992 7.9305209576673406
119.64557643250116 -58.114917870470535 3.296875 20.9375 [119.64557643250116,-58.114917870470535] -75.40490852033868 1.569266486194448 0.0003673208738860498 2.1421555920777664e-05 [-3593.224609375,-3867.123046875] 50.68342293971749 49.75396725056143 16.45937364725166 18.716973749834196 18.590816497802734 9.295408248901367 31.266028029100312 19.811826323227706
119.66243776992663 -58.10161197228149 3.296875 20.9375 [119.66243776992663,-58.10161197228149] -88.8162031001014 2.589444580645072 0.0002245919864280996 2.1612727618533803e-05 [-3578.563476562,-3891.934570312] 50.68342293971749 49.75396725056143 16.45937364725166 18.716973749834196 18.590816497802734 9.295408248901367 31.43588514233022 19.90463981383391
117.45475034351483 -60.26505290315408 2.625 14.2734375 [117.45475034351483,-60.26505290315408] -108.27668295935672 1.9493701598129043 0.00035092135154285247 2.5422181222539215e-05 [-5322.64453125,140.3515625] 42.53162244584923 46.92769361565691 16.27784037854765 16.77739534346395 0.0 0.0 7.501907304555743 2.3768545718312453
122.98369619210384 -58.854938287751644 2.640625 14.339844 [122.98369619210384,-58.854938287751644] -101.4756444702088 1.4058922171308232 0.00032010587112322797 1.6724547241178887e-05 [-413.1616210938,-2637.510742188] 41.730572366473865 41.82974976888443 16.665794098983483 15.830794656985828 0.0 0.0 45.1019242256624 1.2124130362508367
122.97914907989586 -58.84901422423871 2.640625 14.371094 [122.97914907989586,-58.84901422423871] -103.50467969984095 1.5681288954576613 0.00028620994369992566 1.6679198562989856e-05 [-417.4663085938,-2648.141601562] 41.03914554748621 41.7675948807103 16.711220988403486 15.917720955243926 0.0 0.0 45.11406377020819 1.2900460601752002
122.99237845651875 -58.85816982328775 2.640625 14.339844 [122.99237845651875,-58.85816982328775] -103.58177612106734 2.2594483871223536 0.00019937717745371252 1.6741199499440637e-05 [-405.041015625,-2631.75] 41.730572366473865 41.82974976888443 16.665794098983483 15.830794656985828 0.0 0.0 45.12836170225171 1.1498112539870817
117.6873933427082 -59.00549343070967 2.984375 17.804688 [117.6873933427082,-59.00549343070967] -105.8664397143459 2.456889648283306 0.0002764857567313333 2.524451997695466e-05 [-5311.71484375,-2136.538085938] 48.59827190186669 52.21301060696938 16.74972273585319 17.9578403013346 0.0 0.0 15.464588232485312 15.836466396988271
118.65865272180476 -58.05094934387658 3.296875 20.984375 [118.65865272180476,-58.05094934387658] -90.69277763455975 0.8801025987596235 0.0007738221787547192 2.5309477503852737e-05 [-4537.0859375,-3921.091796875] 48.83308017981612 52.30428195164836 16.3196840144247 19.53008960653342 18.88621711730957 9.443108558654785 26.094035363373223 23.546918763442363
118.65399963011622 -58.054073368450865 3.296875 20.984375 [118.65399963011622,-58.054073368450865] -89.15517527275975 1.1045921673227506 0.0006158521570360031 2.528058557852465e-05 [-4541.10546875,-3915.166992188] 48.83308017981612 52.30428195164836 16.3196840144247 19.53008960653342 18.88621711730957 9.443108558654785 26.050498716359925 23.52666165799701
119.73430686995401 -59.35815036526702 2.765625 15.59375 [119.73430686995401,-59.35815036526702] -151.75029085756128 1.3235799390910765 0.0003653854203080785 1.797256625699067e-05 [-3385.791992188,-1638.4375] 47.19836367099917 44.84412550085581 17.732246962486812 16.66317731492308 0.0 0.0 24.70144724411955 5.9411458943257
119.93309746716582 -58.62048746853996 3.078125 18.71875 [119.93309746716582,-58.62048746853996] -81.36307137660563 1.7514617828573757 0.0002877473420959766 1.8729263050976966e-05 [-3273.163085938,-2973.958007812] 54.4389140828527 48.25659621625903 17.351930174968274 18.086236588788193 0.0 0.0 29.97534900790083 13.406598778365378
117.71498872309343 -59.88095079792608 2.515625 13.1015625 [117.71498872309343,-59.88095079792608] -115.15877381546917 1.2393456072336666 0.0005640252553355252 2.597763950558745e-05 [-5151.169921875,-568.990234375] 44.25199471329187 48.52658465499469 14.817306032612663 16.330739824049985 0.0 0.0 10.934811159089122 5.970861173924504
117.72085619363381 -59.883133019045665 2.515625 13.1015625 [117.72085619363381,-59.883133019045665] -105.19101446299132 2.2206428248545262 0.0003144148632270175 2.5947198971689813e-05 [-5145.55859375,-565.53515625] 44.25199471329187 48.52658465499469 14.817306032612663 16.330739824049985 0.0 0.0 10.954842880887327 5.930081387847849
113.88257593156256 -57.603027386144184 3.546875 23.414062 [113.88257593156256,-57.603027386144184] -67.28449839081145 2.310125400656407 0.00023402723417715172 2.0091421206707474e-05 [1334.237792969,3394.430419922] 52.59401894261467 51.17603033597611 18.164029223288132 16.917635107132245 0.0 0.0 0.9449832821352402 42.37337843568935
117.56475819530579 -56.21697623085495 8.1875 69.5625 [117.56475819530579,-56.21697623085495] -210.11620842879955 1.9516195451624512 0.00041601695374197316 3.0172749807160932e-05 [5063.660888672,1071.863769531] 68.50337712031434 73.86963268063938 25.005367604585658 25.46601634304131 0.0 0.0 29.877558392777928 47.15338964287821
116.74330132704237 -56.30921185491647 6.3125 51.265625 [116.74330132704237,-56.30921185491647] -237.4962021388692 0.6219943336152225 0.0009759424476353404 2.2558973758441475e-05 [4233.976074219,1182.441894531] 59.18757461466923 68.68031474670097 23.13156393309128 24.567123476943916 0.0 0.0 24.492413400017313 48.687090007567804
116.64205934218377 -57.03016664535264 4.40625 32.140625 [116.64205934218377,-57.03016664535264] -121.62078001900343 2.4523077281977224 0.00024073997175496142 2.193976013521416e-05 [4054.843017578,2471.528076172] 46.70100407478858 59.059043392747654 19.1509655677678 21.765440902606514 0.0 0.0 20.05221880267254 40.957679474417546
116.77156823497877 -56.247917119959276 7.875 66.75 [116.77156823497877,-56.247917119959276] -213.87693048854004 3.2069442429097244 0.00019072988657944833 2.2731016796192302e-05 [4268.957275391,1074.05859375] 61.91378404136134 70.84231513130294 23.864864425989694 24.96723878917376 0.0 0.0 24.98924143381339 49.281776635982396
116.76216132941433 -56.248077359209056 7.875 66.75 [116.76216132941433,-56.248077359209056] -214.63174276518538 3.1821442895009917 0.00019294109684400902 2.281672533493046e-05 [4259.557861328,1073.768066406] 61.91378404136134 70.84231513130294 23.864864425989694 24.96723878917376 0.0 0.0 24.932266900632044 49.30900389304293
115.30677008180243 -58.13087843972799 3.453125 22.5 [115.30677008180243,-58.13087843972799] -113.99546337230922 3.03205684615267 0.00024218633718811145 2.7289506469399747e-05 [2667.390136719,4384.580932617] 52.02775873824907 55.80549883130237 18.623652705683664 18.87946670352023 0.0 0.0 6.6015270286844725 32.419704706150924
114.71158604754892 -56.74314129293044 4.53125 33.15625 [114.71158604754892,-56.74314129293044] -80.3991627040386 2.6126624923312445 0.0001998669997122749 1.940586951405884e-05 [2183.532226562,1868.663085938] 63.04678396566255 60.02449855330934 22.2748030825841 21.719953860832668 0.0 0.0 10.117174648741866 49.860483919254875
116.57811735750985 -57.049644536341575 4.3125 31.164062 [116.57811735750985,-57.049644536341575] -127.2820261311247 0.541116696540531 0.001083285320944055 2.178424416367018e-05 [3990.27734375,2502.807861328] 45.74749068826863 58.65946819362199 19.179320345471755 21.543171936095135 0.0 0.0 19.574453569839534 40.931399888261694
116.55797572137284 -57.05519100548454 4.3125 31.164062 [116.55797572137284,-57.05519100548454] -125.1969517041736 0.15219048186013484 0.003834752444641664 2.1688700331303684e-05 [3970.014648438,2511.615478516] 45.74749068826863 58.65946819362199 19.179320345471755 21.543171936095135 0.0 0.0 19.427120931469744 40.92958784543862
114.1560212527907 -57.3684806892771 3.65625 24.554688 [114.1560212527907,-57.3684806892771] -38.298952391086225 0.5440859055320528 0.0009674096403803953 1.9560798969400398e-05 [1608.145996094,2978.346679688] 55.53496530373274 53.894640203151944 19.874753310079583 18.566870064743497 0.0 0.0 3.7038485579091684 44.307262509024895
114.91535940386647 -57.93275455011772 3.46875 22.695312 [114.91535940386647,-57.93275455011772] -109.75014888329369 1.52828266459763 0.0004210175559996253 2.391181796827913e-05 [2308.543945312,4014.466064453] 50.33811376860085 51.21935191742466 18.22331191743465 17.78737020687093 0.0 0.0 5.340633734257267 35.76115229738889
116.96089941233866 -57.5187110826971 3.75 25.5 [116.96089941233866,-57.5187110826971] -114.21574762326436 2.4316984306396456 0.000277911038935132 2.511448144606326e-05 [4308.744140625,3368.089355469] 47.35559653582791 57.6157908167551 18.956485597011575 21.29747361622877 0.0 0.0 19.308978289932497 34.55177832494064
115.63937385511666 -56.77873228999849 4.375 31.835938 [115.63937385511666,-56.77873228999849] -7.9605327162040656 3.139194323264372 0.0001729444701872605 2.0175930988645943e-05 [3095.416259766,1967.975585938] 58.276120840498976 62.456428780519374 22.604224044785038 22.733456989053472 0.0 0.0 15.45834705475363 46.756142170136854
113.87242119182427 -57.447429616537605 3.609375 24.015625 [113.87242119182427,-57.447429616537605] -52.44999445841184 0.22636267816902314 0.0023049230454282605 1.938964942563045e-05 [1330.106445312,3114.354248047] 53.16168466311796 51.36427588920282 18.22597977626061 17.459173071776274 0.0 0.0 1.643634446689589 44.18589505068758
113.89178458285086 -57.4541092235445 3.609375 24.015625 [113.89178458285086,-57.4541092235445] -51.835163207656066 0.5820492975074814 0.0008970817261228932 1.9404411798351064e-05 [1348.608886719,3126.743408203] 53.16168466311796 51.36427588920282 18.22597977626061 17.459173071776274 0.0 0.0 1.7252603052440918 44.05614781792997
116.8328322444585 -56.51397334401144 5.0 38.109375 [116.8328322444585,-56.51397334401144] -207.17401931589154 2.629861941508239 0.00023089574672583558 2.256615600948166e-05 [4299.924316406,1555.784179688] 57.732716347873705 65.93250356706072 22.298312712222966 24.30520228654771 0.0 0.0 23.927876044235973 46.134212520260235
115.00562308438072 -57.349662766447295 3.84375 26.5 [115.00562308438072,-57.349662766447295] -40.21831496746676 1.807842873523329 0.00029844083666171546 2.005061202672842e-05 [2433.483398438,2969.252929688] 56.579158319540554 59.1748688607035 21.398827611796975 20.19248686533125 0.0 0.0 8.799268390785869 42.13624636681743
115.32481405239963 -57.55547329507748 3.75 25.4375 [115.32481405239963,-57.55547329507748] -89.01385040432356 2.9967127296260676 0.00018890119466363764 2.1037228316943157e-05 [2727.73046875,3351.140380859] 52.19948663531129 56.26813070049987 19.987370987697858 19.82446967384518 0.0 0.0 9.623905922977656 38.89539960180696
114.65153501616827 -58.039779681280365 3.453125 22.53125 [114.65153501616827,-58.039779681280365] -97.2768107734064 0.7015256487113374 0.0009568424994034064 2.494552876561291e-05 [2050.489257812,4198.565185547] 53.83950535108267 52.96704523619805 19.322498291075522 17.867923843736374 0.0 0.0 3.2804853278264545 35.26902852991043
117.52615367515422 -56.136634920034986 8.75 75.78125 [117.52615367515422,-56.136634920034986] -162.62904612837886 0.998002282321243 0.0008132533857769895 3.016241546027264e-05 [5035.697265625,924.8276367188] 69.40370104338382 75.29810740483131 25.91181332085401 26.231773404776714 0.0 0.0 30.087831825565786 48.16183720469303
116.46986377367922 -57.34960169841298 3.953125 27.585938 [116.46986377367922,-57.34960169841298] -111.99464493573095 1.5673055416530923 0.0003839360880845986 2.236254913925838e-05 [3853.133789062,3035.505615234] 46.19035110139523 59.42729105221311 19.150321105611614 21.29594192603114 0.0 0.0 17.35873760606796 37.89651776202868
114.79143523817484 -58.23747636522798 3.359375 21.601562 [114.79143523817484,-58.23747636522798] -92.68433400411156 3.075085215535888 0.00025480697366564653 2.911904772511477e-05 [2171.601074219,4558.173217773] 52.526402649087 52.179124251103886 18.950271384166005 17.765755388164038 0.0 0.0 3.1051264307673136 32.62859799154694
117.43043507818955 -57.49930947753109 3.65625 24.484375 [117.43043507818955,-57.49930947753109] -113.5495243163012 1.7073675761148843 0.00046338306929333674 2.9401933750325096e-05 [4763.624755859,3363.9765625] 48.19971103052906 55.364991902065725 17.92138566904622 21.221506627601634 0.0 0.0 22.120531666960574 33.36445212819126
117.12618267107244 -57.111015269194105 4.34375 31.414062 [117.12618267107244,-57.111015269194105] -109.4506449904466 2.9288519519431184 0.0002252054502276083 2.4512353965890715e-05 [4517.827880859,2646.642333984] 51.04291066964443 59.68445413429211 18.819363524585643 21.997592415145434 0.0 0.0 22.448963944344428 38.59924148443133
117.71918491490473 -56.78157806785671 5.4375 42.296875 [117.71918491490473,-56.78157806785671] -163.292856494164 1.9407803003885569 0.0003865187839790754 2.7877619299261783e-05 [5140.513305664,2096.59375] 64.22635000366951 67.63413028255617 21.364064936227088 24.5554767611166 0.0 0.0 27.69759888986323 40.43551317892866
115.54613480063095 -57.349975600534265 3.953125 27.476562 [115.54613480063095,-57.349975600534265] -70.50259646376131 2.6312973072619417 0.00021147689080256964 2.0679571765681946e-05 [2957.741699219,2990.821289062] 52.405368117118456 59.415914250183924 19.74403725236185 20.21405369539413 0.0 0.0 11.966579869715702 40.58618634672371
114.28903950879335 -57.89003376155351 3.5625 23.664062 [114.28903950879335,-57.89003376155351] -77.29236773244855 0.13435147531328007 0.004609361632066326 2.3013990284345097e-05 [1712.443847656,3919.508056641] 55.830700528169494 54.377579990381236 19.921682186540753 17.519957223901656 0.0 0.0 1.9172387176416805 37.973915246531305
