data_processed/hvc_rms/hvc_rms_index_3_with_B.ecsv
# %ECSV 1.0
# ---
# datatype:
# - {name: ra_dec_obj.ra, unit: deg, datatype: float64}
# - {name: ra_dec_obj.dec, unit: deg, datatype: float64}
# - {name: 'H-alpha flux [Error]', unit: R, datatype: float32}
# - {name: H-alpha flux, unit: R, datatype: float32}
# - {name: ra_dec_deg, datatype: string, subtype: 'float64[2]'}
# - {name: RM, unit: rad / m2, datatype: float64}
# - {name: RM_uncert, unit: rad / m2, datatype: float64}
# - {name: pol_int, datatype: float64}
# - {name: pol_int_uncert, datatype: float64}
# - {name: ra_dec_pix_offsets, datatype: string, subtype: 'float64[2]'}
# - {name: interpolation_raw, unit: rad / m2, datatype: float64}
# - {name: interpolation_cor, unit: rad / m2, datatype: float64}
# - {name: interpolation_unc, unit: rad / m2, datatype: float64}
# - {name: interpolation_cor_unc, unit: rad / m2, datatype: float64}
# - {name: HI, unit: dex(1 / cm2), datatype: float64}
# - {name: 'HI [Error]', unit: dex(1 / cm2), datatype: float64}
# - {name: pixel location x, datatype: float64}
# - {name: pixel location y, datatype: float64}
# - {name: 'B_virtual [raw]', unit: G, datatype: float64}
# - {name: 'B_virtual_unc [raw]', unit: G, datatype: float64}
# - {name: 'B_virtual [int]', unit: G, datatype: float64}
# - {name: 'B_virtual_unc [int]', unit: G, datatype: float64}
# meta: !!omap
# - __serialized_columns__:
#     ra_dec_obj:
#       __class__: astropy.coordinates.sky_coordinate.SkyCoord
#       dec: !astropy.table.SerializedColumn
#         __class__: astropy.coordinates.angles.Latitude
#         unit: &id001 !astropy.units.Unit {unit: deg}
#         value: !astropy.table.SerializedColumn {name: ra_dec_obj.dec}
#       frame: icrs
#       ra: !astropy.table.SerializedColumn
#         __class__: astropy.coordinates.angles.Longitude
#         unit: *id001
#         value: !astropy.table.SerializedColumn {name: ra_dec_obj.ra}
#         wrap_angle: !astropy.coordinates.Angle
#           unit: *id001
#           value: 360.0
#       representation_type: spherical
# schema: astropy-2.0
ra_dec_obj.ra ra_dec_obj.dec "H-alpha flux [Error]" "H-alpha flux" ra_dec_deg RM RM_uncert pol_int pol_int_uncert ra_dec_pix_offsets interpolation_raw interpolation_cor interpolation_unc interpolation_cor_unc HI "HI [Error]" "pixel location x" "pixel location y" "B_virtual [raw]" "B_virtual_unc [raw]" "B_virtual [int]" "B_virtual_unc [int]"
[from data line 38]
358.7633971468536 -3.7108337490196237 0.28710938 0.5119629 [358.7633971468536,-3.7108337490196237] 3.5525541919944947 2.38075247026729 0.00023044283557168248 2.03885413970643e-05 [-2220.045898438,-1734.880371094] -6.8455075312964215 -5.134497882699536 3.862036508756619 4.002586115945768 0.0 0.0 63.17443817151138 23.001516196788998 7.105108110023353e-07 1.4804618805451399e-06 2.0796122644704806e-06 1.6812435824680077e-06
0.12747114145509114 -5.097102738101075 0.26367188 0.24420166 [0.12747114145509114,-5.097102738101075] -3.971940323655854 1.6990458552655778 0.0003177037054051222 2.00602380952787e-05 [229.5405273438,758.3813476562] -0.0915109014655089 1.0789041845723455 4.18120273256622 3.6556543002487683 0.0 0.0 40.82438951475376 7.9824492716334134 -7.943880341003881e-07 1.4428377023248633e-06 -7.760858545129995e-07 1.6675705088674787e-06
0.35648377617314 -6.940346246554625 0.32617188 0.8234863 [0.35648377617314,-6.940346246554625] -20.790955278848074 2.9500557971631145 0.00023688881913736505 2.597069048906051e-05 [637.96484375,4075.306884766] 0.670243161680247 -1.142943059210901 3.594184169567693 3.862753898745904 0.0 0.0 20.042999383696838 27.574165281638216 -4.158190895434065e-06 1.5751249094824632e-06 -4.292239522601338e-06 1.734667841040585e-06
359.9416503893314 -5.743871213482829 0.30859375 0.64990234 [359.9416503893314,-5.743871213482829] 3.8381548449871787 2.558872129992976 0.00021102769558281167 2.0067660440670752e-05 [-103.501953125,1922.443847656] -0.4243576633153825 -0.3653929539007632 4.4008161714844185 3.780335176178656 0.0 0.0 35.011357552683194 21.281592155655744 7.676309393983789e-07 1.4925834862732388e-06 8.525024687888968e-07 1.7331669724997673e-06
359.39526376546695 -5.042655929322768 0.29101562 0.5336914 [359.39526376546695,-5.042655929322768] 11.304674912593667 1.2864810900818497 0.0004206072569561057 2.0108925799918357e-05 [-1083.291992188,660.8251953125] -2.0083729047535908 -2.3213349563879135 4.1428546567162865 4.134994662256491 18.233362197875977 9.116681098937988 45.523852743455905 25.2970821875424 2.2609348953394174e-06 1.4412908957470367e-06 2.6626094608019786e-06 1.6684201521269527e-06
358.06701651560985 -5.96004916967092 0.31640625 0.79589844 [358.06701651560985,-5.96004916967092] -16.08529608239233 1.0088888093086315 0.0006075889619616722 2.278042821380688e-05 [-3458.90625,2316.236328125] -1.721867289716319 -3.2330753928511275 3.906892356269921 4.282594154161913 0.0 0.0 44.03776705244388 70.05575898491315 -3.2170590924319876e-06 1.4505891175519457e-06 -2.8726856477674086e-06 1.6412768186737133e-06
358.0678404355331 -5.965845148166491 0.31640625 0.79589844 [358.0678404355331,-5.965845148166491] -13.021508813354849 1.1795022313325174 0.0005204124099954015 2.2811566736284596e-05 [-3457.395507812,2326.662353516] -1.721867289716319 -3.2330753928511275 3.906892356269921 4.282594154161913 0.0 0.0 43.973555632933994 70.12211117066045 -2.6043016622517853e-06 1.4434239594706308e-06 -2.2599282175872064e-06 1.636237721560769e-06
358.6630861188805 -4.477552464882556 0.26953125 0.31604004 [358.6630861188805,-4.477552464882556] 0.47925345893435384 1.4480648603197552 0.0003740599670341325 2.012972997550778e-05 [-2397.8828125,-354.5405273438] -4.6645066332799265 -2.387174325793353 3.8097426753027515 4.0208108176083295 0.0 0.0 55.704941847895725 35.251808407989756 9.585068809096717e-08 1.4296738752243585e-06 1.0287519787752415e-06 1.623275807151816e-06
358.12942524843737 -4.952512760750837 0.27734375 0.38659668 [358.12942524843737,-4.952512760750837] -10.326136152155268 0.33732259853426566 0.0016843997351516714 2.1115399607992293e-05 [-3352.868164062,502.5673828125] -3.6642565552401125 -2.6027010253961063 3.7082787840627778 3.8512851482666357 0.0 0.0 53.973474186882754 54.151838713622055 -2.065227150798026e-06 1.4167578958984292e-06 -1.3323758680079929e-06 1.5913380473926976e-06
359.27575703668145 -6.000582685687095 0.27539062 0.33776855 [359.27575703668145,-6.000582685687095] 9.443652879232772 0.22130264565418375 0.002443599723148187 2.009672900684343e-05 [-1295.459960938,2385.087158203] -2.4313267464874717 -3.1781494059254287 4.398107404097679 3.9539817033087474 17.964574813842773 8.982287406921387 36.20053327369976 41.47045191279585 1.8887305030190555e-06 1.4133760529689755e-06 2.3749958335666605e-06 1.670957443180794e-06
359.274170126077 -6.005797438731236 0.27539062 0.33776855 [359.274170126077,-6.005797438731236] 7.987307062846316 0.4927008706516382 0.001101316663342295 2.0165279374221254e-05 [-1298.288085938,2394.474121094] -2.4313267464874717 -3.1781494059254287 4.398107404097679 3.9539817033087474 17.964574813842773 8.982287406921387 36.15575567659255 41.584178422098375 1.5974613509728022e-06 1.412525694635077e-06 2.083726681520407e-06 1.6693900282496275e-06
358.9005734819217 -5.824064743527299 0.31054688 0.7294922 [358.9005734819217,-5.824064743527299] -7.904187968060633 0.2713714931765708 0.002023687003531484 2.0408743621814396e-05 [-1967.631835938,2068.30078125] -2.670020454685488 -5.201477374576496 4.5204509331522065 4.495140201602055 18.07744026184082 9.03872013092041 40.28216526430242 48.12940689670904 -1.5808375326566629e-06 1.4099418489941946e-06 -1.0468334623102111e-06 1.6707133662102672e-06
358.88082912011726 -5.848149770190985 0.31445312 0.7585449 [358.88082912011726,-5.848149770190985] -8.662435546604659 0.4574411241495567 0.0012038248828644686 2.046478678841952e-05 [-2002.895507812,2111.700683594] -2.635086899154409 -5.1518806572017 4.4690584338381285 4.498195153037144 18.07744026184082 9.03872013092041 40.15231451814839 48.95353007316726 -1.7324870425180195e-06 1.4136424769610114e-06 -1.2054696830083833e-06 1.667873131489031e-06
358.89819308995453 -5.826034497128887 0.31054688 0.7294922 [358.89819308995453,-5.826034497128887] -8.0122393614582 0.1325353429082979 0.0041506334602083245 2.0443478414691175e-05 [-1971.88671875,2071.852294922] -2.670020454685488 -5.201477374576496 4.5204509331522065 4.495140201602055 18.07744026184082 9.03872013092041 40.27615747126595 48.21536249156816 -1.6024478105029062e-06 1.4093902439063355e-06 -1.0684437401564543e-06 1.6701787912117673e-06
358.8821107335304 -5.845275896742096 0.31445312 0.7585449 [358.8821107335304,-5.845275896742096] -7.857886710360764 0.2381073196467933 0.002312345505023332 2.0461344864389517e-05 [-2000.611328125,2106.525146484] -2.635086899154409 -5.1518806572017 4.4690584338381285 4.498195153037144 18.07744026184082 9.03872013092041 40.1742889746788 48.88122623464278 -1.5715772814737548e-06 1.4095978860809856e-06 -1.0445599219641184e-06 1.6649558477692052e-06
358.8939818951476 -5.83199782855388 0.3046875 0.6616211 [358.8939818951476,-5.83199782855388] -3.392308820387664 1.3314783691149679 0.0004137857681997298 2.047473869930448e-05 [-1979.405273438,2082.595947266] -2.6482532137258477 -5.12157361381075 4.478949866395277 4.493079828981739 18.07744026184082 9.03872013092041 40.23988845870167 48.40292606102548 -6.784617379167484e-07 1.4267152245312415e-06 -1.488111155943602e-07 1.6833223966522319e-06
359.011291500141 -5.704697132282415 0.30273438 0.63183594 [359.011291500141,-5.704697132282415] -11.42713198592028 0.2524222599548192 0.002178351718466237 2.0434516035527844e-05 [-1769.7734375,1853.18359375] -2.802429345690133 -4.5362718517469 4.610778136889624 4.393658722332379 19.054454803466797 9.527227401733398 40.854052799164265 43.74173078118611 -2.2854263090603763e-06 1.419429552718305e-06 -1.7249404615341054e-06 1.6860230294170998e-06
358.9935608828548 -5.7144116376194765 0.29296875 0.5461426 [358.9935608828548,-5.7144116376194765] -10.6123695177394 0.17115016849615333 0.0032031048400896853 2.0373103330239143e-05 [-1801.495117188,1870.711914062] -2.774916464664255 -4.716322232197607 4.597729788103482 4.4339337091557285 18.972394943237305 9.486197471618652 40.85936003718007 44.310177387304066 -2.1224738217074803e-06 1.4164111298230237e-06 -1.5674905501742112e-06 1.6826486589981035e-06
358.99508680576713 -5.7124934632309285 0.296875 0.5827637 [358.99508680576713,-5.7124934632309285] -10.366159360603167 0.23741700623765472 0.0023106972822907793 2.0387481551996768e-05 [-1798.768554688,1867.255859375] -2.7886729051771963 -4.627478939409939 4.6042539624965535 4.414025106395044 18.972394943237305 9.486197471618652 40.8701295314288 44.24593043008008 -2.0732317921789552e-06 1.4160640580466628e-06 -1.515497232649185e-06 1.6832076384157591e-06
358.85571301768215 -6.052320472361329 0.28320312 0.45483398 [358.85571301768215,-6.052320472361329] 0.11066153003346942 2.080254777541572 0.0002689018021615922 2.0788298492925687e-05 [-2047.099609375,2479.188720703] -1.9975972607572137 -4.200196840915818 4.035399868281815 4.335205678526756 0.0 0.0 38.19576050135595 52.51233630248407 2.213230515329504e-08 1.4605146803328788e-06 4.216517418996806e-07 1.6692076468734284e-06
0.6900373577422271 -6.227277777360591 0.2734375 0.27026367 [0.6900373577422271,-6.227277777360591] 6.891622226672938 3.093192313433194 0.00018602603890925619 2.1384020598782304e-05 [1235.708496094,2792.947753906] 0.14755608386123528 0.08897633094653923 3.933746995304333 3.8390206036301113 0.0 0.0 25.692959011552375 8.738761809583593 1.3783243921878217e-06 1.5367859790493298e-06 1.3488131765534967e-06 1.72623315437373e-06
359.62298579246163 -6.582226781432324 0.27734375 0.35302734 [359.62298579246163,-6.582226781432324] -0.9823554989758017 2.7539192944252076 0.00021501199649978862 2.2005062369003134e-05 [-673.1474609375,3431.138916016] -0.4755047238755145 -2.2754748739297432 3.887298223593571 4.0365993806391165 16.921354293823242 8.460677146911621 28.085199434138985 41.21577727159365 -1.9647109221943778e-07 1.5045759181601206e-06 -1.0137015111132901e-07 1.693490152399963e-06
358.1588132665737 -6.144091581891003 0.33984375 1.0493164 [358.1588132665737,-6.144091581891003] -16.18298812879875 0.24999841847390394 0.002412814873016497 2.2416611527460584e-05 [-3293.532226562,2646.974365234] -1.6996328018596039 -2.9917899023370316 3.9582081467744574 4.415560008137872 0.0 0.0 41.58431359871827 70.61905584020133 -3.2365975009598907e-06 1.437795338600933e-06 -2.896670953695187e-06 1.6349627677792978e-06
358.1458740279204 -6.14491890750683 0.34179688 1.059082 [358.1458740279204,-6.14491890750683] -18.810036322057087 0.5285754607574769 0.0011424635051534098 2.2441818004487484e-05 [-3316.671875,2648.523925781] -1.6609365202945732 -2.8341211887644486 3.952303471116572 4.399210376772409 0.0 0.0 41.6577651263766 70.93859935216642 -3.7620071193523054e-06 1.4535138402784857e-06 -3.42981982810219e-06 1.647313028278413e-06
358.86956766259465 -3.5002711191717983 0.27148438 0.3470459 [358.86956766259465,-3.5002711191717983] -5.200727755400952 2.4694933612225163 0.00022494072250480053 2.064356275778061e-05 [-2029.850585938,-2114.147460938] -6.304736514429954 -6.055034861993564 3.7380508083844335 4.0945019915243615 0.0 0.0 64.79566780657274 17.910094759495223 -1.040145510973253e-06 1.48820521224617e-06 2.20801743291913e-07 1.6623309457654616e-06
357.19851706682306 -5.392276207585685 0.31054688 0.74072266 [357.19851706682306,-5.392276207585685] -18.840854630219575 2.7631536075580376 0.0002787864460893306 2.862762946554854e-05 [-5017.353515625,1299.650390625] -2.167652785827691 -3.7977316657966393 3.965146327057803 3.762315261794582 0.0 0.0 55.34403931045824 81.76719477666711 -3.768170780747139e-06 1.5515771426010277e-06 -3.334640240298091e-06 1.7336361054703278e-06
357.94799819333895 -3.0100852217627656 0.26367188 0.24127197 [357.94799819333895,-3.0100852217627656] -18.532880319626948 2.7268812556498365 0.0002272409812548368 2.3028284473079564e-05 [-3686.71875,-2992.45703125] -7.998160547884853 -7.346919893501604 3.7881135125069454 3.8344741118228436 0.0 0.0 75.2523075491896 32.74235199852001 -3.7065759210036473e-06 1.5475212799549295e-06 -2.1069438731068374e-06 1.6958240812979872e-06
359.76388539671956 -6.587959829672858 0.26953125 0.2668457 [359.76388539671956,-6.587959829672858] 2.917760887428102 3.0493159317973593 0.00019313666192219149 2.188647633869587e-05 [-421.1987304688,3441.342773438] -0.42456420901934244 -2.291565393641885 3.839352835471167 4.0224642760370415 17.89923858642578 8.94961929321289 27.190129179007045 37.7245964306303 5.835521549844515e-07 1.5281813560326808e-06 6.684649935141686e-07 1.7105632237396811e-06
359.29397592436385 -2.9790989802462753 0.29882812 0.62646484 [359.29397592436385,-2.9790989802462753] -7.195875398295686 2.3003405187266237 0.0002455678850726127 2.0992898324789913e-05 [-1268.09375,-3052.955078125] -6.89324734290648 -7.45109252761624 3.386699913623526 3.837561287251198 0.0 0.0 67.98941996159681 1.7646996094808856 -1.4391750241660339e-06 1.4806669906211275e-06 -6.052560874403628e-08 1.6218780912615277e-06
0.5591983390530306 -5.923865331574162 0.62109375 3.7470703 [0.5591983390530306,-5.923865331574162] 14.388449685262088 0.669512759175351 0.0008404822546879014 2.0912025972282253e-05 [1002.166015625,2246.760986328] 0.5715776628628859 1.28929423853835 3.9318616906522577 3.637132895429265 0.0 0.0 29.643104825135538 8.001327154324827 2.8776898260916677e-06 1.4355280269731827e-06 2.7633742979269796e-06 1.6348313403527075e-06
357.85968044531086 -3.6607363055045403 0.29296875 0.5632324 [357.85968044531086,-3.6607363055045403] -12.04640747073001 2.1721249642399494 0.0002765194549067876 2.232128549497043e-05 [-3842.8203125,-1821.142578125] -8.405899180052396 -5.350630435787479 4.221953684886118 4.173916466993768 18.720705032348633 9.360352516174316 68.9817652326675 42.986023763617595 -2.4092814012465977e-06 1.4855205380646724e-06 -7.281016300606754e-07 1.6932282449463045e-06
358.8637389971559 -6.660216358082732 0.29101562 0.5654297 [358.8637389971559,-6.660216358082732] -0.6685160456187262 2.9287713766207335 0.0002100509945212895 2.2862247224044766e-05 [-2030.333984375,3572.900634766] -1.4258851026295538 -2.4010478811086013 3.337180778599101 3.9763125591339303 0.0 0.0 31.897155310764674 61.33185472422247 -1.337032039682877e-07 1.517658281330563e-06 1.514738055614919e-07 1.657953052460278e-06
358.4624327503266 -5.665442003075405 0.30664062 0.69262695 [358.4624327503266,-5.665442003075405] -7.550960127192943 0.6530452266096743 0.0008746258699393049 2.1226299189120442e-05 [-2752.771484375,1784.302246094] -1.896287973682822 -4.657577538244592 4.482468273081587 4.4465506711928455 0.0 0.0 44.588817204201746 56.38769896138729 -1.510191967207145e-06 1.4141659608164387e-06 -1.1309343870943615e-06 1.6713914876741312e-06
358.5413816773031 -6.302627095923972 0.30078125 0.66137695 [358.5413816773031,-6.302627095923972] 0.49903721908916276 0.3818091397732921 0.0015667854552650021 2.223128441221279e-05 [-2608.362304688,2930.626220703] -1.2247145747368002 -2.9307230073453274 3.8107916751309165 4.216381233145293 0.0 0.0 37.56355967332604 63.82201954536686 9.980743996936068e-08 1.4021164689154992e-06 3.447503454719751e-07 1.5962157710836087e-06
358.5114440103808 -6.258613132910151 0.28320312 0.48303223 [358.5114440103808,-6.258613132910151] -1.4437014811813969 0.38277831005857865 0.001551833644844121 2.2075024148178016e-05 [-2662.131835938,2851.544677734] -1.3227715450017123 -3.0753931676632336 3.8615141032138256 4.254919363654964 0.0 0.0 38.200500354253336 63.888544354173064 -2.88740285102752e-07 1.4023887931614163e-06 -2.418598630335023e-08 1.6007242323951616e-06
