data_processed/hvc_rms/hvc_rms_index_7_with_B.ecsv
# %ECSV 1.0
# ---
# datatype:
# - {name: ra_dec_obj.ra, unit: deg, datatype: float64}
# - {name: ra_dec_obj.dec, unit: deg, datatype: float64}
# - {name: 'H-alpha flux [Error]', unit: R, datatype: float32}
# - {name: H-alpha flux, unit: R, datatype: float32}
# - {name: ra_dec_deg, datatype: string, subtype: 'float64[2]'}
# - {name: RM, unit: rad / m2, datatype: float64}
# - {name: RM_uncert, unit: rad / m2, datatype: float64}
# - {name: pol_int, datatype: float64}
# - {name: pol_int_uncert, datatype: float64}
# - {name: ra_dec_pix_offsets, datatype: string, subtype: 'float64[2]'}
# - {name: interpolation_raw, unit: rad / m2, datatype: float64}
# - {name: interpolation_cor, unit: rad / m2, datatype: float64}
# - {name: interpolation_unc, unit: rad / m2, datatype: float64}
# - {name: interpolation_cor_unc, unit: rad / m2, datatype: float64}
# - {name: HI, unit: dex(1 / cm2), datatype: float64}
# - {name: 'HI [Error]', unit: dex(1 / cm2), datatype: float64}
# - {name: pixel location x, datatype: float64}
# - {name: pixel location y, datatype: float64}
# - {name: 'B_virtual [raw]', unit: G, datatype: float64}
# - {name: 'B_virtual_unc [raw]', unit: G, datatype: float64}
# - {name: 'B_virtual [int]', unit: G, datatype: float64}
# - {name: 'B_virtual_unc [int]', unit: G, datatype: float64}
# meta: !!omap
# - __serialized_columns__:
#     ra_dec_obj:
#       __class__: astropy.coordinates.sky_coordinate.SkyCoord
#       dec: !astropy.table.SerializedColumn
#         __class__: astropy.coordinates.angles.Latitude
#         unit: &id001 !astropy.units.Unit {unit: deg}
#         value: !astropy.table.SerializedColumn {name: ra_dec_obj.dec}
#       frame: icrs
#       ra: !astropy.table.SerializedColumn
#         __class__: astropy.coordinates.angles.Longitude
#         unit: *id001
#         value: !astropy.table.SerializedColumn {name: ra_dec_obj.ra}
#         wrap_angle: !astropy.coordinates.Angle
#           unit: *id001
#           value: 360.0
#       representation_type: spherical
# schema: astropy-2.0
ra_dec_obj.ra ra_dec_obj.dec "H-alpha flux [Error]" "H-alpha flux" ra_dec_deg RM RM_uncert pol_int pol_int_uncert ra_dec_pix_offsets interpolation_raw interpolation_cor interpolation_unc interpolation_cor_unc HI "HI [Error]" "pixel location x" "pixel location y" "B_virtual [raw]" "B_virtual_unc [raw]" "B_virtual [int]" "B_virtual_unc [int]"
[from data line 154]
90.6654206250832 -56.84697343344813 1.6171875 4.1972656 [90.6654206250832,-56.84697343344813] 62.955552591797996 2.5237495208620464 0.00026352507343569803 2.4715926536920873e-05 [5078.844726562,2209.988769531] 41.20404342988839 35.7864334799252 9.576943529789297 9.057661644140719 0.0 0.0 5.1954650459606455 3.820045664304871 2.3923110031517878e-05 5.353121127496188e-06 8.26557349763819e-06 4.868852744454058e-06
89.45889273293454 -53.87912774604273 1.90625 7.0546875 [89.45889273293454,-53.87912774604273] -2.890353265481097 2.0797933453949353 0.00024917579899868083 1.9259044958052502e-05 [4198.372802734,-3200.826171875] 34.29273160485018 31.21252163272764 8.932280059862116 8.301804356795573 0.0 0.0 0.9747253331704542 45.39716385982615 -1.0983342430238604e-06 2.7827606546228374e-06 -1.412957227826944e-05 5.140858871195755e-06
89.81229413121025 -53.88549446253274 1.90625 7.03125 [89.81229413121025,-53.88549446253274] -3.0576719201943043 1.6959895394869384 0.00033440436634601657 2.1076758137018682e-05 [4571.687988281,-3167.046875] 34.71572594420493 30.594499641707117 8.69355706243465 8.069694367568676 0.0 0.0 3.447397467756673 44.967818885326324 -1.1619153319388215e-06 2.745848881169941e-06 -1.435389121645254e-05 5.083526044133275e-06
89.62680061682663 -53.44204715642665 1.921875 7.189453 [89.62680061682663,-53.44204715642665] 4.393274750362016 0.28449604223128805 0.0020966306907678764 2.216699743454029e-05 [4421.699951172,-3975.321289062] 36.980364497385416 32.0997007699157 8.690906331617319 8.54003644390055 0.0 0.0 2.7916939366205042 51.20059633350638 1.6694444083919063e-06 2.6810258818939654e-06 -1.2383094128007941e-05 4.850741958402371e-06
90.16783140584343 -56.38150785045335 1.546875 3.4296875 [90.16783140584343,-56.38150785045335] 75.5001650641687 0.6135537167311713 0.0009687833898846371 2.2089606450134727e-05 [4647.763427734,1339.481445312] 37.94715025384343 34.86718818890768 9.675623986981087 9.127732546471561 0.0 0.0 2.5079545273367785 10.568375641429611 2.8690062780311228e-05 6.069973517691595e-06 1.4270145655741184e-05 5.291469767421886e-06
89.94844047036393 -53.259018014255304 5.46875 42.796875 [89.94844047036393,-53.259018014255304] 5.638483912611823 0.35495479640826344 0.0019320635944164925 2.548608747916804e-05 [4786.079833984,-4282.528320312] 36.74148499194423 31.308728996791537 8.667120522375248 8.570209127371417 0.0 0.0 5.3552135180229925 53.359576249410566 2.142623890969228e-06 2.6943501282565916e-06 -1.1819140433186018e-05 4.794148274559804e-06
90.83048245328025 -56.89369195005635 1.59375 3.944336 [90.83048245328025,-56.89369195005635] 65.12014328041393 1.741253401986147 0.00040908727530416156 2.6471993776085106e-05 [5234.104614258,2306.094482422] 40.74623141414372 35.902858896952594 9.631766536409549 9.197928761935293 0.0 0.0 6.212430305434509 3.0518070997759423 2.4745654494795363e-05 5.4423483781994774e-06 9.262086527237775e-06 4.899634753161737e-06
90.29543294361422 -56.884594013344774 1.5625 3.6035156 [90.29543294361422,-56.884594013344774] 46.34764215701925 1.9403334674143273 0.00031377527067994165 2.2625792016566532e-05 [4711.271972656,2251.400390625] 40.70054804394105 35.76856136117698 8.808217825839117 8.493195729143753 0.0 0.0 2.735167998098973 3.5904874326804475 1.761210405399956e-05 4.337853404376162e-06 2.1458957671528306e-06 4.3576045452014925e-06
89.64389792047383 -53.30748758222447 4.1875 29.882812 [89.64389792047383,-53.30748758222447] 57.13249073070179 2.0512919162426315 0.0003096290954359196 2.3603583124390436e-05 [4454.029541016,-4215.8125] 37.16833411605977 31.913730618370266 8.819438893456518 8.74122182756921 0.0 0.0 3.1140336450423547 53.01803987007679 2.1710346519987858e-05 4.969763397303509e-06 7.586379528352517e-06 4.581775667408747e-06
89.64624020477522 -53.31101240717131 4.1875 29.882812 [89.64624020477522,-53.31101240717131] 61.602556714116055 0.6002007090410469 0.0010524676333757 2.3475451628636735e-05 [4456.174316406,-4209.333984375] 37.16833411605977 31.913730618370266 8.819438893456518 8.74122182756921 0.0 0.0 3.1254012071924535 52.96757860513185 2.3408971596996502e-05 5.187455425600119e-06 9.28500460536116e-06 4.63375013502806e-06
89.71742258788049 -54.65809248674776 1.75 5.4648438 [89.71742258788049,-54.65809248674776] 49.78515027395569 0.41486004764329487 0.0013202534747482097 2.0354837294940906e-05 [4388.291748047,-1785.539550781] 35.27818346782389 32.177203341403285 9.685054430391366 8.79991409847423 0.0 0.0 1.6977217867502077 34.50979087454698 1.8918357140981764e-05 4.474460266565165e-06 5.512647397076194e-06 4.662860272352675e-06
90.23468027499501 -55.885810855988396 1.609375 4.1054688 [90.23468027499501,-55.885810855988396] 86.65301237667234 1.993490900970922 0.00032222539264830817 2.38716656178484e-05 [4775.312988281,453.853515625] 34.24378429274566 34.15810199453778 9.55268107971038 8.509074478000587 0.0 0.0 3.5802644694718992 17.2881675873532 3.292814476732414e-05 6.840418708955453e-06 1.9915506710714533e-05 5.92829921710807e-06
90.23307027165134 -55.883270197439344 1.609375 4.1054688 [90.23307027165134,-55.883270197439344] 90.02803517242707 2.986708770806691 0.00021539975025817732 2.3908194258525568e-05 [4774.005615234,449.1801757812] 34.24378429274566 34.15810199453778 9.55268107971038 8.509074478000587 0.0 0.0 3.572796919960183 17.324204965405443 3.4210653432211e-05 7.114353189822244e-06 2.1198015375601396e-05 6.145119364129012e-06
89.52887721766469 -53.46113180264626 1.890625 6.9433594 [89.52887721766469,-53.46113180264626] 47.34628298068387 1.4704618314764832 0.0003929512903307369 2.1473418015740958e-05 [4315.038818359,-3947.221679688] 37.05698702279983 32.415012149203385 8.758284620436342 8.498324532226931 0.0 0.0 2.069087718989408 51.03874239774177 1.7991587567731866e-05 4.367298833103348e-06 3.909932471617781e-06 4.3607661695209e-06
90.53922281896777 -55.83767315425933 1.6328125 4.330078 [90.53922281896777,-55.83767315425933] 68.77770942597631 2.1343223907052975 0.0003529872057844013 2.79980437663205e-05 [5087.936035156,389.0776367188] 34.708671191116345 34.06028237459474 9.195169881155554 8.389848195451265 0.0 0.0 5.682489284279768 17.685078539521783 2.613552963281843e-05 5.691402966993755e-06 1.2946234554483598e-05 5.098344406508546e-06
90.11510470991291 -54.492462385692534 1.8125 6.1015625 [90.11510470991291,-54.492462385692534] 23.5547332407037 2.037789194725874 0.00031803178279159986 2.4084546989892442e-05 [4820.682861328,-2056.615234375] 37.09729114176259 32.60638662913751 9.877448421727438 8.948493121679045 0.0 0.0 4.676767305056501 36.400665046028735 8.950798648915692e-06 3.2507613636215854e-06 -5.146172012434095e-06 4.7664989727644516e-06
89.96150971735005 -54.2258033387326 1.8984375 6.9472656 [89.96150971735005,-54.2258033387326] -3.8941823361875025 0.6255428797025459 0.0009748424177801619 2.2662102857367362e-05 [4690.953125,-2545.987304688] 36.82836211829952 31.97258365890549 9.891686331953219 9.073339535994666 0.0 0.0 3.9956700448278752 40.18250866268886 -1.479789290635886e-06 2.6853594230867053e-06 -1.54745669228705e-05 5.468598926163276e-06
89.83634182985878 -53.66157140402207 1.9296875 7.2910156 [89.83634182985878,-53.66157140402207] 58.121847068534365 1.084992165588085 0.0005379491365473314 2.1690847460793253e-05 [4621.712646484,-3567.515625] 36.01189033684854 31.470262456850733 8.708728338551495 8.292533550275698 0.0 0.0 3.9473977201884054 47.99591988782504 2.2086301929097106e-05 4.985512872333373e-06 8.401783574418675e-06 4.554718875645399e-06
90.22709666876479 -54.941249849364596 1.703125 5.0625 [90.22709666876479,-54.941249849364596] 49.510129838893256 0.6729104913481466 0.0009235932675710879 2.309653129259824e-05 [4883.033691406,-1242.899414062] 33.75287221441427 32.245985502247834 9.124019125489074 7.9711105700105715 0.0 0.0 4.808201360017847 30.180073378441193 1.8813849375454313e-05 4.463067810208654e-06 5.987757908974283e-06 4.522859623149853e-06
90.23371133770716 -54.66440568874686 1.8046875 6.080078 [90.23371133770716,-54.66440568874686] 43.792617442311006 1.9081419669636999 0.0003480929284249811 2.4683945969251964e-05 [4923.454833984,-1739.540039062] 35.87025347454055 32.45664818613126 9.148084442997522 8.120521420636202 0.0 0.0 5.24794899699441 33.94529970725307 1.664119466051778e-05 4.195057867551587e-06 3.0104983136213045e-06 4.473589926914165e-06
90.22358694161414 -54.68872066364335 1.7890625 5.8691406 [90.22358694161414,-54.68872066364335] 43.717539209044006 2.2576961554374275 0.0002910826735502029 2.4422524379098697e-05 [4910.010009766,-1696.598632812] 35.59767862696815 32.43412881825042 9.06107592211332 8.016451137344076 0.0 0.0 5.143232369493944 33.623776436198796 1.6612664931820707e-05 4.215985635119413e-06 3.0855470272036534e-06 4.473367348377036e-06
90.2977065973211 -54.010459847221824 1.859375 6.564453 [90.2977065973211,-54.010459847221824] 19.275822697659375 1.6417139974638475 0.0004212695169848038 2.57019597408525e-05 [5069.834228516,-2908.948242188] 36.06912792303842 31.49388185493701 9.311523960382635 8.491205787392557 0.0 0.0 6.6621359182117885 42.778759619959146 7.324812639389224e-06 3.0662125414541914e-06 -6.381455998083762e-06 4.6319560387135734e-06
89.66679377757139 -54.226478693610716 1.859375 6.6191406 [89.66679377757139,-54.226478693610716] 38.7536659530893 0.858857344497741 0.0006444811119596953 2.0570267097034063e-05 [4381.640869141,-2564.051757812] 35.97616395736777 31.75690915762077 9.65323342480633 8.808707183430673 0.0 0.0 1.9418587751677023 40.45414214374682 1.4726393090880907e-05 3.8744032249219475e-06 1.055450760431632e-06 4.547332301256835e-06
90.11596674916971 -53.47250746985515 1.9375 7.408203 [90.11596674916971,-53.47250746985515] 62.4791683261139 3.2006603791246553 0.00020667524584158648 2.4583106341467108e-05 [4941.084228516,-3887.62109375] 37.013662366570415 31.634006756765842 8.909065201441488 8.61116733441359 0.0 0.0 6.212304301752283 50.279224126085865 2.3742084010205036e-05 5.376239360890406e-06 9.676892283490225e-06 4.8370019200803315e-06
89.83724975041119 -55.92988591059874 1.609375 4.123047 [89.83724975041119,-55.92988591059874] 81.69774739725675 2.503661210114781 0.00022943013099870673 2.134689515214478e-05 [4370.387939453,506.8129882812] 34.76582774159158 33.80695090273403 9.540288857670003 8.524454929081264 0.0 0.0 0.8661650120677677 17.00843906394425 3.104514407147558e-05 6.5401802863331655e-06 1.783412950391782e-05 5.710117643532194e-06
90.39438631278686 -53.92138674919285 1.8671875 6.65625 [90.39438631278686,-53.92138674919285] 37.33884952563949 0.7642953985731552 0.0009339375615488911 2.652697881258235e-05 [5182.793457031,-3061.674804688] 36.53241285893982 31.82155558100117 9.403638073971722 8.482789137847043 0.0 0.0 7.476003698923478 43.88890771394699 1.4188762847401943e-05 3.798373104121978e-06 3.064459339432457e-07 4.464572023435799e-06
90.396018927153 -53.92360301168982 1.8671875 6.65625 [90.396018927153,-53.92360301168982] 36.16365619686227 1.191298153634026 0.0006006557460156883 2.659223302750095e-05 [5184.242553711,-3057.575195312] 36.53241285893982 31.82155558100117 9.403638073971722 8.482789137847043 0.0 0.0 7.484006428850989 43.85711354039586 1.3742189381596071e-05 3.7547217310611528e-06 -1.4012753186262782e-07 4.477756404003152e-06
90.02470392518843 -54.659599353363426 1.765625 5.6210938 [90.02470392518843,-54.659599353363426] -13.109729046695982 1.4927313003455576 0.00040748997941622073 2.2605143902305824e-05 [4707.133056641,-1762.683105469] 35.958500816399386 32.44187130270988 9.399972277036852 8.38409292318256 0.0 0.0 3.8143701294557104 34.207713475088894 -4.98169704745557e-06 2.879802689058903e-06 -1.8645927384323776e-05 5.719036264772818e-06
90.02308647522308 -54.65912621725387 1.765625 5.6210938 [90.02308647522308,-54.65912621725387] -12.689324387536391 1.4071606174509814 0.000432090977189756 2.259579222730054e-05 [4705.509033203,-1763.642578125] 35.958500816399386 32.44187130270988 9.399972277036852 8.38409292318256 0.0 0.0 3.803886377634285 34.21567334236738 -4.821943276663509e-06 2.8637200639246125e-06 -1.8486173613531716e-05 5.697139511617726e-06
90.25047297705349 -55.03772744813746 1.71875 5.169922 [90.25047297705349,-55.03772744813746] 59.29908030794744 2.510052879106673 0.0002466936037759857 2.3011740257276156e-05 [4895.341552734,-1068.0078125] 33.651414805906086 32.45629251878057 9.313599763752924 8.14106558971752 0.0 0.0 4.832548808727893 28.843744374679318 2.2533650560946116e-05 5.129883317444363e-06 9.746112909774352e-06 4.8928624146387675e-06
90.28650662241562 -55.69779217034169 1.6171875 4.173828 [90.28650662241562,-55.69779217034169] 72.64135818511187 1.3742605578280551 0.00046750779578989165 2.3876278859323595e-05 [4850.806640625,119.8149414062] 33.59488200419502 34.3783425107408 9.59550023750236 8.677338240777623 0.0 0.0 4.175182282956939 19.810731304312867 2.7603716164151958e-05 5.90383373303331e-06 1.4837660977672274e-05 5.3470909764102895e-06
90.10129557673713 -56.771881067754165 1.5859375 3.8388672 [90.10129557673713,-56.771881067754165] 45.23075107115359 0.16801281017964267 0.00340667091607326 2.1270675485184404e-05 [4534.624267578,2036.084960938] 39.67051752145123 35.11921994928464 8.69929236833822 8.306192312483681 0.0 0.0 1.6003624110305736 5.277220840239806 1.718768544054327e-05 4.21238795434184e-06 2.112888753005668e-06 4.262475281108452e-06
94.13646698833398 -55.63549038709674 1.75 5.5273438 [94.13646698833398,-55.63549038709674] 67.1621861719071 0.09680879332629744 0.004868808348432597 1.751645387186673e-05 [-368.3544921875,-158.85546875] 35.61808043957322 38.8529218483433 10.29110950896253 10.192942655712116 0.0 0.0 30.08447058295019 16.59680986312219 2.552163079507542e-05 5.530896689233578e-06 1.1986760201653326e-05 5.249461861517417e-06
94.14745308468319 -55.65805066141175 1.75 5.5273438 [94.14745308468319,-55.65805066141175] 63.363649635260046 0.24436485388583626 0.0019253814339827715 1.748494320314362e-05 [-356.986328125,-118.3051757812] 35.61808043957322 38.8529218483433 10.29110950896253 10.192942655712116 0.0 0.0 30.11355138150134 16.283656719690498 2.407818690833576e-05 5.292780402039871e-06 1.0543316314913663e-05 5.137130988768432e-06
94.13758850986889 -55.64070509545412 1.75 5.5273438 [94.13758850986889,-55.64070509545412] 65.69978143820306 0.3901708334272756 0.001209588948038782 1.753885810481539e-05 [-367.166015625,-149.4750976562] 35.61808043957322 38.8529218483433 10.29110950896253 10.192942655712116 0.0 0.0 30.081721945654408 16.526186957007667 2.4965916995184605e-05 5.44045983284407e-06 1.143104640176251e-05 5.206504407390614e-06
94.1406096255644 -55.647232076576366 1.75 5.5273438 [94.1406096255644,-55.647232076576366] 66.05056818645825 2.174482073982261 0.00021774855084286796 1.75962372249927e-05 [-364.0361328125,-137.7426757812] 35.61808043957322 38.8529218483433 10.29110950896253 10.192942655712116 0.0 0.0 30.089087173771986 16.435782121954617 2.509921595978142e-05 5.52270909156917e-06 1.1564345366359327e-05 5.280069939682402e-06
98.36804951676935 -53.14402367632476 3.625 24.265625 [98.36804951676935,-53.14402367632476] 23.925934162735377 1.7482534687377247 0.0004550265652168331 2.9563091939137992e-05 [4173.968505859,-4526.451171875] 50.16856120420505 44.919876969741296 12.458470162991576 10.511181889033336 0.0 0.0 65.059998813108 42.42266748380848 9.091854999562698e-06 3.2405299797485045e-06 -9.972198295197832e-06 5.78962209844897e-06
94.15161912925107 -55.118980360390985 1.7109375 5.0859375 [94.15161912925107,-55.118980360390985] -1.625655995351412 2.992821660506609 0.00015478095723179614 1.7215001693418328e-05 [-357.6118164062,-1088.620605469] 38.69073492783777 40.06178775833178 10.34910878093 10.252640311917842 0.0 0.0 31.21532307321513 23.429016718593402 -6.177492794377493e-07 2.8953004042337436e-06 -1.5320228580676453e-05 5.6839970396223965e-06
