data_processed/hvc_rms/hvc_rms_index_25_with_B.ecsv
# %ECSV 1.0
# ---
# datatype:
# - {name: ra_dec_obj.ra, unit: deg, datatype: float64}
# - {name: ra_dec_obj.dec, unit: deg, datatype: float64}
# - {name: 'H-alpha flux [Error]', unit: R, datatype: float32}
# - {name: H-alpha flux, unit: R, datatype: float32}
# - {name: ra_dec_deg, datatype: string, subtype: 'float64[2]'}
# - {name: RM, unit: rad / m2, datatype: float64}
# - {name: RM_uncert, unit: rad / m2, datatype: float64}
# - {name: pol_int, datatype: float64}
# - {name: pol_int_uncert, datatype: float64}
# - {name: ra_dec_pix_offsets, datatype: string, subtype: 'float64[2]'}
# - {name: interpolation_raw, unit: rad / m2, datatype: float64}
# - {name: interpolation_cor, unit: rad / m2, datatype: float64}
# - {name: interpolation_unc, unit: rad / m2, datatype: float64}
# - {name: interpolation_cor_unc, unit: rad / m2, datatype: float64}
# - {name: HI, unit: dex(1 / cm2), datatype: float64}
# - {name: 'HI [Error]', unit: dex(1 / cm2), datatype: float64}
# - {name: pixel location x, datatype: float64}
# - {name: pixel location y, datatype: float64}
# - {name: 'B_virtual [raw]', unit: G, datatype: float64}
# - {name: 'B_virtual_unc [raw]', unit: G, datatype: float64}
# - {name: 'B_virtual [int]', unit: G, datatype: float64}
# - {name: 'B_virtual_unc [int]', unit: G, datatype: float64}
# meta: !!omap
# - __serialized_columns__:
#     ra_dec_obj:
#       __class__: astropy.coordinates.sky_coordinate.SkyCoord
#       dec: !astropy.table.SerializedColumn
#         __class__: astropy.coordinates.angles.Latitude
#         unit: &id001 !astropy.units.Unit {unit: deg}
#         value: !astropy.table.SerializedColumn {name: ra_dec_obj.dec}
#       frame: icrs
#       ra: !astropy.table.SerializedColumn
#         __class__: astropy.coordinates.angles.Longitude
#         unit: *id001
#         value: !astropy.table.SerializedColumn {name: ra_dec_obj.ra}
#         wrap_angle: !astropy.coordinates.Angle
#           unit: *id001
#           value: 360.0
#       representation_type: spherical
# schema: astropy-2.0
ra_dec_obj.ra ra_dec_obj.dec "H-alpha flux [Error]" "H-alpha flux" ra_dec_deg RM RM_uncert pol_int pol_int_uncert ra_dec_pix_offsets interpolation_raw interpolation_cor interpolation_unc interpolation_cor_unc HI "HI [Error]" "pixel location x" "pixel location y" "B_virtual [raw]" "B_virtual_unc [raw]" "B_virtual [int]" "B_virtual_unc [int]"
[from data line 763]
267.2847287104254 -68.40538035356798 1.5390625 3.3857422 [267.2847287104254,-68.40538035356798] 68.1819597872655 3.0266857122146695 0.00015596327643743377 1.7542778502589477e-05 [-1797.104492188,-1883.709472656] 16.984512510298035 15.060713094338094 10.651717689437616 11.064070883826961 0.0 0.0 10.375251567022133 87.47787668058368 1.363639143164792e-05 2.0944768900188065e-06 1.0239489060569363e-05 2.833114383775427e-06
263.3560187992764 -68.1141051461309 1.625 4.2304688 [263.3560187992764,-68.1141051461309] 49.19155281952686 3.2914131256161094 0.0001746817754106763 2.136676124480226e-05 [-4446.907226562,-2206.0078125] 16.03486977012726 14.621056342008542 10.434797045424858 8.9783110020521 0.0 0.0 27.58155386777173 92.31957375850925 9.838310184550286e-06 1.8616731980361354e-06 6.6313363541824355e-06 2.6899792646050753e-06
268.01998913388957 -68.0627439390773 1.5078125 3.1054688 [268.01998913388957,-68.0627439390773] 74.29579203289477 1.5526488471975972 0.0003092936870940876 1.784649785770338e-05 [-1330.220703125,-2518.674804688] 16.127277511393157 15.575964957514852 11.122682861898168 11.331588717926156 0.0 0.0 9.076099809446191 82.0704067024019 1.4859157833625163e-05 2.1220050802193684e-06 1.1633702455716762e-05 2.916271041886146e-06
268.01663237573155 -68.06108086188485 1.5078125 3.1054688 [268.01663237573155,-68.06108086188485] 78.28194009334536 1.780341939959332 0.0002698740803997996 1.7855552844688144e-05 [-1332.572753906,-2521.592773438] 16.127277511393157 15.575964957514852 11.122682861898168 11.331588717926156 0.0 0.0 9.097950830471746 82.0575124460604 1.565638741497493e-05 2.191534315397662e-06 1.2430932037066528e-05 2.957629004326783e-06
267.5131530271759 -68.33020794243586 1.5546875 3.5625 [267.5131530271759,-68.33020794243586] 54.1040406213915 2.7893660148442216 0.00016684291323202334 1.729505601016998e-05 [-1651.39453125,-2025.314941406] 17.168583276487066 15.507364003835786 11.03905397550687 11.278285389378077 0.0 0.0 9.827093158384855 86.16252464973354 1.0820807707039124e-05 1.8890783415792318e-06 7.3870911841422755e-06 2.7839350472478854e-06
267.5278629598325 -68.32638552210167 1.5546875 3.5625 [267.5278629598325,-68.32638552210167] 53.79514491039991 2.6008229830330514 0.0001784417836818856 1.724709887834386e-05 [-1641.90234375,-2032.584472656] 17.168583276487066 15.507364003835786 11.03905397550687 11.278285389378077 0.0 0.0 9.786534283076548 86.08965032669062 1.0759028567222946e-05 1.8743515047946565e-06 7.325312044326097e-06 2.7748102488305107e-06
269.5528567276734 -67.70420085157147 1.46875 2.6582031 [269.5528567276734,-67.70420085157147] 83.93284694929899 3.164609820342652 0.00015682185071811796 1.8443164906330568e-05 [-304.3505859375,-3184.23046875] 15.375149377137813 16.778621589811145 10.108015127152388 11.397090549021316 0.0 0.0 4.4198840624837885 74.95145708301925 1.6786568742587034e-05 2.341560220038406e-06 1.3711538985729444e-05 2.9207260391875326e-06
264.7539360749135 -67.51767722592116 1.625 4.2421875 [264.7539360749135,-67.51767722592116] 54.14685694754701 2.5147512985885374 0.00022362936763150888 2.0899340415705306e-05 [-3604.912109375,-3366.202148438] 15.385858147069571 14.855243996976355 10.018036957905096 9.802213475874797 0.0 0.0 25.26151832196865 82.55473985088793 1.0829370971940034e-05 1.8741418542215923e-06 7.752199461178676e-06 2.625507809286343e-06
264.7670282196832 -67.52162180024924 1.609375 4.109375 [264.7670282196832,-67.52162180024924] 63.23001332288468 2.859926380703658 0.00019677730329509285 2.091407020419245e-05 [-3595.33984375,-3359.90234375] 15.504898780444183 14.973828242547558 10.09493419687149 9.827407605660309 0.0 0.0 25.186521152464366 82.57053587721089 1.2646002176960144e-05 2.0147329198362956e-06 9.54502254044188e-06 2.715322320303528e-06
269.6910097230665 -68.3209686819232 1.3984375 1.9921875 [269.6910097230665,-68.3209686819232] 62.7991195804961 3.0189924029008823 0.00015612314904685993 1.751612459961274e-05 [-204.4565429688,-2075.012207031] 15.827636616225877 16.26483495603226 10.926383931992346 11.853117368099007 0.0 0.0 1.0086441977994127 81.98466511033484 1.255982343180539e-05 2.0180399941067274e-06 9.394296230619678e-06 2.842160615320966e-06
265.7756348941524 -68.32882687063528 1.5546875 3.5341797 [265.7756348941524,-68.32882687063528] 80.37329881410955 3.192792342127552 0.000160415067042705 1.903375756785548e-05 [-2804.403320312,-1964.490722656] 19.10105748890651 14.722435527291783 10.634685779505427 10.177106572725627 0.0 0.0 16.809234939581756 89.60194081048871 1.6074659142999644e-05 2.287106298979434e-06 1.225444779252175e-05 2.924990240358128e-06
265.78588888696083 -68.3239287826846 1.5546875 3.5341797 [265.78588888696083,-68.3239287826846] 74.56212094617969 2.902627993857034 0.0001758718581573289 1.897127129782199e-05 [-2798.208007812,-1973.754394531] 19.10105748890651 14.722435527291783 10.634685779505427 10.177106572725627 0.0 0.0 16.7939050631569 89.52500842326413 1.4912423614228274e-05 2.1819848845900633e-06 1.1092212263750381e-05 2.8607977447920513e-06
265.55892988265725 -68.35471336411032 1.546875 3.4550781 [265.55892988265725,-68.35471336411032] 69.76903690201623 2.7350531603418 0.00018904554544741216 1.9215023658637378e-05 [-2944.682617188,-1907.834472656] 18.996364461609343 14.61464229184624 10.65122621692632 10.134079096442699 0.0 0.0 17.536942560344414 90.34111218666885 1.3953806842358855e-05 2.101584550705463e-06 1.0154534096533022e-05 2.8177488198254127e-06
267.87966902509 -69.22930144051273 1.4296875 2.272461 [267.87966902509,-69.22930144051273] 42.144249956755374 2.9010570715670605 0.00015835789010890583 1.707279723872581e-05 [-1352.166015625,-417.2197265625] 16.45792175113001 15.355570769374566 10.031279294547712 10.422405724420145 0.0 0.0 3.9881816223833084 95.9601871874263 8.42884966634333e-06 1.7560902178470831e-06 5.137265443037419e-06 2.5717958489179168e-06
264.5476682087699 -67.67749763453037 1.625 4.2714844 [264.5476682087699,-67.67749763453037] 83.19644344290403 3.2363597709664926 0.00016986882073944932 2.0430508174811295e-05 [-3721.0,-3067.411132812] 15.598252254863532 15.107782310382802 10.682913769560393 9.969728681396205 0.0 0.0 25.23108507265158 84.80689895458681 1.663928804698703e-05 2.3338223466451595e-06 1.3519637716304821e-05 2.9948649288309374e-06
263.72058166794585 -67.60001384529225 1.6171875 4.158203 [263.72058166794585,-67.60001384529225] 74.86610619358231 0.27170766217984826 0.002201829306135198 2.223280386646819e-05 [-4297.600585938,-3151.96484375] 17.025053562105178 15.6563383390325 10.015856929112394 9.58324760802984 0.0 0.0 29.010595974912235 85.77031266468134 1.4973220661364527e-05 2.1088227996504364e-06 1.1568210080237186e-05 2.731017516144411e-06
263.68890404403544 -67.57367707985847 1.65625 4.580078 [263.68890404403544,-67.57367707985847] 69.11003488920888 3.2024454271172176 0.00018959672808993092 2.2564269553859833e-05 [-4324.015625,-3196.865234375] 17.146147793124936 15.578556355077602 9.859424266469663 9.552903721327265 0.0 0.0 29.286313451066803 85.54749943511047 1.3822006444879472e-05 2.1182775255008876e-06 1.0392777018482032e-05 2.730446881937063e-06
264.758270852864 -67.92932124524302 1.5390625 3.3925781 [264.758270852864,-67.92932124524302] 93.36256544435162 2.5537865555862203 0.00021020230679563682 1.9949443126689573e-05 [-3539.30078125,-2628.53125] 15.926082936501055 14.248949547143706 11.279586124411582 9.95381767165168 0.0 0.0 23.010706982627198 87.19122418572056 1.8672512368877516e-05 2.466611290140388e-06 1.5487295904395966e-05 3.1571700334952102e-06
264.7432854374727 -67.9261780692507 1.5390625 3.3925781 [264.7432854374727,-67.9261780692507] 86.6716529435165 2.8893324692602946 0.00018596727641280255 1.9968376281294076e-05 [-3549.874023438,-2633.297851562] 15.926082936501055 14.248949547143706 11.279586124411582 9.95381767165168 0.0 0.0 23.088029873238497 87.1878801018745 1.733432992030943e-05 2.37135747619854e-06 1.4149113455827877e-05 3.098603761077903e-06
266.5856019311592 -68.95560459449338 1.53125 3.3457031 [266.5856019311592,-68.95560459449338] 85.47637188902489 0.7632397958743776 0.000625180962535729 1.773272400419143e-05 [-2204.638671875,-871.748046875] 17.393863901967627 16.191590219169086 9.624970366446759 10.441991541760293 0.0 0.0 10.389997757060314 95.19993944463113 1.709527371862887e-05 2.2850623909980302e-06 1.3616501072373223e-05 2.7826780977964296e-06
267.27294894696297 -69.03466797234391 1.53125 3.28125 [267.27294894696297,-69.03466797234391] 66.38459964235074 2.3600488771269976 0.00020004863160296611 1.7545481279007657e-05 [-1754.681640625,-751.8681640625] 16.937864711997893 16.065034114011087 10.071340506441379 10.228875917114495 0.0 0.0 7.306762636619396 94.80986134816226 1.3276919416525836e-05 2.03371484043047e-06 9.889346604747571e-06 2.7062365003160715e-06
269.1124571125858 -68.56395734914683 1.453125 2.5117188 [269.1124571125858,-68.56395734914683] 66.24844413963645 2.7786827820782114 0.00016805064454715018 1.73535309895676e-05 [-582.8310546875,-1633.987792969] 15.836090492136982 15.961289889496499 11.856876287384685 11.784891079425384 0.0 0.0 2.2435765072093545 85.90159398795254 1.3249688317032982e-05 2.052813209916896e-06 1.0082470340730243e-05 3.0031063216505654e-06
268.0012513998259 -68.96150970807231 1.4609375 2.616211 [268.0012513998259,-68.96150970807231] 51.50935059362099 3.017714528965338 0.00015399686317285385 1.727025426362194e-05 [-1290.311523438,-901.5893554688] 16.803864712923563 16.220114721961924 11.213329582956948 10.854634833084459 0.0 0.0 4.800827663376367 92.60268288519592 1.0301869721494733e-05 1.870882949144665e-06 6.941096908497952e-06 2.808496259208775e-06
266.16735771034206 -68.40328222198504 1.546875 3.4345703 [266.16735771034206,-68.40328222198504] 76.35625111098938 2.761811232302533 0.00018025650373842107 1.8500933322349834e-05 [-2536.340820312,-1847.888183594] 17.992398522534693 14.617608422342876 10.220936197018476 10.349179136462173 0.0 0.0 14.860267830919497 89.66140208938555 1.527124963335425e-05 2.2020807710373803e-06 1.167277006760097e-05 2.820202051059174e-06
266.02056927222833 -68.06200432185003 1.5390625 3.3710938 [266.02056927222833,-68.06200432185003] 45.8489100101612 2.5305685949691363 0.0002046674346183253 1.924755472835593e-05 [-2672.958007812,-2454.55078125] 19.539695871721367 15.608023523912642 10.94092383337743 10.220142396088972 0.0 0.0 17.216373691236186 86.04838761343649 9.169781648454924e-06 1.7742151552549615e-06 5.261842624796745e-06 2.7039016484637185e-06
268.8792417992771 -68.7769774130307 1.421875 2.2050781 [268.8792417992771,-68.7769774130307] 58.799120901902675 3.2433580006099296 0.00014002316001838228 1.687731927727294e-05 [-729.2377929688,-1248.135742188] 16.264345932076772 15.999639738521966 12.28396802263083 11.688091344457556 0.0 0.0 2.1879199493397437 88.83495772460537 1.1759823726933869e-05 1.9781587237538443e-06 8.50695466594579e-06 3.036193916187402e-06
267.48938056767435 -67.39936817666738 1.5234375 3.2207031 [267.48938056767435,-67.39936817666738] 57.04769839932371 0.5890865734169998 0.0009517940071386927 2.0836788977204883e-05 [-1735.165039062,-3698.106445312] 16.80039156289174 14.536210723568818 11.5001195661592 11.423243302460971 0.0 0.0 14.547693690586357 75.42334443398477 1.1409539239924684e-05 1.848321274138197e-06 8.049461056907483e-06 2.8252305009229108e-06
267.4122620577293 -68.30498514727127 1.578125 3.7910156 [267.4122620577293,-68.30498514727127] 63.65634967324185 3.1907034934955063 0.0001483344914054191 1.75888440339148e-05 [-1720.291992188,-2067.886230469] 17.020478042438526 15.321700289357024 11.11750540947931 11.324945759171534 0.0 0.0 10.359376722735306 86.06539706580247 1.2731269443743759e-05 2.040387538809379e-06 9.327173966514463e-06 2.876651955427093e-06
268.3312988295645 -69.04446413017799 1.453125 2.569336 [268.3312988295645,-69.04446413017799] 64.6045635584005 3.133354064326818 0.0001480373998826457 1.7238109059826033e-05 [-1073.087890625,-758.7231445312] 17.271873916010964 16.140124828321067 11.121461794476826 10.893984865294293 0.0 0.0 3.1025136068266193 92.97268764233422 1.292091221346306e-05 2.0500188086651173e-06 9.46653756345799e-06 2.8797846826403866e-06
269.27685576578403 -68.61882022889742 1.4609375 2.6425781 [269.27685576578403,-68.61882022889742] 69.77006517550019 2.654510835085107 0.00017351805805693765 1.71174033393837e-05 [-473.5346679688,-1536.676757812] 15.716455022261902 15.711286413431838 11.9647104783926 11.790920626727987 0.0 0.0 1.3250544412625231 86.25257679404422 1.3954012497047719e-05 2.097464588166922e-06 1.081072161379739e-05 3.043518610853287e-06
267.59756424401206 -68.58795927769928 1.484375 2.8486328 [267.59756424401206,-68.58795927769928] 71.0910450038928 0.6529789230426535 0.0006990355132987407 1.6963173587581873e-05 [-1577.250976562,-1564.032226562] 17.607584840764186 16.295428530634837 10.753519327777564 10.930729750696996 0.0 0.0 8.219636743131673 88.99782467974842 1.4218208452539116e-05 2.053540023063472e-06 1.0696691620172334e-05 2.8054205795811193e-06
267.6561279853406 -68.61101545271615 1.484375 2.8486328 [267.6561279853406,-68.61101545271615] 60.58113924955503 0.7677754795520949 0.0005929402906580078 1.6918190195799617e-05 [-1537.219726562,-1524.05859375] 17.607584840764186 16.295428530634837 10.753519327777564 10.930729750696996 0.0 0.0 7.872590004774565 89.15500469138101 1.2116227382721783e-05 1.9000538150145847e-06 8.594710550355002e-06 2.7253622344483208e-06
267.5367121732754 -68.58078014350984 1.5 3.015625 [267.5367121732754,-68.58078014350984] 62.65360140915297 1.198418927179564 0.0003818100096340406 1.7004531554650914e-05 [-1617.719726562,-1575.353027344] 17.645173890103628 16.116938518152 10.56783897126683 10.840631943578725 0.0 0.0 8.498171482491443 89.03024443179265 1.253071979865897e-05 1.938367872152613e-06 9.001685156714178e-06 2.7170681984110916e-06
264.84527525256044 -68.45809170311121 1.5703125 3.7402344 [264.84527525256044,-68.45809170311121] 63.78419183116199 2.8740024581585364 0.00018015760128831026 1.9241921085885296e-05 [-3401.302734375,-1685.325683594] 18.57782622524055 14.82776416243399 10.79151229570126 9.896501924677484 0.0 0.0 19.813474880903755 92.99255650757073 1.2756837874341897e-05 2.0232583422163416e-06 9.041272772562142e-06 2.802574167579625e-06
265.3365173115844 -68.58367911386564 1.609375 4.1289062 [265.3365173115844,-68.58367911386564] 27.0873247852347 2.50814273311346 0.0001982119612633266 1.8475270666054384e-05 [-3060.716796875,-1485.972167969] 18.360398153164716 15.224264716800684 10.453451260408992 10.16742071215188 0.0 0.0 17.21039127490417 93.40772014057916 5.417464748155091e-06 1.5927419219812825e-06 1.7453852591137422e-06 2.5722307840833874e-06
267.2955622270062 -67.22313677235387 1.5234375 3.2714844 [267.2955622270062,-67.22313677235387] 64.62883874852623 1.281189183231124 0.00047716774822992693 2.271920072416105e-05 [-1882.909179688,-4009.079101562] 15.487243847175511 14.111267316223348 11.290109535718598 11.320673405703381 0.0 0.0 16.24693610403449 73.78626572324015 1.2925767251301001e-05 1.9689868195343383e-06 9.828318601300324e-06 2.8626271474789876e-06
265.0569461986772 -68.08216083067086 1.5625 3.6416016 [265.0569461986772,-68.08216083067086] 76.22066433358465 2.5494621638948938 0.0002092279031089782 1.982334214316882e-05 [-3316.109375,-2371.19140625] 17.426954399108002 13.810326345289488 11.385384627854805 9.984224484169637 0.0 0.0 20.98814924075441 88.2855270923244 1.5244132278918921e-05 2.1897207659556008e-06 1.1758741533490392e-05 2.9895023514791298e-06
267.1598517201748 -67.8687743267049 1.4296875 2.2763672 [267.1598517201748,-67.8687743267049] 53.442773192209515 1.6916484819295619 0.00029268356348214535 1.839997193242939e-05 [-1924.151367188,-2844.547851562] 16.61083305853201 15.165974567692558 11.694979768627785 11.317372606484078 0.0 0.0 13.5634483253815 81.5132949154613 1.0688554226302283e-05 1.827660084265242e-06 7.366387742695192e-06 2.8542298245351816e-06
