data_processed/hvc_rms/hvc_rms_index_21_with_B.ecsv
# %ECSV 1.0
# ---
# datatype:
# - {name: ra_dec_obj.ra, unit: deg, datatype: float64}
# - {name: ra_dec_obj.dec, unit: deg, datatype: float64}
# - {name: 'H-alpha flux [Error]', unit: R, datatype: float32}
# - {name: H-alpha flux, unit: R, datatype: float32}
# - {name: ra_dec_deg, datatype: string, subtype: 'float64[2]'}
# - {name: RM, unit: rad / m2, datatype: float64}
# - {name: RM_uncert, unit: rad / m2, datatype: float64}
# - {name: pol_int, datatype: float64}
# - {name: pol_int_uncert, datatype: float64}
# - {name: ra_dec_pix_offsets, datatype: string, subtype: 'float64[2]'}
# - {name: interpolation_raw, unit: rad / m2, datatype: float64}
# - {name: interpolation_cor, unit: rad / m2, datatype: float64}
# - {name: interpolation_unc, unit: rad / m2, datatype: float64}
# - {name: interpolation_cor_unc, unit: rad / m2, datatype: float64}
# - {name: HI, unit: dex(1 / cm2), datatype: float64}
# - {name: 'HI [Error]', unit: dex(1 / cm2), datatype: float64}
# - {name: pixel location x, datatype: float64}
# - {name: pixel location y, datatype: float64}
# - {name: 'B_virtual [raw]', unit: G, datatype: float64}
# - {name: 'B_virtual_unc [raw]', unit: G, datatype: float64}
# - {name: 'B_virtual [int]', unit: G, datatype: float64}
# - {name: 'B_virtual_unc [int]', unit: G, datatype: float64}
# meta: !!omap
# - __serialized_columns__:
#     ra_dec_obj:
#       __class__: astropy.coordinates.sky_coordinate.SkyCoord
#       dec: !astropy.table.SerializedColumn
#         __class__: astropy.coordinates.angles.Latitude
#         unit: &id001 !astropy.units.Unit {unit: deg}
#         value: !astropy.table.SerializedColumn {name: ra_dec_obj.dec}
#       frame: icrs
#       ra: !astropy.table.SerializedColumn
#         __class__: astropy.coordinates.angles.Longitude
#         unit: *id001
#         value: !astropy.table.SerializedColumn {name: ra_dec_obj.ra}
#         wrap_angle: !astropy.coordinates.Angle
#           unit: *id001
#           value: 360.0
#       representation_type: spherical
# schema: astropy-2.0
ra_dec_obj.ra ra_dec_obj.dec "H-alpha flux [Error]" "H-alpha flux" ra_dec_deg RM RM_uncert pol_int pol_int_uncert ra_dec_pix_offsets interpolation_raw interpolation_cor interpolation_unc interpolation_cor_unc HI "HI [Error]" "pixel location x" "pixel location y" "B_virtual [raw]" "B_virtual_unc [raw]" "B_virtual [int]" "B_virtual_unc [int]"
[from data line 1061]
170.96223521648616 -68.79897308519607 3.71875 25.132812 [170.96223521648616,-68.79897308519607] -114.60370146307221 2.1973054969907464 0.00021957204919318386 1.7929831177317695e-05 [-1375.25390625,-1191.447265625] 9.086979100431302 12.351498440576009 21.4502953168841 21.420105318284197 0.0 0.0 10.80121656850838 76.58904674390692 -9.677646274880756e-06 7.086903524439674e-07 -1.0444991206314273e-05 1.9500721872456148e-06
168.40408281261747 -67.41318492780294 5.0 37.84375 [168.40408281261747,-67.41318492780294] -78.27967660740947 2.0525050964218776 0.000276969292224559 2.112635477027613e-05 [-3225.985351562,-3585.576171875] 28.01511407689882 7.075259751076949 31.529146482538255 21.458082938369937 0.0 0.0 22.321589132691884 93.28050865672253 -6.610284057558732e-06 6.593127572022272e-07 -8.976004893146401e-06 2.751364811838907e-06
175.65983565286012 -70.00169361299484 3.0 17.976562 [175.65983565286012,-70.00169361299484] -51.37547555935273 0.766132561029774 0.0006525413956787207 1.8578929687514036e-05 [1590.465820312,983.1782226562] 11.66270444339091 33.508285909474736 21.25137308623818 30.12749851071986 0.0 0.0 3.0008572890665164 53.138858926989315 -4.338373659138782e-06 6.143223712695737e-07 -5.323224294595662e-06 1.8999653586131815e-06
175.6668850084638 -69.9987946742506 3.0 17.976562 [175.6668850084638,-69.9987946742506] -59.919433198797734 3.0248797598684054 0.00016504075880250795 1.8552738823644474e-05 [1595.022460938,978.1484375] 11.66270444339091 33.508285909474736 21.25137308623818 30.12749851071986 0.0 0.0 3.042080389923399 53.12002838188232 -5.059863443207903e-06 6.685995191202607e-07 -6.044714078664783e-06 1.918670967285569e-06
168.39993321749043 -68.91139217860298 3.9375 27.320312 [168.39993321749043,-68.91139217860298] -92.38817524124238 2.0946970666984575 0.0002386508697345245 1.8577742935431943e-05 [-3024.739257812,-897.1743164062] 14.87993999374118 21.531026304388607 25.010942661787286 24.827258948870693 0.0 0.0 5.621091607164544 86.57300056170402 -7.801668432625086e-06 6.764965296323538e-07 -9.058196747264897e-06 2.2237630955184916e-06
172.60232577018581 -69.09089667181343 3.109375 19.0625 [172.60232577018581,-69.09089667181343] -13.931529316777606 0.6824257156338877 0.0007222097558954674 1.831586516601013e-05 [-303.876953125,-688.61328125] 4.143218250398521 13.503510705084238 19.81758103377782 22.31217494122587 0.0 0.0 9.767320718506767 68.70238428996527 -1.1764402988270687e-06 5.953846784682528e-07 -1.5263120756990152e-06 1.7765779897007541e-06
172.4556734789549 -67.77603155108312 3.953125 27.507812 [172.4556734789549,-67.77603155108312] -146.83215126795017 0.9535025607102717 0.0005217381289055335 1.8487710983400495e-05 [-421.9462890625,-3053.962890625] 10.282930128670603 -11.524625873975896 24.922450513936976 15.943305664002688 0.0 0.0 24.55993274958894 74.26849201833511 -1.2399159919009065e-05 7.417898653621376e-07 -1.3267496274503253e-05 2.2377692800381185e-06
180.17489608631865 -68.30752546627797 4.5 32.984375 [180.17489608631865,-68.30752546627797] -56.88882199282163 1.2086280895262582 0.0005743907604680947 2.5799354014688036e-05 [4711.384033203,-1826.127929688] 23.67857336359546 6.553697379530622 22.843825752486456 15.47362440337126 0.0 0.0 27.223380726287473 38.98026724639317 -4.803945153713763e-06 6.237018696406715e-07 -6.803469203820717e-06 2.0345806208691536e-06
175.95269802890473 -68.37374135182785 3.671875 24.65625 [175.95269802890473,-68.37374135182785] 1.1913429565155693 0.6603160184658549 0.0007559366929614426 1.8550087496015984e-05 [1907.961425781,-1935.73046875] 20.817784901103824 1.8561915505485622 29.131094504787637 16.954432442246404 0.0 0.0 22.17673889868331 57.10341945708865 1.0060229798898202e-07 5.937460293502558e-07 -1.6573440504049511e-06 2.531282922977176e-06
175.95524630898447 -68.35339379700586 3.796875 25.921875 [175.95524630898447,-68.35339379700586] 9.391843287758208 0.6582956021099439 0.0007626289854684622 1.865704952977349e-05 [1911.359375,-1972.229492188] 22.029497228481436 1.1252482338737622 29.442827092025542 16.284173747353815 0.0 0.0 22.415422990526054 57.156431485489975 7.930890193570586e-07 5.943885285575918e-07 -1.0671797072983791e-06 2.556471557959971e-06
175.95631377858106 -68.35901620649597 3.796875 25.921875 [175.95631377858106,-68.35901620649597] 16.836624948936013 2.2610623948697897 0.00022039021561871363 1.851883064132199e-05 [1911.594726562,-1962.088867188] 22.029497228481436 1.1252482338737622 29.442827092025542 16.284173747353815 0.0 0.0 22.351510835834347 57.13416978500891 1.4217594950119252e-06 6.232364536533022e-07 -4.3850923164351257e-07 2.5627555156177872e-06
169.2861626234143 -69.06549071728546 3.921875 27.242188 [169.2861626234143,-69.06549071728546] -79.75678649538558 1.4080413950757522 0.0003501045901664456 1.8319850732251147e-05 [-2435.216796875,-660.0224609375] 13.44744837300589 22.161221096483768 21.509380589707433 24.085180905527746 0.0 0.0 5.29372108158509 82.30926986103827 -6.73501778624696e-06 6.487638064051734e-07 -7.870580137133203e-06 1.934161604293645e-06
176.66955545944333 -68.25194529469317 3.828125 26.34375 [176.66955545944333,-68.25194529469317] 121.985064456576 1.4485856224323819 0.0003551376117571771 1.911831193874501e-05 [2395.522949219,-2129.416992188] 30.41204624180858 -0.44718514061253956 30.841651174440152 14.26554202287354 0.0 0.0 24.400544695405188 54.38630162529944 1.0300961396169766e-05 7.060591631816717e-07 7.732832947732389e-06 2.687545773611759e-06
168.7895360063002 -68.49915326450903 5.0625 38.6875 [168.7895360063002,-68.49915326450903] -68.28521768416356 2.4942112347554617 0.00020217178599249568 1.8739693435606006e-05 [-2824.8671875,-1655.791503906] 19.23029810703467 10.036579475149434 25.76265081542794 21.830255489820846 0.0 0.0 10.845379135205917 86.82180315091614 -5.766307493685131e-06 6.601583700358019e-07 -7.390199396516535e-06 2.2794021936592656e-06
176.18803373970485 -68.35318729797264 3.875 26.703125 [176.18803373970485,-68.35318729797264] 40.93680601949607 1.3559668793808257 0.00036879494361466284 1.858415173966718e-05 [2065.734375,-1965.038085938] 24.580301290901236 2.3899417664405433 29.347313028231227 16.1793837356772 0.0 0.0 22.684301830608092 56.15565284698937 3.4568859750812444e-06 6.145166781470954e-07 1.3812160081737017e-06 2.550783794252825e-06
178.5179292631775 -68.24108891984912 4.0625 28.671875 [178.5179292631775,-68.24108891984912] -35.43417071109976 1.199123463713415 0.0004626982653096527 2.0619136587397283e-05 [3626.128662109,-2057.961914062] 25.8588270299737 -0.9978128174678638 28.33512179956777 13.226432844476454 0.0 0.0 26.46412481796665 46.38384811436731 -2.9922189755473068e-06 6.090850979840353e-07 -5.175853342366145e-06 2.4736118241801436e-06
178.46589675572577 -70.34743508485498 3.0625 18.570312 [178.46589675572577,-70.34743508485498] -98.89830161566113 1.9542394062297608 0.00028788100079773187 2.090737328673497e-05 [3258.504638672,1715.480957031] 18.73629584180295 46.2944692703435 21.330768825366906 29.95110257964193 18.400146484375 9.2000732421875 1.7725177622153296 40.93405143782297 -8.35141245879598e-06 6.817758813284257e-07 -9.933588613175377e-06 1.9354449822169637e-06
172.36029074609232 -69.65080256865046 2.921875 17.257812 [172.36029074609232,-69.65080256865046] -52.4685417056002 1.5104915661462757 0.0003208847768849545 1.8012588270487525e-05 [-447.5537109375,320.65625] 14.146485556306734 23.40131307723354 19.944822944681867 26.215285195556543 0.0 0.0 3.0653984611749365 67.5634072355308 -4.430677026162567e-06 6.248994960290092e-07 -5.625269185917196e-06 1.8006429629028892e-06
167.52200294764793 -68.5782928477262 4.40625 31.929688 [167.52200294764793,-68.5782928477262] -42.937050743752486 0.2521962719376699 0.002070012125361889 1.9400827532669594e-05 [-3645.16015625,-1446.762207031] 23.241485881368916 24.245910016043894 28.488727110697777 24.78697518479326 0.0 0.0 7.877872203730362 91.6645485926083 -3.6257955360938737e-06 6.053805046649107e-07 -5.588409975165885e-06 2.485319103620317e-06
168.3466034899063 -68.50493630997572 4.8125 36.265625 [168.3466034899063,-68.50493630997572] -124.01833504537754 2.8468018828273918 0.00018177880541324178 1.9231324350169606e-05 [-3115.377929688,-1623.900878906] 20.111044014698745 14.516224275271924 26.722141361864225 23.256796485501877 0.0 0.0 10.061916341143387 88.62105261367992 -1.0472659808073857e-05 7.38820547693457e-07 -1.2170925812645492e-05 2.3846230607944443e-06
168.35783393435815 -68.51230618450668 4.8125 36.265625 [168.35783393435815,-68.51230618450668] -114.3654317124028 3.118812008751358 0.0001659664919913891 1.9236157106480793e-05 [-3106.98046875,-1611.247558594] 20.111044014698745 14.516224275271924 26.722141361864225 23.256796485501877 0.0 0.0 9.998209937078741 88.54166018537558 -9.657525717380911e-06 7.325866109850376e-07 -1.1355791721952547e-05 2.3819643970530295e-06
175.94740292282282 -68.46901692593718 3.5625 23.5625 [175.94740292282282,-68.46901692593718] -40.04390211651496 3.04961279598482 0.00016275030864790126 1.844485414159193e-05 [1896.466796875,-1764.615722656] 18.27511497778745 3.1326330977091033 28.44368328865151 18.188390507919873 0.0 0.0 21.066808985008606 56.82648097631568 -3.381485198141278e-06 6.558855041266601e-07 -4.9247171891672425e-06 2.4931040568955105e-06
167.52539062644107 -67.99173760904308 4.96875 37.671875 [167.52539062644107,-67.99173760904308] -41.205581559307326 1.1670566718865647 0.0004609955737520741 1.9993894880978408e-05 [-3737.833984375,-2498.22265625] 26.251524849268378 12.344267831008015 27.47009556135809 19.51595255637119 0.0 0.0 14.382947551625762 94.37446750115328 -3.479582577096944e-06 6.119076956737054e-07 -5.6963780943806775e-06 2.4044002900470626e-06
171.24765011276958 -68.94109350202183 3.390625 21.898438 [171.24765011276958,-68.94109350202183] -36.37867040680843 0.9049408109380332 0.0005294241574039769 1.78046168279392e-05 [-1181.955078125,-941.74609375] 4.541393396992236 16.051637974696078 20.17107992554853 22.94835193235375 0.0 0.0 9.603450171225518 74.84328796752084 -3.0719767307080014e-06 6.059556499892414e-07 -3.4554721879235054e-06 1.8087839475141834e-06
168.1882636430566 -69.22758473625926 3.84375 26.453125 [168.1882636430566,-69.22758473625926] -76.95854950165274 0.24531084703050532 0.0020654340490247236 1.8829413264980026e-05 [-3116.049804688,-319.1489257812] 14.810432872770031 29.419463153862146 23.60504597012618 28.01286622189037 0.0 0.0 1.7624731996164655 85.99207024089674 -6.498722208766348e-06 6.350061731033282e-07 -7.749381032964261e-06 2.0973948596500356e-06
173.6262356920668 -66.98549629136777 4.28125 30.710938 [173.6262356920668,-66.98549629136777] 11.97456762815079 2.4153218240518424 0.0002885202181391156 2.5897626347867553e-05 [387.5634765625,-4476.376953125] 12.0544690216981 -7.224487688452815 24.05331031037651 16.663012460186792 0.0 0.0 35.23747675628499 71.98583999272773 1.0111857498531322e-06 6.263424806750826e-07 -6.747229048880804e-09 2.1252430018745806e-06
179.28083811452788 -70.35996243431215 3.171875 19.757812 [179.28083811452788,-70.35996243431215] -131.3206925769544 0.6611058174925009 0.0008681038189434875 2.132805975024068e-05 [3747.022705078,1784.572265625] 21.055271418048044 49.161414164814744 21.084570411520104 31.290759361385028 0.0 0.0 2.339944446973732 37.66017442153634 -1.1089303356764852e-05 7.127346779171009e-07 -1.286730412291928e-05 1.931820367032053e-06
180.31484972257968 -69.09687031431977 3.84375 26.445312 [180.31484972257968,-69.09687031431977] -143.76498832650543 2.09962833015874 0.00031517050819778846 2.459216132845187e-05 [4636.988525391,-404.4453125] 23.580192619585148 16.598493204959013 21.99558674609064 19.6172569531409 0.0 0.0 18.05338065992521 36.515050821136356 -1.2140155038400655e-05 7.531069310849255e-07 -1.413137138091495e-05 2.020707080950129e-06
176.72241185639288 -67.70114920452946 4.03125 28.304688 [176.72241185639288,-67.70114920452946] 108.7675568797108 0.5824961806853917 0.0009041778057389068 1.9572920304250455e-05 [2489.143066406,-3116.681640625] 28.565863960659456 -10.371966184428494 31.722871514494567 10.132880524135613 0.0 0.0 30.86105677079877 55.809571835129645 9.184816268818235e-06 6.77112007663868e-07 6.772587663473366e-06 2.7542506381250025e-06
176.716919136273 -67.70413957229337 4.03125 28.304688 [176.716919136273,-67.70413957229337] 104.76292654389255 0.1314092066818893 0.0040277685160765376 1.9669757216197725e-05 [2485.083007812,-3111.534179688] 28.565863960659456 -10.371966184428494 31.722871514494567 10.132880524135613 0.0 0.0 30.820082104353105 55.82494790938631 8.846647471851465e-06 6.696832264752913e-07 6.434418866506597e-06 2.752808392300531e-06
176.71264685110174 -67.70390333091672 4.03125 28.304688 [176.71264685110174,-67.70390333091672] 102.97315375827274 0.12667683095953639 0.004174709186462542 1.965314783192738e-05 [2482.196289062,-3112.131835938] 28.565863960659456 -10.371966184428494 31.722871514494567 10.132880524135613 0.0 0.0 30.81799142495754 55.84458599561708 8.69551109745419e-06 6.671695438101032e-07 6.2832824921093215e-06 2.7523654212305064e-06
176.73318459721318 -67.69803604689442 4.03125 28.304688 [176.73318459721318,-67.69803604689442] 117.9725429526366 0.2915896409917413 0.0018120864113452565 1.9636301783224478e-05 [2496.81640625,-3121.833984375] 28.565863960659456 -10.371966184428494 31.722871514494567 10.132880524135613 0.0 0.0 30.909431307387308 55.77115499811657 9.962126233869268e-06 6.895524960374928e-07 7.5498976285243996e-06 2.7564755913647945e-06
176.73731970459687 -67.70276627376818 4.03125 28.398438 [176.73731970459687,-67.70276627376818] 102.88029261240308 0.20313742825618264 0.0026040149259289945 1.9658126359809345e-05 [2499.132324219,-3113.169921875] 29.378761824648535 -10.22050217848789 31.806938316093344 9.94518707008925 0.0 0.0 30.859123087138187 55.73866438706045 8.687669489278069e-06 6.671751639998414e-07 6.206796172768897e-06 2.759088921058807e-06
176.68722519021915 -67.70059965915397 4.03125 28.304688 [176.68722519021915,-67.70059965915397] 90.21222445602427 1.1570624885033507 0.0004551394928187047 1.9570865782582322e-05 [2465.216796875,-3119.092773438] 28.565863960659456 -10.371966184428494 31.722871514494567 10.132880524135613 0.0 0.0 30.827580970650274 55.96714089963848 7.617921470336303e-06 6.575134698000859e-07 5.205692864991435e-06 2.751235443630151e-06
176.67446892639157 -67.69792192917664 4.03125 28.304688 [176.67446892639157,-67.69792192917664] 71.50629536560415 0.8237078773072648 0.0006411923227197664 1.962773727470139e-05 [2456.801269531,-3124.415039062] 28.565863960659456 -10.371966184428494 31.722871514494567 10.132880524135613 0.0 0.0 30.844226821913935 56.0317102774743 6.038309619505993e-06 6.327280348356043e-07 3.626081014161124e-06 2.747171532352966e-06
178.71536250950874 -69.98082746704758 3.171875 19.648438 [178.71536250950874,-69.98082746704758] -103.13772771536769 0.995092915560497 0.0005638301321416553 2.0850699014976363e-05 [3469.8125,1072.038085938] 23.978752581496256 44.77032003073158 22.064537703607378 28.24247786562358 0.0 0.0 6.287522447541619 40.917411806920654 -8.709408454367531e-06 6.725827912808337e-07 -1.0734280972742329e-05 1.9934286512545377e-06
178.73730460309028 -69.9783248138342 3.171875 19.648438 [178.73730460309028,-69.9783248138342] -88.86004012257094 2.270223150958871 0.00024717411127043185 2.0853561282642568e-05 [3483.685058594,1068.799316406] 23.978752581496256 44.77032003073158 22.064537703607378 28.24247786562358 0.0 0.0 6.3365884837277235 40.83531740052922 -7.503737011103864e-06 6.762737811834008e-07 -9.528609529478662e-06 1.9931291363521584e-06
