data_processed/hvc_rms/hvc_rms_index_9.ecsv
# %ECSV 1.0
# ---
# datatype:
# - {name: ra_dec_obj.ra, unit: deg, datatype: float64}
# - {name: ra_dec_obj.dec, unit: deg, datatype: float64}
# - {name: 'H-alpha flux [Error]', unit: R, datatype: float32}
# - {name: H-alpha flux, unit: R, datatype: float32}
# - {name: ra_dec_deg, datatype: string, subtype: 'float64[2]'}
# - {name: RM, unit: rad / m2, datatype: float64}
# - {name: RM_uncert, unit: rad / m2, datatype: float64}
# - {name: pol_int, datatype: float64}
# - {name: pol_int_uncert, datatype: float64}
# - {name: ra_dec_pix_offsets, datatype: string, subtype: 'float64[2]'}
# - {name: interpolation_raw, unit: rad / m2, datatype: float64}
# - {name: interpolation_cor, unit: rad / m2, datatype: float64}
# - {name: interpolation_unc, unit: rad / m2, datatype: float64}
# - {name: interpolation_cor_unc, unit: rad / m2, datatype: float64}
# - {name: HI, unit: dex(1 / cm2), datatype: float64}
# - {name: 'HI [Error]', unit: dex(1 / cm2), datatype: float64}
# - {name: pixel location x, datatype: float64}
# - {name: pixel location y, datatype: float64}
# meta: !!omap
# - __serialized_columns__:
#     ra_dec_obj:
#       __class__: astropy.coordinates.sky_coordinate.SkyCoord
#       dec: !astropy.table.SerializedColumn
#         __class__: astropy.coordinates.angles.Latitude
#         unit: &id001 !astropy.units.Unit {unit: deg}
#         value: !astropy.table.SerializedColumn {name: ra_dec_obj.dec}
#       frame: icrs
#       ra: !astropy.table.SerializedColumn
#         __class__: astropy.coordinates.angles.Longitude
#         unit: *id001
#         value: !astropy.table.SerializedColumn {name: ra_dec_obj.ra}
#         wrap_angle: !astropy.coordinates.Angle
#           unit: *id001
#           value: 360.0
#       representation_type: spherical
# schema: astropy-2.0
ra_dec_obj.ra ra_dec_obj.dec "H-alpha flux [Error]" "H-alpha flux" ra_dec_deg RM RM_uncert pol_int pol_int_uncert ra_dec_pix_offsets interpolation_raw interpolation_cor interpolation_unc interpolation_cor_unc HI "HI [Error]" "pixel location x" "pixel location y"
[from data line 338]
51.89193708329815 -50.71253961219656 1.21875 0.17260742 [51.89193708329815,-50.71253961219656] 8.088468626982602 0.4897003179166279 0.0008651054403184089 1.5743748094117996e-05 [-1469.055664062,-716.73828125] 17.30394866051485 16.224056320602124 5.875016952295253 5.925679930066337 0.0 0.0 46.0085571026749 61.534745732628835
48.59052665132942 -53.078880323049695 1.2578125 0.59521484 [48.59052665132942,-53.078880323049695] 30.34283670031964 1.7718826068705036 0.00035157753960082447 2.3150734307492257e-05 [-4958.190429688,3683.856689453] 18.671101930958795 20.777188324995976 5.31367625458022 6.741984548032139 0.0 0.0 37.11286139127856 1.5783738925588295
51.65595209727827 -52.07003406438036 1.2109375 0.1000061 [51.65595209727827,-52.07003406438036] 22.986004339833535 2.1165236246658785 0.00020208285868721822 1.589502811531115e-05 [-1687.102539062,1731.284179688] 17.793263958188778 18.94169988645829 5.1970778178793635 5.789569751914262 0.0 0.0 51.19700910679694 36.269918401846326
52.16022146322481 -52.121452270294434 1.2578125 0.560791 [52.16022146322481,-52.121452270294434] 15.71731457585724 1.176558468065251 0.0003585452913833838 1.5677118481555122e-05 [-1127.98828125,1814.159667969] 17.0935094403429 19.21182773867035 5.674477147542228 6.24234537486903 0.0 0.0 54.82133480741959 37.933764918571796
52.16794992066811 -52.1171418079539 1.2578125 0.560791 [52.16794992066811,-52.1171418079539] 12.795686005161155 0.5978755834535292 0.0007092370866971482 1.5758357835429206e-05 [-1119.556640625,1806.284667969] 17.0935094403429 19.21182773867035 5.674477147542228 6.24234537486903 0.0 0.0 54.85101324909431 38.04781261862786
53.33102432420239 -50.99013893009698 1.265625 0.6188965 [53.33102432420239,-50.99013893009698] 14.01253456257682 0.8534208719946393 0.0004932560188776033 1.5643875703579243e-05 [170.0546875,-229.7758789062] 16.563066445477652 19.11702702640748 5.697083341409082 6.293507923947318 0.0 0.0 57.34358671001576 63.49741563466159
53.335144151829375 -50.987751048001996 1.265625 0.6188965 [53.335144151829375,-50.987751048001996] 14.051273953493151 1.1804345373832248 0.00035608832991242156 1.5620982707128562e-05 [174.7314453125,-234.064453125] 16.563066445477652 19.11702702640748 5.697083341409082 6.293507923947318 0.0 0.0 57.36138640501042 63.558798181540624
53.328968063653264 -50.995525402871166 1.265625 0.6188965 [53.328968063653264,-50.995525402871166] 6.459878273454558 3.2261997219958616 0.0001301216530890039 1.5600895384675434e-05 [167.7055664062,-220.0849609375] 16.563066445477652 19.11702702640748 5.697083341409082 6.293507923947318 0.0 0.0 57.35395794360534 63.3923852626267
52.4569551687674 -52.141639781098704 1.28125 0.8100586 [52.4569551687674,-52.141639781098704] 30.864653089641685 1.9798845452377651 0.00021447776832619225 1.5780866680916898e-05 [-799.7192382812,1846.599121094] 17.544524031532315 19.359993640823024 5.525821982172971 6.315184586439419 0.0 0.0 56.905820289103644 39.05798912270052
52.46382884220191 -52.13983911992067 1.28125 0.8100586 [52.46382884220191,-52.13983911992067] 27.30803747736283 2.0525539489283404 0.00020647395924709906 1.5749565237271845e-05 [-792.1586914062,1843.284179688] 17.544524031532315 19.359993640823024 5.525821982172971 6.315184586439419 0.0 0.0 56.94274500755216 39.12332886794297
48.57042319968137 -52.18788155699708 1.25 0.5131836 [48.57042319968137,-52.18788155699708] 30.326698813873918 0.9880655691584163 0.0006539339417770993 2.401200076651566e-05 [-5082.334960938,2085.205078125] 17.415735815577946 18.530882784577624 5.150592718332283 5.739383669807375 0.0 0.0 31.673258336014783 16.953387788932332
48.55934141467107 -52.190361090072614 1.25 0.5131836 [48.55934141467107,-52.190361090072614] 32.31696011718847 2.971156432166355 0.0002184983162891631 2.412583292865592e-05 [-5094.240234375,2090.424804688] 17.415735815577946 18.530882784577624 5.150592718332283 5.739383669807375 0.0 0.0 31.616717483864136 16.84284062389247
52.19931049550787 -50.93317018528346 1.21875 0.17218018 [52.19931049550787,-50.93317018528346] 4.941698786715055 3.187806207439929 0.00013342111035598671 1.5806116031935204e-05 [-1113.5078125,-325.0517578125] 16.36299886082887 16.25588003038711 5.561738141814175 5.956888706395183 0.0 0.0 49.205981214690155 59.110870126060945
53.192459131270674 -52.51686090990074 1.2578125 0.56933594 [53.192459131270674,-52.51686090990074] 23.120027240136697 1.8151585503752983 0.00023665615648218126 1.596397635332922e-05 [12.6572265625,2517.903076172] 18.851132077285207 21.164911330067003 5.406170388758684 6.025142783787414 0.0 0.0 63.68314090180661 36.10955882166422
49.013980470384354 -51.86093898544975 1.265625 0.6242676 [49.013980470384354,-51.86093898544975] 29.593364913769083 0.6633100805123997 0.0008086191185074257 1.9932845747136822e-05 [-4628.006835938,1468.57421875] 15.8359380622196 16.912994793949938 5.531991817878041 5.626222004788529 18.288864135742188 9.144432067871094 32.650661432300694 25.367560344494905
51.242382423457045 -52.92659000851678 1.2109375 0.1000061 [51.242382423457045,-52.92659000851678] 23.30553102471499 0.9949145446234514 0.00046433653017329717 1.716830162702021e-05 [-2103.09375,3282.848388672] 20.035016193759194 21.002830707578283 5.222688404677394 5.873040058741252 0.0 0.0 53.04134231477792 19.226654512975074
51.244949144722085 -52.92658231776437 1.2109375 0.1000061 [51.244949144722085,-52.92658231776437] 23.62195019549441 0.7551312067861136 0.0006128510166438525 1.7198320280842423e-05 [-2100.310546875,3282.761230469] 20.035016193759194 21.002830707578283 5.222688404677394 5.873040058741252 0.0 0.0 53.05784255315223 19.24038273408769
50.24058151658588 -51.866390222462066 1.234375 0.36975098 [50.24058151658588,-51.866390222462066] 28.36855311922878 2.8711130632599757 0.00015832221381799369 1.689276934881569e-05 [-3266.733398438,1412.571777344] 15.865631721541101 17.09635736481912 5.425732976377204 5.346191588471775 16.133211135864258 8.066605567932129 40.7317989557647 32.28702147467493
52.95380795019573 -52.5023803822702 1.265625 0.6616211 [52.95380795019573,-52.5023803822702] 14.308486382216332 1.4206635489992494 0.00030354461822357297 1.6025901831555126e-05 [-248.8310546875,2492.231933594] 18.853651378805132 21.08842112912168 5.376513438973358 5.903971522905728 0.0 0.0 62.024914733841 35.21572856657758
52.77338770353341 -52.05469898515691 1.265625 0.6777344 [52.77338770353341,-52.05469898515691] 78.35906488739951 1.727003331004686 0.0002491377714829867 1.5989741907204043e-05 [-451.0600585938,1687.439941406] 17.830520840662064 19.34257568243558 5.248397581291833 6.298167928472607 0.0 0.0 58.594723732451826 42.1230683660267
52.82165135654643 -50.97837447866001 1.21875 0.1762085 [52.82165135654643,-50.97837447866001] 10.914457040920311 0.47862182463287856 0.0008902872631213885 1.5835484716047715e-05 [-407.1743164062,-250.1245117188] 17.31038750013025 18.31087021934788 5.691310279128063 6.098710156315395 0.0 0.0 53.74037920770195 61.318210059332614
48.2377581940649 -52.79152302282682 1.2421875 0.3885498 [48.2377581940649,-52.79152302282682] 27.243873113096857 1.5876089739306039 0.00041896473549482994 2.47189328611982e-05 [-5373.884765625,3192.749267578] 18.22643979913489 19.25347534666517 4.874027082544933 6.0983878342487055 0.0 0.0 33.16892522178034 4.391604714432788
49.00430289730318 -53.279762322103636 1.2578125 0.5876465 [49.00430289730318,-53.279762322103636] 31.039534768354653 1.1500501478292458 0.0005389144538858169 2.303272450362948e-05 [-4491.00390625,4017.986083984] 18.61257493018183 21.779292351998855 5.4338134469138994 6.514113081876815 0.0 0.0 40.896935418300814 0.6035187118329759
48.60728799531389 -51.075428066009366 1.2890625 0.92626953 [48.60728799531389,-51.075428066009366] 37.13876510369603 0.4146588658635023 0.0014577418473414473 2.2463647725951317e-05 [-5166.99609375,84.2578125] 17.023521406798018 14.126953247389396 5.785564281436093 4.826802312726841 0.0 0.0 25.52360916176508 36.97380794082437
48.6086007809988 -51.075992509233764 1.2890625 0.92626953 [48.6086007809988,-51.075992509233764] 36.959686680017526 0.5317422002780718 0.0011384633460448047 2.2497221491140843e-05 [-5165.453125,85.1796875] 17.023521406798018 14.126953247389396 5.785564281436093 4.826802312726841 0.0 0.0 25.535526196432443 36.9715101982124
50.79303760885588 -52.48337173408305 1.234375 0.37683105 [50.79303760885588,-52.48337173408305] 28.402799061958714 0.7157480707161242 0.0006367976531122644 1.693832039224415e-05 [-2616.78515625,2500.125488281] 18.769888977068607 20.103842569258813 5.531019166815186 5.935436036159224 0.0 0.0 47.71447839754467 24.49808914656728
51.66457336118624 -53.1513481326674 1.25 0.49829102 [51.66457336118624,-53.1513481326674] 24.226457187489 2.7206871871136693 0.0001828324862761518 1.8485903415922854e-05 [-1636.62109375,3676.341308594] 18.558162064906263 20.453423775896752 5.517875960938375 5.9010502719925455 0.0 0.0 56.978193400427585 17.57679380001423
52.37761325756874 -51.664211194175095 1.2421875 0.4276123 [52.37761325756874,-51.664211194175095] 18.420193261795678 1.7103242843205881 0.00024725964695153005 1.571594173825229e-05 [-896.8510742188,988.2729492188] 16.987495938782214 17.905200867611896 5.806797199657248 6.158083768062544 0.0 0.0 53.992956177251926 47.03241606176243
52.219749147265894 -50.75045012867795 1.2265625 0.27929688 [52.219749147265894,-50.75045012867795] 6.9018340779673 2.110009205585228 0.00019892805091815092 1.5598724245750678e-05 [-1094.607421875,-654.2221679688] 17.213845845515745 16.883950034544576 5.622216410339086 5.997243074666877 0.0 0.0 48.47263933807051 62.47763476127011
53.112701431285814 -52.08531579190427 1.2421875 0.4309082 [53.112701431285814,-52.08531579190427] 19.496830230120302 1.8228694216081558 0.00023684284480247816 1.6044438830479046e-05 [-75.44677734375,1741.32421875] 18.972239433036638 20.472163555060163 4.965608661749566 6.173524443724391 0.0 0.0 61.02902045186602 43.21907922106766
52.67630785785482 -50.717273680266146 1.2109375 0.1000061 [52.67630785785482,-50.717273680266146] 12.52537572875265 1.4646383245379957 0.0002897928885007797 1.577345462528278e-05 [-575.103515625,-719.1206054688] 17.09812342266537 17.960156448203275 5.635884486036739 6.112955573575903 0.0 0.0 51.50474997979313 65.28065464355223
53.64201733634944 -51.389766622059234 1.2421875 0.45361328 [53.64201733634944,-51.389766622059234] 14.708488252318848 2.019768330431941 0.0002117520204512062 1.5894168920523393e-05 [517.9077148438,490.9965820312] 18.244988681666694 20.46576910073553 5.501089911157691 6.482013363378828 0.0 0.0 61.342367093675534 57.86765092393489
53.633815760550334 -51.386150224494024 1.2421875 0.45361328 [53.633815760550334,-51.386150224494024] 13.900497654052156 3.214059099134574 0.00013274411214118307 1.5855422837010756e-05 [508.7358398438,484.4301757812] 18.244988681666694 20.46576910073553 5.501089911157691 6.482013363378828 0.0 0.0 61.26898635129612 57.89377972352213
52.506012078124186 -52.921329520148014 1.28125 0.80615234 [52.506012078124186,-52.921329520148014] 23.14056065635768 2.8174250969394596 0.00015794385751897989 1.6537270216801986e-05 [-732.3930664062,3249.027099609] 18.446147599454704 20.475347437559364 5.622060310561833 5.795409314329273 0.0 0.0 61.20903706076149 25.79768455452222
53.07000371773367 -52.67877200271872 1.234375 0.30969238 [53.07000371773367,-52.67877200271872] 21.846263852441993 0.8638498439335772 0.0004984561323335334 1.6001986719149345e-05 [-121.0224609375,2809.337646484] 18.275116568490528 20.82397084999166 5.613065603860282 5.801999652909112 0.0 0.0 63.67753939886313 32.728278801665965
53.073722999718186 -52.67541122266173 1.21875 0.20983887 [53.073722999718186,-52.67541122266173] 20.07436530701616 2.5904631835446934 0.00016513991582582896 1.5897842364106986e-05 [-116.97265625,2803.284423828] 18.326541654349107 20.873526692761008 5.574823870035192 5.8217205846478945 0.0 0.0 63.68529058454067 32.8040981457159
50.12762432577032 -52.88164900287068 1.234375 0.38110352 [50.12762432577032,-52.88164900287068] 45.235246623939844 0.9302963239899479 0.0005259608257336371 1.8183748104015407e-05 [-3314.997070312,3243.085693359] 18.57888739624178 20.94572281271806 5.319953601456986 6.2424586074302555 0.0 0.0 45.64313832384585 13.927871325691967
50.549423223841046 -50.537120763021335 1.2421875 0.45739746 [50.549423223841046,-50.537120763021335] 27.228998443687924 2.1990483135397 0.0002017698585203167 1.6489206757477185e-05 [-3009.505859375,-991.517578125] 15.667299530915832 13.292079356407465 5.3748005651024835 5.270384072142988 0.0 0.0 35.83055658924934 57.74174923243436
52.10728872597167 -51.45738223394699 1.25 0.48986816 [52.10728872597167,-51.45738223394699] 13.578736277967435 1.0178247429614686 0.00041645193456764975 1.5752394920704582e-05 [-1204.091796875,619.8837890625] 15.894900514636793 17.457928571598767 5.485595213518729 6.004772677061491 16.843215942382812 8.421607971191406 51.13284911302651 49.34093320382203
49.744926748975814 -52.03122318849733 1.28125 0.7758789 [49.744926748975814,-52.03122318849733] 28.883096656228787 0.47768192432369866 0.000996649280916927 1.7692527064809643e-05 [-3802.790039062,1732.770507812] 15.25593674463994 17.48839057537722 5.480527157851146 5.769985555510358 17.7977294921875 8.89886474609375 38.38319664571418 26.598324085261993
51.88727215371003 -51.654136691697936 1.2578125 0.6062012 [51.88727215371003,-51.654136691697936] 15.461942385109154 2.2502335866343355 0.00018682058525970396 1.562287773754867e-05 [-1444.537109375,977.947265625] 15.938981970678043 17.952978125803966 5.428542611357424 5.752103702054811 17.834186553955078 8.917093276977539 50.622969595611494 44.76013664672564
49.93324301959567 -49.97667684206727 1.2578125 0.54467773 [49.93324301959567,-49.97667684206727] 21.094584017949785 1.182255901171142 0.0003963014898728578 1.74118893517086e-05 [-3757.465820312,-1971.078125] 15.751323950924261 11.977422377182243 5.176111181715294 5.01772637126261 0.0 0.0 28.702115924352256 64.6080302082255
49.91987982503236 -49.98314666601884 1.2578125 0.54467773 [49.91987982503236,-49.98314666601884] 21.11709934920195 3.023679847178724 0.0001550614780891791 1.742402269127625e-05 [-3772.40234375,-1958.762207031] 15.751323950924261 11.977422377182243 5.176111181715294 5.01772637126261 0.0 0.0 28.641552211620024 64.41551437355974
51.60764352155232 -51.88052746013818 1.2265625 0.23022461 [51.60764352155232,-51.88052746013818] 21.085415741707163 0.24089901175851064 0.001767904147950975 1.582713972236062e-05 [-1747.916015625,1391.415039062] 17.1206267649929 18.701274923090004 5.370010444089873 5.867989308680981 18.11876106262207 9.059380531311035 49.896040052550234 39.34566237299896
53.37924976354689 -51.502521551839806 1.2421875 0.42749023 [53.37924976354689,-51.502521551839806] 16.724443741119146 2.7439481626977273 0.00015427506959266342 1.573187028353912e-05 [222.2163085938,692.6328125] 18.64996111186204 20.619212979511467 5.396276804940349 6.53835861046014 0.0 0.0 60.05540634639817 54.67336004009144
51.974712492717444 -52.67748640943294 1.25 0.49719238 [51.974712492717444,-52.67748640943294] 17.589575552671345 2.8438458975059375 0.0001520240063738609 1.6066709296574523e-05 [-1316.265625,2817.733886719] 17.758053886318173 19.566074145688365 5.670063729046965 6.260474818126154 0.0 0.0 56.46602615938377 27.33173494426069
53.72139738156749 -51.81185146569145 1.2109375 0.1000061 [53.72139738156749,-51.81185146569145] 22.36733031529864 2.978529207288151 0.00014160903484355597 1.567478270650337e-05 [601.4594726562,1251.305664062] 19.541775596762548 21.590939570648306 5.136259154998388 6.403237125871741 0.0 0.0 63.850704935444924 50.83269324851972
