data_processed/hvc_rms/hvc_rms_index_14.ecsv
# %ECSV 1.0
# ---
# datatype:
# - {name: ra_dec_obj.ra, unit: deg, datatype: float64}
# - {name: ra_dec_obj.dec, unit: deg, datatype: float64}
# - {name: 'H-alpha flux [Error]', unit: R, datatype: float32}
# - {name: H-alpha flux, unit: R, datatype: float32}
# - {name: ra_dec_deg, datatype: string, subtype: 'float64[2]'}
# - {name: RM, unit: rad / m2, datatype: float64}
# - {name: RM_uncert, unit: rad / m2, datatype: float64}
# - {name: pol_int, datatype: float64}
# - {name: pol_int_uncert, datatype: float64}
# - {name: ra_dec_pix_offsets, datatype: string, subtype: 'float64[2]'}
# - {name: interpolation_raw, unit: rad / m2, datatype: float64}
# - {name: interpolation_cor, unit: rad / m2, datatype: float64}
# - {name: interpolation_unc, unit: rad / m2, datatype: float64}
# - {name: interpolation_cor_unc, unit: rad / m2, datatype: float64}
# - {name: pixel location x, datatype: float64}
# - {name: pixel location y, datatype: float64}
# meta: !!omap
# - __serialized_columns__:
#     ra_dec_obj:
#       __class__: astropy.coordinates.sky_coordinate.SkyCoord
#       dec: !astropy.table.SerializedColumn
#         __class__: astropy.coordinates.angles.Latitude
#         unit: &id001 !astropy.units.Unit {unit: deg}
#         value: !astropy.table.SerializedColumn {name: ra_dec_obj.dec}
#       frame: icrs
#       ra: !astropy.table.SerializedColumn
#         __class__: astropy.coordinates.angles.Longitude
#         unit: *id001
#         value: !astropy.table.SerializedColumn {name: ra_dec_obj.ra}
#         wrap_angle: !astropy.coordinates.Angle
#           unit: *id001
#           value: 360.0
#       representation_type: spherical
# schema: astropy-2.0
ra_dec_obj.ra ra_dec_obj.dec "H-alpha flux [Error]" "H-alpha flux" ra_dec_deg RM RM_uncert pol_int pol_int_uncert ra_dec_pix_offsets interpolation_raw interpolation_cor interpolation_unc interpolation_cor_unc "pixel location x" "pixel location y"
[from data line 449]
131.44802905803593 -58.97372071220495 3.1875 19.820312 [131.44802905803593,-58.97372071220495] 19.956014767524692 2.0660787003548933 0.00022812270632871666 1.7515562092845502e-05 [-2101.032226562,-2389.041015625] 52.795548499807445 51.66877588750215 21.108231457398123 23.532627898516196 32.68233386437191 23.977679500342674
131.46078520075915 -58.97057359655833 3.1875 19.84375 [131.46078520075915,-58.97057359655833] 12.343626631745625 1.5976117360903141 0.0002918353804066666 1.7326781048850114e-05 [-2089.397460938,-2395.106445312] 52.59165252891874 51.93390546189443 21.26386437784787 23.844679558781113 32.76791520828817 23.95930658643715
132.48161363077668 -60.3072929628758 3.109375 19.15625 [132.48161363077668,-60.3072929628758] -32.14609768621546 1.3193615112099053 0.00035160416182248785 1.7239573635372434e-05 [-1098.0,-14.68603515625] 42.8008772226122 42.96079101671788 18.792067909666287 18.836130451564106 27.816345715938382 7.236991484089685
133.44075022488838 -58.83976749232122 3.234375 20.398438 [133.44075022488838,-58.83976749232122] 37.532794318155254 0.6437242035743224 0.0007198221191920101 1.7220023095291695e-05 [-253.7661132812,-2665.677734375] 55.61547895526782 53.70625400189526 23.513690517078654 24.337050628459114 43.36692540489548 17.493713163495613
133.44261177865883 -58.84265494906411 3.234375 20.398438 [133.44261177865883,-58.84265494906411] 38.640445378055276 0.8224250292313221 0.000561625784342733 1.7165326172016695e-05 [-252.0112304688,-2660.489257812] 55.61547895526782 53.70625400189526 23.513690517078654 24.337050628459114 43.35402257255032 17.459118494155973
132.03547687917143 -60.99208830050902 2.75 15.5390625 [132.03547687917143,-60.99208830050902] -0.9259698940010702 1.321444277359201 0.0003462648666972036 1.70045830034406e-05 [-1464.181640625,1226.297363281] 28.90557108005823 33.86162556600813 21.314352429750276 19.18879415912135 20.695192947015812 2.28457799891612
132.03745993468405 -60.99192416774123 2.75 15.5390625 [132.03745993468405,-60.99192416774123] -3.279802059934562 1.645322895616198 0.0002777899532216718 1.6985423474161476e-05 [-1462.458984375,1225.958007812] 28.90557108005823 33.86162556600813 21.314352429750276 19.18879415912135 20.70552799757195 2.278979398166257
134.3145749707047 -58.96802892174988 3.28125 20.820312 [134.3145749707047,-58.96802892174988] 87.90473760420367 1.5751941970242556 0.0002949161030860541 1.7263994660876793e-05 [558.0141601562,-2432.87109375] 57.04198589254277 49.7927286297381 21.77470730087692 22.81285080724103 46.5686657222991 12.806982256342735
131.562683236805 -60.91605008097164 2.734375 15.390625 [131.562683236805,-60.91605008097164] -50.90134162708089 0.2809983307518713 0.0016137385110079415 1.6851773238234108e-05 [-1881.131835938,1101.493164062] 35.142543704379904 37.19001112647096 23.113149875372027 20.12077838746563 19.06579238259667 4.729988564806263
131.55245924307482 -60.90901953686797 2.78125 15.847656 [131.55245924307482,-60.90901953686797] -49.66549670740277 1.9534912827685278 0.00023125563833047076 1.6788523811153614e-05 [-1890.48828125,1089.138183594] 36.1181852201465 37.85767698474761 23.362874432984253 20.370037283883008 19.069508633635337 4.835172741483348
131.56849689096686 -60.912200807371235 2.734375 15.390625 [131.56849689096686,-60.912200807371235] -50.98215676765473 0.5134799888229569 0.0008814482608723007 1.6820118512899877e-05 [-1876.275390625,1094.402832031] 35.142543704379904 37.19001112647096 23.113149875372027 20.12077838746563 19.120768609516972 4.746458020813179
133.92774966806326 -60.18685531672817 3.1875 19.945312 [133.92774966806326,-60.18685531672817] -9.049984221052261 1.2928760781087802 0.00035704278951531756 1.715480832444519e-05 [192.029296875,-241.4360351562] 34.37625246791888 37.56222041915797 18.632386355375857 19.5726670068947 35.436381787383084 2.9073853763552506
133.9262693500014 -60.187778379454144 3.1875 19.945312 [133.9262693500014,-60.187778379454144] -12.326311660102261 1.0529793544771096 0.0004380036505212563 1.7139821292009613e-05 [190.69921875,-239.7788085938] 34.37625246791888 37.56222041915797 18.632386355375857 19.5726670068947 35.4225288819423 2.9043785373423816
131.90843233992211 -60.84177405661037 2.75 15.4375 [131.90843233992211,-60.84177405661037] -27.533664439662545 2.025398733848858 0.00022311143013810047 1.6793493764237295e-05 [-1582.475585938,958.7778320312] 31.689903537169698 35.36086541331712 22.36703398457345 20.015313146859064 21.21053924994453 4.199459956506189
131.74263033034717 -61.152027089471375 2.703125 14.984375 [131.74263033034717,-61.152027089471375] -73.92584063036556 2.334041191073993 0.00019688540376154443 1.707775347213224e-05 [-1711.000976562,1521.106445312] 30.673444243280173 33.95771244500239 21.31893570586956 18.412165801859135 18.177691544624395 1.7906215418156535
134.69966144615518 -58.54768748180271 3.0625 18.648438 [134.69966144615518,-58.54768748180271] 103.67121621275874 0.4810349473983388 0.0009905960102792439 1.7708505343926502e-05 [926.4370117188,-3184.823242188] 60.01003730563843 54.1335460964348 21.304912534790343 22.631489877030425 51.64695208900582 15.156092413572878
134.68881240655088 -58.54852295503375 3.0625 18.648438 [134.68881240655088,-58.54852295503375] 103.20507085479795 0.39829260412563927 0.0012002019810968502 1.776500297484052e-05 [916.2270507812,-3183.471679688] 60.01003730563843 54.1335460964348 21.304912534790343 22.631489877030425 51.588580417446224 15.192636430251468
136.2328951252206 -58.90055868967379 2.84375 16.46875 [136.2328951252206,-58.90055868967379] 56.7711850037679 0.669834202193366 0.0007325361189800562 1.823497051902694e-05 [2341.908691406,-2512.108398438] 47.5018833326007 43.50340672584742 19.21599596622352 20.22814408914528 56.114494241359125 5.616268541463569
136.25100724259278 -58.89807525398418 2.84375 16.46875 [136.25100724259278,-58.89807525398418] 62.98904334708742 1.540139799284441 0.0003190821377657862 1.8262967235414486e-05 [2358.901367188,-2515.928710938] 47.5018833326007 43.50340672584742 19.21599596622352 20.22814408914528 56.21842914935405 5.563907647623864
131.33940129455283 -58.136226775413974 3.953125 27.46875 [131.33940129455283,-58.136226775413974] 19.624316706453676 2.3879485663485984 0.00024052822656298438 2.1345175047609606e-05 [-2255.024414062,-3891.294921875] 62.600483552537966 68.88338712628793 22.555548150593566 25.814411993821714 38.26497367259128 32.48183442647701
130.31243943051706 -61.38333505648319 2.515625 13.21875 [130.31243943051706,-61.38333505648319] -52.91582585669814 1.877075406935833 0.00026039777850714806 1.816467775263841e-05 [-2930.02734375,1987.429199219] 24.426354590966735 32.01926304363967 18.141101409855484 17.747352350950237 9.910441236262159 4.569472429124289
133.56141652150478 -59.39535529622974 3.125 19.242188 [133.56141652150478,-59.39535529622974] 52.11982361400523 3.181659132222343 0.00014441789876399949 1.7075891025945604e-05 [-139.0908203125,-1666.210449219] 51.415104493259925 51.33819871490677 21.520124095088793 22.21981723092299 39.734307093125494 11.781802887921685
132.21211220895944 -60.233039911725925 3.171875 19.773438 [132.21211220895944,-60.233039911725925] -29.944384498744736 0.8167238634875141 0.0005689431784493485 1.726842954654774e-05 [-1341.268554688,-143.3247070312] 45.53707277765308 44.19687743336798 19.940045334327664 19.200849825172742 27.10285703174395 8.954914571621885
133.31681844797188 -58.5598028643734 3.328125 21.210938 [133.31681844797188,-58.5598028643734] 46.08473235692624 2.222513639083969 0.0002155624828039371 1.7804357869031112e-05 [-372.1787109375,-3168.815429688] 57.48934988283287 55.402999186302935 24.230986036844875 25.632572181681663 44.886149200842624 20.62593169953243
135.24018856041891 -58.10845208716985 3.140625 19.445312 [135.24018856041891,-58.10845208716985] 140.57220561982035 1.927102495817437 0.0002930419257686478 2.098665758660098e-05 [1451.904785156,-3965.09375] 63.49888322709089 53.32532871367517 21.895663101152746 24.397751890021713 57.65722995493434 16.97846105847566
129.60083025017798 -57.87302016555764 3.859375 26.570312 [129.60083025017798,-57.87302016555764] -5.3395477863672145 1.0383882236660016 0.0006441748872117442 2.4858347076530075e-05 [-3933.165039062,-4282.556640625] 57.63670041339887 63.58438932299879 25.294006127183305 26.312761512279046 31.316424392577687 41.77289794804619
129.3153077648379 -60.158031531330245 2.546875 13.4921875 [129.3153077648379,-60.158031531330245] 15.108058891810014 0.38076326560001816 0.0013189378905686783 1.866328512308345e-05 [-3935.283203125,-162.2783203125] 37.38948426753798 41.676268298756035 18.841697629107482 18.359194961556174 13.805019226532636 20.223711547255107
133.4527285035092 -58.86122891519176 3.234375 20.40625 [133.4527285035092,-58.86122891519176] 48.483669738375085 2.416668816696352 0.00019092932930600242 1.7147408273528663e-05 [-242.458984375,-2627.10546875] 55.49862108899934 53.286247205855446 23.258861407373015 24.046998204594896 43.2620469600397 17.24396992277684
133.45156843898172 -58.859527830417846 3.234375 20.398438 [133.45156843898172,-58.859527830417846] 47.946353572399445 1.1402191253932084 0.00040395511769500864 1.7117098076564897e-05 [-243.55078125,-2630.162109375] 55.61547895526782 53.70625400189526 23.513690517078654 24.337050628459114 43.26934845077494 17.26459916385147
131.8298340972778 -59.89656056041067 3.265625 20.585938 [131.8298340972778,-59.89656056041067] -23.81864550649508 2.6577087000341515 0.00017323810088061217 1.711037371975292e-05 [-1700.001953125,-739.9633789062] 48.61503580012362 46.935375508067345 20.88823749337642 20.597088414902327 27.770713050283348 13.62330982361209
134.29640192965343 -58.996280893948025 3.296875 20.992188 [134.29640192965343,-58.996280893948025] 98.76249609890165 0.7304724525779743 0.0006398756514807745 1.7370332449319438e-05 [540.708984375,-2382.184570312] 56.2652735458384 49.193604127565195 21.468392110849898 22.535983604679974 46.26527656087728 12.616312116814925
134.2875365950362 -58.99422445546686 3.296875 20.890625 [134.2875365950362,-58.99422445546686] 103.02718604001419 1.4397444635246297 0.0003237564260917064 1.7322577682732756e-05 [532.521484375,-2385.95703125] 55.84167799449939 49.04378013211801 21.238651423632216 22.310673211960953 46.23897106458969 12.670981995074499
133.29063398555795 -60.163387179131405 3.03125 18.34375 [133.29063398555795,-60.163387179131405] -27.09378006864174 0.47978041679756855 0.0009800865430415605 1.747493812850932e-05 [-378.3999023438,-282.7690429688] 36.47115204734182 41.283700531264564 18.640093624409694 20.455702097720724 32.66306240398171 5.562271809577169
133.29483046017677 -60.15832526216095 3.03125 18.34375 [133.29483046017677,-60.15832526216095] -25.822446018489895 0.5257830606063935 0.0008915293012761654 1.7420110868300447e-05 [-374.6997070312,-291.904296875] 36.47115204734182 41.283700531264564 18.640093624409694 20.455702097720724 32.720675258595634 5.594341138531945
133.17700194397577 -59.069225042203136 3.234375 20.414062 [133.17700194397577,-59.069225042203136] 26.264972448189976 0.13100536822861056 0.003538853637826781 1.722901291380952e-05 [-496.0913085938,-2251.275390625] 51.59195262924628 52.97653711798566 22.78276666849857 23.262233055892473 40.36536939043606 16.36755737786916
133.17497260520562 -59.06929412924418 3.234375 20.414062 [133.17497260520562,-59.06929412924418] 23.896096437438306 0.20919710199803215 0.0022168807680371366 1.7234818052245777e-05 [-497.9677734375,-2251.135742188] 51.59195262924628 52.97653711798566 22.78276666849857 23.262233055892473 40.355106421281334 16.374865255384975
133.33702077515164 -58.324672480899586 3.375 21.703125 [133.33702077515164,-58.324672480899586] 72.50037788304212 0.39942277655108094 0.00127769944963174 1.896575941748695e-05 [-355.5859375,-3591.926757812] 60.77894525058292 58.810734261682384 24.63280600507301 26.260178247779837 46.763723810282386 22.760847653420342
133.33032220227972 -58.32431395693197 3.390625 21.84375 [133.33032220227972,-58.32431395693197] 74.56560083689418 1.3699957052494536 0.0003723137509384757 1.8955575987048405e-05 [-361.9208984375,-3592.53515625] 59.71334574824297 58.24199372404868 24.345135644093016 25.957926000955318 46.73368526635272 22.79115962730657
128.21705643075848 -59.55065164483769 2.5625 13.574219 [128.21705643075848,-59.55065164483769] 17.242588367978023 0.8871362070587742 0.0007438440911625903 2.452341374071358e-05 [-5005.87109375,-1178.026855469] 49.449081837152065 46.38676969174079 19.09534530178908 17.81991191849875 12.60236163277932 30.194486866040506
128.2131495130145 -59.550563795094064 2.5625 13.574219 [128.2131495130145,-59.550563795094064] 17.302075779229597 0.6695825434566591 0.000987031434848396 2.4560873604484067e-05 [-5009.431640625,-1177.887695312] 49.449081837152065 46.38676969174079 19.09534530178908 17.81991191849875 12.583461504859315 30.209220380025954
130.89958231466665 -59.12440509707974 3.140625 19.460938 [130.89958231466665,-59.12440509707974] -9.715604339904187 1.095646682120967 0.0004373231909011247 1.7806630190575585e-05 [-2597.943359375,-2098.524414062] 51.67866411065475 52.00824519819596 20.303845771311643 22.14839012749066 28.893893027859804 24.598891284313595
130.24110395278902 -58.54866426420339 3.234375 20.3125 [130.24110395278902,-58.54866426420339] 25.39636260127333 2.328155768844257 0.0002181954522648304 1.8878454251308865e-05 [-3258.994140625,-3104.107421875] 55.115078597211365 60.59662639020626 22.87998115071959 24.156798665757023 29.762590377113952 32.70653165209433
131.54225151715357 -58.02845372095938 3.734375 25.265625 [131.54225151715357,-58.02845372095938] 80.54581921440291 1.7419407195333003 0.00034210167052445316 2.2146100651129434e-05 [-2068.6640625,-4091.678710938] 64.6423597302543 68.00687788450223 23.783912040550284 26.26629758372573 40.07382484371442 32.72354081922049
129.25932342492013 -58.530841841396104 3.21875 20.109375 [129.25932342492013,-58.530841841396104] -9.579105043390136 1.6757730578646868 0.00032876054514855227 2.0474042425684057e-05 [-4180.984375,-3080.71875] 58.48422109508898 61.91734256484714 24.434493912981274 23.688306448744278 24.928380204852488 36.57457193489108
129.94012461771035 -59.85503761112932 2.984375 17.851562 [129.94012461771035,-59.85503761112932] 24.23666969814046 0.5317023195841849 0.0009008646106854648 1.7800687855366835e-05 [-3408.154296875,-741.4189453125] 45.179921629800134 45.02820129028784 21.438989148097207 19.9696854216911 18.973088616735936 20.98614277324009
132.49003596531998 -60.265804273264635 3.109375 19.0625 [132.49003596531998,-60.265804273264635] -23.93114638306946 2.722582587532067 0.00016961485113676283 1.7161436643516422e-05 [-1091.877929688,-89.49267578125] 43.51992243636218 43.34474511319005 18.96530441065145 18.963453034743953 28.163404760776757 7.6032942456540695
131.2875370467993 -59.68289553677982 3.390625 21.890625 [131.2875370467993,-59.68289553677982] 8.008667579729995 0.8672767222733548 0.0005353535213746851 1.7254685859862913e-05 [-2203.319335938,-1108.28515625] 50.91077231699568 47.93308983733749 22.063483858521387 21.234151661115927 26.73299264652576 17.71670600073594
131.28642259533177 -59.67617419742258 3.5 23.015625 [131.28642259533177,-59.67617419742258] 5.716964694452578 0.7993571852916872 0.0005791884553187466 1.7205586564905763e-05 [-2204.7734375,-1120.337402344] 51.00516348759041 48.37922899575273 21.808818900143258 21.237571759391624 26.776481242465138 17.786098106114196
134.30058272999125 -58.3718832988043 3.25 20.445312 [134.30058272999125,-58.3718832988043] 78.62255491203148 0.4001037962199546 0.001247145399308705 1.854378844919874e-05 [554.41015625,-3505.557617188] 63.61902207663862 57.07968742562769 22.74119317162356 24.077212712263332 51.08562794057741 18.41686422020507
