data_processed/hvc_rms/hvc_rms_index_12.ecsv
# %ECSV 1.0
# ---
# datatype:
# - {name: ra_dec_obj.ra, unit: deg, datatype: float64}
# - {name: ra_dec_obj.dec, unit: deg, datatype: float64}
# - {name: 'H-alpha flux [Error]', unit: R, datatype: float32}
# - {name: H-alpha flux, unit: R, datatype: float32}
# - {name: ra_dec_deg, datatype: string, subtype: 'float64[2]'}
# - {name: RM, unit: rad / m2, datatype: float64}
# - {name: RM_uncert, unit: rad / m2, datatype: float64}
# - {name: pol_int, datatype: float64}
# - {name: pol_int_uncert, datatype: float64}
# - {name: ra_dec_pix_offsets, datatype: string, subtype: 'float64[2]'}
# - {name: interpolation_raw, unit: rad / m2, datatype: float64}
# - {name: interpolation_cor, unit: rad / m2, datatype: float64}
# - {name: interpolation_unc, unit: rad / m2, datatype: float64}
# - {name: pixel location x, datatype: float64}
# - {name: pixel location y, datatype: float64}
# meta: !!omap
# - __serialized_columns__:
#     ra_dec_obj:
#       __class__: astropy.coordinates.sky_coordinate.SkyCoord
#       dec: !astropy.table.SerializedColumn
#         __class__: astropy.coordinates.angles.Latitude
#         unit: &id001 !astropy.units.Unit {unit: deg}
#         value: !astropy.table.SerializedColumn {name: ra_dec_obj.dec}
#       frame: icrs
#       ra: !astropy.table.SerializedColumn
#         __class__: astropy.coordinates.angles.Longitude
#         unit: *id001
#         value: !astropy.table.SerializedColumn {name: ra_dec_obj.ra}
#         wrap_angle: !astropy.coordinates.Angle
#           unit: *id001
#           value: 360.0
#       representation_type: spherical
# schema: astropy-2.0
ra_dec_obj.ra ra_dec_obj.dec "H-alpha flux [Error]" "H-alpha flux" ra_dec_deg RM RM_uncert pol_int pol_int_uncert ra_dec_pix_offsets interpolation_raw interpolation_cor interpolation_unc "pixel location x" "pixel location y"
[from data line 1112]
59.18408976499507 -56.713577275743376 1.3046875 1.0400391 [59.18408976499507,-56.713577275743376] 18.226553186974787 0.5781590142643717 0.0007711932657682028 1.6569875029785758e-05 [676.7856445312,1783.978027344] 24.868449335568 27.452207446722404 6.476604096434325 85.84849211598464 97.4022190343237
59.17174156198708 -56.70621479611511 1.3046875 1.0078125 [59.17174156198708,-56.70621479611511] 16.48803585852618 1.6732077528787712 0.0002677916512772871 1.66515859975653e-05 [664.7177734375,1770.608886719] 24.68321538285344 27.39773329708848 6.531466852200375 85.73974846004614 97.47546953475216
53.30500046212914 -57.64035033356739 1.3046875 1.0810547 [53.30500046212914,-57.64035033356739] 33.731830314501096 0.2624025576227419 0.002561802184285224 2.4981721274197463e-05 [-4997.099609375,3635.649902344] 23.54718944767791 25.765019757234924 6.782634403329496 56.31678419496461 58.122247482892135
53.309581452675346 -57.643184600888276 1.3046875 1.0810547 [53.309581452675346,-57.643184600888276] 33.531187842326496 0.8320891836986772 0.0008086198151066416 2.5004775476855825e-05 [-4992.314453125,3640.404052734] 23.54718944767791 25.765019757234924 6.782634403329496 56.359166876218524 58.09960460932939
55.17478182830636 -55.04820639874553 1.2265625 0.2677002 [55.17478182830636,-55.04820639874553] 21.73546895804642 0.02175364666913867 0.02153314255771915 1.7407972383853827e-05 [-3426.029296875,-1134.707519531] 22.492684001988117 19.30539671436543 5.891728421296866 53.12643270707872 108.4727327770654
55.17705572064216 -55.054828735304305 1.2265625 0.2677002 [55.17705572064216,-55.054828735304305] 23.52217602130102 0.024299819155434717 0.019270307301793417 1.7402048913201296e-05 [-3423.122070312,-1122.9140625] 22.492684001988117 19.30539671436543 5.891728421296866 53.174077468087376 108.37358989637733
55.03418743397817 -57.928970275104795 1.234375 0.36645508 [55.03418743397817,-57.928970275104795] 19.883351830041676 3.057512424684396 0.00018682888107867578 2.1228580085463196e-05 [-3309.41796875,4050.222900391] 26.05854983369992 26.219141371342367 7.0716699349142305 67.67987771932451 61.53624159599167
61.77214435060647 -58.11043168747339 1.2265625 0.24487305 [61.77214435060647,-58.11043168747339] 24.67066688777854 2.0266238053294114 0.00031104180135421407 2.3426132818843593e-05 [3110.826171875,4367.229614258] 25.203321287621566 23.633294351877073 6.585439665522069 107.56469389743177 84.05097554122904
62.42435827480347 -57.49357220750425 1.2421875 0.4560547 [62.42435827480347,-57.49357220750425] 19.41932346931841 1.6398439211573532 0.0003288548013956943 2.0040816177172177e-05 [3794.102050781,3291.602050781] 25.415465203942436 23.989690309257767 5.853171794437561 108.91457450214295 95.72453659546136
62.42322929716562 -57.49206158039671 1.2421875 0.4560547 [62.42322929716562,-57.49206158039671] 23.34581314171184 1.525422986000594 0.00035380407562761885 2.005680817596629e-05 [3793.169433594,3288.826904297] 25.415465203942436 23.989690309257767 5.853171794437561 108.90162445208932 95.74487132427203
58.426136245496565 -56.06681435407061 1.2421875 0.45031738 [58.426136245496565,-56.06681435407061] 25.594368083334775 0.30595883251851347 0.0014307020985094487 1.6267503632961627e-05 [-73.21875,616.5952148438] 23.574078006030078 26.872604380241043 6.234265142898769 78.24078987666769 105.01334632347653
58.42499543425795 -56.065467888362704 1.2421875 0.45031738 [58.42499543425795,-56.065467888362704] 25.30347118033913 0.27353119060127506 0.0016002973400099274 1.6267328707076696e-05 [-74.36767578125,614.1728515625] 23.574078006030078 26.872604380241043 6.234265142898769 78.22755968111733 105.03082580977025
58.43088543963472 -56.06407940759708 1.25 0.47546387 [58.43088543963472,-56.06407940759708] 23.732081530547973 1.9811844741340006 0.00022152582843433757 1.6310151249692134e-05 [-68.45166015625,611.6674804688] 23.345788966682214 26.829849198940586 6.19128181394304 78.2576735932654 105.07512416120358
59.66617178396226 -57.36033636429553 1.25 0.49865723 [59.66617178396226,-57.36033636429553] 24.925160716195226 1.344594093764365 0.00033704738842053634 1.6841891640695055e-05 [1133.084472656,2954.019775391] 25.856295478770306 25.92379335311672 6.75797463089077 91.70744132386062 88.8356990171385
55.415515944321754 -57.45999533595734 1.2421875 0.42895508 [55.415515944321754,-57.45999533595734] 23.114136648007573 1.4221807832187052 0.00034266486338197183 1.811061021955723e-05 [-2983.952148438,3190.217529297] 24.642361880451865 26.392211410337868 6.7767990016946325 67.25131387736599 70.58994169472226
62.55978766778337 -56.78424823493641 1.2421875 0.46044922 [62.55978766778337,-56.78424823493641] 21.122126742705632 2.442279937308306 0.00020990456115555783 1.9051361628726423e-05 [4000.71484375,2024.976074219] 28.156181464668858 23.91094004002126 6.204420698354559 106.94106837393224 107.31765645793848
63.07444751625963 -56.880069729036805 1.265625 0.6921387 [63.07444751625963,-56.880069729036805] 20.87655054865568 0.39648141562609046 0.0014383279129238516 2.1192854045905133e-05 [4495.227539062,2228.609130859] 27.760473691982714 23.18195323848286 6.66249348595528 110.51014752413118 107.30428848655447
59.82406222847191 -57.292476618944285 1.2109375 0.12008667 [59.82406222847191,-57.292476618944285] 13.60075083285964 1.7307137091631195 0.00026348897455279554 1.694713871479636e-05 [1288.709960938,2834.695068359] 25.719083864205075 25.732483528164465 6.909227728380745 92.34570096539699 90.4611653723016
59.8277970884422 -57.29372399431042 1.2109375 0.12008667 [59.8277970884422,-57.29372399431042] 16.373131991588973 2.4778866997858606 0.00018368771114329795 1.6914931772452826e-05 [1292.297851562,2837.008544922] 25.719083864205075 25.732483528164465 6.909227728380745 92.37377360253333 90.45441801221637
54.95109554567221 -56.05371859686554 1.2421875 0.4534912 [54.95109554567221,-56.05371859686554] 20.99063418978561 0.4624593014462604 0.0009999754441599319 1.718587138869803e-05 [-3563.892578125,684.2451171875] 23.50352740237702 21.81148384227545 6.182105282177092 56.95896037194791 91.0554460229223
54.95058101570374 -56.05723179778598 1.2421875 0.4534912 [54.95058101570374,-56.05723179778598] 19.57663633755209 0.5950494519935408 0.0007799347367170204 1.7247256654632232e-05 [-3564.083984375,690.5869140625] 23.50352740237702 21.81148384227545 6.182105282177092 56.974465202827105 90.99624413192282
59.26383214650377 -56.13649761058213 1.2578125 0.5722656 [59.26383214650377,-56.13649761058213] 40.29706589878144 2.100505916673224 0.0002106351688438535 1.6442335195113446e-05 [767.0927734375,746.2026367188] 22.914213286990595 25.690274713551958 6.874172506967822 83.7514684634649 106.93643942206495
60.507824030883285 -57.45821758415021 1.2421875 0.45898438 [60.507824030883285,-57.45821758415021] 18.66297759011733 0.32349132363635696 0.0014589919820249416 1.7539784183029743e-05 [1944.669921875,3148.754150391] 23.617867123601783 25.128706607748043 5.951447247827858 97.19180505057079 90.17919964887255
60.50664144334613 -57.456852002706555 1.2421875 0.45898438 [60.50664144334613,-57.456852002706555] 18.633929908455947 0.30404892707889064 0.0015509639873437064 1.752483316474695e-05 [1943.598144531,3146.265136719] 23.617867123601783 25.128706607748043 5.951447247827858 97.17867915765646 90.19677430903221
55.96232237376133 -56.36289975468328 1.2578125 0.55908203 [55.96232237376133,-56.36289975468328] 13.227968728097713 1.4600160513588232 0.0003075211372758612 1.6685579927870595e-05 [-2528.428710938,1195.784667969] 22.506898629405256 24.36169690465379 6.431980400792665 64.64974184784 90.44815912861009
55.963592291904824 -56.364131904751844 1.2578125 0.55908203 [55.963592291904824,-56.364131904751844] 12.480209439656775 1.4912493881498277 0.0003019311612829112 1.673273445857761e-05 [-2527.08203125,1197.954589844] 22.506898629405256 24.36169690465379 6.431980400792665 64.66370473431266 90.43368481440962
61.278030545844615 -58.26656338671975 1.2578125 0.56933594 [61.278030545844615,-58.26656338671975] 24.048863917312833 0.6252220472743709 0.001140676312263039 2.650363306678243e-05 [2630.049316406,4627.28503418] 23.8409882697313 23.389934088188625 6.413440924352924 105.32800545448936 80.0372324389798
62.711318937030484 -57.182155548669364 1.2265625 0.24084473 [62.711318937030484,-57.182155548669364] 19.594474521011108 0.3038304139344868 0.0017635651738847939 1.991276013964335e-05 [4105.636962891,2748.599121094] 27.234833967658602 22.999320032037673 6.502582040504764 109.42956674528841 101.48077990257889
54.83670771630196 -55.88866794837121 1.2421875 0.38879395 [54.83670771630196,-55.88866794837121] 20.17078193338503 0.7596714019290842 0.0006040282682937895 1.7052644747805745e-05 [-3694.373046875,393.5483398438] 23.37216041457772 21.102507533762186 6.206303172200355 55.396380901998214 93.22319056029619
57.29360556055645 -56.11338040724526 1.2421875 0.40405273 [57.29360556055645,-56.11338040724526] 16.518675258858703 0.7702942914801894 0.00056098078059075 1.6058810192398042e-05 [-1209.638671875,710.9052734375] 22.730708895224247 24.616073600251873 6.4814528385122845 71.4836652684902 99.91965188015001
57.29108022364328 -56.113307858336064 1.2421875 0.40405273 [57.29108022364328,-56.113307858336064] 17.653082963126483 0.9886077094982751 0.0004375633369567391 1.6075838026824504e-05 [-1212.174804688,710.8188476562] 22.730708895224247 24.616073600251873 6.4814528385122845 71.46784286762829 99.91084708870153
55.51544589745825 -57.87324138106486 1.2265625 0.23449707 [55.51544589745825,-57.87324138106486] 25.74443196889023 2.9073072387060965 0.00018887514600688234 2.0406778278048386e-05 [-2854.611328125,3928.694824219] 26.722769109697673 25.42491459227116 7.085914074550627 70.08833057914603 64.51132020616387
59.29494479555514 -58.107845319947124 1.25 0.52441406 [59.29494479555514,-58.107845319947124] 20.324774469149826 1.1784005744324388 0.0005111580572178057 2.2384987671400165e-05 [756.9521484375,4293.512084961] 22.12864521260549 24.85732601846782 6.468707579863018 93.00950956613303 75.75294927316622
58.9782601800903 -58.14208985263885 1.25 0.46228027 [58.9782601800903,-58.14208985263885] 21.798749331562252 0.6421724995715917 0.0009586930394599124 2.287915501129529e-05 [455.3735351562,4352.331665039] 22.22670046044016 25.10390156761524 6.637659319398339 91.33599333690177 74.07056027816566
58.97530725250365 -58.138839750188005 1.25 0.46228027 [58.97530725250365,-58.138839750188005] 24.368456766421367 1.094731962810445 0.000560597766736888 2.2806984364083214e-05 [452.609375,4346.467529297] 22.22670046044016 25.10390156761524 6.637659319398339 91.30312736192013 74.11066139147783
60.1930882887541 -56.91877361493407 1.28125 0.8215332 [60.1930882887541,-56.91877361493407] 23.510262946342028 2.359204590541116 0.00019107893673306404 1.675278919679727e-05 [1664.19921875,2170.23828125] 25.083381478982584 25.563333514520327 6.271817700741023 92.91584469714269 97.65812659427365
61.37611779577967 -57.02389150708945 1.234375 0.352417 [61.37611779577967,-57.02389150708945] 23.68044018273601 0.4402069846114721 0.0010843216913187805 1.7738781241697147e-05 [2817.608886719,2397.52734375] 27.124631471484363 24.792202563840142 6.230952844016389 100.59607317110033 99.88511195791489
55.11696290071458 -57.01942067512018 1.2421875 0.38513184 [55.11696290071458,-57.01942067512018] 28.852455485353246 2.838013638215267 0.00017052351346250773 1.7984876237402907e-05 [-3311.904296875,2411.896728516] 22.617316280146067 25.252275001246076 6.070892528650671 63.12347038079929 76.27577596111837
55.4607425588181 -56.640888313068494 1.25 0.5366211 [55.4607425588181,-56.640888313068494] 41.0725891332509 2.3368998431147094 0.00019736140279457762 1.714000822261214e-05 [-3005.82421875,1715.737304688] 21.408598658239622 23.95422163288555 5.803218974039391 63.10977590227003 83.83030595029186
56.038818174694384 -56.53288273491786 1.2578125 0.6052246 [56.038818174694384,-56.53288273491786] 17.75431862283071 2.336297273143059 0.00019307117054733633 1.6763096104331062e-05 [-2441.279296875,1498.786621094] 22.22571472802648 24.558036575898406 6.709118186088674 65.98343722268555 88.03695041910532
57.00616505946729 -57.973438245538865 1.2265625 0.24456787 [57.00616505946729,-57.973438245538865] 14.802012782760809 0.35244501513327414 0.0015666630816349612 2.0519921026406856e-05 [-1424.796875,4062.803466797] 24.755787221349504 25.29886089918527 6.9990143225102965 79.1225545677504 69.1531160513116
57.89168551359518 -57.06663127172122 1.2734375 0.7312012 [57.89168551359518,-57.06663127172122] 7.4323024255815575 0.5131544144356349 0.0008505830821576597 1.6220846440554916e-05 [-594.2817382812,2418.620361328] 23.980464108710596 26.008098963582633 6.57751298994026 79.72038316261876 86.97035982938178
57.89071250804053 -57.06529238622157 1.2734375 0.7312012 [57.89071250804053,-57.06529238622157] 11.37071428008619 0.39796294941253024 0.001095625939010516 1.6203679694396304e-05 [-595.2553710938,2416.219482422] 23.980464108710596 26.008098963582633 6.57751298994026 79.70805489736392 86.98792098606691
55.247401962983936 -56.09666453412384 1.2421875 0.39501953 [55.247401962983936,-56.09666453412384] 20.021687928055673 3.0359782788510805 0.0001504827117018605 1.697829095695132e-05 [-3262.946289062,746.8618164062] 23.587623818505 23.066471413031028 6.224483097849422 58.96823185312792 91.66809861847105
58.563152510279394 -56.370601561178006 1.2578125 0.5842285 [58.563152510279394,-56.370601561178006] 19.67228070104227 2.1942447307053885 0.00019764295930894003 1.611666264144046e-05 [63.955078125,1163.380371094] 22.63484029822908 26.985277742645053 6.661452679647675 80.48107624734439 100.63190827843323
54.50334119039567 -57.39579013721891 1.2421875 0.45251465 [54.50334119039567,-57.39579013721891] 5.089105919236861 0.1802920843627872 0.0028451538325814704 1.906299420007446e-05 [-3872.211914062,3119.963378906] 23.456401119893464 24.44413923204682 6.970560249794761 61.669598006935644 67.55708128372521
58.84770201534008 -56.66677851048685 1.2578125 0.5917969 [58.84770201534008,-56.66677851048685] 19.27314870212125 0.413441167253469 0.0010596735982109607 1.6281504563594887e-05 [344.9145507812,1697.280761719] 24.04996707998522 27.188519138363496 7.047988008531801 83.5850641512294 96.9323807969256
62.11877052113235 -57.9045562553177 1.25 0.48657227 [62.11877052113235,-57.9045562553177] 17.80257733353139 1.356170271601327 0.00043462406003453907 2.1904668630728894e-05 [3459.677734375,4013.834960938] 24.94760699777396 23.03265693856473 6.190851268439236 108.75843639372079 88.34866049752532
55.45071042724257 -55.528751470521264 1.2109375 0.1000061 [55.45071042724257,-55.528751470521264] 17.785911991625255 1.3571384086113054 0.00033023885636298915 1.6655628157474975e-05 [-3104.109375,-283.6586914062] 22.41174955701337 20.887477740432164 6.014027431052766 57.2723619847626 101.79023761485564
55.64980677151511 -55.83956520552892 1.2265625 0.24316406 [55.64980677151511,-55.83956520552892] 14.770179257728422 2.7519750816490918 0.0001625123013980215 1.6620322283032682e-05 [-2878.564453125,266.7075195312] 23.35166508084913 23.314689417607305 5.918382107951485 60.07636709390624 97.58377963013845
54.12829558685152 -57.100200652704444 1.3359375 1.3325195 [54.12829558685152,-57.100200652704444] 20.23779974147914 0.4243125589076579 0.001287873447822535 2.0308029186084447e-05 [-4269.107421875,2611.098388672] 22.15014380117785 24.00013512436712 6.518195717181667 57.851944929137176 70.52779043854753
59.56637957418072 -58.20101545780111 1.265625 0.670166 [59.56637957418072,-58.20101545780111] 39.428993879272696 1.3290159612589236 0.000489046426726328 2.415399599613012e-05 [1012.395507812,4464.51171875] 23.166733674005993 25.233417778572225 6.477367693533275 95.03054886974326 75.26290515217875
