data_processed/hvc_rms/hvc_rms_index_16_with_B.ecsv
# %ECSV 1.0
# ---
# datatype:
# - {name: ra_dec_obj.ra, unit: deg, datatype: float64}
# - {name: ra_dec_obj.dec, unit: deg, datatype: float64}
# - {name: 'H-alpha flux [Error]', unit: R, datatype: float32}
# - {name: H-alpha flux, unit: R, datatype: float32}
# - {name: ra_dec_deg, datatype: string, subtype: 'float64[2]'}
# - {name: RM, unit: rad / m2, datatype: float64}
# - {name: RM_uncert, unit: rad / m2, datatype: float64}
# - {name: pol_int, datatype: float64}
# - {name: pol_int_uncert, datatype: float64}
# - {name: ra_dec_pix_offsets, datatype: string, subtype: 'float64[2]'}
# - {name: interpolation_raw, unit: rad / m2, datatype: float64}
# - {name: interpolation_cor, unit: rad / m2, datatype: float64}
# - {name: interpolation_unc, unit: rad / m2, datatype: float64}
# - {name: pixel location x, datatype: float64}
# - {name: pixel location y, datatype: float64}
# - {name: 'B_virtual [raw]', unit: G, datatype: float64}
# - {name: 'B_virtual_unc [raw]', unit: G, datatype: float64}
# - {name: 'B_virtual [int]', unit: G, datatype: float64}
# - {name: 'B_virtual_unc [int]', unit: G, datatype: float64}
# - {name: 'B_virtual [cor]', unit: G, datatype: float64}
# - {name: 'B_virtual_unc [cor]', unit: G, datatype: float64}
# meta: !!omap
# - __serialized_columns__:
#     ra_dec_obj:
#       __class__: astropy.coordinates.sky_coordinate.SkyCoord
#       dec: !astropy.table.SerializedColumn
#         __class__: astropy.coordinates.angles.Latitude
#         unit: &id001 !astropy.units.Unit {unit: deg}
#         value: !astropy.table.SerializedColumn {name: ra_dec_obj.dec}
#       frame: icrs
#       ra: !astropy.table.SerializedColumn
#         __class__: astropy.coordinates.angles.Longitude
#         unit: *id001
#         value: !astropy.table.SerializedColumn {name: ra_dec_obj.ra}
#         wrap_angle: !astropy.coordinates.Angle
#           unit: *id001
#           value: 360.0
#       representation_type: spherical
# schema: astropy-2.0
ra_dec_obj.ra ra_dec_obj.dec "H-alpha flux [Error]" "H-alpha flux" ra_dec_deg RM RM_uncert pol_int pol_int_uncert ra_dec_pix_offsets interpolation_raw interpolation_cor interpolation_unc "pixel location x" "pixel location y" "B_virtual [raw]" "B_virtual_unc [raw]" "B_virtual [int]" "B_virtual_unc [int]" "B_virtual [cor]" "B_virtual_unc [cor]"
[from data line 1762]
74.6883553660608 -72.84051507551949 1.40625 2.0273438 [74.6883553660608,-72.84051507551949] -10.384613774291534 0.20857005393509356 0.002584704502103501 2.0034179283302663e-05 [-3699.373046875,-1215.524414062] 29.316674065718228 33.509731193998945 8.962888935621852 107.62062720714516 28.302212472129895 -1.926527828706395e-06 1.471196429711162e-06 -7.365284595235671e-06 3.3789449336295447e-06 -8.143170169082121e-06 3.600843832574597e-06
76.35627758627602 -70.93691243324204 3.484375 22.851562 [76.35627758627602,-70.93691243324204] -2.96193364870968 0.8696174654436843 0.000694655911391151 2.2449501023747282e-05 [-3120.529296875,-4717.875976562] 44.91317288372962 50.25743331095226 10.955902018832369 106.75604249014691 56.86160211653987 -1.6366884187095722e-07 3.9025318621613793e-07 -2.6454553578627675e-06 7.847249280618382e-07 -2.9407654554273637e-06 7.992146774457224e-07
76.35011257137779 -70.93774386685496 4.75 35.5 [76.35011257137779,-70.93774386685496] -3.0386409875262785 1.4717214227400939 0.00040964550877745814 2.2404874343573516e-05 [-3124.006835938,-4716.064453125] 45.06207644818452 50.2436090683174 10.866367583903681 106.73553100346703 56.842030197785334 -1.3471434669674594e-07 3.174806610847738e-07 -2.1324851312137838e-06 6.243669512658647e-07 -2.3622018975822035e-06 6.346799699362821e-07
72.93993310626061 -74.65665431431196 1.34375 1.4199219 [72.93993310626061,-74.65665431431196] 27.801949410688685 0.2566187238597328 0.0021640691272697397 2.063802686801038e-05 [-4142.607421875,2140.288574219] 19.030023197981 25.16222068971034 7.346964327808609 109.65845183438864 1.207425345451611 6.162992766655908e-06 3.3500597475048877e-06 1.9445153647309534e-06 2.4373663662307334e-06 5.851614494006947e-07 2.2678141552215808e-06
72.93559309103051 -74.65819538296083 1.34375 1.4199219 [72.93559309103051,-74.65819538296083] 27.474014344352682 0.45178841925178964 0.0012288695205091606 2.063239151058009e-05 [-4144.244140625,2143.333496094] 19.030023197981 25.16222068971034 7.346964327808609 109.6524988502523 1.1805934094193162 6.09029781235948e-06 3.320096770443126e-06 1.8718204104345253e-06 2.4255280513636623e-06 5.124664951042669e-07 2.2652292564228937e-06
73.5464023754304 -73.04084781993586 1.328125 1.2631836 [73.5464023754304,-73.04084781993586] 35.74329119982577 0.7714473650347212 0.0007904325084390918 2.2661037867420857e-05 [-4251.805664062,-781.7592773438] 24.421549170312147 29.773824008218554 8.020026499156005 104.6297174140501 23.9461790292562 8.400592830340942e-06 4.776427587348389e-06 2.6609005977761064e-06 2.882103100591245e-06 1.40297833824031e-06 2.6176925929306086e-06
73.58822593784323 -73.03904734598504 1.3515625 1.5297852 [73.58822593784323,-73.03904734598504] -6.673654689180168 1.722905254914519 0.0003502462284486042 2.242557390662391e-05 [-4230.501953125,-787.94140625] 24.566450097543335 29.895376122872165 8.151481856981285 104.75982207776565 24.031518823775514 -1.4252700015066319e-06 1.6682868393469722e-06 -6.67184417986579e-06 3.801055292818032e-06 -7.809925000328826e-06 4.218737203855814e-06
73.54259578348585 -73.04248811098724 1.328125 1.2631836 [73.54259578348585,-73.04248811098724] 33.055762375682754 1.0993623658547405 0.000554586409027715 2.265785490229894e-05 [-4253.384765625,-778.5629882812] 24.421549170312147 29.773824008218554 8.020026499156005 104.62396504567698 23.918268269691907 7.768954427340703e-06 4.465736866686348e-06 2.0292621947758674e-06 2.738188621861399e-06 7.713399352400711e-07 2.548630920799049e-06
73.57936889590795 -73.04012302570806 1.328125 1.2631836 [73.57936889590795,-73.04012302570806] 20.142019807714753 1.776804215005889 0.00034020826894862194 2.2464313130297926e-05 [-4234.845703125,-785.3950195312] 24.421549170312147 29.773824008218554 8.020026499156005 104.73512084984168 24.003984504078744 4.73389275316926e-06 3.042337416386179e-06 -1.0057994793955753e-06 2.5926189953179062e-06 -2.263721738931372e-06 2.8092039668717124e-06
72.697457170477 -74.59450533571881 1.34375 1.4389648 [72.697457170477,-74.59450533571881] 28.31318979514168 0.0836029386998346 0.006911858344420986 2.1474599622944086e-05 [-4273.547851562,2046.76171875] 18.655369917281615 24.832839117483523 7.226835157380676 108.66496984596904 1.6958091208298356 6.234653797393487e-06 3.341470567601763e-06 2.1266824335834698e-06 2.4354530162878485e-06 7.663842091167621e-07 2.2453485668407015e-06
75.92923692009545 -70.82104511058344 2.59375 13.878906 [75.92923692009545,-70.82104511058344] -0.8319595475140185 0.4591983556398079 0.0014755747580526624 2.518084180996011e-05 [-3390.138671875,-4902.029296875] 45.01793747313191 50.33521660445234 10.788462621966836 104.75848733256976 57.91594906897035 -5.8989297356959654e-08 4.97453974200531e-07 -3.2509431705166983e-06 1.0052009663555781e-06 -3.6279597703558057e-06 1.0266843004841527e-06
76.02391046317439 -71.79386123025037 1.4453125 2.4277344 [76.02391046317439,-71.79386123025037] 32.37465013627479 3.0592743874370303 0.00018541510912077725 2.108008001387275e-05 [-3171.141601562,-3165.491210938] 44.71143979617593 42.5803880380929 10.69223979356089 108.42204699684112 44.52032448488808 5.488493246997746e-06 2.1425207577316603e-06 -2.091463118612413e-06 2.3207825981127143e-06 -1.7301846759417352e-06 2.2918360487746003e-06
75.58030658725099 -71.8511502665633 1.34375 1.4501953 [75.58030658725099,-71.8511502665633] -31.96777916034773 1.8213440270288477 0.0003265777765679323 2.2104837006841485e-05 [-3408.909179688,-3038.466796875] 44.67686604774129 41.796765140284776 10.604067981559126 107.03505370767846 43.1411699949731 -7.0120959812384735e-06 3.670085274817072e-06 -1.6811915708981134e-05 8.419300877137505e-06 -1.618016885232781e-05 8.138918801030598e-06
75.57436446703736 -71.85222642307998 1.34375 1.4501953 [75.57436446703736,-71.85222642307998] -4.507446763626282 2.7032930639789035 0.00021961233721577676 2.206269530320956e-05 [-3412.026367188,-3036.201171875] 44.67686604774129 41.796765140284776 10.604067981559126 107.01767250030048 43.11832707308599 -9.887033183735999e-07 1.7108276537852887e-06 -1.0788523046116258e-05 5.834842783063813e-06 -1.015677618946294e-05 5.576556222641795e-06
73.26131503444604 -73.69925693128546 1.3515625 1.5039062 [73.26131503444604,-73.69925693128546] 3.522989905462376 0.25090299884983397 0.0023112745939129265 2.1550934192201425e-05 [-4233.805664062,412.2924804688] 18.38357074734759 27.143039708147704 7.053304608981007 106.47174022827357 14.581079084473004 7.588390137009586e-07 1.548301810621475e-06 -3.200914226746702e-06 2.5954256964288627e-06 -5.087671488370286e-06 3.1655300042188704e-06
75.40511354899918 -71.70543696557294 1.421875 2.1835938 [75.40511354899918,-71.70543696557294] -13.17830320421426 1.3854445472084556 0.00043673427832832245 2.248615142656004e-05 [-3533.766601562,-3289.036132812] 44.6892667687756 42.448181109140734 11.472043684640353 105.88770846929538 44.922045144091726 -2.3557120769165078e-06 1.503423839947353e-06 -1.034422499882914e-05 4.247571849391414e-06 -9.943615567402643e-06 4.136966577185521e-06
74.50180764341515 -72.95791629418463 1.3828125 1.8198242 [74.50180764341515,-72.95791629418463] -23.7058282161205 1.7874270418377878 0.0002997181467941935 1.990902838743145e-05 [-3772.469726562,-994.0224609375] 27.634387404531548 32.22251923784955 8.896305444339617 107.45481230585301 26.436377626483363 -4.641828032485506e-06 2.299115917797226e-06 -1.0052905550869345e-05 4.521300287898586e-06 -1.095130567283395e-05 4.8289604750466196e-06
74.51795240618046 -72.95613862009596 1.3828125 1.8198242 [74.51795240618046,-72.95613862009596] -27.365373906212906 1.508752981697727 0.00035439924288196745 1.987099572713579e-05 [-3764.400390625,-998.2182617188] 27.634387404531548 32.22251923784955 8.896305444339617 107.50152436535166 26.483075478302453 -5.358402100919905e-06 2.518558289041858e-06 -1.0769479619303745e-05 4.762516726447561e-06 -1.1667879741268351e-05 5.074894108154757e-06
74.51577843155819 -72.95911398797783 1.3828125 1.8198242 [74.51577843155819,-72.95911398797783] 39.23949319003057 2.2321481320390033 0.00023965536664375683 1.9880114167627832e-05 [-3764.900390625,-992.7641601562] 27.634387404531548 32.22251923784955 8.896305444339617 107.50594465526365 26.43933440652131 7.683468293512169e-06 3.327097183479143e-06 2.2723907751283294e-06 2.4272336979175823e-06 1.3739906531637247e-06 2.3220811550054575e-06
74.99320257909116 -72.40360265321964 1.421875 2.2392578 [74.99320257909116,-72.40360265321964] 18.025083239421605 0.5694236293910003 0.0010028281926127577 2.1221238343174982e-05 [-3625.942382812,-2015.432617188] 31.919769800190622 34.52186528046563 8.795007199638464 106.9936266394327 34.72214395236347 3.181807228324846e-06 1.6246251457419995e-06 -2.452705130241695e-06 2.1452985560873277e-06 -2.9120298444723137e-06 2.2069547002023877e-06
75.1355358265213 -71.32252521986663 1.6875 4.904297 [75.1355358265213,-71.32252521986663] -2.3760105679985912 1.3105841512637084 0.000511877473281177 2.493099619748623e-05 [-3759.563476562,-3957.424804688] 43.13874402865014 44.08354343493573 11.043341491391237 103.53892254656944 49.85973446412913 -2.834057297249023e-07 8.512341593356198e-07 -5.4289077723162445e-06 1.8888509423454515e-06 -5.54160153251596e-06 1.901148391189098e-06
75.13022680716416 -71.32331094809447 1.6875 4.904297 [75.13022680716416,-71.32331094809447] -5.029740397744031 1.8623170299097285 0.00036000964113726443 2.4915892547794033e-05 [-3762.451171875,-3955.685546875] 43.13874402865014 44.08354343493573 11.043341491391237 103.52226300741154 49.84145707032053 -5.999372506790605e-07 8.718064645503516e-07 -5.745439293270402e-06 1.9302864781219184e-06 -5.858133053470117e-06 1.943013825930253e-06
76.00897288958281 -72.06291191179058 1.375 1.784668 [76.00897288958281,-72.06291191179058] 39.165342819701316 0.09757283406139322 0.005457392771214623 1.9788953772142598e-05 [-3134.057617188,-2682.778320312] 41.74919298328008 39.65786485105032 9.575254901345707 109.30502837478491 40.776956331771316 7.744116041916806e-06 3.3617784412293776e-06 -5.109015793323851e-07 2.3540512592150193e-06 -9.738578777481425e-08 2.345675205065445e-06
73.69315331374592 -73.84023297823502 1.34375 1.4560547 [73.69315331374592,-73.84023297823502] 57.83270855869442 3.184119996755207 0.00016805110154918725 1.988563633772081e-05 [-3984.034179688,633.9404296875] 18.810394112488616 28.1095039524896 7.1768995953629355 108.42309888325303 13.2858185218995 1.2659988858840005e-05 6.185337080450552e-06 8.542260572729942e-06 4.6292845212642785e-06 6.506619671490445e-06 3.828765564850911e-06
74.13979323464362 -73.11941516777206 1.34375 1.4599609 [74.13979323464362,-73.11941516777206] 34.00212762678507 0.18311811688629664 0.0030429446516934957 2.0707805146502048e-05 [-3925.41796875,-682.1928710938] 24.776079651534214 29.833708161958228 8.662968588025597 106.89893942728622 23.722786623682623 7.433341908692763e-06 3.8069735431919686e-06 2.0169434636207357e-06 2.612388457378946e-06 9.112749484682085e-07 2.4723807022323813e-06
74.13603910129716 -73.12075050525871 1.34375 1.4599609 [74.13603910129716,-73.12075050525871] 35.57873808652967 0.2747043997164446 0.002023260219241151 2.065504098275959e-05 [-3927.061523438,-679.5615234375] 24.776079651534214 29.833708161958228 8.662968588025597 106.89196822264387 23.69926979878346 7.778011063892067e-06 3.955740294268705e-06 2.361612618820039e-06 2.675521822855957e-06 1.2559441036675118e-06 2.5057769844257503e-06
76.5227964069592 -71.08344275703203 2.296875 10.9140625 [76.5227964069592,-71.08344275703203] -0.8101998905215747 2.1515775496539127 0.0002672968617465318 2.1372708724889978e-05 [-3000.651367188,-4463.93359375] 45.10470425265442 49.07079503059121 11.232276658638998 107.86139893069071 55.033900764289 -6.478099229861166e-08 5.856085048289967e-07 -3.6712089034914175e-06 1.1865227618431204e-06 -3.988324838888197e-06 1.2059872580851138e-06
75.24843656368162 -71.75899507341383 1.40625 2.0888672 [75.24843656368162,-71.75899507341383] 12.27055074270728 1.5003419147801085 0.00040559236501133905 2.26145899000922e-05 [-3611.505859375,-3183.846679688] 44.386739784403865 41.93729290721048 11.100599887528423 105.51790817018104 43.967335406798156 2.2426281848704743e-06 1.5239837383103792e-06 -5.869717850956547e-06 3.1639795335898143e-06 -5.422044497142202e-06 3.0654639294858713e-06
75.24438508510018 -71.76014700882092 1.40625 2.0888672 [75.24438508510018,-71.76014700882092] 13.302554689739676 1.958280903712547 0.0003111218201800567 2.2641967516043857e-05 [-3613.553710938,-3181.541015625] 44.386739784403865 41.93729290721048 11.100599887528423 105.50755989741833 43.945855237878504 2.4312424685356094e-06 1.575581112845395e-06 -5.681103567291411e-06 3.1303635213155327e-06 -5.233430213477067e-06 3.03413586241077e-06
74.94306157469681 -73.0226823179149 1.3515625 1.5224609 [74.94306157469681,-73.0226823179149] -21.47959190683934 3.0856640251356575 0.00016637421056847954 1.9078461421213774e-05 [-3528.33984375,-905.2182617188] 27.908312415861896 31.85198638799553 8.928308699634682 109.17182016251093 26.152992091826718 -4.598345305608578e-06 2.6494055247579146e-06 -1.0572949382889664e-05 5.409775094750949e-06 -1.1417210054845784e-05 5.750990187917306e-06
76.6894299076424 -71.31242380900477 1.9765625 7.7617188 [76.6894299076424,-71.31242380900477] 5.91242144358309 0.47753821916920663 0.0011543653767522946 2.0486139751098928e-05 [-2869.895507812,-4061.797851562] 44.16643857090358 47.04425520478955 11.009118820911795 109.22923787771651 52.05767068586874 5.6057673114108e-07 6.709541343677529e-07 -3.6269931159123124e-06 1.360850186321016e-06 -3.899848672107162e-06 1.379073761309279e-06
76.68369241683537 -71.3136063594535 1.9765625 7.7617188 [76.68369241683537,-71.3136063594535] 5.040714619102424 0.6310915922603787 0.0008749447159807905 2.0520205709709785e-05 [-2873.016601562,-4059.40234375] 44.16643857090358 47.04425520478955 11.009118820911795 109.21187003959835 52.033989944147834 4.779272504091039e-07 6.705393426857046e-07 -3.7096425966442884e-06 1.3668159363410182e-06 -3.982498152839139e-06 1.385356837007748e-06
76.36479954024867 -70.77001941168656 4.25 30.34375 [76.36479954024867,-70.77001941168656] -3.915979556571963 0.8610687120971735 0.0007526320226158544 2.408403250199558e-05 [-3141.797851562,-5017.206054688] 44.03494241040595 50.84019669436197 10.976219643999366 106.2425881354452 59.20037217026038 -1.8778220064472608e-07 3.388769376606816e-07 -2.2993811688294446e-06 6.78357740897915e-07 -2.625712194547793e-06 6.935920400766792e-07
75.51544123261496 -71.0140761251293 1.84375 6.466797 [75.51544123261496,-71.0140761251293] -5.5474165791925385 1.618766519621633 0.00041266544585373956 2.4825100868634883e-05 [-3598.287109375,-4532.440429688] 46.450910807819454 49.20494110256848 10.811408354005753 103.85971237692047 54.669081042294465 -5.762285928301471e-07 7.525983000224966e-07 -5.401239043796584e-06 1.627052168577036e-06 -5.687309321501565e-06 1.6545259689329407e-06
75.890525114507 -70.59729013338726 2.40625 12.035156 [75.890525114507,-70.59729013338726] -0.7030222394062415 0.4834760833408003 0.0014220742966249778 2.5550887229777745e-05 [-3451.21875,-5300.200195312] 45.09373830653251 51.520506918831224 11.511503311714137 103.86325997071822 60.986162639880376 -5.3529332938846404e-08 5.34310439570765e-07 -3.487044797977718e-06 1.1285858276033734e-06 -3.976390109527491e-06 1.1574916974979268e-06
