data_processed/hvc_rms/hvc_rms_index_23_with_B.ecsv
# %ECSV 1.0
# ---
# datatype:
# - {name: ra_dec_obj.ra, unit: deg, datatype: float64}
# - {name: ra_dec_obj.dec, unit: deg, datatype: float64}
# - {name: 'H-alpha flux [Error]', unit: R, datatype: float32}
# - {name: H-alpha flux, unit: R, datatype: float32}
# - {name: ra_dec_deg, datatype: string, subtype: 'float64[2]'}
# - {name: RM, unit: rad / m2, datatype: float64}
# - {name: RM_uncert, unit: rad / m2, datatype: float64}
# - {name: pol_int, datatype: float64}
# - {name: pol_int_uncert, datatype: float64}
# - {name: ra_dec_pix_offsets, datatype: string, subtype: 'float64[2]'}
# - {name: interpolation_raw, unit: rad / m2, datatype: float64}
# - {name: interpolation_cor, unit: rad / m2, datatype: float64}
# - {name: interpolation_unc, unit: rad / m2, datatype: float64}
# - {name: interpolation_cor_unc, unit: rad / m2, datatype: float64}
# - {name: HI, unit: dex(1 / cm2), datatype: float64}
# - {name: 'HI [Error]', unit: dex(1 / cm2), datatype: float64}
# - {name: pixel location x, datatype: float64}
# - {name: pixel location y, datatype: float64}
# - {name: 'B_virtual [raw]', unit: G, datatype: float64}
# - {name: 'B_virtual_unc [raw]', unit: G, datatype: float64}
# - {name: 'B_virtual [int]', unit: G, datatype: float64}
# - {name: 'B_virtual_unc [int]', unit: G, datatype: float64}
# meta: !!omap
# - __serialized_columns__:
#     ra_dec_obj:
#       __class__: astropy.coordinates.sky_coordinate.SkyCoord
#       dec: !astropy.table.SerializedColumn
#         __class__: astropy.coordinates.angles.Latitude
#         unit: &id001 !astropy.units.Unit {unit: deg}
#         value: !astropy.table.SerializedColumn {name: ra_dec_obj.dec}
#       frame: icrs
#       ra: !astropy.table.SerializedColumn
#         __class__: astropy.coordinates.angles.Longitude
#         unit: *id001
#         value: !astropy.table.SerializedColumn {name: ra_dec_obj.ra}
#         wrap_angle: !astropy.coordinates.Angle
#           unit: *id001
#           value: 360.0
#       representation_type: spherical
# schema: astropy-2.0
ra_dec_obj.ra ra_dec_obj.dec "H-alpha flux [Error]" "H-alpha flux" ra_dec_deg RM RM_uncert pol_int pol_int_uncert ra_dec_pix_offsets interpolation_raw interpolation_cor interpolation_unc interpolation_cor_unc HI "HI [Error]" "pixel location x" "pixel location y" "B_virtual [raw]" "B_virtual_unc [raw]" "B_virtual [int]" "B_virtual_unc [int]"
[from data line 76]
202.02560425072429 -45.5178032300894 1.8125 6.125 [202.02560425072429,-45.5178032300894] -70.54835633579177 0.6109637267179087 0.0009561587446368456 2.170971544693082e-05 [4130.065429688,-1686.553710938] -57.578974643402454 -52.6523955205489 7.783148479893358 5.475670082276839 0.0 0.0 56.5186406986611 18.43729114368989 -6.873942677537771e-06 8.141861420723419e-07 -1.2636833931645049e-06 1.0248934764443179e-06
202.01980581614814 -45.52671809548933 1.8125 6.125 [202.01980581614814,-45.52671809548933] -56.436190331320226 0.1367586577975705 0.004269090356727126 2.1696959577007968e-05 [4122.111083984,-1670.825683594] -57.578974643402454 -52.6523955205489 7.783148479893358 5.475670082276839 0.0 0.0 56.42006227761567 18.50422974154958 -5.498911065051857e-06 7.678696427533182e-07 1.1134821932140915e-07 1.0200634696876386e-06
201.9998626957439 -45.53060144184706 1.8125 6.125 [201.9998626957439,-45.53060144184706] -55.20672453728299 0.8538599174437362 0.0006809900598883103 2.1609071324546776e-05 [4096.719970703,-1664.879882812] -57.578974643402454 -52.6523955205489 7.783148479893358 5.475670082276839 0.0 0.0 56.39876960049537 18.68469629908782 -5.379116957419079e-06 7.687738204094717e-07 2.311423269541875e-07 1.0234462312956328e-06
202.01055916544396 -45.51869578955216 1.8125 6.125 [202.01055916544396,-45.51869578955216] -62.78375841522092 1.0381662205797644 0.0005610958281713646 2.16477436647942e-05 [4111.055664062,-1685.733398438] -57.578974643402454 -52.6523955205489 7.783148479893358 5.475670082276839 0.0 0.0 56.52677447212591 18.569686980250708 -6.117392081715389e-06 7.932215642159562e-07 -5.071327973421233e-07 1.0254706447637632e-06
200.26470964431954 -44.78027362206055 1.7109375 5.0742188 [200.26470964431954,-44.78027362206055] -78.40192874638436 1.8805453371488272 0.00027961800363295367 1.954148852367153e-05 [1936.064453125,-3080.814453125] -94.51611013139689 -73.96808415989172 12.02348133237935 8.040607635485177 0.0 0.0 67.29002283579553 32.661421491903184 -7.639162582978956e-06 8.593977010387572e-07 1.5700997852989763e-06 1.3716246732713031e-06
200.4994047876881 -44.638416367903346 1.734375 5.3359375 [200.4994047876881,-44.638416367903346] -66.30574921493887 0.7727394004035297 0.0007323641539600529 2.1031431753305182e-05 [2241.288085938,-3329.776367188] -88.25168190093923 -73.52592074666971 11.525259160290698 7.864829473638385 0.0 0.0 68.73452828689824 30.355790814187685 -6.460560429293092e-06 8.014821629472481e-07 2.138321728866909e-06 1.323148630724783e-06
202.87034605468983 -47.565795890204114 2.109375 9.0234375 [202.87034605468983,-47.565795890204114] -44.25058959167494 2.382954339228671 0.0002820002909119249 2.4973187634948184e-05 [5001.002929688,2044.466308594] -56.02586871798792 -60.93142205203196 11.146518248530318 14.491149761661083 0.0 0.0 31.162362954314176 15.212293552548317 -4.31159607535893e-06 7.716814916804448e-07 1.147334933517329e-06 1.3053978350227705e-06
200.23989886627797 -48.972282408522446 2.734375 15.265625 [200.23989886627797,-48.972282408522446] 1.441650840379252 2.635459428634251 0.0002569293433651496 2.5163946027427178e-05 [1761.211425781,4461.005126953] -42.8119944241347 -49.4715542427401 13.099239719566423 16.401557175804957 0.0 0.0 17.367485097822055 39.09022677720577 1.4046854884361802e-07 7.288452034016325e-07 4.3118938075957626e-06 1.4955157265189892e-06
200.24058519357055 -48.97095868773916 2.734375 15.265625 [200.24058519357055,-48.97095868773916] 3.490664102074808 2.7054775853140844 0.00024917118752970294 2.5052465074975574e-05 [1762.068847656,4458.640380859] -42.8119944241347 -49.4715542427401 13.099239719566423 16.401557175804957 0.0 0.0 17.38262347973341 39.082780138000544 3.401160025613202e-07 7.315462398052447e-07 4.511541261313464e-06 1.499118460722433e-06
200.77549758837304 -44.9120710209791 1.734375 5.314453 [200.77549758837304,-44.9120710209791] 51.25134148331511 1.90447824572803 0.0002895643479135902 2.0494145182774095e-05 [2582.453125,-2829.130859375] -76.37990613549604 -66.47207228083731 10.214899938192074 6.009200389049701 0.0 0.0 65.1796152575264 28.34224663027294 4.993720644976779e-06 7.759502569555379e-07 1.243586563262333e-05 1.457987555156918e-06
202.1791535296625 -45.24943170072201 1.765625 5.6933594 [202.1791535296625,-45.24943170072201] -74.54176797403147 2.493148551080793 0.00025784477102621517 2.388994708778355e-05 [4343.963867188,-2160.868164062] -67.96981577962477 -56.324093975748674 8.866026911411533 5.204026853073786 0.0 0.0 59.50945822873882 16.59579411604136 -7.263044339359838e-06 8.607959715212267e-07 -6.403440846849498e-07 1.1279008334798238e-06
200.0849760461722 -47.20245743307383 2.09375 8.90625 [200.0849760461722,-47.20245743307383] 22.55548659378166 0.7201824229060466 0.0006418073371799713 1.717733946440841e-05 [1633.444824219,1273.858398438] -44.48354301412916 -55.065920593343705 8.972316430343366 10.669050525342914 19.32907485961914 9.66453742980957 38.60498527075379 37.800660961204585 2.1977141631996706e-06 6.999749780764226e-07 6.532008265212329e-06 1.1873137162186286e-06
200.07904043986778 -47.20851145821418 2.09375 8.90625 [200.07904043986778,-47.20851145821418] 21.84878229976536 1.638671887850408 0.00028163303867229415 1.7150797033809324e-05 [1626.002441406,1284.630859375] -44.48354301412916 -55.065920593343705 8.972316430343366 10.669050525342914 19.32907485961914 9.66453742980957 38.53844338548333 37.8592530740932 2.1288557934324752e-06 7.136594280378402e-07 6.463149895445134e-06 1.1944060888129551e-06
196.02642839580045 -48.1284522503236 2.078125 8.761719 [196.02642839580045,-48.1284522503236] 105.2305453756164 1.3350688347385764 0.00036923589876048285 1.8319612352858936e-05 [-3269.95703125,2982.897705078] -58.09930694830689 -57.305111683648605 14.334525765865436 17.42556529734057 0.0 0.0 30.27463593058974 72.60090887926185 1.0253233022114269e-05 9.560881457431684e-07 1.591419135353776e-05 1.8637505534190614e-06
196.02749667340862 -48.12929921414816 2.078125 8.761719 [196.02749667340862,-48.12929921414816] -60.176030661850575 1.7877682343585335 0.00027614500431012126 1.8346664126475914e-05 [-3268.62109375,2984.376464844] -58.09930694830689 -57.305111683648605 14.334525765865436 17.42556529734057 0.0 0.0 30.264050520854198 72.59260900590766 -5.863305777989586e-06 7.97999098182966e-07 -2.02347446566098e-07 1.5641192719693112e-06
201.17027284326346 -45.412178012654664 1.8046875 6.0390625 [201.17027284326346,-45.412178012654664] -59.06069385191132 1.4351035543794797 0.00037372045721869354 1.9931446340057358e-05 [3058.354736328,-1915.44140625] -64.71847268226804 -62.840526158178136 9.841615553004235 5.268830824263191 0.0 0.0 58.79101939451243 25.70069334179084 -5.754631930775082e-06 7.879238324712669e-07 5.5127077910854e-07 1.1855529217436487e-06
200.83428950036554 -45.92650995160783 1.7890625 5.9277344 [200.83428950036554,-45.92650995160783] -54.968409312104924 1.2114232879756885 0.00041746342339509684 1.8794165699166044e-05 [2610.048339844,-1002.166015625] -52.00741833068843 -60.17683897705702 8.597381437368531 6.377478618199065 0.0 0.0 53.04386469950464 29.46770314311766 -5.355896498684912e-06 7.726575848793757e-07 -2.88506824710204e-07 1.086829850189913e-06
200.26184084071068 -45.61882399727508 1.6484375 4.4492188 [200.26184084071068,-45.61882399727508] -51.23087439573613 0.8711277970370067 0.00056985011210972 1.844808169566491e-05 [1904.143554688,-1572.168457031] -55.93767890296827 -55.07361276424861 10.413446337405954 6.995111443078457 0.0 0.0 57.30323949078661 33.953465986421406 -4.9917264158536455e-06 7.581472392967798e-07 4.5861173891978594e-07 1.2258728302628005e-06
201.09573358173128 -45.325390104389086 1.8203125 6.1679688 [201.09573358173128,-45.325390104389086] -65.45346005007967 2.6261540159504886 0.0002054126165792306 2.0047305584511257e-05 [2968.798339844,-2074.40234375] -67.93118931871555 -64.11298471866903 9.922698909239154 4.998218852585008 0.0 0.0 59.907287848682245 26.206254537295308 -6.377516866434683e-06 8.353438153137726e-07 2.4141978421146867e-07 1.210645934935577e-06
198.31291186397155 -47.22973639083918 1.921875 7.2109375 [198.31291186397155,-47.22973639083918] 22.00172752997745 0.16059245082251325 0.0027845330136247307 1.661828491096111e-05 [-533.2514648438,1310.638671875] -53.72116282765576 -55.636970528143 10.059239550220278 12.2026351418741 0.0 0.0 39.751815082856865 52.74087864085618 2.1437581497719573e-06 6.959333277793616e-07 7.378128063229903e-06 1.284439184276513e-06
198.31446846096975 -47.22718420599811 1.921875 7.2109375 [198.31446846096975,-47.22718420599811] 26.37755328084474 0.5475768459872051 0.000811512992809381 1.6513885026929976e-05 [-531.3745117188,1306.034667969] -53.72116282765576 -55.636970528143 10.059239550220278 12.2026351418741 0.0 0.0 39.78120965681751 52.724977843270835 2.5701206752883053e-06 7.036928305176218e-07 7.80449058874625e-06 1.2957567187546094e-06
201.32856743531852 -44.24122632302884 1.7421875 5.455078 [201.32856743531852,-44.24122632302884] -66.16756093156548 1.7165478364568074 0.0003975891858408402 2.5362915646740082e-05 [3325.032714844,-4014.796875] -76.03784891141093 -66.80123107744683 10.667707492481174 6.920576537136814 0.0 0.0 72.52777318992003 22.29089392623723 -6.4470959293677525e-06 8.148400054562882e-07 9.617204043891536e-07 1.2559288957161967e-06
200.80296330745742 -44.644462452536196 1.7578125 5.544922 [200.80296330745742,-44.644462452536196] -69.29227482102226 1.2999188519736062 0.00043857368604482874 2.1186904850857758e-05 [2629.597167969,-3309.545898438] -80.86430649167407 -71.1523160891564 10.927037958930368 7.373425835588236 0.0 0.0 68.33396838459271 27.664081533623857 -6.751555243169439e-06 8.17646232399254e-07 1.1275313345090062e-06 1.2727986181721495e-06
196.71479758048795 -48.40606304346106 2.125 9.207031 [196.71479758048795,-48.40606304346106] 61.71671131174112 1.6147516395326056 0.00031542859281315927 1.892846933472243e-05 [-2430.40234375,3457.282226562] -57.35296012913944 -57.18527253473219 15.127500019121872 18.028004400268323 0.0 0.0 26.639027517447175 67.12321267067705 6.013423385568295e-06 7.990868968195418e-07 1.1601660742060766e-05 1.7932080446101064e-06
196.36328142104855 -48.63689046368856 2.296875 10.921875 [196.36328142104855,-48.63689046368856] 85.21696239066235 2.954776047634911 0.00019520320244605056 2.143483828331497e-05 [-2837.161132812,3884.072509766] -62.083917653997965 -58.29058093938499 16.55466098538681 18.46651938645712 0.0 0.0 24.0385862696362 70.16958715142096 8.303191527796362e-06 9.117990215615402e-07 1.435239399424767e-05 1.9990887263592123e-06
202.40284737127425 -44.38626865985518 1.734375 5.310547 [202.40284737127425,-44.38626865985518] -47.57464525087641 0.16166176832708715 0.004500768179444324 2.7039750034827987e-05 [4696.667236328,-3699.560546875] -67.69749751741627 -60.17939275585316 9.264444065218385 5.903841280008258 0.0 0.0 69.45427035319813 12.960707856357203 -4.635478434141874e-06 7.441356634521161e-07 1.9606882452423558e-06 1.1384582177854955e-06
202.4013061145027 -44.38570769941173 1.734375 5.310547 [202.4013061145027,-44.38570769941173] -45.25994963742526 0.14122011316065813 0.005143669105678758 2.699468603994189e-05 [4694.733642578,-3700.66015625] -67.69749751741627 -60.17939275585316 9.264444065218385 5.903841280008258 0.0 0.0 69.4629703909734 12.973336288097244 -4.4099439810487545e-06 7.384417639749001e-07 2.1862226983354758e-06 1.1401190699693e-06
201.6320342621167 -44.983035799840344 1.734375 5.3359375 [201.6320342621167,-44.983035799840344] -5.3074723383542945 2.337555051010258 0.00024912077680371676 2.164115821971437e-05 [3668.76953125,-2667.614257812] -75.24659239696322 -68.83619747769775 10.847387320922174 6.636040007293632 0.0 0.0 63.35063937430209 20.90495138690244 -5.171383503651591e-07 7.198391018985364e-07 6.814581191828618e-06 1.350918986575935e-06
201.62506104834316 -44.98001856612405 1.734375 5.3359375 [201.62506104834316,-44.98001856612405] -86.78105946113224 2.3572244439747965 0.0002473362983920701 2.1666935778306788e-05 [3660.095214844,-2673.36328125] -75.24659239696322 -68.83619747769775 10.847387320922174 6.636040007293632 0.0 0.0 63.39489620033919 20.96096615519832 -8.455590735417026e-06 9.009646366610645e-07 -1.1238711932232488e-06 1.2807133444246985e-06
201.88311761575235 -44.188476751040135 1.78125 5.8242188 [201.88311761575235,-44.188476751040135] -56.746749546264624 1.9307871745693477 0.00036261447111220413 2.601885856092434e-05 [4042.873046875,-4083.752929688] -66.86499323329761 -62.73857075669168 9.70864637294186 6.357038295251202 0.0 0.0 72.47480839399259 17.22621226201477 -5.529170682034965e-06 7.913340695623197e-07 9.858801921758848e-07 1.1829795546990829e-06
200.2054445045937 -44.345436243066004 1.6640625 4.6777344 [200.2054445045937,-44.345436243066004] -66.06336845228373 1.040387025549949 0.0005594060770758205 2.1628719617327916e-05 [1874.318847656,-3864.366210938] -87.16557081669366 -69.73656562888915 11.505006365457206 8.345001685309095 0.0 0.0 72.53115358430705 32.53127117302756 -6.4369438412509965e-06 8.035727433286268e-07 2.0561121046155973e-06 1.3226807429743944e-06
201.79498297020987 -47.016948718425716 1.9453125 7.423828 [201.79498297020987,-47.016948718425716] -55.1203874242523 0.838260968195232 0.0006336706361538991 1.9740199184076345e-05 [3736.067382812,998.1791992188] -48.81659779671243 -61.94625016450816 8.624245458015483 11.079140785486908 0.0 0.0 38.999916786775884 23.137774384308614 -5.370704623004195e-06 7.683690535334813e-07 -6.142154233150063e-07 1.0860654129953217e-06
198.83676144737603 -45.35563252533746 1.8125 6.15625 [198.83676144737603,-45.35563252533746] -84.4640487529128 1.5537446565253532 0.0002907064291647505 1.678583646937234e-05 [110.7416992188,-2063.993164062] -84.49790841346834 -66.44803058510574 12.593379439148835 7.023281869539328 0.0 0.0 61.743330739712064 46.06605476060281 -8.229830708978802e-06 8.754573242744681e-07 3.2991465404496418e-09 1.4120050046913059e-06
202.9066619543109 -45.84980762422189 1.953125 7.5527344 [202.9066619543109,-45.84980762422189] -101.93310994628138 3.054600318808337 0.0002499995106549595 2.837933760652318e-05 [5207.948242188,-1037.578613281] -60.56617890051379 -56.39500671011131 8.660167906175808 6.709576180032682 0.0 0.0 51.437729514597095 11.465148735682533 -9.931944429418429e-06 9.793447779498284e-07 -4.030624206194309e-06 1.1543615105069812e-06
198.96759031501944 -46.62012106099416 1.796875 5.9746094 [198.96759031501944,-46.62012106099416] -4.301646715397201 2.837516263657607 0.00015975323558610038 1.684599725411201e-05 [270.005859375,212.2583007812] -57.42444247840976 -62.198638310516074 10.808979166580157 10.358298631433811 0.0 0.0 46.535536985594945 46.482043014489136 -4.1913482434540315e-07 7.364474247803248e-07 5.176067479267892e-06 1.3269955915446432e-06
201.2406157802931 -44.79801538897584 1.7734375 5.7421875 [201.2406157802931,-44.79801538897584] -72.59250751985692 1.280018660803677 0.0004406314047944864 2.096044271329623e-05 [3181.190185547,-3017.30078125] -75.85576396283126 -67.18513152921952 10.639535292112807 6.442899958086285 0.0 0.0 66.01250595235342 24.036993356205585 -7.0731163903398665e-06 8.284473575645385e-07 3.17958332357789e-07 1.2473390633847059e-06
200.06123342311272 -45.8045196426249 1.7421875 5.3847656 [200.06123342311272,-45.8045196426249] -60.864021505721055 1.912168201095173 0.0002545328609152344 1.8087504568109182e-05 [1646.186035156,-1242.506835938] -52.60943975926758 -53.31932918339482 10.005705918183123 6.928655786182572 0.0 0.0 55.28919690829366 35.972781976708575 -5.930340785877322e-06 8.027583089681241e-07 -8.042926114691599e-07 1.2054145275721091e-06
