data_processed/hvc_rms/hvc_rms_index_22_with_B.ecsv
# %ECSV 1.0
# ---
# datatype:
# - {name: ra_dec_obj.ra, unit: deg, datatype: float64}
# - {name: ra_dec_obj.dec, unit: deg, datatype: float64}
# - {name: 'H-alpha flux [Error]', unit: R, datatype: float32}
# - {name: H-alpha flux, unit: R, datatype: float32}
# - {name: ra_dec_deg, datatype: string, subtype: 'float64[2]'}
# - {name: RM, unit: rad / m2, datatype: float64}
# - {name: RM_uncert, unit: rad / m2, datatype: float64}
# - {name: pol_int, datatype: float64}
# - {name: pol_int_uncert, datatype: float64}
# - {name: ra_dec_pix_offsets, datatype: string, subtype: 'float64[2]'}
# - {name: interpolation_raw, unit: rad / m2, datatype: float64}
# - {name: interpolation_cor, unit: rad / m2, datatype: float64}
# - {name: interpolation_unc, unit: rad / m2, datatype: float64}
# - {name: interpolation_cor_unc, unit: rad / m2, datatype: float64}
# - {name: HI, unit: dex(1 / cm2), datatype: float64}
# - {name: 'HI [Error]', unit: dex(1 / cm2), datatype: float64}
# - {name: pixel location x, datatype: float64}
# - {name: pixel location y, datatype: float64}
# - {name: 'B_virtual [raw]', unit: G, datatype: float64}
# - {name: 'B_virtual_unc [raw]', unit: G, datatype: float64}
# - {name: 'B_virtual [int]', unit: G, datatype: float64}
# - {name: 'B_virtual_unc [int]', unit: G, datatype: float64}
# meta: !!omap
# - __serialized_columns__:
#     ra_dec_obj:
#       __class__: astropy.coordinates.sky_coordinate.SkyCoord
#       dec: !astropy.table.SerializedColumn
#         __class__: astropy.coordinates.angles.Latitude
#         unit: &id001 !astropy.units.Unit {unit: deg}
#         value: !astropy.table.SerializedColumn {name: ra_dec_obj.dec}
#       frame: icrs
#       ra: !astropy.table.SerializedColumn
#         __class__: astropy.coordinates.angles.Longitude
#         unit: *id001
#         value: !astropy.table.SerializedColumn {name: ra_dec_obj.ra}
#         wrap_angle: !astropy.coordinates.Angle
#           unit: *id001
#           value: 360.0
#       representation_type: spherical
# schema: astropy-2.0
ra_dec_obj.ra ra_dec_obj.dec "H-alpha flux [Error]" "H-alpha flux" ra_dec_deg RM RM_uncert pol_int pol_int_uncert ra_dec_pix_offsets interpolation_raw interpolation_cor interpolation_unc interpolation_cor_unc HI "HI [Error]" "pixel location x" "pixel location y" "B_virtual [raw]" "B_virtual_unc [raw]" "B_virtual [int]" "B_virtual_unc [int]"
13.435603188518105 -36.52085482126486 1.2109375 0.1000061 [13.435603188518105,-36.52085482126486] -15.393782509891794 1.658302924217356 0.0002468823518461392 1.5214672750420818e-05 [499.6162109375,-1307.800292969] 3.2067397375962337 0.2676403693150067 3.1218873142825285 2.0020724141447968 19.020416259765625 9.510208129882812 45.86345763261181 6.828917717233253 -1.2716603028534802e-06 5.965826432544981e-07 -1.5365648916550653e-06 6.509146274242617e-07
13.94721616456157 -37.39177695547764 1.25 0.47460938 [13.94721616456157,-37.39177695547764] -195.23299599615294 2.5430418593072255 0.00016337833981958365 1.5440334001822898e-05 [1225.562988281,264.455078125] 4.377941095420113 2.359165903732337 2.949977510076066 2.3219968897062584 19.94884490966797 9.974422454833984 56.65302074498459 30.857675736499232 -1.6127943256046774e-05 9.06796286374939e-07 -1.6489599262015364e-05 9.496269210063449e-07
13.94364361583724 -37.40791331660457 1.2421875 0.4099121 [13.94364361583724,-37.40791331660457] 141.08274223544694 2.2886871295016853 0.0001812046200766462 1.5412191513864572e-05 [1220.191894531,293.453125] 4.423780252574064 2.53315168307859 2.9452628543187815 2.3535903691841615 19.94884490966797 9.974422454833984 56.842586613626736 30.566353233328073 1.1654661393536153e-05 7.758002067951793e-07 1.1289218674559791e-05 8.042128388058314e-07
14.204436272980644 -37.39254766269574 1.2109375 0.10266113 [14.204436272980644,-37.39254766269574] -4.465741560758576 1.7231570419132014 0.00023707493665876093 1.5181658062079217e-05 [1593.343261719,269.6694335938] 4.467020547485553 3.7237145133521867 2.7818981235880273 2.493167184740516 18.83458709716797 9.417293548583984 56.920944803955535 44.470840631865485 -3.689090879366687e-07 5.957186453973923e-07 -7.379238312993204e-07 6.390537419231622e-07
13.790594061627605 -36.29371272793049 1.2421875 0.45666504 [13.790594061627605,-36.29371272793049] -1.4280883496509558 0.23717750621434797 0.0018039465950649913 1.59003204808102e-05 [1016.0703125,-1713.768066406] 2.4604403460966617 -1.1757190483567461 2.7975466067334827 1.379549219766298 18.958494186401367 9.479247093200684 43.39362325074012 29.20817235193067 -1.1797251663466736e-07 5.78613225243417e-07 -3.2122628572356143e-07 6.231801881191748e-07
14.434402565981435 -37.38322828028284 1.21875 0.21398926 [14.434402565981435,-37.38322828028284] 4.371404682590577 1.5308369155459043 0.0002756616411708622 1.5682452006085918e-05 [1922.378417969,257.1640625] 4.979678285866715 5.09340427310751 2.698545230724135 2.8487234642921897 18.248809814453125 9.124404907226562 57.08717936111714 56.67503197705719 3.6111604142686626e-07 5.921151560839473e-07 -5.024868930445533e-08 6.325163933350428e-07
14.29259023423947 -36.64749518217101 1.2109375 0.1000061 [14.29259023423947,-36.64749518217101] -6.536497347431709 1.7858945390507324 0.0002339418995944256 1.5526462705676823e-05 [1736.319335938,-1069.755859375] 4.208060968047125 2.4290357238054963 2.6193126640753546 1.7343336555035713 17.85451316833496 8.92725658416748 48.15578474413178 55.77718220305542 -5.399715236391504e-07 5.972003799964003e-07 -8.875939537737911e-07 6.358571913864895e-07
14.219237322237518 -35.676914213530154 1.234375 0.3388672 [14.219237322237518,-35.676914213530154] -2.6634222963067584 2.160065925502679 0.0001996183788032702 1.6024195446697202e-05 [1650.706054688,-2817.649414062] 3.0561529627301236 -0.08403937737036493 2.6255225823160306 1.5039820570857012 18.908123016357422 9.454061508178711 36.52131992835825 61.41978623050363 -2.200218433495311e-07 6.052347830096495e-07 -4.7248665501324136e-07 6.431555976134862e-07
13.552061917252882 -36.27787793614699 1.21875 0.1932373 [13.552061917252882,-36.27787793614699] -7.513348101005468 2.9517145223458177 0.0001436641367369114 1.5759100412960345e-05 [670.1645507812,-1744.388183594] 1.8199802938157583 -1.6366375226642216 2.9014484583448317 1.4719406031803488 18.569255828857422 9.284627914428711 43.021915533255765 14.89086414885469 -6.206678907817955e-07 6.280919358372304e-07 -7.710140899783815e-07 6.725364543613708e-07
14.241511230747326 -37.06510914567922 1.21875 0.17700195 [14.241511230747326,-37.06510914567922] -6.67414381367258 2.423393845411298 0.00016771232520620678 1.5104198479287404e-05 [1653.513671875,-319.0415039062] 4.055110783849599 2.6537096559170754 2.8360812486632563 2.234226729435447 17.727262496948242 8.863631248474121 53.062597497328966 49.13573116036355 -5.513423187529634e-07 6.123574442641751e-07 -8.863297335862551e-07 6.562718380658202e-07
13.973145574288655 -35.07950616967933 1.234375 0.3696289 [13.973145574288655,-35.07950616967933] -0.7874842137351391 2.702745714522082 0.00019508982409078058 1.959514618139487e-05 [1300.519042969,-3896.182617188] 1.8039884648590514 -0.07399840302918914 2.7245638746173944 1.686931374245676 18.227079391479492 9.113539695739746 29.096435401249664 51.48722908054606 -6.505304418113419e-08 6.198729581997382e-07 -2.1407817923762343e-07 6.595234327287427e-07
14.525959959147453 -37.824924347412875 1.2265625 0.30151367 [14.525959959147453,-37.824924347412875] 10.390151611745251 0.3329339452466055 0.0013267954487785104 1.6416128896606977e-05 [2041.141601562,1054.029296875] 6.373282780207356 7.970408743706445 2.7368079242618584 3.5086154414119104 18.339853286743164 9.169926643371582 62.45684173172356 57.40915200435256 8.583168780509436e-07 5.799990738695142e-07 3.3182829701236895e-07 6.216461653168158e-07
14.535894320880603 -37.83006681679036 1.234375 0.31921387 [14.535894320880603,-37.83006681679036] 5.747067700804804 0.06936814553977713 0.006410287305049771 1.6525183181145056e-05 [2055.118652344,1063.499023438] 6.422561291596441 8.052637707508 2.7355518408506203 3.518791174403898 18.339853286743164 9.169926643371582 62.531010733566745 57.861514369848464 4.7475776978326704e-07 5.786216468628165e-07 -5.580164483223664e-08 6.208791474985561e-07
13.73544014160545 -34.75996805051307 1.25 0.5161133 [13.73544014160545,-34.75996805051307] -3.326655256370861 3.215568405090184 0.0001941614342790598 2.3202213966452218e-05 [954.1044921875,-4473.686523438] 1.4940366823209221 0.9700852254427899 3.050413900428801 2.8924654762799005 0.0 0.0 25.02190803392739 37.62597918873098 -2.748106534626769e-07 6.364556984827458e-07 -3.9823107587630934e-07 6.84629018681857e-07
14.070373459674325 -34.95408613095183 1.25 0.46813965 [14.070373459674325,-34.95408613095183] 7.162762214290104 1.1032792890276324 0.0004911402351081642 2.0137227779124708e-05 [1445.935058594,-4120.34765625] 1.3074188565979281 -0.4951060252718342 2.8212219350221317 1.8293543809769717 0.0 0.0 27.729003297533154 59.75643938358371 5.917064477712725e-07 5.859091549372529e-07 4.837022806298102e-07 6.304023833536678e-07
14.414783413133648 -37.126033745125355 1.2109375 0.1000061 [14.414783413133648,-37.126033745125355] 2.2041417052436127 2.7517817916230163 0.00014995452094693725 1.5334946301029787e-05 [1900.800292969,-206.1357421875] 4.415388560339289 3.765695892220789 2.911989116170827 2.696860691456095 17.54889488220215 8.774447441101074 54.00430021797354 58.01502603847075 1.8208127252811115e-07 6.213832027660844e-07 -1.826682196937534e-07 6.663215877399693e-07
13.510415243343889 -36.3252754666397 1.2109375 0.14282227 [13.510415243343889,-36.3252754666397] -84.43231323992181 0.5626897716477774 0.0007628441223361549 1.5951940766461972e-05 [609.3637695312,-1659.366210938] 2.043969182656638 -1.3186546952468983 2.952139751035242 1.624025497179276 18.631206512451172 9.315603256225586 43.56315861868245 12.142039449056028 -6.974843314585298e-06 6.47721342361852e-07 -7.143692943854134e-06 6.950422716025995e-07
13.683771272990953 -35.24085598167465 1.2578125 0.5786133 [13.683771272990953,-35.24085598167465] -10.6910949411839 2.985439980405535 0.0001573531434385787 1.7457918868881143e-05 [872.564453125,-3609.272460938] 1.8380313900307912 -0.04935240376843675 2.75520859480776 2.116465954056343 18.766267776489258 9.383133888244629 30.717051208574844 29.915359027551858 -8.831774141284002e-07 6.297137558475498e-07 -1.0350147908484372e-06 6.699552028966324e-07
13.769792431858852 -35.67534641259306 1.25 0.46740723 [13.769792431858852,-35.67534641259306] 10.477209361529216 2.5496533694899473 0.0001705358501691868 1.6158667148299892e-05 [993.642578125,-2826.743164062] 1.722180154267553 -1.2449327062111348 2.9904434630808128 1.872645000668212 19.17070770263672 9.58535385131836 35.98639056508091 32.35314937580438 8.655086052554092e-07 6.164624268913292e-07 7.232415480758724e-07 6.638278468532999e-07
13.38965049519344 -35.44016250840351 1.25 0.49243164 [13.38965049519344,-35.44016250840351] -16.59549620933818 1.7496098295345768 0.00025637779146435577 1.666979715415454e-05 [439.1030273438,-3252.7578125] 1.3688922716246443 -0.2518402804716784 2.901521207927953 2.325670228102953 18.758331298828125 9.379165649414062 32.89045089571391 8.635346828068123 -1.3709323047801793e-06 5.987335510531743e-07 -1.4840147105884593e-06 6.45356005013615e-07
13.514240205185406 -37.77701960662354 1.265625 0.65405273 [13.514240205185406,-37.77701960662354] -13.708512867232555 0.2073425754758867 0.0020374883781355438 1.5699735369501153e-05 [603.2778320312,953.6865234375] 3.5655562838559844 2.64207535975191 2.9337424564639383 2.637246580006471 20.739479064941406 10.369739532470703 60.9559959251269 6.392864900087261 -1.1324423749142807e-06 5.804023584012479e-07 -1.4269883307802834e-06 6.299903479998177e-07
14.168814594104628 -36.322685223682264 1.2421875 0.43359375 [14.168814594104628,-36.322685223682264] -7.144951019612326 0.3676816388572347 0.0011304721971503522 1.544687142803235e-05 [1564.140136719,-1656.476074219] 3.317674265057846 0.835228054752688 2.750157149470642 1.802674192884246 18.982500076293945 9.491250038146973 44.13591783650145 51.64096840642628 -5.902350882010324e-07 5.795710038534431e-07 -8.643038336806845e-07 6.230542031624248e-07
14.155092120083603 -36.31370538206812 1.25 0.48010254 [14.155092120083603,-36.31370538206812] -8.33174343404917 0.22659419309752624 0.0018403333203172569 1.549722607345784e-05 [1544.420410156,-1672.861816406] 3.3023324341448306 0.8228997661838893 2.749152252641135 1.7910726303624993 18.9466609954834 9.4733304977417 44.01232818587994 50.906895960824386 -6.882744622273436e-07 5.792617872611429e-07 -9.610758390578262e-07 6.228065673031226e-07
14.157543222949489 -36.318420399345214 1.25 0.48010254 [14.157543222949489,-36.318420399345214] -7.240174499570859 0.7422874127871925 0.0005637883955335175 1.5552382605920707e-05 [1547.881347656,-1664.336425781] 3.3023324341448306 0.8228997661838893 2.749152252641135 1.7910726303624993 18.982500076293945 9.491250038146973 44.07143146014403 51.00904654939245 -5.981013757288066e-07 5.820274932132909e-07 -8.709027525592893e-07 6.253126174819401e-07
14.293119444228765 -37.0832748911557 1.21875 0.17572021 [14.293119444228765,-37.0832748911557] -6.433374911167414 0.47873875796729076 0.0008649485706164169 1.5388545650124817e-05 [1727.209960938,-285.4248046875] 4.177067891819681 3.098297443952509 2.867819953433684 2.380685841023501 17.685791015625 8.8428955078125 53.34097237929325 51.79639193116191 -5.314527136295523e-07 5.800271896591051e-07 -8.765148461455651e-07 6.272043248144848e-07
13.394425411030216 -35.46168155375133 1.25 0.47302246 [13.394425411030216,-35.46168155375133] -14.477761050276488 0.3056356784211703 0.0014550412552137922 1.6526772948746357e-05 [445.986328125,-3214.020507812] 1.3686270058473675 -0.29249177667750725 2.9035607439631006 2.3288897562455837 18.93346405029297 9.466732025146484 33.150922240904265 8.855161099695124 -1.1959889643760033e-06 5.80916020123027e-07 -1.3090494569242736e-06 6.288713121824535e-07
13.393091318912914 -35.45195746397471 1.25 0.47302246 [13.393091318912914,-35.45195746397471] -12.131811283081964 0.2860798672013072 0.0015650867953998812 1.663927601715306e-05 [444.083984375,-3231.521484375] 1.3686270058473675 -0.29249177667750725 2.9035607439631006 2.3288897562455837 18.93346405029297 9.466732025146484 33.033678255004816 8.811433937434686 -1.0021931127383274e-06 5.802220970821266e-07 -1.1152536052865975e-06 6.281708569252407e-07
14.128420876174106 -36.87713246795646 1.21875 0.17095947 [14.128420876174106,-36.87713246795646] -7.138110671842908 0.5086260063687664 0.0008124660997875147 1.5357216767125265e-05 [1494.794921875,-659.2524414062] 3.9922689832860327 1.9233293789190316 2.7059045278465534 1.783046673353753 17.71755027770996 8.85877513885498 50.69335994897369 44.44732631013858 -5.896700159901906e-07 5.802967101762663e-07 -9.194661516115558e-07 6.225428518669601e-07
13.631978867010327 -36.048904516154174 1.25 0.47338867 [13.631978867010327,-36.048904516154174] -12.20267388886863 0.15961201165158478 0.0026105735218202018 1.5484964111915976e-05 [788.4228515625,-2155.845703125] 1.4016764717247538 -1.92335912945821 2.9004971011198104 1.3554507852264535 19.14435577392578 9.57217788696289 40.33742054973436 21.059406564249002 -1.0080469802122735e-06 5.799078440434501e-07 -1.1238376460470492e-06 6.277940912909987e-07
13.617656866645321 -36.041332137457346 1.2578125 0.5876465 [13.617656866645321,-36.041332137457346] -9.648505328637759 0.37868593354538654 0.001103741991120384 1.553300356180559e-05 [767.654296875,-2169.590332031] 1.421885030777788 -1.8186156517570944 2.9462549983970234 1.434964110462033 19.00849151611328 9.50424575805664 40.23618862834621 20.21259185033955 -7.970504455558373e-07 5.800414495533418e-07 -9.145105141062291e-07 6.293075168093233e-07
14.443933488693675 -37.623710570263235 1.2109375 0.14135742 [14.443933488693675,-37.623710570263235] 2.287729550167196 0.24913467824654065 0.0016896255660204 1.564347954789866e-05 [1929.783691406,690.1772460938] 5.663229382921392 6.496681024499067 2.6707468560355547 3.104776323043698 18.157291412353516 9.078645706176758 59.95875469527357 55.021995562025495 1.8898635541609468e-07 5.786796485020947e-07 -2.78845640234542e-07 6.193691081993645e-07
13.567487842175312 -35.87694178733344 1.2265625 0.2593994 [13.567487842175312,-35.87694178733344] -17.86075661616215 1.8434022478830823 0.0002329855928090038 1.5960918580262205e-05 [696.0830078125,-2465.801269531] 1.5263535078856982 -1.5919002479605906 3.071523905125503 1.7050811903382592 19.15289878845215 9.576449394226074 38.23285913311486 18.003062496352186 -1.4754538173516595e-06 6.010733442747282e-07 -1.6015438905907833e-06 6.529412805837645e-07
14.361165922303611 -37.08006299528386 1.2109375 0.14050293 [14.361165922303611,-37.08006299528386] -2.182215560593939 0.7298941476118819 0.0005705509333280273 1.5476152649202393e-05 [1824.977050781,-289.9296875] 4.265159375889677 3.339155922243429 2.8830104110736734 2.4787948858599353 17.53209686279297 8.766048431396484 53.38801936653181 55.53338368878349 -1.8026998230573104e-07 5.814435824326517e-07 -5.326092374678044e-07 6.286701577195732e-07
14.368549516737914 -37.07745363865923 1.2109375 0.128479 [14.368549516737914,-37.07745363865923] -11.496373304310167 1.6871732412180833 0.00024615679084997896 1.5434060679400498e-05 [1835.640625,-294.4833984375] 4.277743873613954 3.373438458965317 2.885180476450813 2.499333857819313 17.53209686279297 8.766048431396484 53.3664786776842 55.959654665474545 -9.497004097908679e-07 5.961122523166125e-07 -1.3030792539023777e-06 6.430508595365617e-07
13.38935190105359 -37.24211883791607 1.21875 0.21289062 [13.38935190105359,-37.24211883791607] -12.901370577585123 1.7452216020773796 0.0002338089584395475 1.5164232357012517e-05 [428.6538085938,-9.7939453125] 4.017313004159386 1.7859431422667296 3.0423931018825088 2.3510788843051924 19.89167594909668 9.94583797454834 54.48496477444871 1.6225554889849718 -1.0657654027120717e-06 5.975856351017571e-07 -1.3976303922455935e-06 6.493605618910479e-07
