data_processed/hvc_rms/hvc_rms_index_6_with_B.ecsv
# %ECSV 1.0
# ---
# datatype:
# - {name: ra_dec_obj.ra, unit: deg, datatype: float64}
# - {name: ra_dec_obj.dec, unit: deg, datatype: float64}
# - {name: 'H-alpha flux [Error]', unit: R, datatype: float32}
# - {name: H-alpha flux, unit: R, datatype: float32}
# - {name: ra_dec_deg, datatype: string, subtype: 'float64[2]'}
# - {name: RM, unit: rad / m2, datatype: float64}
# - {name: RM_uncert, unit: rad / m2, datatype: float64}
# - {name: pol_int, datatype: float64}
# - {name: pol_int_uncert, datatype: float64}
# - {name: ra_dec_pix_offsets, datatype: string, subtype: 'float64[2]'}
# - {name: interpolation_raw, unit: rad / m2, datatype: float64}
# - {name: interpolation_cor, unit: rad / m2, datatype: float64}
# - {name: interpolation_unc, unit: rad / m2, datatype: float64}
# - {name: interpolation_cor_unc, unit: rad / m2, datatype: float64}
# - {name: HI, unit: dex(1 / cm2), datatype: float64}
# - {name: 'HI [Error]', unit: dex(1 / cm2), datatype: float64}
# - {name: pixel location x, datatype: float64}
# - {name: pixel location y, datatype: float64}
# - {name: 'B_virtual [raw]', unit: G, datatype: float64}
# - {name: 'B_virtual_unc [raw]', unit: G, datatype: float64}
# - {name: 'B_virtual [int]', unit: G, datatype: float64}
# - {name: 'B_virtual_unc [int]', unit: G, datatype: float64}
# meta: !!omap
# - __serialized_columns__:
#     ra_dec_obj:
#       __class__: astropy.coordinates.sky_coordinate.SkyCoord
#       dec: !astropy.table.SerializedColumn
#         __class__: astropy.coordinates.angles.Latitude
#         unit: &id001 !astropy.units.Unit {unit: deg}
#         value: !astropy.table.SerializedColumn {name: ra_dec_obj.dec}
#       frame: icrs
#       ra: !astropy.table.SerializedColumn
#         __class__: astropy.coordinates.angles.Longitude
#         unit: *id001
#         value: !astropy.table.SerializedColumn {name: ra_dec_obj.ra}
#         wrap_angle: !astropy.coordinates.Angle
#           unit: *id001
#           value: 360.0
#       representation_type: spherical
# schema: astropy-2.0
ra_dec_obj.ra ra_dec_obj.dec "H-alpha flux [Error]" "H-alpha flux" ra_dec_deg RM RM_uncert pol_int pol_int_uncert ra_dec_pix_offsets interpolation_raw interpolation_cor interpolation_unc interpolation_cor_unc HI "HI [Error]" "pixel location x" "pixel location y" "B_virtual [raw]" "B_virtual_unc [raw]" "B_virtual [int]" "B_virtual_unc [int]"
[from data line 77]
80.84886960592907 -55.96481331527703 1.3125 1.1206055 [80.84886960592907,-55.96481331527703] 16.549772934947814 2.878545431696562 0.00018455805628668934 1.9743075171419803e-05 [-4679.69921875,590.0341796875] 36.34696822222249 33.90797549391365 8.319881851386418 7.7668605183044415 0.0 0.0 34.54024866187319 2.2502063250121864 9.826427834333858e-06 6.010949782084367e-06 -1.1754584886286987e-05 8.209869778963471e-06
84.52829707581223 -53.4522286560237 1.3984375 1.956543 [84.52829707581223,-53.4522286560237] 29.065777228508704 1.2725376110083042 0.0004238481064336171 2.0044239236645962e-05 [-1040.505859375,-4081.32421875] 38.1967111492331 39.32971240083192 8.24597942049757 8.778332210213176 0.0 0.0 60.49666570373415 37.84876615385656 1.725780550025811e-05 8.185303382675993e-06 -5.421492100510946e-06 6.831363853317748e-06
81.59230084356155 -55.8074188553382 1.375 1.7529297 [81.59230084356155,-55.8074188553382] 7.498994774037939 2.6229483565481875 0.00017980282123825517 1.7526489815774842e-05 [-3948.797851562,260.9926757812] 35.71585467873296 34.34384832668767 8.331585565272686 7.94142077865578 0.0 0.0 39.50614019725458 4.649268758065546 4.452528216959667e-06 4.792883706855186e-06 -1.6753760831333635e-05 9.51293934497634e-06
84.7630767099852 -55.81760022338617 1.3984375 1.9755859 [84.7630767099852,-55.81760022338617] 30.810179188712837 1.3537949578920014 0.0003254926607845065 1.6375810195089598e-05 [-744.224609375,171.9340820312] 38.96915775190846 41.23290349416344 8.533437376629774 9.260807655447321 0.0 0.0 60.88207867291953 4.25469040321741 1.829354418038342e-05 8.55286384254511e-06 -4.844393597921685e-06 6.889516229641775e-06
83.4266970364747 -56.05842583821836 1.484375 2.8613281 [83.4266970364747,-56.05842583821836] 20.061350494160227 0.3468993259807443 0.0012643095876561541 1.6299173792932767e-05 [-2082.266601562,632.6069335938] 36.855843756845054 39.99580313193202 8.342537164832164 9.450325064778813 0.0 0.0 51.84003017061673 1.0570621047359055 1.1911427042836645e-05 6.382235337562195e-06 -9.971730531207982e-06 7.633056727731409e-06
83.43486739691095 -56.05976862514191 1.484375 2.8613281 [83.43486739691095,-56.05976862514191] 18.979966226806976 0.2755632772800717 0.0015949687844087398 1.633361189778902e-05 [-2073.98828125,634.7778320312] 36.855843756845054 39.99580313193202 8.342537164832164 9.450325064778813 0.0 0.0 51.89459618843421 1.0371669907208343 1.1269355124019455e-05 6.185537720635494e-06 -1.061380245002517e-05 7.773627664390753e-06
83.24410978509165 -55.33389273280433 1.3828125 1.862793 [83.24410978509165,-55.33389273280433] 30.31757232577859 0.18764913891766496 0.0023390667662226616 1.631165012443166e-05 [-2308.045898438,-665.1264648438] 35.259622559072774 37.925129320633474 7.76639194619441 9.16497841272079 0.0 0.0 50.7222821123637 11.440078074288522 1.8001058850926163e-05 8.41223980913052e-06 -2.934342372067793e-06 6.322334948781906e-06
83.27331517506587 -55.333290193833776 1.375 1.7363281 [83.27331517506587,-55.333290193833776] 33.58874448465321 0.20682171189514464 0.0021239796377460437 1.632507482862043e-05 [-2278.202148438,-667.1767578125] 35.31877515442055 38.05431290270726 7.844391196590827 9.238263379011563 0.0 0.0 50.92171753276568 11.444786094085885 1.994331735073832e-05 9.106671138082838e-06 -1.0272057262945537e-06 6.25755079661322e-06
83.26614359564343 -55.33354570973836 1.375 1.7363281 [83.26614359564343,-55.33354570973836] 31.32084158984819 0.3691554938831091 0.0011888282744529194 1.6309369228088905e-05 [-2285.524414062,-666.4809570312] 35.31877515442055 38.05431290270726 7.844391196590827 9.238263379011563 0.0 0.0 50.87272300613199 11.442100455725495 1.8596749985815818e-05 8.625509993884252e-06 -2.3737730912170547e-06 6.320263069975523e-06
83.25055709074195 -55.33263013180143 1.375 1.7363281 [83.25055709074195,-55.33263013180143] 31.028606139352384 0.6113036046112085 0.0007166979279190205 1.6281777242180222e-05 [-2301.5234375,-667.6123046875] 35.31877515442055 38.05431290270726 7.844391196590827 9.238263379011563 0.0 0.0 50.76653018524121 11.457290069138708 1.8423235184360925e-05 8.568721618290394e-06 -2.5472878926719507e-06 6.338008114254872e-06
83.25022121226273 -55.33377066351631 1.375 1.7363281 [83.25022121226273,-55.33377066351631] 29.819385418927528 0.4848550775649915 0.0009035797164555587 1.628122674013058e-05 [-2301.80078125,-665.5493164062] 35.31877515442055 38.05431290270726 7.844391196590827 9.238263379011563 0.0 0.0 50.764014158525924 11.441014192371313 1.7705260370341306e-05 8.312227099108723e-06 -3.2652627066915676e-06 6.388288817242521e-06
81.8566055405843 -54.050659074287985 1.265625 0.6743164 [81.8566055405843,-54.050659074287985] 36.4531063973022 1.8930151606916943 0.00026428224556657756 1.8592200045333754e-05 [-3846.473632812,-2910.971679688] 34.691862038198636 33.881771233968166 8.406549007278958 7.954836129380784 0.0 0.0 41.31211353637764 30.044756705343843 2.1644032263063404e-05 9.790435433495429e-06 1.0457388546287832e-06 6.605466072719023e-06
82.1353379090894 -54.56208781003407 1.28125 0.80200195 [82.1353379090894,-54.56208781003407] 1.6424505915736023 2.5888759644641377 0.00018415016782082804 1.7717076712288214e-05 [-3508.6015625,-2006.625976562] 33.96675771569571 34.4260297370097 7.955688489456975 8.155846076767688 0.0 0.0 43.19987219933387 22.641570071793467 9.752050540509638e-07 4.449065746319678e-06 -1.919255765614112e-05 1.0136238185346015e-05
83.52664940701553 -55.09385685344214 1.4140625 2.1484375 [83.52664940701553,-55.09385685344214] 27.01475240239214 2.475650346457364 0.000177115986000683 1.6295052744878905e-05 [-2031.190429688,-1105.819824219] 36.25762317785187 39.07595249561194 8.309037744545579 9.350500547921273 0.0 0.0 52.7127287876707 14.826395458145498 1.604000949064022e-05 7.867441666144634e-06 -5.4879546090530605e-06 6.981761661788591e-06
82.15083309501705 -55.19491195952264 1.3359375 1.3642578 [82.15083309501705,-55.19491195952264] 17.208671409751094 1.3144030586535553 0.0003478764930985099 1.6992698333023097e-05 [-3438.02734375,-869.7700195312] 34.07682009904255 34.73316906769082 8.103330605776998 8.31104482860772 0.0 0.0 43.26282180821272 13.518765793466173 1.0217648809887835e-05 5.925674390040362e-06 -1.001546344144198e-05 7.5886482805159314e-06
83.29161788993919 -54.88980476862216 1.4296875 2.3046875 [83.29161788993919,-54.88980476862216] 32.16958677051391 2.3776513009448426 0.00018506783651398685 1.6352637660214956e-05 [-2284.708984375,-1465.600097656] 36.20934410997722 38.753477553350145 8.336994129468525 9.280415708290773 0.0 0.0 51.150117519411424 17.786049206394182 1.9100692444744586e-05 8.915136943641225e-06 -2.398605957948267e-06 6.687324800059217e-06
83.83284775072974 -55.534484836496574 1.375 1.7138672 [83.83284775072974,-55.534484836496574] 37.466368594020835 2.3509593716933184 0.00018606239976931015 1.6255953379677087e-05 [-1696.985351562,-321.2182617188] 37.47218702774814 39.34294191324707 8.485143086462873 9.43729071296684 0.0 0.0 54.68330332864457 8.482944125105405 2.2245656701806535e-05 1.0044683253883934e-05 -3.4546950798034347e-09 6.678689205605562e-06
83.48253667667794 -55.82062147184327 1.4375 2.397461 [83.48253667667794,-55.82062147184327] 26.80021772785868 0.35045082243978143 0.0012439392298398025 1.620074368346488e-05 [-2038.666015625,203.0888671875] 36.880845168799034 39.703775717896036 8.12748062926099 9.214420925178995 0.0 0.0 52.25070020386556 4.450491831135423 1.591262952563697e-05 7.688143384400068e-06 -5.985372636988287e-06 6.8203728037218665e-06
83.4768145621988 -55.82152186175595 1.4609375 2.5898438 [83.4768145621988,-55.82152186175595] 21.990137454062573 0.8843496911430471 0.0004915840734590029 1.6155876908939245e-05 [-2044.401367188,204.8774414062] 36.56085236041372 39.59390745265117 8.161815219271462 9.219847199015488 0.0 0.0 52.211976844803075 4.438273053876401 1.3056644318250843e-05 6.759091701257813e-06 -8.651362111413987e-06 7.306649184864624e-06
83.13803890424239 -54.45914455918208 1.390625 1.9301758 [83.13803890424239,-54.45914455918208] -9.246391382586397 1.380857302485395 0.0003309900423009438 1.698526912779242e-05 [-2469.643554688,-2234.973632812] 36.13264768686452 38.72445963345798 8.566659729990114 9.122061356552024 0.0 0.0 50.20527239465855 23.97792982032024 -5.490044969567325e-06 4.7875881233791895e-06 -2.6943804870322364e-05 1.2791865722293125e-05
83.14341699989993 -54.45547458830119 1.390625 1.9301758 [83.14341699989993,-54.45547458830119] -3.0010198138718853 0.23454242805010625 0.00195421660164139 1.7033457779172125e-05 [-2464.2421875,-2241.765625] 36.13264768686452 38.72445963345798 8.566659729990114 9.122061356552024 0.0 0.0 50.243866375244124 24.029356155589312 -1.7818555424495375e-06 4.221114591838061e-06 -2.3235615443204578e-05 1.1500843471849276e-05
83.14469155510976 -54.460624926912075 1.3984375 2.0136719 [83.14469155510976,-54.460624926912075] -3.6502766189146123 2.0063482477664945 0.0002268500806899655 1.691429723738003e-05 [-2462.599609375,-2232.547851562] 36.248131318065596 38.94984387528801 8.629149128310099 9.175246792968192 0.0 0.0 50.251223200133836 23.955370608807925 -2.1673517764933456e-06 4.412345626298139e-06 -2.3689680084350082e-05 1.172878764520979e-05
82.39066282503045 -53.92554489211461 1.359375 1.6313477 [82.39066282503045,-53.92554489211461] 36.40107671483856 3.307919416592121 0.0001475341045191905 1.8136607292985645e-05 [-3292.984375,-3163.317382812] 34.26444653530433 34.92415791522859 7.875740455787681 8.119328135430637 0.0 0.0 45.103450353263156 31.776300511863155 2.161313963861581e-05 9.910920889481394e-06 1.2686241890072862e-06 6.5775885728364255e-06
82.70719158271301 -55.03370273058331 1.359375 1.5581055 [82.70719158271301,-55.03370273058331] 37.550876553114584 3.070823010329953 0.00014561856608944488 1.6618056821326835e-05 [-2878.836914062,-1185.001464844] 34.9068111656672 36.543666996414935 7.605580942548319 8.451712996753109 0.0 0.0 47.09496821378775 15.805501906583686 2.229583330330588e-05 1.0131162541898926e-05 1.5699138484339354e-06 6.434141424804073e-06
81.69596121973834 -55.94535062233983 1.359375 1.5957031 [81.69596121973834,-55.94535062233983] 8.072610717280957 2.5950131094207305 0.0001781831758262334 1.7183631651387026e-05 [-3830.541015625,503.0678710938] 36.542735148551365 35.25873824686017 8.393719964959214 8.210030523975316 0.0 0.0 40.22547312419624 2.665584429365026 4.793112688605087e-06 4.841491657609007e-06 -1.6904136646347655e-05 9.573207898409349e-06
82.60366792969357 -54.64874637822323 1.3671875 1.6689453 [82.60366792969357,-54.64874637822323] 7.163490554545338 0.7980821264125794 0.000583170358398126 1.7296241047292415e-05 [-3014.122070312,-1872.861816406] 34.91109823368228 36.615399224349076 7.808723687498336 8.56942210137455 0.0 0.0 46.44207042849507 21.346870472173805 4.253322583509752e-06 4.525996042933445e-06 -1.6475142318036097e-05 9.153799595708695e-06
82.62203999130942 -54.646175376621926 1.3671875 1.6689453 [82.62203999130942,-54.646175376621926] 30.101359986779258 1.2834087946878643 0.00036282563091484613 1.7305002776175968e-05 [-2995.202148438,-1878.28125] 34.91109823368228 36.615399224349076 7.808723687498336 8.56942210137455 0.0 0.0 46.57008479706087 21.381499467737058 1.7872682772630674e-05 8.400832461888904e-06 -2.855782128915175e-06 6.379463210195716e-06
82.5788576441782 -54.64618671614451 1.3671875 1.6689453 [82.5788576441782,-54.64618671614451] -2.3025927528819294 1.0134803232900165 0.00046132475671336833 1.7375238948895842e-05 [-3040.119140625,-1876.380859375] 34.91109823368228 36.615399224349076 7.808723687498336 8.56942210137455 0.0 0.0 46.27028026230187 21.386711779912957 -1.3671644684789002e-06 4.236154309639874e-06 -2.2095629370024746e-05 1.0941108569958022e-05
84.17375951874492 -55.126056602967935 1.375 1.7270508 [84.17375951874492,-55.126056602967935] 53.1418509405898 0.14439773370132405 0.003019563101811062 1.620366254479974e-05 [-1363.833007812,-1063.731445312] 38.366998762724954 40.40813819336912 9.003804551817145 9.700146280155275 0.0 0.0 57.142262671819935 14.223112447154108 3.1552974491143926e-05 1.3475646444431527e-05 8.772568618277369e-06 7.652623614181667e-06
84.14607280336378 -55.132068594525464 1.375 1.7270508 [84.14607280336378,-55.132068594525464] 53.05203990951495 0.17027191813311307 0.002560384526681639 1.6201563434180547e-05 [-1392.110351562,-1052.361816406] 38.366998762724954 40.40813819336912 9.003804551817145 9.700146280155275 0.0 0.0 56.95013017235328 14.144720814735138 3.1499649190606394e-05 1.3455147956016451e-05 8.719243317739831e-06 7.642746710778087e-06
84.15248131848232 -55.12979131890187 1.375 1.7270508 [84.15248131848232,-55.12979131890187] 54.718029018541635 0.7346292789053747 0.000592471175380084 1.617499527918662e-05 [-1385.596679688,-1056.588378906] 38.366998762724954 40.40813819336912 9.003804551817145 9.700146280155275 0.0 0.0 56.99493088130248 14.175472301393484 3.248883023961445e-05 1.3844399173623841e-05 9.708424366747891e-06 7.848566511215222e-06
84.16796106586037 -55.126861572738605 1.375 1.7270508 [84.16796106586037,-55.126861572738605] 52.46287818172547 0.22280542669396292 0.0019548423780603903 1.6186248844450637e-05 [-1369.771484375,-1062.168457031] 38.366998762724954 40.40813819336912 9.003804551817145 9.700146280155275 0.0 0.0 57.10219191903161 14.213162280919278 3.1149834409241655e-05 1.3320335470232668e-05 8.369428536375096e-06 7.5784084746352774e-06
82.37476335552626 -54.67543419687208 1.359375 1.5820312 [82.37476335552626,-54.67543419687208] 10.62356551541953 1.3704051107180948 0.00034025009492090393 1.7328298788145854e-05 [-3250.05078125,-1814.533203125] 34.12242485548129 35.488178130211395 7.728145360132496 8.262826967119068 0.0 0.0 44.84920437493588 20.988251150662563 6.307742123769323e-06 4.950050190192527e-06 -1.3952447952120932e-05 8.433261539592972e-06
83.11553151915737 -55.041042266503474 1.359375 1.5654297 [83.11553151915737,-55.041042266503474] 37.70327782321228 0.19277303356964795 0.002287613994237504 1.6388444302876862e-05 [-2457.5859375,-1187.520019531] 35.782483589079135 38.1652348911668 7.829237732855458 9.120728369138652 0.0 0.0 49.90129269865497 15.650275346279614 2.2386321558846447e-05 9.999820785482092e-06 1.1404715944142629e-06 6.2539389548834994e-06
83.15370193140875 -55.030422334251305 1.375 1.7543945 [83.15370193140875,-55.030422334251305] 38.254194356269075 0.24665444249009863 0.001788416732048896 1.639329935366358e-05 [-2418.892578125,-1207.966308594] 35.85404299775624 38.2068890282965 7.87734157962621 9.106907544245026 0.0 0.0 50.16604357461733 15.796679492017347 2.2713428255482283e-05 1.0121239557224042e-05 1.4250898914812894e-06 6.285457165954375e-06
83.12100975249108 -55.041572499100006 1.359375 1.5654297 [83.12100975249108,-55.041572499100006] 35.2070826357706 0.5754152014879684 0.0007656374247832972 1.6372431724566875e-05 [-2451.908203125,-1186.760253906] 35.782483589079135 38.1652348911668 7.829237732855458 9.120728369138652 0.0 0.0 49.938840977014706 15.641882464320133 2.090420564304373e-05 9.46101865745906e-06 -3.416443213884544e-07 6.246597429301422e-06
83.1475140054873 -55.034091994169586 1.359375 1.5654297 [83.1475140054873,-55.034091994169586] 38.184658192358036 0.2544873512589171 0.0017380774569095057 1.6437812846500035e-05 [-2425.048828125,-1201.148925781] 35.782483589079135 38.1652348911668 7.829237732855458 9.120728369138652 0.0 0.0 50.12268613005642 15.745070691924639 2.2672141157512175e-05 1.0106018873588759e-05 1.4262911930799927e-06 6.264388331046764e-06
83.13039387692342 -55.039871239571355 1.359375 1.5654297 [83.13039387692342,-55.039871239571355] 33.55661320493729 2.079060908057426 0.0002125204678994123 1.6420133327404217e-05 [-2442.341796875,-1190.151855469] 35.782483589079135 38.1652348911668 7.829237732855458 9.120728369138652 0.0 0.0 50.00372057506024 15.66486626531173 1.9924239403107596e-05 9.182303640354635e-06 -1.3216105613245846e-06 6.379349784699873e-06
