data_processed/hvc_rms/hvc_rms_index_2_with_B.ecsv
# %ECSV 1.0
# ---
# datatype:
# - {name: ra_dec_obj.ra, unit: deg, datatype: float64}
# - {name: ra_dec_obj.dec, unit: deg, datatype: float64}
# - {name: 'H-alpha flux [Error]', unit: R, datatype: float32}
# - {name: H-alpha flux, unit: R, datatype: float32}
# - {name: ra_dec_deg, datatype: string, subtype: 'float64[2]'}
# - {name: RM, unit: rad / m2, datatype: float64}
# - {name: RM_uncert, unit: rad / m2, datatype: float64}
# - {name: pol_int, datatype: float64}
# - {name: pol_int_uncert, datatype: float64}
# - {name: ra_dec_pix_offsets, datatype: string, subtype: 'float64[2]'}
# - {name: interpolation_raw, unit: rad / m2, datatype: float64}
# - {name: interpolation_cor, unit: rad / m2, datatype: float64}
# - {name: interpolation_unc, unit: rad / m2, datatype: float64}
# - {name: interpolation_cor_unc, unit: rad / m2, datatype: float64}
# - {name: HI, unit: dex(1 / cm2), datatype: float64}
# - {name: 'HI [Error]', unit: dex(1 / cm2), datatype: float64}
# - {name: pixel location x, datatype: float64}
# - {name: pixel location y, datatype: float64}
# - {name: 'B_virtual [raw]', unit: G, datatype: float64}
# - {name: 'B_virtual_unc [raw]', unit: G, datatype: float64}
# - {name: 'B_virtual [int]', unit: G, datatype: float64}
# - {name: 'B_virtual_unc [int]', unit: G, datatype: float64}
# meta: !!omap
# - __serialized_columns__:
#     ra_dec_obj:
#       __class__: astropy.coordinates.sky_coordinate.SkyCoord
#       dec: !astropy.table.SerializedColumn
#         __class__: astropy.coordinates.angles.Latitude
#         unit: &id001 !astropy.units.Unit {unit: deg}
#         value: !astropy.table.SerializedColumn {name: ra_dec_obj.dec}
#       frame: icrs
#       ra: !astropy.table.SerializedColumn
#         __class__: astropy.coordinates.angles.Longitude
#         unit: *id001
#         value: !astropy.table.SerializedColumn {name: ra_dec_obj.ra}
#         wrap_angle: !astropy.coordinates.Angle
#           unit: *id001
#           value: 360.0
#       representation_type: spherical
# schema: astropy-2.0
ra_dec_obj.ra ra_dec_obj.dec "H-alpha flux [Error]" "H-alpha flux" ra_dec_deg RM RM_uncert pol_int pol_int_uncert ra_dec_pix_offsets interpolation_raw interpolation_cor interpolation_unc interpolation_cor_unc HI "HI [Error]" "pixel location x" "pixel location y" "B_virtual [raw]" "B_virtual_unc [raw]" "B_virtual [int]" "B_virtual_unc [int]"
[from data line 1132]
316.1821289348452 -4.424146187857492 0.41992188 1.800293 [316.1821289348452,-4.424146187857492] -13.939956115910777 1.0635530683770706 0.0004983038000188733 1.9695275815882056e-05 [-1493.513671875,-452.0673828125] -7.5787004295442655 -8.346213104123422 6.983503837437794 7.516735941584441 0.0 0.0 28.88980615369178 19.64907123103694 -1.8266149636633513e-06 9.390105090259117e-07 -8.335438596641866e-07 1.3047969244219703e-06
317.22259508018817 -6.405581966135764 0.35546875 1.1831055 [317.22259508018817,-6.405581966135764] 0.5575008862449644 1.671997987174585 0.0003265231839660899 2.0288898811119478e-05 [372.4716796875,3113.212402344] -12.648931580477921 -9.230159379124053 7.428281818205635 8.925382225564185 0.0 0.0 6.532319907266469 37.22538092058585 7.305184123989603e-08 9.430617693380767e-07 1.7304980704201758e-06 1.3622042058117171e-06
316.0530394288017 -7.464038596479239 0.43359375 1.9589844 [316.0530394288017,-7.464038596479239] -40.49029328757133 3.1527562380603134 0.00019298129417926146 2.2610715806228834e-05 [-1715.642578125,-3381.875976562] -22.439892103518623 -19.023960425137826 7.2334234020391035 8.63471124692261 0.0 0.0 12.877755449986807 58.41940432143383 -5.305624708371854e-06 1.0904424549889356e-06 -2.365225014251285e-06 1.3948355764925645e-06
314.9741213409169 -8.477363539373245 0.36328125 1.2597656 [314.9741213409169,-8.477363539373245] -17.532380035896164 1.0682524807730458 0.0005635013181971545 2.237059572996529e-05 [-3631.54296875,-1550.2734375] -23.29733927047271 -25.78958940379497 7.264587347323345 8.516541051640047 0.0 0.0 18.724740169844154 78.21374732567256 -2.297346380140177e-06 9.455811144990652e-07 7.554084614920416e-07 1.330657891238417e-06
314.9682618643642 -8.468021298979242 0.33789062 1.0166016 [314.9682618643642,-8.468021298979242] -24.660383018346575 0.15705605866679276 0.0038597866858675616 2.2528210812128467e-05 [-3642.056640625,-1567.026855469] -23.471773122437884 -25.810764723823013 7.28489541258604 8.454262230627595 0.0 0.0 18.837400082430122 78.13248734252466 -3.231360576491916e-06 9.525937778791122e-07 -1.5574888498731122e-07 1.3240530833633192e-06
315.78640753753086 -7.552564666842813 0.35351562 1.1474609 [315.78640753753086,-7.552564666842813] -22.515236757884697 0.18455767148682087 0.0033115518033517504 2.2712887957666558e-05 [-2190.979492188,-3221.134765625] -24.539524894527165 -21.205399181006555 7.243874721798774 8.662241490412104 0.0 0.0 15.200088409050522 61.28226669713058 -2.9502724420655944e-06 9.469248055099932e-07 2.6525155247346705e-07 1.320354064921315e-06
315.74710067372683 -7.554959490007561 0.35546875 1.1669922 [315.74710067372683,-7.554959490007561] -26.240967812568424 0.0731810538592428 0.008361200713717484 2.2739243457663118e-05 [-2261.088867188,-3216.578125] -24.708952510000064 -21.419855371636267 7.3464371520591705 8.704482404057734 0.0 0.0 15.601701586407671 61.5686673340233 -3.438471690218385e-06 9.569704788593884e-07 -2.007468354250102e-07 1.3297918804593669e-06
315.75030499909946 -7.552806739158662 0.35546875 1.1669922 [315.75030499909946,-7.552806739158662] -29.66551081205044 0.12335323782605533 0.004956682025741347 2.272219675868044e-05 [-2255.383789062,-3220.471679688] -24.708952510000064 -21.419855371636267 7.3464371520591705 8.704482404057734 0.0 0.0 15.579795375243293 61.52058096261226 -3.887204916818914e-06 9.678012150325266e-07 -6.494800620255394e-07 1.3307575264270828e-06
315.7817383264253 -7.55288288037495 0.35351562 1.1474609 [315.7817383264253,-7.55288288037495] -25.185364954283944 0.8742463998263535 0.000698664433821847 2.2699233448883855e-05 [-2199.307617188,-3220.533203125] -24.539524894527165 -21.205399181006555 7.243874721798774 8.662241490412104 0.0 0.0 15.247607178427074 61.31672345812876 -3.30015131384163e-06 9.60708466321109e-07 -8.462731930256788e-08 1.3249436512036285e-06
314.54904195515604 -7.7589629525101245 0.44921875 2.0908203 [314.54904195515604,-7.7589629525101245] 66.58117771074883 1.801999594732661 0.00037836986114250516 2.5338443172446037e-05 [-4395.595703125,-2838.23046875] -24.925773465126877 -25.945510466089047 8.545097509587489 8.600089472132733 17.6477108001709 8.82385540008545 27.137953089619828 71.85917741519643 8.724430299028715e-06 1.1729722947330131e-06 1.19905661759069e-05 1.747905957752152e-06
315.45977782150936 -7.971176070033689 0.34570312 1.0893555 [315.45977782150936,-7.971176070033689] -36.202579818130836 1.1015654124409353 0.0005511233464426119 2.2561491319216783e-05 [-2770.877929688,-2465.630859375] -21.56107730288566 -20.528856742363317 7.408488338152781 8.80011432433769 0.0 0.0 16.344024250500297 68.69610695728534 -4.743786384200831e-06 1.0018566348454538e-06 -1.918541734456104e-06 1.3519278313628564e-06
315.06445322393876 -8.436318382346382 0.37304688 1.3525391 [315.06445322393876,-8.436318382346382] -25.328478331424 1.8012761015425653 0.00033282429613109036 2.2279426759681777e-05 [-3471.189453125,-1625.054199219] -22.99098908135585 -25.341372732843716 7.251798118743611 8.63221534511773 0.0 0.0 17.990541363914076 77.11994308547673 -3.3189041014408714e-06 9.83019925143578e-07 -3.0629169891742873e-07 1.341856717103626e-06
316.11605810520655 -7.65759314418652 0.38085938 1.4414062 [316.11605810520655,-7.65759314418652] -32.80502271910428 2.7447945167103804 0.00021197195161863178 2.1622053569144245e-05 [-1602.465820312,-3033.944335938] -22.000145681182254 -19.035506764905445 7.3618896460045615 8.960837025113825 0.0 0.0 11.139794261345514 60.46061462092166 -4.298589241155371e-06 1.0425532497746952e-06 -1.4158114927983354e-06 1.3834266897296504e-06
315.49874898199903 -8.869979774242974 0.36328125 1.2680664 [315.49874898199903,-8.869979774242974] -24.428670810857817 0.08702734259503772 0.0066578622503137095 2.1532736755289433e-05 [-2695.1640625,-848.3271484375] -20.45662495745101 -23.025626540967636 7.125626977447852 8.491079146581518 0.0 0.0 11.046622027003423 79.88373854149086 -3.2009982868302327e-06 9.51794594968546e-07 -5.204749808292926e-07 1.309567409018906e-06
316.56158439509625 -7.547188492540725 0.4609375 2.2285156 [316.56158439509625,-7.547188492540725] -24.171030228081058 3.0512952229133394 0.0001913232758656911 2.1695054256829923e-05 [-807.935546875,-3234.103515625] -18.984436584570815 -15.664159963818484 7.544708709018035 8.960957006560793 17.696372985839844 8.848186492919922 7.053281833313463 56.13083689048335 -3.167238485878648e-06 1.0316445799617795e-06 -6.796226244115437e-07 1.4076436526259375e-06
315.04815666405096 -6.867813903735748 0.40234375 1.6425781 [315.04815666405096,-6.867813903735748] -40.78363510073518 2.053070409375959 0.000400601901217066 3.056508112771095e-05 [-3513.090820312,-4446.844726562] -18.798705992512346 -19.316928584006362 8.460003262575048 8.273610247034195 0.0 0.0 26.79606791054539 57.49134361358756 -5.344062601643386e-06 1.0456314120165697e-06 -2.8807838525633738e-06 1.4814838277324322e-06
315.6167602214398 -7.7269515321842395 0.39648438 1.5849609 [315.6167602214398,-7.7269515321842395] -33.99895863983522 2.0924217074194713 0.0002897407696543457 2.253032878730388e-05 [-2492.59765625,-2906.252929688] -24.187451328933705 -21.48934414356377 7.451746192300958 8.964229508596347 0.0 0.0 16.027873205505102 64.59053992650388 -4.455036019059724e-06 1.020464857838673e-06 -1.2856458026958534e-06 1.371251142326926e-06
315.1413269542903 -7.654322572972521 0.3671875 1.2832031 [315.1413269542903,-7.654322572972521] -35.81909628826957 0.2091913874364774 0.003001048235418332 2.3330576981759508e-05 [-3340.831054688,-3032.998046875] -21.31451711270254 -21.21239927442636 7.287357910788563 8.308928981877315 0.0 0.0 21.45074499162206 66.74699941792778 -4.693536817549503e-06 9.902778714398415e-07 -1.9006000552247472e-06 1.3329027296540103e-06
315.1380614800248 -7.661917262903644 0.39648438 1.5766602 [315.1380614800248,-7.661917262903644] -40.542692980759654 0.3092999260364292 0.0020340445227222483 2.3380240498443547e-05 [-3346.59375,-3019.302734375] -21.22861388747626 -21.225640478466623 7.360627371662753 8.372456899007231 0.0 0.0 21.44343362028235 66.8636622682211 -5.312490875156978e-06 1.0101969961934953e-06 -2.5308103976670184e-06 1.3466681942561614e-06
315.44873069150685 -6.91836252969085 0.41796875 1.7841797 [315.44873069150685,-6.91836252969085] -63.03228256634911 2.449900300834477 0.00032479811539157916 2.957131345572984e-05 [-2797.274414062,-4359.524414062] -19.542197626878306 -18.302932936491256 8.36248406240623 8.742853425523686 0.0 0.0 22.290471535102824 55.506615042158046 -8.259402653221868e-06 1.171957771812271e-06 -5.698700861099323e-06 1.5327687167447454e-06
314.69335945241585 -7.597309327487955 0.38867188 1.4956055 [314.69335945241585,-7.597309327487955] -50.15775485515765 2.241740351509336 0.0003004131514984004 2.5027239733392456e-05 [-4140.001953125,-3130.82421875] -25.21277025467745 -25.10903487270135 8.559263389395474 8.68125852264065 18.072179794311523 9.036089897155762 26.49923421544713 68.9094993423787 -6.572395551347336e-06 1.0951387996015255e-06 -3.2686531980959527e-06 1.500905147051021e-06
316.12634288300256 -8.667455755069248 0.375 1.3920898 [316.12634288300256,-8.667455755069248] -30.574411950178764 1.835145521010507 0.00030412503086481725 2.0741080508711395e-05 [-1580.118164062,-1216.653808594] -21.133825435152225 -19.806130767206106 6.879698699753568 8.496493544334964 0.0 0.0 5.496554276893903 73.28128704774645 -4.006302308919089e-06 1.0000579010280485e-06 -1.2370423874163865e-06 1.312038152528938e-06
316.93893434875173 -7.028129331487558 0.41796875 1.8081055 [316.93893434875173,-7.028129331487558] -0.2687445250177532 1.5547724307475477 0.0004738400180079377 2.7378349954389446e-05 [-134.7553710938,-4168.309570312] -19.139292965644366 -14.512246466541159 7.984736309925489 9.307101145547483 0.0 0.0 5.983770807658402 47.02482449391664 -3.521480029910088e-08 9.395983164049495e-07 2.4726925872342046e-06 1.4198554271404331e-06
315.2500001748647 -7.392975310656928 0.4375 1.9887695 [315.2500001748647,-7.392975310656928] -48.76455798276891 2.350276853504284 0.0002785631522025283 2.433052022346261e-05 [-3148.95703125,-3504.1796875] -21.77559633723457 -21.87961693378588 7.330608251294079 8.371701492483787 0.0 0.0 21.745990815161804 62.75707997459631 -6.389838717360633e-06 1.0922462838243631e-06 -3.5364846765335997e-06 1.3919500130410934e-06
315.0116882504503 -8.6308393415807 0.3359375 0.9921875 [315.0116882504503,-8.6308393415807] -25.948818456908455 2.8875794730007804 0.000210604453638008 2.2600091631158645e-05 [-3563.266601562,-1274.430664062] -22.777171488061846 -25.985428544111514 7.233124518859831 8.49871122225027 0.0 0.0 17.49675274399806 79.92311240441086 -3.4001900500011674e-06 1.0282118250596715e-06 -4.155951255929914e-07 1.3725477906757948e-06
313.99295041228146 -8.064416826179125 0.36328125 1.2338867 [313.99295041228146,-8.064416826179125] -59.85836569528175 2.6554877796817276 0.0003329640915453955 3.285870247111264e-05 [-5382.265625,-2280.893554688] -29.452945928635376 -29.79152320640693 8.964469418696005 8.315215702473775 18.713674545288086 9.356837272644043 31.35787541562945 79.21133724851916 -7.843510092161506e-06 1.1616286980966993e-06 -3.9841585052646364e-06 1.5627118344536493e-06
315.6958618238546 -7.835816636056624 0.38085938 1.4370117 [315.6958618238546,-7.835816636056624] 44.06422693988156 0.45439481511887464 0.0013131560564464092 2.217473361754943e-05 [-2350.936523438,-2710.913085938] -23.334369287173704 -20.848851973734014 6.955701749684755 8.682745258681603 0.0 0.0 14.592683239860435 65.45620101714576 5.773933262155513e-06 1.026927098816124e-06 8.83154031293734e-06 1.4718015201478348e-06
314.2725827452488 -7.235654410069499 0.3203125 0.80859375 [314.2725827452488,-7.235654410069499] -47.34081603020183 2.4456199523835 0.00038852766443054525 3.531178076334827e-05 [-4894.037109375,-3776.032226562] -22.906380300466427 -22.96712606623721 8.94020309647058 7.9880645495697 0.0 0.0 32.94034312808628 67.08720388129495 -6.2032794245386124e-06 1.0890708138698041e-06 -3.201753690003567e-06 1.5430041307266611e-06
316.2786866932249 -7.437896496152346 0.41796875 1.800293 [316.2786866932249,-7.437896496152346] -33.220950342587535 1.7389214724533715 0.0003457098719434167 2.2340889198800508e-05 [-1313.041992188,-3429.875] -20.235419481956782 -17.025629351624552 7.775460632370111 9.05322065084845 0.0 0.0 10.643575774934334 56.60628984956929 -4.353090102889671e-06 1.0062035187835769e-06 -1.701552342339683e-06 1.396254076680316e-06
316.5587157884798 -8.38029184135244 0.35742188 1.1938477 [316.5587157884798,-8.38029184135244] -12.171847709402233 2.880120568363469 0.00019329602030658687 2.068913266576529e-05 [-811.3999023438,-1734.9609375] -20.465145020419058 -19.4848613558493 7.278663044454683 8.802622698411982 0.0 0.0 2.4888494629512934 66.79958167404402 -1.5949317900684783e-06 9.998798553421749e-07 1.086707937991426e-06 1.3787085673065197e-06
314.33755503133506 -7.3277127356534315 0.43164062 1.9233398 [314.33755503133506,-7.3277127356534315] 56.334314645591505 0.843920403044193 0.001010924691405517 3.170509026941528e-05 [-4777.166992188,-3611.329101562] -23.788871406664956 -23.29484964059904 8.997874436263348 8.203264012586374 0.0 0.0 31.745417757788346 67.81805798073856 7.381737879497895e-06 1.093759523379506e-06 1.0498900381213446e-05 1.7137730624030944e-06
316.1790772956554 -8.879556719767963 0.34765625 1.1040039 [316.1790772956554,-8.879556719767963] -37.01160870797845 2.336404721027792 0.0002407743224544242 2.0905807528568852e-05 [-1485.44140625,-835.1215820312] -20.546562850120516 -19.688228950542875 6.886756332470277 8.259177060612966 0.0 0.0 3.789994139180294 75.6675589705269 -4.8497970677312395e-06 1.0406760175104513e-06 -2.1574887963269315e-06 1.3336674136558272e-06
315.89624015425085 -7.966249709662925 0.37890625 1.4243164 [315.89624015425085,-7.966249709662925] -28.2081809632148 1.3602548245846746 0.0004220371207434196 2.1334360512017577e-05 [-1993.07421875,-2477.443359375] -22.083330677414548 -20.58822881260262 6.4293173517401865 8.528684190111122 0.0 0.0 11.758498113415044 65.81276819505001 -3.696244451323754e-06 9.793051355109533e-07 -8.025665998669134e-07 1.2597204566852038e-06
316.8462523593214 -6.997101136488233 0.41015625 1.7299805 [316.8462523593214,-6.997101136488233] -32.537793431395166 0.10258734335740494 0.007115152045208137 2.712605709448616e-05 [-300.3491210938,-4224.056640625] -20.427123329355258 -15.293564294518102 8.24416845798741 9.460895829570386 18.105636596679688 9.052818298339844 7.133306999434126 47.25112574533432 -4.26357298919591e-06 9.776782812268867e-07 -1.5869154138245388e-06 1.4227919634059487e-06
316.8410948977928 -6.99767584886647 0.41015625 1.7299805 [316.8410948977928,-6.99767584886647] -32.216943710792926 0.38566827169880097 0.0018884909414056135 2.7066837822597745e-05 [-309.5629882812,-4223.018554688] -20.427123329355258 -15.293564294518102 8.24416845798741 9.460895829570386 18.105636596679688 9.052818298339844 7.184322322952312 47.292899256325654 -4.221530611453391e-06 9.777443886282357e-07 -1.54487303608202e-06 1.4233347934891066e-06
317.1205748866381 -7.2169455234149185 0.38867188 1.5092773 [317.1205748866381,-7.2169455234149185] -41.384617923650744 1.3449617296606171 0.0004629072369279987 2.3137295883626237e-05 [189.6630859375,-3828.682617188] -17.024916011321828 -13.529599610168368 7.700895500925771 9.227748785089624 0.0 0.0 3.011435481511171 48.2107543620923 -5.42281207604017e-06 1.0282821755721735e-06 -3.191960982764657e-06 1.3981155160434597e-06
