data_processed/hvc_rms/hvc_rms_index_12_with_B.ecsv
# %ECSV 1.0
# ---
# datatype:
# - {name: ra_dec_obj.ra, unit: deg, datatype: float64}
# - {name: ra_dec_obj.dec, unit: deg, datatype: float64}
# - {name: 'H-alpha flux [Error]', unit: R, datatype: float32}
# - {name: H-alpha flux, unit: R, datatype: float32}
# - {name: ra_dec_deg, datatype: string, subtype: 'float64[2]'}
# - {name: RM, unit: rad / m2, datatype: float64}
# - {name: RM_uncert, unit: rad / m2, datatype: float64}
# - {name: pol_int, datatype: float64}
# - {name: pol_int_uncert, datatype: float64}
# - {name: ra_dec_pix_offsets, datatype: string, subtype: 'float64[2]'}
# - {name: interpolation_raw, unit: rad / m2, datatype: float64}
# - {name: interpolation_cor, unit: rad / m2, datatype: float64}
# - {name: interpolation_unc, unit: rad / m2, datatype: float64}
# - {name: pixel location x, datatype: float64}
# - {name: pixel location y, datatype: float64}
# - {name: 'B_virtual [raw]', unit: G, datatype: float64}
# - {name: 'B_virtual_unc [raw]', unit: G, datatype: float64}
# - {name: 'B_virtual [int]', unit: G, datatype: float64}
# - {name: 'B_virtual_unc [int]', unit: G, datatype: float64}
# - {name: 'B_virtual [cor]', unit: G, datatype: float64}
# - {name: 'B_virtual_unc [cor]', unit: G, datatype: float64}
# meta: !!omap
# - __serialized_columns__:
#     ra_dec_obj:
#       __class__: astropy.coordinates.sky_coordinate.SkyCoord
#       dec: !astropy.table.SerializedColumn
#         __class__: astropy.coordinates.angles.Latitude
#         unit: &id001 !astropy.units.Unit {unit: deg}
#         value: !astropy.table.SerializedColumn {name: ra_dec_obj.dec}
#       frame: icrs
#       ra: !astropy.table.SerializedColumn
#         __class__: astropy.coordinates.angles.Longitude
#         unit: *id001
#         value: !astropy.table.SerializedColumn {name: ra_dec_obj.ra}
#         wrap_angle: !astropy.coordinates.Angle
#           unit: *id001
#           value: 360.0
#       representation_type: spherical
# schema: astropy-2.0
ra_dec_obj.ra ra_dec_obj.dec "H-alpha flux [Error]" "H-alpha flux" ra_dec_deg RM RM_uncert pol_int pol_int_uncert ra_dec_pix_offsets interpolation_raw interpolation_cor interpolation_unc "pixel location x" "pixel location y" "B_virtual [raw]" "B_virtual_unc [raw]" "B_virtual [int]" "B_virtual_unc [int]" "B_virtual [cor]" "B_virtual_unc [cor]"
[from data line 990]
56.05833771715292 -56.96363830113314 1.2421875 0.444458 [56.05833771715292,-56.96363830113314] 26.75658763896503 2.9314201913172466 0.0001560568820505871 1.7000813522116263e-05 [-2394.297851562,2272.849853516] 22.277825540328656 25.090372543951478 6.792396147014708 68.33753511492125 81.22433081256008 1.0601418819759808e-05 1.5146770964729193e-05 1.7745623411471464e-06 4.739123581210228e-06 6.601829913587523e-07 4.139925093313301e-06
62.21156691701657 -57.65401465487543 1.234375 0.3334961 [62.21156691701657,-57.65401465487543] 30.533259466604463 0.7200819523431637 0.0007626526936180352 2.0408798500523395e-05 [3572.943847656,3568.499755859] 24.854468087578326 23.163718907672127 5.900339935938066 108.27935968991346 92.55937540524974 1.3966141145195539e-05 2.6076523605336043e-05 2.5975216311361804e-06 6.388059383248253e-06 3.370882945984351e-06 7.526838058515188e-06
57.59823998161473 -57.55198664479604 1.2421875 0.40551758 [57.59823998161473,-57.55198664479604] 16.011938902779853 0.6358110434971177 0.0007299850373299263 1.7248475990947793e-05 [-869.8491210938,3294.975097656] 26.84708344597512 27.4222038458822 6.282662542469869 80.39044248055302 78.13718309999513 6.641829400004184e-06 1.0599117676669336e-05 -4.494470158626152e-06 7.927302315732358e-06 -4.733032871351833e-06 8.24766021713051e-06
57.612945696761 -57.543834642474714 1.2421875 0.42333984 [57.612945696761,-57.543834642474714] 26.369909069478958 2.807311527206337 0.0001648259094781127 1.719589532788855e-05 [-855.8403320312,3280.126953125] 26.610304203788782 27.376621863732993 6.2823598819407644 80.43550137770035 78.32342083687695 1.0705641445472032e-05 1.6031189642855526e-05 -9.759548682463201e-08 3.987576102396263e-06 -4.087047166319983e-07 4.0300228029515855e-06
57.160053049456806 -57.11750787221698 1.296875 0.95288086 [57.160053049456806,-57.11750787221698] 19.680605616202094 2.1160377350823425 0.00020771842319553509 1.6334548265761306e-05 [-1308.346679688,2520.213134766] 22.58703257328251 25.851290816733066 5.969388613881229 75.62836660471214 83.29355895782555 5.3255907676848324e-06 4.156867953074757e-06 -7.864819239523367e-07 2.6108638856222702e-06 -1.6697933374155429e-06 2.799806368997924e-06
59.631526975063494 -56.554633991938914 1.234375 0.3713379 [59.631526975063494,-56.554633991938914] 13.609547606186206 2.3272421764534212 0.000191172567742406 1.6533920900593418e-05 [1123.463867188,1503.741699219] 25.221163205937973 27.14522898837319 6.668479508730936 87.87434668003391 101.52647047977803 5.89939791358859e-06 1.032706410346512e-05 -5.033344445000581e-06 9.421854636144965e-06 -5.867378756129778e-06 1.0675209047791718e-05
58.35842901057531 -56.27901068385278 1.25 0.49487305 [58.35842901057531,-56.27901068385278] 22.271203243937826 0.13410824864103207 0.003253223164565466 1.6213547572258107e-05 [-140.4672851562,998.6416015625] 23.221057960123133 27.33475704423747 6.322705476382624 78.80067971123196 101.34265065219938 8.3626787748609e-06 1.0909909920908886e-05 -3.566637054693732e-07 3.5709549610874737e-06 -1.9013285194933627e-06 4.2828994766131e-06
58.34831992063502 -56.27878938682138 1.21875 0.1560669 [58.34831992063502,-56.27878938682138] 21.008726532327668 0.5882717831504323 0.00074325067669619 1.6248827722305557e-05 [-150.5698242188,998.2646484375] 23.489112995326757 27.499048836434497 6.241815043625955 78.73753477655373 101.30841132165392 1.4047303567653461e-05 5.506402182598153e-05 -1.6584889882416898e-06 9.024246050995368e-06 -4.33969795919845e-06 1.8076360196189767e-05
58.33469785965892 -56.28089514391314 1.2265625 0.23223877 [58.33469785965892,-56.28089514391314] 19.7915097774439 0.7180605955066092 0.0006107991763789083 1.6299273260592825e-05 [-164.1728515625,1002.0859375] 23.509587856561744 27.555185798339195 6.249034076437813 78.6636038634615 101.2235709143672 1.0848262826614685e-05 2.892236549083302e-05 -2.0379793490092362e-06 7.456950633246811e-06 -4.255481209995678e-06 1.237091161808185e-05
58.33560568480819 -56.27637490501993 1.21875 0.1560669 [58.33560568480819,-56.27637490501993] 16.774738200724983 1.7777419754585124 0.0002466255003227698 1.6293538435502477e-05 [-163.28515625,993.9477539062] 23.489112995326757 27.499048836434497 6.241815043625955 78.6482152893044 101.29968326371204 1.1216283833810707e-05 4.407182765030936e-05 -4.489508722084446e-06 1.8659833641514545e-05 -7.170717693041206e-06 2.8724153144847364e-05
60.59897989764643 -56.647262656539716 1.234375 0.30725098 [60.59897989764643,-56.647262656539716] 20.59204563602463 2.903615594624642 0.0001549167078005487 1.671652808982647e-05 [2077.739257812,1692.731933594] 24.200034629515656 25.49499341275995 5.999806137718638 94.23470637459468 103.34254907590343 9.812993028157415e-06 2.005930058494416e-05 -1.719361517772512e-06 5.759283722083238e-06 -2.3364649244149553e-06 6.57942067710393e-06
57.134380077059056 -57.786212856742466 1.2265625 0.30322266 [57.134380077059056,-57.786212856742466] 17.55847314349088 0.4761112150519276 0.001053913272352553 1.864755894303605e-05 [-1309.248046875,3723.579833984] 25.652038264018195 26.058458581862922 6.784928442598751 78.88798145990017 72.6098386868332 8.42276255905334e-06 1.7381236886721954e-05 -3.882466129562579e-06 9.148986238341446e-06 -4.0774250994232435e-06 9.490240158834985e-06
57.139396541474326 -57.789463022951104 1.2265625 0.30322266 [57.139396541474326,-57.789463022951104] 24.77338842630272 2.968595178191164 0.0001696129087960958 1.8711929953731704e-05 [-1304.318359375,3729.330566406] 25.652038264018195 26.058458581862922 6.784928442598751 78.93372661294757 72.57873700743812 1.1883742213388334e-05 2.433407831537116e-05 -4.2148647522758565e-07 4.96231595225673e-06 -6.164454450882503e-07 5.045194326484051e-06
56.93535972283078 -55.65183631551824 1.2109375 0.1000061 [56.93535972283078,-55.65183631551824] 2.6858499862184737 0.21956184727229305 0.0019699532414245184 1.607390869721127e-05 [-1587.845703125,-112.4731445312] 21.35658291728403 22.614379336687442 5.9565473521749075 67.05324907381885 105.9758216002474 2.2434538142879986e-06 1.47901459476885e-05 -1.559540824121976e-05 9.474175094324311e-05 -1.6646028413302164e-05 0.0001010836243125856
54.017997920647524 -56.21894069853125 1.234375 0.34240723 [54.017997920647524,-56.21894069853125] 19.301829901165426 2.795159862368306 0.00018559695804326834 1.927907568683698e-05 [-4480.182617188,1035.284179688] 22.572768894281626 21.67765795102313 6.33599062989687 52.2821514767428 84.13748696462517 8.713159362134975e-06 1.6088898341362442e-05 -1.4765549617200777e-06 5.182554063700349e-06 -1.0724873507558272e-06 4.848103873084092e-06
55.12216925034377 -57.4281692304682 1.2109375 0.1000061 [55.12216925034377,-57.4281692304682] 16.403501953773645 1.1579378255610615 0.0004224323245519219 1.8178208784325865e-05 [-3270.36328125,3146.254150391] 24.124335829560298 25.928426522665436 6.769063624155262 65.39195232201928 69.81018927806349 1.3701621168234775e-05 8.317454514265218e-05 -6.449107097193104e-06 3.9899078840106805e-05 -7.956039415653194e-06 4.886510638783618e-05
55.12094845368279 -57.42951586209311 1.2109375 0.1000061 [55.12094845368279,-57.42951586209311] 16.085505711086622 1.417146550094293 0.00034621599197265623 1.82335230930771e-05 [-3271.423828125,3148.731689453] 24.124335829560298 25.928426522665436 6.769063624155262 65.39237148305415 69.78351256868632 1.3436003249420965e-05 8.157325513006871e-05 -6.714725016006915e-06 4.148006426552121e-05 -8.221657334467004e-06 5.045599887291227e-05
56.93959442135308 -57.25875861268134 1.2421875 0.421875 [56.93959442135308,-57.25875861268134] 21.823466798068623 1.989171451459865 0.0002266653594712849 1.675583496514669e-05 [-1517.90234375,2778.821533203] 23.284494901496693 25.8498071477952 6.0933063391218925 75.04536936217812 80.16415283628521 8.875247672766389e-06 1.3421095591582075e-05 -5.941762779845708e-07 3.958206389419314e-06 -1.6374468891367318e-06 4.553290837451266e-06
60.400497622273384 -57.579006169955804 1.2578125 0.5932617 [60.400497622273384,-57.579006169955804] 18.978655046309665 2.6429052058877507 0.0001814626310852296 1.782286399868122e-05 [1834.729492188,3363.055419922] 23.443735324274186 24.611992709050554 6.080960016891485 97.08490403320059 87.91343102802966 6.508649781446996e-06 7.384683422858267e-06 -1.53128046768351e-06 3.6861350203526572e-06 -1.931929415332573e-06 3.89334082527695e-06
57.9800490880875 -57.6710395419407 1.25 0.53808594 [57.9800490880875,-57.6710395419407] 26.55560550115053 0.24135686930673353 0.0019721400969545397 1.768911601005345e-05 [-499.4995117188,3505.367675781] 25.96737711456178 27.000183298412253 6.2648468591869095 83.21663872884005 77.73630800488854 9.562666753186614e-06 1.1422506717861377e-05 2.1182089165577982e-07 3.3928998680620398e-06 -1.600923511571001e-07 3.389049753147153e-06
58.002021941149565 -57.66716770876925 1.2890625 0.87719727 [58.002021941149565,-57.66716770876925] 26.38318738751045 0.18677449535576626 0.002547399138495655 1.7681669655226208e-05 [-478.400390625,3498.247314453] 25.44899931684901 26.81731626137862 6.393756664805139 83.32579325104416 77.88156980481108 7.44093073143851e-06 5.851526004701672e-06 2.634719081447525e-07 2.6814392038483017e-06 -1.2243868913653892e-07 2.675872191594901e-06
57.98207843334158 -57.66984943438455 1.265625 0.642334 [57.98207843334158,-57.66984943438455] 27.350459652490876 0.3473761416572939 0.0013692100483697312 1.7675787343605426e-05 [-497.5625,3503.212158203] 25.650030338804235 26.92355089065778 6.255228513364165 83.22258211240523 77.76285445080543 9.014316732589299e-06 9.211989428166489e-06 5.604369582708218e-07 3.1453990915542664e-06 1.407029660187299e-07 3.0992772537723074e-06
57.995830457193904 -57.668254865702615 1.2890625 0.87719727 [57.995830457193904,-57.668254865702615] 24.462529253979135 0.8191674175272119 0.0005822257085214316 1.772444932385024e-05 [-484.3461914062,3500.24609375] 25.44899931684901 26.81731626137862 6.393756664805139 83.29501050437034 77.84070782876597 6.899241665577349e-06 5.480358813675375e-06 -2.782171577164082e-07 2.691671258247044e-06 -6.641277549976996e-07 2.728437525229032e-06
55.80604923069686 -55.78784558898243 1.2265625 0.2722168 [55.80604923069686,-55.78784558898243] 21.814495184194556 3.201795956724603 0.00013900677043113784 1.654010676007335e-05 [-2724.451171875,167.3715820312] 22.873405829870357 22.898802384035882 5.87461308685358 60.767442070060156 99.09263592500565 1.1044252872015314e-05 2.5204709034012073e-05 -5.361057792520432e-07 5.0491906196057715e-06 -5.489635586282586e-07 5.056209244219429e-06
54.43707643962764 -55.9820365176714 1.2578125 0.5644531 [54.43707643962764,-55.9820365176714] 23.122550646168957 1.3263769841598478 0.00035899402465137085 1.7695502519813158e-05 [-4086.997070312,583.7802734375] 22.76788203289447 20.974522077349107 6.156526166782218 53.48875242221334 89.90287096421252 8.129623494745223e-06 9.426336770936566e-06 1.246974148936593e-07 3.31350998728381e-06 7.552221979176462e-07 3.4165174930027673e-06
54.44181809190087 -55.98466100836156 1.2578125 0.5644531 [54.44181809190087,-55.98466100836156] 23.637697048864958 2.638766303230998 0.0001808228131043187 1.7732209516294568e-05 [-4081.95703125,588.216796875] 22.76788203289447 20.974522077349107 6.156526166782218 53.53133424917303 89.8819129771457 8.310743059047476e-06 9.655036478271526e-06 3.058169791959119e-07 3.4234551511594035e-06 9.363417622198988e-07 3.5635204600336966e-06
60.44295896887322 -56.812248345392916 1.265625 0.64941406 [60.44295896887322,-56.812248345392916] 25.838324525952657 0.37757937919688483 0.0011780963528974437 1.6530948875509215e-05 [1915.014648438,1985.04296875] 24.507894141717603 25.148535699049653 6.004096275855633 93.98090112516388 100.19552288424893 8.469390130478412e-06 8.600641247637506e-06 4.3609383240818016e-07 3.05537582721925e-06 2.261017612352786e-07 3.0335058950628657e-06
59.02278149044854 -58.177135448040595 1.265625 0.6291504 [59.02278149044854,-58.177135448040595] 22.71116130494214 1.9550600720374665 0.00032535937456500765 2.3639165107337377e-05 [497.1811523438,4415.66027832] 22.009855078148018 24.88989592451238 6.530015267077041 91.76368099224817 73.68438886923082 7.563289788550406e-06 8.012035176215823e-06 2.3354958174704064e-07 3.2623281398070998e-06 -7.255640114083908e-07 3.335268287546214e-06
60.62378684754296 -56.7634772294958 1.2734375 0.76782227 [60.62378684754296,-56.7634772294958] 29.474652696098367 1.9698332815821882 0.00022935920242005516 1.6790141018109415e-05 [2095.792480469,1902.535644531] 24.62366650801562 25.078398952941612 5.848317688434088 94.88201611531724 101.5741379628812 8.885195331494752e-06 7.728736790466528e-06 1.4623398713432119e-06 3.0661653743085723e-06 1.325259830455387e-06 3.0224995029344713e-06
60.62326030784942 -56.75740064710308 1.2734375 0.76782227 [60.62326030784942,-56.75740064710308] 21.68684025849091 1.2804339137603453 0.00035096779013383243 1.6700640703571387e-05 [2095.612304688,1891.588867188] 24.62366650801562 25.078398952941612 5.848317688434088 94.852874721131 101.66908971188695 6.537543081724691e-06 5.859880817279443e-06 -8.853123784268495e-07 2.873191404450719e-06 -1.0223924193146745e-06 2.9046817164750246e-06
57.18439088399593 -56.96609499747063 1.2421875 0.40112305 [57.18439088399593,-56.96609499747063] 19.85660833709461 1.804430967996461 0.00024253990219701147 1.6264180041147903e-05 [-1289.819335938,2247.336425781] 22.116781036461315 25.961339226629946 5.961326163908174 75.0127714348057 85.80189284898893 8.281612314442423e-06 1.3193874608551314e-05 -9.426521257849746e-07 4.172420424349291e-06 -2.5461052387625586e-06 5.5557335011395185e-06
56.81581889919046 -55.581466799691455 1.2109375 0.1000061 [56.81581889919046,-55.581466799691455] 20.20289860449241 1.4116266257425834 0.0003081022897381228 1.616305573006012e-05 [-1712.274414062,-236.2568359375] 21.542061993421584 22.356907981644728 6.029992121713318 65.97252502557501 106.6405402045823 1.687520530427547e-05 0.00010235309371465348 -1.118584890542585e-06 1.0335404031221277e-05 -1.799214616594525e-06 1.3402644082893958e-05
56.373066367708084 -55.600437204715874 1.2109375 0.1000061 [56.373066367708084,-55.600437204715874] 23.351481358707296 1.2563083334436578 0.00034941682772439187 1.631356058948867e-05 [-2161.444335938,-189.7485351562] 22.24510122125957 22.280984004072437 6.173906384296483 63.32023840500642 104.52291668608632 1.9505173480379785e-05 0.00011825287222445322 9.241442195750687e-07 9.653742268049916e-06 8.941718211232351e-07 9.54969316255358e-06
56.30844853256782 -57.84816744205384 1.21875 0.2019043 [56.30844853256782,-57.84816744205384] 17.376968983622838 0.9135076590213598 0.0005645937113218532 1.9167123120479914e-05 [-2097.767578125,3855.292480469] 25.820080244469153 25.226837699104856 6.895468544249421 74.46714990181806 68.26633417899666 1.021527069124009e-05 3.112271843055161e-05 -4.963389592689539e-06 1.6070446896781375e-05 -4.614644469637985e-06 1.5093209064717536e-05
60.062496378298746 -56.109039262850295 1.2421875 0.3996582 [60.062496378298746,-56.109039262850295] 26.618020978857853 1.463982211589517 0.00030309315481332855 1.6489999068838354e-05 [1569.091796875,710.228515625] 25.668278422246562 27.11361821992208 6.885801558864815 88.6131253020526 110.15361267093499 1.1121926776856966e-05 1.7569099584015534e-05 3.968351809432285e-07 4.193844148451486e-06 -2.070776122051576e-07 4.160605259746202e-06
