data_processed/hvc_rms/hvc_rms_index_6_with_B.ecsv
# %ECSV 1.0
# ---
# datatype:
# - {name: ra_dec_obj.ra, unit: deg, datatype: float64}
# - {name: ra_dec_obj.dec, unit: deg, datatype: float64}
# - {name: 'H-alpha flux [Error]', unit: R, datatype: float32}
# - {name: H-alpha flux, unit: R, datatype: float32}
# - {name: ra_dec_deg, datatype: string, subtype: 'float64[2]'}
# - {name: RM, unit: rad / m2, datatype: float64}
# - {name: RM_uncert, unit: rad / m2, datatype: float64}
# - {name: pol_int, datatype: float64}
# - {name: pol_int_uncert, datatype: float64}
# - {name: ra_dec_pix_offsets, datatype: string, subtype: 'float64[2]'}
# - {name: interpolation_raw, unit: rad / m2, datatype: float64}
# - {name: interpolation_cor, unit: rad / m2, datatype: float64}
# - {name: interpolation_unc, unit: rad / m2, datatype: float64}
# - {name: interpolation_cor_unc, unit: rad / m2, datatype: float64}
# - {name: HI, unit: dex(1 / cm2), datatype: float64}
# - {name: 'HI [Error]', unit: dex(1 / cm2), datatype: float64}
# - {name: pixel location x, datatype: float64}
# - {name: pixel location y, datatype: float64}
# - {name: 'B_virtual [raw]', unit: G, datatype: float64}
# - {name: 'B_virtual_unc [raw]', unit: G, datatype: float64}
# - {name: 'B_virtual [int]', unit: G, datatype: float64}
# - {name: 'B_virtual_unc [int]', unit: G, datatype: float64}
# meta: !!omap
# - __serialized_columns__:
#     ra_dec_obj:
#       __class__: astropy.coordinates.sky_coordinate.SkyCoord
#       dec: !astropy.table.SerializedColumn
#         __class__: astropy.coordinates.angles.Latitude
#         unit: &id001 !astropy.units.Unit {unit: deg}
#         value: !astropy.table.SerializedColumn {name: ra_dec_obj.dec}
#       frame: icrs
#       ra: !astropy.table.SerializedColumn
#         __class__: astropy.coordinates.angles.Longitude
#         unit: *id001
#         value: !astropy.table.SerializedColumn {name: ra_dec_obj.ra}
#         wrap_angle: !astropy.coordinates.Angle
#           unit: *id001
#           value: 360.0
#       representation_type: spherical
# schema: astropy-2.0
ra_dec_obj.ra ra_dec_obj.dec "H-alpha flux [Error]" "H-alpha flux" ra_dec_deg RM RM_uncert pol_int pol_int_uncert ra_dec_pix_offsets interpolation_raw interpolation_cor interpolation_unc interpolation_cor_unc HI "HI [Error]" "pixel location x" "pixel location y" "B_virtual [raw]" "B_virtual_unc [raw]" "B_virtual [int]" "B_virtual_unc [int]"
[from data line 421]
80.46044929998725 -55.138309558075356 1.3125 1.128418 [80.46044929998725,-55.138309558075356] 5.563847700551709 0.27962726465040416 0.0018533456775681428 1.925948398772449e-05 [4072.564208984,-938.40234375] 33.90377996388444 29.740168012757707 8.177298007489341 7.126010586372157 0.0 0.0 31.670715030741235 14.204860436612762 3.3035346240457737e-06 4.3707102163759625e-06 -1.6826835045421547e-05 9.359764387726509e-06
76.86356338045768 -54.90312956190514 1.296875 1.0073242 [76.86356338045768,-54.90312956190514] 22.709085469773083 1.8597286847825025 0.0002502808772651095 1.72976044402191e-05 [377.259765625,-1477.036132812] 31.015121602947673 32.193775937351816 7.709844684942448 7.744579065088082 0.0 0.0 6.825119929711036 16.26401589415923 1.3483519709278022e-05 6.964099472944375e-06 -4.931709031466958e-06 6.592667617546808e-06
81.25147254790805 -54.91690433130085 1.296875 0.9863281 [81.25147254790805,-54.91690433130085] 2.3138483284021896 1.1229062297924852 0.0005985511768058379 2.497775971739163e-05 [4911.121826172,-1284.89453125] 35.17443369447453 32.509207237579005 8.041703981864412 7.381275764266403 0.0 0.0 37.0726610985605 17.518878772507378 1.3738474665489325e-06 4.2462267646643425e-06 -1.951097286729604e-05 1.0165827158532324e-05
81.25112152613143 -54.91244498562594 1.296875 0.9863281 [81.25112152613143,-54.91244498562594] 4.3299463320182126 1.8684830412985942 0.0003601028471840183 2.500485950987898e-05 [4911.303955078,-1292.926757812] 35.17443369447453 32.509207237579005 8.041703981864412 7.381275764266403 0.0 0.0 37.06984581867562 17.58352539976522 2.5709056749816805e-06 4.4267419373433426e-06 -1.831391465886329e-05 9.83145851945536e-06
80.17909998458953 -54.395458104736356 1.3046875 1.0263672 [80.17909998458953,-54.395458104736356] 29.433359547222746 0.9114852734054415 0.0005976236369978223 2.0243524408535608e-05 [3853.817382812,-2289.4140625] 32.655668824768625 29.980362708685867 8.498860509185128 7.6390145722027665 18.101919174194336 9.050959587097168 29.554248241734854 25.000506523432705 1.7476057505419653e-05 8.244532460637103e-06 -1.913246163567917e-06 6.60572120630564e-06
77.53380605139228 -55.401058312524434 1.2265625 0.29370117 [77.53380605139228,-55.401058312524434] 1.1358968088091213 1.9048043294240904 0.00024310992580185866 1.720924285889279e-05 [1057.586914062,-573.9213867188] 33.53035787586447 32.900656354455414 7.814482165080609 7.683136281651418 0.0 0.0 11.823908469528305 9.24755013729964 6.744387408145519e-07 4.316085707993806e-06 -1.9234211560411414e-05 1.0056775551668552e-05
79.36403644773887 -54.56879445139359 1.3359375 1.3359375 [79.36403644773887,-54.56879445139359] 19.034672263636583 0.06179124855383982 0.007993237266238483 1.8355168611411034e-05 [2988.392089844,-2018.0234375] 33.423736279794205 29.840228858704187 8.614438252804087 7.719949259983382 0.0 0.0 23.922322623614377 22.29888869982051 1.1301836833896778e-05 6.193258543908688e-06 -8.543506893668982e-06 7.448733038697561e-06
80.87460329610771 -55.47494138017881 1.3125 1.1455078 [80.87460329610771,-55.47494138017881] 1.4639672171489404 2.305867607427444 0.00024389162383367966 2.089969541235414e-05 [4459.547607422,-308.0922851562] 33.93633216305456 32.337045089940105 8.15193560440664 7.6765248141319375 0.0 0.0 34.581469793110955 9.375029436596378 8.692305488232361e-07 4.390167540128955e-06 -1.928046698920466e-05 1.0194486543838378e-05
77.15457901174389 -54.75817502634838 1.2890625 0.88061523 [77.15457901174389,-54.75817502634838] 13.69060691362219 3.0751685445598467 0.0001517658378561071 1.734409528153916e-05 [680.8647460938,-1735.699707031] 30.781752845925247 31.60926922251099 7.5322317972069275 7.481148605956932 0.0 0.0 8.713698136841685 18.59609345458648 8.128797982530439e-06 5.613697790686494e-06 -1.0147868056557976e-05 7.589794911711669e-06
78.22068803476716 -54.21878028156013 1.265625 0.6669922 [78.22068803476716,-54.21878028156013] -8.967810295478015 0.6982032259983488 0.0006984338081126488 1.8122403997112955e-05 [1811.657714844,-2687.12109375] 31.87066692945457 28.895876226926212 7.535503693665131 7.351649907544732 0.0 0.0 15.786723616582549 27.102944728683497 -5.3246374465009415e-06 4.703766774648128e-06 -2.4247846232831245e-05 1.1597449587035028e-05
81.17256918740985 -53.66488641916551 1.2734375 0.77075195 [81.17256918740985,-53.66488641916551] 63.172898476439606 3.269854265150544 0.0002147850866522835 2.610004303608943e-05 [4978.831787109,-3538.291992188] 31.398764483185754 32.176948270874256 8.310650259709416 7.5256799927289535 18.005821228027344 9.002910614013672 36.51203971027269 35.680591911511556 3.750890905902273e-05 1.5913523380607677e-05 1.886589235456165e-05 1.0204584567850078e-05
79.07186910939039 -55.890792763304766 1.2421875 0.3988037 [79.07186910939039,-55.890792763304766] 6.843777982331124 1.6332448356296598 0.00028608151753229283 1.736400081826873e-05 [2596.146484375,347.8583984375] 35.239813851343364 32.94860947455209 8.394105328859379 7.728402967092299 0.0 0.0 22.56882559597034 2.7742723958726856 4.0634932407785226e-06 4.576016826663827e-06 -1.686014656181652e-05 9.485242314966037e-06
79.29718782872963 -55.45411692941944 1.3125 1.1196289 [79.29718782872963,-55.45411692941944] 20.77755714261797 3.200852580635 0.00014863993319659137 1.7681124298055534e-05 [2855.008300781,-428.7143554688] 34.626047106554125 31.400771216868765 8.35813252558664 7.06196710855815 0.0 0.0 23.847946543632588 9.276198127355656 1.2336674747031947e-05 6.782641058374634e-06 -8.222541045125489e-06 7.528111878211175e-06
80.5205078249933 -55.4477652526606 1.34375 1.4272461 [80.5205078249933,-55.4477652526606] 20.745562543133865 0.4594356530735038 0.0011285675639143972 1.926907918700096e-05 [4102.101318359,-378.7763671875] 33.63519407107529 31.123142410799236 8.05698600501315 7.5478982599201325 0.0 0.0 32.16581326482583 9.70659622193807 1.231767795329014e-05 6.510715276558194e-06 -7.653218839819102e-06 7.064031414692492e-06
80.50745386904792 -55.443599667524865 1.3359375 1.3896484 [80.50745386904792,-55.443599667524865] 20.61363072329479 2.7471784415736535 0.00018906442370962388 1.9302136749333966e-05 [4089.239013672,-387.0327148438] 33.63395533414145 31.021741789432966 8.105073051582375 7.499712121331576 0.0 0.0 32.07577421840176 9.76465929088181 1.2239343434031364e-05 6.682673735214018e-06 -7.730817859011864e-06 7.277207143819246e-06
81.11303718230825 -55.21052169023428 1.265625 0.6345215 [81.11303718230825,-55.21052169023428] 3.2638906589665257 3.1986397324230773 0.00019204523934160609 2.28285105376879e-05 [4733.532226562,-767.2397460938] 35.03209679361269 32.23737432158108 8.052222514085878 7.234574639462009 0.0 0.0 36.15705755533179 13.24745940907519 1.937935109173876e-06 4.6369349534467875e-06 -1.88623726884581e-05 1.012217759313251e-05
78.73363486573474 -55.45269403274021 1.25 0.5012207 [78.73363486573474,-55.45269403274021] 16.165258663784662 1.7587118986617198 0.0002674307912360543 1.747892883962931e-05 [2280.41796875,-452.1357421875] 33.708095064363704 30.794614614756306 8.334698343712763 7.230951422473575 0.0 0.0 20.016355287232614 9.079059429019935 9.598122482247884e-06 5.793866910077361e-06 -1.0416059276305633e-05 7.79490473679071e-06
78.99502557235823 -53.3697774165444 1.28125 0.8276367 [78.99502557235823,-53.3697774165444] 12.358903095397512 1.301995243684941 0.0005028591947867218 2.433125422619547e-05 [2679.728027344,-4188.709960938] 32.906938142883305 28.417418017361875 8.00648681934852 7.175196551335818 0.0 0.0 20.95077447770427 39.858765751095234 7.338098828050896e-06 5.172911110683253e-06 -1.2200396000908561e-05 8.064561439358647e-06
80.71168527210608 -55.44194017838238 1.359375 1.5585938 [80.71168527210608,-55.44194017838238] 1.5226263519037133 2.1377439276094212 0.0002534440335008143 2.013475995217943e-05 [4297.401855469,-377.666015625] 33.70579609012101 31.688325001158802 8.129536340836985 7.574186434216957 0.0 0.0 33.465104057526105 9.827495255359281 9.040594106304606e-07 4.3612372699081085e-06 -1.910875733194504e-05 1.0121645574280528e-05
80.71997839530039 -55.45558545344546 1.359375 1.565918 [80.71997839530039,-55.45558545344546] 2.96677931501107 1.0065651221336016 0.00053748789816965 2.010570339072435e-05 [4304.357910156,-352.6357421875] 33.76939627811635 31.857328875188095 8.114596873302304 7.640394397859923 0.0 0.0 33.525043941368494 9.630420259293942 1.7615252459318798e-06 4.25954331832608e-06 -1.828905410885847e-05 9.800457267911726e-06
77.18959825456533 -53.34671044501509 1.28125 0.81225586 [77.18959825456533,-53.34671044501509] 10.223818368423505 1.5939569627099934 0.0003925266755354617 2.325168712261442e-05 [741.9887695312,-4274.713867188] 28.896945487076586 28.66214333562204 7.68156178775573 7.78896467799972 0.0 0.0 8.01913883402176 39.665663435412625 6.070392251515643e-06 4.924605995537712e-06 -1.1087169400693996e-05 7.698028989272246e-06
76.14554588219563 -55.57591640179702 1.234375 0.3059082 [76.14554588219563,-55.57591640179702] -5.515591853532112 0.3234846421282685 0.00142726250255837 1.7157982714768825e-05 [-359.677734375,-266.134765625] 34.64939208323379 34.9974689667598 7.886443315389274 8.250505038388244 0.0 0.0 2.5807705430065653 5.710910483831185 -3.2748827144282467e-06 4.368217658631518e-06 -2.3847959586706763e-05 1.1536884157335326e-05
80.75195320223669 -55.371551630186296 1.34375 1.4052734 [80.75195320223669,-55.371551630186296] 5.627984796662397 1.1962122339668675 0.00045723564219107534 2.032623862771403e-05 [4346.137695312,-501.619140625] 33.74182761142487 31.399431935981134 8.171602065697666 7.463834953773634 0.0 0.0 33.72189205910399 10.85847881056543 3.341616025459116e-06 4.429645925159112e-06 -1.6692594433226284e-05 9.343801686616369e-06
81.34168238503305 -53.919349436465254 1.28125 0.8198242 [81.34168238503305,-53.919349436465254] 35.92202438836454 1.20519471900674 0.0005917579043237432 2.6503912605206394e-05 [5127.378417969,-3069.249023438] 33.40624755666929 32.53146543687611 8.555991877141825 7.585699663610989 18.106698989868164 9.053349494934082 37.6924322821792 31.981809591999536 2.1328702315308116e-05 9.636647972060144e-06 1.4937425172607294e-06 6.63041051608238e-06
76.24896256065433 -55.773647366562095 1.2421875 0.39770508 [76.24896256065433,-55.773647366562095] 1.2851539477298073 0.07461287397654005 0.006136610484397876 1.7015747390802495e-05 [-253.158203125,89.31884765625] 35.877692167903625 35.20257404957169 8.485594306232624 8.359715337371592 0.0 0.0 3.4936087260243767 2.8320756091447947 7.630601684394676e-07 4.168029870730337e-06 -2.0539319890556895e-05 1.0596464016025591e-05
76.24433151426062 -55.76528166954249 1.2421875 0.39770508 [76.24433151426062,-55.76528166954249] -1.797712763874202 0.2419653249681226 0.0018977707132157217 1.7064971877814545e-05 [-257.90234375,74.27783203125] 35.877692167903625 35.20257404957169 8.485594306232624 8.359715337371592 0.0 0.0 3.453292841211237 2.9536032478549714 -1.067391970301157e-06 4.181278276880013e-06 -2.2369772029297522e-05 1.119224720204882e-05
80.74440766641207 -54.766956417276035 1.3046875 1.0825195 [80.74440766641207,-54.766956417276035] 19.11923466539371 0.9021075556988483 0.000646179573651805 2.1663082263959295e-05 [4404.474365234,-1588.264648438] 35.13484742881267 31.854592832862885 8.331746927681134 7.59717511646478 0.0 0.0 33.55078981153474 19.654119789603783 1.1352045760728012e-05 6.231349843108406e-06 -9.509270227511368e-06 7.547034480382476e-06
80.74684132820171 -54.77224347348427 1.3046875 1.0825195 [80.74684132820171,-54.77224347348427] 19.27463516660078 1.8535525615174928 0.0003149687659697502 2.1696071227906054e-05 [4406.418945312,-1578.612304688] 35.13484742881267 31.854592832862885 8.331746927681134 7.59717511646478 0.0 0.0 33.568452877635536 19.577448341479112 1.1444314809767714e-05 6.3325485838369495e-06 -9.417001178471667e-06 7.589059756301735e-06
77.98229202675762 -55.412860748128516 1.2109375 0.11581421 [77.98229202675762,-55.412860748128516] 9.097896932735784 0.37725196154198987 0.0012333975393525598 1.729192277887809e-05 [1515.416503906,-544.3657226562] 33.76390528509597 31.708276399583674 8.056962730446097 7.356637022910588 0.0 0.0 14.882188632912516 9.315790577160897 5.401876388584871e-06 4.705366302667679e-06 -1.4645442689048462e-05 8.69532067289098e-06
78.84710708622553 -55.16080468975914 1.296875 0.96484375 [78.84710708622553,-55.16080468975914] 17.051271106814436 1.224803178088754 0.0003865566409523808 1.759495443516986e-05 [2413.844238281,-973.3974609375] 33.294687392118334 30.187756222687774 8.109679873170533 7.132449107992884 0.0 0.0 20.623015339359085 13.42515745117612 1.012419237855256e-05 5.892338933387101e-06 -9.644528570753193e-06 7.506004677417973e-06
78.25193782007115 -53.25161376589796 1.28125 0.8039551 [78.25193782007115,-53.25161376589796] 14.659018746128137 0.4088326770875424 0.0016869785435999084 2.5630900387497647e-05 [1887.444335938,-4425.584960938] 30.538475728385002 28.330605198792142 7.737876417215336 7.268437789038682 0.0 0.0 15.588934071656126 41.438960807105786 8.703792517104378e-06 5.462237638632896e-06 -9.428427731177693e-06 7.287846816218357e-06
78.26676185767057 -53.24958446408434 1.28125 0.8039551 [78.26676185767057,-53.24958446408434] 11.915597305681352 2.0239602641357206 0.000339365119369595 2.552571333698431e-05 [1903.491699219,-4428.828125] 30.538475728385002 28.330605198792142 7.737876417215336 7.268437789038682 0.0 0.0 15.694597774264366 41.4729303989875 7.074886011276262e-06 5.194172568405931e-06 -1.1057334237005809e-05 7.746301444010665e-06
76.69655630554533 -54.58309168137213 1.2578125 0.55029297 [76.69655630554533,-54.58309168137213] 12.521681479107784 0.8035486537239581 0.0005800754682411975 1.7322292999429824e-05 [206.03515625,-2053.71484375] 30.288211031112194 32.0756848195353 7.305381275186158 7.540541309845722 0.0 0.0 5.401450464930349 20.943281357818705 7.434748494895618e-06 5.159908957509177e-06 -1.054887708704879e-05 7.394721904267333e-06
80.52626789603937 -55.51385123127044 1.3203125 1.2070312 [80.52626789603937,-55.51385123127044] 15.542904619737568 1.9002456209924288 0.0002741867150278148 1.936265253072247e-05 [4101.085449219,-259.681640625] 33.63767154494297 31.30773040328257 7.960811911874755 7.632841078863658 0.0 0.0 32.224503536357815 8.745014686378 9.22859976279591e-06 5.709930047676692e-06 -1.0743768030445349e-05 7.742068680036388e-06
80.48302472308585 -54.50839253886809 1.2734375 0.7348633 [80.48302472308585,-54.50839253886809] 17.73098346935279 0.5192175839130889 0.0011063153154368338 2.134700833948209e-05 [4160.110839844,-2068.927734375] 34.51010133275774 31.48366615197113 8.665195372746325 8.028426695837537 18.074779510498047 9.037389755249023 31.69471505423303 23.39104800009045 1.0527771600143177e-05 5.971715900159972e-06 -9.962601387742289e-06 7.760203574489411e-06
76.6677245666156 -54.751846226577605 1.2734375 0.7626953 [76.6677245666156,-54.751846226577605] 10.43802908966478 0.9924356704762315 0.00046961637169415225 1.7320255627358254e-05 [175.234375,-1750.088378906] 30.780326435309753 32.72722504988178 7.6773190389543124 7.782534566960345 0.0 0.0 5.345002430688055 18.402863778736446 6.1975798692486375e-06 4.894976048075323e-06 -1.2078239238523537e-05 7.90425603468731e-06
76.67573534388521 -54.76362604233533 1.2734375 0.7385254 [76.67573534388521,-54.76362604233533] 6.975039329877401 0.8588235917215072 0.0005439531027666515 1.7360975629435184e-05 [183.5029296875,-1728.8671875] 30.872078161779775 32.76226362151156 7.749335775190399 7.85640013479969 0.0 0.0 5.410507628721007 18.231770556341417 4.1414296671072e-06 4.512770471914124e-06 -1.4188867029111481e-05 8.481244347325018e-06
