data_processed/hvc_rms/hvc_rms_index_12_with_B.ecsv
# %ECSV 1.0
# ---
# datatype:
# - {name: ra_dec_obj.ra, unit: deg, datatype: float64}
# - {name: ra_dec_obj.dec, unit: deg, datatype: float64}
# - {name: 'H-alpha flux [Error]', unit: R, datatype: float32}
# - {name: H-alpha flux, unit: R, datatype: float32}
# - {name: ra_dec_deg, datatype: string, subtype: 'float64[2]'}
# - {name: RM, unit: rad / m2, datatype: float64}
# - {name: RM_uncert, unit: rad / m2, datatype: float64}
# - {name: pol_int, datatype: float64}
# - {name: pol_int_uncert, datatype: float64}
# - {name: ra_dec_pix_offsets, datatype: string, subtype: 'float64[2]'}
# - {name: interpolation_raw, unit: rad / m2, datatype: float64}
# - {name: interpolation_cor, unit: rad / m2, datatype: float64}
# - {name: interpolation_unc, unit: rad / m2, datatype: float64}
# - {name: pixel location x, datatype: float64}
# - {name: pixel location y, datatype: float64}
# - {name: 'B_virtual [raw]', unit: G, datatype: float64}
# - {name: 'B_virtual_unc [raw]', unit: G, datatype: float64}
# - {name: 'B_virtual [int]', unit: G, datatype: float64}
# - {name: 'B_virtual_unc [int]', unit: G, datatype: float64}
# - {name: 'B_virtual [cor]', unit: G, datatype: float64}
# - {name: 'B_virtual_unc [cor]', unit: G, datatype: float64}
# meta: !!omap
# - __serialized_columns__:
#     ra_dec_obj:
#       __class__: astropy.coordinates.sky_coordinate.SkyCoord
#       dec: !astropy.table.SerializedColumn
#         __class__: astropy.coordinates.angles.Latitude
#         unit: &id001 !astropy.units.Unit {unit: deg}
#         value: !astropy.table.SerializedColumn {name: ra_dec_obj.dec}
#       frame: icrs
#       ra: !astropy.table.SerializedColumn
#         __class__: astropy.coordinates.angles.Longitude
#         unit: *id001
#         value: !astropy.table.SerializedColumn {name: ra_dec_obj.ra}
#         wrap_angle: !astropy.coordinates.Angle
#           unit: *id001
#           value: 360.0
#       representation_type: spherical
# schema: astropy-2.0
ra_dec_obj.ra ra_dec_obj.dec "H-alpha flux [Error]" "H-alpha flux" ra_dec_deg RM RM_uncert pol_int pol_int_uncert ra_dec_pix_offsets interpolation_raw interpolation_cor interpolation_unc "pixel location x" "pixel location y" "B_virtual [raw]" "B_virtual_unc [raw]" "B_virtual [int]" "B_virtual_unc [int]" "B_virtual [cor]" "B_virtual_unc [cor]"
[from data line 220]
48.145862539386684 -54.56995760463369 1.28125 0.7922363 [48.145862539386684,-54.56995760463369] 37.16604180026952 2.5569712064029306 0.00017158766594070588 1.630499265104627e-05 [-1411.877441406,-2063.844726562] 19.503483519464087 21.173611868303723 6.142182817563618 7.748428732160619 79.6580341932779 1.1029798248764088e-05 9.24259585318055e-06 5.24173263973751e-06 5.1383356184893045e-06 4.746087210605235e-06 4.8088890800179105e-06
48.146701810413525 -54.56402212206086 1.2734375 0.74194336 [48.146701810413525,-54.56402212206086] 29.59665769856486 2.921341117952142 0.00015143062775265255 1.6440109177479694e-05 [-1411.207519531,-2074.541503906] 19.532486223319076 21.183070250052246 6.1820663286182835 7.715080283809016 79.7617187873509 9.076239092020385e-06 8.169870660539693e-06 3.086322364597661e-06 4.0121214604897e-06 2.5801471261407037e-06 3.736513004493723e-06
49.61994152408501 -54.29361356361966 1.2578125 0.55859375 [49.61994152408501,-54.29361356361966] 29.53954091995051 1.3979502772167187 0.00031310842463996044 1.6266539825634843e-05 [127.0029296875,-2574.825195312] 19.217545681355237 21.275839007629457 5.658149895377205 14.79360941589141 93.01895458935951 1.0440092334940148e-05 1.2058587744590271e-05 3.648079151391489e-06 5.228888435622758e-06 2.920621252268189e-06 4.609277318408669e-06
54.47059250112228 -55.86767956893617 1.2578125 0.5498047 [54.47059250112228,-55.86767956893617] 21.65097724673561 2.1240902312758645 0.00033269472259782687 2.6261986676424867e-05 [5014.958007812,437.94921875] 22.316796100443717 20.58168719606246 5.977347913934989 53.075842279672315 91.91263918523327 7.712974911612846e-06 9.225627978000503e-06 -2.3719225491790392e-07 3.376298449888865e-06 3.8092540766596216e-07 3.3935760203950657e-06
49.54727933631962 -55.71959674546695 1.2421875 0.4058838 [49.54727933631962,-55.71959674546695] 10.17345850017801 2.3455669539437887 0.0001815399055757815 1.5824450665619693e-05 [48.93359375,-8.416015625] 21.241890924013322 19.33285339170781 6.271942219429306 23.241317682666363 69.0996620937999 4.2180954112467406e-06 7.153721159356722e-06 -4.589167392372757e-06 8.100444275391279e-06 -3.797646745311113e-06 7.07242268308907e-06
51.641151665054274 -55.9989968101763 1.296875 0.9494629 [51.641151665054274,-55.9989968101763] 26.04263024510063 2.818121243145602 0.00015589845869178843 1.6327143069965815e-05 [2155.724609375,527.7592773438] 21.471398446366706 19.908063338304633 5.83872522772134 37.058150117914806 75.99491046159051 7.059833869716614e-06 5.275926871680547e-06 1.2392042115292356e-06 2.7236983105050704e-06 1.6630049582948225e-06 2.8288118416312348e-06
49.55996343923529 -55.032459313109044 1.2265625 0.29309082 [49.55996343923529,-55.032459313109044] 34.20076375356754 1.2919635258619704 0.0003329258995127802 1.598477538403967e-05 [62.8583984375,-1245.22265625] 20.36989255797792 19.9610796338729 5.244788950358157 18.984975189786383 80.40166613567385 1.6687194601394523e-05 3.5121741879722536e-05 6.748341668935716e-06 1.477743788866211e-05 6.947809168236635e-06 1.5177493153263176e-05
49.144462498187536 -54.441848836965384 1.2578125 0.57055664 [49.144462498187536,-54.441848836965384] 30.859221361550606 1.063334555369854 0.0004150157018739687 1.6399973976645527e-05 [-371.1572265625,-2307.231445312] 19.357249296410796 21.094983837503683 5.782110912805738 12.84883286255672 87.78094209259734 1.079155965343937e-05 1.2188905887081424e-05 4.022273155206808e-06 5.477883895150279e-06 3.414582321328176e-06 4.947693437076754e-06
49.141334641032095 -54.455974559452876 1.265625 0.6208496 [49.141334641032095,-54.455974559452876] 35.06672077402935 2.5720001872496923 0.000170653368527755 1.6311524932376755e-05 [-374.3017578125,-2281.794921875] 19.429206731057157 21.158144453473746 5.811897431413657 12.91788925127355 87.52695661033272 1.1755756539769443e-05 1.2285952297853863e-05 5.24231533256321e-06 6.230592105330826e-06 4.66270678951958e-06 5.727946004245103e-06
49.14304719133015 -54.44522087518986 1.265625 0.6208496 [49.14304719133015,-54.44522087518986] 29.584292996760176 1.847917293379534 0.00023899832218356388 1.64129287818885e-05 [-372.6079101562,-2301.155761719] 19.429206731057157 21.158144453473746 5.811897431413657 12.861320068909322 87.71638210439824 9.917829160937433e-06 1.0434457974318855e-05 3.4043879537311997e-06 4.671351949701816e-06 2.8247794106875706e-06 4.2475083817970565e-06
45.583343414047796 -56.90598675064128 1.2421875 0.44104004 [45.583343414047796,-56.90598675064128] 29.197981909063152 2.5510998732376375 0.00019794534472499195 1.876642108184796e-05 [-3845.39453125,2235.598144531] 20.303684171511062 19.752147119136843 6.074763540237988 9.84016254653568 25.828480977473646 1.1613482246966046e-05 1.665380186397992e-05 3.5377023383327986e-06 6.2881754250823065e-06 3.757075916487656e-06 6.536645224312067e-06
53.34631738567763 -55.897182458714596 1.21875 0.15808105 [53.34631738567763,-55.897182458714596] 15.918549278500372 2.3562549196124403 0.00021225756665749627 1.8586352032906092e-05 [3879.87890625,418.8486328125] 21.32940956248332 19.949983819669587 6.271247889482536 46.50512291248219 86.17388478379462 1.0575775131610818e-05 4.107305554139733e-05 -3.5948025558619495e-06 1.5282930075083736e-05 -2.6783562006368205e-06 1.2169340685081066e-05
51.343623886342364 -56.484016533989745 1.2890625 0.9111328 [51.343623886342364,-56.484016533989745] 36.740059458391784 0.41124434452539 0.0010411291257302825 1.591157747599353e-05 [1833.071289062,1391.842285156] 22.894447083347963 21.573245808098314 5.708059445002113 38.28095901748486 66.63050350697677 1.0167112883339054e-05 7.505330066695433e-06 3.831509965721448e-06 3.7048132424551663e-06 4.197127297459503e-06 3.901066679214759e-06
51.34416190228851 -56.4851951402038 1.2890625 0.9111328 [51.34416190228851,-56.4851951402038] 37.89382982738219 0.41803751722993976 0.0010241059706402262 1.590995169423945e-05 [1833.548828125,1393.977050781] 22.894447083347963 21.573245808098314 5.708059445002113 38.2912479210637 66.61445583099521 1.0486396895284165e-05 7.72552171294173e-06 4.150793977666559e-06 3.875831299033061e-06 4.516411309404614e-06 4.078415203047037e-06
52.278621706502406 -54.56130206773112 1.2109375 0.1000061 [52.278621706502406,-54.56130206773112] 23.056030161125 2.763561157955148 0.00016781252890287802 1.7234637981481874e-05 [2899.902099609,-2035.121582031] 22.284907323523427 18.622343104992105 5.969145206055739 32.57978577492577 102.88911159370787 1.9258387129856466e-05 0.00011677859616282577 6.441083754411574e-07 8.921109225663599e-06 3.703398249522183e-06 2.3816227340344457e-05
49.910404223616915 -56.60335538006697 1.3046875 1.0830078 [49.910404223616915,-56.60335538006697] 41.19171259444239 3.029841389310304 0.000143056509461819 1.6107799729937194e-05 [407.6157226562,1583.474609375] 24.547929315767558 21.3003649343445 6.83608775675084 30.958036158081654 56.95941415010748 1.0455449003533619e-05 6.6555133005511716e-06 4.224593160506974e-06 3.6577303093428792e-06 5.048903237389821e-06 4.026708628115511e-06
48.941646802430235 -53.69102842042863 1.234375 0.30688477 [48.941646802430235,-53.69102842042863] 89.94384461990921 3.243357730609256 0.00014852045956064133 1.790151719339375e-05 [-594.1118164062,-3656.690429688] 19.07883842853234 22.269541859967905 5.986957276806599 7.000597388052711 99.21846923327485 4.288766646535305e-05 8.641765621025478e-05 3.379035844469796e-05 6.818425630021809e-05 3.226894444315576e-05 6.51289074290187e-05
48.94141366414403 -53.68978136582166 1.234375 0.30688477 [48.94141366414403,-53.68978136582166] 88.00834814690145 2.851211317429527 0.00016955589945529873 1.7965984241830153e-05 [-594.3779296875,-3658.931640625] 19.07883842853234 22.269541859967905 5.986957276806599 6.991560428792468 99.23825113751013 4.1964769211738766e-05 8.455823326697533e-05 3.286746119108368e-05 6.632668797811017e-05 3.134604718954148e-05 6.32715764519744e-05
48.39275342382685 -54.57392108833896 1.234375 0.35791016 [48.39275342382685,-54.57392108833896] 30.493194443202515 2.952456972439099 0.00014850838195791966 1.6294582845933104e-05 [-1154.200195312,-2061.28515625] 20.002529525235843 21.518375451204214 6.112881123747401 9.224608868444648 81.09791562165424 1.346370372232133e-05 2.3489426329526652e-05 4.631958274123666e-06 9.08348553593349e-06 3.962664656036516e-06 8.084420476525464e-06
50.01622748906895 -55.8092461679535 1.28125 0.8000488 [50.01622748906895,-55.8092461679535] 45.97595448245678 2.755835462790104 0.00015737892861962934 1.6117904272231556e-05 [523.162109375,154.8803710938] 22.411905466336883 19.509084047872474 6.130110999466515 26.498716293052098 70.2994604435894 1.3577541586440414e-05 1.1163731521163305e-05 6.958895341332601e-06 6.297213648464917e-06 7.816151682628344e-06 6.919435307831503e-06
49.210708843259845 -56.88422773722629 1.296875 0.94555664 [49.210708843259845,-56.88422773722629] 53.53487531982024 0.19241167502526918 0.002283433253355811 1.6327829053828296e-05 [-283.4873046875,2088.354492188] 23.565430569020826 20.12723965826845 6.454565731696468 28.940832155993576 48.552186143726885 1.4542586485800258e-05 1.0236731484816786e-05 8.141108756044013e-06 6.196697671407553e-06 9.07508288740427e-06 6.789053195896312e-06
48.38595970533843 -56.53979499334555 1.3046875 1.0361328 [48.38595970533843,-56.53979499334555] 79.87008685771082 0.4033966638566177 0.0010404841522909393 1.559827149640144e-05 [-1104.552734375,1476.756835938] 20.99343465683025 21.104301008203294 6.104289901513944 22.12649635808441 49.17316955065189 2.0726457361067602e-05 1.3306905390941026e-05 1.527861643092914e-05 1.0012114904786202e-05 1.524984637702142e-05 9.994357382718442e-06
50.22090902958477 -55.788173601581576 1.2734375 0.74243164 [50.22090902958477,-55.788173601581576] 49.34030508101677 1.838940622011758 0.00023036303902966113 1.5743062110255515e-05 [730.58203125,118.798828125] 23.322947643877214 19.709590507269077 6.0736295945137915 27.54458137545123 71.78151695112183 1.5125934958905998e-05 1.3230794019893596e-05 7.975971282516286e-06 7.462886182180117e-06 9.08369457165869e-06 8.351452434847989e-06
47.431014775632796 -57.609096589884885 1.28125 0.80688477 [47.431014775632796,-57.609096589884885] 57.0282974453736 1.300594602444323 0.0003696789755149543 1.786797772739735e-05 [-1993.579101562,3421.818115234] 25.036081141488893 21.83632683552942 6.573155484985284 24.49092506067086 26.753545389788314 1.6770008486739306e-05 1.3562376067564207e-05 9.407781100946586e-06 8.03909142828959e-06 1.0348715852116755e-05 8.746175459808108e-06
45.82805974541692 -57.15077589691685 1.296875 0.9794922 [45.82805974541692,-57.15077589691685] 23.138864869511572 3.118225453908457 0.00015597120660589247 1.807426507956328e-05 [-3581.734375,2662.325195312] 20.707315245961386 19.926009462155093 6.669642426462321 12.911395580696421 23.673024011082816 6.175756950669531e-06 4.605153348558338e-06 6.489799552926351e-07 2.7459112516537143e-06 8.57510263592148e-07 2.7713269151808173e-06
49.771827829545245 -54.12376022027158 1.2734375 0.7270508 [49.771827829545245,-54.12376022027158] 23.69298260864526 0.2501119326188005 0.0017623693143584758 1.6380985943332025e-05 [287.7407226562,-2880.000976562] 18.860231029482154 22.007941594151617 5.494054798189566 14.687794519711929 96.73900648219569 7.339829931052221e-06 6.816357515488109e-06 1.4971342053464444e-06 3.056550610292723e-06 5.220074938441115e-07 2.7957995913532126e-06
50.38186272682755 -56.53779233165429 1.3203125 1.2294922 [50.38186272682755,-56.53779233165429] 42.0194616297839 2.0348481510835095 0.00020407920965590084 1.5432613253450663e-05 [876.2109375,1469.836425781] 23.52544584725054 21.353876541977147 6.757752430559905 33.17550722498913 60.61128123619824 1.0010049641483655e-05 5.71971961172789e-06 4.405720798724407e-06 3.370551466633504e-06 4.92304100470965e-06 3.576453851691632e-06
54.403114360487024 -55.20562368575148 1.2109375 0.1000061 [54.403114360487024,-55.20562368575148] 22.189423792661437 1.992197197034002 0.0003107690372654719 2.3007994785387e-05 [5031.037109375,-755.6137695312] 21.63294389300624 18.12398648119325 5.598991359703477 49.154702995436196 102.43069042277534 1.8534522665053218e-05 0.0001123908228535175 4.6482006063703713e-07 8.17006289371294e-06 3.3958042667913013e-06 2.1945523090285182e-05
47.36396038791848 -55.465423537306954 1.2578125 0.6035156 [47.36396038791848,-55.465423537306954] 33.63773443680687 2.9703328188426212 0.00014926254619452266 1.647648861666677e-05 [-2178.166015625,-432.3720703125] 19.501249526862352 20.321183379433606 6.212564833639379 9.187680311955091 60.11444052290199 1.143750014450734e-05 1.2239276118880824e-05 4.806686624631805e-06 6.0352005061759145e-06 4.527892772599706e-06 5.794528607972953e-06
46.83620882491731 -56.22731780813325 1.2734375 0.7141113 [46.83620882491731,-56.22731780813325] 79.39555472580598 2.5022319232570567 0.00018037856109704543 1.6773403011864854e-05 [-2663.479492188,956.6455078125] 17.885055063950805 19.660656279451015 5.994820815506564 11.547215418800192 44.57218072534056 2.4817718855051348e-05 2.2361573992137893e-05 1.9227150594433436e-05 1.7487168854034227e-05 1.867212743328599e-05 1.699729468815129e-05
46.40763484165695 -56.59162907787499 1.2890625 0.8574219 [46.40763484165695,-56.59162907787499] 28.346581791517444 2.1077564932356054 0.00021849791797546203 1.711498181634914e-05 [-3062.30859375,1629.493652344] 19.490046797227873 20.664499187194302 6.023716988527466 11.84721319528387 36.093242996100344 8.086340990327075e-06 6.467432527613003e-06 2.52647611917783e-06 3.3106433523131238e-06 2.1914437483607223e-06 3.1708645339541225e-06
46.38428122810325 -56.590351171256614 1.2890625 0.87280273 [46.38428122810325,-56.590351171256614] 33.99058093191198 2.306895546830904 0.00020104767966029196 1.723596879017509e-05 [-3085.524414062,1628.231689453] 19.480354927509104 20.578742776161427 5.946797590801306 11.714507150084955 35.96265603759821 9.610570574784991e-06 7.4470614020439015e-06 4.102652771682125e-06 4.0601622532277475e-06 3.7920922090631794e-06 3.889476955583952e-06
46.45524623966541 -55.88884730051467 1.265625 0.6437988 [46.45524623966541,-55.88884730051467] 28.23195915609607 0.538728990266165 0.0008439041719588852 1.689554415353943e-05 [-3071.05078125,363.6850585938] 18.37259360010059 19.67285256428228 5.705296317241112 7.09606476657757 47.49764271836261 9.29425449920478e-06 9.46054145521046e-06 3.24580565491251e-06 4.374235798574199e-06 2.8177468843128956e-06 4.074946340023038e-06
46.457138513811365 -55.880832716428316 1.265625 0.6437988 [46.457138513811365,-55.880832716428316] 28.054801067000323 0.7342746008368265 0.0006209555007126908 1.694445823285371e-05 [-3069.77734375,349.1889648438] 18.37259360010059 19.67285256428228 5.705296317241112 7.049814678048051 47.63771182383516 9.235932214253006e-06 9.40616377155059e-06 3.1874833699607362e-06 4.335362825070451e-06 2.7594245993611212e-06 4.039215922355928e-06
47.20406322792523 -57.023075067400754 1.265625 0.66137695 [47.20406322792523,-57.023075067400754] 34.88912626997234 1.8952353954076318 0.00024245811398660951 1.707688227262689e-05 [-2247.82421875,2374.866210938] 22.460403992661632 21.498509478800933 6.838891010252308 19.13324473905959 34.40338689155419 1.1332199178005189e-05 1.1142451110028187e-05 4.0369241489379045e-06 5.053126839782334e-06 4.349353303367072e-06 5.287153893935332e-06
54.10614002476757 -57.60322956253994 1.2421875 0.4182129 [54.10614002476757,-57.60322956253994] 29.56662611238676 2.416888952500437 0.00026159797113617687 2.3496315827814127e-05 [4438.389892578,3528.971923828] 23.80355128726072 25.915145833940414 6.7762907828539 60.59683140292668 62.46719169582434 1.207679504971472e-05 1.8221147799885287e-05 2.353987677006522e-06 5.3923256083143735e-06 1.491484986594297e-06 4.662086602778405e-06
