data_processed/hvc_rms/hvc_rms_index_5.ecsv
# %ECSV 1.0
# ---
# datatype:
# - {name: ra_dec_obj.ra, unit: deg, datatype: float64}
# - {name: ra_dec_obj.dec, unit: deg, datatype: float64}
# - {name: 'H-alpha flux [Error]', unit: R, datatype: float32}
# - {name: H-alpha flux, unit: R, datatype: float32}
# - {name: ra_dec_deg, datatype: string, subtype: 'float64[2]'}
# - {name: RM, unit: rad / m2, datatype: float64}
# - {name: RM_uncert, unit: rad / m2, datatype: float64}
# - {name: pol_int, datatype: float64}
# - {name: pol_int_uncert, datatype: float64}
# - {name: ra_dec_pix_offsets, datatype: string, subtype: 'float64[2]'}
# - {name: interpolation_raw, unit: rad / m2, datatype: float64}
# - {name: interpolation_cor, unit: rad / m2, datatype: float64}
# - {name: interpolation_unc, unit: rad / m2, datatype: float64}
# - {name: interpolation_cor_unc, unit: rad / m2, datatype: float64}
# - {name: pixel location x, datatype: float64}
# - {name: pixel location y, datatype: float64}
# meta: !!omap
# - __serialized_columns__:
#     ra_dec_obj:
#       __class__: astropy.coordinates.sky_coordinate.SkyCoord
#       dec: !astropy.table.SerializedColumn
#         __class__: astropy.coordinates.angles.Latitude
#         unit: &id001 !astropy.units.Unit {unit: deg}
#         value: !astropy.table.SerializedColumn {name: ra_dec_obj.dec}
#       frame: icrs
#       ra: !astropy.table.SerializedColumn
#         __class__: astropy.coordinates.angles.Longitude
#         unit: *id001
#         value: !astropy.table.SerializedColumn {name: ra_dec_obj.ra}
#         wrap_angle: !astropy.coordinates.Angle
#           unit: *id001
#           value: 360.0
#       representation_type: spherical
# schema: astropy-2.0
ra_dec_obj.ra ra_dec_obj.dec "H-alpha flux [Error]" "H-alpha flux" ra_dec_deg RM RM_uncert pol_int pol_int_uncert ra_dec_pix_offsets interpolation_raw interpolation_cor interpolation_unc interpolation_cor_unc "pixel location x" "pixel location y"
[from data line 592]
151.4807280923335 -9.476405245949003 0.34960938 1.0981445 [151.4807280923335,-9.476405245949003] -23.897734685120653 1.2331046111599662 0.00048748754579452615 2.2339433198052392e-05 [1834.865234375,240.1201171875] -5.203918795915342 -8.002951507478608 4.881786535124644 5.0434213677751165 11.467608171044503 19.764655899987247
153.25666805775214 -8.495681738863677 0.33398438 0.93408203 [153.25666805775214,-8.495681738863677] -21.743951604424037 1.2301052498068128 0.0007827636444344303 3.578340152864327e-05 [4999.547363281,-1507.910644531] -6.286542308825081 -3.75646663982162 6.103672634602868 5.8432573128688015 34.79507107002405 12.137425858107008
151.78666694897387 -7.638378974898335 0.32617188 0.8425293 [151.78666694897387,-7.638378974898335] -8.576421760526742 0.5961641847118532 0.0011237501988935388 2.4896847920811876e-05 [2389.42578125,-3066.025390625] -2.939874214049682 -0.4119861233898807 6.195122071681587 5.962169067014022 29.208327985163578 36.67090688964004
151.42843622420173 -8.671320805380873 0.328125 0.876709 [151.42843622420173,-8.671320805380873] -16.967402000658687 1.4281105711605144 0.0004216479742854816 2.237796319664835e-05 [1745.950195312,-1209.263183594] -2.921336705863979 -3.5452902759240996 5.56361963541408 5.536848914895239 17.648098125243905 28.970674797712945
151.42248545407972 -8.664124391182694 0.328125 0.876709 [151.42248545407972,-8.664124391182694] -19.952012895882437 2.6897278548629795 0.0002229958721354111 2.2290194991363088e-05 [1735.395996094,-1222.245117188] -2.921336705863979 -3.5452902759240996 5.56361963541408 5.536848914895239 17.655578537930978 29.108622012777914
150.0009766023324 -8.270465862332848 0.37109375 1.296875 [150.0009766023324,-8.270465862332848] -2.4175759890881308 1.614655885035004 0.0003764009718175928 2.2586004952542578e-05 [-794.8427734375,-1932.637695312] -2.4839994186546583 -3.09414147037514 5.511322887306347 5.38282954647294 8.420627757472403 47.47569825882101
152.7430724495722 -8.357813944248248 0.53515625 2.9423828 [152.7430724495722,-8.357813944248248] -9.028511962602726 1.69044383934794 0.00043354351572449755 2.7235925984860935e-05 [4087.5859375,-1762.646972656] -4.830265051808179 -3.7918581452179962 5.292173186778501 5.702870551253866 31.560523710285906 18.978360342354563
152.99038695063504 -7.355354156207721 0.32617188 0.8479004 [152.99038695063504,-7.355354156207721] -15.88339489082032 2.7907408714188535 0.00030063853957143337 3.1179767257445885e-05 [4538.573486328,-3563.384765625] -2.476097600251913 -1.9085481674095726 5.587749712142326 5.9842168589836 41.98646177753335 27.43710285089901
151.90751645805042 -8.47547048819375 0.359375 1.1767578 [151.90751645805042,-8.47547048819375] 13.225201047419661 2.6262183574723936 0.0002371652243079163 2.314677789556539e-05 [2599.580566406,-1558.811035156] -3.1457893617640567 -2.5443004454806517 6.18970350979683 5.8336592042875965 23.40026726281053 26.260218601239558
153.31611636526662 -9.015748035583547 0.296875 0.5612793 [153.31611636526662,-9.015748035583547] -15.680073101124883 2.9995690311730705 0.0003048311742203924 3.398027922643208e-05 [5098.119506836,-571.0219726562] -7.083820320175818 -6.939546066532183 5.806270608136796 5.767116565645421 30.932961848049445 5.8956618472311675
151.89311211546644 -9.939306243858882 0.34179688 1.0126953 [151.89311211546644,-9.939306243858882] -25.617755946753142 2.7223607645779433 0.00022213403790385318 2.2473436715668938e-05 [2563.310058594,1075.88671875] -5.866233244059146 -9.739928192077151 5.595540915384472 5.7345697563962705 11.139774206615584 10.671447892454125
151.79516605561818 -9.95143138285154 0.32226562 0.8249512 [151.79516605561818,-9.95143138285154] -12.36108778551388 2.976908313183226 0.00020235867348412822 2.238700446395586e-05 [2389.616210938,1097.0234375] -6.456727130822831 -9.947560345782005 5.562105524277101 5.6554112980190325 10.206600240900116 11.533305703417454
152.18249509948603 -9.556878209443115 0.35742188 1.1533203 [152.18249509948603,-9.556878209443115] -9.146772340548386 0.035333854949879576 0.01755398860017947 2.305024453147727e-05 [3079.711669922,389.8549804688] -3.1048428224604 -7.290668209381845 5.395658050966942 5.9298127413798305 16.79087074419931 11.802049032058221
152.18130491063005 -9.551116994537916 0.35742188 1.1533203 [152.18130491063005,-9.551116994537916] -12.135012509773663 0.29026435478345963 0.002124858182383755 2.2920936573399412e-05 [3077.652099609,379.474609375] -3.1048428224604 -7.290668209381845 5.395658050966942 5.9298127413798305 16.828843571470088 11.875692204003826
150.83580014608617 -7.648094454929584 0.33398438 0.94189453 [150.83580014608617,-7.648094454929584] 6.5519783501306454 0.6357478461660325 0.0009975125615635093 2.356741634020073e-05 [693.2490234375,-3052.696289062] -2.239064698884132 -0.970184243093343 5.782156449167176 5.638827840846925 20.789204431074268 46.10600646456942
150.8329010493887 -7.649938689559945 0.33203125 0.9230957 [150.8329010493887,-7.649938689559945] 6.0448176107424745 0.8204246961233125 0.0007691943219339557 2.3452195060738942e-05 [688.07421875,-3049.383789062] -2.1585123278828644 -0.9528480692682901 5.763332846186519 5.612696906154879 20.748794059631564 46.11440652649026
151.9742431245375 -10.511580400468217 0.36132812 1.1875 [151.9742431245375,-10.511580400468217] -25.453479213709343 2.9144277985643625 0.00021730993167560803 2.353648361288176e-05 [2702.234375,2106.449462891] -10.203691100986248 -13.364674980738426 5.766112995293134 5.924160084718178 7.033346421494571 3.808098905786437
152.95333857837977 -8.09706316025302 0.35546875 1.1386719 [152.95333857837977,-8.09706316025302] -7.511934707248055 1.0318267431005803 0.0007825208368294607 3.0006227224543428e-05 [4464.652832031,-2229.3515625] -6.096018646038856 -4.270449920928802 5.810582789580507 5.878598824463421 35.528694816268626 19.64626738494644
150.08518968626038 -8.636476504495715 0.3671875 1.2553711 [150.08518968626038,-8.636476504495715] -3.277164729111037 1.2967316847073893 0.00046131565290056067 2.2230898546290144e-05 [-644.2265625,-1274.071777344] -2.941268837526087 -3.852786816429648 6.267156037887942 5.652542396018768 6.21609282452755 42.659088393375896
151.41795361731482 -10.637784008072268 0.33203125 0.8918457 [151.41795361731482,-10.637784008072268] -15.120636231542083 1.2162005377859753 0.0005002260711253081 2.260894082298466e-05 [1717.249023438,2330.079833984] -9.9419674712814 -12.984872748607055 5.972924552244147 5.836895067672452 1.2778084430869967 8.082121914345862
150.93730176732964 -7.553774642208567 0.35351562 1.1342773 [150.93730176732964,-7.553774642208567] -3.5321985989628093 0.33501418764583113 0.0019310143576589571 2.4041269982968106e-05 [874.5131835938,-3222.16796875] -2.4807218118879097 -1.0562661818911416 5.838627258109139 5.717316926105136 22.443864031055682 46.14061047054474
151.01449583694253 -7.019402207868333 0.359375 1.1860352 [151.01449583694253,-7.019402207868333] -5.387285026755965 1.9326548287393606 0.00042808438786722105 3.074626661538901e-05 [1013.457519531,-4183.20703125] -3.0332606577319154 -0.39655794319662396 5.882484094120601 5.88121992677 27.42263359669414 51.31826715377406
151.59463512623176 -8.13249030861463 0.37695312 1.3710938 [151.59463512623176,-8.13249030861463] -9.526925989635979 1.9744357506479024 0.0003224354794592144 2.3658899148101328e-05 [2044.474121094,-2178.126953125] -3.2048079925569093 -2.22212866079354 5.767410766081809 5.446880506846134 23.502150363243572 33.17480857103328
152.08799730722 -8.810254945841978 0.33789062 0.96484375 [152.08799730722,-8.810254945841978] 0.007887495536370701 2.2940925913194805 0.00026873546669993963 2.2911030966425172e-05 [2918.188476562,-954.83984375] -4.143874210282171 -4.503290724998683 5.612806730757749 5.648131001704508 22.19036516531446 20.790114773586765
152.09681692813626 -8.809688581323732 0.31835938 0.7644043 [152.09681692813626,-8.809688581323732] -3.8076704901933334 1.7082089689912483 0.00036271852786513224 2.3026049880647528e-05 [2933.874511719,-955.7861328125] -4.298680256593343 -4.5242425012244185 5.6740378093813435 5.685866681953584 22.270765460879147 20.706364766013394
150.81695560032716 -7.244290399698988 0.34570312 1.0600586 [150.81695560032716,-7.244290399698988] 8.35657981833826 1.28693741203378 0.0005611404728416954 2.6837232163986397e-05 [660.23828125,-3779.178710938] -2.4931648076072466 -0.42516167105996505 5.531878614034957 5.626540729805981 23.86929209345385 50.77458927481371
151.99560557283405 -10.15124324016877 0.36132812 1.2119141 [151.99560557283405,-10.15124324016877] -4.813796893911863 2.528714872638376 0.00024340878598573813 2.2874142184220203e-05 [2743.169921875,1458.111328125] -6.885187604839039 -10.905131459234259 5.734830605474431 5.5757571491077496 10.236190867567302 7.388491612255621
151.66426076624012 -10.858787539793205 0.36132812 1.1665039 [151.66426076624012,-10.858787539793205] -20.081116831882248 0.6411016952560418 0.0009837649533427772 2.3438346761515086e-05 [2151.327636719,2729.114013672] -12.410751432055212 -13.986425611859579 6.020080918713983 5.881740781122149 1.5065008549149752 3.2972144295335966
150.57313547099386 -9.112167440205575 0.3515625 1.1220703 [150.57313547099386,-9.112167440205575] 4.503043223632965 0.1750462457020509 0.003419526422162666 2.2244746845514e-05 [223.8232421875,-418.1513671875] -3.6795609460058136 -6.284327831237549 5.814086068487725 5.16213948373533 6.621822167447817 32.715040096561324
150.57102959637038 -9.11606034875729 0.3515625 1.1220703 [150.57102959637038,-9.11606034875729] 8.415058716158224 1.0103353519136187 0.0005908244289835183 2.2183634258165134e-05 [220.078125,-411.1455078125] -3.6795609460058136 -6.284327831237549 5.814086068487725 5.16213948373533 6.571774564074076 32.69381429250279
150.65368657218355 -9.085420594754856 0.34375 1.0268555 [150.65368657218355,-9.085420594754856] 7.850180841013401 2.268156803702541 0.0002653348815117517 2.236537196285249e-05 [367.0122070312,-466.2280273438] -4.019624754807546 -6.505485188518664 5.836513080553498 5.181707106943069 7.540075762745801 32.20840030462114
150.66119393988964 -9.086695770956673 0.34375 1.0268555 [150.66119393988964,-9.086695770956673] 2.649182442491086 1.7051419827644527 0.00035262898509709863 2.2345354953745267e-05 [380.3544921875,-463.9248046875] -4.019624754807546 -6.505485188518664 5.836513080553498 5.181707106943069 7.594900791537611 32.12045114672355
151.7875975226394 -7.452143108894802 0.35351562 1.1191406 [151.7875975226394,-7.452143108894802] -19.356788026687227 2.869553481837787 0.0002462401777559703 2.6259227306338032e-05 [2392.114746094,-3401.076171875] -2.951630866305926 -0.36249921776861127 6.156334174704549 6.067442867913075 30.732881771361235 38.723742153992134
150.82563787511458 -8.280949671646294 0.35546875 1.1484375 [150.82563787511458,-8.280949671646294] 2.1668165318201367 0.7200616226415523 0.0008467868058003032 2.2659611020986894e-05 [674.0791015625,-1913.913574219] -3.346367138172477 -3.283059333841952 6.039556832990027 5.66264502575231 15.583784949997153 39.246195217423065
151.1775359698 -7.760566004415721 0.359375 1.1816406 [151.1775359698,-7.760566004415721] -11.172773402406998 3.0186087291183665 0.00020895563666732764 2.344064823737371e-05 [1302.525878906,-2849.365234375] -2.8993196121551588 -1.7039666824572994 6.1208587218089745 5.722356974135881 22.885179782786963 41.45665525357481
151.18617241669915 -7.766052689468019 0.359375 1.1816406 [151.18617241669915,-7.766052689468019] -20.567588773162576 2.8534885095109703 0.00022026997559698982 2.335824099597375e-05 [1317.910644531,-2839.4609375] -2.8993196121551588 -1.7039666824572994 6.1208587218089745 5.722356974135881 22.916481217176397 41.30968896754939
151.12736519953734 -8.958843188848327 0.38085938 1.4023438 [151.12736519953734,-8.958843188848327] -10.543447907046357 1.7712805075565827 0.00033895691995913514 2.2312105315930763e-05 [1209.333007812,-693.0068359375] -4.058395074770506 -4.996453040912568 5.69231481383027 5.571194281242521 12.683823137925856 28.8712647308364
151.1289368485618 -8.958790823394835 0.38085938 1.4023438 [151.1289368485618,-8.958790823394835] -9.46604057735864 2.0361119529239784 0.00029464893543639767 2.2295398178960014e-05 [1212.127441406,-693.095703125] -4.058395074770506 -4.996453040912568 5.69231481383027 5.571194281242521 12.697860932791855 28.856142632340834
