data_processed/hvc_rms/hvc_rms_index_3.ecsv
# %ECSV 1.0
# ---
# datatype:
# - {name: ra_dec_obj.ra, unit: deg, datatype: float64}
# - {name: ra_dec_obj.dec, unit: deg, datatype: float64}
# - {name: 'H-alpha flux [Error]', unit: R, datatype: float32}
# - {name: H-alpha flux, unit: R, datatype: float32}
# - {name: ra_dec_deg, datatype: string, subtype: 'float64[2]'}
# - {name: RM, unit: rad / m2, datatype: float64}
# - {name: RM_uncert, unit: rad / m2, datatype: float64}
# - {name: pol_int, datatype: float64}
# - {name: pol_int_uncert, datatype: float64}
# - {name: ra_dec_pix_offsets, datatype: string, subtype: 'float64[2]'}
# - {name: interpolation_raw, unit: rad / m2, datatype: float64}
# - {name: interpolation_cor, unit: rad / m2, datatype: float64}
# - {name: interpolation_unc, unit: rad / m2, datatype: float64}
# - {name: interpolation_cor_unc, unit: rad / m2, datatype: float64}
# - {name: pixel location x, datatype: float64}
# - {name: pixel location y, datatype: float64}
# meta: !!omap
# - __serialized_columns__:
#     ra_dec_obj:
#       __class__: astropy.coordinates.sky_coordinate.SkyCoord
#       dec: !astropy.table.SerializedColumn
#         __class__: astropy.coordinates.angles.Latitude
#         unit: &id001 !astropy.units.Unit {unit: deg}
#         value: !astropy.table.SerializedColumn {name: ra_dec_obj.dec}
#       frame: icrs
#       ra: !astropy.table.SerializedColumn
#         __class__: astropy.coordinates.angles.Longitude
#         unit: *id001
#         value: !astropy.table.SerializedColumn {name: ra_dec_obj.ra}
#         wrap_angle: !astropy.coordinates.Angle
#           unit: *id001
#           value: 360.0
#       representation_type: spherical
# schema: astropy-2.0
ra_dec_obj.ra ra_dec_obj.dec "H-alpha flux [Error]" "H-alpha flux" ra_dec_deg RM RM_uncert pol_int pol_int_uncert ra_dec_pix_offsets interpolation_raw interpolation_cor interpolation_unc interpolation_cor_unc "pixel location x" "pixel location y"
[from data line 246]
0.8924247511381166 -6.291094247640156 0.2578125 0.1000061 [0.8924247511381166,-6.291094247640156] 2.294957015092881 2.08737341971899 0.0002807645106398556 2.1779658361549487e-05 [1597.626464844,2908.181152344] 0.5563195260313265 1.0438282833828998 3.9038688112747586 3.821177570073875 23.900857447529688 4.3066608266553885
0.890416274418186 -6.288453992985561 0.2578125 0.1000061 [0.890416274418186,-6.288453992985561] 5.540708090216767 1.7731260297212077 0.0003301430544674653 2.1754568501779207e-05 [1594.041503906,2903.426025391] 0.5563195260313265 1.0438282833828998 3.9038688112747586 3.821177570073875 23.939997039952573 4.323474103297485
358.48995970291236 -2.616371888194934 0.30859375 0.7116699 [358.48995970291236,-2.616371888194934] -37.98865499470764 3.1404554670765648 0.00020708535735448287 2.4168557718570955e-05 [-2713.924804688,-3703.232421875] -9.095342543042634 -10.486682686771143 3.887277864906368 4.10975560191341 76.2956907501781 15.813878547456625
358.48297122717463 -2.6142347014342144 0.30859375 0.7116699 [358.48297122717463,-2.6142347014342144] -22.160627125449277 3.10509846632616 0.00020922615379580226 2.414349015327621e-05 [-2726.491210938,-3707.049804688] -9.095342543042634 -10.486682686771143 3.887277864906368 4.10975560191341 76.35762332827665 15.945400089592113
357.9169311209784 -2.6877340101667357 0.24902344 0.1000061 [357.9169311209784,-2.6877340101667357] -18.95113604624992 1.0366764948029568 0.0006468404297653238 2.4920061614718267e-05 [-3743.57421875,-3572.227539062] -9.055269566037424 -8.619860560821895 3.6300969608839537 3.642984888664969 78.81459626200046 29.45260739171863
357.9275207774198 -2.6817883634856248 0.24902344 0.1000061 [357.9275207774198,-2.6817883634856248] -17.5930482970088 1.5118989557154856 0.00044696144017139646 2.5113169501926263e-05 [-3724.564453125,-3582.979492188] -9.053309371963264 -8.645272170365509 3.625186886289476 3.6279296880567515 78.81565904356182 29.145649177440646
1.1931958171480175 -6.999147433540698 0.29296875 0.47973633 [1.1931958171480175,-6.999147433540698] -7.603961279304965 0.07575834316551537 0.010202485934673038 2.8724017058065885e-05 [2132.593261719,4182.712280273] 1.6552873600298539 -0.23359160414471258 3.5790784608297086 4.209122470836465 14.707183717829821 6.127953539544251
1.191805521609165 -6.992091638836038 0.296875 0.5095215 [1.191805521609165,-6.992091638836038] -3.2206368472934708 0.8043143581440969 0.0009611457771635779 2.87292168157435e-05 [2130.142089844,4170.018066406] 1.6696180617407002 -0.15568966264363704 3.5877784270118895 4.209700262788203 14.789953046321443 6.065609240936283
358.5823972473213 -6.695873238301663 0.28515625 0.5053711 [358.5823972473213,-6.695873238301663] -25.254955834252304 1.2032105699763234 0.0005374906152150402 2.4033732735279087e-05 [-2533.021484375,3637.957519531] -1.7747167156052077 -2.5162741997069853 3.46526638285872 4.115982571325943 33.29280718624068 68.76585542593511
359.0668336457269 -3.011480241993796 0.29101562 0.53637695 [359.0668336457269,-3.011480241993796] -4.562868891073009 2.142959181217528 0.00026978166254258836 2.1484983703662404e-05 [-1676.305664062,-2994.217773438] -6.909167025696954 -7.734268563431021 3.562484560492249 3.9916169795275356 68.8863474619825 7.402554020828575
358.1840822250293 -5.504198205866388 0.296875 0.5966797 [358.1840822250293,-5.504198205866388] -23.03543540992666 2.674297137046706 0.00021551315368155928 2.141865249407971e-05 [-3252.036132812,1495.290527344] -2.172231425450154 -4.422210618997665 4.026070473127777 4.1375663654665 47.96346700016227 60.65861520861563
359.291381940759 -2.9929142383029665 0.29882812 0.62646484 [359.291381940759,-2.9929142383029665] -15.108256852899682 2.49336459702098 0.00022646455229805604 2.0984311521791295e-05 [-1272.740234375,-3028.09375] -6.89324734290648 -7.45109252761624 3.386699913623526 3.837561287251198 67.85576202908226 1.9881948091547201
357.5847473947118 -3.94164897979734 0.26953125 0.3199463 [357.5847473947118,-3.94164897979734] 22.751658985338175 2.873662285019476 0.00022796863566822303 2.434554669997028e-05 [-4334.88671875,-1313.961425781] -6.2476461419409235 -3.7734397407164675 3.909128999372025 3.871477074717529 67.7306350497621 52.84156719103157
359.6929322304247 -5.7861228590379 0.31640625 0.72216797 [359.6929322304247,-5.7861228590379] 12.151475559417166 0.6307097639957946 0.0008463735185803925 1.983811137572806e-05 [-548.9033203125,1998.598876953] -0.5186086851032106 -1.4489336914313382 4.310842518413664 3.993945179568531 35.993501777558095 28.094738489477095
359.6979369147967 -5.781010129354543 0.31640625 0.72216797 [359.6979369147967,-5.781010129354543] 12.828177369735927 0.7975119419916156 0.0006714867911160378 1.9901388242163053e-05 [-539.9458007812,1989.393798828] -0.5186086851032106 -1.4489336914313382 4.310842518413664 3.993945179568531 36.01825902660778 27.898917429264657
357.45187393085183 -5.2282638872002565 0.29101562 0.5410156 [357.45187393085183,-5.2282638872002565] -21.836496024501557 1.322771084397403 0.0005008610096597203 2.4621279628454574e-05 [-4565.0390625,1002.721191406] -1.0977279406148104 -2.759740381543203 3.883141954317354 3.407772885922077 55.37974622530919 73.63634149347536
358.8894040605077 -3.372188773742342 0.27539062 0.3786621 [358.8894040605077,-3.372188773742342] -6.251767564860378 0.7465061735662649 0.0007410418578816271 2.0558188636175414e-05 [-1994.486328125,-2344.698242188] -6.075963463840996 -6.434706949753149 3.664969909771324 4.071091207752974 66.04027031027942 15.86991698338079
358.8982543279838 -3.3781639689099916 0.265625 0.2866211 [358.8982543279838,-3.3781639689099916] -3.129701836457459 1.7405354971362614 0.00031435509986715057 2.0333498051938748e-05 [-1978.57421875,-2333.970703125] -5.960706276404949 -6.396853364617155 3.648664362952775 4.0692181727069245 65.92721159512234 15.738889096579442
358.8931885620987 -3.374474514898345 0.27539062 0.3786621 [358.8931885620987,-3.374474514898345] -6.812322122280728 0.8653847567045035 0.0006375821965654947 2.0504733343691503e-05 [-1987.682617188,-2340.595703125] -6.075963463840996 -6.434706949753149 3.664969909771324 4.071091207752974 65.99477788454624 15.810585793757582
358.15109274802376 -6.667446174638803 0.3203125 0.8364258 [358.15109274802376,-6.667446174638803] -24.234975707544425 3.136818259429839 0.0002146594207867576 2.5023497691422614e-05 [-3303.951171875,3588.612060547] -1.8396943746085797 -1.065413961691779 3.7204879441676404 4.206358212021069 36.32625777704607 78.74970027727613
357.58990500633814 -3.4505946275683526 0.27148438 0.33337402 [357.58990500633814,-3.4505946275683526] -6.009205563034803 1.1473153372990534 0.0005612127248984313 2.3928694886255845e-05 [-4328.029296875,-2197.754882812] -6.8334285827025285 -4.253256089896771 3.8779478962110283 3.733653578532189 72.7822168408386 46.29241518679237
357.5798952355428 -3.458953079994739 0.27148438 0.33337402 [357.5798952355428,-3.458953079994739] -6.557716050105773 2.147510849324907 0.00030062304901893526 2.399199404716637e-05 [-4345.959960938,-2182.651367188] -6.8334285827025285 -4.253256089896771 3.8779478962110283 3.733653578532189 72.75574560992641 46.62259452310627
357.5871276843234 -3.4532387277719745 0.27148438 0.33337402 [357.5871276843234,-3.4532387277719745] -7.112644502195537 1.0688565857993977 0.0006040710982941918 2.3994748272374236e-05 [-4333.002929688,-2192.979492188] -6.8334285827025285 -4.253256089896771 3.8779478962110283 3.733653578532189 72.77149417596206 46.38822118197368
357.07806376568504 -3.796653815665913 0.2890625 0.5024414 [357.07806376568504,-3.796653815665913] -33.29720903051435 0.906366165137998 0.0009333832257282711 3.143926466286489e-05 [-5244.66796875,-1571.471191406] -5.960086311283774 -3.9578176055704546 4.075840682425392 3.7594953023008997 72.34373000253174 62.14173196503998
1.1922215749745244 -7.010061767433677 0.28710938 0.42712402 [1.1922215749745244,-7.010061767433677] -9.611165140992599 2.8317162171046526 0.0002765516111748438 2.9102789907573945e-05 [2130.803222656,4202.338867188] 1.6689608067461066 -0.2979878017076514 3.5720947728785637 4.190127197580818 14.596320813513898 6.309098760051711
358.74252329235566 -6.859228592226055 0.2890625 0.54589844 [358.74252329235566,-6.859228592226055] -18.04426780697756 0.762672825980217 0.0008919573155001971 2.5280813668158924e-05 [-2246.077148438,3931.25390625] -1.5472551904919638 -1.7348625838121747 3.569566212085716 4.225359250552188 30.620517583104288 67.3503137112757
0.1778055664740904 -5.830962628280138 0.3203125 0.74731445 [0.1778055664740904,-5.830962628280138] 10.876319726800531 0.7771567584966669 0.0006927957730301932 2.000886990869639e-05 [319.3935546875,2079.21484375] -0.1836468081667354 0.8686941541518496 4.61006718526037 3.907966920763279 32.75443540703304 16.50383478726144
359.8292845740328 -4.35184147933173 0.265625 0.28405762 [359.8292845740328,-4.35184147933173] -2.995292217789669 0.6778487810670418 0.0008017319881176464 2.019624983065266e-05 [-305.4013671875,-583.0625] -1.8944585835348804 0.24753132939033407 4.0342237951255 3.6034443793850723 50.40554334437604 5.785258332260128
357.79589862590086 -4.246206154101864 0.29296875 0.54125977 [357.79589862590086,-4.246206154101864] -2.885700391844674 0.08054607848206083 0.0076523662628005945 2.2905978695277993e-05 [-3954.516601562,-767.0356445312] -5.973069688911817 -3.853784599688893 3.9428653531080475 3.7446980462762203 63.298268731102894 52.15572857433153
357.7956543432721 -4.240428832243371 0.29296875 0.54125977 [357.7956543432721,-4.240428832243371] -2.593604010751736 0.5675512128539011 0.0010852119514090299 2.2889079482825748e-05 [-3954.984375,-777.4331054688] -5.973069688911817 -3.853784599688893 3.9428653531080475 3.7446980462762203 63.359431534016835 52.08360952790281
358.2182005917941 -5.076676366451245 0.32617188 0.88549805 [358.2182005917941,-5.076676366451245] -11.195223544426003 0.5005971183135963 0.0011222221802105997 2.0877375212428632e-05 [-3193.142578125,725.6435546875] -3.119261696147226 -2.9958788956911278 3.779942723852169 3.979059192884158 52.15034781299585 53.81249045340519
358.2039185963592 -5.073844399897945 0.31835938 0.8161621 [358.2039185963592,-5.073844399897945] -8.952465233650903 0.5411154516631593 0.001036007531194477 2.0833467100350815e-05 [-3218.750976562,720.611328125] -3.2469982295436264 -2.8634389923989274 3.7614100816798555 3.9417385140743697 52.26687942269484 54.10638166832996
358.2109984122701 -5.075608309793909 0.32617188 0.88549805 [358.2109984122701,-5.075608309793909] -9.581118394483404 0.7519870909811066 0.0007483860871073156 2.0914370322132287e-05 [-3206.0546875,723.75390625] -3.119261696147226 -2.9958788956911278 3.779942723852169 3.979059192884158 52.205394417341495 53.96574369865357
358.2113342939844 -5.068261141304136 0.31835938 0.8161621 [358.2113342939844,-5.068261141304136] -8.243884118159915 3.095287064895226 0.00018211562160646804 2.0948688379812605e-05 [-3205.489257812,710.5278320312] -3.2469982295436264 -2.8634389923989274 3.7614100816798555 3.9417385140743697 52.27909944267947 53.85540528602451
359.15536479529186 -5.76076663502964 0.26953125 0.29711914 [359.15536479529186,-5.76076663502964] 0.7220999661444707 2.316599190932515 0.00023464940911760383 2.020128838212259e-05 [-1511.610351562,1953.754882812] -2.563921960947302 -4.0432479785695135 4.554117634057414 4.182806098623185 39.411633556056245 41.02112718897479
358.8414915967042 -4.946152313064033 0.28515625 0.47216797 [358.8414915967042,-4.946152313064033] -4.407245357077039 2.041848348458309 0.0002645461983244448 2.0073990356761808e-05 [-2076.408203125,488.3671875] -3.7133188464704996 -3.600949809499729 4.086269859295571 4.458952682610131 49.75998749746793 37.319752091122155
358.4933164188113 -2.517546247418173 0.265625 0.28771973 [358.4933164188113,-2.517546247418173] -52.0757180156658 2.1172827290694123 0.0003213654820267511 2.528638728704159e-05 [-2708.100585938,-3881.010742188] -9.300375102802919 -10.749247439612613 4.00955924820421 4.108762056336762 77.32481134625073 14.56188406156798
357.2667233939953 -3.2284874217711854 0.28125 0.4371338 [357.2667233939953,-3.2284874217711854] -2.441226686139663 0.3928774121070021 0.0019277339048032606 2.8145751526549778e-05 [-4909.2265625,-2595.3125] -7.17285177174596 -4.85015742069936 3.820185070032384 3.421923256427103 77.03675630715566 50.549327602929225
359.89599611323996 -4.807282495266871 0.28515625 0.4942627 [359.89599611323996,-4.807282495266871] -1.9275916154945316 2.0863422409008887 0.0002582318740907744 2.0021845293455237e-05 [-185.5483398438,236.7045898438] -0.1824817414601801 0.8298918935409691 4.130132634683287 3.67622849612257 45.18779657401353 9.957505308571399
358.39404283762246 -3.9724173202529567 0.27148438 0.34265137 [358.39404283762246,-3.9724173202529567] 0.5949651904064095 0.7140558052499589 0.000777807258080613 2.0640149988064763e-05 [-2882.400390625,-1262.739746094] -7.007414159763694 -4.28309471681752 3.8851788739606814 4.071043707560233 62.56653837492786 34.87613966329991
359.8825073264185 -6.662168955714229 0.27929688 0.3798828 [359.8825073264185,-6.662168955714229] -2.78468142473975 0.2834008056798308 0.0021398258126447143 2.2536590105008687e-05 [-209.05859375,3574.788574219] -0.03708876028580613 -2.0820378683965033 3.8472572675878034 4.046233853712197 25.716960017961014 35.782015626245084
359.8788147277252 -6.652708467979391 0.2890625 0.47131348 [359.8788147277252,-6.652708467979391] 0.19893152001240638 1.3821983701334952 0.00043646049425927327 2.2419401766821228e-05 [-215.6645507812,3557.770996094] -0.22780943781536137 -2.076202687803532 3.8364580432468993 4.024003102712508 25.837420745671807 35.73824496731777
359.88272095488406 -6.6630820832256346 0.27929688 0.3798828 [359.88272095488406,-6.6630820832256346] -2.34085157587436 0.3693509615928235 0.0016401604808699817 2.2513047138848305e-05 [-208.6762695312,3576.431152344] -0.03708876028580613 -2.0820378683965033 3.8472572675878034 4.046233853712197 25.706172954703106 35.78989708572635
359.0184934015939 -6.171026224818658 0.29492188 0.5749512 [359.0184934015939,-6.171026224818658] -8.470937926688373 1.9139279626533736 0.00029373805045598784 2.0892696661997167e-05 [-1755.388671875,2692.351074219] -2.065139626671352 -3.7643389859783767 3.8357047434895786 4.109502164507446 35.98020837594311 50.26309230139623
357.27990703397035 -4.4901613484186225 0.29882812 0.60375977 [357.27990703397035,-4.4901613484186225] -28.210943986867598 1.6913682132999783 0.0004449583154020533 2.796830808084156e-05 [-4878.306640625,-324.6821289062] -4.938916257976436 -4.355153051969554 3.929382401243129 3.6901648040655335 63.98487343883198 67.10296176345855
357.2817385520238 -4.48333157273692 0.29882812 0.60375977 [357.2817385520238,-4.48333157273692] -22.156093451951662 0.804910025866573 0.0009380468756666044 2.805954221959201e-05 [-4875.069335938,-336.98828125] -4.938916257976436 -4.355153051969554 3.929382401243129 3.6901648040655335 64.04312723668409 66.96750682978882
359.74176026700377 -6.1847181334473955 0.26367188 0.19091797 [359.74176026700377,-6.1847181334473955] 17.449818093718278 2.8536193906127956 0.00019052002936590783 2.0204373594544103e-05 [-461.1245117188,2715.846435547] -0.6442969054238427 -1.1504394699271732 3.94281267850673 3.890579471862895 31.531661004095554 32.471425478706806
359.73745719387125 -6.183816849242796 0.26367188 0.19091797 [359.73745719387125,-6.183816849242796] 23.234241359858437 2.477510105756359 0.00021916948935965833 2.017921342142792e-05 [-468.8256835938,2714.227539062] -0.6442969054238427 -1.1504394699271732 3.94281267850673 3.890579471862895 31.566217476915085 32.567058550717775
359.8728027166418 -7.113953585310825 0.28125 0.42297363 [359.8728027166418,-7.113953585310825] -14.727734502076125 0.20890944977436082 0.0036513620908859303 2.834795212985497e-05 [-226.1923828125,4387.395996094] 1.0255916759535402 -1.3457387009126895 3.921478075806198 3.9567818805460266 21.07137238732753 42.741196566694725
