data_processed/hvc_rms/hvc_rms_index_24.ecsv
# %ECSV 1.0
# ---
# datatype:
# - {name: ra_dec_obj.ra, unit: deg, datatype: float64}
# - {name: ra_dec_obj.dec, unit: deg, datatype: float64}
# - {name: 'H-alpha flux [Error]', unit: R, datatype: float32}
# - {name: H-alpha flux, unit: R, datatype: float32}
# - {name: ra_dec_deg, datatype: string, subtype: 'float64[2]'}
# - {name: RM, unit: rad / m2, datatype: float64}
# - {name: RM_uncert, unit: rad / m2, datatype: float64}
# - {name: pol_int, datatype: float64}
# - {name: pol_int_uncert, datatype: float64}
# - {name: ra_dec_pix_offsets, datatype: string, subtype: 'float64[2]'}
# - {name: interpolation_raw, unit: rad / m2, datatype: float64}
# - {name: interpolation_cor, unit: rad / m2, datatype: float64}
# - {name: interpolation_unc, unit: rad / m2, datatype: float64}
# - {name: interpolation_cor_unc, unit: rad / m2, datatype: float64}
# - {name: pixel location x, datatype: float64}
# - {name: pixel location y, datatype: float64}
# meta: !!omap
# - __serialized_columns__:
#     ra_dec_obj:
#       __class__: astropy.coordinates.sky_coordinate.SkyCoord
#       dec: !astropy.table.SerializedColumn
#         __class__: astropy.coordinates.angles.Latitude
#         unit: &id001 !astropy.units.Unit {unit: deg}
#         value: !astropy.table.SerializedColumn {name: ra_dec_obj.dec}
#       frame: icrs
#       ra: !astropy.table.SerializedColumn
#         __class__: astropy.coordinates.angles.Longitude
#         unit: *id001
#         value: !astropy.table.SerializedColumn {name: ra_dec_obj.ra}
#         wrap_angle: !astropy.coordinates.Angle
#           unit: *id001
#           value: 360.0
#       representation_type: spherical
# schema: astropy-2.0
ra_dec_obj.ra ra_dec_obj.dec "H-alpha flux [Error]" "H-alpha flux" ra_dec_deg RM RM_uncert pol_int pol_int_uncert ra_dec_pix_offsets interpolation_raw interpolation_cor interpolation_unc interpolation_cor_unc "pixel location x" "pixel location y"
[from data line 297]
214.53045658655407 -32.54035565612072 1.34375 1.4746094 [214.53045658655407,-32.54035565612072] -34.558696917022985 3.081005890696389 0.00014107489206924566 1.6152916888572635e-05 [596.6254882812,-126.1796875] -24.340895267288413 -22.268560648693235 7.304045264416959 7.9077902967687494 43.44271075604843 25.715182570230354
213.53199770466802 -32.23364652637665 1.3203125 1.1704102 [213.53199770466802,-32.23364652637665] -17.192832569819437 2.3439441531920293 0.00018309872900429609 1.5949287723873822e-05 [-921.564453125,-676.7216796875] -27.724910560640684 -25.035626753794627 6.981417156590678 7.338583326757861 50.529882478387435 34.824841068446176
212.82136547281675 -32.61547095523171 1.328125 1.3076172 [212.82136547281675,-32.61547095523171] -24.631102732945692 2.5068201675031543 0.00017180936277987462 1.6005848808295118e-05 [-1994.935546875,20.28759765625] -27.448621367595216 -25.553892305529605 6.6081849166366675 7.259026141426485 48.73961523508842 44.22060191421065
214.71583543202385 -31.758956916855574 1.328125 1.2651367 [214.71583543202385,-31.758956916855574] -18.25762384059057 2.9794082154139616 0.00014148377211110568 1.5665539073956426e-05 [885.4624023438,-1531.336425781] -22.85828041560313 -22.089404274633498 6.248315075400296 7.095795562931887 51.45133028299233 19.836757078727715
213.11492948046543 -33.14185703672232 1.2421875 0.43774414 [213.11492948046543,-33.14185703672232] -9.725854043843714 2.0144462486913826 0.00021134941076192745 1.582214747480141e-05 [-1540.7578125,962.8276367188] -26.958080407240477 -27.221073436865062 6.223561778539872 7.218411728938549 41.79111471746501 43.53707594402499
213.6621551822447 -33.30523671176041 1.359375 1.6142578 [213.6621551822447,-33.30523671176041] -30.706908955338527 3.17952466483316 0.000134574943021131 1.5901390615635675e-05 [-714.728515625,1251.077636719] -25.720186309725257 -27.12272908459844 6.262312743088387 7.467680820923049 38.03680628363213 38.54592786068065
215.85450746483187 -31.609691748535965 1.359375 1.5810547 [215.85450746483187,-31.609691748535965] -30.823108984009764 1.155868935171971 0.0003886313353050292 1.6693796299583473e-05 [2632.033203125,-1781.139648438] -19.81262339965845 -17.023085236774907 6.396226432570742 7.510320223776727 48.65887133972683 6.961748573456589
215.84809874172157 -31.60828597907909 1.359375 1.5810547 [215.84809874172157,-31.60828597907909] -32.7124226334503 2.046177516274913 0.00021926928149225175 1.667361636930891e-05 [2622.252929688,-1783.827636719] -19.81262339965845 -17.023085236774907 6.396226432570742 7.510320223776727 48.700019514297765 7.022155522101912
212.8406677239879 -32.51539991982696 1.34375 1.440918 [212.8406677239879,-32.51539991982696] -19.850796819174512 2.5058458358672473 0.00017308567994326566 1.611848392859535e-05 [-1967.873046875,-160.1865234375] -24.99903898970176 -23.785865027841673 6.659153930356998 7.093016982281725 49.801134549221615 43.551342400687645
212.60273751396122 -33.18766777920121 1.421875 2.25 [212.60273751396122,-33.18766777920121] -39.8225896672242 3.228935543271989 0.00013481909542660306 1.617780095318417e-05 [-2311.317382812,1054.561523438] -28.050984918105456 -29.018065348987186 6.975249499503386 7.6078891769232975 43.02862658397862 49.165101827548824
213.70619213533246 -33.282562137138996 1.3671875 1.6884766 [213.70619213533246,-33.282562137138996] -33.152931156832025 2.925984039917632 0.0001457773837381337 1.585151615891392e-05 [-648.6518554688,1209.983886719] -25.76896603228518 -27.070828182012875 6.322987448805428 7.494479511784698 38.13529236682621 37.977151519279005
214.67054746880908 -31.474254564913785 1.2890625 0.9250488 [214.67054746880908,-31.474254564913785] -29.877818188570878 3.1302523984968094 0.00013677375044315822 1.591075601031821e-05 [818.650390625,-2044.078613281] -23.954781115992105 -22.186891603311636 6.404733972587336 6.7288954631975555 54.79312310750811 18.879541800194602
215.04510486378277 -31.08843614100634 1.296875 0.9394531 [215.04510486378277,-31.08843614100634] -24.937658094557708 2.541792503829264 0.00017213317139170347 1.6259731435799706e-05 [1399.32421875,-2734.4453125] -23.312190223582874 -22.75267567585486 6.953710901397407 7.300645017580717 57.63120027470541 12.875658987539964
215.3338927286283 -33.38143928362759 1.3828125 1.8398438 [215.3338927286283,-33.38143928362759] -21.588049655456214 1.0640469821392562 0.0004133621499141644 1.6345575456350706e-05 [1798.458984375,1396.740234375] -21.52105662798339 -19.959968701268796 7.776027867992688 7.673846552654544 31.059974108994766 21.54361582749948
214.12823479398284 -32.78404614949811 1.3515625 1.4970703 [214.12823479398284,-32.78404614949811] -27.49309015827759 2.984045475738236 0.00014483244640085854 1.6061274589424008e-05 [-13.67041015625,311.3637695312] -25.42962128590905 -23.767082213994684 6.5038053604376245 7.425076138442985 42.20337182559956 31.150212641582357
214.28834547527822 -32.21959309846345 1.359375 1.5942383 [214.28834547527822,-32.21959309846345] -23.40640401458009 3.2216418543055445 0.0001328621560565519 1.5906962519558685e-05 [230.056640625,-704.484375] -22.110003148051515 -22.648664236820146 7.1406757694768626 7.5458781207104515 47.92380974653065 26.691406712421212
214.50592047357546 -31.980777633021468 1.3828125 1.8144531 [214.50592047357546,-31.980777633021468] -37.18694820458463 1.8669266556973334 0.0002273685195008862 1.5774888331555368e-05 [562.84765625,-1133.524414062] -21.983596970388003 -22.222699418848507 6.5526688660940735 7.338324688712861 49.77540576097522 23.190200354317994
213.22726449818802 -33.76633074671678 1.375 1.7495117 [213.22726449818802,-33.76633074671678] -38.02292737749146 3.1623309852340458 0.00013751116114144328 1.6160469570898564e-05 [-1361.625,2085.171386719] -28.801097605912677 -30.61756921845435 7.130715920136847 7.907267134968154 34.369471831498004 45.24503669990554
214.32670578239018 -32.109954742829295 1.3828125 1.7905273 [214.32670578239018,-32.109954742829295] -18.746120036385804 3.2498592131286377 0.00013042031793795235 1.5751376234668798e-05 [288.818359375,-901.7338867188] -21.76979548043677 -22.30938943124952 6.901942496838636 7.429342828693021 49.00539484277829 25.741282932971217
215.0475007107466 -32.44093317385742 1.375 1.7363281 [215.0475007107466,-32.44093317385742] -31.4663335216699 3.224508046153595 0.00013458023754227925 1.6126995273369095e-05 [1382.672851562,-300.3286132812] -20.340196474662225 -18.18914772964065 6.382018918762962 7.357682798564721 42.60050933676234 19.774218925679406
215.1732178253403 -31.29521741173387 1.265625 0.67285156 [215.1732178253403,-31.29521741173387] -24.17456657012356 2.509438216774867 0.00017412622746826182 1.6238630572189763e-05 [1593.294921875,-2360.56640625] -21.86104152527726 -21.126509761327124 7.062633648373852 7.401404858257026 54.83579804602891 12.570955755805926
215.6524964886554 -32.85607138905811 1.3515625 1.4819336 [215.6524964886554,-32.85607138905811] 26.58479673741923 2.5821235548967643 0.00017345260191921035 1.6644338578058177e-05 [2290.857421875,457.3198242188] -17.391297889632238 -17.296689667624754 7.069303016475707 7.845911252602734 35.66786860211505 15.574691204896908
212.8852540026364 -32.67065435598016 1.3359375 1.3427734 [212.8852540026364,-32.67065435598016] -18.917224016329314 3.2532702205835826 0.00013128752177522202 1.587275421929636e-05 [-1896.923828125,118.4404296875] -28.113561757817283 -26.15389705708001 6.622138048383765 7.319234338039418 47.89641044917653 43.79325285928735
215.74954237376218 -31.772899673704647 1.3359375 1.371582 [215.74954237376218,-31.772899673704647] -30.06527459277331 2.352965691704155 0.00018903240857073248 1.6529532318833192e-05 [2466.854492188,-1489.954589844] -19.89215394715081 -17.340142535394108 6.348133573439238 7.451807398239644 47.2738755293467 8.931344979311007
211.42875643158038 -32.231437789265655 1.34375 1.4233398 [211.42875643158038,-32.231437789265655] -20.000487221444672 3.2246121623008315 0.000156461261243496 1.8749643631531308e-05 [-4122.506835938,-630.7763671875] -24.95086349466709 -22.932602696252776 6.285518507527517 6.3940880319748175 57.764779148258185 57.523876600557514
213.09803760901949 -32.22137838609067 1.390625 1.9418945 [213.09803760901949,-32.22137838609067] -17.81659914526176 2.811561801603892 0.00015456230722211392 1.6149531558211287e-05 [-1582.44921875,-693.6884765625] -25.010559894056033 -24.101044338374926 6.831596898965056 7.0014038037209705 52.21288883445709 39.41878188439546
213.099426231414 -32.226993560867705 1.390625 1.9418945 [213.099426231414,-32.226993560867705] -15.968404165647009 2.9259977516978566 0.00014912980235540704 1.621612687158104e-05 [-1580.237304688,-683.6025390625] -25.010559894056033 -24.101044338374926 6.831596898965056 7.0014038037209705 52.14480641748423 39.430280971888806
214.54156491950087 -32.663089784456126 1.359375 1.5693359 [214.54156491950087,-32.663089784456126] -26.362639451627615 2.8625364251332845 0.00015157025035981807 1.612403353804283e-05 [612.642578125,94.80322265625] -24.757251010579566 -21.670917368586714 6.92878217440965 7.778529526333552 42.03208393842078 26.206026405565126
215.96760543916045 -32.11614986200121 1.3359375 1.3481445 [215.96760543916045,-32.11614986200121] -29.460151372586726 2.735063058213483 0.00016390113123059823 1.6659347904969283e-05 [2789.958496094,-866.8369140625] -14.504578253278742 -15.182103318801737 6.293262827523494 7.478904704358833 42.61493415390328 8.440956799755895
213.7733764828402 -32.47191235858271 1.3125 1.1000977 [213.7733764828402,-32.47191235858271] -17.122506194605315 3.278001686031969 0.00013307647223222057 1.6211348993978852e-05 [-552.5981445312,-249.5278320312] -26.97632596456274 -25.182726946515054 6.676707290817521 7.2903289619233 46.98747514786669 33.395137063996344
214.1776885119417 -32.93532565142682 1.3515625 1.5224609 [214.1776885119417,-32.93532565142682] -22.59196961640868 2.096755050138194 0.00020332779957366162 1.5843574180746034e-05 [61.06494140625,583.6748046875] -25.050484964773 -23.588340467716336 6.416259930178452 7.341077839341482 40.33062895212356 31.365040641805308
214.18327342992205 -32.94565950421361 1.3515625 1.5253906 [214.18327342992205,-32.94565950421361] -26.31318791971972 2.949260607307492 0.00014499883602849423 1.5892285894820882e-05 [69.494140625,602.2788085938] -25.17250247626915 -23.80793900254605 6.509415595936156 7.381462899886525 40.19467314296844 31.356594009394257
214.53744514708367 -32.62810507263933 1.359375 1.5751953 [214.53744514708367,-32.62810507263933] -28.32221425718467 2.8481223265509517 0.0001528950948575893 1.6183069309248032e-05 [606.63671875,31.8076171875] -24.76181170725029 -21.939141820362615 7.07913516526038 7.860624871317306 42.43772802596209 26.076219407929784
215.53326409610102 -32.13227830949523 1.296875 0.9667969 [215.53326409610102,-32.13227830949523] -27.006818033812692 2.990471643163067 0.00014743968350515544 1.6385616334403778e-05 [2127.671386719,-847.8515625] -18.652148268945503 -16.94898438576076 7.031943771125946 7.943835192310582 44.14954066414134 13.085518380502208
215.45735176798922 -32.092010434994236 1.3125 1.0986328 [215.45735176798922,-32.092010434994236] -24.871227036249415 2.9810888759170266 0.00014641318812186698 1.6220484584067457e-05 [2012.879394531,-921.802734375] -20.095480693698597 -17.75009841634722 6.974488219944178 7.875713208580918 44.89216478965636 13.676363913701152
214.45120248796712 -32.032390490140955 1.3359375 1.3979492 [214.45120248796712,-32.032390490140955] -21.059936014005412 3.0459516395351907 0.00013770956489663516 1.558819439346158e-05 [479.0361328125,-1040.89453125] -21.78227925806206 -22.19069519861859 6.712713174550307 7.392885193100913 49.405442428835386 24.030512897005565
213.52369695471995 -32.358127623406865 1.3515625 1.5219727 [213.52369695471995,-32.358127623406865] -28.88234575562903 3.0531479555059238 0.00014201555809888563 1.611359629357517e-05 [-932.9189453125,-452.5903320312] -28.331631824148097 -25.70429671423765 6.918292116403711 7.316545583207367 49.16253717130485 35.5089049616206
212.3734129851366 -32.20101175648147 1.3984375 1.9682617 [212.3734129851366,-32.20101175648147] -21.565111354364603 3.1948686344328485 0.00013878549770224527 1.6478049229953915e-05 [-2686.1640625,-715.7900390625] -25.215126444506573 -23.640203737479986 6.416259758886188 6.87190707010881 54.95724447091493 47.134551638646826
212.96682766088185 -32.20162577823453 1.375 1.7324219 [212.96682766088185,-32.20162577823453] -23.8839095075869 3.1327014350257847 0.00013951539307194833 1.624238633383685e-05 [-1782.604492188,-727.1625976562] -24.072645005255062 -23.7207502279675 6.608997698919986 6.837301811407583 52.89673798778858 40.736641508929324
213.44352707981528 -34.116176553534984 1.3359375 1.3427734 [213.44352707981528,-34.116176553534984] -36.750162654521795 3.0284495747795317 0.00014479955095263161 1.6296572199134304e-05 [-1033.7890625,2712.266601562] -29.16279508634047 -31.654555785319424 6.880247775432691 7.351124407734474 29.68561201143575 44.61496753848246
212.50738555683657 -33.334831312288486 1.40625 2.09375 [212.50738555683657,-33.334831312288486] -48.2604969774957 3.234873313948728 0.00013700863739022075 1.647077094117298e-05 [-2450.765625,1321.545410156] -27.439744213865247 -29.208565961718655 6.890317619049421 7.374488682990274 41.68678252637278 50.83914008661054
215.39825439892806 -32.182537174305146 1.3203125 1.2387695 [215.39825439892806,-32.182537174305146] -28.264242928970027 2.813568212626506 0.00015461183794071294 1.6166235265262723e-05 [1920.875,-759.96484375] -19.608513144965265 -17.407635966437915 7.054212927170062 7.944348538343977 44.118888405298094 14.765688416066041
213.5855713336399 -32.15397266826573 1.3203125 1.1977539 [213.5855713336399,-32.15397266826573] -10.263174635202368 2.5298444269393925 0.0001689221405710912 1.5881411335640885e-05 [-840.7348632812,-820.5732421875] -27.58715497954683 -24.903679713438077 6.879707598861365 7.346708583027326 51.23090734838229 33.8692125805037
215.4270781070845 -32.156536186972964 1.3125 1.152832 [215.4270781070845,-32.156536186972964] -27.081457104716563 2.9618464010470897 0.0001470074681810485 1.6181196573303455e-05 [1965.3359375,-806.2353515625] -20.062903090512695 -17.71678847986383 7.192299046230035 8.055712236465713 44.29502451764256 14.328310785163467
213.22850011182575 -32.31034862139308 1.34375 1.4355469 [213.22850011182575,-32.31034862139308] -2.92135537112096 2.785285015682922 0.00015608680972695898 1.615639825667473e-05 [-1382.454101562,-535.3720703125] -26.532402797764128 -24.83464477338772 7.017096988537456 7.157390435448148 50.75102987860464 38.438658405061005
214.42491154238726 -32.26254658146834 1.390625 1.9160156 [214.42491154238726,-32.26254658146834] -29.523886547519396 3.162954974929122 0.0001330616894906152 1.5640648149506264e-05 [437.8139648438,-626.7421875] -22.255365741929015 -22.77711212407945 7.330640625304482 7.698623321144992 46.93598977220472 25.454004989512896
214.58840956353197 -32.381870283830224 1.3203125 1.2104492 [214.58840956353197,-32.381870283830224] -38.15587810133372 2.855268776374443 0.00014964517373621363 1.5878826891438984e-05 [685.7661132812,-411.1010742188] -23.19240129505091 -22.291102063209298 7.385675467791177 7.803417239938065 44.993653360360895 24.31608539913441
212.9639128698064 -33.073657904267684 1.3125 1.121582 [212.9639128698064,-33.073657904267684] -11.943718117293363 0.8190902950400663 0.0005234087344429851 1.5932409090937452e-05 [-1769.698242188,842.4331054688] -28.498555372699094 -28.39547682471312 6.815152419252788 7.6431831671710935 43.08164976202693 44.81849626809617
