data_processed/hvc_rms/hvc_rms_index_18.ecsv
# %ECSV 1.0
# ---
# datatype:
# - {name: ra_dec_obj.ra, unit: deg, datatype: float64}
# - {name: ra_dec_obj.dec, unit: deg, datatype: float64}
# - {name: 'H-alpha flux [Error]', unit: R, datatype: float32}
# - {name: H-alpha flux, unit: R, datatype: float32}
# - {name: ra_dec_deg, datatype: string, subtype: 'float64[2]'}
# - {name: RM, unit: rad / m2, datatype: float64}
# - {name: RM_uncert, unit: rad / m2, datatype: float64}
# - {name: pol_int, datatype: float64}
# - {name: pol_int_uncert, datatype: float64}
# - {name: ra_dec_pix_offsets, datatype: string, subtype: 'float64[2]'}
# - {name: interpolation_raw, unit: rad / m2, datatype: float64}
# - {name: interpolation_cor, unit: rad / m2, datatype: float64}
# - {name: interpolation_unc, unit: rad / m2, datatype: float64}
# - {name: pixel location x, datatype: float64}
# - {name: pixel location y, datatype: float64}
# meta: !!omap
# - __serialized_columns__:
#     ra_dec_obj:
#       __class__: astropy.coordinates.sky_coordinate.SkyCoord
#       dec: !astropy.table.SerializedColumn
#         __class__: astropy.coordinates.angles.Latitude
#         unit: &id001 !astropy.units.Unit {unit: deg}
#         value: !astropy.table.SerializedColumn {name: ra_dec_obj.dec}
#       frame: icrs
#       ra: !astropy.table.SerializedColumn
#         __class__: astropy.coordinates.angles.Longitude
#         unit: *id001
#         value: !astropy.table.SerializedColumn {name: ra_dec_obj.ra}
#         wrap_angle: !astropy.coordinates.Angle
#           unit: *id001
#           value: 360.0
#       representation_type: spherical
# schema: astropy-2.0
ra_dec_obj.ra ra_dec_obj.dec "H-alpha flux [Error]" "H-alpha flux" ra_dec_deg RM RM_uncert pol_int pol_int_uncert ra_dec_pix_offsets interpolation_raw interpolation_cor interpolation_unc "pixel location x" "pixel location y"
[from data line 1006]
175.7904357330408 -56.91604999954943 8.3125 71.125 [175.7904357330408,-56.91604999954943] 93.48117247163731 3.2459589649901868 0.00014567260728843472 1.7572340977143138e-05 [286.3696289062,2145.626708984] 9.89770003360521 -9.172899570235922 34.982758547201044 76.69086759557649 77.83688796077968
173.6884461311798 -56.209495553159606 9.5625 83.4375 [173.6884461311798,-56.209495553159606] 317.82313053889703 3.177616179585112 0.00014694476147527363 1.7352587761756687e-05 [-1812.215820312,897.0639648438] 20.704530350034478 -0.5387608105785651 39.983420244228945 80.97364905026006 93.60100583124336
175.23153661833567 -57.43117901870687 9.0625 78.53125 [175.23153661833567,-57.43117901870687] 172.22788741487648 1.377608174594562 0.0003549358644328074 1.817122889852511e-05 [-259.1298828125,3072.465332031] 41.384050642790314 -3.3592153126116298 38.44673816835336 69.76463756902899 79.70165344834118
178.683181878054 -54.23527922040207 3.921875 27.234375 [178.683181878054,-54.23527922040207] 78.17294381277917 1.4038568241128557 0.0003767198680470726 1.9653959007844765e-05 [3348.063476562,-2603.051757812] -20.430009169631546 -7.446980677898683 20.840778528804016 112.63442808031846 66.47966325121956
170.21098350161114 -55.953887893204325 6.21875 50.234375 [170.21098350161114,-55.953887893204325] 163.77867569737447 2.1637603281736215 0.00033050571665272727 2.6576441678986615e-05 [-5321.428710938,616.4331054688] 14.487233764042873 -4.034216898401137 30.60286623425071 76.457674454889 116.73113239971235
175.11671425368397 -55.67148208107324 5.0625 38.6875 [175.11671425368397,-55.67148208107324] -11.714469691280245 1.8779706100765965 0.00024336474304678595 1.6984593433687873e-05 [-388.0654296875,-93.96337890625] 3.063117691349243 -5.504662056808392 31.52077629128812 89.88226906688806 86.18848211739896
175.12702954807867 -55.67784121048657 5.0625 38.6875 [175.12702954807867,-55.67784121048657] -13.413176642527855 2.5829330192817763 0.00017729979179141164 1.7018844607941602e-05 [-377.533203125,-82.57421875] 3.063117691349243 -5.504662056808392 31.52077629128812 89.827872376806 86.10007022303944
171.97215263413634 -55.48253623621221 5.90625 46.96875 [171.97215263413634,-55.48253623621221] -88.62031914878659 0.4080804174210132 0.0012657324617986975 1.91953650760983e-05 [-3595.072265625,-343.626953125] 3.626813236094634 -9.234410308227211 34.3865198394426 85.73822555885977 107.3368307949113
171.9713593807616 -55.489799563406635 5.90625 46.96875 [171.9713593807616,-55.489799563406635] -98.34984757227348 0.49924341025299385 0.0010310686107676866 1.9129719850378083e-05 [-3595.216796875,-330.5288085938] 3.626813236094634 -9.234410308227211 34.3865198394426 85.6538932480446 107.31405523917738
175.28207403713512 -56.575511799203014 5.3125 41.0625 [175.28207403713512,-56.575511799203014] -45.67329435195123 1.3391108832895533 0.0003453374790014172 1.7185768491118657e-05 [-215.0747070312,1532.498046875] 9.197286228853484 -7.884005669451927 33.913264026199286 79.740456386289 82.16387426849519
170.21791032921007 -57.61547474433526 5.78125 45.859375 [170.21791032921007,-57.61547474433526] -148.4618724714367 1.9640290125477293 0.0003562802977211062 2.6004494058843967e-05 [-5084.134765625,3597.361572266] 48.927508010705814 75.23202684496033 36.422245400608794 57.747366014491945 109.82328055884273
174.36738576913322 -56.421649869710336 5.71875 45.09375 [174.36738576913322,-56.421649869710336] 51.74465165778041 1.3854957240545756 0.00033395023208827136 1.719474116003992e-05 [-1126.487304688,1264.44140625] 23.22561473453152 -0.10040161370712042 37.62852555230053 79.83911003599928 88.52059631177872
177.45045465832035 -55.03428642036256 4.25 30.34375 [177.45045465832035,-55.03428642036256] -0.6754808501106402 2.4247033930934836 0.00019341685733532772 1.7428565619405537e-05 [2012.612792969,-1213.664550781] -19.58525648309915 0.531419261207688 27.13557420974094 101.34051170901375 72.66707119593207
177.24743643387757 -57.09584051179099 4.78125 35.671875 [177.24743643387757,-57.09584051179099] 229.55358194055572 0.2106167367946977 0.0022631017748834066 1.7713552470194716e-05 [1709.419921875,2490.100585938] 9.915688949320398 -10.474310837778862 34.587729814700815 76.99482043306989 68.04604631178267
176.43634023885394 -54.29852684850305 4.1875 29.882812 [176.43634023885394,-54.29852684850305] 6.381680125644609 0.16713389742708332 0.0029830447786965333 1.8528190891125558e-05 [984.4990234375,-2559.452148438] -20.5734398567329 -2.2706079352943256 23.26682604422487 108.16738926797211 81.72890724472086
177.11630242108683 -54.979740046506116 3.984375 27.796875 [177.11630242108683,-54.979740046506116] -13.451352785585765 3.0109301253303515 0.00015172074878761014 1.697674234838177e-05 [1670.352539062,-1320.678222656] -20.28571901299488 -1.6773997727159546 25.47855318791198 101.4224175417753 75.07338647915958
171.09555029799787 -57.141971573913786 5.1875 39.890625 [171.09555029799787,-57.141971573913786] -91.3925582070891 1.6858192754334036 0.0003405263001834597 2.1333906047708682e-05 [-4296.1796875,2688.133789062] 22.1885279468124 25.662817658119273 35.80308686385612 65.00992055074857 106.38595009219966
177.86904899586676 -54.384422200978605 4.21875 30.039062 [177.86904899586676,-54.384422200978605] 65.03772122313072 2.395157853378291 0.00021069735374704948 1.875434605090862e-05 [2483.575195312,-2369.108886719] -27.73621835583175 -9.370948986615382 23.28603215352595 109.6025775478738 71.67261914509004
177.86312862006622 -54.3833236127662 4.21875 30.039062 [177.86312862006622,-54.3833236127662] 63.25757487874136 1.8447379221522802 0.00027298886580588667 1.8714934563049376e-05 [2477.440917969,-2371.296386719] -27.73621835583175 -9.370948986615382 23.28603215352595 109.6057927929553 71.71629276047929
174.3485718529743 -55.814319662642184 6.875 56.6875 [174.3485718529743,-55.814319662642184] 192.65836516635582 2.286573995953162 0.00020405614310836174 1.7339782158003805e-05 [-1163.450683594,171.7377929688] 2.5031926399168363 -9.298818580190373 35.53392129740396 86.79210263477512 90.71763796380992
171.8233189769183 -57.70772173756628 5.0 37.84375 [171.8233189769183,-57.70772173756628] -14.996677794881958 0.3400013266468892 0.0016897332194481278 2.1350470843027965e-05 [-3532.177734375,3663.188476562] 25.976687207853494 42.67147610544306 30.587123230470873 60.120244254923136 99.71817556143765
179.4966735455727 -54.784507710601765 3.90625 27.132812 [179.4966735455727,-54.784507710601765] 46.34435870952063 1.325256287042755 0.0004140861108072472 2.0393850912159913e-05 [4146.087158203,-1572.003417969] -19.04043756603447 1.8253633352872836 21.751853540418793 107.40690627375807 59.475041730006296
178.0191647897107 -57.650497432625585 4.75 35.34375 [178.0191647897107,-57.650497432625585] 374.3086373001457 2.625463883324699 0.00020210995757682207 1.9719798024006132e-05 [2426.547851562,3510.606445312] 21.644378394682533 -10.669008065011457 38.1918240414703 71.69531225658443 61.6115155028574
170.95205648424704 -57.462402301361934 4.875 36.75 [170.95205648424704,-57.462402301361934] 66.81742615310529 3.138743046305416 0.00018631316791617537 2.1732416367900005e-05 [-4397.40234375,3272.464599609] 29.125192077994107 45.33014011609747 32.86364106172711 61.07389245215745 105.98735537709581
177.1309510297931 -55.2021522138514 4.0 28.046875 [177.1309510297931,-55.2021522138514] 42.187511159812274 2.0260364544992475 0.00023071072241520962 1.7370956694634298e-05 [1676.133789062,-920.1166992188] -20.23130295087351 -2.848835719646602 28.01319954908595 98.85792726580053 74.32211011748291
177.1387026246785 -55.19780744237429 4.0 28.046875 [177.1387026246785,-55.19780744237429] 43.49709776517224 1.4189141259700662 0.0003310161242663841 1.7454763343113724e-05 [1684.276855469,-927.7470703125] -20.23130295087351 -2.848835719646602 28.01319954908595 98.92139383708059 74.2830129716258
175.64999372168515 -55.21541964329574 4.53125 33.34375 [175.64999372168515,-55.21541964329574] 16.25147456001306 0.7820858594364057 0.0005960457638274454 1.7323783299371068e-05 [155.0263671875,-915.7724609375] -9.16209380584723 -2.7834839115512144 28.757726014692174 96.1292214260859 84.15173478173733
180.58438108735834 -57.547954585545675 5.125 39.109375 [180.58438108735834,-57.547954585545675] 246.61436819554956 0.3862071061857777 0.002037297835411768 2.9240411990065084e-05 [4905.400146484,3461.993408203] 12.618997305364553 -8.559234354074544 34.02743946905167 76.35003868136641 45.691546260847645
172.8314052198308 -53.36820962653889 3.609375 24.085938 [172.8314052198308,-53.36820962653889] -26.250893492425845 3.078152665109817 0.0002024754650316075 2.3161744348485095e-05 [-2864.051757812,-4184.588867188] -22.7732148522583 -3.2500336401330845 24.85653658030298 111.71198885198464 109.59952546461477
177.86178582027705 -55.09616478380204 4.15625 29.625 [177.86178582027705,-55.09616478380204] -10.43390357542593 0.3584643976005356 0.0013030232512219423 1.7358288287653914e-05 [2432.859375,-1089.163574219] -16.111433518372053 5.956663046311459 27.70239215334891 101.28312035071099 69.72462698859363
177.70718378923516 -53.50417699345676 3.5 22.960938 [177.70718378923516,-53.50417699345676] -7.717404201089822 2.832876530916214 0.00021277877370008084 2.2400857908058686e-05 [2363.372558594,-3957.58203125] -18.360830176699622 -22.012312416375394 22.36295931451476 119.60610728685856 75.28618481567878
177.4962157100051 -53.55564491636758 3.5 22.984375 [177.4962157100051,-53.55564491636758] -41.22598276133756 2.217158843174188 0.0002623954029582583 2.1620300880375603e-05 [2135.072265625,-3871.889648438] -18.63383326721067 -20.99697488659233 22.915834388554778 118.64990281794167 76.61586238781706
177.47320547714747 -53.56064614374117 3.4375 22.359375 [177.47320547714747,-53.56064614374117] -20.437077807587546 0.5869893100758118 0.0009932046998463384 2.1665946246585156e-05 [2110.233398438,-3863.6015625] -18.489261545803817 -21.214342799891686 22.88792282509988 118.55251472505324 76.76234713426925
174.20262155338781 -56.53190613717836 5.625 44.21875 [174.20262155338781,-56.53190613717836] -2.4154382659264613 1.8107154076775884 0.0002516319263088481 1.6932638730903143e-05 [-1286.733398438,1465.724609375] 20.825774811654085 -3.5004588000514856 38.64841700867034 78.26002317954362 89.1934090306504
179.1307524618859 -54.891876234917014 3.984375 27.835938 [179.1307524618859,-54.891876234917014] 12.088552908829273 2.6233064794212804 0.00019783090425900982 1.9286431148802442e-05 [3757.106201172,-1399.900878906] -18.37680556897543 2.218020069675978 21.905864607092642 105.61592091762213 61.69416838669895
178.90586852254606 -56.96390155149765 5.0625 38.65625 [178.90586852254606,-56.96390155149765] 212.38280834979645 2.6249469177083053 0.0001994438823017043 1.9455838293561682e-05 [3341.21484375,2313.203613281] 10.192853163561903 -0.7230664662524013 35.96189513029193 81.00468584922783 57.8243119409542
178.3556366673054 -56.32295596595094 4.71875 35.265625 [178.3556366673054,-56.32295596595094] 18.57956919489386 0.07504514326379477 0.006512837512149705 1.816358360837775e-05 [2850.087890625,1136.276855469] -2.1362268283599577 -0.20552760809822246 35.315731832308856 87.71033778965466 63.079029140143575
178.30778505822798 -56.31874088093336 4.71875 35.296875 [178.30778505822798,-56.31874088093336] 5.7501501612200245 0.9896030453424164 0.0004958813030350351 1.823675064715008e-05 [2802.693847656,1126.746582031] -1.4282255931023762 -0.10910318157267795 34.93175647942263 87.68819348670263 63.40225419163721
178.35177618546612 -56.32257846854527 4.71875 35.265625 [178.35177618546612,-56.32257846854527] 18.344447865666623 0.08518411610850418 0.005728233519384039 1.813376731979497e-05 [2846.267578125,1135.439453125] -2.1362268283599577 -0.20552760809822246 35.315731832308856 87.70899827519429 63.10520620035095
175.22511271576175 -55.31781393363191 4.1875 29.765625 [175.22511271576175,-55.31781393363191] -7.926142275653405 0.13338004894967437 0.003620708874000833 1.7947054517144962e-05 [-280.5502929688,-731.0771484375] -2.1709961250758885 -4.400943899673646 28.64151476075481 94.16674588786213 86.63580710888618
177.0153044406029 -56.58398826738832 4.875 36.6875 [177.0153044406029,-56.58398826738832] 200.7082681532324 1.7110537304672029 0.00027100842615351237 1.7232772105375925e-05 [1502.923828125,1563.827148438] 7.305653894517729 1.1081054293465193 32.780140946923765 82.5852316939538 71.02305259018203
177.36436480546175 -54.8064764741822 4.0625 28.554688 [177.36436480546175,-54.8064764741822] 16.231663252002235 0.7345257862197493 0.0006564897245032918 1.7920234263081574e-05 [1934.772949219,-1625.977539062] -21.612762702371803 -0.87380895710087 25.231409504438364 103.8533047754072 73.90546801069331
178.5206299796092 -53.5768814894978 3.4375 22.304688 [178.5206299796092,-53.5768814894978] 5.2316314990932264 2.1150746139992114 0.00028241638860271263 2.2198533827658246e-05 [3227.768310547,-3794.111328125] -27.377075831636724 -23.56592683258938 22.251096178549325 120.08482422235443 69.3776247006681
174.72091653722333 -55.89689241102549 7.0 57.953125 [174.72091653722333,-55.89689241102549] 149.32455441154968 1.6362403780796575 0.000282398990094804 1.7171923621814114e-05 [-785.2509765625,315.1166992188] -0.4272217655570101 -9.097705183229273 35.7071527733765 86.54624785525789 88.01966886129298
173.28630076222333 -57.18136599597069 6.3125 51.21875 [173.28630076222333,-57.18136599597069] 92.46717488334639 1.8946275579686869 0.0002621121682770831 1.8455241652229564e-05 [-2158.07421875,2656.940429688] 23.645762347751393 11.352042983422509 34.872054679865826 69.04970399528838 92.67495856894266
177.0817870302356 -54.307838342599375 4.125 29.273438 [177.0817870302356,-54.307838342599375] 62.4544630293719 0.1355188226484388 0.0035741628022803546 1.800042063172675e-05 [1661.940917969,-2530.390625] -23.235539858245843 -2.476248397934241 23.29912934727096 109.18394811307894 77.28703764535521
177.08026142800463 -54.30540446955245 4.125 29.273438 [177.08026142800463,-54.30540446955245] 61.08322956462567 0.22115146420409426 0.0021876708683126315 1.7979619886056638e-05 [1660.4375,-2534.805664062] -23.235539858245843 -2.476248397934241 23.29912934727096 109.20966460118439 77.30467213564816
178.36227423457035 -56.2846794753465 4.65625 34.46875 [178.36227423457035,-56.2846794753465] 43.14155715415448 2.4704704637307175 0.00019847075474056214 1.8221532095160915e-05 [2859.567138672,1067.71484375] -2.048967561675117 0.18915407257633632 35.166200315309766 88.16788640046593 63.1391126352039
171.35543826284533 -54.72186673757695 4.15625 29.507812 [171.35543826284533,-54.72186673757695] -28.647145521847122 1.1116705305581742 0.0004968295939205199 2.0525429476822586e-05 [-4303.859375,-1675.537597656] -1.5786723537789789 -9.808446582741468 29.120895037057252 93.00619744556593 114.33103651034503
170.57614093779566 -57.04032900043711 5.6875 44.796875 [170.57614093779566,-57.04032900043711] -42.46279562605475 1.6945025372893232 0.0003977880488595107 2.5049707419848395e-05 [-4814.940429688,2539.782226562] 18.922115093604358 21.64874987131011 33.62734161365483 65.02680793117565 109.9929585265179
172.84616080106696 -55.47341527515662 4.15625 29.632812 [172.84616080106696,-55.47341527515662] 49.169809790150076 2.7530761916891566 0.00017490291022375585 1.7894681364204118e-05 [-2705.530273438,-399.7524414062] 4.822391829760765 -3.241862230275922 31.164047992748195 87.69919823042119 101.69822468724374
178.11560068954068 -54.74865727122115 3.90625 27.078125 [178.11560068954068,-54.74865727122115] -3.5274203770648733 2.570182532848481 0.00019195003341972438 1.8334153495783898e-05 [2717.392822266,-1704.793945312] -24.10858968149138 -0.4611563658916271 24.7967196806266 105.74406682077097 68.97525496895742
