data_processed/hvc_rms/hvc_rms_index_0.ecsv
# %ECSV 1.0
# ---
# datatype:
# - {name: ra_dec_obj.ra, unit: deg, datatype: float64}
# - {name: ra_dec_obj.dec, unit: deg, datatype: float64}
# - {name: 'H-alpha flux [Error]', unit: R, datatype: float32}
# - {name: H-alpha flux, unit: R, datatype: float32}
# - {name: ra_dec_deg, datatype: string, subtype: 'float64[2]'}
# - {name: RM, unit: rad / m2, datatype: float64}
# - {name: RM_uncert, unit: rad / m2, datatype: float64}
# - {name: pol_int, datatype: float64}
# - {name: pol_int_uncert, datatype: float64}
# - {name: ra_dec_pix_offsets, datatype: string, subtype: 'float64[2]'}
# - {name: interpolation_raw, unit: rad / m2, datatype: float64}
# - {name: interpolation_cor, unit: rad / m2, datatype: float64}
# - {name: interpolation_unc, unit: rad / m2, datatype: float64}
# - {name: interpolation_cor_unc, unit: rad / m2, datatype: float64}
# - {name: pixel location x, datatype: float64}
# - {name: pixel location y, datatype: float64}
# meta: !!omap
# - __serialized_columns__:
#     ra_dec_obj:
#       __class__: astropy.coordinates.sky_coordinate.SkyCoord
#       dec: !astropy.table.SerializedColumn
#         __class__: astropy.coordinates.angles.Latitude
#         unit: &id001 !astropy.units.Unit {unit: deg}
#         value: !astropy.table.SerializedColumn {name: ra_dec_obj.dec}
#       frame: icrs
#       ra: !astropy.table.SerializedColumn
#         __class__: astropy.coordinates.angles.Longitude
#         unit: *id001
#         value: !astropy.table.SerializedColumn {name: ra_dec_obj.ra}
#         wrap_angle: !astropy.coordinates.Angle
#           unit: *id001
#           value: 360.0
#       representation_type: spherical
# schema: astropy-2.0
ra_dec_obj.ra ra_dec_obj.dec "H-alpha flux [Error]" "H-alpha flux" ra_dec_deg RM RM_uncert pol_int pol_int_uncert ra_dec_pix_offsets interpolation_raw interpolation_cor interpolation_unc interpolation_cor_unc "pixel location x" "pixel location y"
[from data line 148]
316.28833019297457 -10.154003085062696 0.40625 1.6821289 [316.28833019297457,-10.154003085062696] -54.924156270142035 2.8834916077714796 0.00019983334812572056 2.141387976135649e-05 [-1286.3515625,1458.389160156] -18.527285814420036 -19.836324116056993 6.970981523030317 7.485714990753673 87.83474975298009 45.48720993404913
316.6355286177472 -7.7738651783745265 0.38085938 1.4282227 [316.6355286177472,-7.7738651783745265] -21.33896926384289 3.0155687900337846 0.0001979021870712259 2.217831445331159e-05 [-675.6323242188,-2826.41796875] -20.68957973986439 -17.081159315255753 7.1484787905094445 8.982510774494557 97.01561930568073 12.53295269215414
315.6542360063292 -9.363146747040913 0.36914062 1.3232422 [315.6542360063292,-9.363146747040913] -36.34169579193589 0.526560522698146 0.001138075663885804 2.227040607189014e-05 [-2415.381835938,38.22998046875] -20.222300148811776 -21.33540748381781 7.148549478783771 8.341831764593605 98.75411155544327 39.22560191972343
316.3029172187035 -11.698761947989064 0.40625 1.6113281 [316.3029172187035,-11.698761947989064] -21.605480680269974 1.265711655937358 0.0006326980620993109 2.976048379556719e-05 [-1253.958984375,4237.752685547] -17.141126841260572 -16.60714598370745 6.394718926361682 6.528094795778698 79.69022955743367 65.7195852322011
319.5785522655908 -11.098260847297604 0.3203125 0.8105469 [319.5785522655908,-11.098260847297604] -11.394050205921436 0.8081021578256739 0.0010178436941883906 3.0567228257200515e-05 [4527.719726562,3172.730712891] -13.655683539440819 -13.894101406678807 6.224133638745509 5.924300459302457 47.97913710265607 37.13194211185555
317.4787901633587 -10.522625869399155 0.40234375 1.6274414 [317.4787901633587,-10.522625869399155] -48.7361530715005 0.8124598139157903 0.0007236620319626548 2.184974533277927e-05 [821.9067382812,2121.0234375] -20.565929638472085 -19.402171292168898 7.355577629601318 6.5962226483579505 73.2630393019374 42.834850713391006
314.7865904062062 -11.199816742051198 0.34179688 1.0522461 [314.7865904062062,-11.199816742051198] -40.602277615232936 1.3646827172185159 0.0004999785913898343 2.5356645754237e-05 [-3932.624023438,3351.416015625] -23.75233548482035 -20.219490697629137 7.245428118705571 7.87912306788996 98.3783101925078 68.32495004643215
316.038604922117 -9.56239595241369 0.3515625 1.1411133 [316.038604922117,-9.56239595241369] -33.150496287327066 1.106042754894129 0.0005226932033373264 2.1484609842457352e-05 [-1731.874023438,394.6157226562] -21.35247507824129 -21.830776031899262 7.003350899781795 7.816997801402614 93.61586735653054 39.371112358211576
316.95800767836386 -8.758956999486266 0.3984375 1.6118164 [316.95800767836386,-8.758956999486266] -34.51985858719421 0.09539295478227187 0.006189875131189433 2.1943550196054372e-05 [-100.2563476562,-1053.944335938] -19.85264398815044 -18.436456612572417 7.322720959561764 7.796806306501526 88.20325518597713 23.083552462833723
316.9577331601143 -8.761065355482591 0.3984375 1.6118164 [316.9577331601143,-8.761065355482591] -37.31821060537896 0.16960739146563095 0.0034812198700022597 2.194244061715681e-05 [-100.744140625,-1050.149414062] -19.85264398815044 -18.436456612572417 7.322720959561764 7.796806306501526 88.19469155155798 23.11261615815556
316.9563293828379 -8.768901901090963 0.3984375 1.6118164 [316.9563293828379,-8.768901901090963] -33.18063053719155 0.3117312837512882 0.0018982388994799257 2.1990745885793133e-05 [-103.2392578125,-1036.043945312] -19.85264398815044 -18.436456612572417 7.322720959561764 7.796806306501526 88.1669197961478 23.22313936583123
318.99334711308603 -8.41805261717462 0.34179688 1.0478516 [318.99334711308603,-8.41805261717462] -8.42458212068921 0.21956050962074564 0.002969908252754783 2.423293215918592e-05 [3523.092773438,-1657.650878906] -9.089602951753458 -12.163362476738056 6.695962720324661 5.298239713139881 68.59893414899511 5.14448329872539
316.37179552136394 -9.59411051471325 0.36914062 1.3149414 [316.37179552136394,-9.59411051471325] -10.757286078621053 1.6978045697884692 0.00034605212098876454 2.183423180772924e-05 [-1140.417480469,450.3442382812] -21.453901468577058 -20.936611853610852 7.062605859753145 7.691082416936122 89.91399021774032 37.6730994876616
317.14465339724825 -7.173535688262353 0.39648438 1.5893555 [317.14465339724825,-7.173535688262353] -39.611748650718106 2.1984616600974016 0.0003094292232682719 2.528069019106368e-05 [232.6831054688,-3906.750976562] -16.825339779224514 -13.373128148377278 7.714347160246267 9.237191510952606 95.00197921493918 1.4964394739095042
319.0917358354132 -9.109596329463994 0.44726562 2.0761719 [319.0917358354132,-9.109596329463994] -13.17521286752056 0.6457885204387864 0.000986405374752582 2.3673062999901928e-05 [3691.301757812,-411.9575195312] -11.343638092554745 -14.36250503003554 7.223055674350244 5.147194794730947 63.75715575055597 13.606488950770654
316.50158681459834 -7.5176781655290235 0.41210938 1.7392578 [316.50158681459834,-7.5176781655290235] 6.119158545499241 0.8171385132086595 0.0007555510779942661 2.2943951331985685e-05 [-915.0541992188,-3287.048828125] -19.223067070663532 -15.9678280183249 7.712432410131644 9.015231584166822 99.84987838422603 10.151156149704548
316.4514159106926 -10.727776556680514 0.36328125 1.2641602 [316.4514159106926,-10.727776556680514] -21.735251023617515 3.1565493391511326 0.00018583923930818078 2.1800110970409387e-05 [-995.5727539062,2490.458496094] -18.839265931267185 -18.11541383271206 7.756204965984954 7.364196255473287 83.10143837615931 51.985510838554546
317.37979122301863 -9.528715229445504 0.47265625 2.336914 [317.37979122301863,-9.528715229445504] -100.81448407182332 3.0917871931630443 0.0001886706283657723 2.167816876405493e-05 [648.693359375,331.9282226562] -22.73012226203428 -18.911054630590712 7.287373751895918 6.660612005223152 79.58394246576995 30.37237947913536
314.7109680998225 -10.962382305888967 0.30859375 0.7145996 [314.7109680998225,-10.962382305888967] -30.776787131452718 1.3126888491041961 0.0005178454092495402 2.5262168626776665e-05 [-4069.349609375,2925.098632812] -23.30138262900117 -20.95105378020848 7.618910942077264 7.924476376054387 100.40087573231085 65.69809239287088
318.0802916889206 -11.305172010175623 0.31445312 0.74853516 [318.0802916889206,-11.305172010175623] -11.920285385945329 1.0025680721882615 0.0006602728052320082 2.4600616079556963e-05 [1881.343261719,3531.366699219] -18.607165874999673 -19.135964300702724 6.228008793183691 6.305594185567959 62.80411189177198 49.487020174823556
318.88687137433476 -11.083421682372139 0.36523438 1.2783203 [318.88687137433476,-11.083421682372139] -41.797680578115624 0.7423949600718209 0.0008993393844949334 2.4812317559357532e-05 [3307.068359375,3138.355957031] -14.077348230240634 -17.234608449066883 6.274458494764132 5.871265447704578 55.391684930068436 41.380613118851215
318.8850708229698 -11.079452517908752 0.36523438 1.2783203 [318.8850708229698,-11.079452517908752] -40.981338594817046 1.311290812414563 0.0005091393638038208 2.481100733018019e-05 [3303.934326172,3131.197998047] -14.077348230240634 -17.234608449066883 6.274458494764132 5.871265447704578 55.431464126327455 41.33843257704257
318.9201660519965 -8.594571167810338 0.296875 0.5966797 [318.9201660519965,-8.594571167810338] -6.02422301458671 0.4942483479787329 0.0012919534866611 2.3730167726534242e-05 [3391.298339844,-1340.672851562] -11.318017191039154 -13.20377806129698 6.673322768868083 5.436450637889683 68.3935875864338 7.958442628675584
318.91821294794124 -8.593361036010679 0.296875 0.5966797 [318.91821294794124,-8.593361036010679] -6.424717061331066 0.6386372300948703 0.0009978523506593063 2.36825913157518e-05 [3387.834960938,-1342.869628906] -11.318017191039154 -13.20377806129698 6.673322768868083 5.436450637889683 68.42084386364638 7.955679896004767
319.8052977911444 -10.078833556694759 0.41210938 1.7358398 [319.8052977911444,-10.078833556694759] -1.052878779653656 1.220031751766059 0.0007279043153252974 3.300305405529473e-05 [4944.206054688,1341.3203125] -10.736297705010475 -13.206669097122965 6.235700270661294 5.5772515431623795 50.97570297293623 21.814794062369856
319.80548091319935 -10.077794142348285 0.41210938 1.7358398 [319.80548091319935,-10.077794142348285] -3.8551152791934893 1.5051169261826225 0.0005891362084540251 3.295297723333354e-05 [4944.546142578,1339.452148438] -10.736297705010475 -13.206669097122965 6.235700270661294 5.5772515431623795 50.97934176896388 21.79954445015801
319.594909728111 -10.238889632419742 0.3984375 1.6147461 [319.594909728111,-10.238889632419742] -19.12152946228511 1.4812150852061547 0.0005157137678874222 2.83880496015767e-05 [4569.473876953,1626.547363281] -13.08880481417382 -15.15314096280677 6.368920835394326 5.393972566237796 52.343971907468585 25.367743009223886
318.10754407750386 -7.644901587209732 0.37890625 1.4121094 [318.10754407750386,-7.644901587209732] -17.20184986106413 2.392161688336942 0.0002559978965524861 2.2758080574526873e-05 [1950.115234375,-3055.803710938] -12.280337418268628 -13.879488682681863 6.779805047218204 7.006273690013459 82.22869811766986 1.0641527692969248
318.09857183412527 -7.642164661853565 0.36328125 1.2607422 [318.09857183412527,-7.642164661853565] -24.03445133319006 0.3177889336455515 0.0019250654502946326 2.2734896034934638e-05 [1934.124023438,-3060.77734375] -12.038438367361502 -13.876861355726039 6.805388773522952 7.066151847240883 82.33840080207369 1.089414675549051
318.1051026486351 -7.643350764621023 0.36328125 1.2607422 [318.1051026486351,-7.643350764621023] -17.458521443485495 1.6880732207333264 0.0003627848398670023 2.275878713790523e-05 [1945.767578125,-3058.607421875] -12.038438367361502 -13.876861355726039 6.805388773522952 7.066151847240883 82.2630641540785 1.060618225456892
318.75003048648944 -10.264464319937339 0.38867188 1.503418 [318.75003048648944,-10.264464319937339] -57.58474422700906 0.7874228154968699 0.0007984015653761054 2.3363509352037612e-05 [3073.735839844,1663.426757812] -16.58944193248155 -17.79454369445866 6.84308358303711 5.553043088755842 61.149465848440855 31.241911454184446
318.7527465268943 -10.275534573700929 0.37695312 1.3842773 [318.7527465268943,-10.275534573700929] -62.414904743621996 0.8808894544888054 0.0007122472239474312 2.3316366826048193e-05 [3078.436523438,1683.374023438] -16.89447030187507 -17.934532726315073 6.778380359051064 5.580803029686841 61.061936602618744 31.372454128607842
316.7541503093789 -11.342823991244334 0.36523438 1.2705078 [316.7541503093789,-11.342823991244334] 75.9585585738612 1.2895853793534493 0.0004923866603462435 2.3597450428659846e-05 [-459.224609375,3596.431152344] -18.347537157038825 -18.356211086968713 7.647316097160828 6.97125982863265 76.70616042329539 58.238823058748494
316.75451648829784 -11.339940018067777 0.36523438 1.2705078 [316.75451648829784,-11.339940018067777] 71.06267392295909 2.798193563721252 0.00022694949353776144 2.3600199508988744e-05 [-458.5830078125,3591.242675781] -18.347537157038825 -18.356211086968713 7.647316097160828 6.97125982863265 76.71706518757082 58.198288852672704
318.3511659050174 -9.860772073079861 0.42773438 1.8833008 [318.3511659050174,-9.860772073079861] -53.94257095284732 1.0573189587495686 0.0005576563506001862 2.1911967499025703e-05 [2370.485839844,933.7705078125] -19.387296676285793 -18.44439734786443 7.210588115073346 6.033728041778842 67.52324200934459 28.45570533457294
319.50842279985886 -9.66625978856883 0.40429688 1.6616211 [319.50842279985886,-9.66625978856883] -14.210788225302208 1.694146649509422 0.00045421530618932 2.8597065454555656e-05 [4424.177001953,594.8022460938] -10.772216884133211 -13.264163391991378 6.465095200690634 5.116394732031796 56.33378283073796 18.241346282604354
319.5038452550611 -9.666804356139306 0.4140625 1.7470703 [319.5038452550611,-9.666804356139306] -21.051805701642483 0.284987225976712 0.0026904614232842786 2.8494488572639064e-05 [4416.054931641,595.7250976562] -10.939643725777758 -13.330355852032135 6.491318505169074 5.129590587484584 56.37918363356914 18.279140311414267
318.01367198633716 -10.913056418862586 0.29492188 0.55029297 [318.01367198633716,-10.913056418862586] -23.694400438286117 0.5820446593821207 0.001035682813470315 2.2402257315138147e-05 [1766.144042969,2825.553955078] -19.546066263782574 -19.336875004947153 6.063466997133709 5.837125173236412 65.54524502323284 44.646747288746155
318.00668326619666 -10.912436433013974 0.29492188 0.55029297 [318.00668326619666,-10.912436433013974] -19.01417786476751 0.8559902117606439 0.0006993460361560847 2.2246905979721162e-05 [1753.797363281,2824.403564453] -19.546066263782574 -19.336875004947153 6.063466997133709 5.837125173236412 65.62265645546177 44.6827116344939
318.94519036501856 -11.569872886810987 0.35546875 1.1811523 [318.94519036501856,-11.569872886810987] -17.003203141055266 0.5951754526451544 0.001315696832773716 2.9101109247110864e-05 [3404.235351562,4013.980957031] -15.507793411094795 -17.16357345020159 6.218897386762644 5.917392268322596 52.253446389746614 47.61140023578264
318.9454346180787 -11.564054514566113 0.35546875 1.1811523 [318.9454346180787,-11.564054514566113] -20.304555280126305 0.8450392044712863 0.0009220443658336784 2.895592076261655e-05 [3404.736572266,4003.518310547] -15.507793411094795 -17.16357345020159 6.218897386762644 5.917392268322596 52.280808077991196 47.53064548245675
318.94549555256685 -11.57503312325676 0.35351562 1.1513672 [318.94549555256685,-11.57503312325676] -16.28766394703198 1.0613650046070127 0.0007465293576646574 2.9445596623172077e-05 [3404.710449219,4023.265136719] -15.54279078665933 -17.152259159565958 6.2509190780506385 5.930498103470349 52.22364202450626 47.679719709889014
318.94448846335786 -11.578727777609137 0.35351562 1.1513672 [318.94448846335786,-11.578727777609137] -14.381204134854308 1.2772314536057388 0.0006195122784366232 2.9405476856974816e-05 [3402.890625,4029.900634766] -15.54279078665933 -17.152259159565958 6.2509190780506385 5.930498103470349 52.21531995767327 47.736399858391906
317.76022340606346 -8.396497740382149 0.3359375 0.97216797 [317.76022340606346,-8.396497740382149] -41.79171502679299 2.4027986853704064 0.00024601993748454533 2.196829706389341e-05 [1328.120117188,-1704.91796875] -16.09277868422185 -16.498081431072453 6.151857982514718 6.900048772568679 81.71415793330857 13.119844790372099
317.1093751205725 -9.026348037780275 0.43164062 1.9316406 [317.1093751205725,-9.026348037780275] -35.692088682472246 2.527486524009944 0.000233890201985912 2.1968964183199675e-05 [168.9047851562,-572.6416015625] -20.519558729877097 -17.930752100225977 7.5344717769889655 7.731084349391955 85.15187219058362 25.567700555123338
317.61245723179735 -8.748761234680673 0.3203125 0.8249512 [317.61245723179735,-8.748761234680673] -55.04455537309185 1.3368304460959703 0.0004376724601064819 2.1743740246509928e-05 [1064.024414062,-1071.403808594] -19.970398307932378 -18.24329607122801 6.436611914578097 6.856134364790423 81.3430911537414 18.673916313654445
317.61517322274324 -8.751687884090996 0.3203125 0.8249512 [317.61517322274324,-8.751687884090996] -54.39373760869696 1.7739815188863743 0.00033132537942314827 2.1843010686209354e-05 [1068.84765625,-1066.127929688] -19.970398307932378 -18.24329607122801 6.436611914578097 6.856134364790423 81.29842886256313 18.69416166052588
316.8649596616227 -10.768663341925746 0.31054688 0.7373047 [316.8649596616227,-10.768663341925746] -30.49832728114269 1.4164381381693008 0.00041446535758556737 2.1816975883668508e-05 [-264.18359375,2563.293212891] -19.48806024264043 -17.914287473920975 7.4972709735204575 6.863920630087348 78.49498754598585 49.94958683298228
316.7312013017977 -8.808824621622463 0.34765625 1.1108398 [316.7312013017977,-8.808824621622463] -23.114631540859712 2.4337864619796314 0.00024370422103102386 2.2042163806205474e-05 [-503.6767578125,-963.9921875] -20.3243045758127 -19.99444670067186 6.967421675341757 7.965800825725324 90.33070731965972 25.19953022878508
