data_processed/hvc_rms/hvc_rms_index_20_with_B.ecsv
# %ECSV 1.0
# ---
# datatype:
# - {name: ra_dec_obj.ra, unit: deg, datatype: float64}
# - {name: ra_dec_obj.dec, unit: deg, datatype: float64}
# - {name: 'H-alpha flux [Error]', unit: R, datatype: float32}
# - {name: H-alpha flux, unit: R, datatype: float32}
# - {name: ra_dec_deg, datatype: string, subtype: 'float64[2]'}
# - {name: RM, unit: rad / m2, datatype: float64}
# - {name: RM_uncert, unit: rad / m2, datatype: float64}
# - {name: pol_int, datatype: float64}
# - {name: pol_int_uncert, datatype: float64}
# - {name: ra_dec_pix_offsets, datatype: string, subtype: 'float64[2]'}
# - {name: interpolation_raw, unit: rad / m2, datatype: float64}
# - {name: interpolation_cor, unit: rad / m2, datatype: float64}
# - {name: interpolation_unc, unit: rad / m2, datatype: float64}
# - {name: pixel location x, datatype: float64}
# - {name: pixel location y, datatype: float64}
# - {name: 'B_virtual [raw]', unit: G, datatype: float64}
# - {name: 'B_virtual_unc [raw]', unit: G, datatype: float64}
# - {name: 'B_virtual [int]', unit: G, datatype: float64}
# - {name: 'B_virtual_unc [int]', unit: G, datatype: float64}
# - {name: 'B_virtual [cor]', unit: G, datatype: float64}
# - {name: 'B_virtual_unc [cor]', unit: G, datatype: float64}
# meta: !!omap
# - __serialized_columns__:
#     ra_dec_obj:
#       __class__: astropy.coordinates.sky_coordinate.SkyCoord
#       dec: !astropy.table.SerializedColumn
#         __class__: astropy.coordinates.angles.Latitude
#         unit: &id001 !astropy.units.Unit {unit: deg}
#         value: !astropy.table.SerializedColumn {name: ra_dec_obj.dec}
#       frame: icrs
#       ra: !astropy.table.SerializedColumn
#         __class__: astropy.coordinates.angles.Longitude
#         unit: *id001
#         value: !astropy.table.SerializedColumn {name: ra_dec_obj.ra}
#         wrap_angle: !astropy.coordinates.Angle
#           unit: *id001
#           value: 360.0
#       representation_type: spherical
# schema: astropy-2.0
ra_dec_obj.ra ra_dec_obj.dec "H-alpha flux [Error]" "H-alpha flux" ra_dec_deg RM RM_uncert pol_int pol_int_uncert ra_dec_pix_offsets interpolation_raw interpolation_cor interpolation_unc "pixel location x" "pixel location y" "B_virtual [raw]" "B_virtual_unc [raw]" "B_virtual [int]" "B_virtual_unc [int]" "B_virtual [cor]" "B_virtual_unc [cor]"
[from data line 111]
175.01840226103818 -64.1342392168516 6.1875 49.90625 [175.01840226103818,-64.1342392168516] 479.9229703380068 0.26610592476079503 0.001957957838246322 1.9362729703907e-05 [648.7138671875,-1379.687988281] 158.7814841512888 206.148595862839 91.86290374801291 17.005738531270936 47.06865883511182 1.7944968576238023e-05 1.97850601830475e-06 1.2007914257757398e-05 3.6863319295341786e-06 1.0236793924399997e-05 3.62194913690021e-06
179.74134817627137 -62.35452272863589 6.3125 51.234375 [179.74134817627137,-62.35452272863589] -2.526083168000344 2.9767449890212276 0.0002962563200847325 3.277313284410663e-05 [4627.277099609,-4382.938476562] 388.7662576014848 331.8811804293275 149.19316541377006 43.797333749254676 27.35667205572554 -9.32213864800249e-08 2.8089602501183084e-07 -1.4440068714927129e-05 5.733449166453682e-06 -1.234080855152977e-05 5.6748302274293855e-06
177.19900532223505 -62.571315502739736 8.25 70.65625 [177.19900532223505,-62.571315502739736] 965.5444845168872 3.148428809989749 0.0002166448581859553 2.534842423764515e-05 [2491.859375,-4136.879882812] 440.50603851344147 276.8382712546737 180.34390556540063 38.14141695490298 40.536063661338176 3.0342099596068546e-05 3.263935948982122e-06 1.6499259304839393e-05 5.942148907015248e-06 2.1642495866660223e-05 6.12917240750428e-06
178.0346221345401 -64.9941483548735 5.28125 40.953125 [178.0346221345401,-64.9941483548735] 203.43818551869856 0.6545674013632587 0.0008080111635208657 1.9655334405489042e-05 [2921.404296875,252.5673828125] 80.3953069817825 144.12321404716783 39.47721078282328 10.912860313329475 29.41792783208416 8.397259694005615e-06 9.739324263392157e-07 5.078805642795646e-06 1.748034796833188e-06 2.448327082347073e-06 1.6771780699390861e-06
174.81454498063118 -64.60655200557069 5.78125 45.875 [174.81454498063118,-64.60655200557069] 19.756344140747395 1.1250180546740507 0.0004593357090950872 1.9204296585987816e-05 [480.3349609375,-531.4340820312] 114.8496620487191 166.7920506347894 58.48309723075182 11.265222744932089 46.53007176797837 7.704903046640263e-07 2.8916830103838596e-07 -3.7086051429581164e-06 2.3333675675219846e-06 -5.7343395866153895e-06 2.3823301936848357e-06
179.75747694236048 -62.6534804741204 6.34375 51.28125 [179.75747694236048,-62.6534804741204] 0.3652210437165344 2.573015481029615 0.00029542942762268346 2.8249115574948564e-05 [4594.403564453,-3846.142578125] 424.4292903520185 336.2766117882296 172.96563421754584 40.30173857622981 26.544934362413642 1.3471784469778553e-08 2.751012925151927e-07 -1.5642307149017222e-05 6.610573183514219e-06 -1.2390649265451334e-05 6.52783304780981e-06
179.22602831039384 -65.3226319676894 4.65625 34.703125 [179.22602831039384,-65.3226319676894] 277.05301672837436 1.6200712729151323 0.00035177151486079 2.1178904564061563e-05 [3778.120605469,905.4638671875] 61.484859042703725 116.46029000463906 36.68166513088573 8.382594420848136 22.685308141622272 1.2423021170486218e-05 1.4312491523654673e-06 9.666048102401077e-06 1.9966166475410694e-06 7.200956941288374e-06 1.8607953273604196e-06
174.73390225476973 -65.17157736299849 5.90625 47.1875 [174.73390225476973,-65.17157736299849] 261.47729693563497 0.4764670920799687 0.0010537599011078032 1.8658781639026256e-05 [409.4052734375,484.9990234375] 56.68576887129576 107.1247796207883 37.46405538860402 4.635990030619723 45.046551761791534 1.0054700446245057e-05 1.1347391943222118e-06 7.874937873182119e-06 1.7009957592240286e-06 5.93538461240353e-06 1.6035933194253577e-06
178.56111152107883 -64.335166822838 5.125 39.296875 [178.56111152107883,-64.335166822838] 370.67120743385067 3.052181834037261 0.00017774056119723025 2.0160702146898844e-05 [3402.613769531,-904.7983398438] 131.78334114431397 217.65772671832576 52.67429611746174 19.225189996995823 28.553431894705454 1.5619188967692497e-05 1.765494438214884e-06 1.0066157421549937e-05 2.506320048425648e-06 6.447618325808758e-06 2.3544694613922615e-06
178.3263550466422 -64.28095994646394 5.28125 40.875 [178.3263550466422,-64.28095994646394] 417.61047804863233 0.1883249566669918 0.0028880655411078196 2.021266713944151e-05 [3226.439941406,-1014.44140625] 140.61579769221765 220.3744666206255 55.40429955336508 19.588694038417543 29.889478499557526 1.7254053413847328e-05 1.9332737731591315e-06 1.1444351282930647e-05 2.63270628101866e-06 8.149030867747351e-06 2.477637445068238e-06
181.14202888333577 -66.04743198472094 4.4375 32.40625 [181.14202888333577,-66.04743198472094] 346.0487322433251 2.3742661060310346 0.000302036144176335 2.6649987723842967e-05 [5066.263671875,2338.146240234] 35.614985310031024 52.9090552587153 32.40942207101297 1.7057921911543872 11.681824957308663 1.6057262519975158e-05 1.8479079973064875e-06 1.4404665311885667e-05 2.2433435456401478e-06 1.3602190413611586e-05 2.178345572262746e-06
180.25784308922155 -63.209106598685395 5.375 41.890625 [180.25784308922155,-63.209106598685395] 964.0998378923741 0.601920431005814 0.001244514417728796 2.7838621116679682e-05 [4911.926635742,-2813.169921875] 386.1722914010518 300.986290500167 168.44810136442112 34.30716978841474 22.546439620682577 3.934705424546505e-05 4.358295478391536e-06 2.3586505907369627e-05 7.3580067425818615e-06 2.706313567812945e-05 7.502756766898484e-06
174.02978500178327 -64.34455104512881 5.84375 46.53125 [174.02978500178327,-64.34455104512881] 360.9664353491007 1.026138705280981 0.0005065237047277822 1.931588215097845e-05 [-126.6259765625,-1005.209472656] 126.94196188210162 185.6126094740169 74.27874612479013 13.138312888540213 51.314791899807005 1.3977937529242376e-05 1.5582240783073737e-06 9.062281558870991e-06 3.0557236104977307e-06 6.790339997194073e-06 2.9839070065128947e-06
178.42944348701735 -62.74213800388538 7.25 60.421875 [178.42944348701735,-62.74213800388538] 968.4280548415011 2.009406133203838 0.00033538046843166827 2.5044605414871186e-05 [3489.859130859,-3771.966796875] 531.6238175953378 354.16204776925167 217.49838225910273 37.71395457108679 33.46371838696473 3.2909319148421754e-05 3.568185498227673e-06 1.4843570440831158e-05 7.567494237987505e-06 2.087411240071507e-05 7.732204090043363e-06
178.28921496365422 -63.12810141378092 6.46875 52.78125 [178.28921496365422,-63.12810141378092] 852.3597689957727 0.5943220876124219 0.0010085175716241564 2.227481180324693e-05 [3330.375732422,-3086.6796875] 381.80944679077487 274.43791164359953 163.53430781677142 33.02824630615305 33.17789093524311 3.0990725379205297e-05 3.3839587929020597e-06 1.7108615801673268e-05 6.236106597503495e-06 2.1012509298676533e-05 6.375994900499444e-06
178.2649079568325 -63.12411128315153 6.625 54.328125 [178.2649079568325,-63.12411128315153] 968.0443796293889 2.998108319612273 0.00020085076280895945 2.2378424520795868e-05 [3311.104736328,-3095.119140625] 381.35819542044567 273.01570096342846 163.92652750182253 33.04536140614118 33.31713844519527 3.469217621613756e-05 3.7812049243847283e-06 2.102529689180388e-05 6.309569824558252e-06 2.490800825141915e-05 6.474433550845807e-06
178.28327938268143 -63.12592717457004 6.46875 52.78125 [178.28327938268143,-63.12592717457004] 857.4055593550478 3.024148799267247 0.00019781448476530379 2.223156052071744e-05 [3325.807861328,-3090.895507812] 381.80944679077487 274.43791164359953 163.53430781677142 33.0464635082692 33.21511785191069 3.117418394803189e-05 3.4055842052968794e-06 1.729207437049987e-05 6.2430334950891556e-06 2.1195967867503133e-05 6.384100093579308e-06
177.7740935330077 -65.68946087312308 4.8125 35.96875 [177.7740935330077,-65.68946087312308] 372.75375970998164 0.8538502880918175 0.0006033390569660114 1.9144845794545812e-05 [2652.554931641,1490.456542969] 49.949732069414274 72.41792706023361 28.721123055927585 2.4928467280471978 28.766931472141096 1.6417536637182156e-05 1.8670783780951803e-06 1.4217554652010291e-05 2.058796832535669e-06 1.3227967277438595e-05 1.9741074118089446e-06
177.7884064666058 -65.68743891575939 4.875 36.6875 [177.7884064666058,-65.68743891575939] 432.2953472884554 0.6080440791241075 0.0008464571118213495 1.9127082242426843e-05 [2663.348388672,1487.424316406] 51.15562413974805 72.95051967943158 28.632315308029444 2.532850765341891 28.703656284812496 1.8852551517626295e-05 2.131121472987635e-06 1.6621636830340966e-05 2.2606349928750417e-06 1.567115380164208e-05 2.1740199028830084e-06
175.7573394149844 -64.1154021498506 5.71875 45.171875 [175.7573394149844,-64.1154021498506] 600.5665110500657 0.42370889752543717 0.001215474965223716 1.9139134978890648e-05 [1229.685546875,-1402.628417969] 165.94914839899883 215.36913510838713 89.94240969127031 18.258378753570923 43.39737704047866 2.3603460889452746e-05 2.6117023154931125e-06 1.7081328599683387e-05 4.012984050170196e-06 1.5139024621706372e-05 3.917444550494037e-06
175.7598417621445 -64.11996462229162 5.65625 44.421875 [175.7598417621445,-64.11996462229162] 566.2905467684253 1.0218265101805064 0.0005018786579481806 1.9058319220051647e-05 [1231.44921875,-1394.370605469] 159.9287245294576 211.79865251381165 86.8002540734963 18.2089732224847 43.370366948756555 2.2443444104924366e-05 2.490039611740395e-06 1.6105087566515595e-05 3.881383189973781e-06 1.4049358690081855e-05 3.7830891059369506e-06
175.7541658163327 -64.12157432504327 5.65625 44.421875 [175.7541658163327,-64.12157432504327] 581.4563181986314 2.3992962557945257 0.00021383253237120567 1.906629721237231e-05 [1226.920410156,-1391.584472656] 159.9287245294576 211.79865251381165 86.8002540734963 18.18254432909407 43.394016432902845 2.3044499773863653e-05 2.5573382112183556e-06 1.6706143235454878e-05 3.913082713850799e-06 1.4650414359021142e-05 3.8116677120402053e-06
175.74754354466498 -64.10575108571443 5.71875 45.171875 [175.74754354466498,-64.10575108571443] 579.0629830953089 2.5886273292478283 0.0002001443886383639 1.925403041601776e-05 [1222.414550781,-1420.183105469] 165.94914839899883 215.36913510838713 89.94240969127031 18.35669881026547 43.47731340512678 2.275832938157377e-05 2.5212483007587276e-06 1.6236197091804413e-05 3.9715504085203695e-06 1.4293893113827397e-05 3.880114740426498e-06
177.54411317672665 -64.14285274444217 5.75 45.453125 [177.54411317672665,-64.14285274444217] 540.2410758251631 0.45499274411943713 0.0011729656170204896 1.9833458690180773e-05 [2629.800292969,-1298.779785156] 171.30285891723614 244.6387908298326 73.97240923015161 20.26513050722565 34.24730921911919 2.1166758857842894e-05 2.344586216651845e-06 1.4455076853985659e-05 3.3172084901133706e-06 1.1581759633450067e-05 3.1778271006638192e-06
177.08551018629416 -64.03683479299988 5.46875 42.765625 [177.08551018629416,-64.03683479299988] 388.8923031388873 2.521331845252549 0.00020789308296249512 1.9479542465929748e-05 [2278.977539062,-1507.146972656] 182.45901894076113 256.3640294062317 87.01060453215352 20.92667701746609 36.88780296114169 1.570835003587584e-05 1.7600486223526713e-06 8.338365817647744e-06 3.645546759833861e-06 5.353154322263454e-06 3.5765704549117953e-06
180.70062265336713 -65.95138554980757 4.375 31.609375 [180.70062265336713,-65.95138554980757] 307.1637198907375 0.38570260600472156 0.0017160412560224554 2.4597388525483984e-05 [4763.819946289,2131.994140625] 33.73497446888273 53.70110538944354 30.598637998817825 2.4411536007705763 14.016479436514828 1.443147090934357e-05 1.6711952871609167e-06 1.2846500839153291e-05 2.074215531658248e-06 1.1908432249364386e-05 2.0007645992626234e-06
174.59689335924944 -64.10945141222955 7.03125 58.1875 [174.59689335924944,-64.10945141222955] 638.1851042759363 0.8059707871565406 0.0006531279346112403 1.9562585957362164e-05 [318.015625,-1427.513671875] 154.732144063338 207.74275842271572 92.22236088047026 16.682283214535573 49.27449950604682 2.2099398246083737e-05 2.4079572920139055e-06 1.674125489517343e-05 3.681224902097525e-06 1.4905576390381938e-05 3.5873100566527393e-06
180.33509831116933 -62.61226664703441 6.34375 51.296875 [180.33509831116933,-62.61226664703441] 0.23897855440222765 0.30470139975036326 0.0027137133541243253 3.07289077937489e-05 [5076.576660156,-3875.821289062] 425.29892057480953 338.5599460986077 180.100282704315 41.41548061009212 23.518865572998948 8.813778044320882e-09 2.5841355048771327e-07 -1.5676653471567114e-05 6.864182861726138e-06 -1.2477629731811284e-05 6.78550737469218e-06
177.47061165341063 -64.27854167305524 5.9375 47.453125 [177.47061165341063,-64.27854167305524] 439.5746782838658 1.4850608002507046 0.00035364125558365144 1.9517125806795482e-05 [2559.624511719,-1057.903808594] 142.81981756669722 225.4803252423123 65.29760283944361 18.59229366987256 34.236290121808906 1.6855781470701156e-05 1.8677981073062866e-06 1.1379261203455331e-05 2.8107589164050506e-06 8.209589421911941e-06 2.6747739139430305e-06
174.99842862272183 -62.44299685571305 15.75 145.5 [174.99842862272183,-62.44299685571305] 726.3134979652327 2.244060165522774 0.0003478094449564374 2.9005781499661053e-05 [671.2290039062,-4422.563476562] 413.29889732596496 323.5596177797859 205.1250686882545 36.500751022062104 52.71347626338252 1.5905277578401658e-05 1.6781241929319634e-06 6.854593950418928e-06 4.5521245065147925e-06 8.819762097323012e-06 4.58928889761236e-06
180.05453494175143 -63.58190547171186 5.15625 39.59375 [180.05453494175143,-63.58190547171186] 870.8415848862425 1.6418000454583717 0.00044163379491520666 2.6945811404699703e-05 [4686.602539062,-2160.723144531] 307.5933773235992 278.6868168175439 141.12543255932232 29.706266731071764 22.742220131500744 3.655733053415365e-05 4.072174495343736e-06 2.3644772199672694e-05 6.4875214373946046e-06 2.4858249719999668e-05 6.543258162678239e-06
173.35470555545857 -65.0417937886071 5.3125 40.984375 [173.35470555545857,-65.0417937886071] 262.49226900370854 0.2626984966937228 0.0018653216604211068 1.821042258650802e-05 [-636.0986328125,253.8696289062] 78.94981254925548 109.85659719100045 46.86619353907678 4.124447113501446 52.178989209658994 1.0830686693004036e-05 1.2354892971327795e-06 7.573140528167068e-06 2.127997040055851e-06 6.297896489882041e-06 2.076243804820925e-06
178.44766246482564 -63.57745367707378 5.71875 45.09375 [178.44766246482564,-63.57745367707378] 700.2748621617649 2.3766163188120095 0.00024839841513967317 2.193898840336887e-05 [3405.319335938,-2271.448730469] 285.8455807754443 265.0552298122928 116.95081313882133 27.961451492994 31.144984819427236 2.7546028629964383e-05 3.046572379832428e-06 1.630200006740505e-05 4.946636519961637e-06 1.711980980726929e-05 4.980010650884167e-06
179.39796454565416 -65.26863871932281 4.71875 35.03125 [179.39796454565416,-65.26863871932281] 392.5156527622852 3.235427619350324 0.0001799554511717134 2.1637416177744532e-05 [3914.826904297,819.0473632812] 62.23943572835217 120.39037944472034 37.20080290520891 9.196258349714071 21.976291688576794 1.7517728750382012e-05 1.9990242097256784e-06 1.4740021555794258e-05 2.3707163523424046e-06 1.2144781209496538e-05 2.176842525300562e-06
179.99690234092898 -66.08989711612718 4.34375 31.390625 [179.99690234092898,-66.08989711612718] 199.67275518882622 1.6536692818709162 0.00035377333422070974 2.1741147227509746e-05 [4227.571289062,2330.088134766] 29.688080211214608 41.2569741026523 29.72865978815109 0.14736081550267954 17.06885633987713 9.41385410614158e-06 1.121184802206847e-06 8.014167626453825e-06 1.705043345380395e-06 7.468735781431027e-06 1.6728249167058934e-06
176.51492296324938 -64.21356960962304 6.03125 48.15625 [176.51492296324938,-64.21356960962304] 244.04784649138716 2.5618895466780796 0.0001996664350579091 1.900965209492786e-05 [1818.212402344,-1207.78515625] 145.47949112251155 219.16854683050656 73.12629817717904 18.1350836807037 39.26291575091682 9.289605766689909e-06 1.05731794172418e-06 3.7519739494204562e-06 2.8280338692629243e-06 9.470228437728882e-07 2.7998798282182492e-06
