data_processed/hvc_rms/hvc_rms_index_2.ecsv
# %ECSV 1.0
# ---
# datatype:
# - {name: ra_dec_obj.ra, unit: deg, datatype: float64}
# - {name: ra_dec_obj.dec, unit: deg, datatype: float64}
# - {name: 'H-alpha flux [Error]', unit: R, datatype: float32}
# - {name: H-alpha flux, unit: R, datatype: float32}
# - {name: ra_dec_deg, datatype: string, subtype: 'float64[2]'}
# - {name: RM, unit: rad / m2, datatype: float64}
# - {name: RM_uncert, unit: rad / m2, datatype: float64}
# - {name: pol_int, datatype: float64}
# - {name: pol_int_uncert, datatype: float64}
# - {name: ra_dec_pix_offsets, datatype: string, subtype: 'float64[2]'}
# - {name: interpolation_raw, unit: rad / m2, datatype: float64}
# - {name: interpolation_cor, unit: rad / m2, datatype: float64}
# - {name: interpolation_unc, unit: rad / m2, datatype: float64}
# - {name: pixel location x, datatype: float64}
# - {name: pixel location y, datatype: float64}
# meta: !!omap
# - __serialized_columns__:
#     ra_dec_obj:
#       __class__: astropy.coordinates.sky_coordinate.SkyCoord
#       dec: !astropy.table.SerializedColumn
#         __class__: astropy.coordinates.angles.Latitude
#         unit: &id001 !astropy.units.Unit {unit: deg}
#         value: !astropy.table.SerializedColumn {name: ra_dec_obj.dec}
#       frame: icrs
#       ra: !astropy.table.SerializedColumn
#         __class__: astropy.coordinates.angles.Longitude
#         unit: *id001
#         value: !astropy.table.SerializedColumn {name: ra_dec_obj.ra}
#         wrap_angle: !astropy.coordinates.Angle
#           unit: *id001
#           value: 360.0
#       representation_type: spherical
# schema: astropy-2.0
ra_dec_obj.ra ra_dec_obj.dec "H-alpha flux [Error]" "H-alpha flux" ra_dec_deg RM RM_uncert pol_int pol_int_uncert ra_dec_pix_offsets interpolation_raw interpolation_cor interpolation_unc "pixel location x" "pixel location y"
[from data line 1152]
314.69335945241585 -7.597309327487955 0.38867188 1.4956055 [314.69335945241585,-7.597309327487955] -50.15775485515765 2.241740351509336 0.0003004131514984004 2.5027239733392456e-05 [-4140.001953125,-3130.82421875] -25.21277025467745 -25.10903487270135 8.559263389395474 26.49923421544713 68.9094993423787
316.12634288300256 -8.667455755069248 0.375 1.3920898 [316.12634288300256,-8.667455755069248] -30.574411950178764 1.835145521010507 0.00030412503086481725 2.0741080508711395e-05 [-1580.118164062,-1216.653808594] -21.133825435152225 -19.806130767206106 6.879698699753568 5.496554276893903 73.28128704774645
316.93893434875173 -7.028129331487558 0.41796875 1.8081055 [316.93893434875173,-7.028129331487558] -0.2687445250177532 1.5547724307475477 0.0004738400180079377 2.7378349954389446e-05 [-134.7553710938,-4168.309570312] -19.139292965644366 -14.512246466541159 7.984736309925489 5.983770807658402 47.02482449391664
315.2500001748647 -7.392975310656928 0.4375 1.9887695 [315.2500001748647,-7.392975310656928] -48.76455798276891 2.350276853504284 0.0002785631522025283 2.433052022346261e-05 [-3148.95703125,-3504.1796875] -21.77559633723457 -21.87961693378588 7.330608251294079 21.745990815161804 62.75707997459631
315.0116882504503 -8.6308393415807 0.3359375 0.9921875 [315.0116882504503,-8.6308393415807] -25.948818456908455 2.8875794730007804 0.000210604453638008 2.2600091631158645e-05 [-3563.266601562,-1274.430664062] -22.777171488061846 -25.985428544111514 7.233124518859831 17.49675274399806 79.92311240441086
313.99295041228146 -8.064416826179125 0.36328125 1.2338867 [313.99295041228146,-8.064416826179125] -59.85836569528175 2.6554877796817276 0.0003329640915453955 3.285870247111264e-05 [-5382.265625,-2280.893554688] -29.452945928635376 -29.79152320640693 8.964469418696005 31.35787541562945 79.21133724851916
315.6958618238546 -7.835816636056624 0.38085938 1.4370117 [315.6958618238546,-7.835816636056624] 44.06422693988156 0.45439481511887464 0.0013131560564464092 2.217473361754943e-05 [-2350.936523438,-2710.913085938] -23.334369287173704 -20.848851973734014 6.955701749684755 14.592683239860435 65.45620101714576
314.2725827452488 -7.235654410069499 0.3203125 0.80859375 [314.2725827452488,-7.235654410069499] -47.34081603020183 2.4456199523835 0.00038852766443054525 3.531178076334827e-05 [-4894.037109375,-3776.032226562] -22.906380300466427 -22.96712606623721 8.94020309647058 32.94034312808628 67.08720388129495
316.2786866932249 -7.437896496152346 0.41796875 1.800293 [316.2786866932249,-7.437896496152346] -33.220950342587535 1.7389214724533715 0.0003457098719434167 2.2340889198800508e-05 [-1313.041992188,-3429.875] -20.235419481956782 -17.025629351624552 7.775460632370111 10.643575774934334 56.60628984956929
316.5587157884798 -8.38029184135244 0.35742188 1.1938477 [316.5587157884798,-8.38029184135244] -12.171847709402233 2.880120568363469 0.00019329602030658687 2.068913266576529e-05 [-811.3999023438,-1734.9609375] -20.465145020419058 -19.4848613558493 7.278663044454683 2.4888494629512934 66.79958167404402
314.33755503133506 -7.3277127356534315 0.43164062 1.9233398 [314.33755503133506,-7.3277127356534315] 56.334314645591505 0.843920403044193 0.001010924691405517 3.170509026941528e-05 [-4777.166992188,-3611.329101562] -23.788871406664956 -23.29484964059904 8.997874436263348 31.745417757788346 67.81805798073856
316.1790772956554 -8.879556719767963 0.34765625 1.1040039 [316.1790772956554,-8.879556719767963] -37.01160870797845 2.336404721027792 0.0002407743224544242 2.0905807528568852e-05 [-1485.44140625,-835.1215820312] -20.546562850120516 -19.688228950542875 6.886756332470277 3.789994139180294 75.6675589705269
315.89624015425085 -7.966249709662925 0.37890625 1.4243164 [315.89624015425085,-7.966249709662925] -28.2081809632148 1.3602548245846746 0.0004220371207434196 2.1334360512017577e-05 [-1993.07421875,-2477.443359375] -22.083330677414548 -20.58822881260262 6.4293173517401865 11.758498113415044 65.81276819505001
316.8462523593214 -6.997101136488233 0.41015625 1.7299805 [316.8462523593214,-6.997101136488233] -32.537793431395166 0.10258734335740494 0.007115152045208137 2.712605709448616e-05 [-300.3491210938,-4224.056640625] -20.427123329355258 -15.293564294518102 8.24416845798741 7.133306999434126 47.25112574533432
316.8410948977928 -6.99767584886647 0.41015625 1.7299805 [316.8410948977928,-6.99767584886647] -32.216943710792926 0.38566827169880097 0.0018884909414056135 2.7066837822597745e-05 [-309.5629882812,-4223.018554688] -20.427123329355258 -15.293564294518102 8.24416845798741 7.184322322952312 47.292899256325654
317.1205748866381 -7.2169455234149185 0.38867188 1.5092773 [317.1205748866381,-7.2169455234149185] -41.384617923650744 1.3449617296606171 0.0004629072369279987 2.3137295883626237e-05 [189.6630859375,-3828.682617188] -17.024916011321828 -13.529599610168368 7.700895500925771 3.011435481511171 48.2107543620923
315.95196510392367 -7.750509604562737 0.34570312 1.0722656 [315.95196510392367,-7.750509604562737] -27.955864776971396 2.3597510313521632 0.00024920368049811834 2.1853919544582476e-05 [-1894.740234375,-2865.950195312] -23.168492294359105 -20.377803922376444 6.828281206199682 12.35820396894951 62.71080328980497
314.9105222735706 -8.655324899076886 0.36914062 1.3134766 [314.9105222735706,-8.655324899076886] -20.21865818668796 1.0476687823595916 0.0005903537130663991 2.298502633071145e-05 [-3742.944335938,-1229.312988281] -23.049177685947043 -26.07490783697524 7.24242431986973 18.436492887335817 80.87356262804724
315.1164853743025 -7.322246912880673 0.375 1.3701172 [315.1164853743025,-7.322246912880673] -49.54633952737155 0.348550186302586 0.0019133082276638982 2.4783290152216604e-05 [-3387.704101562,-3630.17578125] -20.900799692967485 -21.81763762169718 7.322117054845442 23.547338574039827 62.73402843781787
317.133911174043 -7.191225113920639 0.38867188 1.5092773 [317.133911174043,-7.191225113920639] -36.48862855023052 2.06645256107791 0.0003061635924608318 2.3511897951250407e-05 [213.490234375,-3874.939453125] -17.024916011321828 -13.529599610168368 7.700895500925771 3.015584698833777 47.79375496198463
314.3969421788005 -8.416086291265403 0.37695312 1.3945312 [314.3969421788005,-8.416086291265403] -52.7809590629409 0.7673817441012271 0.0009222938589358936 2.6302042989114845e-05 [-4659.000976562,-1653.774414062] -24.87427741307224 -26.050293241152758 8.562740966444935 25.17108545655367 81.08602529889959
314.4060060624048 -8.428825271299 0.37695312 1.3945312 [314.4060060624048,-8.428825271299] -39.882614049334606 1.6320819895081922 0.00043658845044095663 2.648030104065976e-05 [-4642.725585938,-1630.967285156] -24.87427741307224 -26.050293241152758 8.562740966444935 25.006149473806886 81.18957712720294
314.423156997623 -8.433984676292996 0.37695312 1.3945312 [314.423156997623,-8.433984676292996] -39.59125492621251 2.2796748444403265 0.0003074124020034089 2.604371861610069e-05 [-4612.157226562,-1621.906738281] -24.87427741307224 -26.050293241152758 8.562740966444935 24.796503128744916 81.14666019722699
314.410217386338 -8.431225651598323 0.37695312 1.3945312 [314.410217386338,-8.431225651598323] -38.55138989555827 2.4136850683017763 0.00029320194423973294 2.6300024481599493e-05 [-4635.206054688,-1626.702636719] -24.87427741307224 -26.050293241152758 8.562740966444935 24.948542979633203 81.19333320301303
314.2641603284562 -7.883151938762063 0.41601562 1.7602539 [314.2641603284562,-7.883151938762063] -42.026050488884735 0.6149307063610675 0.001257891259001224 2.8746037140051558e-05 [-4901.701171875,-2611.020507812] -25.72798003894942 -26.73274520125778 8.503273702591713 29.4732513779187 75.22741653765206
316.1231992398 -8.685133905100637 0.375 1.3920898 [316.1231992398,-8.685133905100637] -34.942281539503526 0.1967209250446294 0.002843658117295771 2.0789145682995852e-05 [-1585.63671875,-1184.821289062] -21.133825435152225 -19.806130767206106 6.879698699753568 5.433922401704649 73.5283127642133
316.12335208447104 -8.682487618434012 0.375 1.3920898 [316.12335208447104,-8.682487618434012] -37.713464901549145 0.6575407511853958 0.0008510251353344943 2.0795710548559806e-05 [-1585.375976562,-1189.584960938] -21.133825435152225 -19.806130767206106 6.879698699753568 5.446657688783716 73.49337515794468
316.68911743302 -8.477066964157565 0.35351562 1.1508789 [316.68911743302,-8.477066964157565] -20.030012651872337 2.8902109742675357 0.00019153659123186998 2.0572638886238596e-05 [-579.0434570312,-1561.045410156] -19.921099655533663 -19.575452787318344 7.2485067562641845 0.5818680834138377 67.19517579530657
314.6036069516675 -8.004290785343356 0.41601562 1.7797852 [314.6036069516675,-8.004290785343356] 62.99646737894554 1.1535789959221707 0.0005599631105063509 2.4005760028326727e-05 [-4295.818359375,-2397.465820312] -23.01889041758674 -24.626410017108583 8.430564924689257 25.219226087449897 74.59297326281103
314.61505109435905 -8.00485538607782 0.41601562 1.7797852 [314.61505109435905,-8.00485538607782] -48.603721083511765 0.7810915624962405 0.0008319068897646367 2.414823373168527e-05 [-4275.431640625,-2396.588867188] -23.01889041758674 -24.626410017108583 8.430564924689257 25.095022516227118 74.52730901534233
314.6168822866474 -8.010771674798793 0.41601562 1.7797852 [314.6168822866474,-8.010771674798793] -42.40778754525271 2.9708606955099386 0.00022001203754602633 2.429055480363441e-05 [-4272.108398438,-2385.96484375] -23.01889041758674 -24.626410017108583 8.430564924689257 25.043363703723912 74.590089351615
316.0709836620699 -8.287443118910929 0.3203125 0.82421875 [316.0709836620699,-8.287443118910929] -24.025306345837485 3.1872739215152004 0.0001757066561621115 2.0812119282550376e-05 [-1680.275390625,-1900.338867188] -20.78000593337808 -19.745869508024217 6.7123512790295194 8.151469638478602 68.77370907309705
317.1099549519636 -7.660231576494382 0.35742188 1.1933594 [317.1099549519636,-7.660231576494382] -36.12243241570429 2.0056106355423355 0.0002791541470699039 2.080651822431321e-05 [170.52734375,-3031.216796875] -20.033110821417203 -15.914490172956542 6.908014075969355 0.6451059127105054 53.94349776903982
315.04211440556423 -7.869043621515024 0.35351562 1.1484375 [315.04211440556423,-7.869043621515024] -29.636045073781943 3.290502206091059 0.00019121262555800634 2.3382312169708243e-05 [-3515.92578125,-2645.688476562] -21.117058099134795 -21.974993311254416 7.857875207695894 21.31979092255517 70.08995810964916
316.63540654601456 -7.773822714611028 0.38085938 1.4282227 [316.63540654601456,-7.773822714611028] -28.590590172135514 3.0741294097125302 0.00018113194650069614 2.0693116517046655e-05 [-675.8500976562,-2826.494140625] -20.68957973986439 -17.081159315255753 7.1484787905094445 5.017142057183946 58.53321388757922
315.9356690234186 -7.615278355540512 0.359375 1.2182617 [315.9356690234186,-7.615278355540512] -28.51234314217333 1.0979751417211394 0.0005436946429985918 2.218483815984379e-05 [-1924.413085938,-3109.174804688] -23.757025636555976 -20.269735573023716 7.012880093981157 13.277647271750993 61.10250874211579
316.6050111218759 -8.054513929017507 0.41992188 1.8325195 [316.6050111218759,-8.054513929017507] -24.347905498014505 2.377767457634081 0.00023569867750030483 2.0827408147885442e-05 [-729.5600585938,-2321.34765625] -20.87400831483058 -18.796770337462952 6.962654810779759 3.787762191838283 62.32088810733194
315.0767519161173 -8.03315328374142 0.36523438 1.2827148 [315.0767519161173,-8.03315328374142] -30.863656208124404 0.8082204917172463 0.0007583512152598179 2.2777651694123486e-05 [-3452.819335938,-2350.724609375] -21.183698143532194 -22.60250427479018 7.574192987693633 20.055205894520668 71.93899232370632
315.0797423506947 -8.031340691826424 0.36523438 1.2827148 [315.0797423506947,-8.031340691826424] -30.969030641228358 0.3591982738370027 0.0017004645832150024 2.269919914969073e-05 [-3447.5078125,-2354.015625] -21.183698143532194 -22.60250427479018 7.574192987693633 20.033478908080838 71.89696169629042
317.1448364042831 -7.173875492194104 0.39648438 1.5893555 [317.1448364042831,-7.173875492194104] -33.387547454326395 2.563515909407225 0.00024997636729023816 2.3814620914804055e-05 [233.009765625,-3906.139648438] -16.825339779224514 -13.373128148377278 7.714347160246267 2.99814426396847 47.499542088932685
316.50155638777994 -7.517723717763906 0.41210938 1.7392578 [316.50155638777994,-7.517723717763906] -71.61145100904027 1.0843375764123737 0.0005416918404430662 2.1828581015662047e-05 [-915.1083984375,-3286.966796875] -19.223067070663532 -15.9678280183249 7.712432410131644 7.8499457808338775 56.15193606985031
315.6697691103869 -7.811563767301865 0.38671875 1.4873047 [315.6697691103869,-7.811563767301865] -20.493300932449703 0.5610142057519276 0.0010593116448716956 2.20854528178474e-05 [-2397.591796875,-2754.376953125] -23.459539323697516 -20.963798990089856 7.121773481450136 15.00181961790588 65.3179942088127
315.6713258236404 -7.808171052087117 0.38671875 1.4873047 [315.6713258236404,-7.808171052087117] -22.249173541366225 0.9484999672887827 0.0006256103649143357 2.2052100282453523e-05 [-2394.8359375,-2760.4921875] -23.459539323697516 -20.963798990089856 7.121773481450136 15.004053599934878 65.26493592562883
314.60018944743376 -6.932263636139364 0.35546875 1.1640625 [314.60018944743376,-6.932263636139364] -37.4654454031468 3.202141450900487 0.0002773702552193266 3.300723169701724e-05 [-4312.471679688,-4325.973632812] -21.418495828915137 -22.099683371505613 9.278251490769145 31.16268872527985 61.20224151103321
315.29266331462173 -8.465014458235522 0.33007812 0.935791 [315.29266331462173,-8.465014458235522] 37.24460997255849 0.7552020918664324 0.0007870535641496379 2.2089006214255054e-05 [-3064.836914062,-1575.522460938] -21.645102656614064 -23.724475105545807 7.150744124221329 15.41860564774447 76.03212746850113
317.36007701295256 -7.144000232703342 0.40234375 1.6420898 [317.36007701295256,-7.144000232703342] -37.28898954624777 3.1462876033575613 0.00021042395059992075 2.4603805904517502e-05 [617.4467773438,-3959.6171875] -14.980449623256034 -12.531190574948202 7.497196632264524 0.9025309394612577 45.67364949578587
315.7996520896509 -8.108679556211255 0.3984375 1.609375 [315.7996520896509,-8.108679556211255] -17.87282232602578 1.2412907743874517 0.00046697988583030723 2.154172142892829e-05 [-2164.458984375,-2220.568359375] -21.825402942313133 -20.59212382396519 6.603616685337914 11.997784728502324 68.24886676420829
315.3417969681524 -8.689619019471875 0.3828125 1.4638672 [315.3417969681524,-8.689619019471875] 50.95231096300341 0.9043799156362194 0.0006461770785284931 2.1717566532236927e-05 [-2975.637695312,-1171.695800781] -20.657090239612383 -23.763854181322383 7.0802421101866635 13.68228825172082 78.5780395724305
316.8503418756988 -7.783240102896347 0.421875 1.8515625 [316.8503418756988,-7.783240102896347] -14.347498405176342 1.4660405292793637 0.0003779048961954017 2.0589092209180228e-05 [-292.5200195312,-2809.844726562] -21.12083699695469 -16.834157696614298 6.719419304268706 2.69823026445863 57.23689030079004
314.5233155486632 -8.372321043334209 0.38085938 1.4277344 [314.5233155486632,-8.372321043334209] -36.80737034276485 1.4019286290933382 0.0004765984099039534 2.4830599029292676e-05 [-4434.702148438,-1734.16796875] -23.646832017177843 -24.973922664944034 8.519315177136797 24.068930042531065 79.73746172343726
314.5258177692948 -8.372695831332392 0.38085938 1.4277344 [314.5258177692948,-8.372695831332392] -35.67456405679419 1.6965066771925286 0.00039388225099552614 2.4833085720794172e-05 [-4430.24609375,-1733.524902344] -23.646832017177843 -24.973922664944034 8.519315177136797 24.040391027290298 79.72639583549653
