data_processed/hvc_rms/hvc_rms_index_15.ecsv
# %ECSV 1.0
# ---
# datatype:
# - {name: ra_dec_obj.ra, unit: deg, datatype: float64}
# - {name: ra_dec_obj.dec, unit: deg, datatype: float64}
# - {name: 'H-alpha flux [Error]', unit: R, datatype: float32}
# - {name: H-alpha flux, unit: R, datatype: float32}
# - {name: ra_dec_deg, datatype: string, subtype: 'float64[2]'}
# - {name: RM, unit: rad / m2, datatype: float64}
# - {name: RM_uncert, unit: rad / m2, datatype: float64}
# - {name: pol_int, datatype: float64}
# - {name: pol_int_uncert, datatype: float64}
# - {name: ra_dec_pix_offsets, datatype: string, subtype: 'float64[2]'}
# - {name: interpolation_raw, unit: rad / m2, datatype: float64}
# - {name: interpolation_cor, unit: rad / m2, datatype: float64}
# - {name: interpolation_unc, unit: rad / m2, datatype: float64}
# - {name: pixel location x, datatype: float64}
# - {name: pixel location y, datatype: float64}
# meta: !!omap
# - __serialized_columns__:
#     ra_dec_obj:
#       __class__: astropy.coordinates.sky_coordinate.SkyCoord
#       dec: !astropy.table.SerializedColumn
#         __class__: astropy.coordinates.angles.Latitude
#         unit: &id001 !astropy.units.Unit {unit: deg}
#         value: !astropy.table.SerializedColumn {name: ra_dec_obj.dec}
#       frame: icrs
#       ra: !astropy.table.SerializedColumn
#         __class__: astropy.coordinates.angles.Longitude
#         unit: *id001
#         value: !astropy.table.SerializedColumn {name: ra_dec_obj.ra}
#         wrap_angle: !astropy.coordinates.Angle
#           unit: *id001
#           value: 360.0
#       representation_type: spherical
# schema: astropy-2.0
ra_dec_obj.ra ra_dec_obj.dec "H-alpha flux [Error]" "H-alpha flux" ra_dec_deg RM RM_uncert pol_int pol_int_uncert ra_dec_pix_offsets interpolation_raw interpolation_cor interpolation_unc "pixel location x" "pixel location y"
[from data line 158]
149.0002437819849 -50.609562032570324 3.296875 20.976562 [149.0002437819849,-50.609562032570324] -0.7272200036299994 2.103531822144856 0.0002369600222731313 1.852391892662195e-05 [-2697.8984375,-871.63671875] -5.772295277742751 -14.502998125447906 28.08681808031936 7.720493828443978 5.347538571129917
148.98533636588732 -50.60894020432245 3.296875 20.976562 [148.98533636588732,-50.60894020432245] 0.9286750651882231 3.132071931324555 0.00016193075738101876 1.8848195503134786e-05 [-2714.948242188,-872.20703125] -5.772295277742751 -14.502998125447906 28.08681808031936 7.656241323774111 5.441567983615187
150.84706098988448 -48.68807194921022 3.765625 25.65625 [150.84706098988448,-48.68807194921022] 50.260599813985394 1.3251025206914557 0.0005157032206249958 2.5395573623473194e-05 [-612.8315429688,-4370.202148438] 4.993189238702377 -2.3460544474782523 24.60142631310535 34.7494522536349 7.979658966228271
148.1291959658362 -50.82358941012168 3.546875 23.453125 [148.1291959658362,-50.82358941012168] -87.02005942331635 0.20019379614408073 0.0026477008942103653 1.9698276995280415e-05 [-3674.860351562,-448.9458007812] 2.509177050249597 -15.753975040073893 25.275500731839333 1.5916084053508257 8.934256457809624
148.2047572850683 -49.83612450007369 2.71875 15.2578125 [148.2047572850683,-49.83612450007369] -16.26153491871279 0.3867452043900952 0.0013991059433575842 2.0108711429961333e-05 [-3664.465820312,-2228.303710938] -4.554743890657224 -8.299437993346055 23.2823870003473 11.18725684232436 15.920560455067061
148.20816007618907 -49.83817299424293 2.71875 15.2578125 [148.20816007618907,-49.83817299424293] -24.42087002935682 2.304059706168059 0.00023371412824994337 2.00118573684175e-05 [-3660.366210938,-2224.790039062] -4.554743890657224 -8.299437993346055 23.2823870003473 11.184602138397622 15.884568023982183
147.86904945339387 -49.537067695915354 2.6875 14.8984375 [147.86904945339387,-49.537067695915354] -48.746779296607684 0.6879627425420052 0.0008299428889944299 2.121884940437389e-05 [-4078.5703125,-2748.237304688] -8.255716198466216 -10.319880274625344 21.91285147449411 12.340367430470224 20.211197524043428
147.87367246266703 -49.52973925131051 2.6875 14.8984375 [147.87367246266703,-49.52973925131051] -46.083173655705956 2.4052423958097267 0.0002383212541192541 2.1302487986807006e-05 [-4073.791015625,-2761.665039062] -8.255716198466216 -10.319880274625344 21.91285147449411 12.431331355133352 20.238737091382973
148.0590824126595 -48.65086763512388 3.359375 21.609375 [148.0590824126595,-48.65086763512388] -74.44054685895452 1.7409400575339244 0.0004367678380475105 2.8258113968264675e-05 [-3926.473632812,-4351.072265625] -6.747955776112345 -2.9101425073226928 24.45205220830276 21.5423057562964 25.75990313493844
148.21229588863625 -48.86702733794789 2.96875 17.609375 [148.21229588863625,-48.86702733794789] -33.16049661173558 0.0204089797437233 0.03315230420988912 2.514454125891722e-05 [-3728.483398438,-3970.645507812] -10.544801152775804 -7.410371657490366 22.71023290786183 20.284830994360163 23.180642132378352
148.22273217012702 -48.86929323708229 2.96875 17.609375 [148.22273217012702,-48.86929323708229] -31.40046189445592 0.10327829581166664 0.0064600680482076855 2.479447168917506e-05 [-3715.9765625,-3967.1015625] -10.544801152775804 -7.410371657490366 22.71023290786183 20.31530563893307 23.09920270540192
148.00184604477627 -49.40420551969885 2.796875 16.039062 [148.00184604477627,-49.40420551969885] -28.50367332252364 1.9582593345557822 0.00028878552116629784 2.1016206341477393e-05 [-3934.384765625,-2994.267578125] -9.70806992478111 -10.782086445105008 21.953162356815763 14.230997307103962 20.411165908855764
148.94222995810165 -50.06245049782477 2.921875 17.210938 [148.94222995810165,-50.06245049782477] -64.59418043156751 0.883210941843673 0.0005801550323045997 1.9042203744162287e-05 [-2796.137695312,-1853.661621094] -5.2218112131178565 -7.214412244868978 24.026024536845835 12.60716734368043 9.762064532340446
148.93705776132848 -50.05911644406389 2.921875 17.210938 [148.93705776132848,-50.05911644406389] -66.42210627175145 1.8616603095434752 0.00027649854368406383 1.912942830723653e-05 [-2802.303710938,-1859.461914062] -5.2218112131178565 -7.214412244868978 24.026024536845835 12.61395932834671 9.81822756584188
148.39414982435045 -48.70749288388874 3.34375 21.367188 [148.39414982435045,-48.70749288388874] -28.360569803181296 1.5532154096718012 0.000447387637758433 2.5824051148697045e-05 [-3524.65625,-4266.29296875] -12.021143810907569 -4.987657624713126 22.285650294453145 22.677770926473613 23.25861031670047
148.2658234524882 -48.779285668758625 3.109375 19.046875 [148.2658234524882,-48.779285668758625] -21.43361568674527 2.9224814768420666 0.0002362592576963286 2.5659565938151112e-05 [-3671.622070312,-4131.0078125] -11.067113305013992 -5.921939481924692 22.51027604145377 21.37028478827392 23.512052604111886
148.6332699883219 -48.93161759566933 2.96875 17.609375 [148.6332699883219,-48.93161759566933] -73.08367810443114 0.5587103442901445 0.0010983787865217697 2.2805917659177056e-05 [-3226.510742188,-3874.455078125] -15.284405066397706 -7.657471366156667 21.21193356977969 21.754627894286386 20.095009047163558
148.63192750766217 -48.932338927470816 2.953125 17.5 [148.63192750766217,-48.932338927470816] -73.10636603814557 0.5042363480476543 0.0012257537339223205 2.2969210972761928e-05 [-3228.049804688,-3873.099609375] -13.490445108007581 -7.501531429051511 21.41961492418222 21.741265282247923 20.097911164639754
148.7763516996421 -49.42562093879849 3.125 19.28125 [148.7763516996421,-49.42562093879849] -62.48908787711816 0.10280898370509983 0.0052642261840771375 2.0112882211845223e-05 [-3027.119140625,-2992.405273438] -0.3999299535337654 -6.6682512487676995 21.88336373978403 17.808629572268956 15.518970127719058
