data_processed/hvc_rms/hvc_rms_index_8_with_B.ecsv
# %ECSV 1.0
# ---
# datatype:
# - {name: ra_dec_obj.ra, unit: deg, datatype: float64}
# - {name: ra_dec_obj.dec, unit: deg, datatype: float64}
# - {name: 'H-alpha flux [Error]', unit: R, datatype: float32}
# - {name: H-alpha flux, unit: R, datatype: float32}
# - {name: ra_dec_deg, datatype: string, subtype: 'float64[2]'}
# - {name: RM, unit: rad / m2, datatype: float64}
# - {name: RM_uncert, unit: rad / m2, datatype: float64}
# - {name: pol_int, datatype: float64}
# - {name: pol_int_uncert, datatype: float64}
# - {name: ra_dec_pix_offsets, datatype: string, subtype: 'float64[2]'}
# - {name: interpolation_raw, unit: rad / m2, datatype: float64}
# - {name: interpolation_cor, unit: rad / m2, datatype: float64}
# - {name: interpolation_unc, unit: rad / m2, datatype: float64}
# - {name: interpolation_cor_unc, unit: rad / m2, datatype: float64}
# - {name: HI, unit: dex(1 / cm2), datatype: float64}
# - {name: 'HI [Error]', unit: dex(1 / cm2), datatype: float64}
# - {name: pixel location x, datatype: float64}
# - {name: pixel location y, datatype: float64}
# - {name: 'B_virtual [raw]', unit: G, datatype: float64}
# - {name: 'B_virtual_unc [raw]', unit: G, datatype: float64}
# - {name: 'B_virtual [int]', unit: G, datatype: float64}
# - {name: 'B_virtual_unc [int]', unit: G, datatype: float64}
# meta: !!omap
# - __serialized_columns__:
#     ra_dec_obj:
#       __class__: astropy.coordinates.sky_coordinate.SkyCoord
#       dec: !astropy.table.SerializedColumn
#         __class__: astropy.coordinates.angles.Latitude
#         unit: &id001 !astropy.units.Unit {unit: deg}
#         value: !astropy.table.SerializedColumn {name: ra_dec_obj.dec}
#       frame: icrs
#       ra: !astropy.table.SerializedColumn
#         __class__: astropy.coordinates.angles.Longitude
#         unit: *id001
#         value: !astropy.table.SerializedColumn {name: ra_dec_obj.ra}
#         wrap_angle: !astropy.coordinates.Angle
#           unit: *id001
#           value: 360.0
#       representation_type: spherical
# schema: astropy-2.0
ra_dec_obj.ra ra_dec_obj.dec "H-alpha flux [Error]" "H-alpha flux" ra_dec_deg RM RM_uncert pol_int pol_int_uncert ra_dec_pix_offsets interpolation_raw interpolation_cor interpolation_unc interpolation_cor_unc HI "HI [Error]" "pixel location x" "pixel location y" "B_virtual [raw]" "B_virtual_unc [raw]" "B_virtual [int]" "B_virtual_unc [int]"
[from data line 303]
108.04508984323849 -55.67164243333282 4.125 29.3125 [108.04508984323849,-55.67164243333282] -54.306917173623056 1.5400104229920315 0.00038718364031210665 2.215895941863166e-05 [4609.804931641,56.38525390625] 53.049578597465505 50.94052452861984 16.627592040688704 15.784066586515236 0.0 0.0 28.90216816413647 5.156808542156341 -8.598595551060561e-06 1.3233446351615674e-06 -1.6998112486545126e-05 3.1669929440112877e-06
108.03086100290749 -55.675125055774814 4.125 29.3125 [108.03086100290749,-55.675125055774814] -47.57402704255303 1.3586833401155738 0.0004384105184931686 2.2136447143224654e-05 [4594.997802734,61.6962890625] 53.049578597465505 50.94052452861984 16.627592040688704 15.784066586515236 0.0 0.0 28.797390552294473 5.150185292335664 -7.532554572492232e-06 1.2768272238315176e-06 -1.5932071507976795e-05 3.1299604256341045e-06
108.03868872433868 -55.672531047489386 4.125 29.3125 [108.03868872433868,-55.672531047489386] -53.98614153824472 1.752564481548613 0.0003395772992164122 2.2116752546532797e-05 [4603.223144531,57.55615234375] 53.049578597465505 50.94052452861984 16.627592040688704 15.784066586515236 0.0 0.0 28.857820588784648 5.161933809359198 -8.54780607349853e-06 1.3279035753678772e-06 -1.6947323008983095e-05 3.1680567842483955e-06
105.84853343052069 -55.62168122753128 3.3125 21.179688 [105.84853343052069,-55.62168122753128] -34.21107537919808 1.1288244220382004 0.00040008440416935346 1.6783661900528272e-05 [2387.330566406,-144.2602539062] 50.250909702483625 55.71415130748275 14.28920458028287 15.181742958449473 0.0 0.0 15.05605240577529 10.96943316793363 -5.416753810791666e-06 1.2017651655817018e-06 -1.3373148154133015e-05 2.738598736028705e-06
106.64303579452928 -54.801086550195265 3.625 24.304688 [106.64303579452928,-54.801086550195265] 8.204366357259733 0.16571624208228072 0.002813615173663593 1.7327602514525436e-05 [3260.422363281,-1587.78515625] 49.96162960928801 55.05807264484194 14.89598290819223 16.709814281397104 0.0 0.0 23.385367948950943 19.02376517067046 1.2990247233748112e-06 1.113403467137029e-06 -6.611566936775929e-06 2.658142676630667e-06
106.64594271355776 -54.79703133295215 3.625 24.304688 [106.64594271355776,-54.79703133295215] 13.44382557515504 0.32975642714286973 0.0014145330117318112 1.7334649283752784e-05 [3263.761230469,-1594.939453125] 49.96162960928801 55.05807264484194 14.89598290819223 16.709814281397104 0.0 0.0 23.420424536831206 19.065520057896265 2.1286057982298508e-06 1.1222860981220935e-06 -5.781985861920888e-06 2.646379123632105e-06
106.64070132846147 -54.80114376206 3.625 24.304688 [106.64070132846147,-54.80114376206] 7.791350040544133 0.19334199128655966 0.0024065616009324624 1.7291468314569196e-05 [3257.999267578,-1587.791992188] 49.96162960928801 55.05807264484194 14.89598290819223 16.709814281397104 0.0 0.0 23.36990017580456 19.028745932102765 1.2336304707039732e-06 1.1130489403412525e-06 -6.676961189446765e-06 2.6592136910708968e-06
106.64755250692926 -54.7940102315593 3.625 24.304688 [106.64755250692926,-54.7940102315593] 6.514548308094577 0.8477002047780847 0.0005475477741455578 1.7249360910130395e-05 [3265.673095703,-1600.295410156] 49.96162960928801 55.05807264484194 14.89598290819223 16.709814281397104 0.0 0.0 23.442914850904003 19.097975179177865 1.0314701885961253e-06 1.1194131076936904e-06 -6.879121471554614e-06 2.6656464203098597e-06
103.07198349185249 -54.40720766680249 3.15625 19.632812 [103.07198349185249,-54.40720766680249] 4.78108262673414 2.256550788514075 0.00019125674354492526 1.603875202425907e-05 [-447.4018554688,-2369.139648438] 43.389313514209704 42.783463613327584 13.500312208594996 12.992547694156837 0.0 0.0 1.2464594739569748 32.03834711188074 7.570047784530953e-07 1.1660397000053615e-06 -6.1129701264760385e-06 2.481809067148046e-06
107.32013703282237 -53.76694102446151 4.34375 31.445312 [107.32013703282237,-53.76694102446151] 31.393967635205442 0.1033347790524267 0.005052322494519734 1.9401990275316503e-05 [4062.340576172,-3410.604492188] 48.10023327981716 58.57051164734189 15.122871307484345 18.478083366722757 0.0 0.0 32.03684200379939 29.715496279934996 4.970711734109056e-06 1.1762331274541408e-06 -2.645158829165973e-06 2.6468728407415818e-06
107.33681482560503 -53.759761642186085 4.34375 31.507812 [107.33681482560503,-53.759761642186085] 3.6869268688828507 0.21088654121856287 0.0024934597471579657 1.9541591421250903e-05 [4080.742431641,-3422.521484375] 48.25919042672763 58.48051768412454 15.260687277913217 18.5305956802054 0.0 0.0 32.17757813584751 29.757968886859544 5.837634434395702e-07 1.1097988913592951e-06 -7.057275335734436e-06 2.7166251550556906e-06
103.60268391174971 -53.88214863846561 3.375 21.671875 [103.60268391174971,-53.88214863846561] -16.87565785126025 1.511837906353009 0.00029625117466056957 1.6644624976320765e-05 [109.9482421875,-3315.186523438] 41.92272643054079 43.566835599095256 13.090672178671754 13.991748627543648 0.0 0.0 6.660920016934597 37.33325676767345 -2.6719792629205854e-06 1.1534507385994711e-06 -9.309744537305576e-06 2.4748629741785456e-06
103.5993422879583 -53.879409743971586 3.375 21.671875 [103.5993422879583,-53.879409743971586] -20.773927078654253 1.0072740929742796 0.0004470355077395042 1.6733946935054546e-05 [106.4096679688,-3320.119140625] 41.92272643054079 43.566835599095256 13.090672178671754 13.991748627543648 0.0 0.0 6.648161733205029 37.374465416435214 -3.2892052477494e-06 1.1496278238987574e-06 -9.926970522134392e-06 2.483444591823004e-06
103.84355910741631 -53.600017800908944 3.71875 25.125 [103.84355910741631,-53.600017800908944] -35.15990441479161 0.9345727120863987 0.0005241701394957902 1.8205142225726563e-05 [367.9716796875,-3821.888671875] 45.13389078584966 44.98857267619056 13.700854024993372 14.7052939325613 0.0 0.0 9.309174381895446 40.243092004205664 -5.566985080559531e-06 1.2018872644582722e-06 -1.2713184730827195e-05 2.6399115301922574e-06
104.65049726781946 -56.12943648236079 3.0625 18.664062 [104.65049726781946,-56.12943648236079] -21.49197417156457 2.207043455906783 0.00019717051022666887 1.6171918641563387e-05 [1155.070800781,738.8481445312] 51.61968899377616 52.51497127348657 14.09977003109651 15.35537874943261 0.0 0.0 5.511205488487462 7.409386780856721 -3.402896041848636e-06 1.192933921283326e-06 -1.1576013781343438e-05 2.6784815267348066e-06
107.01171873747475 -54.18586323532794 3.921875 27.1875 [107.01171873747475,-54.18586323532794] -26.693894517324466 0.2894679494085253 0.0017254628782482967 1.8561574295793244e-05 [3697.521728516,-2675.180664062] 48.969856384198955 59.68316378569728 13.786590776977473 17.580427886451975 0.0 0.0 28.27527747172053 25.49755985645288 -4.2265334617194785e-06 1.158646202963871e-06 -1.198009435516977e-05 2.6258262786949517e-06
107.31313314267436 -55.05048001974342 3.78125 25.773438 [107.31313314267436,-55.05048001974342] 5.670727284517854 1.4588252270818396 0.0003340125272625636 1.8108176691805078e-05 [3929.965087891,-1104.738769531] 47.73869042123462 51.99148518707569 14.634236124721593 15.988890831227998 0.0 0.0 26.74211626767999 14.39017245277796 8.978651880393588e-07 1.134375356849726e-06 -6.6607610870838205e-06 2.632243419316088e-06
107.30786144149496 -55.046226498926046 3.78125 25.773438 [107.30786144149496,-55.046226498926046] 7.818864737331424 2.8069684805804966 0.00017332254935079183 1.8080119951829563e-05 [3924.958007812,-1112.681640625] 47.73869042123462 51.99148518707569 14.634236124721593 15.988890831227998 0.0 0.0 26.725210841511966 14.454122545827886 1.2379869645301206e-06 1.198137003070378e-06 -6.320639310593058e-06 2.654280564092854e-06
107.26625814086697 -55.430629692323954 3.90625 27.007812 [107.26625814086697,-55.430629692323954] -16.929920486259704 0.8902643708966982 0.0005502359886835472 1.8204413367872677e-05 [3844.809814453,-424.1381835938] 48.750775483687676 52.91236784130536 14.033047845639759 14.865834377988833 0.0 0.0 24.907703916835317 9.943571928416304 -2.6805708471271316e-06 1.137236146736813e-06 -1.0399443929990863e-05 2.6197164159695343e-06
107.26128387615456 -55.430385565055225 3.90625 27.007812 [107.26128387615456,-55.430385565055225] -17.184385338761878 1.051090933142927 0.00046653963002764293 1.8223740963198108e-05 [3839.764160156,-424.8525390625] 48.750775483687676 52.91236784130536 14.033047845639759 14.865834377988833 0.0 0.0 24.87676632772343 9.958536927129671 -2.72086111699517e-06 1.1412699982972194e-06 -1.0439734199858898e-05 2.622213472937582e-06
105.56520857197918 -55.49119189002922 3.265625 20.664062 [105.56520857197918,-55.49119189002922] -10.595303158997348 1.7376511987517371 0.0002560836706846787 1.653686548632312e-05 [2106.559570312,-388.19921875] 53.076411746268064 55.1142015164361 13.36226414522259 14.890274533459491 0.0 0.0 13.722842484872217 13.202545837381422 -1.6775897315957788e-06 1.149668053729831e-06 -1.0081355249138077e-05 2.533224396346411e-06
105.58195471290256 -55.49233235957275 3.296875 21.039062 [105.58195471290256,-55.49233235957275] -13.889843879312831 1.9970991685045532 0.00022405836262691847 1.6629128600867297e-05 [2123.563964844,-385.63671875] 53.25326604105181 55.43670974368851 13.276042775573071 14.714462458967013 0.0 0.0 13.826679850696337 13.150582770432266 -2.199225365780732e-06 1.165634012176161e-06 -1.0630992814411322e-05 2.5407258028822156e-06
105.21073933517299 -53.233783778322696 4.1875 29.78125 [105.21073933517299,-53.233783778322696] -10.441686988224308 1.1633581290566004 0.0005279628971349859 2.2825775177036255e-05 [1843.863769531,-4458.747070312] 50.148982108401 54.92226260012765 14.577944702788228 16.761227096894103 17.50779914855957 8.753899574279785 19.970370912252065 41.43938945040554 -1.6532671702845366e-06 1.1311332570298595e-06 -9.593522977273193e-06 2.6770922799194155e-06
105.4572754529147 -54.03068561140454 3.359375 21.554688 [105.4572754529147,-54.03068561140454] 2.5103243426811246 0.4738583670610051 0.0009663426589905262 1.7017211966348892e-05 [2069.89453125,-3018.82421875] 46.810675661299456 53.50981515093506 12.846366751881712 15.837142543989952 0.0 0.0 18.562531324678048 31.192648087294856 3.974680362666754e-07 1.1113154966093243e-06 -7.014222562861757e-06 2.3831850642942393e-06
105.04272449010175 -55.94091787310056 3.015625 18.132812 [105.04272449010175,-55.94091787310056] 53.971521240819385 2.631523708772935 0.0001700612137186885 1.663111109422987e-05 [1556.010253906,407.2451171875] 48.72072654825069 52.019107367836185 14.216668519856514 15.407925661413811 0.0 0.0 8.699189206519918 8.875320850585013 8.5454911929835e-06 1.3637020895057507e-06 8.313758584142713e-07 2.5442516143802182e-06
104.65456410897426 -54.90906918412351 3.21875 20.234375 [104.65456410897426,-54.90906918412351] 6.75514039530476 1.939104251649757 0.0002214670637428803 1.5959490018868585e-05 [1195.634765625,-1457.385742188] 45.73881860444637 48.20315706556484 13.305871767393443 14.354142647209406 0.0 0.0 9.950034148298528 22.368463433986562 1.0695639372081467e-06 1.1531854953236215e-06 -6.1724159547010905e-06 2.4494685891193388e-06
104.28929129594067 -54.11034370523615 3.375 21.820312 [104.28929129594067,-54.11034370523615] 70.31638901146482 3.0711328638848263 0.0001422185064683934 1.6231678125743507e-05 [833.8393554688,-2899.962890625] 44.74914145733754 47.902067623623736 13.183961253701874 14.647278265215022 0.0 0.0 10.451950322395078 32.97003677335442 1.1133428689896081e-05 1.4972354510739364e-06 4.048147685660946e-06 2.4341430720528037e-06
105.75984186194776 -53.18552014288325 4.375 31.75 [105.75984186194776,-53.18552014288325] -18.953068767115074 0.6291536216790133 0.0010449233434015467 2.443148332834271e-05 [2437.848632812,-4528.557617188] 49.25953049466206 55.248202644460505 15.73750003608585 17.035623481383027 18.149600982666016 9.074800491333008 23.890427703354476 40.656954032138856 -3.0009026706272915e-06 1.1378780333090046e-06 -1.0800328633337953e-05 2.8597758843964744e-06
105.75495152987214 -53.18794607796166 4.375 31.75 [105.75495152987214,-53.18794607796166] -20.119652517115128 0.2653184965943839 0.002468965733805307 2.4343963792207603e-05 [2432.440429688,-4524.369140625] 49.25953049466206 55.248202644460505 15.73750003608585 17.035623481383027 18.149600982666016 9.074800491333008 23.847650417664 40.64001700518247 -3.185611771507024e-06 1.1374399135176794e-06 -1.0985037734217686e-05 2.862757251495054e-06
104.20384967836196 -53.34950239109773 4.0 28.085938 [104.20384967836196,-53.34950239109773] -30.05779765553172 2.000787473747589 0.00028706366739505437 2.134459367628615e-05 [757.251953125,-4269.5390625] 46.68219291562006 45.769175589841595 13.467626068270064 14.945987061346619 0.0 0.0 12.678695868265095 42.46308510035624 -4.7591514791612115e-06 1.2127293100934005e-06 -1.2150498976105167e-05 2.607883994537841e-06
107.78440095517482 -55.163482573512795 4.09375 28.9375 [107.78440095517482,-55.163482573512795] -14.670680859706343 0.3929127855403524 0.0013536022588081945 1.9764959771592635e-05 [4402.229248047,-873.3793945312] 52.322763267324355 53.10850457790043 14.728930989678627 14.918426657770008 0.0 0.0 29.32377096505479 11.872284752227642 -2.3228578924485547e-06 1.1252065189374916e-06 -1.0607295729552082e-05 2.71588742537856e-06
105.82830053186662 -56.09714495365443 3.359375 21.5625 [105.82830053186662,-56.09714495365443] -27.236539590687542 2.675775819008603 0.00016931854563984077 1.683693197736931e-05 [2338.006835938,710.3930664062] 48.80355800492764 54.09618540096902 15.450571909461793 15.997230797256442 0.0 0.0 13.133807139311102 5.229550587971971 -4.31245226831841e-06 1.2346862546750058e-06 -1.2039682584034387e-05 2.8811379451555086e-06
105.02189646424895 -55.39506154083264 3.265625 20.664062 [105.02189646424895,-55.39506154083264] -29.397438648918328 1.0528085850279096 0.00041934877060994375 1.6407163087524338e-05 [1556.5703125,-575.51953125] 51.00145308386567 52.902101665717325 13.031106340050503 15.764142346049535 0.0 0.0 10.564124237570809 15.600567737216352 -4.6545946324115575e-06 1.1798194562724797e-06 -1.2729825015725437e-05 2.5551598989676404e-06
105.02302558443044 -55.391590081419544 3.265625 20.664062 [105.02302558443044,-55.391590081419544] -26.077354591340896 3.194865872067988 0.00013788005494058165 1.63705315492678e-05 [1557.860839844,-581.7412109375] 51.00145308386567 52.902101665717325 13.031106340050503 15.764142346049535 0.0 0.0 10.584226603481056 15.64047456310368 -4.128914636337352e-06 1.2614025902107073e-06 -1.220414501965123e-05 2.5835624475002034e-06
106.47969817935011 -53.38782141664375 4.5625 33.546875 [106.47969817935011,-53.38782141664375] 50.976766633553865 0.3783133409443868 0.0015625135549111994 2.196767796345752e-05 [3198.299804688,-4135.745117188] 51.0332624613782 56.98588299819748 17.290963679467605 18.017041515970263 18.270465850830078 9.135232925415039 27.95386634324541 36.404702534832495 8.071321695196971e-06 1.2807364339733306e-06 -8.945173084134465e-09 2.9541817584320462e-06
110.52091227207664 -53.570079594839314 6.21875 50.140625 [110.52091227207664,-53.570079594839314] -25.86284734668583 1.591605005182905 0.00036774510346584613 2.175158447197741e-05 [-2114.046875,-3846.4609375] 60.02927758313708 56.618606746812276 20.928003863924584 19.08756845357152 0.0 0.0 54.089876709539794 23.31509239987554 -4.094950987955977e-06 1.1819492279091889e-06 -1.3599586972162522e-05 3.6648328110049536e-06
109.40948504439916 -54.749843543251785 4.125 29.210938 [109.40948504439916,-54.749843543251785] -24.05287312708071 2.0748945744579697 0.0002458394960299038 1.895642317711857e-05 [-3208.072265625,-1682.367675781] 53.35381404285276 50.70349167680392 16.657357955132145 15.405191786079376 17.513940811157227 8.756970405578613 41.55248467414822 12.59556108645188 -3.8083717254566144e-06 1.1946679186324283e-06 -1.2256059274986867e-05 3.0387030998495373e-06
