data_processed/hvc_rms/hvc_rms_index_11_with_B.ecsv
# %ECSV 1.0
# ---
# datatype:
# - {name: ra_dec_obj.ra, unit: deg, datatype: float64}
# - {name: ra_dec_obj.dec, unit: deg, datatype: float64}
# - {name: 'H-alpha flux [Error]', unit: R, datatype: float32}
# - {name: H-alpha flux, unit: R, datatype: float32}
# - {name: ra_dec_deg, datatype: string, subtype: 'float64[2]'}
# - {name: RM, unit: rad / m2, datatype: float64}
# - {name: RM_uncert, unit: rad / m2, datatype: float64}
# - {name: pol_int, datatype: float64}
# - {name: pol_int_uncert, datatype: float64}
# - {name: ra_dec_pix_offsets, datatype: string, subtype: 'float64[2]'}
# - {name: interpolation_raw, unit: rad / m2, datatype: float64}
# - {name: interpolation_cor, unit: rad / m2, datatype: float64}
# - {name: interpolation_unc, unit: rad / m2, datatype: float64}
# - {name: pixel location x, datatype: float64}
# - {name: pixel location y, datatype: float64}
# - {name: 'B_virtual [raw]', unit: G, datatype: float64}
# - {name: 'B_virtual_unc [raw]', unit: G, datatype: float64}
# - {name: 'B_virtual [int]', unit: G, datatype: float64}
# - {name: 'B_virtual_unc [int]', unit: G, datatype: float64}
# - {name: 'B_virtual [cor]', unit: G, datatype: float64}
# - {name: 'B_virtual_unc [cor]', unit: G, datatype: float64}
# meta: !!omap
# - __serialized_columns__:
#     ra_dec_obj:
#       __class__: astropy.coordinates.sky_coordinate.SkyCoord
#       dec: !astropy.table.SerializedColumn
#         __class__: astropy.coordinates.angles.Latitude
#         unit: &id001 !astropy.units.Unit {unit: deg}
#         value: !astropy.table.SerializedColumn {name: ra_dec_obj.dec}
#       frame: icrs
#       ra: !astropy.table.SerializedColumn
#         __class__: astropy.coordinates.angles.Longitude
#         unit: *id001
#         value: !astropy.table.SerializedColumn {name: ra_dec_obj.ra}
#         wrap_angle: !astropy.coordinates.Angle
#           unit: *id001
#           value: 360.0
#       representation_type: spherical
# schema: astropy-2.0
ra_dec_obj.ra ra_dec_obj.dec "H-alpha flux [Error]" "H-alpha flux" ra_dec_deg RM RM_uncert pol_int pol_int_uncert ra_dec_pix_offsets interpolation_raw interpolation_cor interpolation_unc "pixel location x" "pixel location y" "B_virtual [raw]" "B_virtual_unc [raw]" "B_virtual [int]" "B_virtual_unc [int]" "B_virtual [cor]" "B_virtual_unc [cor]"
[from data line 511]
120.10778845932175 -56.48959730697596 6.78125 55.796875 [120.10778845932175,-56.48959730697596] -146.3133634593195 2.1549340731423086 0.00020696392465181462 1.6574381943762263e-05 [-1382.38671875,1391.416992188] 68.43291593262626 65.25652270517227 26.78590398225024 43.2540022787515 35.9698449143184 -5.174015079411792e-06 6.186895613605207e-07 -7.593978168169389e-06 1.2823297337083336e-06 -7.481652772399523e-06 1.2745195681598416e-06
120.10267668261665 -56.48834985476988 6.71875 55.09375 [120.10267668261665,-56.48834985476988] -143.5748651185724 2.787195280722287 0.00016038041210107758 1.6612210523858833e-05 [-1387.510742188,1389.274414062] 68.36383064139793 65.57357263570209 26.8806201261503 43.231655205556194 36.000215154562284 -5.109470360185858e-06 6.167860540871818e-07 -7.542368110655718e-06 1.288138853259293e-06 -7.443069806836313e-06 1.281294714923322e-06
119.09649620237262 -57.57516866284646 3.265625 20.59375 [119.09649620237262,-57.57516866284646] -130.34526183772087 2.396004786122016 0.0002093207432645568 1.8638401058471915e-05 [-2318.053710938,3371.218261719] 55.91641777305532 56.48964605121431 17.46075030307988 31.231542933200444 27.421519539828296 -7.5871062309026835e-06 1.006782477399156e-06 -1.0841875876644672e-05 1.7057276825912926e-06 -1.0875242212939767e-05 1.708780737036588e-06
117.80062883178368 -57.97496410723292 3.484375 22.859375 [117.80062883178368,-57.97496410723292] -102.44570837103767 0.3590793353870166 0.0017898583687423967 2.3884589553817563e-05 [-3527.676757812,4144.354736328] 48.11851613927067 53.47664964655656 15.607874769658823 21.661579591061127 26.972910045125445 -5.6599191554369326e-06 7.716938462001212e-07 -8.31837030540091e-06 1.3623236583204373e-06 -8.614396395292728e-06 1.3876752060270321e-06
118.3959046460242 -56.494491453244535 7.5625 63.46875 [118.3959046460242,-56.494491453244535] -181.70439119337726 0.858501107704501 0.0005463120208161164 1.742971635733485e-05 [-3081.81640625,1455.359863281] 70.01177711532905 67.54669866873186 24.856251506461497 33.2481245471439 41.470260985746336 -6.024681389822365e-06 6.91023257098896e-07 -8.346026778807591e-06 1.2431193974937797e-06 -8.26429340877659e-06 1.2367418698728606e-06
118.42591840344772 -56.49267193275029 7.65625 64.65625 [118.42591840344772,-56.49267193275029] -163.86545420499496 0.8115091396077901 0.0005785862512363144 1.7448987358991624e-05 [-3052.18359375,1450.760253906] 71.1298091331418 68.04594101168973 25.524741214027596 33.43427462198645 41.3947127998174 -5.383079380990912e-06 6.244107620133458e-07 -7.71973667569704e-06 1.2034533176272691e-06 -7.618429740816695e-06 1.1959375065773459e-06
118.4177168581083 -56.49311060976614 7.65625 64.65625 [118.4177168581083,-56.49311060976614] -168.37931557595658 0.5689211323071222 0.000824791264354968 1.7438327169768655e-05 [-3060.286132812,1451.910644531] 71.1298091331418 68.04594101168973 25.524741214027596 33.383736288600176 41.416006545154005 -5.53136245988976e-06 6.389914595467744e-07 -7.86801975459589e-06 1.2143984041034957e-06 -7.766712819715543e-06 1.2068062965784913e-06
118.4033582493044 -56.49428937933538 7.65625 64.65625 [118.4033582493044,-56.49428937933538] -180.52481184395688 0.9186944319917375 0.000512224590657162 1.748800269117029e-05 [-3074.4375,1454.665527344] 71.1298091331418 68.04594101168973 25.524741214027596 33.292960653968066 41.4487673265312 -5.930349365637351e-06 6.796649520939775e-07 -8.26700666034348e-06 1.2450049713571702e-06 -8.165699725463134e-06 1.2372215402249925e-06
120.95214069349052 -57.47184377416486 3.421875 22.273438 [120.95214069349052,-57.47184377416486] -130.44979026471688 1.9959560469110469 0.00023274983504884052 1.726430335361491e-05 [-529.2568359375,3147.219970703] 61.78605133715946 53.78163103819459 20.01681831785615 42.31078274800893 22.613709368534728 -7.301269775890976e-06 9.551591204870754e-07 -1.0759432708036873e-05 1.7441110309127008e-06 -1.0311425609798039e-05 1.7058016919193993e-06
116.74308759501005 -56.30953216809647 6.3125 51.265625 [116.74308759501005,-56.30953216809647] -235.4614436066981 0.5980329022584898 0.0009666486745689574 2.1483371641585572e-05 [-4743.18359375,1216.266601562] 59.18757461466923 68.68031474670097 23.13156393309128 24.489425465640807 48.68418382579284 -8.686709704317337e-06 9.820478608944315e-07 -1.0870274329186679e-05 1.4833872457344833e-06 -1.1220483164070155e-05 1.5140761897962895e-06
117.56687201263281 -56.21634665206062 8.1875 69.5625 [117.56687201263281,-56.21634665206062] -207.29741901434508 2.024167964256279 0.00024124726180246373 1.8147535015914984e-05 [-3932.59765625,997.3173828125] 68.50337712031434 73.86963268063938 25.005367604585658 29.89355646963361 47.15368732127922 -6.565305478100522e-06 7.427486336598248e-07 -8.734872273552341e-06 1.250076720439427e-06 -8.904826666591125e-06 1.263866285736072e-06
118.37561782867947 -58.10023500287302 3.296875 21.007812 [118.37561782867947,-58.10023500287302] -103.72121591664028 0.1721563481836011 0.00396435718311908 2.5363227769397514e-05 [-2969.385742188,4342.432739258] 48.55447053152447 52.79387270166289 15.834429746875992 24.227540415257067 23.860501245368596 -5.977585782367929e-06 8.199249219336898e-07 -8.775841762638205e-06 1.4469388380955743e-06 -9.020163909404453e-06 1.4682035673581646e-06
