data_processed/hvc_rms/hvc_rms_index_21_with_B.ecsv
# %ECSV 1.0
# ---
# datatype:
# - {name: ra_dec_obj.ra, unit: deg, datatype: float64}
# - {name: ra_dec_obj.dec, unit: deg, datatype: float64}
# - {name: 'H-alpha flux [Error]', unit: R, datatype: float32}
# - {name: H-alpha flux, unit: R, datatype: float32}
# - {name: ra_dec_deg, datatype: string, subtype: 'float64[2]'}
# - {name: RM, unit: rad / m2, datatype: float64}
# - {name: RM_uncert, unit: rad / m2, datatype: float64}
# - {name: pol_int, datatype: float64}
# - {name: pol_int_uncert, datatype: float64}
# - {name: ra_dec_pix_offsets, datatype: string, subtype: 'float64[2]'}
# - {name: interpolation_raw, unit: rad / m2, datatype: float64}
# - {name: interpolation_cor, unit: rad / m2, datatype: float64}
# - {name: interpolation_unc, unit: rad / m2, datatype: float64}
# - {name: interpolation_cor_unc, unit: rad / m2, datatype: float64}
# - {name: HI, unit: dex(1 / cm2), datatype: float64}
# - {name: 'HI [Error]', unit: dex(1 / cm2), datatype: float64}
# - {name: pixel location x, datatype: float64}
# - {name: pixel location y, datatype: float64}
# - {name: 'B_virtual [raw]', unit: G, datatype: float64}
# - {name: 'B_virtual_unc [raw]', unit: G, datatype: float64}
# - {name: 'B_virtual [int]', unit: G, datatype: float64}
# - {name: 'B_virtual_unc [int]', unit: G, datatype: float64}
# meta: !!omap
# - __serialized_columns__:
#     ra_dec_obj:
#       __class__: astropy.coordinates.sky_coordinate.SkyCoord
#       dec: !astropy.table.SerializedColumn
#         __class__: astropy.coordinates.angles.Latitude
#         unit: &id001 !astropy.units.Unit {unit: deg}
#         value: !astropy.table.SerializedColumn {name: ra_dec_obj.dec}
#       frame: icrs
#       ra: !astropy.table.SerializedColumn
#         __class__: astropy.coordinates.angles.Longitude
#         unit: *id001
#         value: !astropy.table.SerializedColumn {name: ra_dec_obj.ra}
#         wrap_angle: !astropy.coordinates.Angle
#           unit: *id001
#           value: 360.0
#       representation_type: spherical
# schema: astropy-2.0
ra_dec_obj.ra ra_dec_obj.dec "H-alpha flux [Error]" "H-alpha flux" ra_dec_deg RM RM_uncert pol_int pol_int_uncert ra_dec_pix_offsets interpolation_raw interpolation_cor interpolation_unc interpolation_cor_unc HI "HI [Error]" "pixel location x" "pixel location y" "B_virtual [raw]" "B_virtual_unc [raw]" "B_virtual [int]" "B_virtual_unc [int]"
[from data line 758]
171.81954980402148 -67.36124394907428 4.25 30.351562 [171.81954980402148,-67.36124394907428] -79.1636363960298 0.5567266129052276 0.0010093077941243935 2.0882106786120102e-05 [-870.109375,-3793.361328125] 16.794901672485057 -12.70636400998897 23.078498604973028 11.439886543659936 0.0 0.0 28.35902765210301 78.63090383145118 -6.684929553701301e-06 6.388406412443945e-07 -8.103165749676925e-06 2.0573409740409743e-06
175.60459923433268 -68.95644376525512 3.296875 20.898438 [175.60459923433268,-68.95644376525512] -80.87189045600012 1.5009491657863372 0.0003350983495796684 1.8691621401482924e-05 [1634.206054688,-898.0595703125] 9.8544562809957 10.315201546857079 24.051124151499664 21.075347942010605 0.0 0.0 15.030873746621182 56.726929033450915 -6.8291821243335715e-06 6.514878615747672e-07 -7.661336242405257e-06 2.1364868705851153e-06
171.9557646617508 -68.81671914257777 3.3125 21.179688 [171.9557646617508,-68.81671914257777] -22.116678033132764 2.222683900943366 0.00021787736775717018 1.7996934118745685e-05 [-728.1948242188,-1176.612792969] 0.2469322966322746 8.238688359716946 20.208404382635116 20.0384333577491 0.0 0.0 12.01076595125869 72.41386085850354 -1.8676306615546078e-06 6.237393126264727e-07 -1.888482722963995e-06 1.8169340917597869e-06
180.6947021554498 -69.80892945941555 3.65625 24.632812 [180.6947021554498,-69.80892945941555] 2.2765119549929675 3.0769036588988663 0.00022919472841917082 2.620759844588798e-05 [4719.791748047,896.8681640625] 30.366160068162806 42.21386092396927 22.4900698773357 29.523483622576023 0.0 0.0 9.974371237169862 33.28151381289899 1.922387947308853e-07 6.457316667691754e-07 -2.372014821115726e-06 2.007697719189498e-06
172.22290074437444 -67.41418443420578 3.984375 27.90625 [172.22290074437444,-67.41418443420578] -98.10885079679569 0.20995398357144615 0.0026361077046529262 2.056818513601143e-05 [-589.3823242188,-3702.962890625] 17.61615920727825 -9.464988779830037 22.56407223695654 12.767729214181127 0.0 0.0 28.34899988315385 76.65432865763546 -8.284747720407435e-06 6.606795687108947e-07 -9.7723345553314e-06 2.025103782837702e-06
172.23042328695303 -67.4429093488799 4.03125 28.34375 [172.23042328695303,-67.4429093488799] -123.16803846151986 2.851789041461032 0.000192446794994479 2.039561389068649e-05 [-583.4770507812,-3651.368164062] 16.940525306379644 -9.807309646629214 22.569613032112454 12.860795343005659 0.0 0.0 28.032798499331307 76.51205221057421 -1.0400856982665415e-05 7.376745274176867e-07 -1.1831390285977914e-05 2.053470987298143e-06
172.22398364932224 -67.4173810825992 3.984375 27.90625 [172.22398364932224,-67.4173810825992] -104.79113059232354 2.3278517075626004 0.00023814330162654122 2.0601668008339177e-05 [-588.5546875,-3697.223632812] 17.61615920727825 -9.464988779830037 22.56407223695654 12.767729214181127 0.0 0.0 28.31416985248461 76.63741192979637 -8.849029147144236e-06 6.97887643212677e-07 -1.0336615982068203e-05 2.038067069742046e-06
176.89489783647684 -68.84172068415464 3.625 24.296875 [176.89489783647684,-68.84172068415464] -87.75676929315355 1.6326797317040873 0.0003135847910489708 1.9026753672619536e-05 [2479.709472656,-1060.922851562] 12.086504861839485 1.74308640352654 24.23212880250776 17.327157230888268 0.0 0.0 17.78966532031893 51.655841895079675 -7.410571915245804e-06 6.616994153048643e-07 -8.43121014297529e-06 2.155342736781363e-06
173.56311073869225 -69.94766247240368 2.984375 17.851562 [173.56311073869225,-69.94766247240368] -59.567689378037606 0.4593984830696357 0.0010598999479796902 1.8095189302328636e-05 [301.0610351562,853.5600585938] 12.48251473803722 33.03349805911075 20.359311018711626 27.753698316809547 0.0 0.0 1.1984272313713973 61.67147312132602 -5.030160630530527e-06 6.187929376643504e-07 -6.08423969354085e-06 1.8312481558080445e-06
171.85316439639197 -69.3904114131356 3.09375 18.929688 [171.85316439639197,-69.3904114131356] -75.7048302898221 1.0720255439319102 0.0004617755588823283 1.8396905584564095e-05 [-774.3120117188,-142.919921875] 8.191651370345308 18.101491520161744 18.882531623214888 24.670443007173237 0.0 0.0 5.34981415853224 70.60466817487668 -6.392852582347443e-06 6.39744776536132e-07 -7.0845920580997895e-06 1.7215020103470693e-06
171.8494722575799 -69.39361573688157 3.09375 18.929688 [171.8494722575799,-69.39361573688157] -71.91512842919919 0.5396004968648402 0.000915593154098918 1.8360460976910083e-05 [-776.53515625,-137.1064453125] 8.191651370345308 18.101491520161744 18.882531623214888 24.670443007173237 0.0 0.0 5.308388895892676 70.60707307478924 -6.072833301764402e-06 6.309606840611821e-07 -6.76457277751675e-06 1.7180941378724422e-06
171.85633880319514 -69.39371482993171 3.09375 18.929688 [171.85633880319514,-69.39371482993171] -73.59303884242341 1.0344791730079053 0.00047813647334954575 1.8381558410600717e-05 [-772.1826171875,-137.0151367188] 8.191651370345308 18.101491520161744 18.882531623214888 24.670443007173237 0.0 0.0 5.316599849998852 70.5789797093837 -6.214523519905875e-06 6.370770288642419e-07 -6.906262995658224e-06 1.720421761472673e-06
176.79277035755453 -69.83731076777647 3.09375 18.875 [176.79277035755453,-69.83731076777647] -38.754267008888895 2.681168194313427 0.00019304944417776107 1.9235404239191716e-05 [2304.830566406,723.7280273438] 21.127335961592753 36.810192093700465 23.540293203748583 28.627877558414237 18.905433654785156 9.452716827392578 6.107235599072055 49.09799872482358 -3.272582673738134e-06 6.435938590512531e-07 -5.056668890471236e-06 2.0939281480483508e-06
174.59387229836116 -68.90118399325254 3.421875 22.289062 [174.59387229836116,-68.90118399325254] 5.224572349547482 0.15831382427584312 0.0030857428496744847 1.8154624659133734e-05 [983.8056640625,-1019.081542969] 10.868571656862796 10.529910434646766 22.645642792138194 18.752781191507367 0.0 0.0 14.47617135902783 61.134869914891624 4.4118612654701395e-07 5.914703419534958e-07 -4.766044043478784e-07 2.001690524233829e-06
174.58909631610186 -68.90444954862778 3.421875 22.289062 [174.58909631610186,-68.90444954862778] -4.491748735618311 1.6002859030785348 0.0003069190513832037 1.8252826678967343e-05 [980.5673828125,-1013.282226562] 10.868571656862796 10.529910434646766 22.645642792138194 18.752781191507367 0.0 0.0 14.432766286490846 61.143719689626096 -3.793032412043316e-07 6.065111641624147e-07 -1.2970937720992239e-06 2.006660797870811e-06
174.5968169198704 -68.90383902955361 3.421875 22.289062 [174.5968169198704,-68.90383902955361] 6.071748675448079 0.6101284565437717 0.0008040192029465876 1.8230408726341434e-05 [985.5947265625,-1014.256835938] 10.868571656862796 10.529910434646766 22.645642792138194 18.752781191507367 0.0 0.0 14.449168572863982 61.11355348893926 5.127254634955755e-07 5.936322318488514e-07 -4.050650673993169e-07 2.002288941785756e-06
166.97029112256982 -68.44017783278355 4.21875 30.234375 [166.97029112256982,-68.44017783278355] -23.385289739098106 0.6105396463021908 0.00090349563041898 2.0499753100849885e-05 [-4030.592773438,-1659.596679688] 28.146515418362128 24.9412813536575 29.267076687253557 25.276836592454494 0.0 0.0 8.464189958784118 94.56780246713402 -1.974757876415653e-06 5.974951179463648e-07 -4.351574825710755e-06 2.5463769856304243e-06
166.92558344808896 -68.4310074326733 4.25 30.507812 [166.92558344808896,-68.4310074326733] -23.19397597245569 1.5214591231546413 0.000360619768285389 2.03900608513197e-05 [-4061.640625,-1673.061035156] 29.27663900110664 25.244169361608563 29.411623074987972 25.427928050285022 0.0 0.0 8.488074326458673 94.79426728347357 -1.958602491053366e-06 6.089078639053034e-07 -4.430852102130571e-06 2.5611027267907847e-06
176.2681728468433 -69.7403488574008 3.09375 18.867188 [176.2681728468433,-69.7403488574008] -61.34801774131074 1.4637954566902178 0.0003486655036333901 1.8966975323883198e-05 [1989.061035156,531.0751953125] 19.300401417477644 35.68203911554542 23.816295162019 28.63410944716385 18.617883682250977 9.308941841125488 6.68401560096072 51.517593516153056 -5.180499475898854e-06 6.313633292516769e-07 -6.810311214062836e-06 2.1137799183463986e-06
177.56665067030409 -70.27883137461147 3.03125 18.257812 [177.56665067030409,-70.27883137461147] -82.65067050122113 0.3295531115312377 0.0016602783668375341 2.0333635248711242e-05 [2725.258300781,1548.446289062] 19.649087422238118 43.24873464261363 20.446660657204138 29.73547025508034 18.494260787963867 9.247130393981934 1.7366363060818912 44.69796017211934 -6.979390222839119e-06 6.416917275702116e-07 -8.638646558097207e-06 1.8508648571263399e-06
168.72319030940085 -67.37924183340449 4.9375 37.21875 [168.72319030940085,-67.37924183340449] -53.18550617739259 0.41893471971819074 0.0013713171961416014 2.134975913477064e-05 [-3010.336914062,-3662.739257812] 25.338605675857917 2.9256365547077365 31.028018327428974 20.926922215523405 0.0 0.0 23.24245430373935 92.05492941545026 -4.491220695006449e-06 6.133221779483677e-07 -6.630925256893163e-06 2.6965540060446606e-06
168.6287840056217 -67.8533703910402 5.03125 38.234375 [168.6287840056217,-67.8533703910402] -92.97158749857219 1.0884145526923967 0.0004860280748999077 1.9659134756087192e-05 [-3014.302734375,-2807.288085938] 22.426631787649256 9.322482195606195 29.007195616483532 20.191898511082183 0.0 0.0 17.79145580102943 90.35786097030291 -7.850934358479032e-06 6.601374757037718e-07 -9.74473889364756e-06 2.545180092931835e-06
172.14015184189805 -67.30848708935025 4.25 30.5625 [172.14015184189805,-67.30848708935025] -25.76874334502649 0.23596750942246575 0.002488248318232822 2.181999421266343e-05 [-649.4521484375,-3892.229492188] 18.374889814818737 -10.433535792002907 23.141603999529366 12.194719796314885 0.0 0.0 29.431705259966066 77.4214814649813 -2.176027299796331e-06 5.964859758527576e-07 -3.727684721830157e-06 2.0460194525791895e-06
172.0809780912697 -67.3300706232857 4.15625 29.601562 [172.0809780912697,-67.3300706232857] -36.25636831862017 1.2284194023255992 0.0004718154221733 2.1539097540654297e-05 [-689.9125976562,-3852.762695312] 17.79050942784052 -10.751715980262926 22.98150075055537 12.162110781271265 0.0 0.0 29.099286653638615 77.59999492731095 -3.0616489984179003e-06 6.099370058574002e-07 -4.5639587414243135e-06 2.0378095108211453e-06
172.13752780661045 -67.31021128118616 4.25 30.5625 [172.13752780661045,-67.31021128118616] -26.196870201192667 0.2764141606947125 0.0021234079790143474 2.1812348922516064e-05 [-651.2270507812,-3889.100585938] 18.374889814818737 -10.433535792002907 23.141603999529366 12.194719796314885 0.0 0.0 29.40823432528748 77.42648118947682 -2.2121802357125247e-06 5.967778991689304e-07 -3.7638376577463508e-06 2.046139237000193e-06
180.39349349899382 -68.5804444079349 4.15625 29.601562 [180.39349349899382,-68.5804444079349] -118.32868677635588 0.711883587830561 0.0009815302548385832 2.596697588644517e-05 [4797.486816406,-1321.349609375] 24.95466074993614 12.22748004699229 21.380184016310363 17.26527986211039 0.0 0.0 24.19891636364423 37.38804206910186 -9.992200602366424e-06 6.922779614758764e-07 -1.2099483147034928e-05 1.948770704452839e-06
180.1506804079827 -68.84736623656757 3.96875 27.71875 [180.1506804079827,-68.84736623656757] -150.00529175162646 3.0436484821724052 0.00020878666379164107 2.3615978852785485e-05 [4584.0,-862.8466796875] 28.024018650467045 15.505311040966166 22.8480630893731 18.41426784563897 0.0 0.0 20.851030471247896 37.802963728257964 -1.2667114014640244e-05 7.863326627742515e-07 -1.5033586792024923e-05 2.1032700012402784e-06
174.88996864331835 -68.14186109796738 3.90625 27.054688 [174.88996864331835,-68.14186109796738] -61.58482879940441 0.03853438254676435 0.012878378307253552 1.844243604847668e-05 [1215.822265625,-2379.846679688] 7.402693480528036 -11.564224703196611 27.014148178012128 14.103920473325537 0.0 0.0 23.589714575862786 62.432486361194606 -5.2004968549097695e-06 6.193653177684736e-07 -5.825613217394801e-06 2.365623982869959e-06
170.20066856987918 -68.31655901287398 4.34375 31.351562 [170.20066856987918,-68.31655901287398] -77.44806350674604 2.0098474333591536 0.0002410911890234052 1.800748798046997e-05 [-1911.08203125,-2038.510742188] 10.191672433105555 2.141664538869321 21.4701581046024 16.224580849437096 0.0 0.0 15.109394703589828 81.73831495456739 -6.540058948569814e-06 6.574877446384999e-07 -7.400689098363274e-06 1.9324999361995037e-06
171.49800082953638 -67.05539702569763 4.53125 33.265625 [171.49800082953638,-67.05539702569763] -21.072667202298554 1.4906238544265293 0.0004447452382602164 2.4637014383300257e-05 [-1106.8125,-4338.110351562] 23.800651581764203 -12.914225701705277 24.442159554835673 11.297798020224874 0.0 0.0 31.3484471014076 81.24520428792493 -1.7794697435478413e-06 6.07667641644353e-07 -3.7893026213647395e-06 2.154883871091366e-06
168.7777704294374 -67.43270088062275 4.84375 36.46875 [168.7777704294374,-67.43270088062275] -37.100656751602926 2.3115744246410785 0.00024477956182457296 2.1027698286133625e-05 [-2965.997070312,-3569.479492188] 24.11240533140412 2.060111168920592 30.921183805570603 20.857452511918158 0.0 0.0 22.737410002730257 91.58331439602648 -3.1329444688439866e-06 6.323952853839568e-07 -5.169103219868871e-06 2.690586137452677e-06
168.78074611456006 -67.43383049413434 4.84375 36.46875 [168.78074611456006,-67.43383049413434] -33.31402911941652 3.276766255734667 0.00017233552384899751 2.0985966457859532e-05 [-2963.806640625,-3567.596679688] 24.11240533140412 2.060111168920592 30.921183805570603 20.857452511918158 0.0 0.0 22.72979758591373 91.56549953840977 -2.813184789783382e-06 6.602898935893878e-07 -4.849343540808267e-06 2.6969735850406787e-06
180.5464936539134 -70.28791056387672 3.28125 20.757812 [180.5464936539134,-70.28791056387672] -66.28210274869225 2.518870204779468 0.00025865220918672014 2.421200107658194e-05 [4523.156738281,1741.227050781] 28.154985912087703 49.48601277843052 20.265696652539248 31.77247358966008 0.0 0.0 4.216164669022419 32.77893343802339 -5.597155559271667e-06 6.589845165476854e-07 -7.974687794731205e-06 1.844908739962827e-06
168.01020821034052 -67.66285730603438 5.0 38.140625 [168.01020821034052,-67.66285730603438] -24.223323551680284 2.0322197951514407 0.0002668297200376714 2.0151787786605888e-05 [-3460.627929688,-3116.293945312] 26.197867401152756 8.54824024286074 31.086222248851048 21.02651589059123 0.0 0.0 18.867821077576536 93.8398490624138 -2.045525178876414e-06 6.197998677423813e-07 -4.257789622588819e-06 2.700502669968867e-06
170.42916911741025 -68.70515447426385 4.1875 29.8125 [170.42916911741025,-68.70515447426385] -50.306157066969774 2.931521155567111 0.0001653444740547231 1.801322280556032e-05 [-1729.225585938,-1346.647949219] 14.334553379971466 12.361739179131678 21.52679173654331 20.555830047518956 0.0 0.0 11.075954908331482 79.17217072393828 -4.248075649629853e-06 6.584129474968999e-07 -5.4585490928847404e-06 1.9372206541726368e-06
166.7093809713045 -68.45734415575012 4.21875 30.25 [166.7093809713045,-68.45734415575012] 19.096668999575076 0.13042313313696735 0.004243690327736109 2.0568708198706574e-05 [-4198.962890625,-1611.309082031] 29.102571313728284 25.401566376382764 29.485760088001868 25.958430088640082 0.0 0.0 7.82195809714176 95.55225140429638 1.6126076666548032e-06 5.939875590288846e-07 -8.449428946986271e-07 2.5593127357473244e-06
173.50376863546342 -67.62902076326142 4.03125 28.203125 [173.50376863546342,-67.62902076326142] -140.0031147351424 0.5871081653929261 0.0008730947793746331 1.9049703262738873e-05 [293.4208984375,-3319.583007812] 10.16399748812293 -14.87678501708982 23.99743723086259 13.053179204873615 0.0 0.0 27.692430264347195 70.23768864396811 -1.182248570064582e-05 7.270273220035421e-07 -1.2680778854994986e-05 2.159087075526129e-06
