data_processed/hvc_rms/hvc_rms_index_5_with_B.ecsv
# %ECSV 1.0
# ---
# datatype:
# - {name: ra_dec_obj.ra, unit: deg, datatype: float64}
# - {name: ra_dec_obj.dec, unit: deg, datatype: float64}
# - {name: 'H-alpha flux [Error]', unit: R, datatype: float32}
# - {name: H-alpha flux, unit: R, datatype: float32}
# - {name: ra_dec_deg, datatype: string, subtype: 'float64[2]'}
# - {name: RM, unit: rad / m2, datatype: float64}
# - {name: RM_uncert, unit: rad / m2, datatype: float64}
# - {name: pol_int, datatype: float64}
# - {name: pol_int_uncert, datatype: float64}
# - {name: ra_dec_pix_offsets, datatype: string, subtype: 'float64[2]'}
# - {name: interpolation_raw, unit: rad / m2, datatype: float64}
# - {name: interpolation_cor, unit: rad / m2, datatype: float64}
# - {name: interpolation_unc, unit: rad / m2, datatype: float64}
# - {name: pixel location x, datatype: float64}
# - {name: pixel location y, datatype: float64}
# - {name: 'B_virtual [raw]', unit: G, datatype: float64}
# - {name: 'B_virtual_unc [raw]', unit: G, datatype: float64}
# - {name: 'B_virtual [int]', unit: G, datatype: float64}
# - {name: 'B_virtual_unc [int]', unit: G, datatype: float64}
# - {name: 'B_virtual [cor]', unit: G, datatype: float64}
# - {name: 'B_virtual_unc [cor]', unit: G, datatype: float64}
# meta: !!omap
# - __serialized_columns__:
#     ra_dec_obj:
#       __class__: astropy.coordinates.sky_coordinate.SkyCoord
#       dec: !astropy.table.SerializedColumn
#         __class__: astropy.coordinates.angles.Latitude
#         unit: &id001 !astropy.units.Unit {unit: deg}
#         value: !astropy.table.SerializedColumn {name: ra_dec_obj.dec}
#       frame: icrs
#       ra: !astropy.table.SerializedColumn
#         __class__: astropy.coordinates.angles.Longitude
#         unit: *id001
#         value: !astropy.table.SerializedColumn {name: ra_dec_obj.ra}
#         wrap_angle: !astropy.coordinates.Angle
#           unit: *id001
#           value: 360.0
#       representation_type: spherical
# schema: astropy-2.0
ra_dec_obj.ra ra_dec_obj.dec "H-alpha flux [Error]" "H-alpha flux" ra_dec_deg RM RM_uncert pol_int pol_int_uncert ra_dec_pix_offsets interpolation_raw interpolation_cor interpolation_unc "pixel location x" "pixel location y" "B_virtual [raw]" "B_virtual_unc [raw]" "B_virtual [int]" "B_virtual_unc [int]" "B_virtual [cor]" "B_virtual_unc [cor]"
[from data line 469]
152.056259165383 -7.425497190878889 0.35742188 1.1611328 [152.056259165383,-7.425497190878889] -5.998030783529247 0.17950112848463223 0.00405595282465252 2.7056323404945554e-05 [2871.636230469,-3447.008789062] -2.1118246957681066 -0.4888714476102778 5.74978668939556 33.29718192472137 36.28676551403805 -1.470335271588818e-06 1.7364212272950193e-06 -9.526503096965194e-07 2.2275375143655923e-06 -1.350495117605625e-06 2.2340660351616262e-06
152.05308528148782 -7.421261057760932 0.35742188 1.1611328 [152.05308528148782,-7.421261057760932] -4.825804174649591 0.699429764726058 0.0010397841632845159 2.7026886122446794e-05 [2866.000976562,-3454.655273438] -2.1118246957681066 -0.4888714476102778 5.74978668939556 33.30404652871698 36.36614494530954 -1.1829799392247917e-06 1.7373492804439064e-06 -6.652949773324931e-07 2.230382236574326e-06 -1.0631397852415986e-06 2.2352772264473933e-06
150.6479186078032 -7.591379861672472 0.34765625 1.0737305 [150.6479186078032,-7.591379861672472] 2.0161336576030138 1.8700012447043237 0.00034229048824066223 2.378731532715796e-05 [358.1225585938,-3155.015625] -1.9861446516608985 -0.7729809240805574 5.481310084555501 19.587736019845806 48.5960060799523 5.139493433677692e-07 1.8494557050881405e-06 1.0202539406374416e-06 2.323692192761334e-06 7.109963183383339e-07 2.3197362603065186e-06
151.8634186641628 -9.745548312861464 0.34375 1.0375977 [151.8634186641628,-9.745548312861464] -19.838708451626786 0.7493929775407105 0.0008068795583171179 2.247123985234934e-05 [2512.153320312,726.9252929688] -4.562401326272749 -8.493703586437011 5.59607472489096 12.50319803904199 13.031641118898733 -5.144551726814708e-06 2.0672254771171708e-06 -3.9614349085636935e-06 2.4487613942621013e-06 -2.9419739955474448e-06 2.3971478755013592e-06
150.1249542506222 -7.916920358751025 0.40625 1.6601562 [150.1249542506222,-7.916920358751025] 7.220288896398502 0.13546475980201772 0.004552444722739533 2.2918158338756362e-05 [-574.513671875,-2569.107421875] -0.9923988892461949 -1.7364871872486427 5.3413153155336195 12.351948332937354 50.14629137014799 1.480228380266935e-06 1.4528376866558786e-06 1.6836796578384365e-06 1.8233645372097855e-06 1.8362248858662426e-06 1.8267582430315777e-06
149.81402600288052 -8.52003759683055 0.375 1.3344727 [149.81402600288052,-8.52003759683055] 5.328737318022657 2.6619193517762243 0.0002240992484555915 2.21688924649604e-05 [-1127.113769531,-1482.961425781] -3.283307136129349 -3.3782693199965483 6.1125335459709325 4.767246203903142 46.56900820686542 1.2184791624148264e-06 1.7244865329219499e-06 1.9692463874477983e-06 2.2347394861222767e-06 1.990960620173859e-06 2.2352750955583544e-06
151.6002501600351 -9.050560981759494 0.3828125 1.4248047 [151.6002501600351,-9.050560981759494] -14.232044461928972 0.35051261051277005 0.0017250608136819808 2.2470708214855914e-05 [2049.512207031,-525.7358398438] -2.976982686428729 -5.779162162830279 5.627776867341056 16.01201515758021 23.13752772992575 -3.1494756750182676e-06 1.632472894294212e-06 -2.490685254503587e-06 2.0294896244031994e-06 -1.8705778538015845e-06 2.011992850430945e-06
152.65977480841372 -8.110899182124353 0.34179688 1.0107422 [152.65977480841372,-8.110899182124353] -5.415776064712555 0.46573959937185816 0.0015688722395012567 2.715435221385389e-05 [3941.814208984,-2207.94921875] -3.5375468300338624 -2.67713900519733 5.4790516368797615 32.89295214838398 22.536551098660766 -1.4229483492227255e-06 1.8632978652976018e-06 -4.934884967570681e-07 2.3407047602531555e-06 -7.195532157152071e-07 2.3428529159059268e-06
152.66076663157426 -8.107860584192355 0.34179688 1.0107422 [152.66076663157426,-8.107860584192355] -5.775358038847504 0.7395037345540566 0.00098854238597985 2.7167168107364708e-05 [3943.610107422,-2213.40625] -3.5375468300338624 -2.67713900519733 5.4790516368797615 32.92663542100081 22.559579105978628 -1.517425404845359e-06 1.872124089307736e-06 -5.879655523797015e-07 2.346364202692148e-06 -8.140302713378404e-07 2.348840815095546e-06
150.65011599239565 -9.235293271796778 0.34765625 1.0834961 [150.65011599239565,-9.235293271796778] 3.7497404461389023 1.9390525093214366 0.000309424030472797 2.2297301784178403e-05 [360.5141601562,-196.4624023438] -4.266774249265132 -7.026186329126076 5.776570484596221 6.285406167122346 30.628226971386084 9.51559975612946e-07 1.8515545121631112e-06 2.0343260120615057e-06 2.3846434923707923e-06 2.734573436952547e-06 2.408220426619704e-06
150.63800036087514 -9.22772313989035 0.36328125 1.2260742 [150.63800036087514,-9.22772313989035] 3.356498665880955 2.1959354185120903 0.0002734106888086484 2.231226995205776e-05 [338.99609375,-210.1005859375] -4.031480604735654 -6.8293719091343235 5.753706067677635 6.24213901445296 30.829393905783945 8.007127295952476e-07 1.755626812044975e-06 1.762446417185122e-06 2.2450554375769636e-06 2.4299000367049944e-06 2.263703554477863e-06
152.20796203828272 -9.857766978961795 0.3515625 1.112793 [152.20796203828272,-9.857766978961795] -24.124428944218728 1.2306048218868457 0.000504442094320299 2.3069524107932325e-05 [3122.08984375,931.66015625] -5.4147725068722465 -9.077657931436065 5.5473481436699945 14.49128524593607 8.338805428262958 -6.040856087987778e-06 2.091295971552751e-06 -4.684974813498718e-06 2.412959959024284e-06 -3.7677732595162092e-06 2.3592632087688335e-06
150.14375293869347 -7.856578789531361 0.36523438 1.2416992 [150.14375293869347,-7.856578789531361] -9.668384575824284 0.40688024218109636 0.0015064328003928252 2.2778497169233995e-05 [-541.078125,-2677.716796875] -0.868791338569603 -1.5758848061077186 5.371913968434341 13.001694086842235 50.62714802940536 -2.2918930472658543e-06 1.7084831232476992e-06 -2.085945837287117e-06 2.1245452070149954e-06 -1.918329149172541e-06 2.1198439231579215e-06
150.76049802593616 -9.888030907955576 0.34765625 1.0820312 [150.76049802593616,-9.888030907955576] -20.476099365490377 0.8437769773984699 0.0006989317895768245 2.1916498422437395e-05 [555.5590820312,978.5932617188] -7.303381550020974 -9.45041421398469 5.356300588955006 1.8853790226044111 22.549241271608025 -5.199672142794887e-06 2.0303775823028603e-06 -3.345061608043913e-06 2.331340518023151e-06 -2.799847124893964e-06 2.306847556003655e-06
150.76123058990694 -9.883805359657229 0.34765625 1.0820312 [150.76123058990694,-9.883805359657229] -19.45543723311942 0.47892211219299013 0.0012276476633230286 2.1849793351649644e-05 [556.865234375,970.9887695312] -7.303381550020974 -9.45041421398469 5.356300588955006 1.9264662547252556 22.586984089003863 -4.9404866230254676e-06 2.000548881948121e-06 -3.0858760882744938e-06 2.3124683812774764e-06 -2.5406616051245444e-06 2.2898668841838667e-06
150.51983641097598 -8.751315238593088 0.33007812 0.88671875 [150.51983641097598,-8.751315238593088] 6.587914796309746 0.3611695135740107 0.0016527373579504016 2.218317121905796e-05 [129.22265625,-1067.693847656] -2.539175403816833 -4.469838766062078 6.019713853144356 9.093340372197872 37.14569163608007 1.848007212712902e-06 2.0029905267910765e-06 2.560283343428069e-06 2.6452995199466317e-06 3.1018628764160066e-06 2.669958369665076e-06
151.31535342810537 -8.67658031487626 0.32617188 0.8625488 [151.31535342810537,-8.67658031487626] -11.342595614093543 2.7608319112450417 0.00022047993133119168 2.2621309112025214e-05 [1544.732421875,-1200.323730469] -2.7355582266631027 -3.344853910952335 5.4200606745318325 16.625161633564858 30.048659646337683 -3.2260362147829053e-06 2.2442634602803356e-06 -2.447994732293914e-06 2.686922668583978e-06 -2.2747001875615197e-06 2.6802362825333435e-06
151.70533741868746 -9.92853363669947 0.34960938 1.0947266 [151.70533741868746,-9.92853363669947] -11.845687691077515 1.3396411157045962 0.0004458069725134256 2.21944316441606e-05 [2230.5546875,1055.222167969] -7.015085810588062 -10.087389376511577 5.511291785146206 9.633543255703216 12.68303511008753 -2.9905845450670265e-06 1.8809515766104863e-06 -1.2195428162473699e-06 2.285483696692976e-06 -4.439032922604414e-07 2.2759805100172927e-06
150.45890819551695 -8.586183554713925 0.34375 1.0332031 [150.45890819551695,-8.586183554713925] 0.1551625143332515 2.8937184698726646 0.00020842555116627217 2.2413823003059593e-05 [20.83740234375,-1364.922851562] -2.6039016378353446 -4.204873624305215 5.832092714279364 9.899682691849875 39.54102762333059 4.0322048456185506e-08 1.968407965584721e-06 7.169973940904697e-07 2.4879627987443117e-06 1.133041631919629e-06 2.493490161846897e-06
151.7720032645891 -8.893828508262493 0.36328125 1.2290039 [151.7720032645891,-8.893828508262493] -8.645375856629684 3.014026736367125 0.00020223631077672348 2.265243734474499e-05 [2355.764160156,-806.7749023438] -3.4464845404617552 -4.972756617518717 5.569630819290868 18.783431813885727 23.095059450612098 -2.0599462167685256e-06 1.8505946691064235e-06 -1.238747357631463e-06 2.2593670549646075e-06 -8.750803010416757e-07 2.2542673189335383e-06
152.6820220798498 -7.329935986274628 0.34960938 1.0849609 [152.6820220798498,-7.329935986274628] -8.394492823371655 0.5813741804926604 0.0013335086919107385 2.8811130148762473e-05 [3988.791015625,-3612.833984375] -0.9246261230699628 -0.9325535219249801 5.774555487629739 39.52468216878742 30.919840955457857 -2.1288058020551274e-06 1.8240907007240086e-06 -1.8943247563339531e-06 2.3323056164898584e-06 -1.8923144034713263e-06 2.332250033718662e-06
152.60745240526788 -7.913284550567322 0.32617188 0.8581543 [152.60745240526788,-7.913284550567322] -10.599409713157781 0.40634791922303043 0.001783536526606548 2.6933249325218e-05 [3850.512207031,-2564.130859375] -1.8948698956009824 -1.5746582787236578 5.493538774235627 34.075916859473864 25.24453576800147 -3.0223699551683427e-06 2.097953153770322e-06 -2.4820570512989832e-06 2.5930073464826552e-06 -2.5733638312364073e-06 2.596939939389044e-06
152.6207579915777 -7.9018397372285625 0.328125 0.8774414 [152.6207579915777,-7.9018397372285625] -18.703245331339964 0.27402584487015846 0.0026369691942426665 2.6853771234910836e-05 [3874.324707031,-2584.579101562] -1.8578035999168714 -1.5307921753250495 5.474423785086914 34.28517555775397 25.233002276924253 -5.27419936792655e-06 2.2583862349855153e-06 -4.750310256768148e-06 2.6939449499446912e-06 -4.842525453560596e-06 2.7010056046412845e-06
152.6086578248138 -7.911832538208552 0.32617188 0.8581543 [152.6086578248138,-7.911832538208552] 4.288675011809164 0.7322187772556543 0.0009915397829439417 2.6981103559464746e-05 [3852.673339844,-2566.73046875] -1.8948698956009824 -1.5746582787236578 5.493538774235627 34.09830209063239 25.248054567096688 1.2228947511183264e-06 2.0233131285880526e-06 1.7632076549876867e-06 2.5727260763193387e-06 1.6719008750502616e-06 2.5700293976000536e-06
152.0388946412324 -7.5469693945575544 0.39453125 1.5356445 [152.0388946412324,-7.5469693945575544] -3.3272463528355045 0.7218695024583772 0.0009607867338358309 2.5774746058581153e-05 [2839.86328125,-3228.616210938] -2.1572859315454127 -0.1471020913870551 5.828872526155255 32.154148670436825 35.117564023482146 -7.09231870573859e-07 1.5041438861421705e-06 -2.493873702444104e-07 1.9481656933550696e-06 -6.778757639390565e-07 1.9506727668512773e-06
152.56068426891264 -9.462691422711188 0.35351562 1.1074219 [152.56068426891264,-9.462691422711188] -15.611428134094188 2.6310042629747126 0.0002510814225528628 2.454962346913936e-05 [3751.657470703,223.9819335938] -5.917968918494163 -8.171877330160246 5.576006970943491 20.788461768831894 8.936726330760393 -3.918634154211391e-06 2.0097348152606797e-06 -2.433161145055574e-06 2.3835297351896745e-06 -1.867406211774992e-06 2.3663307805077945e-06
152.51115411935223 -10.246942643145704 0.35351562 1.125 [152.51115411935223,-10.246942643145704] -22.518422535524298 1.7673116345196571 0.00036849723904440034 2.4202268680532978e-05 [3655.075683594,1635.021484375] -10.865288448360234 -12.84446059594271 6.232169351814511 13.777720552403025 1.1236764720010797 -5.6080301129023e-06 2.0649241395393274e-06 -2.9021183329963993e-06 2.4326627443885827e-06 -2.4092215954584907e-06 2.414956719946255e-06
151.61569206746162 -7.404694140197188 0.34570312 1.0498047 [151.61569206746162,-7.404694140197188] -7.673210623566521 2.1914979167039497 0.0003166376616604458 2.5787683714227563e-05 [2085.597167969,-3487.526367188] -3.364753709543871 -0.8130861153223727 5.937412422822824 29.61286266206389 40.990372657831585 -1.978205931851626e-06 1.9271082721398224e-06 -1.1107495209723888e-06 2.4418146358209442e-06 -1.7685867964799317e-06 2.4554329986368437e-06
151.61074819118775 -7.41004544665372 0.34570312 1.0498047 [151.61074819118775,-7.41004544665372] -4.24144539944655 1.3991621596211787 0.0004954810908595322 2.5763439329567792e-05 [2076.749023438,-3477.928710938] -3.364753709543871 -0.8130861153223727 5.937412422822824 29.52609866688522 40.98090934826405 -1.093473496353741e-06 1.8517471324311644e-06 -2.260170854745039e-07 2.394102104675108e-06 -8.83854360982047e-07 2.3994649891102367e-06
150.07899479815802 -8.281603851490134 0.37109375 1.2915039 [150.07899479815802,-8.281603851490134] -2.2063282511479096 3.0707111146124304 0.00019823827950439667 2.2622218040643e-05 [-655.85546875,-1912.753417969] -2.535656760916928 -3.452881899915348 5.472675845333482 9.019345572147586 46.59211827182071 -5.128270185803122e-07 1.7788335473111546e-06 7.654733954953145e-08 2.185164177123832e-06 2.897421953715261e-07 2.1856776616011412e-06
151.94006334692503 -7.707312842723132 0.390625 1.4926758 [151.94006334692503,-7.707312842723132] -12.432869574767087 1.4833104941337898 0.00045186655696232027 2.4908694862116938e-05 [2662.57421875,-2940.900390625] -3.0743236927070225 -0.6245606209344907 5.97800689619886 29.98320432608898 34.351457516955406 -2.688049542371404e-06 1.6048589630068106e-06 -2.023365147060558e-06 2.041343406519086e-06 -2.5530163642953274e-06 2.0562625637295037e-06
151.46911618961045 -8.641375613781113 0.33007812 0.88671875 [151.46911618961045,-8.641375613781113] -10.063624579755885 1.8934654540729552 0.00031996333492475615 2.251470721979551e-05 [1818.470703125,-1262.955078125] -3.084582462777349 -3.617240827126515 5.632017406192249 18.245980222128082 28.886893316429678 -2.822995042352595e-06 2.1162408956494227e-06 -1.9577241917621574e-06 2.6072281469874003e-06 -1.8083056686536756e-06 2.6026115956971713e-06
152.14027406654094 -10.143346828309259 0.34765625 1.0805664 [152.14027406654094,-10.143346828309259] -22.782079998228046 2.7249335748822694 0.00022760112260697646 2.304830662706576e-05 [2999.468261719,1445.076171875] -7.244142218100855 -11.127646004435396 5.780551861142172 11.525234534427454 6.002851756776636 -5.789169640588138e-06 2.186840944758238e-06 -3.948355798990087e-06 2.5161237427693853e-06 -2.9615160450823824e-06 2.4696522526588322e-06
150.72470100247628 -8.743121118848189 0.33007812 0.8930664 [150.72470100247628,-8.743121118848189] 9.10265498392609 1.1445878826737583 0.0005247341133905866 2.2320151906637676e-05 [493.6948242188,-1082.262207031] -3.4612304503873053 -4.738940167994759 5.786814237528927 10.947361560085028 35.21078533742411 2.544338207799001e-06 2.0504164076587466e-06 3.5118076874693588e-06 2.658588621352841e-06 3.868948066702161e-06 2.679452590509085e-06
151.5816649706432 -7.882046649501476 0.35742188 1.1689453 [151.5816649706432,-7.882046649501476] -9.605775016144134 0.6859870956343758 0.0009404463103340104 2.397500222689269e-05 [2022.609863281,-2628.875] -2.410501422025069 -0.8783027833037362 5.864891415825732 25.43331761018453 36.05661468142398 -2.3468425182256356e-06 1.7681209540895308e-06 -1.75791895735271e-06 2.2590551875581116e-06 -2.132259279260652e-06 2.2691766941425554e-06
151.3618774709818 -9.52672198093878 0.29296875 0.52783203 [151.3618774709818,-9.52672198093878] -17.717406583995466 2.597808358299038 0.0002318091114697305 2.237929057542225e-05 [1623.645507812,330.107421875] -5.714508250980144 -8.125608405645487 4.918799011802849 10.032074165903168 20.4186612672479 -6.441706226639846e-06 3.301737518763549e-06 -4.3640215944106605e-06 3.491246681304187e-06 -3.4873922296259704e-06 3.4063112438856624e-06
