data_processed/hvc_rms/hvc_rms_index_3_with_B.ecsv
# %ECSV 1.0
# ---
# datatype:
# - {name: ra_dec_obj.ra, unit: deg, datatype: float64}
# - {name: ra_dec_obj.dec, unit: deg, datatype: float64}
# - {name: 'H-alpha flux [Error]', unit: R, datatype: float32}
# - {name: H-alpha flux, unit: R, datatype: float32}
# - {name: ra_dec_deg, datatype: string, subtype: 'float64[2]'}
# - {name: RM, unit: rad / m2, datatype: float64}
# - {name: RM_uncert, unit: rad / m2, datatype: float64}
# - {name: pol_int, datatype: float64}
# - {name: pol_int_uncert, datatype: float64}
# - {name: ra_dec_pix_offsets, datatype: string, subtype: 'float64[2]'}
# - {name: interpolation_raw, unit: rad / m2, datatype: float64}
# - {name: interpolation_cor, unit: rad / m2, datatype: float64}
# - {name: interpolation_unc, unit: rad / m2, datatype: float64}
# - {name: pixel location x, datatype: float64}
# - {name: pixel location y, datatype: float64}
# - {name: 'B_virtual [raw]', unit: G, datatype: float64}
# - {name: 'B_virtual_unc [raw]', unit: G, datatype: float64}
# - {name: 'B_virtual [int]', unit: G, datatype: float64}
# - {name: 'B_virtual_unc [int]', unit: G, datatype: float64}
# - {name: 'B_virtual [cor]', unit: G, datatype: float64}
# - {name: 'B_virtual_unc [cor]', unit: G, datatype: float64}
# meta: !!omap
# - __serialized_columns__:
#     ra_dec_obj:
#       __class__: astropy.coordinates.sky_coordinate.SkyCoord
#       dec: !astropy.table.SerializedColumn
#         __class__: astropy.coordinates.angles.Latitude
#         unit: &id001 !astropy.units.Unit {unit: deg}
#         value: !astropy.table.SerializedColumn {name: ra_dec_obj.dec}
#       frame: icrs
#       ra: !astropy.table.SerializedColumn
#         __class__: astropy.coordinates.angles.Longitude
#         unit: *id001
#         value: !astropy.table.SerializedColumn {name: ra_dec_obj.ra}
#         wrap_angle: !astropy.coordinates.Angle
#           unit: *id001
#           value: 360.0
#       representation_type: spherical
# schema: astropy-2.0
ra_dec_obj.ra ra_dec_obj.dec "H-alpha flux [Error]" "H-alpha flux" ra_dec_deg RM RM_uncert pol_int pol_int_uncert ra_dec_pix_offsets interpolation_raw interpolation_cor interpolation_unc "pixel location x" "pixel location y" "B_virtual [raw]" "B_virtual_unc [raw]" "B_virtual [int]" "B_virtual_unc [int]" "B_virtual [cor]" "B_virtual_unc [cor]"
[from data line 361]
358.0344543908516 -6.232405605838054 0.34960938 1.1347656 [358.0344543908516,-6.232405605838054] -36.091316799674935 2.300361998925619 0.00027051699862176823 2.3125942850702158e-05 [-3515.381835938,2806.486083984] -1.4920089786451824 -2.202561171737366 3.967226897780198 41.47715210957051 74.8920606106276 -8.949489774843386e-06 2.4264472377528314e-06 -8.579519369704835e-06 2.5785611606064683e-06 -8.403325200290979e-06 2.560026188739298e-06
358.13244606570237 -4.597693086279002 0.2890625 0.5046387 [358.13244606570237,-4.597693086279002] -6.1282010538232115 0.05197433804525705 0.010955432180392317 2.1160561355578795e-05 [-3349.186523438,-136.1181640625] -5.506375016736022 -3.231565788666291 3.545947349676966 57.620332065459706 49.20848558171019 -2.2787221563095484e-06 2.691361202041027e-06 -2.3122099872959217e-07 2.918693785254013e-06 -1.0770904706761724e-06 2.9357306758363295e-06
358.13574209734776 -4.602374950808996 0.2890625 0.5046387 [358.13574209734776,-4.602374950808996] -7.143902494742168 0.5184399810662131 0.0010984449041548598 2.116340132876947e-05 [-3343.25390625,-127.7065429688] -5.506375016736022 -3.231565788666291 3.545947349676966 57.55192296985126 49.19603195567879 -2.6564025485306242e-06 2.7291398922640224e-06 -6.089013909506678e-07 2.9298738185949252e-06 -1.4547708628972478e-06 2.95660073445385e-06
357.539092879937 -3.23759443310079 0.265625 0.26843262 [357.539092879937,-3.23759443310079] -13.772317506408276 2.278913418955931 0.0002913246735893635 2.467253634265923e-05 [-4420.203125,-2580.733398438] -7.259144885756841 -5.222942765832835 3.7877973966840686 75.2989256232579 44.68022904571808 -7.021631241934964e-06 5.153190842089251e-06 -3.320653647144127e-06 4.539238994194337e-06 -4.358783970054558e-06 4.756138782057957e-06
359.1130064469846 -2.9238468506146917 0.26953125 0.3218994 [359.1130064469846,-2.9238468506146917] -11.988958560381011 2.486381519110206 0.0002334258992917391 2.156877663246458e-05 [-1593.446289062,-3151.995117188] -7.193162010846263 -7.9214082057641 3.4807576916614202 69.56722730140928 5.294775832857795 -5.581745105059767e-06 4.204092850519609e-06 -2.2327972676199976e-06 3.937205269921333e-06 -1.8937449126311368e-06 3.904487676464426e-06
358.23239140290707 -3.611010512715514 0.25195312 0.14727783 [358.23239140290707,-3.611010512715514] -25.800689425118822 2.8838616976942077 0.00020240783131980465 2.1692541840933583e-05 [-3173.875,-1912.495117188] -8.042435094857478 -5.734301980247099 4.26723273196487 67.2956865633247 33.92093736960351 -1.7758703401215182e-05 1.6138502420787666e-05 -1.2223067623434408e-05 1.2095568817403263e-05 -1.3811763596534355e-05 1.3300375901040997e-05
358.5973816923175 -3.264916363487097 0.26757812 0.30126953 [358.5973816923175,-3.264916363487097] -11.798324893467237 2.208501362157656 0.00026270500594504097 2.156128911860559e-05 [-2519.36328125,-2536.795898438] -7.564702506873204 -7.796768836823819 3.8730710195802747 68.82675944813116 21.25609478185197 -5.6779475918429585e-06 4.370029656979475e-06 -2.0374321144558486e-06 4.099339191639482e-06 -1.9257501196651714e-06 4.088240198712326e-06
358.6230774700596 -3.483319288242845 0.25 0.13739014 [358.6230774700596,-3.483319288242845] -5.162109702292155 3.2360367951537055 0.00017802257438173755 2.1409041860166335e-05 [-2472.643554688,-2143.864257812] -7.21763170184818 -6.365162779054957 3.820032280124093 66.37567409165581 23.381595407563054 -3.6787314572976843e-06 6.443222808805513e-06 1.4648494272751552e-06 6.277565799054432e-06 8.573450495096836e-07 6.182931053764693e-06
359.8155212003965 -6.620891096099546 0.27539062 0.32592773 [359.8155212003965,-6.620891096099546] -3.8730370021730915 1.4196158810995758 0.00041889595408862074 2.2099666403478027e-05 [-328.8466796875,3500.557861328] -0.3626020530527366 -2.2941338450713564 3.838209507841889 26.542070457620525 36.8903169281748 -1.7920066687338916e-06 3.394189729518401e-06 -1.6242351507229556e-06 3.816723513592672e-06 -7.305391054161827e-07 3.764933512102328e-06
357.9209901230066 -3.542179031044382 0.3125 0.7468262 [357.9209901230066,-3.542179031044382] -7.983663566472414 0.8994701801530002 0.0006752302305426139 2.2570820699746537e-05 [-3733.249023438,-2034.837890625] -8.465699654417906 -5.463706245923586 4.29956502362478 69.8509461550525 40.077624289508094 -2.4402880718422415e-06 2.227659713413007e-06 1.4733923916218242e-07 2.5262284217072815e-06 -7.7025061736212e-07 2.532089878814749e-06
357.91827378407635 -3.5462614445364586 0.3125 0.7468262 [357.91827378407635,-3.5462614445364586] -5.152737362886934 0.9449148627539335 0.0006406498280964389 2.249686992441132e-05 [-3738.109375,-2027.4765625] -8.465699654417906 -5.463706245923586 4.29956502362478 69.82452897291296 40.19114440041767 -1.5749866485850349e-06 2.1886232735627167e-06 1.0126406624193893e-06 2.538055755346714e-06 9.505080589508688e-08 2.527647821592081e-06
357.6426694990152 -4.364016436348896 0.27929688 0.40307617 [357.6426694990152,-4.364016436348896] 27.183774276209313 1.1952124730428573 0.0005385660713869517 2.392174243980959e-05 [-4228.69921875,-554.0903320312] -4.656586155096838 -3.6463821483219094 4.14662823957782 63.0220983144153 57.21687431770306 1.131005786485131e-05 5.011964285171582e-06 1.3247473116011012e-05 5.847438844266513e-06 1.2827168501359747e-05 5.726107087602689e-06
358.4131777389091 -4.426175188387829 0.28320312 0.46032715 [358.4131777389091,-4.426175188387829] -6.496265556970592 1.1939779325847326 0.0004594843313061994 2.038805091860263e-05 [-2846.397460938,-446.0859375] -5.350910087090782 -3.468402978898869 3.483324770587329 57.71744759252465 40.40067372539215 -2.5291763357433956e-06 2.881043671037899e-06 -4.459186474182777e-07 3.082676541595181e-06 -1.1788308703182311e-06 3.1024536567003577e-06
0.4843732416634764 -7.0704393514768 0.28515625 0.42053223 [0.4843732416634764,-7.0704393514768] 3.9553300213629985 0.5040000358312964 0.00149024775477988 2.7912436410202057e-05 [866.2314453125,4309.417602539] 0.8853182035415424 -0.6934939274352709 3.5879815847800196 17.93966738023437 26.11659004243802 1.6111342070049397e-06 2.9140381654087034e-06 1.250515387815127e-06 3.2404662663386827e-06 1.8936167768048029e-06 3.2786319203656404e-06
0.4812241083043967 -7.064066387135809 0.28515625 0.42053223 [0.4812241083043967,-7.064066387135809] -11.214349461895178 0.933281503153788 0.000799174506340055 2.771806974260641e-05 [860.6181640625,4297.952392578] 0.8853182035415424 -0.6934939274352709 3.5879815847800196 18.024743362056142 26.106136025219712 -4.567968268079089e-06 3.2927461394121146e-06 -4.928587087268902e-06 3.6605413621530418e-06 -4.285485698279226e-06 3.5595537372054953e-06
359.39706423632 -5.893412148848421 0.28515625 0.41882324 [359.39706423632,-5.893412148848421] 8.47407416905273 1.575077031772243 0.00034257317092898764 2.005228411239322e-05 [-1078.528320312,2192.022705078] -1.4787886235732723 -2.8991803046633473 4.298441607987064 36.59807944537636 36.94908314506847 3.4588004581002184e-06 3.171729623045706e-06 4.0623867221109784e-06 3.7014704696844433e-06 4.642137536091081e-06 3.785048386616677e-06
0.41767919771382644 -6.0859704001179695 1.234375 9.890625 [0.41767919771382644,-6.0859704001179695] -32.16344120017182 0.46014587648947525 0.0012065778034201487 2.063286655440486e-05 [748.5786132812,2538.295410156] -0.32594375304089884 0.19193610834570807 3.8065929799294684 28.707606556567157 13.861028885241467 -2.7014645592922494e-06 6.593182475517552e-07 -2.6740879644906336e-06 7.315449102467364e-07 -2.7175856139740983e-06 7.334649485771847e-07
357.8344118180973 -2.3894588299695756 0.24804688 0.1000061 [357.8344118180973,-2.3894588299695756] -29.822106655999015 3.0320160468115747 0.00025375715146846734 2.859291868210695e-05 [-3892.7421875,-4108.298828125] -10.165535447523617 -10.003055122796207 3.752590943530127 82.42678433577532 27.645326952422693 -2.49099984253783e-05 3.1622222958458014e-05 -1.6418865491280157e-05 2.1615298368134763e-05 -1.655458308761907e-05 2.177475629116892e-05
359.32894919742984 -5.576003930743717 0.26171875 0.21264648 [359.32894919742984,-5.576003930743717] 0.41545532740484614 3.26025850403447 0.00016269823339648442 1.9712584903692134e-05 [-1201.1484375,1620.896972656] -1.1888118741033935 -2.789644731296308 4.385833030932918 40.313788889798616 34.182206520548334 2.3798186464716759e-07 4.425805472823901e-06 9.189592113117547e-07 5.11899875801412e-06 1.8359511553625337e-06 5.213567857154707e-06
359.83361807534936 -5.35454376469963 0.2734375 0.33337402 [359.83361807534936,-5.35454376469963] 3.2810662102993042 2.8835160726482894 0.00018445199502595765 1.976580181678383e-05 [-297.1801757812,1221.768066406] -1.5220823805859225 -0.25793810473963097 4.3027910165200876 39.73532140508644 18.70244198054661 1.5010589567909425e-06 3.5203782325006833e-06 2.1973982696583173e-06 4.0892564830550535e-06 1.6190633729169384e-06 4.0414006200428405e-06
359.60940550678384 -6.230322422300004 0.2890625 0.45666504 [359.60940550678384,-6.230322422300004] 9.998659204180218 1.3983106651893056 0.0003944303029904608 2.0496638734114216e-05 [-697.912109375,2798.014160156] -0.7710607287522884 -2.0418907332915923 3.94658322662309 31.831227270696445 36.4526223414623 3.908332625350644e-06 3.0723501009810355e-06 4.209729216710544e-06 3.4762118173263028e-06 4.706478457442636e-06 3.544513995072987e-06
358.6141357319397 -5.771601148290394 0.27929688 0.41674805 [358.6141357319397,-5.771601148290394] -10.20387572545535 1.6581577060173807 0.000341617876593155 2.1051116060239102e-05 [-2480.66796875,1974.791503906] -2.181629028554726 -4.7500558274602325 4.4949133675565225 42.56545668928845 54.2881110258686 -4.175197350615446e-06 3.2806743763239787e-06 -3.2825236269121946e-06 3.6529577855967598e-06 -2.2315809209668574e-06 3.5561866723141487e-06
358.55233771120106 -6.145623247700208 0.28515625 0.4868164 [358.55233771120106,-6.145623247700208] -3.238306204899741 1.8111889918810153 0.00032324204505010227 2.175706548303864e-05 [-2589.541015625,2648.082763672] -1.4295257073885639 -3.7464211184753586 3.906853229509305 39.10272164454943 61.22706123856733 -1.2259815746548586e-06 2.763035462338812e-06 -6.847813091882725e-07 3.1184896525362032e-06 1.9236584882198925e-07 3.1119816669245727e-06
358.87780783343453 -6.128238657321985 0.28710938 0.51000977 [358.87780783343453,-6.128238657321985] -0.9068339787019399 1.437575595500176 0.00039013381226131195 2.0842652424269447e-05 [-2007.274414062,2615.735839844] -1.8341161828315504 -4.014359444089205 3.9346882812613564 37.2780063632041 53.080431196825884 -3.3541862385419313e-07 2.64504530502789e-06 3.429819880358345e-07 3.0190691456650397e-06 1.149407653078966e-06 3.0364251458678046e-06
358.86627172515017 -3.5504623584541806 0.26171875 0.25012207 [358.86627172515017,-3.5504623584541806] -2.347593851698149 0.8374929048571013 0.0006565255420450014 2.043343904086375e-05 [-2035.661132812,-2023.812011719] -6.342156531749056 -5.886743687351388 3.76375903772544 64.28328332449041 18.609744408251572 -1.2399254959177602e-06 3.78128026610303e-06 2.1098028129754806e-06 4.367036234311407e-06 1.8692680217769808e-06 4.336043666494452e-06
358.8661499983111 -3.555723595338313 0.25195312 0.16009521 [358.8661499983111,-3.555723595338313] -5.027172039303569 1.6836112928745057 0.0003278579745010708 2.0513335581327028e-05 [-2035.868164062,-2014.343261719] -6.336741257698976 -5.748884155858718 3.791199396642076 64.22832386134917 18.678016923518044 -3.3188162388894046e-06 5.431430554279514e-06 8.64545624056757e-07 5.415191453031868e-06 4.7645671831002086e-07 5.384964247612126e-06
358.19827285991 -4.337282148376591 0.26757812 0.29333496 [358.19827285991,-4.337282148376591] -1.4664556593555766 0.6007612913046205 0.0009404716893262792 2.0996957634296148e-05 [-3232.288085938,-605.1611328125] -6.374221576524345 -3.8857303207509086 3.444901152046125 59.9241179907018 44.184107022645094 -7.152134228623545e-07 3.4426539425721704e-06 2.393594404189463e-06 3.9752226467533e-06 1.1799181928085612e-06 3.855521520332051e-06
358.7151486617859 -4.0841237115539935 0.28125 0.44677734 [358.7151486617859,-4.0841237115539935] -3.11519062759374 0.0502931394779755 0.010920656354304774 2.0411089686624086e-05 [-2305.666015625,-1062.8671875] -6.511258260989582 -3.8443962431389016 3.9090236349405343 59.52358749322855 28.886491900593683 -1.2310840111013323e-06 2.795585574875589e-06 1.342083058115054e-06 3.198797536856872e-06 2.8817285406266524e-07 3.1698851738220186e-06
