data_processed/hvc_rms/hvc_rms_index_16.ecsv
# %ECSV 1.0
# ---
# datatype:
# - {name: ra_dec_obj.ra, unit: deg, datatype: float64}
# - {name: ra_dec_obj.dec, unit: deg, datatype: float64}
# - {name: 'H-alpha flux [Error]', unit: R, datatype: float32}
# - {name: H-alpha flux, unit: R, datatype: float32}
# - {name: ra_dec_deg, datatype: string, subtype: 'float64[2]'}
# - {name: RM, unit: rad / m2, datatype: float64}
# - {name: RM_uncert, unit: rad / m2, datatype: float64}
# - {name: pol_int, datatype: float64}
# - {name: pol_int_uncert, datatype: float64}
# - {name: ra_dec_pix_offsets, datatype: string, subtype: 'float64[2]'}
# - {name: interpolation_raw, unit: rad / m2, datatype: float64}
# - {name: interpolation_cor, unit: rad / m2, datatype: float64}
# - {name: interpolation_unc, unit: rad / m2, datatype: float64}
# - {name: pixel location x, datatype: float64}
# - {name: pixel location y, datatype: float64}
# meta: !!omap
# - __serialized_columns__:
#     ra_dec_obj:
#       __class__: astropy.coordinates.sky_coordinate.SkyCoord
#       dec: !astropy.table.SerializedColumn
#         __class__: astropy.coordinates.angles.Latitude
#         unit: &id001 !astropy.units.Unit {unit: deg}
#         value: !astropy.table.SerializedColumn {name: ra_dec_obj.dec}
#       frame: icrs
#       ra: !astropy.table.SerializedColumn
#         __class__: astropy.coordinates.angles.Longitude
#         unit: *id001
#         value: !astropy.table.SerializedColumn {name: ra_dec_obj.ra}
#         wrap_angle: !astropy.coordinates.Angle
#           unit: *id001
#           value: 360.0
#       representation_type: spherical
# schema: astropy-2.0
ra_dec_obj.ra ra_dec_obj.dec "H-alpha flux [Error]" "H-alpha flux" ra_dec_deg RM RM_uncert pol_int pol_int_uncert ra_dec_pix_offsets interpolation_raw interpolation_cor interpolation_unc "pixel location x" "pixel location y"
[from data line 1171]
65.20125556714898 -67.19861586889677 1.28125 0.8432617 [65.20125556714898,-67.19861586889677] 42.79025583841117 2.2158754820149307 0.00027827947029868567 2.2915810558987016e-05 [2018.600097656,-4047.106445312] 33.41939268012465 35.22906589356362 7.5467367057931725 46.45110354160579 88.38481513610031
68.56477363926919 -71.02722167278333 1.34375 1.4692383 [68.56477363926919,-71.02722167278333] 16.005718246880466 0.30979242267793355 0.0017747854563777248 2.0432681028695707e-05 [3655.458007812,2982.305908203] 27.566983751673735 27.19886563413108 7.40643846998109 78.49242559673598 42.92756199893984
68.54904933420528 -71.02900692969736 1.34375 1.4692383 [68.54904933420528,-71.02900692969736] 16.255923972638506 2.4838311222267104 0.00022162244641282312 2.0457120918756284e-05 [3645.980224609,2984.563232422] 27.566983751673735 27.19886563413108 7.40643846998109 78.4450348581397 42.8722882927766
61.70132818072244 -70.83206175010567 1.25 0.4835205 [61.70132818072244,-70.83206175010567] 38.56087443689831 2.540791741116872 0.00019292869402313053 1.8216905134008475e-05 [-357.359375,2445.843505859] 25.633136905661175 23.99749074206249 6.290728684003601 53.55255584953329 29.897444893226293
67.00669878003796 -67.86981961405422 1.28125 0.7949219 [67.00669878003796,-67.86981961405422] 40.01054588576511 2.4105095064082867 0.00022018826163952245 1.972475940229153e-05 [3183.741699219,-2765.065429688] 35.65677315313417 37.14186314672621 7.864869058702403 57.29192451181882 83.28124340927775
57.92532374378416 -69.1482008673069 1.3046875 1.0219727 [57.92532374378416,-69.1482008673069] 26.996629383527022 0.30675009088068106 0.0016114530203194955 1.837008018562174e-05 [-2804.10546875,-486.134765625] 29.505370822109278 32.931864704320624 8.487552073711019 29.620458677188367 41.16326231690414
57.9478993811435 -69.14517977609948 1.3125 1.1381836 [57.9478993811435,-69.14517977609948] 28.96319144128278 0.30915380225718336 0.001595080523952067 1.8325925119353426e-05 [-2790.069335938,-492.5913085938] 29.791262306775952 33.09546887690194 8.464705236149948 29.680142254090697 41.27374796632944
55.55858669217278 -69.15800477598701 1.2890625 0.9248047 [55.55858669217278,-69.15800477598701] 29.29371305574942 0.35178763855212014 0.001628395629598571 2.128870314109043e-05 [-4311.311523438,-330.869140625] 28.75851793036864 31.97959030775922 8.235578526050702 21.443116147122282 33.307555164254154
60.77227000248293 -70.15981290371842 1.3203125 1.2216797 [60.77227000248293,-70.15981290371842] 55.76784955604097 1.0398767477508803 0.00045334242840084895 1.7519307564734656e-05 [-936.9013671875,1245.988769531] 29.4966609707347 30.52007910468369 7.548848967054388 46.17857931540016 36.259440476594364
55.119312791380295 -70.70687107542363 1.296875 0.99609375 [55.119312791380295,-70.70687107542363] 6.903484667723209 0.14561762209728976 0.004121505834556341 2.230378433167886e-05 [-4262.881835938,2469.606201172] 26.72893908521566 30.436356288553593 6.805934415162028 31.30323810112702 12.356358218350351
70.27445971330775 -69.76676168548049 1.2890625 0.8515625 [70.27445971330775,-69.76676168548049] 25.97469419216736 1.089635564059757 0.000664378034530183 2.690328040522582e-05 [4944.480224609,849.1416015625] 41.96961380016069 38.826736027474 9.934035636420743 79.03692714129511 63.57079379063771
70.26773836000767 -69.75482174754141 1.2890625 0.8515625 [70.26773836000767,-69.75482174754141] 31.769062411035353 1.0416301961779963 0.0006968013921166046 2.697312556714408e-05 [4943.12890625,827.2890625] 41.96961380016069 38.826736027474 9.934035636420743 78.95893510792439 63.724124891153
61.54724102232645 -67.32982650095657 1.2890625 0.890625 [61.54724102232645,-67.32982650095657] 32.952513570565316 0.6823005950038602 0.0008497687773001488 2.1546921186605905e-05 [-526.5595703125,-3855.546875] 30.39626598961411 31.871905250458788 8.45361947809704 32.02501765342913 76.64785314683763
68.73004895686621 -71.29578401151907 1.359375 1.612793 [68.73004895686621,-71.29578401151907] 40.862902653611464 2.5115766002264 0.0002377445108268222 2.2190425498403705e-05 [3700.411621094,3472.821533203] 24.367070453718036 25.39023208068811 6.8631123976534605 80.38424756605355 39.59071717116694
55.63760317623667 -69.67199709321196 1.2109375 0.11273193 [55.63760317623667,-69.67199709321196] 25.103092199605868 2.968615092117425 0.0001809869023196054 1.9966858541998336e-05 [-4160.453125,583.2861328125] 28.440660543869427 31.336136434555222 7.157829890076152 25.403535756386418 27.022134438086823
62.392680841539125 -70.85522460576266 1.28125 0.8391113 [62.392680841539125,-70.85522460576266] 45.52367704141188 0.2854934422268572 0.001685427299299232 1.7881949503716453e-05 [51.1708984375,2485.783691406] 25.892067633348432 23.203641112366277 6.373041704110231 56.035424334981485 31.366334013222286
62.38759640750757 -70.85564418427461 1.28125 0.8391113 [62.38759640750757,-70.85564418427461] 45.58709829292394 0.4556840748412345 0.0010570726721785308 1.7901004420456545e-05 [48.16845703125,2486.534667969] 25.892067633348432 23.203641112366277 6.373041704110231 56.02069660815482 31.347912352644016
70.83213034140638 -70.92153168580417 1.3515625 1.4902344 [70.83213034140638,-70.92153168580417] 17.483547941171214 2.9699249963824683 0.0002489460901098916 2.747637876329778e-05 [4997.896484375,2953.829101562] 32.78369953649092 32.45515211755357 9.351923824466597 86.1854012563249 48.61382675718346
64.77357471498378 -68.62268062772092 1.3359375 1.3271484 [64.77357471498378,-68.62268062772092] -11.489993316473182 2.1660384503467953 0.0002134637308780763 1.7182998831273888e-05 [1618.402832031,-1499.933105469] 36.13427916171068 33.59251470741238 6.430384671116567 52.05968411094159 67.49628197872812
64.77010359791129 -68.62158962299766 1.3359375 1.3271484 [64.77010359791129,-68.62158962299766] -6.4505995246221755 1.836805804694697 0.00025151160850366076 1.7168406239559237e-05 [1616.206054688,-1501.986816406] 36.13427916171068 33.59251470741238 6.430384671116567 52.04027852883496 67.50273131636868
66.88385003467126 -70.296722285371 1.34375 1.4677734 [66.88385003467126,-70.296722285371] 26.71056120168683 0.7881606282221286 0.0006381272321879519 1.8690921697943194e-05 [2775.174316406,1584.441894531] 29.147832538177802 27.38689628749884 7.710821109531194 68.77596264872977 49.426006914412255
66.87151340031998 -70.29992686407753 1.3515625 1.5537109 [66.87151340031998,-70.29992686407753] 36.2196308410137 0.8178791251886498 0.0006121896447937202 1.8607319129662854e-05 [2767.279296875,1589.634765625] 29.119689204834856 27.233391503718693 7.64064175185382 68.74715719573624 49.35559426275586
66.33299238481368 -69.58091738110909 1.359375 1.5571289 [66.33299238481368,-69.58091738110909] 52.51180659429514 1.5819414854521308 0.00030890906590100623 1.816058242897939e-05 [2526.775878906,275.3618164062] 32.53825552597063 31.16758876439624 7.565193756600699 63.06551107211408 58.00481739246766
67.31768804200365 -68.38317881587437 1.3203125 1.1733398 [67.31768804200365,-68.38317881587437] -5.36277385277854 0.6607236046271427 0.0008069538987740668 1.981423227747506e-05 [3318.974365234,-1827.633300781] 33.19445919768085 36.44949126502722 7.190196877648816 61.010130892851976 76.79709452804468
67.31469716464551 -68.3822935789953 1.3203125 1.1733398 [67.31469716464551,-68.3822935789953] -6.526042153358809 0.613485349372189 0.0008693517179895542 1.9820217486675215e-05 [3317.127929688,-1829.383300781] 33.19445919768085 36.44949126502722 7.190196877648816 60.993779284924585 76.80280527989635
58.22377794664533 -71.89452363658592 1.28125 0.8178711 [58.22377794664533,-71.89452363658592] 26.265403043316923 2.2099516503775996 0.00032450990040131363 2.665136312148724e-05 [-2281.530273438,4431.647705078] 21.87544296274633 23.266782953563123 6.347153624855868 49.4060303973032 6.864764675692641
66.58431250641151 -68.49083715563451 1.3203125 1.1723633 [66.58431250641151,-68.49083715563451] 37.79054872714187 1.5512639120530904 0.00032554033372619206 1.8767187668814284e-05 [2820.821533203,-1671.21875] 37.24979242124451 35.660793485069306 6.8389664737342875 58.57192665564992 73.64025682760462
64.37448886925942 -71.45191191244022 1.3515625 1.5185547 [64.37448886925942,-71.45191191244022] 34.26740548998765 1.5292250696396856 0.00035341126218267437 2.0084475620099843e-05 [1184.151855469,3579.307128906] 22.057915095716556 19.72842631811629 6.824645249035881 66.24560445649763 28.25689968650522
58.0381540429284 -70.69371036690997 1.2890625 0.91137695 [58.0381540429284,-70.69371036690997] 22.187037767314152 0.7298543921354671 0.0006921044532177253 1.8772260519477338e-05 [-2537.50390625,2283.716308594] 25.69462904297983 30.12820733508611 8.056093029669967 40.50462300270328 21.52792370429256
58.05708713806308 -70.68803402424444 1.2890625 0.91137695 [58.05708713806308,-70.68803402424444] 24.626962581511854 2.519823956755456 0.00020057432487262047 1.878253655773732e-05 [-2526.982421875,2272.7421875] 25.69462904297983 30.12820733508611 8.056093029669967 40.52718874924335 21.656279692712815
58.22108441199977 -70.04427344883207 1.34375 1.4106445 [58.22108441199977,-70.04427344883207] 69.52555713980571 1.4560683350213022 0.00033642481949791933 1.820448882609755e-05 [-2507.393554688,1110.072265625] 27.632842365513948 32.115232236449565 8.154019144481913 36.68226829576224 30.417666839642834
69.71400453879234 -68.3831099217008 1.3203125 1.2353516 [69.71400453879234,-68.3831099217008] -4.235351809482358 0.45293641850969957 0.0015578051947414812 2.622159423164227e-05 [4898.58996582,-1666.837402344] 38.63147491812162 42.13174223080776 8.631727203415167 70.82230168074011 81.82871118183448
60.01836753477184 -68.44680032551912 1.328125 1.2822266 [60.01836753477184,-68.44680032551912] 31.88930360757404 2.0839061507218144 0.00023222530216978653 1.79844183431747e-05 [-1512.428710938,-1820.755371094] 30.059080340859197 32.34066885726799 7.62197885494963 32.73716493687198 56.90031724630171
57.32928537559021 -69.41573342517827 1.28125 0.78930664 [57.32928537559021,-69.41573342517827] 24.51008878168499 0.7604254950432344 0.0006399055632110733 1.808344868852226e-05 [-3145.6328125,23.01220703125] 28.05929700866138 32.66846729862197 8.44867273363929 29.34877575542987 35.79609940329806
58.99687964598038 -69.52387238447648 1.3515625 1.4780273 [58.99687964598038,-69.52387238447648] 50.2096921424736 2.766803522053403 0.0001697267516684487 1.745168327557118e-05 [-2082.561523438,145.9482421875] 28.348317221339418 32.706793688176326 8.157431188580357 35.89349860664083 39.526465021651575
62.31327798100825 -68.3848343399125 1.28125 0.82373047 [62.31327798100825,-68.3848343399125] 31.140390065603558 1.4090276038736944 0.0003358164028224585 1.7584503471024945e-05 [4.7041015625,-1960.594726562] 32.55067297860878 32.63008912631938 6.671911747807446 41.14423647487001 64.33309195991114
60.840911811836044 -67.55899047348817 1.2890625 0.8886719 [60.840911811836044,-67.55899047348817] 32.73882590992328 2.1068033578901675 0.0002452467683490085 1.920153721590098e-05 [-1006.740234375,-3434.508789062] 28.73572647734267 31.77811266655813 7.482218150026938 30.52815395433413 71.41362715806054
61.61804214543061 -68.00260898739515 1.2890625 0.8552246 [61.61804214543061,-68.00260898739515] 29.38234221153575 0.775662679723124 0.0006283633763246125 1.8113086621300794e-05 [-463.9614257812,-2645.806640625] 30.676178367533904 33.86477231119765 7.252101585609938 36.213927277161474 67.60769736857492
53.5411460932336 -71.0340271391594 1.2734375 0.7717285 [53.5411460932336,-71.0340271391594] 6.483143160472918 1.8057237271614017 0.00040046714112808817 2.6873664766922815e-05 [-5107.545898438,3174.209716797] 26.890441484691642 29.882994726766633 6.73401443983959 28.97454756505499 3.199351684927251
53.535713207231055 -71.03471379827296 1.2734375 0.7717285 [53.535713207231055,-71.03471379827296] 3.473887732971806 2.414464030961294 0.00029759725449382313 2.6702895944196545e-05 [-5110.508789062,3175.886230469] 26.890441484691642 29.882994726766633 6.73401443983959 28.96368003279406 3.173057784149705
60.89353920345415 -67.93910209429771 1.2734375 0.7697754 [60.89353920345415,-67.93910209429771] 26.331995011797982 2.8989695660660324 0.00016785309442384145 1.8083467553078478e-05 [-954.9624023438,-2751.651367188] 28.02432898079009 32.96747456109068 7.535035712080691 33.00076640260909 66.37409457801414
61.44345836636602 -71.95029452103475 1.3359375 1.3251953 [61.44345836636602,-71.95029452103475] 37.054610901391705 0.8936792222231724 0.0008081382369208616 2.683959880831196e-05 [-480.9780273438,4459.133056641] 21.3708074761253 17.795442125110743 6.652978342246384 59.737512170692526 14.675151665912153
54.71329825479323 -70.9474868089114 1.2890625 0.8742676 [54.71329825479323,-70.9474868089114] 9.104236950436153 2.982907137839579 0.00020520956491499595 2.2748147528198133e-05 [-4448.276367188,2928.324707031] 26.00942598735427 29.879169249804335 6.736887695936369 31.848986328215005 8.083212529966659
62.228358940580115 -71.2966765881844 1.3515625 1.5112305 [62.228358940580115,-71.2966765881844] 33.79962289569097 2.6596703452365325 0.00019027056831361934 1.8806506548852098e-05 [-44.791015625,3280.079833984] 24.595167366277288 21.818576106803917 6.274878708392766 58.17881300666045 25.144804594814104
59.823311062297215 -68.07775870206493 1.3203125 1.171875 [59.823311062297215,-68.07775870206493] 25.904148729985586 0.262032502247808 0.0018861098415782849 1.8366687995421762e-05 [-1668.045898438,-2479.306640625] 28.57108786329129 32.760977669634535 7.874357786155132 29.702735129515645 61.286021633552764
59.818569880041935 -68.0835569598936 1.328125 1.265625 [59.818569880041935,-68.0835569598936] 23.78036862419507 1.554987388930809 0.00031762791593750023 1.8354993685526103e-05 [-1670.80859375,-2468.751953125] 28.842179763323855 32.93975467792254 7.907132162135634 29.720559034048165 61.19323382690686
59.79700028440612 -68.06822212339658 1.3203125 1.171875 [59.79700028440612,-68.06822212339658] 28.28181417705247 2.578102601457636 0.0001913510627574072 1.8333263431722327e-05 [-1686.408203125,-2495.731445312] 28.57108786329129 32.760977669634535 7.874357786155132 29.54262794822489 61.33459000945027
68.27923586447781 -67.4745558569049 1.3046875 1.0332031 [68.27923586447781,-67.4745558569049] 39.009853216361456 0.7641802561133229 0.0007765820019785266 2.2054226832427217e-05 [4111.338623047,-3397.703125] 40.22035934529014 40.42891765349169 7.63778642384208 60.833764618208306 91.67004025543156
70.19913482612849 -69.87187950301164 1.3125 1.15625 [70.19913482612849,-69.87187950301164] 20.468555067143928 0.36173575391959567 0.00191138549878997 2.5694988429850025e-05 [4873.654174805,1030.717285156] 41.68699786083767 38.173957584376836 9.750239988371268 79.2057803363482 61.969991450050884
69.5392533257084 -67.16471881087321 1.28125 0.84375 [69.5392533257084,-67.16471881087321] -3.958329955098432 1.3288974379237088 0.0005556131319988995 2.743927732609544e-05 [5039.203857422,-3857.635742188] 46.02645385123999 46.36637038728668 8.325639373741694 64.94823448798422 98.69936136889737
54.22564367940965 -69.49507896285674 1.28125 0.8508301 [54.22564367940965,-69.49507896285674] 13.519574267912493 2.830062493325091 0.00023034068604545405 2.4225647010566362e-05 [-5077.995117188,373.7612304688] 26.226039005053188 30.402413134181206 6.80831733217483 19.42719486375711 24.46015965558172
63.87260825886032 -68.32002250505894 1.265625 0.6660156 [63.87260825886032,-68.32002250505894] 28.509582432019208 1.2065561497616193 0.0004033538974912024 1.8085998833531036e-05 [1041.477050781,-2063.92578125] 33.54357702988314 32.57517538137706 6.9503008774239525 46.88623795024887 69.38683620765073
66.83704396116093 -70.97075651136657 1.3671875 1.6621094 [66.83704396116093,-70.97075651136657] 20.371547095094105 1.480701447378949 0.00034958326107524166 1.9236534397605157e-05 [2656.469482422,2791.989013672] 23.873823126724897 23.81170382664709 7.234188580132417 72.08051449306583 40.16305777050593
