data_processed/hvc_rms/hvc_rms_index_0_with_B.ecsv
# %ECSV 1.0
# ---
# datatype:
# - {name: ra_dec_obj.ra, unit: deg, datatype: float64}
# - {name: ra_dec_obj.dec, unit: deg, datatype: float64}
# - {name: 'H-alpha flux [Error]', unit: R, datatype: float32}
# - {name: H-alpha flux, unit: R, datatype: float32}
# - {name: ra_dec_deg, datatype: string, subtype: 'float64[2]'}
# - {name: RM, unit: rad / m2, datatype: float64}
# - {name: RM_uncert, unit: rad / m2, datatype: float64}
# - {name: pol_int, datatype: float64}
# - {name: pol_int_uncert, datatype: float64}
# - {name: ra_dec_pix_offsets, datatype: string, subtype: 'float64[2]'}
# - {name: interpolation_raw, unit: rad / m2, datatype: float64}
# - {name: interpolation_cor, unit: rad / m2, datatype: float64}
# - {name: interpolation_unc, unit: rad / m2, datatype: float64}
# - {name: pixel location x, datatype: float64}
# - {name: pixel location y, datatype: float64}
# - {name: 'B_virtual [raw]', unit: G, datatype: float64}
# - {name: 'B_virtual_unc [raw]', unit: G, datatype: float64}
# - {name: 'B_virtual [int]', unit: G, datatype: float64}
# - {name: 'B_virtual_unc [int]', unit: G, datatype: float64}
# - {name: 'B_virtual [cor]', unit: G, datatype: float64}
# - {name: 'B_virtual_unc [cor]', unit: G, datatype: float64}
# meta: !!omap
# - __serialized_columns__:
#     ra_dec_obj:
#       __class__: astropy.coordinates.sky_coordinate.SkyCoord
#       dec: !astropy.table.SerializedColumn
#         __class__: astropy.coordinates.angles.Latitude
#         unit: &id001 !astropy.units.Unit {unit: deg}
#         value: !astropy.table.SerializedColumn {name: ra_dec_obj.dec}
#       frame: icrs
#       ra: !astropy.table.SerializedColumn
#         __class__: astropy.coordinates.angles.Longitude
#         unit: *id001
#         value: !astropy.table.SerializedColumn {name: ra_dec_obj.ra}
#         wrap_angle: !astropy.coordinates.Angle
#           unit: *id001
#           value: 360.0
#       representation_type: spherical
# schema: astropy-2.0
ra_dec_obj.ra ra_dec_obj.dec "H-alpha flux [Error]" "H-alpha flux" ra_dec_deg RM RM_uncert pol_int pol_int_uncert ra_dec_pix_offsets interpolation_raw interpolation_cor interpolation_unc "pixel location x" "pixel location y" "B_virtual [raw]" "B_virtual_unc [raw]" "B_virtual [int]" "B_virtual_unc [int]" "B_virtual [cor]" "B_virtual_unc [cor]"
[from data line 73]
315.30914297286455 -11.13317969827915 0.42773438 1.90625 [315.30914297286455,-11.13317969827915] -32.18062985958279 2.5731104771235422 0.0002566923654743412 2.454596374523302e-05 [-3011.180664062,3226.388916016] -20.5753188072714 -18.261041326897022 6.853815569264918 93.15640050604577 64.3037634652751 -6.1567744818380274e-06 1.6793036971697892e-06 -2.2203195913950305e-06 1.9640010847966424e-06 -2.6630854600941e-06 1.9753557139938957e-06
317.08453382914223 -11.242344922673182 0.40429688 1.671875 [317.08453382914223,-11.242344922673182] -33.06165932894125 2.8688923479279183 0.00021943997583863555 2.33958432013957e-05 [123.8916015625,3415.515380859] -18.045508433752243 -18.129283448183795 7.186680774485811 73.70964225043303 54.862482661865215 -6.754160535612814e-06 1.8506520978007971e-06 -3.0676468099806206e-06 2.1812359385056407e-06 -3.0505324271024243e-06 2.180690552129194e-06
319.45312500661345 -11.082442347897606 0.33984375 1.0253906 [319.45312500661345,-11.082442347897606] 6.8530843295071 2.8692135159330543 0.00027387658552764015 2.920293326173838e-05 [4306.616943359,3142.701660156] -13.938037836773171 -14.728642941975863 6.30563720560494 49.391480813933526 37.72725287313551 1.78768106018716e-06 2.002031316450982e-06 5.4235280830653276e-06 2.7651615183243414e-06 5.629763655940553e-06 2.7797810971422033e-06
318.0323485802479 -11.861231800636915 0.25390625 0.14642334 [318.0323485802479,-11.861231800636915] -22.022147510690303 0.26895854626557114 0.0033609709723801872 3.359377533879385e-05 [1793.165527344,4531.251953125] -14.82699854776227 -17.17655581295155 6.625973646919462 60.462640454730035 57.286329912206384 -1.5202084675178545e-05 1.4106213573144869e-05 -4.966875448085053e-06 7.940436418359535e-06 -3.344955130039345e-06 7.266847027531041e-06
318.0174561809031 -11.855890270182849 0.25390625 0.14642334 [318.0174561809031,-11.855890270182849] -25.177657049178432 0.9825660836349552 0.0009160711630435894 3.345027437460124e-05 [1766.970214844,4521.571411133] -14.82699854776227 -17.17655581295155 6.625973646919462 60.648208263415654 57.30645117148288 -1.7380361029659584e-05 1.591663348743793e-05 -7.145151802566089e-06 9.139100949753883e-06 -5.523231484520382e-06 8.240795123941134e-06
318.0304869468503 -11.860998174938768 0.25390625 0.14642334 [318.0304869468503,-11.860998174938768] -21.616016500221864 0.3269516556260948 0.0027616147364501304 3.3554852614436624e-05 [1789.888183594,4530.822387695] -14.82699854776227 -17.17655581295155 6.625973646919462 60.483627130394666 57.294716082762534 -1.492172881944922e-05 1.3877485650106585e-05 -4.6865195923557274e-06 7.810927306816422e-06 -3.0645992743100183e-06 7.1734328837534245e-06
318.0199585170391 -11.855772988241542 0.25390625 0.14642334 [318.0199585170391,-11.855772988241542] -22.32109945217687 1.4267892127808857 0.0006304427031309118 3.342828859180869e-05 [1771.378417969,4521.373046875] -14.82699854776227 -17.17655581295155 6.625973646919462 60.6221948263651 57.28934654759587 -1.5408453864472263e-05 1.4308068202775525e-05 -5.173244637378771e-06 8.097912029245654e-06 -3.5513243193330623e-06 7.404326938464425e-06
317.20166022065666 -11.868282347394109 0.3515625 1.1376953 [317.20166022065666,-11.868282347394109] -20.90548975639588 2.6371762375051846 0.0003359454274063328 3.292430310788179e-05 [329.9375,4541.433837891] -15.367988628053844 -16.977693030464383 6.329544020548497 69.26361307044931 62.50084616578033 -5.177212560381515e-06 2.0709073796928015e-06 -1.3713536840727773e-06 2.4390321924537214e-06 -9.727128510776256e-07 2.432899890292104e-06
315.64114368953744 -9.338142351447342 0.36914062 1.3232422 [315.64114368953744,-9.338142351447342] -36.37564196080856 0.5638746368722797 0.0010639166368004102 2.2294557848728474e-05 [-2438.802734375,-6.6875] -20.222300148811776 -21.33540748381781 7.148549478783771 99.02642431763911 38.98646910480693 -8.352945185631948e-06 2.1267672141413884e-06 -3.7092947765913894e-06 2.382072115020457e-06 -3.453691739673231e-06 2.371458728674555e-06
315.65585309848456 -9.342725768953718 0.36914062 1.3232422 [315.65585309848456,-9.342725768953718] -12.643985770768326 2.7282491776488804 0.00021949479776011479 2.2254455232127775e-05 [-2412.65234375,1.46142578125] -20.222300148811776 -21.33540748381781 7.148549478783771 98.84596989947863 38.95266832906509 -2.90344071961474e-06 1.7912430227483918e-06 1.7402096894258176e-06 2.3988128020529064e-06 1.995812726343976e-06 2.4042913267961827e-06
315.6258847851506 -9.356390843353093 0.38671875 1.5131836 [315.6258847851506,-9.356390843353093] -27.42610473091095 2.1994343499760562 0.000273469724005018 2.235264696220345e-05 [-2465.767578125,26.265625] -20.35846300820014 -21.462509088011267 7.202072641982017 99.09082681665984 39.317388016157565 -5.8893444052408205e-06 1.8247729522868024e-06 -1.5176699952939683e-06 2.220484481912714e-06 -1.2805926681613464e-06 2.216832274028558e-06
315.6484375197162 -9.340941312805633 0.36914062 1.3232422 [315.6484375197162,-9.340941312805633] -22.133798750875588 1.8460020469127068 0.0003244258681751854 2.225647373964313e-05 [-2425.83203125,-1.69970703125] -20.222300148811776 -21.33540748381781 7.148549478783771 98.9341341194795 38.976477912150585 -5.082588175765162e-06 1.8642146713699696e-06 -4.389377667246044e-07 2.3373844532387994e-06 -1.8333472980644584e-07 2.3364467104298608e-06
318.6417540532975 -10.094424141834219 0.421875 1.8349609 [318.6417540532975,-10.094424141834219] -44.777260663891425 1.919825477228319 0.00032257934247355464 2.301478945554489e-05 [2883.575683594,1356.477050781] -16.88821226062569 -17.73481228440773 6.971701505678121 63.20020678579908 29.673526315898926 -8.731578116007172e-06 1.9048399311206517e-06 -5.438372091184928e-06 2.1170674715875417e-06 -5.2732848542466605e-06 2.1081467793658273e-06
317.36459355951587 -11.78195093856927 0.33398438 0.95654297 [317.36459355951587,-11.78195093856927] -18.95442585688011 0.4222948729547217 0.0019442325508423044 3.0512143753043213e-05 [617.1391601562,4386.401123047] -15.96805286446643 -17.81841119331351 6.52250503311747 67.96873792387373 60.34270703140919 -5.119258101227749e-06 2.144362644715107e-06 -8.065669859977438e-07 2.591461439668878e-06 -3.068176431978763e-07 2.5873166032500526e-06
317.36437987114704 -11.781269105332697 0.33398438 0.95654297 [317.36437987114704,-11.781269105332697] 23.37331780084594 0.4529004438941444 0.0018142038950132156 3.0534973295986615e-05 [616.7641601562,4385.174560547] -15.96805286446643 -17.81841119331351 6.52250503311747 67.97448106021614 60.33487184999831 6.312723340080443e-06 2.264196907993548e-06 1.0625414455310448e-05 3.3238440145059697e-06 1.1125163798110315e-05 3.386336254461388e-06
318.87844842539556 -8.241849923622311 0.36523438 1.2763672 [318.87844842539556,-8.241849923622311] -3.8289425273818702 3.122042065727049 0.00020617270024309129 2.392096041820636e-05 [3320.112548828,-1975.875488281] -8.85617298607404 -11.62594770839025 6.496705901725867 70.78644456514257 3.611545162458242 -8.952403871062408e-07 1.7984442530607737e-06 1.175410628320201e-06 2.3576042387015436e-06 1.8230082814244222e-06 2.369340707304098e-06
319.8824463008205 -10.362828263173617 0.36523438 1.2670898 [319.8824463008205,-10.362828263173617] -9.313627045505942 2.2399985495212222 0.00039366264000055865 3.277031688035115e-05 [5076.225952148,1853.527832031] -13.045891294233984 -13.962741528350609 5.764758156004442 48.64184445241244 25.146029523151356 -2.1855652272013483e-06 1.7642240922852548e-06 8.758249520720049e-07 2.1969812538607125e-06 1.09097593250595e-06 2.1997599599584095e-06
315.43954482300506 -11.729247125917116 0.25 0.10424805 [315.43954482300506,-11.729247125917116] -28.44580644338865 0.18287000059070588 0.0046564408712053825 3.164501180273911e-05 [-2775.123046875,4297.510620117] -21.12670594904729 -17.201037913212442 6.702119042381546 88.72962919329586 71.32919330345567 -2.3271957830102133e-05 2.8563427832592776e-05 -5.9878702471513055e-06 1.071091284066927e-05 -9.199520483425829e-06 1.3610562468594558e-05
318.61499025948245 -9.431850422429601 0.421875 1.8393555 [318.61499025948245,-9.431850422429601] -62.49447741708116 1.8375948148841104 0.000325149365324489 2.22045190368584e-05 [2841.8125,163.6787109375] -17.282254413873588 -16.829688464886644 6.9877411714416 67.03981078571314 21.041498168916405 -1.2171873805491886e-05 2.266138409886842e-06 -8.805857663038649e-06 2.34244688076582e-06 -8.894002661563368e-06 2.3495133647052586e-06
319.03088380979136 -9.787557538642456 0.40625 1.6821289 [319.03088380979136,-9.787557538642456] -45.55801930559192 0.5846033767027123 0.0011103748769173802 2.4123462854411044e-05 [3576.171386719,807.7163085938] -13.387590922379374 -17.202517317396385 7.040745233424769 60.725845748733036 23.028466672054947 -9.27862945824898e-06 1.999856905057616e-06 -6.552029456739938e-06 2.2531410038165968e-06 -5.77505782870624e-06 2.204405508768929e-06
319.01663202441813 -9.779250051635254 0.45703125 2.1728516 [319.01663202441813,-9.779250051635254] -49.1816047642076 0.3116068157342076 0.0020816417943773165 2.4105805629790757e-05 [3550.995849609,792.6196289062] -13.644369506425432 -17.38404350962306 7.049330987945315 60.92118308531826 23.011534235089584 -8.813254273611193e-06 1.7506746071757463e-06 -6.368208032445263e-06 1.9873051863500325e-06 -5.6980652412816005e-06 1.9479343723381866e-06
319.0209961505763 -9.78214460165581 0.45703125 2.1728516 [319.0209961505763,-9.78214460165581] -50.67344172746081 0.5189913309193368 0.0012496672332158987 2.410256092612122e-05 [3558.701416016,797.8735351562] -13.644369506425432 -17.38404350962306 7.049330987945315 60.85948169278163 23.021397650727067 -9.08058874866458e-06 1.7782152721428651e-06 -6.635542507498648e-06 2.005373193211641e-06 -5.965399716334986e-06 1.964617721892704e-06
319.02838132552876 -9.785251630283346 0.45703125 2.1728516 [319.02838132552876,-9.785251630283346] -44.60770620208212 1.0810611821249545 0.0006003447279176739 2.4119021108901476e-05 [3571.760009766,803.5405273438] -13.644369506425432 -17.38404350962306 7.049330987945315 60.76469990245357 23.014182778146278 -7.993619956207765e-06 1.6838433407970105e-06 -5.548573715041834e-06 1.9484982341733146e-06 -4.8784309238781735e-06 1.913833940339296e-06
319.30953980443024 -10.713776611486832 0.3671875 1.2836914 [319.30953980443024,-10.713776611486832] -30.994850205324692 3.136247664025534 0.00021968949622693586 2.5605210291847693e-05 [4058.222900391,2477.6640625] -12.934283139832468 -15.727208512911343 6.262721708588359 52.84708161235744 33.65378401709677 -7.226164753918088e-06 2.1654259713574715e-06 -4.210655392746932e-06 2.415814150170788e-06 -3.559510484558314e-06 2.385725268424483e-06
314.56002785730874 -11.401160255838175 0.39257812 1.5649414 [314.56002785730874,-11.401160255838175] -27.381896152863426 0.6735395004666084 0.0011225918902222334 2.809918179708553e-05 [-4329.293945312,3716.266601562] -21.948837498411518 -20.252053077103294 7.186758307327182 99.7642879939392 72.29878431582756 -5.781800634923657e-06 1.7325252959143955e-06 -1.1472128081459602e-06 2.1305299526035296e-06 -1.5054958572700997e-06 2.135839113341522e-06
316.1206663768099 -11.294332460492631 0.72265625 4.796875 [316.1206663768099,-11.294332460492631] -26.562924321522384 3.1917775248689555 0.0002064571713343313 2.4489013364969764e-05 [-1577.428710938,3511.028320312] -18.794895246403478 -18.530746110115757 6.622087658002425 83.69378966943077 61.48159637640674 -3.2036518829216994e-06 1.0011487048750576e-06 -9.368720353177182e-07 1.229181003205571e-06 -9.687300441573036e-07 1.2295211010985638e-06
315.38049295466055 -11.794457423690174 0.31835938 0.7873535 [315.38049295466055,-11.794457423690174] -20.881764479804144 1.056830287801036 0.0008655751454526015 3.399528855334319e-05 [-2878.473632812,4415.256469727] -20.95865944370126 -17.21170855415005 6.838742436990518 89.02878460981037 72.54042507410895 -6.216285348860783e-06 2.5166917238438643e-06 2.2890835587056493e-08 2.9301733616528237e-06 -1.0925376972912404e-06 2.9401269099415962e-06
315.36099245284345 -11.806404089589279 0.34570312 1.0541992 [315.36099245284345,-11.806404089589279] -22.88649254989073 1.2956817296756848 0.0007099758716666053 3.418618414259468e-05 [-2912.692382812,4436.900512695] -20.97001347161529 -17.13182385200447 6.879406688678975 89.1761560995825 72.81414454210426 -5.8879827574593225e-06 2.137087902348203e-06 -4.930504638628519e-07 2.548566565885734e-06 -1.4804972843340719e-06 2.5619071642197874e-06
315.3778383465346 -11.794338253341024 0.31835938 0.7873535 [315.3778383465346,-11.794338253341024] -33.05100752637468 2.3796361534055235 0.00038366026094413384 3.392861092190994e-05 [-2883.150390625,4415.063842773] -20.95865944370126 -17.21170855415005 6.838742436990518 89.05766801532332 72.55473279869966 -9.838943162585532e-06 3.095960743860548e-06 -3.599766978137692e-06 3.1021508924458886e-06 -4.715195511015989e-06 3.1745159710639293e-06
315.37353535710923 -11.796343796268454 0.31835938 0.7873535 [315.37353535710923,-11.796343796268454] -30.256976997721907 1.8082561391333014 0.0005075317057670664 3.4106081806972656e-05 [-2890.708007812,4418.705688477] -20.95865944370126 -17.21170855415005 6.838742436990518 89.09337253350236 72.60684211453463 -9.00718916706796e-06 2.9334707375309186e-06 -2.7680129826201207e-06 3.0252113773435074e-06 -3.883441515498418e-06 3.0846790612977575e-06
319.01934809284444 -9.063932297790842 0.41210938 1.7421875 [319.01934809284444,-9.063932297790842] -16.50190945918996 0.6009762597373486 0.001045363005531353 2.334711090780498e-05 [3563.182861328,-494.89453125] -12.243974084643394 -14.704136995529353 7.373738790235601 64.77033173810105 13.485779223154168 -3.3024434334640163e-06 1.4892333038603511e-06 -8.521190079584707e-07 2.0421928955025487e-06 -3.5977908387880787e-07 2.038963533638022e-06
316.55868520500894 -8.380183279814343 0.35742188 1.1938477 [316.55868520500894,-8.380183279814343] -12.093996377583636 2.9535894968192733 0.00020057241149104194 2.201557507169567e-05 [-811.4545898438,-1735.15625] -20.465145020419058 -19.4848613558493 7.278663044454683 94.48976640422802 20.79838668396951 -2.923775434300885e-06 1.9064275325154022e-06 2.0237610459491094e-06 2.5680691079765204e-06 1.7867732705576837e-06 2.5626994809349946e-06
318.5050049814598 -8.766325107446445 0.3671875 1.2988281 [318.5050049814598,-8.766325107446445] -39.929225589018706 1.264285570088109 0.00047533492557479454 2.2333336516474582e-05 [2651.512695312,-1035.09375] -15.951452128157975 -15.670900695824674 6.413828194390985 71.82562611863125 12.996751577979921 -9.254728429596798e-06 2.263476452353942e-06 -5.557527812101826e-06 2.407374475316503e-06 -5.622553548976952e-06 2.411610746989141e-06
318.5040283360748 -8.773510864777684 0.3671875 1.2988281 [318.5040283360748,-8.773510864777684] -41.189695096048304 0.5949768934295985 0.0010035914695304196 2.219043235824233e-05 [2649.724609375,-1022.167480469] -15.951452128157975 -15.670900695824674 6.413828194390985 71.79652366327537 13.097588892074782 -9.546877921836257e-06 2.2826997719529475e-06 -5.8496773043412864e-06 2.4129198873016196e-06 -5.9147030412164125e-06 2.4173671271646766e-06
318.0952759399369 -9.979727873506219 0.50390625 2.6367188 [318.0952759399369,-9.979727873506219] -57.49199249095774 0.22978288519354648 0.0025464595320862033 2.1745187672459766e-05 [1916.094238281,1146.325195312] -19.33171871819603 -18.410434352969084 7.073434562061293 69.59742930723075 31.693647098836664 -9.352421909487508e-06 1.67487706194954e-06 -6.207664146629628e-06 1.8127545910368135e-06 -6.357532671078001e-06 1.8216824974884399e-06
