data_processed/hvc_rms/hvc_rms_index_14_with_B.ecsv
# %ECSV 1.0
# ---
# datatype:
# - {name: ra_dec_obj.ra, unit: deg, datatype: float64}
# - {name: ra_dec_obj.dec, unit: deg, datatype: float64}
# - {name: 'H-alpha flux [Error]', unit: R, datatype: float32}
# - {name: H-alpha flux, unit: R, datatype: float32}
# - {name: ra_dec_deg, datatype: string, subtype: 'float64[2]'}
# - {name: RM, unit: rad / m2, datatype: float64}
# - {name: RM_uncert, unit: rad / m2, datatype: float64}
# - {name: pol_int, datatype: float64}
# - {name: pol_int_uncert, datatype: float64}
# - {name: ra_dec_pix_offsets, datatype: string, subtype: 'float64[2]'}
# - {name: interpolation_raw, unit: rad / m2, datatype: float64}
# - {name: interpolation_cor, unit: rad / m2, datatype: float64}
# - {name: interpolation_unc, unit: rad / m2, datatype: float64}
# - {name: interpolation_cor_unc, unit: rad / m2, datatype: float64}
# - {name: HI, unit: dex(1 / cm2), datatype: float64}
# - {name: 'HI [Error]', unit: dex(1 / cm2), datatype: float64}
# - {name: pixel location x, datatype: float64}
# - {name: pixel location y, datatype: float64}
# - {name: 'B_virtual [raw]', unit: G, datatype: float64}
# - {name: 'B_virtual_unc [raw]', unit: G, datatype: float64}
# - {name: 'B_virtual [int]', unit: G, datatype: float64}
# - {name: 'B_virtual_unc [int]', unit: G, datatype: float64}
# meta: !!omap
# - __serialized_columns__:
#     ra_dec_obj:
#       __class__: astropy.coordinates.sky_coordinate.SkyCoord
#       dec: !astropy.table.SerializedColumn
#         __class__: astropy.coordinates.angles.Latitude
#         unit: &id001 !astropy.units.Unit {unit: deg}
#         value: !astropy.table.SerializedColumn {name: ra_dec_obj.dec}
#       frame: icrs
#       ra: !astropy.table.SerializedColumn
#         __class__: astropy.coordinates.angles.Longitude
#         unit: *id001
#         value: !astropy.table.SerializedColumn {name: ra_dec_obj.ra}
#         wrap_angle: !astropy.coordinates.Angle
#           unit: *id001
#           value: 360.0
#       representation_type: spherical
# schema: astropy-2.0
ra_dec_obj.ra ra_dec_obj.dec "H-alpha flux [Error]" "H-alpha flux" ra_dec_deg RM RM_uncert pol_int pol_int_uncert ra_dec_pix_offsets interpolation_raw interpolation_cor interpolation_unc interpolation_cor_unc HI "HI [Error]" "pixel location x" "pixel location y" "B_virtual [raw]" "B_virtual_unc [raw]" "B_virtual [int]" "B_virtual_unc [int]"
[from data line 453]
133.44261177865883 -58.84265494906411 3.234375 20.398438 [133.44261177865883,-58.84265494906411] 38.640445378055276 0.8224250292313221 0.000561625784342733 1.7165326172016695e-05 [-252.0112304688,-2660.489257812] 55.61547895526782 53.70625400189526 23.513690517078654 24.337050628459114 19.082178115844727 9.541089057922363 43.35402257255032 17.459118494155973 1.3348517119980556e-05 3.3532605969094296e-06 -5.864102344077859e-06 8.54025481866959e-06
132.03547687917143 -60.99208830050902 2.75 15.5390625 [132.03547687917143,-60.99208830050902] -0.9259698940010702 1.321444277359201 0.0003462648666972036 1.70045830034406e-05 [-1464.181640625,1226.297363281] 28.90557108005823 33.86162556600813 21.314352429750276 19.18879415912135 0.0 0.0 20.695192947015812 2.28457799891612 -3.198804998681396e-07 2.4615131594093075e-06 -1.0305441138465296e-05 7.96494380928606e-06
132.03745993468405 -60.99192416774123 2.75 15.5390625 [132.03745993468405,-60.99192416774123] -3.279802059934562 1.645322895616198 0.0002777899532216718 1.6985423474161476e-05 [-1462.458984375,1225.958007812] 28.90557108005823 33.86162556600813 21.314352429750276 19.18879415912135 0.0 0.0 20.70552799757195 2.278979398166257 -1.1330224980286554e-06 2.491779213306407e-06 -1.111858313662581e-05 8.004670072627388e-06
134.3145749707047 -58.96802892174988 3.28125 20.820312 [134.3145749707047,-58.96802892174988] 87.90473760420367 1.5751941970242556 0.0002949161030860541 1.7263994660876793e-05 [558.0141601562,-2432.87109375] 57.04198589254277 49.7927286297381 21.77470730087692 22.81285080724103 17.847585678100586 8.923792839050293 46.5686657222991 12.806982256342735 3.0367090320949273e-05 5.801386864474905e-06 1.066167756510339e-05 8.131305274555489e-06
131.562683236805 -60.91605008097164 2.734375 15.390625 [131.562683236805,-60.91605008097164] -50.90134162708089 0.2809983307518713 0.0016137385110079415 1.6851773238234108e-05 [-1881.131835938,1101.493164062] 35.142543704379904 37.19001112647096 23.113149875372027 20.12077838746563 0.0 0.0 19.06579238259667 4.729988564806263 -1.7584099341798642e-05 3.8835465492652e-06 -2.9724250462934327e-05 9.79641948861749e-06
131.55245924307482 -60.90901953686797 2.78125 15.847656 [131.55245924307482,-60.90901953686797] -49.66549670740277 1.9534912827685278 0.00023125563833047076 1.6788523811153614e-05 [-1890.48828125,1089.138183594] 36.1181852201465 37.85767698474761 23.362874432984253 20.370037283883008 0.0 0.0 19.069508633635337 4.835172741483348 -1.7157171108788856e-05 3.88399457382963e-06 -2.963436201683058e-05 9.881381856153476e-06
131.56849689096686 -60.912200807371235 2.734375 15.390625 [131.56849689096686,-60.912200807371235] -50.98215676765473 0.5134799888229569 0.0008814482608723007 1.6820118512899877e-05 [-1876.275390625,1094.402832031] 35.142543704379904 37.19001112647096 23.113149875372027 20.12077838746563 0.0 0.0 19.120768609516972 4.746458020813179 -1.7612017298668682e-05 3.890153155246023e-06 -2.9752168419804367e-05 9.800072255650147e-06
133.92774966806326 -60.18685531672817 3.1875 19.945312 [133.92774966806326,-60.18685531672817] -9.049984221052261 1.2928760781087802 0.00035704278951531756 1.715480832444519e-05 [192.029296875,-241.4360351562] 34.37625246791888 37.56222041915797 18.632386355375857 19.5726670068947 0.0 0.0 35.436381787383084 2.9073853763552506 -3.1263580977996975e-06 2.517675337822871e-06 -1.500179043557995e-05 7.361511941020538e-06
133.9262693500014 -60.187778379454144 3.1875 19.945312 [133.9262693500014,-60.187778379454144] -12.326311660102261 1.0529793544771096 0.0004380036505212563 1.7139821292009613e-05 [190.69921875,-239.7788085938] 34.37625246791888 37.56222041915797 18.632386355375857 19.5726670068947 0.0 0.0 35.4225288819423 2.9043785373423816 -4.258180272283704e-06 2.5536028731437798e-06 -1.6133612610063958e-05 7.428059361598592e-06
131.90843233992211 -60.84177405661037 2.75 15.4375 [131.90843233992211,-60.84177405661037] -27.533664439662545 2.025398733848858 0.00022311143013810047 1.6793493764237295e-05 [-1582.475585938,958.7778320312] 31.689903537169698 35.36086541331712 22.36703398457345 20.015313146859064 0.0 0.0 21.21053924994453 4.199459956506189 -9.51162926702096e-06 3.0060502383785386e-06 -2.0459050182015907e-05 8.861630199060424e-06
131.74263033034717 -61.152027089471375 2.703125 14.984375 [131.74263033034717,-61.152027089471375] -73.92584063036556 2.334041191073993 0.00019688540376154443 1.707775347213224e-05 [-1711.000976562,1521.106445312] 30.673444243280173 33.95771244500239 21.31893570586956 18.412165801859135 0.0 0.0 18.177691544624395 1.7906215418156535 -2.5538016956290405e-05 5.094667581221885e-06 -3.613429739778674e-05 9.984572042155642e-06
134.69966144615518 -58.54768748180271 3.0625 18.648438 [134.69966144615518,-58.54768748180271] 103.67121621275874 0.4810349473983388 0.0009905960102792439 1.7708505343926502e-05 [926.4370117188,-3184.823242188] 60.01003730563843 54.1335460964348 21.304912534790343 22.631489877030425 0.0 0.0 51.64695208900582 15.156092413572878 3.5813691869378335e-05 6.643931439937109e-06 1.508295229048319e-05 8.174979600624019e-06
134.68881240655088 -58.54852295503375 3.0625 18.648438 [134.68881240655088,-58.54852295503375] 103.20507085479795 0.39829260412563927 0.0012002019810968502 1.776500297484052e-05 [916.2270507812,-3183.471679688] 60.01003730563843 54.1335460964348 21.304912534790343 22.631489877030425 0.0 0.0 51.588580417446224 15.192636430251468 3.5652659841143154e-05 6.617385682749601e-06 1.4921920262248009e-05 8.16562642726082e-06
136.2328951252206 -58.90055868967379 2.84375 16.46875 [136.2328951252206,-58.90055868967379] 56.7711850037679 0.669834202193366 0.0007325361189800562 1.823497051902694e-05 [2341.908691406,-2512.108398438] 47.5018833326007 43.50340672584742 19.21599596622352 20.22814408914528 0.0 0.0 56.114494241359125 5.616268541463569 1.961186336052835e-05 4.168492218561732e-06 3.202122305715178e-06 7.090378190348634e-06
136.25100724259278 -58.89807525398418 2.84375 16.46875 [136.25100724259278,-58.89807525398418] 62.98904334708742 1.540139799284441 0.0003190821377657862 1.8262967235414486e-05 [2358.901367188,-2515.928710938] 47.5018833326007 43.50340672584742 19.21599596622352 20.22814408914528 0.0 0.0 56.21842914935405 5.563907647623864 2.1759850727996725e-05 4.500794010152296e-06 5.350109673183554e-06 7.145002428428749e-06
131.33940129455283 -58.136226775413974 3.953125 27.46875 [131.33940129455283,-58.136226775413974] 19.624316706453676 2.3879485663485984 0.00024052822656298438 2.1345175047609606e-05 [-2255.024414062,-3891.294921875] 62.600483552537966 68.88338712628793 22.555548150593566 25.814411993821714 17.356571197509766 8.678285598754883 38.26497367259128 32.48183442647701 6.779309217610298e-06 2.810566300202875e-06 -1.4846311766941878e-05 8.591741763756114e-06
130.31243943051706 -61.38333505648319 2.515625 13.21875 [130.31243943051706,-61.38333505648319] -52.91582585669814 1.877075406935833 0.00026039777850714806 1.816467775263841e-05 [-2930.02734375,1987.429199219] 24.426354590966735 32.01926304363967 18.141101409855484 17.747352350950237 0.0 0.0 9.910441236262159 4.569472429124289 -1.828001205615489e-05 4.0295922870780075e-06 -2.6718207041904435e-05 8.175593104328571e-06
133.56141652150478 -59.39535529622974 3.125 19.242188 [133.56141652150478,-59.39535529622974] 52.11982361400523 3.181659132222343 0.00014441789876399949 1.7075891025945604e-05 [-139.0908203125,-1666.210449219] 51.415104493259925 51.33819871490677 21.520124095088793 22.21981723092299 17.24942398071289 8.624711990356445 39.734307093125494 11.781802887921685 1.8005029470934388e-05 4.089928161791189e-06 2.434484167045529e-07 7.894626428687759e-06
132.21211220895944 -60.233039911725925 3.171875 19.773438 [132.21211220895944,-60.233039911725925] -29.944384498744736 0.8167238634875141 0.0005689431784493485 1.726842954654774e-05 [-1341.268554688,-143.3247070312] 45.53707277765308 44.19687743336798 19.940045334327664 19.200849825172742 0.0 0.0 27.10285703174395 8.954914571621885 -1.0344423445900032e-05 3.019889381372306e-06 -2.6075411782579894e-05 8.582680176982342e-06
133.31681844797188 -58.5598028643734 3.328125 21.210938 [133.31681844797188,-58.5598028643734] 46.08473235692624 2.222513639083969 0.0002155624828039371 1.7804357869031112e-05 [-372.1787109375,-3168.815429688] 57.48934988283287 55.402999186302935 24.230986036844875 25.632572181681663 18.21499252319336 9.10749626159668 44.886149200842624 20.62593169953243 1.592017982239707e-05 3.7414910209379434e-06 -3.939776853034211e-06 8.77318988397681e-06
135.24018856041891 -58.10845208716985 3.140625 19.445312 [135.24018856041891,-58.10845208716985] 140.57220561982035 1.927102495817437 0.0002930419257686478 2.098665758660098e-05 [1451.904785156,-3965.09375] 63.49888322709089 53.32532871367517 21.895663101152746 24.397751890021713 0.0 0.0 57.65722995493434 16.97846105847566 4.856130603440879e-05 8.754828033687747e-06 2.6625328807348987e-05 9.200776780146446e-06
129.60083025017798 -57.87302016555764 3.859375 26.570312 [129.60083025017798,-57.87302016555764] -5.3395477863672145 1.0383882236660016 0.0006441748872117442 2.4858347076530075e-05 [-3933.165039062,-4282.556640625] 57.63670041339887 63.58438932299879 25.294006127183305 26.312761512279046 0.0 0.0 31.316424392577687 41.77289794804619 -1.8445710017554727e-06 2.465317617697869e-06 -2.175543058631874e-05 9.820815428321062e-06
129.3153077648379 -60.158031531330245 2.546875 13.4921875 [129.3153077648379,-60.158031531330245] 15.108058891810014 0.38076326560001816 0.0013189378905686783 1.866328512308345e-05 [-3935.283203125,-162.2783203125] 37.38948426753798 41.676268298756035 18.841697629107482 18.359194961556174 0.0 0.0 13.805019226532636 20.223711547255107 5.219147470839795e-06 2.584102806413061e-06 -7.697219459442031e-06 7.070994002326969e-06
133.4527285035092 -58.86122891519176 3.234375 20.40625 [133.4527285035092,-58.86122891519176] 48.483669738375085 2.416668816696352 0.00019092932930600242 1.7147408273528663e-05 [-242.458984375,-2627.10546875] 55.49862108899934 53.286247205855446 23.258861407373015 24.046998204594896 19.082178115844727 9.541089057922363 43.2620469600397 17.24396992277684 1.6748903621844203e-05 3.8618622990243725e-06 -2.4233467622714907e-06 8.442693114939686e-06
133.45156843898172 -58.859527830417846 3.234375 20.398438 [133.45156843898172,-58.859527830417846] 47.946353572399445 1.1402191253932084 0.00040395511769500864 1.7117098076564897e-05 [-243.55078125,-2630.162109375] 55.61547895526782 53.70625400189526 23.513690517078654 24.337050628459114 19.082178115844727 9.541089057922363 43.26934845077494 17.26459916385147 1.656328531516595e-05 3.7666538338513884e-06 -2.649334148892467e-06 8.496696305447814e-06
131.8298340972778 -59.89656056041067 3.265625 20.585938 [131.8298340972778,-59.89656056041067] -23.81864550649508 2.6577087000341515 0.00017323810088061217 1.711037371975292e-05 [-1700.001953125,-739.9633789062] 48.61503580012362 46.935375508067345 20.88823749337642 20.597088414902327 0.0 0.0 27.770713050283348 13.62330982361209 -8.22825912609083e-06 2.9513520936597425e-06 -2.5022543749812163e-05 8.80003506128935e-06
134.29640192965343 -58.996280893948025 3.296875 20.992188 [134.29640192965343,-58.996280893948025] 98.76249609890165 0.7304724525779743 0.0006398756514807745 1.7370332449319438e-05 [540.708984375,-2382.184570312] 56.2652735458384 49.193604127565195 21.468392110849898 22.535983604679974 17.847585678100586 8.923792839050293 46.26527656087728 12.616312116814925 3.411795224122626e-05 6.374944252664607e-06 1.468085828853712e-05 8.206325730982084e-06
134.2875365950362 -58.99422445546686 3.296875 20.890625 [134.2875365950362,-58.99422445546686] 103.02718604001419 1.4397444635246297 0.0003237564260917064 1.7322577682732756e-05 [532.521484375,-2385.95703125] 55.84167799449939 49.04378013211801 21.238651423632216 22.310673211960953 17.847585678100586 8.923792839050293 46.23897106458969 12.670981995074499 3.559120872503168e-05 6.624773060958147e-06 1.6300447776884148e-05 8.237329347818934e-06
133.29063398555795 -60.163387179131405 3.03125 18.34375 [133.29063398555795,-60.163387179131405] -27.09378006864174 0.47978041679756855 0.0009800865430415605 1.747493812850932e-05 [-378.3999023438,-282.7690429688] 36.47115204734182 41.283700531264564 18.640093624409694 20.455702097720724 0.0 0.0 32.66306240398171 5.562271809577169 -9.359669215837962e-06 2.913536597429517e-06 -2.195879411531028e-05 7.856569082461438e-06
133.29483046017677 -60.15832526216095 3.03125 18.34375 [133.29483046017677,-60.15832526216095] -25.822446018489895 0.5257830606063935 0.0008915293012761654 1.7420110868300447e-05 [-374.6997070312,-291.904296875] 36.47115204734182 41.283700531264564 18.640093624409694 20.455702097720724 0.0 0.0 32.720675258595634 5.594341138531945 -8.92048110173553e-06 2.8730976748358283e-06 -2.1519606001207848e-05 7.82058173009772e-06
133.17700194397577 -59.069225042203136 3.234375 20.414062 [133.17700194397577,-59.069225042203136] 26.264972448189976 0.13100536822861056 0.003538853637826781 1.722901291380952e-05 [-496.0913085938,-2251.275390625] 51.59195262924628 52.97653711798566 22.78276666849857 23.262233055892473 18.683635711669922 9.341817855834961 40.36536939043606 16.36755737786916 9.073353864073053e-06 2.88198122202237e-06 -8.749320180875548e-06 8.371192915480706e-06
133.17497260520562 -59.06929412924418 3.234375 20.414062 [133.17497260520562,-59.06929412924418] 23.896096437438306 0.20919710199803215 0.0022168807680371366 1.7234818052245777e-05 [-497.9677734375,-2251.135742188] 51.59195262924628 52.97653711798566 22.78276666849857 23.262233055892473 18.683635711669922 9.341817855834961 40.355106421281334 16.374865255384975 8.255014901484692e-06 2.8081880016465484e-06 -9.567659143463908e-06 8.398050526198525e-06
133.33702077515164 -58.324672480899586 3.375 21.703125 [133.33702077515164,-58.324672480899586] 72.50037788304212 0.39942277655108094 0.00127769944963174 1.896575941748695e-05 [-355.5859375,-3591.926757812] 60.77894525058292 58.810734261682384 24.63280600507301 26.260178247779837 16.950618743896484 8.475309371948242 46.763723810282386 22.760847653420342 2.5045584384657894e-05 4.957962874573883e-06 4.0492220685929105e-06 8.875114423422205e-06
133.33032220227972 -58.32431395693197 3.390625 21.84375 [133.33032220227972,-58.32431395693197] 74.56560083689418 1.3699957052494536 0.0003723137509384757 1.8955575987048405e-05 [-361.9208984375,-3592.53515625] 59.71334574824297 58.24199372404868 24.345135644093016 25.957926000955318 16.950618743896484 8.475309371948242 46.73368526635272 22.79115962730657 2.5759025021440183e-05 5.086033163889092e-06 5.130778886771644e-06 8.808370870137118e-06
128.21705643075848 -59.55065164483769 2.5625 13.574219 [128.21705643075848,-59.55065164483769] 17.242588367978023 0.8871362070587742 0.0007438440911625903 2.452341374071358e-05 [-5005.87109375,-1178.026855469] 49.449081837152065 46.38676969174079 19.09534530178908 17.81991191849875 0.0 0.0 12.60236163277932 30.194486866040506 5.956530360114499e-06 2.645763953050518e-06 -1.1125879250138406e-05 7.290363683791497e-06
128.2131495130145 -59.550563795094064 2.5625 13.574219 [128.2131495130145,-59.550563795094064] 17.302075779229597 0.6695825434566591 0.000987031434848396 2.4560873604484067e-05 [-5009.431640625,-1177.887695312] 49.449081837152065 46.38676969174079 19.09534530178908 17.81991191849875 0.0 0.0 12.583461504859315 30.209220380025954 5.9770805561525075e-06 2.6395012848263097e-06 -1.11053290541004e-05 7.286656024435838e-06
