data_processed/hvc_rms/hvc_rms_index_25.ecsv
# %ECSV 1.0
# ---
# datatype:
# - {name: ra_dec_obj.ra, unit: deg, datatype: float64}
# - {name: ra_dec_obj.dec, unit: deg, datatype: float64}
# - {name: 'H-alpha flux [Error]', unit: R, datatype: float32}
# - {name: H-alpha flux, unit: R, datatype: float32}
# - {name: ra_dec_deg, datatype: string, subtype: 'float64[2]'}
# - {name: RM, unit: rad / m2, datatype: float64}
# - {name: RM_uncert, unit: rad / m2, datatype: float64}
# - {name: pol_int, datatype: float64}
# - {name: pol_int_uncert, datatype: float64}
# - {name: ra_dec_pix_offsets, datatype: string, subtype: 'float64[2]'}
# - {name: interpolation_raw, unit: rad / m2, datatype: float64}
# - {name: interpolation_cor, unit: rad / m2, datatype: float64}
# - {name: interpolation_unc, unit: rad / m2, datatype: float64}
# - {name: interpolation_cor_unc, unit: rad / m2, datatype: float64}
# - {name: HI, unit: dex(1 / cm2), datatype: float64}
# - {name: 'HI [Error]', unit: dex(1 / cm2), datatype: float64}
# - {name: pixel location x, datatype: float64}
# - {name: pixel location y, datatype: float64}
# meta: !!omap
# - __serialized_columns__:
#     ra_dec_obj:
#       __class__: astropy.coordinates.sky_coordinate.SkyCoord
#       dec: !astropy.table.SerializedColumn
#         __class__: astropy.coordinates.angles.Latitude
#         unit: &id001 !astropy.units.Unit {unit: deg}
#         value: !astropy.table.SerializedColumn {name: ra_dec_obj.dec}
#       frame: icrs
#       ra: !astropy.table.SerializedColumn
#         __class__: astropy.coordinates.angles.Longitude
#         unit: *id001
#         value: !astropy.table.SerializedColumn {name: ra_dec_obj.ra}
#         wrap_angle: !astropy.coordinates.Angle
#           unit: *id001
#           value: 360.0
#       representation_type: spherical
# schema: astropy-2.0
ra_dec_obj.ra ra_dec_obj.dec "H-alpha flux [Error]" "H-alpha flux" ra_dec_deg RM RM_uncert pol_int pol_int_uncert ra_dec_pix_offsets interpolation_raw interpolation_cor interpolation_unc interpolation_cor_unc HI "HI [Error]" "pixel location x" "pixel location y"
[from data line 2733]
268.758026006512 -66.95610048497286 1.4921875 2.897461 [268.758026006512,-66.95610048497286] 62.45972991208073 2.632418179984383 0.00021896000401260799 2.1420439482041476e-05 [1171.329101562,3709.974121094] 15.04587139805443 14.913847296418737 10.372060455019248 11.558334508780222 0.0 0.0 11.333071596951982 67.7168205466869
260.45156845601116 -67.22943879592147 1.640625 4.3828125 [260.45156845601116,-67.22943879592147] 50.06736858944062 0.346143774897641 0.0023949546043780415 3.080792970478751e-05 [-4618.1796875,4429.110107422] 17.600547066069662 17.144228552722993 11.585711107964167 10.303668678355482 0.0 0.0 44.324488843041536 89.42768718019875
260.45565806853625 -67.22801971078762 1.640625 4.3828125 [260.45565806853625,-67.22801971078762] 50.73025012535443 0.320397404583278 0.0025874549674235834 3.0808495641474064e-05 [-4615.622070312,4426.273681641] 17.600547066069662 17.144228552722993 11.585711107964167 10.303668678355482 0.0 0.0 44.31686633883044 89.40225575179261
260.4922178529735 -67.2193222189307 1.609375 4.123047 [260.4922178529735,-67.2193222189307] 42.695281963323595 2.382398891092549 0.0003404893612217286 3.0145794071284703e-05 [-4591.98046875,4408.057373047] 17.866777114323455 16.973580513727715 11.45911877079411 10.230933144154077 0.0 0.0 44.22417914499033 89.2178867730861
270.50057963016593 -66.8251723944347 1.4140625 2.1738281 [270.50057963016593,-66.8251723944347] 87.47812127670785 1.0149628843266978 0.000588449853517751 2.2195673274951693e-05 [2410.729980469,3523.919433594] 16.496902097258527 16.124165592678775 9.76923395091762 12.259837218609125 0.0 0.0 4.385830755312213 62.78070881362919
271.5480346807807 -62.39535524945498 1.5078125 3.0654297 [271.5480346807807,-62.39535524945498] 101.33725234118253 2.4998148772372004 0.0003042835789139427 2.826799899572304e-05 [3709.893798828,-4381.965820312] 14.070783832716396 16.830126571887565 10.11743939979554 9.002740321337924 0.0 0.0 19.72857004515197 8.487037517752697
268.00943008838186 -64.143875162293 1.5859375 3.8203125 [268.00943008838186,-64.143875162293] -40.13875085388232 1.4563648279932717 0.00035618007114560557 1.9277401886212523e-05 [717.4067382812,-1361.399902344] 17.668431681445707 18.44838714311458 9.720216686526847 9.17214053846897 0.0 0.0 28.666525406424398 36.8721502996309
264.7683405719842 -66.89753719283793 1.703125 5.0546875 [264.7683405719842,-66.89753719283793] 52.534089664872695 1.542496781608826 0.00037586623234704686 2.1545981388714304e-05 [-1643.069335938,3619.517089844] 15.558975271840115 15.656193500435393 9.984197591626595 9.578826558133475 0.0 0.0 28.583379367785824 75.54229440323911
262.66925100429506 -66.4607238915034 1.640625 4.3964844 [262.66925100429506,-66.4607238915034] 88.65609183990378 2.6845496845922794 0.0002063411011221455 2.058571202369785e-05 [-3178.690429688,2914.687988281] 16.453932556595696 15.49002648886131 11.4374350378652 10.388864742800552 0.0 0.0 39.84799439201538 75.61404522434532
262.4273375574755 -62.77770213877705 1.8828125 6.8496094 [262.4273375574755,-62.77770213877705] 30.830087915804736 1.321385686898186 0.0004999184810473165 2.454920844890256e-05 [-3839.556640625,-3683.0390625] 11.419361104211351 14.618698304563456 12.799250634169088 14.001559395214773 0.0 0.0 62.770145284373484 36.235476461456074
270.8894651440175 -64.92097482604476 1.4921875 2.8964844 [270.8894651440175,-64.92097482604476] 65.9488329914134 0.9516862316358902 0.000575771766379375 2.0363520135680272e-05 [2892.56640625,118.8725585938] 21.658631307371163 16.777504590525112 10.817016690520791 11.193755104684367 0.0 0.0 11.307168329397086 39.5399516122111
262.96343980068724 -66.7811050630921 1.6328125 4.296875 [262.96343980068724,-66.7811050630921] 58.48336833425299 2.3587396342879376 0.0002494024490839043 2.1861976425047326e-05 [-2929.640625,3475.572753906] 16.293747665536326 16.74157659727745 11.460830762451925 9.995756409618322 0.0 0.0 36.76513300501904 78.43219552464143
270.82290638091825 -66.08201603110093 1.4375 2.350586 [270.82290638091825,-66.08201603110093] 64.2656030508334 0.42928076748189953 0.0013282050199678649 2.1189233766070886e-05 [2718.307617188,2201.94140625] 17.683273435058844 14.799158845469924 10.824912293936942 12.239749331936027 0.0 0.0 6.320789042264437 53.368576904003476
270.81054714797364 -66.08495342961152 1.4375 2.350586 [270.81054714797364,-66.08495342961152] 62.52747696783578 0.1280470751537958 0.004452810879291792 2.118910514409667e-05 [2708.994140625,2206.688476562] 17.683273435058844 14.799158845469924 10.824912293936942 12.239749331936027 0.0 0.0 6.363172251314722 53.42744587825837
270.83538845401563 -66.07846063811186 1.4375 2.350586 [270.83538845401563,-66.07846063811186] 61.76200793186359 0.7445584930482737 0.0007636502983478355 2.1130124251600466e-05 [2727.778808594,2196.091308594] 17.683273435058844 14.799158845469924 10.824912293936942 12.239749331936027 0.0 0.0 6.280632761164043 53.30216331081647
270.81506357405266 -66.08708184879706 1.4375 2.350586 [270.81506357405266,-66.08708184879706] 63.01038873158191 0.32804618167993616 0.0017402658030049177 2.1215793346266532e-05 [2712.055664062,2210.705566406] 17.683273435058844 14.799158845469924 10.824912293936942 12.239749331936027 0.0 0.0 6.333189228690685 53.443791967340076
267.1047976782793 -66.76786042418452 1.5703125 3.7382812 [267.1047976782793,-66.76786042418452] 52.84312640656496 2.1979237350187137 0.00024216860607232957 1.9780586483979972e-05 [6.6962890625,3355.974609375] 12.732185890591985 15.405980294726533 10.767663288424757 11.204961421880574 0.0 0.0 19.36535788804565 68.94799416045498
261.44802794676815 -63.75625617141197 1.875 6.7460938 [261.44802794676815,-63.75625617141197] 97.09591793902872 0.6702639877244808 0.0009301721816749929 2.31695679944367e-05 [-4487.802734375,-1863.636230469] 14.840635573894621 17.397143807289474 14.059313071369017 14.515025363880277 18.8812255859375 9.44061279296875 61.373374097521605 49.508970157555495
261.4482726451542 -63.75767904794173 1.875 6.7460938 [261.4482726451542,-63.75767904794173] 97.01738329518601 0.7212791732590415 0.0008664891011693797 2.322604161591553e-05 [-4487.3828125,-1861.103027344] 14.840635573894621 17.397143807289474 14.059313071369017 14.515025363880277 18.8812255859375 9.44061279296875 61.36352698049279 49.52350016526725
266.1995241685388 -66.54331970390712 1.59375 3.9511719 [266.1995241685388,-66.54331970390712] 73.00192648505262 1.1939715123847032 0.0004297679635076337 1.9069385854713137e-05 [-641.8540039062,2956.548583984] 16.443869430168043 16.157837101700235 10.779510788321094 10.725984405497885 0.0 0.0 24.411231057497048 68.34275340051363
266.1992186075225 -66.54464718997002 1.59375 3.9511719 [266.1992186075225,-66.54464718997002] 73.01451450610347 1.3567204461557807 0.00037781011482942566 1.90490207087957e-05 [-642.0385742188,2958.939941406] 16.443869430168043 16.157837101700235 10.779510788321094 10.725984405497885 0.0 0.0 24.405563704223823 68.35852439142127
266.9400023036974 -63.63013464944192 1.6953125 4.9277344 [266.9400023036974,-63.63013464944192] -106.79956482478671 1.7016674058365857 0.0003026139825452308 1.913693468565174e-05 [-124.3388671875,-2290.99609375] 18.046206696875743 20.163962468987886 10.308190806702363 9.254653137461109 0.0 0.0 36.42864516977909 33.60866784292375
266.94073456548 -63.628803197499245 1.6953125 4.9277344 [266.94073456548,-63.628803197499245] -110.86514493385123 1.6506636162121846 0.0003128518709916083 1.9191372650018654e-05 [-123.7592773438,-2293.393554688] 18.046206696875743 20.163962468987886 10.308190806702363 9.254653137461109 0.0 0.0 36.432198889218284 33.591833119118064
263.02084412205465 -65.32769770567516 1.6953125 4.9316406 [263.02084412205465,-65.32769770567516] 107.1803966245788 1.3656861971452363 0.0003868577437158861 1.9634096345106598e-05 [-3058.950195312,862.873046875] 15.06070758811109 19.785538867072162 13.138699829793532 10.437312278538666 0.0 0.0 44.94108334290786 62.31143817701786
263.03912328336327 -65.32511893956226 1.6796875 4.8222656 [263.03912328336327,-65.32511893956226] 112.33223469144012 1.3692323985677652 0.000386980548539952 1.9691327978753472e-05 [-3045.548828125,857.3588867188] 14.862908952542988 19.5681109706437 13.12671560950358 10.457145964165193 0.0 0.0 44.87603934094477 62.23677300318286
268.626037347959 -65.79743184844573 1.53125 3.3164062 [268.626037347959,-65.79743184844573] 59.38865993683643 2.7058044075801746 0.00019149097385287987 1.9255438397895505e-05 [1129.362304688,1623.3671875] 20.937381023565948 15.089428758219539 10.934192625711498 11.06908653832967 0.0 0.0 17.545135200554 54.520033268063344
267.96698005698727 -64.09481824574041 1.5703125 3.7197266 [267.96698005698727,-64.09481824574041] 64.58023913970572 0.6955879353564683 0.0007389564757795156 1.910203354168831e-05 [685.2939453125,-1450.155273438] 17.301139744896865 18.287656551566286 9.698216207347244 9.223520817177583 0.0 0.0 29.11826974696055 36.41128254543628
267.9493407059123 -64.09126281709807 1.5703125 3.7197266 [267.9493407059123,-64.09126281709807] 62.42510260012309 1.9752615968869522 0.00026154355521383724 1.9198944196900798e-05 [671.509765625,-1456.742675781] 17.301139744896865 18.287656551566286 9.698216207347244 9.223520817177583 0.0 0.0 29.220115548759736 36.41213335173552
262.35937516665 -64.87822729334056 1.7421875 5.3867188 [262.35937516665,-64.87822729334056] 95.78370951447592 0.10124788740238072 0.005371326162030612 2.0210459986363975e-05 [-3615.094726562,90.68603515625] 15.696129489553336 18.572505541293495 13.845465716177545 11.507496251694501 18.336626052856445 9.168313026428223 50.498889307711465 59.11888726606276
263.53360044012913 -64.36061857944925 1.828125 6.294922 [263.53360044012913,-64.36061857944925] 32.915843513832705 2.163769720882299 0.00024672858922393965 1.9839888073931885e-05 [-2772.4609375,-898.3310546875] 20.161808866728236 20.237958079791284 14.426539732222496 11.21817746391682 18.875431060791016 9.437715530395508 48.26958405848029 50.39291391197116
265.0318294644034 -63.324760374496435 1.75 5.4726562 [265.0318294644034,-63.324760374496435] 70.96042798511986 2.7381098292432977 0.00019369056899664133 1.970915669933938e-05 [-1667.278320312,-2813.426757812] 13.45459084701768 18.761705651516138 11.302374094288284 9.93990394864225 0.0 0.0 47.20140438506087 35.0572282725509
265.1155696519868 -64.74578845266096 1.6796875 4.7773438 [265.1155696519868,-64.74578845266096] 72.50323582115765 0.8913836831524808 0.0005794084324030883 1.9193677555796595e-05 [-1520.150390625,-259.34375] 14.240794057585951 17.633573266513174 11.47425157445476 10.011286859686894 0.0 0.0 38.89745790575421 50.6312893240206
265.11483761014426 -64.73294056536629 1.6796875 4.7773438 [265.11483761014426,-64.73294056536629] 70.762013135034 0.8520162922629225 0.0006041699118977847 1.9130031973035515e-05 [-1521.435546875,-282.4409179688] 14.240794057585951 17.633573266513174 11.47425157445476 10.011286859686894 0.0 0.0 38.97180120817029 50.489802997757124
265.1145013461028 -64.73619071489648 1.6796875 4.7773438 [265.1145013461028,-64.73619071489648] 70.24706303151729 2.42738506811489 0.00021300457508833712 1.9214819578438288e-05 [-1521.510742188,-276.5854492188] 14.240794057585951 17.633573266513174 11.47425157445476 10.011286859686894 0.0 0.0 38.955363761308035 50.52688208269956
260.31497168053113 -64.38632975673396 1.796875 5.9746094 [260.31497168053113,-64.38632975673396] 86.2112313902023 2.444551914351005 0.00035334155007557094 3.20998259634033e-05 [-5263.889648438,-647.6728515625] 19.161536815288652 17.189053966754734 14.599049029356705 14.872794494169533 18.95320701599121 9.476603507995605 62.54949998044185 59.40730628231222
262.81298886328125 -66.50017543673268 1.671875 4.705078 [262.81298886328125,-66.50017543673268] 87.62898300411501 2.9883259170991647 0.0001852524283787842 2.057313965445821e-05 [-3070.794921875,2978.40234375] 15.74364843915881 15.179120270651113 11.615720430585757 10.364133441049708 0.0 0.0 39.01649754434402 75.69862473765647
262.79785118359644 -66.49890900596274 1.671875 4.705078 [262.79785118359644,-66.49890900596274] 79.54633898779238 2.3323378667542984 0.00023678623479387356 2.0523745386440193e-05 [-3081.786132812,2976.865234375] 15.74364843915881 15.179120270651113 11.615720430585757 10.364133441049708 0.0 0.0 39.08725263703559 75.72136081369467
265.0103459275523 -66.74526975538643 1.6640625 4.623047 [265.0103459275523,-66.74526975538643] 77.91955668780334 0.5626496830452284 0.0009775300383697764 2.0439811830946206e-05 [-1481.446289062,3339.778564453] 14.55249403690401 15.043810613158438 9.95121139845285 9.6773797173546 0.0 0.0 28.395552638627578 73.28310820552633
265.0102540828313 -66.74648282797266 1.6640625 4.623047 [265.0102540828313,-66.74648282797266] 77.83025292931397 0.6047394975896695 0.0009083290996109406 2.041363125683458e-05 [-1481.438476562,3341.961914062] 14.55249403690401 15.043810613158438 9.95121139845285 9.6773797173546 0.0 0.0 28.38934384083791 73.29697027433804
265.02325469478234 -66.74654390364785 1.6640625 4.623047 [265.02325469478234,-66.74654390364785] 77.76454498510606 2.909754904535151 0.00018956151209057658 2.0498178767885487e-05 [-1472.202148438,3341.768066406] 14.55249403690401 15.043810613158438 9.95121139845285 9.6773797173546 0.0 0.0 28.334104582473174 73.2682931003335
271.2448425118777 -63.15373975255969 1.46875 2.7060547 [271.2448425118777,-63.15373975255969] 79.92014195994733 2.484897020616085 0.0002304716333267833 2.1283084933256703e-05 [3369.921875,-3037.875] 19.448173261606687 18.905696193722903 10.268230687021614 8.799138217445996 0.0 0.0 17.743128077721508 18.040192909209054
270.6302183255841 -63.972484591535746 1.6015625 4.0527344 [270.6302183255841,-63.972484591535746] 5.220200578349859 1.075488839194161 0.0004992395769507522 1.9953708231354558e-05 [2790.103515625,-1597.128417969] 20.177501543013367 16.839485683476013 10.130747007098172 10.04268299669652 0.0 0.0 16.94684296346486 28.967293552185083
270.63021864563234 -63.97390759984122 1.6015625 4.0527344 [270.63021864563234,-63.97390759984122] 4.113721878591015 1.3194318434151917 0.00040659696350218435 1.993699937942415e-05 [2789.961914062,-1594.571289062] 20.177501543013367 16.839485683476013 10.130747007098172 10.04268299669652 0.0 0.0 16.94016496854988 28.983924102863057
263.7471012432957 -66.35942836764804 1.6015625 4.0253906 [263.7471012432957,-66.35942836764804] 92.54035038506781 0.7317947564360983 0.0007399546509639867 2.012348066252057e-05 [-2415.404296875,2685.091552734] 16.44613203895498 14.871266472859856 11.364627821374789 10.5041145383036 0.0 0.0 35.884678148264584 71.90105426719492
266.55923471860837 -64.75096886255658 2.234375 10.347656 [266.55923471860837,-64.75096886255658] -7.104874698670453 2.5665064369464656 0.00020128892677021899 1.9198661228557526e-05 [-411.7153320312,-272.0849609375] 15.742988880108205 18.692284229022256 10.405433517627284 9.891319642286161 19.27808952331543 9.639044761657715 32.273950913993644 47.193206212139785
266.55960054178723 -64.7522736790887 2.234375 10.347656 [266.55960054178723,-64.7522736790887] -1.3178251289606269 0.910315913556931 0.0005667695727830868 1.917376344426874e-05 [-411.4145507812,-269.7387695312] 15.742988880108205 18.692284229022256 10.405433517627284 9.891319642286161 19.27808952331543 9.639044761657715 32.26535658438104 47.20709338950974
272.5190733939277 -63.996204401805656 1.4296875 2.319336 [272.5190733939277,-63.996204401805656] 70.61061101052147 2.2935570108567314 0.00027508082186315157 2.344652883403484e-05 [4273.759033203,-1449.115722656] 17.612945394301764 17.01628053161763 9.353889205805649 10.490306702344323 0.0 0.0 7.635934577782791 25.2593647175936
270.1799928057876 -64.13766491904587 1.5546875 3.5361328 [270.1799928057876,-64.13766491904587] 72.9664605532622 2.7549498265861923 0.0001926690573707207 1.9725788378085256e-05 [2420.708496094,-1318.771484375] 19.86974829695898 16.909257007187513 10.307839768990037 9.832334193502598 0.0 0.0 18.339593261549908 31.87892919431829
