data_processed/hvc_rms/hvc_rms_index_18_with_B.ecsv
# %ECSV 1.0
# ---
# datatype:
# - {name: ra_dec_obj.ra, unit: deg, datatype: float64}
# - {name: ra_dec_obj.dec, unit: deg, datatype: float64}
# - {name: 'H-alpha flux [Error]', unit: R, datatype: float32}
# - {name: H-alpha flux, unit: R, datatype: float32}
# - {name: ra_dec_deg, datatype: string, subtype: 'float64[2]'}
# - {name: RM, unit: rad / m2, datatype: float64}
# - {name: RM_uncert, unit: rad / m2, datatype: float64}
# - {name: pol_int, datatype: float64}
# - {name: pol_int_uncert, datatype: float64}
# - {name: ra_dec_pix_offsets, datatype: string, subtype: 'float64[2]'}
# - {name: interpolation_raw, unit: rad / m2, datatype: float64}
# - {name: interpolation_cor, unit: rad / m2, datatype: float64}
# - {name: interpolation_unc, unit: rad / m2, datatype: float64}
# - {name: interpolation_cor_unc, unit: rad / m2, datatype: float64}
# - {name: HI, unit: dex(1 / cm2), datatype: float64}
# - {name: 'HI [Error]', unit: dex(1 / cm2), datatype: float64}
# - {name: pixel location x, datatype: float64}
# - {name: pixel location y, datatype: float64}
# - {name: 'B_virtual [raw]', unit: G, datatype: float64}
# - {name: 'B_virtual_unc [raw]', unit: G, datatype: float64}
# - {name: 'B_virtual [int]', unit: G, datatype: float64}
# - {name: 'B_virtual_unc [int]', unit: G, datatype: float64}
# meta: !!omap
# - __serialized_columns__:
#     ra_dec_obj:
#       __class__: astropy.coordinates.sky_coordinate.SkyCoord
#       dec: !astropy.table.SerializedColumn
#         __class__: astropy.coordinates.angles.Latitude
#         unit: &id001 !astropy.units.Unit {unit: deg}
#         value: !astropy.table.SerializedColumn {name: ra_dec_obj.dec}
#       frame: icrs
#       ra: !astropy.table.SerializedColumn
#         __class__: astropy.coordinates.angles.Longitude
#         unit: *id001
#         value: !astropy.table.SerializedColumn {name: ra_dec_obj.ra}
#         wrap_angle: !astropy.coordinates.Angle
#           unit: *id001
#           value: 360.0
#       representation_type: spherical
# schema: astropy-2.0
ra_dec_obj.ra ra_dec_obj.dec "H-alpha flux [Error]" "H-alpha flux" ra_dec_deg RM RM_uncert pol_int pol_int_uncert ra_dec_pix_offsets interpolation_raw interpolation_cor interpolation_unc interpolation_cor_unc HI "HI [Error]" "pixel location x" "pixel location y" "B_virtual [raw]" "B_virtual_unc [raw]" "B_virtual [int]" "B_virtual_unc [int]"
[from data line 3063]
185.14419543982032 -62.48701862588179 5.84375 46.328125 [185.14419543982032,-62.48701862588179] 410.07383149804195 1.9596620539862795 0.0003094006657176088 2.2532590819090416e-05 [2.11181640625,3897.620849609] 376.54083894412867 315.5953493433202 190.57414415863815 145.2788547716089 0.0 0.0 22.057807773005834 9.484190978248307 6.775132913824083e-05 3.4556896400576083e-06 5.540233589670563e-06 3.151017372435361e-05
184.8081515189541 -61.49573504130375 6.0625 48.609375 [184.8081515189541,-61.49573504130375] 400.32268948140626 2.9015083896499405 0.00016965602509977406 1.829371131717127e-05 [-286.5126953125,2114.819824219] 174.0431206762974 260.22355025244906 89.00459978265081 122.22480287344612 0.0 0.0 33.63302885377925 12.816097845257673 6.61402708811719e-05 3.4019662065935666e-06 3.738532031505001e-05 1.4866218975143644e-05
179.1641695030487 -60.359710680013784 6.21875 50.078125 [179.1641695030487,-60.359710680013784] 270.02919687893456 1.3561011811035677 0.0005267344774297593 2.6545599844529422e-05 [-5311.549804688,310.4291992188] 95.77697122851418 145.14079409536308 45.960359778296734 71.66665663227137 0.0 0.0 41.53430175616063 47.54672443919253 4.4613519784587586e-05 2.4372884876833216e-06 2.8789498344687753e-05 7.806667674356391e-06
183.74575793678403 -59.70626830202511 6.0625 48.703125 [183.74575793678403,-59.70626830202511] 166.45086553043316 1.3765307294580547 0.0003353657062784532 1.7155890463988256e-05 [-1267.413085938,-1093.344238281] 80.66550352954118 79.5826668594149 55.39068629205931 52.4661229321504 0.0 0.0 54.083733710386696 21.878111335279073 2.750057796836346e-05 1.7661073249075795e-06 1.4173233817270106e-05 9.25196118808489e-06
183.4548039788718 -61.23437888146422 5.5 43.140625 [183.4548039788718,-61.23437888146422] 170.7791304604981 0.20594882308240672 0.002354710548001933 1.802210629657946e-05 [-1460.998046875,1662.440429688] 185.94068448797583 270.8285822679102 88.74158183485454 127.65304931371645 0.0 0.0 35.68911280801717 20.952833411236725 2.8215682613795428e-05 1.7775556514587548e-06 -2.5049524213977297e-06 1.4707722945121057e-05
186.0146944019686 -58.560165487837594 5.71875 45.3125 [186.0146944019686,-58.560165487837594] 141.58307129591714 2.756918757880373 0.00017475902872044868 1.790491624343235e-05 [819.5224609375,-3163.876953125] 6.140482200877342 -19.925697070947344 33.99212026170949 20.305696605505787 0.0 0.0 69.45794473446745 9.696784098475746 2.3391985849793253e-05 1.6723067232821056e-06 2.2377471392386e-05 5.850714584645124e-06
183.7589569626308 -59.58077617016017 5.84375 46.421875 [183.7589569626308,-59.58077617016017] 95.54927112816327 3.0937312504248364 0.00015000214612993207 1.724601502384114e-05 [-1260.139648438,-1319.417480469] 77.35267740690263 72.97805838673786 52.40939468732926 48.87203721342026 0.0 0.0 55.58587457818908 22.011443189275724 1.578640142306694e-05 1.4726956831237193e-06 3.0063937654843087e-06 8.751958735158345e-06
183.2068331283994 -58.482948552207354 5.0 38.03125 [183.2068331283994,-58.482948552207354] 288.9946467252728 1.0238201861143204 0.0004937804584462972 1.8787383033725754e-05 [-1820.364257812,-3281.471679688] 25.248429731221616 -3.118585093424322 35.015315792477764 23.554985447940783 0.0 0.0 68.12468355888905 27.30811675126074 4.774694195420046e-05 2.5652979046647128e-06 4.35754622314035e-05 6.259171623685234e-06
186.89785770769217 -60.359043071705216 5.96875 47.59375 [186.89785770769217,-60.359043071705216] -26.674312923916226 3.2833649316262017 0.00014888698896646318 1.816705811664122e-05 [1563.080566406,88.9794921875] 58.69117348418322 100.40679540937711 47.29054583992202 63.459799884012945 0.0 0.0 48.51425426259084 2.1798546541415362 -4.407060425784104e-06 1.2946969485471255e-06 -1.4103863066689702e-05 7.945641988820866e-06
183.03411857296095 -61.72303773254733 6.3125 50.984375 [183.03411857296095,-61.72303773254733] -1484.100292454449 1.5027302096521977 0.00034361395461825325 1.9189361002341927e-05 [-1796.76171875,2551.877685547] 262.0960924994618 291.86092082249166 125.37702773119247 128.32981494124252 0.0 0.0 29.532031531512075 22.46491874670346 -0.00024519918040349513 1.1786423551872712e-05 -0.0002885020133687404 2.4917281939500848e-05
186.65699742709526 -59.724590278277695 5.9375 47.28125 [186.65699742709526,-59.724590278277695] 81.1108424258735 2.9133104455148047 0.00016443502351506456 1.7802860709251247e-05 [1374.895019531,-1058.029785156] 26.94409918006967 47.614160575212814 38.670777265268626 48.210543500479176 0.0 0.0 55.9574237336974 4.33783328000186 1.3400921882286906e-05 1.4071215382739383e-06 8.949288074751393e-06 6.52478502979621e-06
185.80432108047717 -60.85076912400995 5.34375 41.484375 [185.80432108047717,-60.85076912400995] 62.11324419524307 1.6131781912043242 0.0002973120867702718 1.782393584846635e-05 [580.927734375,956.1943359375] 88.73536716370998 176.68349569747357 45.184375340435636 89.39405564104656 0.0 0.0 41.99371626138918 7.99605019311025 1.0262188240450877e-05 1.2843142641821926e-06 -4.398437737434448e-06 7.561924857108655e-06
185.8001557524628 -60.85497274284185 5.34375 41.484375 [185.8001557524628,-60.85497274284185] 67.41140539737594 2.417195078428407 0.00019858615861560977 1.7838953750175737e-05 [577.2001953125,963.7236328125] 88.73536716370998 176.68349569747357 45.184375340435636 89.39405564104656 0.0 0.0 41.94091226755472 8.014739943450877 1.1137536618868133e-05 1.334453029449388e-06 -3.5230893590171925e-06 7.56672332393675e-06
185.81849651524888 -60.837429098129554 5.34375 41.484375 [185.81849651524888,-60.837429098129554] 88.58718138310407 1.4118794876419674 0.00033936868728123864 1.7806480989085494e-05 [593.6025390625,932.310546875] 88.73536716370998 176.68349569747357 45.184375340435636 89.39405564104656 0.0 0.0 42.161892901802275 7.931130025463972 1.4636143109620449e-05 1.371838664967453e-06 -2.4482868264873316e-08 7.5578988777246495e-06
184.3503112921313 -62.48482508509446 6.4375 52.34375 [184.3503112921313,-62.48482508509446] -3.9827982952877776 3.1312787816124428 0.00019632385706047834 2.2845649844492012e-05 [-658.0375976562,3897.635498047] 464.52658183581394 313.45578144170213 251.02231150215277 152.28551926510846 0.0 0.0 21.53121245243119 13.85361411952158 -6.580275488672708e-07 1.267349761472351e-06 -7.740589810780703e-05 4.165742139112093e-05
187.05447365364972 -60.16263187648661 5.5 43.0625 [187.05447365364972,-60.16263187648661] 29.90191128136715 2.665942176548656 0.00017827760468694831 1.7662664472316143e-05 [1712.670898438,-260.5366210938] 47.71193842743176 78.60267497593631 42.47002414976907 57.103155931907814 0.0 0.0 50.946468130144694 1.4660213188333273 4.940315810169066e-06 1.259910280069509e-06 -2.942526243935147e-06 7.126475089903928e-06
185.21690391561833 -58.072391301252615 6.125 49.09375 [185.21690391561833,-58.072391301252615] 107.04576800223472 0.6303328098739247 0.0009056515621704669 2.121483982869768e-05 [71.48583984375,-4046.701171875] 21.348886170072248 -19.04938358106935 29.746878744902975 15.621144013406768 0.0 0.0 74.7080538502521 15.368088351622646 1.7685822658522417e-05 1.4366070023497314e-06 1.4158615354512069e-05 5.095214912308942e-06
185.21768168253962 -58.070259199992584 6.125 49.09375 [185.21768168253962,-58.070259199992584] 108.13097136126216 0.7867374865056818 0.0007244233594169621 2.1180245662512716e-05 [72.23046875,-4050.53515625] 21.348886170072248 -19.04938358106935 29.746878744902975 15.621144013406768 0.0 0.0 74.73404414372499 15.36621914508737 1.7865117127742268e-05 1.4437691336932918e-06 1.433790982373192e-05 5.096955127702939e-06
181.71031182919603 -57.73772426486534 4.125 29.382812 [181.71031182919603,-57.73772426486534] 272.60085493692816 2.587885798191381 0.00028856444203289385 2.7752149420894512e-05 [-3295.12890625,-4562.796875] 19.552941148008227 -12.27681109470143 33.70039736016924 19.28435168187795 0.0 0.0 75.42130986742177 38.14261481986591 4.5038402423115486e-05 2.481957889424527e-06 4.180791647257347e-05 6.043162147455626e-06
186.35803214705464 -61.21812828729169 6.0 47.890625 [186.35803214705464,-61.21812828729169] 129.02165287248428 2.360066944612488 0.0002099168620051469 1.8411126030033347e-05 [1054.060546875,1624.182617188] 104.68018663176129 210.04689256583652 64.92258464751565 103.77580738135299 0.0 0.0 37.94801004756914 4.331235473452352 2.1316621052824426e-05 1.5902655227380805e-06 4.021633579880057e-06 1.0797265882828741e-05
184.58967611584666 -61.344387145973016 5.65625 44.4375 [184.58967611584666,-61.344387145973016] 355.1705326763394 0.4062288373992786 0.0012061279187595712 1.820844352306476e-05 [-476.4877929688,1843.716796875] 153.8796956817393 239.11762651563086 74.71174653209061 115.51496933865177 0.0 0.0 35.27616547288039 14.290043769389285 5.8680349271869816e-05 3.0361517447407037e-06 3.325674720552915e-05 1.2499531974058591e-05
181.00048866915142 -58.29144690419585 4.5625 33.65625 [181.00048866915142,-58.29144690419585] 262.97205699967094 2.8107682572749684 0.0002050705312549323 2.1420864792036214e-05 [-3914.58984375,-3529.685546875] 29.7123195932278 -3.9679734495518026 34.606008063300415 21.941020969496794 0.0 0.0 68.07972156005462 41.40900293902109 4.3447557535819025e-05 2.423010111063638e-06 3.8538565569988136e-05 6.1351745911948e-06
183.3860173066657 -58.0541689528255 4.65625 34.59375 [183.3860173066657,-58.0541689528255] 255.75529300070642 0.9075955347979537 0.0006397064352732353 2.1576538539868565e-05 [-1671.97265625,-4057.229492188] 11.085795414207855 -9.438901983683962 33.997736154217066 19.293131426365544 0.0 0.0 73.38083350114039 26.951617509844482 4.2255222606226754e-05 2.3332536510667723e-06 4.042365639503148e-05 6.0538071341972395e-06
180.67979420408037 -59.935104379334824 4.875 36.859375 [180.67979420408037,-59.935104379334824] 261.5636394197547 0.6400645858769194 0.0008254749652104514 1.963524879799557e-05 [-4019.56640625,-558.7734375] 64.16170402460178 103.6933069945996 42.23619133244572 62.23198301284866 0.0 0.0 48.33198192799023 39.68618624368082 4.3214862455832076e-05 2.3707338067555433e-06 3.261423302390516e-05 7.2440569659921164e-06
186.83015426593442 -59.869857893740374 6.53125 53.375 [186.83015426593442,-59.869857893740374] 153.43097404021893 3.0517085917839037 0.00015556536821811513 1.7642685192321357e-05 [1525.31640625,-792.8305664062] 30.1883270370774 54.493970431072626 39.1172187147225 50.718746324604325 0.0 0.0 54.32133310405402 3.1301691888954792 2.5349465446807944e-05 1.7497389056287527e-06 2.0361828772333507e-05 6.656459842714984e-06
181.44844028759934 -61.38116826250769 7.6875 64.8125 [181.44844028759934,-61.38116826250769] 143.2288848443111 3.137329784694512 0.0001666847585723794 1.9434114899596535e-05 [-3181.990234375,1997.09765625] 220.61968017268478 276.8006527796466 101.27557678425119 131.55804238462684 0.0 0.0 32.09200667197456 32.080166397144694 2.3663902872662214e-05 1.6991417754175368e-06 -1.2786305401172405e-05 1.679155404994797e-05
183.03388936373315 -60.098651941658055 6.5625 53.515625 [183.03388936373315,-60.098651941658055] 437.650885292125 0.6000928956831929 0.0007775541897271852 1.7340349809650007e-05 [-1890.981445312,-370.2543945312] 96.30294864616837 118.9458884152622 63.10836132840498 67.38125520246432 0.0 0.0 48.798147953890066 25.429166686430335 7.230753805662146e-05 3.6477976299853617e-06 5.639661599930698e-05 1.0832192027138742e-05
183.02957133619736 -60.100551537287735 6.5625 53.515625 [183.02957133619736,-60.100551537287735] 460.7456483586474 0.6264863087608675 0.0007444781839710989 1.7332941183935204e-05 [-1894.744140625,-366.712890625] 96.30294864616837 118.9458884152622 63.10836132840498 67.38125520246432 0.0 0.0 48.77169055133959 25.451250025331092 7.612319458894305e-05 3.821356789393283e-06 6.0212272531628564e-05 1.0879108110925377e-05
179.70159932018865 -62.311023780207414 6.40625 52.15625 [179.70159932018865,-62.311023780207414] 840.9155273388043 1.4222865737066297 0.0004698619356133449 2.4835109373188497e-05 [-4543.280273438,3768.653564453] 382.5820913268376 332.2518344448707 147.29324498438572 152.08666534726632 0.0 0.0 19.263725152555253 39.679168872603896 0.00013893387066924 6.74865279848004e-06 7.572465515507022e-05 2.4631703707709378e-05
186.83715810012873 -58.91203331132421 5.65625 44.4375 [186.83715810012873,-58.91203331132421] 69.44310844785761 0.5053858436367314 0.000956681478977204 1.7967975309991006e-05 [1575.514160156,-2515.94140625] 6.649017738713083 -0.13499125645332555 37.048871174345436 27.14001359056645 0.0 0.0 65.76878677908326 4.16501750966404 1.1473209299032822e-05 1.2828120622675645e-06 1.0374675926113359e-05 6.249703473151443e-06
182.38633700425152 -58.65899651516495 4.875 36.84375 [182.38633700425152,-58.65899651516495] 370.9574769181819 0.12263550812916804 0.004074220477931878 1.8568185465267912e-05 [-2578.755859375,-2937.544921875] 52.00307550889388 17.799527466557546 39.96623235903816 25.70332123598494 0.0 0.0 65.23774579572523 32.061113754600456 6.128862703372753e-05 3.1511678467529026e-06 5.269681450052353e-05 7.1617684263050236e-06
182.39442494393853 -58.67295822373864 4.875 36.84375 [182.39442494393853,-58.67295822373864] 447.62443081290326 0.2647208410643167 0.0018925567348067863 1.8618545255572372e-05 [-2570.163085938,-2912.76171875] 52.00307550889388 17.799527466557546 39.96623235903816 25.70332123598494 0.0 0.0 65.08059978763617 31.98399094564752 7.395534124070906e-05 3.721530149714643e-06 6.536352870750507e-05 7.396823198106732e-06
182.38584866949634 -58.66080081854669 4.875 36.84375 [182.38584866949634,-58.66080081854669] 372.50683598601773 0.18712776987059354 0.0026848605144966565 1.8671047030487433e-05 [-2579.079101562,-2934.282226562] 52.00307550889388 17.799527466557546 39.96623235903816 25.70332123598494 0.0 0.0 65.21588646482383 32.060609818501234 6.15446080988318e-05 3.162645212464727e-06 5.295279556562782e-05 7.166123894693964e-06
179.55802875319054 -58.87165843219943 5.1875 39.890625 [179.55802875319054,-58.87165843219943] 371.1241689286579 3.060429770655449 0.00021965523229819625 2.4982314650238508e-05 [-5187.583007812,-2388.944335938] 45.22781423676324 28.200803876167658 40.531040403817144 31.71512669660261 0.0 0.0 59.49760082812213 48.923122782103974 6.131616745303498e-05 3.1926226911922866e-06 5.384374592015112e-05 7.284692644593397e-06
181.27281175376598 -58.17366798907522 4.28125 30.820312 [181.27281175376598,-58.17366798907522] 321.5026148144021 1.342802930817162 0.00043601536221273365 2.175819049657311e-05 [-3669.74609375,-3756.828125] 26.86703902964287 -8.913534328033446 32.99752884933346 18.682220005423652 0.0 0.0 69.78153743947632 39.969635807335635 5.311782367463656e-05 2.8000864396645877e-06 4.867892154421377e-05 6.043894830477795e-06
184.4711607665849 -58.40322852950384 5.65625 44.4375 [184.4711607665849,-58.40322852950384] 254.8664029284966 1.4151297339643685 0.00035450421276585984 1.8643453329619094e-05 [-632.4555664062,-3448.40234375] 11.482623427167493 -24.447803548648068 28.123974500818846 15.45739131480707 0.0 0.0 70.18264793452227 19.5601851161955 4.2108362506351574e-05 2.3340763687022514e-06 4.0211233405617396e-05 5.165395206908446e-06
185.10136422462477 -58.81638313036778 5.0 38.078125 [185.10136422462477,-58.81638313036778] 190.24783047230167 0.9063413028755004 0.0005253180872578113 1.7693869878220448e-05 [-37.6728515625,-2708.271484375] 17.02105872143418 -0.7104122819808794 33.69123589076308 25.999256403131504 0.0 0.0 65.75744939401693 15.020009432126926 3.1432250463479526e-05 1.9025827503366138e-06 2.8620075525360567e-05 5.8496245206776025e-06
