data_processed/hvc_rms/hvc_rms_index_25_with_B.ecsv
# %ECSV 1.0
# ---
# datatype:
# - {name: ra_dec_obj.ra, unit: deg, datatype: float64}
# - {name: ra_dec_obj.dec, unit: deg, datatype: float64}
# - {name: 'H-alpha flux [Error]', unit: R, datatype: float32}
# - {name: H-alpha flux, unit: R, datatype: float32}
# - {name: ra_dec_deg, datatype: string, subtype: 'float64[2]'}
# - {name: RM, unit: rad / m2, datatype: float64}
# - {name: RM_uncert, unit: rad / m2, datatype: float64}
# - {name: pol_int, datatype: float64}
# - {name: pol_int_uncert, datatype: float64}
# - {name: ra_dec_pix_offsets, datatype: string, subtype: 'float64[2]'}
# - {name: interpolation_raw, unit: rad / m2, datatype: float64}
# - {name: interpolation_cor, unit: rad / m2, datatype: float64}
# - {name: interpolation_unc, unit: rad / m2, datatype: float64}
# - {name: pixel location x, datatype: float64}
# - {name: pixel location y, datatype: float64}
# - {name: 'B_virtual [raw]', unit: G, datatype: float64}
# - {name: 'B_virtual_unc [raw]', unit: G, datatype: float64}
# - {name: 'B_virtual [int]', unit: G, datatype: float64}
# - {name: 'B_virtual_unc [int]', unit: G, datatype: float64}
# - {name: 'B_virtual [cor]', unit: G, datatype: float64}
# - {name: 'B_virtual_unc [cor]', unit: G, datatype: float64}
# meta: !!omap
# - __serialized_columns__:
#     ra_dec_obj:
#       __class__: astropy.coordinates.sky_coordinate.SkyCoord
#       dec: !astropy.table.SerializedColumn
#         __class__: astropy.coordinates.angles.Latitude
#         unit: &id001 !astropy.units.Unit {unit: deg}
#         value: !astropy.table.SerializedColumn {name: ra_dec_obj.dec}
#       frame: icrs
#       ra: !astropy.table.SerializedColumn
#         __class__: astropy.coordinates.angles.Longitude
#         unit: *id001
#         value: !astropy.table.SerializedColumn {name: ra_dec_obj.ra}
#         wrap_angle: !astropy.coordinates.Angle
#           unit: *id001
#           value: 360.0
#       representation_type: spherical
# schema: astropy-2.0
ra_dec_obj.ra ra_dec_obj.dec "H-alpha flux [Error]" "H-alpha flux" ra_dec_deg RM RM_uncert pol_int pol_int_uncert ra_dec_pix_offsets interpolation_raw interpolation_cor interpolation_unc "pixel location x" "pixel location y" "B_virtual [raw]" "B_virtual_unc [raw]" "B_virtual [int]" "B_virtual_unc [int]" "B_virtual [cor]" "B_virtual_unc [cor]"
[from data line 2202]
257.668182598587 -63.73143001344062 1.9609375 7.5976562 [257.668182598587,-63.73143001344062] 97.23117633037492 3.0130617938668696 0.00016430117484293968 1.8397440651976832e-05 [1740.694824219,-2078.826660156] 18.710764769975164 16.91160087296016 15.075071324216559 78.48465980968194 60.34159518901674 9.317820803786156e-06 1.6378424505926461e-06 7.524737969572221e-06 2.0055007969546773e-06 7.697154754205835e-06 2.0216328852359207e-06
256.13366702621283 -64.70832826909104 1.9453125 7.4335938 [256.13366702621283,-64.70832826909104] 47.858027264965436 2.4447157757678397 0.0001941133744093332 1.7635693301803008e-05 [500.6875,-348.0249023438] 27.1802884061814 21.870622198409105 17.531795539033876 78.4552600942443 74.97009342715 4.636646811185749e-06 1.0287072865900605e-06 2.003328959033345e-06 1.8714397752092656e-06 2.5177472979762576e-06 1.8870461564178012e-06
261.73608391225616 -64.50525653534856 1.796875 5.935547 [261.73608391225616,-64.50525653534856] 101.38805593605991 1.3013859542219688 0.0004994362147311417 2.4154321838464797e-05 [4835.425170898,-477.0083007812] 17.76642226530796 19.478004901292557 14.84339971876993 55.50666907554057 56.75105497006484 1.0992717326941738e-05 2.0840709287506026e-06 9.066442520008063e-06 2.3948076640477733e-06 8.880868944054047e-06 2.373145247697379e-06
258.00714130024136 -65.46288300066257 1.734375 5.3632812 [258.00714130024136,-65.46288300066257] 24.770993351444368 1.732901593368737 0.0002760094917355123 1.777487771254095e-05 [1886.557128906,1045.196777344] 18.086984747423546 18.201311718685062 14.701615894632809 65.5362090509434 77.2221369378367 2.8253793780232752e-06 9.746283023164554e-07 7.623779880119105e-07 1.8730523926187152e-06 7.493378542404761e-07 1.872872185391755e-06
260.3060608801906 -64.17331701632003 1.8046875 6.0664062 [260.3060608801906,-64.17331701632003] 80.82508202591215 0.6010024788601982 0.0008871250458644362 1.981389271546313e-05 [3777.95703125,-1169.555664062] 18.449452160705164 17.054413618685956 14.658876029506503 63.927826147793894 57.17572535276622 8.668202392271271e-06 1.6848655979623937e-06 6.689564309302818e-06 2.0956744804482747e-06 6.839177228017391e-06 2.1102201188381146e-06
259.0010375995175 -65.31698602167704 1.84375 6.439453 [259.0010375995175,-65.31698602167704] 70.09650969927924 2.764563647773195 0.00017636323217874695 1.8119380523239065e-05 [2643.109375,818.4477539062] 17.931899082343108 19.058546812779767 14.726192273373151 62.31357039523573 72.90659982550574 7.296599933390947e-06 1.4615594628424478e-06 5.430003519231067e-06 1.9510669908698543e-06 5.3127266706386505e-06 1.9418126652998284e-06
261.631622341311 -63.88582623573159 1.921875 7.189453 [261.631622341311,-63.88582623573159] 82.90553362723519 1.222057518712921 0.0005642604137225972 2.5625947584010525e-05 [4862.463378906,-1594.580078125] 15.995092333122024 18.15428628805862 13.505628865333756 59.74435470583808 50.38229469113003 8.167407507750585e-06 1.4906604416311714e-06 6.5916569939659565e-06 1.840774443842409e-06 6.378944812442218e-06 1.8212120945010076e-06
255.30937165456552 -65.12826551064636 1.8984375 6.984375 [255.30937165456552,-65.12826551064636] 62.73984210536878 2.2604050192400225 0.0002097059025572383 1.7615931821684558e-05 [-131.1059570312,405.4765625] 26.08593488985086 23.707513055408796 16.00025194564649 78.96438804968682 81.70417290095293 6.27087698018062e-06 1.259131533562885e-06 3.6635754136174134e-06 1.8586895452334196e-06 3.901299804216181e-06 1.8714993827684629e-06
253.99383568086628 -65.29432691219262 1.875 6.78125 [253.99383568086628,-65.29432691219262] 34.76685599610724 2.0618296980674704 0.000230050269130489 1.7627236835738262e-05 [-1119.860839844,717.3999023438] 24.270978968842492 23.502760391434116 16.382782896974724 83.13277923055455 87.38059335244293 3.526624133693271e-06 9.414701847498006e-07 1.0646638060333417e-06 1.8276701788164431e-06 1.1425891201699792e-06 1.828950217577885e-06
259.86190793255855 -62.997306690451154 2.03125 8.285156 [259.86190793255855,-62.997306690451154] 70.71830421100734 1.9667001509808701 0.0002878741694065394 2.1040184907390454e-05 [3575.506347656,-3306.063476562] 13.36843488480098 12.265312828133435 12.76862648214221 73.40389970782326 46.08613856511511 6.489782179757276e-06 1.1913313822629131e-06 5.262967828726459e-06 1.5680765628971207e-06 5.364200768986131e-06 1.5759899515428174e-06
257.1216432307243 -63.102058595360134 2.078125 8.7578125 [257.1216432307243,-63.102058595360134] 125.84588759408217 1.9061240576307958 0.0002741069882064221 1.941690356448686e-05 [1334.497070312,-3224.08203125] 19.96681305460079 14.842706554840632 15.919573871669282 85.15775891323369 55.611509658898285 1.1232846933415433e-05 1.7937352975654647e-06 9.450634108838411e-06 2.102175597795422e-06 9.908005462664293e-06 2.1483701157744475e-06
257.663452474259 -67.06589507728708 1.71875 5.1503906 [257.663452474259,-67.06589507728708] 23.986901535432047 2.233668747176142 0.00026036511716048696 2.1612761917726928e-05 [1529.411621094,3918.434692383] 13.323752283294503 18.205046362162594 11.668866409211905 56.38594764402819 94.85880454749031 2.791918279570178e-06 1.0057681454275839e-06 1.2411207537935831e-06 1.6221686249622138e-06 6.729700842867794e-07 1.6100762341634388e-06
261.0874940034401 -66.42259974313392 1.6953125 4.9765625 [261.0874940034401,-66.42259974313392] 78.09353289865524 2.160371753921694 0.0002582901741437012 2.0736959460657533e-05 [4029.054443359,2913.299072266] 19.717128793710835 19.188278420680774 11.802412565112801 46.66314209526479 79.12935713774186 9.246959879475875e-06 1.981356583687005e-06 6.912278733336536e-06 2.11629073223184e-06 6.974899260288506e-06 2.123902083652785e-06
253.9409182280635 -65.49866477605214 1.8828125 6.845703 [253.9409182280635,-65.49866477605214] 40.530526360762195 2.873159531311501 0.00016461567779885668 1.7576793012410647e-05 [-1150.653320312,1086.038574219] 26.71286207301548 24.629104142533116 16.155100831439235 81.87933512433926 89.56608483450873 4.0918701867271666e-06 1.0177566606733663e-06 1.3950001055000409e-06 1.8155544668843143e-06 1.605371588865517e-06 1.8202437375118536e-06
257.8274843651858 -64.15840898154808 1.9609375 7.625 [257.8274843651858,-64.15840898154808] 78.95290955726267 3.109441309561786 0.00015125205727574027 1.747802505589049e-05 [1839.268066406,-1306.356933594] 20.43051807308084 16.850083333767753 14.684710735403687 74.93624869495602 64.2497921572276 7.552606349690053e-06 1.393575807942441e-06 5.598230489554146e-06 1.8116805583105472e-06 5.940733562568501e-06 1.838353806739207e-06
257.3324587985947 -64.53001391991579 1.90625 7.048828 [257.3324587985947,-64.53001391991579] 119.12832795142569 2.865651026826116 0.00016705347092977688 1.779047355565448e-05 [1431.686035156,-650.6499023438] 23.54870361557738 19.115021593797636 15.3943705594987 74.58722100547016 69.54922406000196 1.1852370526967702e-05 2.067047405892826e-06 9.509452050051173e-06 2.3017546938787764e-06 9.950569985848238e-06 2.350437692507835e-06
254.2263947203107 -64.98258210295272 1.9609375 7.642578 [254.2263947203107,-64.98258210295272] 50.7398312493247 3.039301383673741 0.00015523530298937663 1.753367549673434e-05 [-956.125,152.5771484375] 22.648532143951577 22.15211170769955 16.225760563548487 84.4231627336004 83.57292672784297 4.848168541954986e-06 1.0530572187890181e-06 2.684111264700566e-06 1.7641569973560623e-06 2.731544018877349e-06 1.7659440706665271e-06
254.59339920043084 -64.83561694613364 2.0625 8.589844 [254.59339920043084,-64.83561694613364] 50.98649277704269 3.167924198887223 0.00014646562066178916 1.7243252223834992e-05 [-680.5307617188,-116.67578125] 22.802816768535767 21.303104174609835 16.26106926204976 83.96738362958092 80.97338025068984 4.595271135610652e-06 9.772106656808478e-07 2.5401165250497193e-06 1.665137295605805e-06 2.6752814602947384e-06 1.6698959769253423e-06
254.7906339683435 -64.80483255817535 2.0 7.986328 [254.7906339683435,-64.80483255817535] 63.10906433731919 2.9416691133596635 0.00016121319430339624 1.7623944113198347e-05 [-530.1904296875,-173.9736328125] 22.53860871344638 20.77617096216691 16.12978059198114 83.37294058116697 80.05508772034455 5.8988425019275105e-06 1.153737435688728e-06 3.7921450820044113e-06 1.7659806452140265e-06 3.9568812070510484e-06 1.7745540310297202e-06
254.5894926036373 -65.234481836271 1.7734375 5.71875 [254.5894926036373,-65.234481836271] 42.51142797629192 2.761230653805571 0.00017109485201883732 1.7556920059914543e-05 [-673.3608398438,601.248046875] 24.009659256204728 23.813545926727826 15.693052066004535 81.15367282860575 84.95747981103682 4.695737075631014e-06 1.1830484046922787e-06 2.0436726188571025e-06 1.957009878422881e-06 2.0653349500486988e-06 1.9577406979800896e-06
262.0691527908299 -63.55307004304543 1.875 6.783203 [262.0691527908299,-63.55307004304543] 98.27230221392024 2.4480475656423866 0.0003590356091186023 3.266375271723388e-05 [5268.565795898,-2155.393066406] 16.2906548416221 15.998694902097395 13.247801711084417 59.76217390974671 45.58701220844205 9.966951693309477e-06 1.8077340180227935e-06 8.314724502117998e-06 2.061931993325507e-06 8.344335598511056e-06 2.0651832784292867e-06
259.4071655721755 -65.88717649666788 1.7578125 5.5546875 [259.4071655721755,-65.88717649666788] 105.31784491669478 1.8208781092705297 0.00027939458989013026 1.8906344640197726e-05 [2883.790039062,1860.664306641] 20.17604768745688 19.815309475337074 13.378167080626266 56.963243734826506 77.80157911346782 1.18037711909267e-05 2.296512568201746e-06 9.542488208652012e-06 2.433654427290185e-06 9.582918881336723e-06 2.438912959798483e-06
254.59721397382822 -64.32749188937491 2.09375 8.8984375 [254.59721397382822,-64.32749188937491] 57.11582798408688 3.194442848653786 0.00014930901398732104 1.7725147312430318e-05 [-690.39453125,-1031.234863281] 25.18998257310489 20.60452303687377 16.035456621336596 87.56358503941101 75.91240727308809 5.057643734549171e-06 1.0126580284759748e-06 2.827054386010577e-06 1.629677804727755e-06 3.2330998118058484e-06 1.6461590149347472e-06
257.3879699025019 -63.51091754445827 2.125 9.199219 [257.3879699025019,-63.51091754445827] 98.18463745101211 3.0028299730637844 0.0001663730609202768 1.856617553255084e-05 [1529.422851562,-2482.682617188] 17.921651857258816 16.26240051316289 14.662016115346134 81.20426807840465 58.94535803529084 8.550995973816096e-06 1.416944806851424e-06 6.990181809257868e-06 1.76584630893707e-06 7.1346876294274674e-06 1.7781942904570486e-06
256.46176120841443 -63.71116245152881 2.078125 8.824219 [256.46176120841443,-63.71116245152881] 110.89023727237624 3.064403071648164 0.00015819334900240068 1.8015354500412982e-05 [780.5498046875,-2139.310546875] 23.13804762326068 16.457311137887977 15.68776553226581 83.90924767822366 63.86490987034381 9.860610724561986e-06 1.6116547598517698e-06 7.803123193184994e-06 1.9352384499816504e-06 8.397189392843574e-06 1.989106245464743e-06
256.81213408260606 -64.33364093837871 2.046875 8.496094 [256.81213408260606,-64.33364093837871] 156.12407370747442 3.0494877813278327 0.00015875973625679182 1.7991856123203662e-05 [1036.466308594,-1014.142089844] 23.838809917227415 19.68874385735125 15.958756081035446 78.14106346721019 69.1058813078796 1.4148449887715822e-05 2.237171593948571e-06 1.1988102674840555e-05 2.41243470202582e-06 1.2364194588691616e-05 2.4549795396066304e-06
257.3220212972847 -64.99975591054204 1.9296875 7.3027344 [257.3220212972847,-64.99975591054204] 126.46302511860809 0.8897241983088211 0.0005333421673355902 1.763477922830625e-05 [1399.077636719,194.2890625] 26.21047166983446 22.17874574667592 15.68049555929677 71.48053284380421 74.40593484034753 1.2361450908383588e-05 2.093041758181329e-06 9.799441510550802e-06 2.2976316323915675e-06 1.0193532843005007e-05 2.341039889183343e-06
254.0350800484095 -65.05634316830795 2.03125 8.371094 [254.0350800484095,-65.05634316830795] 53.27771727067071 3.2287191245649436 0.0001485365675251265 1.782265305864351e-05 [-1098.671875,288.4262695312] 22.56933915687102 22.244134597878407 16.161937621108823 84.6730032522496 84.89810311925771 4.864107226911936e-06 1.0174582852441712e-06 2.803589409644333e-06 1.6887567581112424e-06 2.8332796802988434e-06 1.6898871311929064e-06
256.8356935757957 -64.09743496527022 2.0625 8.6328125 [256.8356935757957,-64.09743496527022] 135.13793993338916 2.419246069222375 0.000194055685731059 1.7446773346075466e-05 [1063.860839844,-1438.796386719] 24.298015036572423 19.67049390988791 15.55324266170339 79.64618674271549 66.62807037530433 1.2149258543239631e-05 1.9352662994503074e-06 9.964802668654367e-06 2.1493732438402844e-06 1.03808290681252e-05 2.1929778823398597e-06
258.6882325778767 -62.55203640502056 2.0 8.0703125 [258.6882325778767,-62.55203640502056] 114.48251273311755 0.9340554513450363 0.0007102697149699988 2.465498030065866e-05 [2658.263916016,-4163.419921875] 14.831213932657533 13.011078143335602 14.017685418291443 81.71387018234691 45.05139213177199 1.0644925131766912e-05 1.757514359170828e-06 9.265874671069897e-06 2.035614557525546e-06 9.435116319811038e-06 2.053766776114323e-06
255.48678595998496 -63.23748024678042 2.1875 9.902344 [255.48678595998496,-63.23748024678042] 88.45772454554753 3.1236458208100166 0.00015725233352554825 1.8254401011931742e-05 [3.36279296875,-2997.6953125] 20.099114603471953 18.775719752646207 16.46291534733953 91.46040727782474 62.2123063003487 7.425323828395271e-06 1.2382522391110404e-06 5.7381626973403845e-06 1.7297863326844576e-06 5.849251190410903e-06 1.7373230854422637e-06
257.3815610982714 -65.56209569489556 1.765625 5.6347656 [257.3815610982714,-65.56209569489556] 39.979483870434024 1.9312935721851916 0.00024125033847247304 1.731509702871239e-05 [1413.898925781,1207.354980469] 19.774558072740057 19.68915100015317 14.762488322446671 67.4732249891731 80.02779783834671 4.448851290873247e-06 1.139776873607823e-06 2.248370952170902e-06 1.8752580156871124e-06 2.2578749109103214e-06 1.8756307665022519e-06
254.43453977287388 -65.05038457256094 1.96875 7.689453 [254.43453977287388,-65.05038457256094] 173.12082544641083 2.9184071684890855 0.00016000291842898018 1.7353316619610573e-05 [-795.689453125,271.7163085938] 22.03144742230035 22.101305482304582 15.90985604891026 83.09119394204606 83.60103271009439 1.649112264132355e-05 2.6798589380282133e-06 1.4392453688757283e-05 2.8091488455613795e-06 1.4385799158130801e-05 2.808314015981752e-06
260.91583258198557 -63.22059654255222 1.890625 6.90625 [260.91583258198557,-63.22059654255222] 79.93492037661755 1.381972070200638 0.000442523440064893 2.2727111833055123e-05 [4399.735351562,-2839.103515625] 12.23450472880112 13.389081092153585 12.39817283168871 67.13026294910026 45.32606784573977 8.034595796598765e-06 1.4989024886809555e-06 6.804854154218302e-06 1.8193381392618872e-06 6.688802817053806e-06 1.8077521858111685e-06
257.089355484373 -65.13148492836716 1.875 6.7871094 [257.089355484373,-65.13148492836716] 152.42570849154393 0.21912035919042755 0.002164036551132466 1.7622033648141336e-05 [1216.140136719,426.5078125] 23.927479806231574 21.214857738304 15.275516321203769 71.57157305818532 76.43980184741235 1.545483712804017e-05 2.6450284017408795e-06 1.302876801575329e-05 2.741682579918833e-06 1.3303807788667146e-05 2.777349981335086e-06
257.0903017153797 -65.13284300846686 1.875 6.7871094 [257.0903017153797,-65.13284300846686] 152.48661713723843 0.22196432074104974 0.002138245613193732 1.763800506741957e-05 [1216.793945312,428.9697265625] 23.927479806231574 21.214857738304 15.275516321203769 71.55848087139418 76.45097553706842 1.5461012813285223e-05 2.6460116174567226e-06 1.3034943700998342e-05 2.7424826624284615e-06 1.33099834739122e-05 2.7781564096285794e-06
