data_processed/hvc_rms/hvc_rms_index_13_with_B.ecsv
# %ECSV 1.0
# ---
# datatype:
# - {name: ra_dec_obj.ra, unit: deg, datatype: float64}
# - {name: ra_dec_obj.dec, unit: deg, datatype: float64}
# - {name: 'H-alpha flux [Error]', unit: R, datatype: float32}
# - {name: H-alpha flux, unit: R, datatype: float32}
# - {name: ra_dec_deg, datatype: string, subtype: 'float64[2]'}
# - {name: RM, unit: rad / m2, datatype: float64}
# - {name: RM_uncert, unit: rad / m2, datatype: float64}
# - {name: pol_int, datatype: float64}
# - {name: pol_int_uncert, datatype: float64}
# - {name: ra_dec_pix_offsets, datatype: string, subtype: 'float64[2]'}
# - {name: interpolation_raw, unit: rad / m2, datatype: float64}
# - {name: interpolation_cor, unit: rad / m2, datatype: float64}
# - {name: interpolation_unc, unit: rad / m2, datatype: float64}
# - {name: pixel location x, datatype: float64}
# - {name: pixel location y, datatype: float64}
# - {name: 'B_virtual [raw]', unit: G, datatype: float64}
# - {name: 'B_virtual_unc [raw]', unit: G, datatype: float64}
# - {name: 'B_virtual [int]', unit: G, datatype: float64}
# - {name: 'B_virtual_unc [int]', unit: G, datatype: float64}
# - {name: 'B_virtual [cor]', unit: G, datatype: float64}
# - {name: 'B_virtual_unc [cor]', unit: G, datatype: float64}
# meta: !!omap
# - __serialized_columns__:
#     ra_dec_obj:
#       __class__: astropy.coordinates.sky_coordinate.SkyCoord
#       dec: !astropy.table.SerializedColumn
#         __class__: astropy.coordinates.angles.Latitude
#         unit: &id001 !astropy.units.Unit {unit: deg}
#         value: !astropy.table.SerializedColumn {name: ra_dec_obj.dec}
#       frame: icrs
#       ra: !astropy.table.SerializedColumn
#         __class__: astropy.coordinates.angles.Longitude
#         unit: *id001
#         value: !astropy.table.SerializedColumn {name: ra_dec_obj.ra}
#         wrap_angle: !astropy.coordinates.Angle
#           unit: *id001
#           value: 360.0
#       representation_type: spherical
# schema: astropy-2.0
ra_dec_obj.ra ra_dec_obj.dec "H-alpha flux [Error]" "H-alpha flux" ra_dec_deg RM RM_uncert pol_int pol_int_uncert ra_dec_pix_offsets interpolation_raw interpolation_cor interpolation_unc "pixel location x" "pixel location y" "B_virtual [raw]" "B_virtual_unc [raw]" "B_virtual [int]" "B_virtual_unc [int]" "B_virtual [cor]" "B_virtual_unc [cor]"
[from data line 256]
47.91370752741828 -57.01425936827449 1.2890625 0.85375977 [47.91370752741828,-57.01425936827449] 38.87415530089622 0.2460748555426849 0.0017791892915204424 1.627039505494199e-05 [-1553.327636719,2339.545654297] 22.933022037462493 21.931522478085153 6.704009188489586 50.83054395582508 11.8823524033387 1.1113267225550526e-05 8.683211553387797e-06 4.557219892326948e-06 4.437021244303942e-06 4.843526620884336e-06 4.609002724320424e-06
48.111324239193436 -56.923370415894276 1.296875 0.9663086 [48.111324239193436,-56.923370415894276] 45.34896550613287 2.2802533516412855 0.00019136252342014657 1.621618518020935e-05 [-1363.057617188,2171.86328125] 22.44293344997546 21.87533227520965 6.320076225914444 51.2580558663318 14.49174530261621 1.2185913687489528e-05 8.484385725515563e-06 6.155177443274942e-06 4.915786008600445e-06 6.307699972673732e-06 5.003630267558943e-06
47.39662537757908 -55.79210273565928 1.28125 0.8442383 [47.39662537757908,-55.79210273565928] 39.27381194029996 2.859248921735103 0.00015078421535650381 1.6021993438498634e-05 [-2127.04296875,154.3598632812] 20.22085213846214 20.540249741594874 6.147698273344134 39.595373795547175 28.05206026449264 1.1290655850860395e-05 8.89726792367788e-06 5.477451804012103e-06 5.036638121203058e-06 5.385629588688488e-06 4.9784828594465994e-06
48.30519478691519 -55.032859884216556 1.25 0.5371094 [48.30519478691519,-55.032859884216556] 35.82653697603341 0.4305840965604764 0.0009908918705668832 1.585597505402005e-05 [-1231.461914062,-1233.909179688] 19.623839564757773 20.823641051385138 5.791321278325028 39.674089369112835 45.98735098203474 1.2912849778478847e-05 1.52812525854786e-05 5.83988895767159e-06 7.563183361139816e-06 5.407448156285207e-06 7.111716333766297e-06
44.79304503521587 -55.26707446979155 1.21875 0.18414307 [44.79304503521587,-55.26707446979155] 24.179657698895944 0.46427483823029797 0.001254582615874882 2.1646272229409173e-05 [-4820.805664062,-659.2060546875] 18.86920851095472 20.175299036187646 5.762286233079649 21.597920895540597 19.21958557239327 1.4884049209533026e-05 4.946209027697229e-05 3.2689043005621593e-06 1.2179380537933002e-05 2.464926184256595e-06 9.890231846600387e-06
48.732875597295674 -55.01184840548341 1.234375 0.33569336 [48.732875597295674,-55.01184840548341] 19.133970742534945 1.6967181560547937 0.00024689480143556 1.5567911565607644e-05 [-790.7504882812,-1277.966308594] 19.391203833865294 21.15770231915674 5.704465647437125 42.01850254748081 48.904171626504876 8.723331259245614e-06 1.638977389039165e-05 -1.1727463665062182e-07 4.194452759332032e-06 -9.22635513569751e-07 4.5200870080561604e-06
46.82648478680528 -56.348277970228885 1.265625 0.6491699 [46.82648478680528,-56.348277970228885] 27.812133437222464 3.254617028940885 0.0001374270865739154 1.6621910335674327e-05 [-2664.750976562,1174.574707031] 18.463541820445197 19.78075423457711 6.042314211691441 40.34729972568914 15.59833389533378 9.118087256307031e-06 9.277989868011761e-06 3.064895193235071e-06 4.396767674568644e-06 2.6330528193209805e-06 4.119885891844632e-06
46.51955791003533 -54.50031670928837 1.28125 0.7775879 [46.51955791003533,-54.50031670928837] 32.999160354233304 2.969492723972716 0.00016034315446998728 1.7694626175428837e-05 [-3112.923828125,-2136.02734375] 18.620783744866166 21.011214394174175 6.222888742565941 25.842599838351475 43.47076994025929 9.885002408922606e-06 8.503077093684413e-06 4.30708799539978e-06 4.626517556924659e-06 3.591026966176023e-06 4.185710411118073e-06
47.38876721332526 -54.71606451466146 1.21875 0.21148682 [47.38876721332526,-54.71606451466146] 46.729672872203444 1.1072238780330454 0.0004004763153813146 1.64786254563984e-05 [-2193.619140625,-1781.280761719] 17.66166869664473 20.039241461346155 5.678566967764627 32.29806769754987 45.520788513462776 2.6841063849718718e-05 7.748416798837986e-05 1.6696375302985772e-05 4.841398150333218e-05 1.533072092403839e-05 4.450202517387765e-05
47.388496305683816 -54.714878196406296 1.21875 0.21148682 [47.388496305683816,-54.714878196406296] 45.03423353664654 1.0237613010668316 0.000431052898351233 1.6399778471244722e-05 [-2193.96484375,-1783.40625] 17.66166869664473 20.039241461346155 5.678566967764627 32.28862636482302 45.538652091529 2.5867220194029935e-05 7.468041044225066e-05 1.5722531647296987e-05 4.56232963200449e-05 1.4356877268349608e-05 4.171458482449281e-05
44.83544124389958 -54.35657884308271 1.2109375 0.1000061 [44.83544124389958,-54.35657884308271] 24.497580200547482 2.4301226987983595 0.00023160227557249803 2.0916052697555024e-05 [-4886.393554688,-2297.142089844] 20.782602050446126 21.235817833457702 5.985004746932883 15.263895701527304 34.33111924864534 2.0462494191317017e-05 0.0001240546287715225 3.1030705153327656e-06 2.0404120169352862e-05 2.7245055611059677e-06 1.8315173537984286e-05
48.19419850070908 -54.631088244228316 1.2578125 0.6125488 [48.19419850070908,-54.631088244228316] -15.567324612027015 2.620846744212003 0.00016787157980547123 1.6350367053630143e-05 [-1359.409667969,-1954.817382812] 19.769746980587858 21.3200168009272 5.995158179427228 36.426033514555684 51.93997565783866 -5.2540265009958465e-06 5.973803590655305e-06 -1.1926385248737426e-05 1.2710110492951228e-05 -1.2449606734943485e-05 1.3232328540546183e-05
46.081966455800604 -55.66161334787141 1.2578125 0.58691406 [46.081966455800604,-55.66161334787141] 28.821245025623927 2.5519105404010767 0.00017616473230698242 1.670679397881785e-05 [-3467.41796875,-27.287109375] 19.360949334690883 20.453645532931496 5.592657950219243 31.45336591361047 21.678517284185318 9.937430724690674e-06 1.0990378884975157e-05 3.2618657861641646e-06 4.756137821675348e-06 2.88510923857245e-06 4.465750165473487e-06
48.68947613765205 -55.69050219943248 1.265625 0.6279297 [48.68947613765205,-55.69050219943248] 42.894929642672636 2.500679364018471 0.0001668322954742982 1.5504109921517847e-05 [-821.3247070312,-55.99609375] 21.007068916968272 20.029791105185488 6.384808115550561 46.16453285526484 37.57366866272582 1.4298783348352011e-05 1.4677977920925951e-05 7.296195169985816e-06 8.07256422599428e-06 7.621965227618272e-06 8.37504767863295e-06
48.300739252022424 -54.88293066367971 1.2421875 0.44580078 [48.300739252022424,-54.88293066367971] 39.633080287741166 2.4952832592696814 0.00016837249538581114 1.5613479758632667e-05 [-1240.681640625,-1503.638183594] 19.78502924374156 21.21176096662294 5.80813078323668 38.67529359810692 48.42679317000034 1.5679638608880773e-05 2.2087098651335443e-05 7.852285646260821e-06 1.1580330369131289e-05 7.287842064177564e-06 1.0837308788866999e-05
45.80908998689524 -54.10311877252795 1.25 0.4786377 [45.80908998689524,-54.10311877252795] 14.226760662186614 0.42388866137863657 0.001190051006056625 1.8746753924510603e-05 [-3891.659179688,-2814.060546875] 18.278316076648508 20.276853432839808 5.8485872130212195 19.039811582855123 45.30566464617027 5.431893048259829e-06 7.597211827931331e-06 -1.5469168430554398e-06 4.031788621167553e-06 -2.3099746767783965e-06 4.6148974955609675e-06
45.60525523833833 -54.238094465229956 1.25 0.461792 [45.60525523833833,-54.238094465229956] 22.442248890931264 0.3593378034826245 0.0013924961294062921 1.8595403589971543e-05 [-4092.93359375,-2559.810546875] 18.540736479739618 20.264913460531176 5.931800834018289 18.799722129465295 41.66443406772282 8.723520980071977e-06 1.2142312895482329e-05 1.5165559181903012e-06 4.119613328724975e-06 8.463515131687429e-07 3.7493417553875716e-06
45.600448130945054 -54.23852941034462 1.25 0.461792 [45.600448130945054,-54.23852941034462] 28.20872092061514 0.3634504640654812 0.0013784829996361977 1.861895684588986e-05 [-4097.935546875,-2558.745117188] 18.540736479739618 20.264913460531176 5.931800834018289 18.77522818710952 41.62418152595319 1.0965004887340865e-05 1.5120574421940492e-05 3.758039825459191e-06 6.222870480672252e-06 3.0878354204376323e-06 5.502964233710324e-06
45.04830952111873 -55.954372406075315 1.25 0.53466797 [45.04830952111873,-55.954372406075315] 30.07395849984131 0.5463323764105653 0.0009334247522296489 1.8951559551533572e-05 [-4480.61328125,558.1040039062] 20.075791596726724 20.815734048134864 5.581416641822448 28.00849543857123 10.055886147129513 1.0864184862653081e-05 1.298736201352899e-05 3.611826940695874e-06 5.331997985797966e-06 3.344523533335478e-06 5.086678580449731e-06
45.06257254915978 -55.954803533011265 1.25 0.53466797 [45.06257254915978,-55.954803533011265] 27.67630850930965 0.9407875143045148 0.0005404600555549624 1.88957376147241e-05 [-4466.233398438,557.9580078125] 20.075791596726724 20.815734048134864 5.581416641822448 28.087313291391865 10.14700988759273 9.998036406233158e-06 1.1996267051917321e-05 2.745678484275951e-06 4.575780871105008e-06 2.478375076915555e-06 4.361003082235157e-06
45.051029494254855 -55.953128766794705 1.25 0.53466797 [45.051029494254855,-55.953128766794705] 29.3973941558719 0.9270355157114105 0.0005511270991219979 1.898702148730458e-05 [-4478.024414062,555.6943359375] 20.075791596726724 20.815734048134864 5.581416641822448 28.013756822382447 10.094175631745202 1.061977672780771e-05 1.2709336846250349e-05 3.367418805850504e-06 5.114560337026945e-06 3.100115398490108e-06 4.87672275846064e-06
48.32145702677964 -55.58965311021816 1.21875 0.1586914 [48.32145702677964,-55.58965311021816] 39.170174922327924 0.390361297850136 0.0011137878299769168 1.6157639887465824e-05 [-1197.739746094,-232.142578125] 20.680217204717884 19.86697826876533 6.531693530097879 43.416403821904964 37.003994216157025 2.5973318483537455e-05 9.987318720049768e-05 1.2260490577305939e-05 4.75198987148168e-05 1.2799740502244835e-05 4.9573362390056624e-05
48.328769833260964 -55.60054013902839 1.21875 0.1586914 [48.328769833260964,-55.60054013902839] 43.49330191891972 1.22762868945335 0.00035412042505427035 1.6155734567287782e-05 [-1189.972167969,-212.6748046875] 20.680217204717884 19.86697826876533 6.531693530097879 43.529707236487184 36.87176047806497 2.8839937143012778e-05 0.00011087596170018331 1.5127109236781256e-05 5.8455508884734666e-05 1.5666359161720156e-05 6.0514768840503744e-05
47.28416855633768 -57.39252467837426 1.2421875 0.43444824 [47.28416855633768,-57.39252467837426] 88.64301174578956 0.4825778573323311 0.0009629962108167248 1.727033143680647e-05 [-2147.788085938,3036.753417969] 25.532540512176805 22.556133930781716 6.889898710254453 50.18275721523173 2.1826134746718253 3.5524184363489496e-05 5.096408086520962e-05 2.5291875481386157e-05 3.644293972592628e-05 2.6484687120519177e-05 3.814200451595429e-05
48.72913742676021 -54.96303179148015 1.2421875 0.43774414 [48.72913742676021,-54.96303179148015] 52.17499634781762 3.1593929667578386 0.00013212052619281204 1.5512530373429816e-05 [-795.5766601562,-1365.780761719] 19.384151534582912 21.277337916108742 5.723319449662263 41.68414354987283 49.685332134625014 2.0830557374053174e-05 2.977316393275741e-05 1.3091550015112367e-05 1.900105428575248e-05 1.233570659775486e-05 1.794975858913183e-05
46.67731060994319 -57.05931089004034 1.2421875 0.42199707 [46.67731060994319,-57.05931089004034] 56.505101891988076 2.4476722117824696 0.00019356494606180473 1.7607134078648225e-05 [-2760.694335938,2459.061523438] 21.438458699054795 21.553006043810456 6.582434087778279 44.63186874420694 3.5408301486245364 2.2976378589953212e-05 3.401363859687425e-05 1.4258968533846367e-05 2.140859875100894e-05 1.4212390736949178e-05 2.134115061630751e-05
46.66842267482427 -57.049434648378174 1.2421875 0.42199707 [46.66842267482427,-57.049434648378174] 27.1984072162854 2.2520481743699907 0.00021069611705688802 1.7633678224206968e-05 [-2770.120117188,2441.658691406] 21.438458699054795 21.553006043810456 6.582434087778279 44.514271625071046 3.6373895351189276 1.1059548258839561e-05 1.6579656354826163e-05 2.3421382027327172e-06 5.294505573355458e-06 2.295560405835529e-06 5.249963222902587e-06
46.41010658772852 -54.37487038825824 1.2734375 0.71777344 [46.41010658772852,-54.37487038825824] 32.007540457400204 2.3108062181274978 0.00020691764093392078 1.7769276654303784e-05 [-3237.069335938,-2356.547363281] 18.686457679094012 20.95854864244865 6.21949250805425 24.361267709258527 44.826041367258085 9.97946469547942e-06 9.190014153715909e-06 4.153311169553804e-06 4.77036825826711e-06 3.44490773618493e-06 4.298515256747326e-06
44.95756187180914 -53.881923939365656 1.2890625 0.86816406 [44.95756187180914,-53.881923939365656] 14.398361482298604 2.344308826193078 0.000260889838153533 2.2729018868192824e-05 [-4813.53515625,-3157.881835938] 19.051278828636665 19.146152081380055 5.862237466867299 12.60362886957455 43.07718060362595 4.08188537268387e-06 3.701115194210362e-06 -1.3190858751305863e-06 2.8486755675965724e-06 -1.3459821121161825e-06 2.8557032443410616e-06
45.43273583142078 -56.05259312234283 1.2578125 0.5407715 [45.43273583142078,-56.05259312234283] 18.845734558003787 0.11356131820892744 0.00420934804498028 1.7764539935733345e-05 [-4083.887695312,710.8173828125] 20.510171585947724 20.3721037932506 5.663243863687166 30.770314897537673 11.125245845695417 6.769472256541634e-06 8.287071088791213e-06 -5.978732348557802e-07 3.3088684860455153e-06 -5.482786653626963e-07 3.29716074197826e-06
48.41185014162613 -56.74050137448738 1.2578125 0.5461426 [48.41185014162613,-56.74050137448738] 47.168906382855106 2.05377003419924 0.00021122978451069578 1.6121879548714636e-05 [-1073.132324219,1837.529052734] 21.735286202717095 21.151991215562852 6.119085823107228 51.627960300099744 19.156959586485982 1.6859761367047078e-05 1.9647726323219573e-05 9.090835463870353e-06 1.1038173823777888e-05 9.299324806620726e-06 1.1267502565407227e-05
46.25974679420307 -57.06083678482594 1.2578125 0.5991211 [46.25974679420307,-57.06083678482594] 38.53535095157726 0.15091612970714063 0.0031743655434323457 1.7803332323156704e-05 [-3168.697265625,2479.665039062] 20.399919617765086 20.567877670087395 6.628321375023308 42.47307974253806 0.8533442407406255 1.3150753809376748e-05 1.4059709614638823e-05 6.188981981700604e-06 7.303621761058913e-06 6.131663832472675e-06 7.2497594330739385e-06
46.2614250196364 -57.064323471060796 1.2578125 0.5991211 [46.2614250196364,-57.064323471060796] 36.607206629662286 0.5072075019210165 0.0009420981141940176 1.775785502299346e-05 [-3166.759765625,2485.855712891] 20.399919617765086 20.567877670087395 6.628321375023308 42.50722735723957 0.810353038201356 1.2492746274469021e-05 1.3378079490532488e-05 5.530974446792877e-06 6.694032507338946e-06 5.473656297564949e-06 6.641530043333867e-06
47.673908452536416 -55.7278214103197 1.2734375 0.7583008 [47.673908452536416,-55.7278214103197] 37.015661938262554 2.2665129958183488 0.00018936830711454696 1.5950496770431446e-05 [-1849.658203125,30.744140625] 21.2751213547053 20.961835700576685 6.180953057305482 40.70025067756785 30.812625553654243 1.1228284356556764e-05 9.74113763843509e-06 4.774715791733822e-06 4.975416799868298e-06 4.869747468196963e-06 5.040672968764018e-06
48.014980165758104 -56.0848807690348 1.234375 0.36328125 [48.014980165758104,-56.0848807690348] 44.40187091746198 2.8254331483958053 0.00015433495871910405 1.6205336345424197e-05 [-1490.291015625,665.0454101562] 21.40923775043637 20.767371861971423 6.316031614346711 45.010504256973036 27.177252884565178 1.9459353722053897e-05 3.327121733742709e-05 1.0076642550271943e-05 1.7677808092698494e-05 1.035794365555595e-05 1.8142297445307873e-05
46.31611235268321 -56.62048334630431 1.28125 0.7783203 [46.31611235268321,-56.62048334630431] 0.38734210064709595 1.9849728109925904 0.00023787485807573298 1.7547360874790855e-05 [-3150.470703125,1685.473144531] 19.64648728687268 20.70615716061949 5.985085709624269 39.57154767213365 8.051594730964553 1.1597493968661741e-07 2.1806370824512403e-06 -5.766422492305617e-06 5.5455943764969956e-06 -6.083700550875038e-06 5.773319478691303e-06
