data_processed/hvc_rms/hvc_rms_index_0_with_B.ecsv
# %ECSV 1.0
# ---
# datatype:
# - {name: ra_dec_obj.ra, unit: deg, datatype: float64}
# - {name: ra_dec_obj.dec, unit: deg, datatype: float64}
# - {name: 'H-alpha flux [Error]', unit: R, datatype: float32}
# - {name: H-alpha flux, unit: R, datatype: float32}
# - {name: ra_dec_deg, datatype: string, subtype: 'float64[2]'}
# - {name: RM, unit: rad / m2, datatype: float64}
# - {name: RM_uncert, unit: rad / m2, datatype: float64}
# - {name: pol_int, datatype: float64}
# - {name: pol_int_uncert, datatype: float64}
# - {name: ra_dec_pix_offsets, datatype: string, subtype: 'float64[2]'}
# - {name: interpolation_raw, unit: rad / m2, datatype: float64}
# - {name: interpolation_cor, unit: rad / m2, datatype: float64}
# - {name: interpolation_unc, unit: rad / m2, datatype: float64}
# - {name: pixel location x, datatype: float64}
# - {name: pixel location y, datatype: float64}
# - {name: 'B_virtual [raw]', unit: G, datatype: float64}
# - {name: 'B_virtual_unc [raw]', unit: G, datatype: float64}
# - {name: 'B_virtual [int]', unit: G, datatype: float64}
# - {name: 'B_virtual_unc [int]', unit: G, datatype: float64}
# - {name: 'B_virtual [cor]', unit: G, datatype: float64}
# - {name: 'B_virtual_unc [cor]', unit: G, datatype: float64}
# meta: !!omap
# - __serialized_columns__:
#     ra_dec_obj:
#       __class__: astropy.coordinates.sky_coordinate.SkyCoord
#       dec: !astropy.table.SerializedColumn
#         __class__: astropy.coordinates.angles.Latitude
#         unit: &id001 !astropy.units.Unit {unit: deg}
#         value: !astropy.table.SerializedColumn {name: ra_dec_obj.dec}
#       frame: icrs
#       ra: !astropy.table.SerializedColumn
#         __class__: astropy.coordinates.angles.Longitude
#         unit: *id001
#         value: !astropy.table.SerializedColumn {name: ra_dec_obj.ra}
#         wrap_angle: !astropy.coordinates.Angle
#           unit: *id001
#           value: 360.0
#       representation_type: spherical
# schema: astropy-2.0
ra_dec_obj.ra ra_dec_obj.dec "H-alpha flux [Error]" "H-alpha flux" ra_dec_deg RM RM_uncert pol_int pol_int_uncert ra_dec_pix_offsets interpolation_raw interpolation_cor interpolation_unc "pixel location x" "pixel location y" "B_virtual [raw]" "B_virtual_unc [raw]" "B_virtual [int]" "B_virtual_unc [int]" "B_virtual [cor]" "B_virtual_unc [cor]"
[from data line 397]
316.3780823634896 -8.142984269198934 0.36523438 1.2763672 [316.3780823634896,-8.142984269198934] -31.135598886889486 0.3204735968183841 0.0018679278225948574 2.2246466950049174e-05 [-1133.735839844,-2161.5390625] -20.48451608661405 -19.301514632954177 7.15544528333931 97.69763622060566 18.934542272536873 -7.27977643982632e-06 2.0489953535153126e-06 -2.490316692149249e-06 2.379161651054406e-06 -2.7669128206489565e-06 2.38787679953214e-06
314.47198460608416 -11.508956914347198 0.33007812 0.94555664 [314.47198460608416,-11.508956914347198] -18.508431137613744 1.1896255263083406 0.0006872245106765226 3.0382088072555252e-05 [-4482.787109375,3911.262695312] -21.325585551390887 -20.38444881085479 7.013314664377318 100.15453054282239 74.22445108852116 -5.027759174318558e-06 2.166817470999902e-06 7.652714508338486e-07 2.715217839943132e-06 5.096145101489939e-07 2.7129022022039114e-06
317.34402461976697 -9.430803355264805 0.47265625 2.3457031 [317.34402461976697,-9.430803355264805] -95.1008492303324 2.4769458368086026 0.0002366758430279949 2.178608260042163e-05 [585.3696289062,155.625] -23.121540352457586 -19.358594931971947 7.364672530932044 80.4880442493851 29.321702424563227 -1.6401988614931344e-05 2.559270396548296e-06 -1.2414229886277146e-05 2.4629307326615724e-06 -1.3063222912574201e-05 2.5234486505276417e-06
317.695464994135 -8.410050524878965 0.34375 1.0615234 [317.695464994135,-8.410050524878965] -51.15766401354077 1.1661045896874753 0.0005051612347775885 2.1891535469681675e-05 [1212.770996094,-1680.759277344] -17.1239120513004 -16.96110402011145 6.121761853458413 82.32278109707022 13.724725178548397 -1.3115792757639659e-05 3.0353508672295154e-06 -8.725567246063186e-06 2.8958875431261837e-06 -8.767307940004733e-06 2.90021050753151e-06
317.6940917574889 -8.416070930092763 0.35546875 1.184082 [317.6940917574889,-8.416070930092763] -48.00749733364814 1.0875625051087687 0.0005413398968513815 2.1879276938059123e-05 [1210.307128906,-1669.928710938] -17.497717164489867 -17.118684755230856 6.1328251692983615 82.30415834974303 13.811938975651174 -1.1653779735234181e-05 2.667795866335088e-06 -7.406223561097419e-06 2.617946387807788e-06 -7.498233360719355e-06 2.625956818683106e-06
317.6965941666598 -8.415431848434583 0.35546875 1.184082 [317.6965941666598,-8.415431848434583] -46.41232497637371 1.0347774340751452 0.0005709671920465357 2.19566867870209e-05 [1214.764648438,-1671.0703125] -17.497717164489867 -17.118684755230856 6.1328251692983615 82.28127073016651 13.787081451180711 -1.1266552982666494e-05 2.6150855647705115e-06 -7.018996808529731e-06 2.583784540766239e-06 -7.1110066081516685e-06 2.59147946141225e-06
318.80563351256353 -10.335738109685126 0.3984375 1.5966797 [318.80563351256353,-10.335738109685126] -47.18959812845509 2.849909445964149 0.0002232569851134662 2.3645299518027623e-05 [3171.456054688,1792.191894531] -16.36749919132979 -17.80113077630963 6.756254486882071 60.18248406383316 31.83538531901786 -9.864748395976243e-06 2.1907536883376595e-06 -6.443204924588791e-06 2.339560990665178e-06 -6.14351144468558e-06 2.3204024011429224e-06
316.77941907022574 -8.175291109245896 0.3046875 0.6789551 [316.77941907022574,-8.175291109245896] -23.48266739771092 1.2747857982769146 0.0004678317740283256 2.2163361720069134e-05 [-418.6015625,-2104.283203125] -20.052896899898986 -18.23235723113796 6.878491313921299 93.28190567270622 16.727036617734484 -7.527929455933499e-06 2.918004665306826e-06 -1.0994947856769877e-06 3.183642991567196e-06 -1.683112224277574e-06 3.198514988925553e-06
316.38906854483406 -10.15937134619539 0.41796875 1.800293 [316.38906854483406,-10.15937134619539] -61.88572796411421 2.9291960226418476 0.000198209198775113 2.1576497380836815e-05 [-1107.856445312,1467.708984375] -18.230027592127623 -19.79215323859178 7.25401366468486 86.73712509401423 44.925502347144175 -1.2183373138325897e-05 2.3311347447718366e-06 -8.594448263665635e-06 2.4217248327327118e-06 -8.286914357772866e-06 2.3984871418467617e-06
316.386596775388 -10.154114749643774 0.43359375 1.9541016 [316.386596775388,-10.154114749643774] -62.269792082779055 2.737311407170108 0.00021279243900278517 2.1646570632389352e-05 [-1112.25390625,1458.255859375] -18.327593738796804 -19.75268285569331 7.185343609571262 86.79103306860952 44.87235318873172 -1.1766640471526904e-05 2.2006446927473635e-06 -8.303416988365964e-06 2.2951682428432283e-06 -8.034128932030147e-06 2.2755239214074367e-06
316.3742980270815 -10.140101511807647 0.43359375 1.9541016 [316.3742980270815,-10.140101511807647] -60.52810602993751 3.2786000991641906 0.00017671945773383858 2.1531858695945456e-05 [-1134.093261719,1433.073730469] -18.327593738796804 -19.75268285569331 7.185343609571262 86.99535898699833 44.76653717076624 -1.1437527543531004e-05 2.1916326347161286e-06 -7.974304060370066e-06 2.296679583328124e-06 -7.70501600403425e-06 2.2778424990767257e-06
316.1649780376912 -9.679648331646206 0.37304688 1.3647461 [316.1649780376912,-9.679648331646206] -30.708726822425295 2.5398324569081487 0.0002332322425142371 2.2014172234696895e-05 [-1507.068359375,605.0864257812] -20.99757183529564 -21.015706199166093 7.006093070313915 91.65197690762227 40.0920093251666 -6.943597135191199e-06 2.031287404091801e-06 -2.195804089760883e-06 2.3395885758671493e-06 -2.1917037010424735e-06 2.3394856122083457e-06
316.2317504680089 -8.25997928367745 0.38476562 1.484375 [316.2317504680089,-8.25997928367745] 2.603630026478739 0.3094677049746193 0.0019141406957324495 2.2013945860022275e-05 [-1394.046875,-1950.465820312] -20.47660922055054 -19.394320902249184 6.949556025175414 98.6023892099289 21.381620998965445 5.644897884160794e-07 1.521752658096967e-06 5.003997970774838e-06 2.2806688729656385e-06 4.76934838631395e-06 2.2681165590499906e-06
316.2347409564986 -8.256267444561582 0.38476562 1.484375 [316.2347409564986,-8.256267444561582] -13.085519418111922 1.1072991612149754 0.0005360657747009726 2.205930139804993e-05 [-1388.733398438,-1957.157714844] -20.47660922055054 -19.394320902249184 6.949556025175414 98.59110140247958 21.31476317303259 -2.837055193142978e-06 1.600414848059728e-06 1.6024529892157805e-06 2.1668139546121937e-06 1.3678034047548926e-06 2.1628060247420645e-06
319.8352661433016 -9.272497099464436 0.33789062 0.9951172 [319.8352661433016,-9.272497099464436] -30.05462129696318 3.2415413523685705 0.00027551785226418796 3.319021103249569e-05 [5009.255737305,-109.5791015625] -8.063960881321544 -11.833083592642543 6.339438029718866 55.0252193375145 10.777886012926501 -7.95834533607337e-06 2.5516736405531648e-06 -5.823040258160846e-06 2.8709532369496996e-06 -4.8249914105528215e-06 2.8017814049164404e-06
315.74902325145916 -9.234286288000849 0.36132812 1.2602539 [315.74902325145916,-9.234286288000849] -33.79066741798208 0.7351747156637587 0.0008096152847501386 2.2119635393714876e-05 [-2247.91015625,-194.34375] -19.63027429778247 -20.669233469051346 6.9632811314232 98.43788592877479 36.969227449667414 -7.950901586304962e-06 2.134020276453573e-06 -3.33192270899574e-06 2.3969623094805617e-06 -3.0874569214229333e-06 2.3875649044607414e-06
315.7403868368413 -9.219299420171524 0.36132812 1.2602539 [315.7403868368413,-9.219299420171524] -27.55554183766656 1.3384535123536039 0.00044382527762541806 2.2076185175865266e-05 [-2263.346679688,-221.2646484375] -19.63027429778247 -20.669233469051346 6.9632811314232 98.60967628057347 36.83115215895623 -6.483784371539341e-06 2.0041347190054852e-06 -1.8648054942301187e-06 2.3656394458613687e-06 -1.6203397066573113e-06 2.360474442504551e-06
315.74554461331854 -9.228360275675444 0.36132812 1.2602539 [315.74554461331854,-9.228360275675444] -31.479264618164084 0.729193412405461 0.0008127063362630205 2.2023436446759713e-05 [-2254.126953125,-204.98828125] -19.63027429778247 -20.669233469051346 6.9632811314232 98.50648691523895 36.915027278903835 -7.407031411728809e-06 2.0770762999354717e-06 -2.7880525344195875e-06 2.3768845563367497e-06 -2.5435867468467806e-06 2.3690159822013764e-06
315.93936178822463 -8.42322814470305 0.37109375 1.3457031 [315.93936178822463,-8.42322814470305] -26.30998153602917 1.8507132452093011 0.00032084253982695663 2.2066821496142387e-05 [-1914.017578125,-1655.292480469] -21.59438315149179 -20.58844052953808 6.97043539290108 100.80237788368981 25.35752826853013 -5.990934164105878e-06 1.921273944310944e-06 -1.0737688822563585e-06 2.2953708620446594e-06 -1.302827804731843e-06 2.298583518062747e-06
318.62924193230117 -8.850634679561427 0.39453125 1.5673828 [318.62924193230117,-8.850634679561427] -44.99404373195409 2.9738828998253126 0.00020576121810924117 2.2740294727932373e-05 [2871.791015625,-882.3725585938] -15.771185651666826 -15.628483751385707 6.861914364109538 70.05291688254556 13.276274200796252 -9.493276281122534e-06 2.1754397176355783e-06 -6.165719781331438e-06 2.3624614718708222e-06 -6.195828401336351e-06 2.3643465017616596e-06
317.4523620062074 -9.468070987705282 0.51171875 2.7138672 [317.4523620062074,-9.468070987705282] -83.15026591891113 0.11693842527032246 0.0049982078772680275 2.172102217594418e-05 [777.6528320312,222.9155273438] -23.1745051536015 -19.351745802382194 7.2524549859375975 79.14109908854243 29.109353375961746 -1.3332696146002233e-05 2.068825507736351e-06 -9.616789382117072e-06 2.0453885114474188e-06 -1.0229748201981819e-05 2.095299595400238e-06
317.99496447068725 -7.650585523381443 0.39257812 1.5488281 [317.99496447068725,-7.650585523381443] -23.70275405670418 1.1182269713757844 0.0005440746395351372 2.260982231224795e-05 [1749.282714844,-3046.166992188] -11.935561700060259 -14.178311430978836 6.767169042096848 83.3811434658985 1.8972157846046684 -5.03090169590607e-06 1.695672306280803e-06 -2.4975826792730275e-06 2.1160192646444804e-06 -2.021559791899743e-06 2.1037017301032876e-06
317.991760125467 -7.6520625357198 0.39257812 1.5488281 [317.991760125467,-7.6520625357198] -27.64400938369689 2.3842342212537497 0.0002554646819152165 2.2635416370157156e-05 [1743.561035156,-3043.525390625] -11.935561700060259 -14.178311430978836 6.767169042096848 83.40658894672913 1.937871909147816 -5.8674318333378515e-06 1.815306408291338e-06 -3.3341128167048092e-06 2.189786377411112e-06 -2.8580899293315245e-06 2.173463882695938e-06
319.57473749345206 -9.392513216978946 0.33398438 0.95288086 [319.57473749345206,-9.392513216978946] -35.246280155144014 3.222167967390212 0.00023946195442404279 2.867433810674494e-05 [4545.377685547,102.9169921875] -9.521861898329867 -12.96043581190329 6.380439435637307 57.11857630971713 14.135883218024446 -9.53767723666683e-06 2.8069438909824887e-06 -6.961052268623733e-06 3.034791577336199e-06 -6.030570867530427e-06 2.956480420912234e-06
316.61715696548475 -7.724687034827917 0.3984375 1.6035156 [316.61715696548475,-7.724687034827917] -25.97711492376949 2.7231301880109875 0.00021955768574085705 2.2219063609702675e-05 [-708.4794921875,-2914.868164062] -20.431656052341886 -16.81384342216224 7.28254925341366 97.4818683734253 12.026286475159395 -5.418797875184603e-06 1.773670802243865e-06 -1.156776679688918e-06 2.189540664135836e-06 -1.911448453315916e-06 2.201950110546054e-06
315.498199595094 -10.984649592924912 0.35742188 1.1992188 [315.498199595094,-10.984649592924912] -36.717522579059626 1.1575360528236291 0.0005546459221483831 2.385937450199238e-05 [-2678.772460938,2957.6328125] -20.017806070328266 -18.631035324033434 6.828513431684165 91.90803598768036 61.2152236643642 -8.856717650723083e-06 2.303547627306188e-06 -4.028176836998916e-06 2.47663757824165e-06 -4.362682982389579e-06 2.4937524811571725e-06
317.44030764597153 -11.585235569730193 0.3203125 0.8203125 [317.44030764597153,-11.585235569730193] -26.85601376242051 0.8383990229723209 0.0008663205979057911 2.6992189058682455e-05 [751.0825195312,4032.755371094] -16.411147407059296 -17.854017944814736 6.7647437438528035 68.16701703661056 57.23762720360173 -7.832502105344084e-06 2.6576376832238087e-06 -3.046224150841025e-06 2.923861160334547e-06 -2.6254138762900684e-06 2.9049365827857517e-06
317.43566885078167 -11.587882070057736 0.31640625 0.7866211 [317.43566885078167,-11.587882070057736] -22.91076948878921 2.207391181794936 0.0003294266914802216 2.702382320450081e-05 [742.8959960938,4037.505615234] -16.382662029534693 -17.943824956562146 6.733802358344903 68.20281161948128 57.30178649688469 -6.8234736053143075e-06 2.653107448536431e-06 -1.9442545988110646e-06 2.9973655414176996e-06 -1.4792962292818527e-06 2.9844464787678955e-06
318.16162122640844 -7.971792169589205 0.35546875 1.1914062 [318.16162122640844,-7.971792169589205] -5.136785367389793 0.5889622273740529 0.001047514001198112 2.2927461994891273e-05 [2044.970703125,-2467.309570312] -14.630984247193695 -14.851692056536434 5.940937789724716 79.83444914929919 4.929781960196124 -1.2431115940232686e-06 1.7137394314635136e-06 2.2976137524399245e-06 2.2621386983824874e-06 2.3510254519878955e-06 2.263803951061905e-06
318.202179031107 -9.776394709411825 0.4453125 2.0527344 [318.202179031107,-9.776394709411825] -4.429645477784855 0.24932629427095893 0.0023418653040319093 2.1698948930209165e-05 [2106.872070312,780.9526367188] -19.801818092133885 -18.718038824600924 7.182620223249551 69.55155971690874 28.30674692586581 -8.166786946941353e-07 1.2965044016141834e-06 2.8341152645871497e-06 1.8923096607159431e-06 2.634302561294245e-06 1.886565612120921e-06
317.1581726653275 -9.020959812343994 0.41796875 1.7954102 [317.1581726653275,-9.020959812343994] -52.2833099221655 1.9941679617321515 0.0002965596387825438 2.1977712192405978e-05 [255.65625,-582.3110351562] -20.30745232462734 -17.73422931559359 7.476131700591783 84.66490223304709 25.181087332192874 -1.0306942880794855e-05 2.08773500565992e-06 -6.303605076130297e-06 2.2563649820297583e-06 -6.810880966144557e-06 2.2880570313813455e-06
318.66433711096585 -8.284544822537583 0.359375 1.2319336 [318.66433711096585,-8.284544822537583] -10.375376940127374 1.349805525628573 0.0004622470448208341 2.3187506472440606e-05 [2938.554199219,-1900.9375] -10.843523769367437 -12.086345338836 6.554362079721324 72.80347799040146 5.617095102004896 -2.469214785332345e-06 1.7485897662429638e-06 1.1141330856089623e-07 2.3047763885986527e-06 4.071898776986392e-07 2.305753670504497e-06
314.7438355499392 -11.80579089804922 0.35742188 1.2021484 [314.7438355499392,-11.80579089804922] -16.238094502982815 1.6830685637436766 0.000574568314796805 3.593785765511971e-05 [-3999.439453125,4441.844482422] -19.898821237690623 -18.681366401467113 7.272491084891517 95.75553821589733 76.48004056503305 -3.9120522860025675e-06 1.8629635456064932e-06 8.819356475794462e-07 2.470164022450776e-06 5.886286358313508e-07 2.4675259601603385e-06
314.73986818012116 -11.801604276677137 0.35742188 1.2021484 [314.73986818012116,-11.801604276677137] -17.22126594267882 1.794116155881833 0.0005368350982065858 3.5793169938845013e-05 [-4006.485351562,4434.360717773] -19.898821237690623 -18.681366401467113 7.272491084891517 95.81894341362681 76.44883619582288 -4.148916166643776e-06 1.884331917274221e-06 6.450717669382374e-07 2.47248843320934e-06 3.51764755190142e-07 2.4707021865305387e-06
318.412994278272 -10.514276465049955 0.36523438 1.2680664 [318.412994278272,-10.514276465049955] -33.77667787417449 1.9534804759964273 0.0003142906225739818 2.2816509250013777e-05 [2475.025390625,2110.359619141] -19.99642573481307 -18.971540923294242 6.238723594732685 63.39897602040833 36.76305895326641 -7.923089605663366e-06 2.171770219182666e-06 -3.232472207465823e-06 2.3128241316248135e-06 -3.4728822983396735e-06 2.3228529490026467e-06
