data_processed/hvc_rms/hvc_rms_index_3_with_B.ecsv
# %ECSV 1.0
# ---
# datatype:
# - {name: ra_dec_obj.ra, unit: deg, datatype: float64}
# - {name: ra_dec_obj.dec, unit: deg, datatype: float64}
# - {name: 'H-alpha flux [Error]', unit: R, datatype: float32}
# - {name: H-alpha flux, unit: R, datatype: float32}
# - {name: ra_dec_deg, datatype: string, subtype: 'float64[2]'}
# - {name: RM, unit: rad / m2, datatype: float64}
# - {name: RM_uncert, unit: rad / m2, datatype: float64}
# - {name: pol_int, datatype: float64}
# - {name: pol_int_uncert, datatype: float64}
# - {name: ra_dec_pix_offsets, datatype: string, subtype: 'float64[2]'}
# - {name: interpolation_raw, unit: rad / m2, datatype: float64}
# - {name: interpolation_cor, unit: rad / m2, datatype: float64}
# - {name: interpolation_unc, unit: rad / m2, datatype: float64}
# - {name: interpolation_cor_unc, unit: rad / m2, datatype: float64}
# - {name: HI, unit: dex(1 / cm2), datatype: float64}
# - {name: 'HI [Error]', unit: dex(1 / cm2), datatype: float64}
# - {name: pixel location x, datatype: float64}
# - {name: pixel location y, datatype: float64}
# - {name: 'B_virtual [raw]', unit: G, datatype: float64}
# - {name: 'B_virtual_unc [raw]', unit: G, datatype: float64}
# - {name: 'B_virtual [int]', unit: G, datatype: float64}
# - {name: 'B_virtual_unc [int]', unit: G, datatype: float64}
# meta: !!omap
# - __serialized_columns__:
#     ra_dec_obj:
#       __class__: astropy.coordinates.sky_coordinate.SkyCoord
#       dec: !astropy.table.SerializedColumn
#         __class__: astropy.coordinates.angles.Latitude
#         unit: &id001 !astropy.units.Unit {unit: deg}
#         value: !astropy.table.SerializedColumn {name: ra_dec_obj.dec}
#       frame: icrs
#       ra: !astropy.table.SerializedColumn
#         __class__: astropy.coordinates.angles.Longitude
#         unit: *id001
#         value: !astropy.table.SerializedColumn {name: ra_dec_obj.ra}
#         wrap_angle: !astropy.coordinates.Angle
#           unit: *id001
#           value: 360.0
#       representation_type: spherical
# schema: astropy-2.0
ra_dec_obj.ra ra_dec_obj.dec "H-alpha flux [Error]" "H-alpha flux" ra_dec_deg RM RM_uncert pol_int pol_int_uncert ra_dec_pix_offsets interpolation_raw interpolation_cor interpolation_unc interpolation_cor_unc HI "HI [Error]" "pixel location x" "pixel location y" "B_virtual [raw]" "B_virtual_unc [raw]" "B_virtual [int]" "B_virtual_unc [int]"
359.36816395575767 -3.5642238004183926 0.30273438 0.6520996 [359.36816395575767,-3.5642238004183926] -2.4103202092919522 2.8193277948350066 0.00019270646866881348 2.0190662492092745e-05 [-1134.08203125,-2000.178710938] -5.06314865620396 -4.9704126827180195 3.688345159771195 3.956887657327543 0.0 0.0 61.33632208450331 7.057286447928618 -4.820640232704993e-07 1.510055644606493e-06 5.305656689243369e-07 1.6807482710216065e-06
359.6788330407161 -6.420911837382195 0.3046875 0.6254883 [359.6788330407161,-6.420911837382195] 2.1145878134253886 2.0935176349666973 0.00026670676451365433 2.0750060037471284e-05 [-573.4711914062,3140.869873047] -0.6922805065090891 -2.2256606804719925 3.8555092960487376 3.9742228000088264 18.809144973754883 9.404572486877441 29.43381952634286 37.450972950773576 4.229175463778136e-07 1.4618827145490676e-06 5.613736423409072e-07 1.6531974816928418e-06
357.97683689675614 -6.2091378649334255 0.33984375 1.0307617 [357.97683689675614,-6.2091378649334255] -38.148106525049386 0.9808188522476372 0.0006312242249810783 2.3008121692401562e-05 [-3618.578125,2764.912109375] -1.4602008013460481 -2.354522328152919 3.9808150457947904 4.297011959021456 0.0 0.0 42.08088355589416 75.90352395008813 -7.629621010819565e-06 1.606421848142694e-06 -7.337580861811123e-06 1.7806617899344372e-06
358.3964844774718 -5.977891873679539 0.32226562 0.8671875 [358.3964844774718,-5.977891873679539] 0.8927017568070041 0.6531006286387825 0.0008990647031366275 2.1821256422970395e-05 [-2869.2578125,2346.861083984] -2.012691223214396 -4.443319960953512 4.163367398812078 4.392395488037468 0.0 0.0 41.78958110624694 62.49742994210419 1.7854034447706943e-07 1.4061935255426888e-06 5.810785735984899e-07 1.6351706509740823e-06
359.49877923372486 -7.049030790061671 0.29296875 0.5505371 [359.49877923372486,-7.049030790061671] -12.884231634051924 2.2669943297976216 0.0003302306854515489 2.782124514544301e-05 [-894.3666992188,4270.936645508] -0.1441026342251156 -1.980290690620576 3.6511728663838294 4.105122041939776 0.0 0.0 23.99737517023459 51.34254877757667 -2.576846227449854e-06 1.4939784870746408e-06 -2.5480257017161206e-06 1.6624491558867267e-06
358.90658589402653 -7.095265841891783 0.29296875 0.5827637 [358.90658589402653,-7.095265841891783] -16.360077946133654 0.9390023796931433 0.0008368831060207777 2.920385591003342e-05 [-1951.955078125,4355.286987305] -0.11668007714375322 -0.3230788741269608 3.6931332659353067 4.3570473826177265 0.0 0.0 27.183397970020565 66.94330594513485 -3.2720154630611914e-06 1.4499412751239628e-06 -3.248679448532254e-06 1.6267689823516525e-06
359.3016049574233 -2.944837230523774 0.27734375 0.41235352 [359.3016049574233,-2.944837230523774] -7.548407986291827 0.19848894437408182 0.0028764330495792503 2.1217748400274604e-05 [-1254.419921875,-3114.612304688] -7.313907946057355 -7.81600327472813 3.486465936522462 3.893503134158391 0.0 0.0 68.31452815020907 1.1834193992872315 -1.5096815390466035e-06 1.4086756700408247e-06 -4.690000623847864e-08 1.5645496191673471e-06
0.16685860800865968 -5.455968434439839 0.26757812 0.24206543 [0.16685860800865968,-5.455968434439839] -1.9992591570740281 0.9960149790509937 0.0005345792413052398 1.9787305695912986e-05 [299.984375,1404.317871094] -0.7327557519190728 1.1123879450686496 3.9976388788550916 3.5756576944881835 0.0 0.0 36.79072624062087 11.723113498469957 -3.9985181599693225e-07 1.414666212873089e-06 -2.533006712639786e-07 1.624674707893356e-06
1.1194956016681037 -7.199243087961305 0.28515625 0.39782715 [1.1194956016681037,-7.199243087961305] -13.584491710091822 1.6571189268171018 0.0005275471563554706 3.2488051670536364e-05 [2000.078613281,4542.344970703] 1.721331011132226 -0.20581926154190144 3.679447162337556 4.010937279019216 0.0 0.0 12.987080760149297 10.987574938857051 -2.7168982372575726e-06 1.4641232583084601e-06 -3.0611644262094682e-06 1.6447133622075822e-06
357.356353520392 -3.959290151954644 0.26953125 0.30932617 [357.356353520392,-3.959290151954644] -10.972623910729192 3.064906807795077 0.00023432554178688209 2.6689817661858328e-05 [-4744.522460938,-1280.734375] -5.578540391083715 -3.6754315939354774 3.962128039598229 4.018938678504352 0.0 0.0 68.94993107196126 58.17126034838293 -2.194524697527231e-06 1.5439900741274411e-06 -1.0788166623310383e-06 1.7249123796233287e-06
358.92446880487944 -3.7695769000154598 0.2578125 0.20959473 [358.92446880487944,-3.7695769000154598] -2.4887740392727835 1.8333710815863555 0.00028975592769419175 1.9742011896432954e-05 [-1930.654296875,-1629.6328125] -6.413943714166382 -5.197241959042806 3.8645497056710387 4.021742366245643 0.0 0.0 61.63707329477245 19.99762187016131 -4.977547886616458e-07 1.4480771448131316e-06 7.850339047086225e-07 1.6425596889765348e-06
358.9249574999115 -3.7728058623780636 0.2578125 0.20959473 [358.9249574999115,-3.7728058623780636] -2.3297166914989846 1.8780461938703599 0.00028320547735301277 1.9765901284443892e-05 [-1929.76953125,-1623.822753906] -6.413943714166382 -5.197241959042806 3.8645497056710387 4.021742366245643 0.0 0.0 61.60018083059458 20.02683934830111 -4.6594332033350337e-07 1.4502596904295668e-06 8.168453730367649e-07 1.6447322675515143e-06
358.86184673258464 -5.560006734984984 0.28125 0.4378662 [358.86184673258464,-5.560006734984984] -14.1373637785149 1.3375148041337326 0.0004077939248897127 2.026973413696139e-05 [-2037.903320312,1593.182617188] -2.995802667677885 -5.240792771358256 4.601147288275728 4.528622896733354 18.773155212402344 9.386577606201172 43.25156832051687 45.31701914202131 -2.8274726466785527e-06 1.453101400967151e-06 -2.2283121362459863e-06 1.7111497916297443e-06
358.35760488800355 -3.138554382966152 0.3125 0.7426758 [358.35760488800355,-3.138554382966152] -16.704261902186257 2.181914710845619 0.00027637292162438005 2.241000550286488e-05 [-2950.47265625,-2763.23828125] -7.169413289243897 -7.454866938966399 3.7951628745744617 4.139440204581574 0.0 0.0 71.53017218582158 25.143969465665577 -3.3408522516174364e-06 1.5040089188244545e-06 -1.9069696490576904e-06 1.662205053203308e-06
358.37664803982415 -4.447314858307986 0.28710938 0.49121094 [358.37664803982415,-4.447314858307986] -10.440273986992082 1.2200325230035747 0.0004515167875040547 2.047170493567265e-05 [-2911.845703125,-407.8852539062] -5.294355394734485 -3.5105859096629373 3.4285225704996507 3.9693663873789435 16.902528762817383 8.451264381408691 57.714633142722164 41.53081975627765 -2.0880547168851816e-06 1.4363630241844004e-06 -1.029183678767259e-06 1.581240605301949e-06
358.63900753643514 -6.291125752184281 0.32226562 0.8684082 [358.63900753643514,-6.291125752184281] 2.0697213172947295 0.5131927190165422 0.001143004452850359 2.1799027115906663e-05 [-2433.8046875,2909.581787109] -1.046264200122333 -3.1738770557154505 3.6564711751228867 4.1586058497071585 0.0 0.0 37.073694324399185 61.28784706944043 4.139442474976829e-07 1.404367479281322e-06 6.231970794535763e-07 1.5840484465713845e-06
358.1941224245686 -2.66835412846115 0.27539062 0.36828613 [358.1941224245686,-2.66835412846115] -34.82333997881723 2.709552986367241 0.00023958747461579183 2.4125174384147937e-05 [-3245.517578125,-3608.46875] -8.829400110267787 -9.245151243637189 3.6218411938184363 3.817808112928911 0.0 0.0 77.42273832397177 23.061408326359015 -6.9646677272130465e-06 1.6549117248264966e-06 -5.198787773249998e-06 1.7460384103781734e-06
358.08627325322055 -5.969387564073112 0.30664062 0.71118164 [358.08627325322055,-5.969387564073112] -5.966590304292491 1.5823052682851544 0.0003843798272810281 2.260266064072364e-05 [-3424.392578125,2332.946777344] -1.7732530549343954 -3.442279562285716 3.923023269616693 4.320979982306464 0.0 0.0 43.82105664771643 69.73950698046656 -1.1933180148453872e-06 1.4402734172346563e-06 -8.386674175334691e-07 1.6379210861473658e-06
357.6762391941674 -2.473879249470447 0.30664062 0.69506836 [357.6762391941674,-2.473879249470447] -13.181884657734294 1.4869509369070362 0.0005241125065539125 2.8962087757540263e-05 [-4176.725585938,-3955.55078125] -9.419947120972191 -9.565688354516114 3.6895839125810577 3.6534518976047723 0.0 0.0 82.45851052963963 32.13332192729467 -2.6363768298908893e-06 1.4553163173054975e-06 -7.523874783411359e-07 1.6120244321543723e-06
358.63412473279305 -2.9693630719124053 0.24707031 0.1000061 [358.63412473279305,-2.9693630719124053] -23.35818743289171 2.6351424357899185 0.0002252475708683414 2.2058344450561767e-05 [-2454.041992188,-3068.723632812] -8.426651141976391 -8.980576919064058 4.050294901599899 4.306263304112425 0.0 0.0 71.74438118204591 16.802141392694466 -4.6716373064448286e-06 1.5671632886718386e-06 -2.9863071430341425e-06 1.7271753371678025e-06
359.94778452157976 -7.193572011191315 0.29296875 0.5534668 [359.94778452157976,-7.193572011191315] -21.251537413628316 2.576753097507667 0.00031642859042704444 3.030101849968713e-05 [-92.248046875,4530.558105469] 1.2255413283604395 -1.074515569606802 3.8879871611798573 3.837437260653331 0.0 0.0 19.797190842403893 42.00289214319946 -4.2503073188382e-06 1.5512050755133699e-06 -4.495415575059166e-06 1.741359064657929e-06
1.2366667102825712 -6.855032466921027 0.30078125 0.5534668 [1.2366667102825712,-6.855032466921027] -8.607772704088841 0.6514946503758587 0.0010913586263210963 2.642329921160682e-05 [2210.915527344,3923.640380859] 1.6348415293466099 0.48463259366233036 3.6855354001408642 4.165559942764848 0.0 0.0 16.005680081951937 2.922177050673781 -1.7215544744364045e-06 1.4165504412180608e-06 -2.0485227676981665e-06 1.6007088784261755e-06
357.4303281350423 -4.180623063863862 0.26953125 0.30932617 [357.4303281350423,-4.180623063863862] -12.259880440931399 2.487768114693515 0.000279779022825238 2.586626659559419e-05 [-4610.555664062,-882.8525390625] -5.5940612717857965 -4.406863651906013 3.980516347398317 3.9312499649071855 0.0 0.0 66.2179623190948 59.502191800179844 -2.451975993640616e-06 1.5058822302865895e-06 -1.333163782423701e-06 1.690891202411833e-06
357.4895934304269 -4.5520401276110025 0.29492188 0.5644531 [357.4895934304269,-4.5520401276110025] -18.821525070908656 3.0851193338454816 0.00021501332748422304 2.4651653278925623e-05 [-4502.037109375,-214.701171875] -3.7505832750822634 -4.023526400823608 4.160424581024906 3.903418945410865 0.0 0.0 62.04001483968568 63.249313623071885 -3.7643048690340205e-06 1.5755691551377759e-06 -3.014188242941291e-06 1.7674662148194706e-06
0.018617919520740666 -5.056459530581351 0.24902344 0.10751343 [0.018617919520740666,-5.056459530581351] 0.036477162502667665 2.3138525103314933 0.00023206796044049688 1.9955359737503483e-05 [34.3818359375,685.205078125] 0.2395133395335664 1.1553938941557647 4.246981665175244 3.737016706442084 0.0 0.0 41.85877815994604 10.161903382247147 7.295432219229196e-09 1.4745022557288528e-06 -4.060723384040672e-08 1.7016600525143238e-06
358.2968141208302 -5.684922130925683 0.28320312 0.4650879 [358.2968141208302,-5.684922130925683] 30.495248588802845 1.3366642222509275 0.0004337511568126801 2.1546248922420674e-05 [-3049.20703125,1820.044921875] -1.9721400220060301 -4.697548617874761 4.196521454993368 4.289125237319763 0.0 0.0 45.41097672423382 60.60087594681045 6.099049482587516e-06 1.550306642298203e-06 6.493477471779986e-06 1.7769498494294567e-06
359.1246642014341 -4.225369959042505 0.30273438 0.6435547 [359.1246642014341,-4.225369959042505] -2.6873904041054497 1.1978933729601853 0.0004533674063623651 2.0182602181708582e-05 [-1570.260742188,-809.7646484375] -3.992542732159335 -2.7851846576992427 3.849815461202716 3.9387004220337127 17.48990249633789 8.744951248168945 55.68545661912515 21.083586446088702 -5.374780600964907e-07 1.421367866519656e-06 2.6103045554571216e-07 1.615834853047845e-06
358.5695492896168 -4.354991869729998 0.2578125 0.20568848 [358.5695492896168,-4.354991869729998] 1.3739913418078722 1.6665480798038068 0.00032650548591474815 2.0221670677636588e-05 [-2566.110351562,-574.81640625] -5.605406202694098 -3.0704376930359807 3.729934670981853 3.9279312909605935 0.0 0.0 57.535746987154766 35.81761860625829 2.7479825776563724e-07 1.4393923304953337e-06 1.395879455076723e-06 1.6269838337123403e-06
357.8177489073547 -2.5754106335768436 0.29101562 0.52075195 [357.8177489073547,-2.5754106335768436] -17.747600702036788 1.6682237936252127 0.00042522850657323555 2.6362426718609825e-05 [-3922.135742188,-3773.739257812] -9.2851575236295 -8.93364860396759 3.64105482680514 3.679008102976035 0.0 0.0 80.56961224795566 30.267842028487394 -3.5495200035415297e-06 1.4823324760716988e-06 -1.6924885704208449e-06 1.6218060938138782e-06
357.5982968735943 -5.167938282485277 0.30078125 0.6411133 [357.5982968735943,-5.167938282485277] -25.38369943269709 1.9997819713879428 0.00030832903529293273 2.2914256805538495e-05 [-4303.231445312,893.2163085938] -1.0205976703880508 -3.4052542018109024 3.8315841766543826 3.5901534447484043 0.0 0.0 55.06569337183248 69.42924937664611 -5.0767396907855746e-06 1.5419785262542753e-06 -4.872620164578604e-06 1.7159926104137765e-06
357.593536128591 -5.168317320825666 0.30078125 0.6411133 [357.593536128591,-5.168317320825666] -24.86388984376224 2.472998920129243 0.0002490474478940082 2.2888362629689455e-05 [-4311.755859375,893.927734375] -1.0205976703880508 -3.4052542018109024 3.8315841766543826 3.5901534447484043 0.0 0.0 55.091875667306226 69.54355962111686 -4.9727777770072695e-06 1.5658588470106692e-06 -4.768658250800298e-06 1.7376050199620285e-06
0.29135029759824665 -5.483551396240174 0.26171875 0.16845703 [0.29135029759824665,-5.483551396240174] 1.5531222710477777 1.9583966003775066 0.0002758739719421136 2.007798278284145e-05 [523.0283203125,1454.03515625] -0.8064090088855491 1.1569070992977961 4.064508343167033 3.623309471779051 0.0 0.0 35.80699170538617 8.947078312325175 3.106244422321976e-07 1.4540898879004429e-06 4.7190623779044787e-07 1.6662678516223054e-06
358.84930393932905 -2.1817534247608297 0.26367188 0.2680664 [358.84930393932905,-2.1817534247608297] -7.85701709886306 0.413106753563271 0.002014179608773785 3.092211514861695e-05 [-2068.612304688,-4486.1484375] -9.619146278990177 -11.34195114597863 3.954792991864366 4.186856053159736 0.0 0.0 78.93462116570038 2.639999704463662 -1.5714033591809202e-06 1.4112119676065845e-06 3.524258224362475e-07 1.610491735909665e-06
0.8052386128358121 -6.229778261840184 0.28125 0.34631348 [0.8052386128358121,-6.229778261840184] 5.180570371094107 2.1814929443257176 0.0002661688067127919 2.157842156557108e-05 [1441.822753906,2797.666259766] 0.27933717724278223 0.7069945979001688 3.937175375293686 3.808420395531994 0.0 0.0 25.032008620688885 5.759600099002455 1.0361140342673336e-06 1.4700651734469546e-06 9.802466009729677e-07 1.667338920264026e-06
0.8050213054348029 -6.223143045817753 0.27734375 0.30322266 [0.8050213054348029,-6.223143045817753] 11.63897211888889 2.580233643244087 0.00022396401881496638 2.1475633743616775e-05 [1441.452148438,2785.726806641] 0.28810924808863797 0.8341357412788049 3.92949478428951 3.7931030059646447 0.0 0.0 25.10390452291199 5.674699534179126 2.327794334020431e-06 1.5101292366009209e-06 2.2701724866245426e-06 1.701610413976981e-06
358.9790346598312 -6.758890126486306 0.30273438 0.66748047 [358.9790346598312,-6.758890126486306] -7.175032875515967 2.6859676140365734 0.00023614135523263976 2.357119096640404e-05 [-1823.869140625,3750.084960938] -1.0398019468856077 -1.824385449605138 3.511456802384088 4.028595938902026 0.0 0.0 30.171093534192778 59.978908988371586 -1.4350065197708231e-06 1.5063761620787891e-06 -1.2270461384124391e-06 1.6603753324429433e-06
357.7346800881177 -4.451946711363905 0.29296875 0.54345703 [357.7346800881177,-4.451946711363905] -13.721623558678312 0.8372051561848985 0.0007381901614746258 2.2967242199076603e-05 [-4063.213867188,-396.361328125] -4.290359008222903 -3.2561735195173043 4.080415108826276 3.842975367544096 0.0 0.0 61.55111433341153 56.32994976972259 -2.744324605917338e-06 1.4364363926603655e-06 -1.8862528373591195e-06 1.640002221095795e-06
