data_processed/hvc_rms/hvc_rms_index_25.ecsv
# %ECSV 1.0
# ---
# datatype:
# - {name: ra_dec_obj.ra, unit: deg, datatype: float64}
# - {name: ra_dec_obj.dec, unit: deg, datatype: float64}
# - {name: 'H-alpha flux [Error]', unit: R, datatype: float32}
# - {name: H-alpha flux, unit: R, datatype: float32}
# - {name: ra_dec_deg, datatype: string, subtype: 'float64[2]'}
# - {name: RM, unit: rad / m2, datatype: float64}
# - {name: RM_uncert, unit: rad / m2, datatype: float64}
# - {name: pol_int, datatype: float64}
# - {name: pol_int_uncert, datatype: float64}
# - {name: ra_dec_pix_offsets, datatype: string, subtype: 'float64[2]'}
# - {name: interpolation_raw, unit: rad / m2, datatype: float64}
# - {name: interpolation_cor, unit: rad / m2, datatype: float64}
# - {name: interpolation_unc, unit: rad / m2, datatype: float64}
# - {name: interpolation_cor_unc, unit: rad / m2, datatype: float64}
# - {name: HI, unit: dex(1 / cm2), datatype: float64}
# - {name: 'HI [Error]', unit: dex(1 / cm2), datatype: float64}
# - {name: pixel location x, datatype: float64}
# - {name: pixel location y, datatype: float64}
# meta: !!omap
# - __serialized_columns__:
#     ra_dec_obj:
#       __class__: astropy.coordinates.sky_coordinate.SkyCoord
#       dec: !astropy.table.SerializedColumn
#         __class__: astropy.coordinates.angles.Latitude
#         unit: &id001 !astropy.units.Unit {unit: deg}
#         value: !astropy.table.SerializedColumn {name: ra_dec_obj.dec}
#       frame: icrs
#       ra: !astropy.table.SerializedColumn
#         __class__: astropy.coordinates.angles.Longitude
#         unit: *id001
#         value: !astropy.table.SerializedColumn {name: ra_dec_obj.ra}
#         wrap_angle: !astropy.coordinates.Angle
#           unit: *id001
#           value: 360.0
#       representation_type: spherical
# schema: astropy-2.0
ra_dec_obj.ra ra_dec_obj.dec "H-alpha flux [Error]" "H-alpha flux" ra_dec_deg RM RM_uncert pol_int pol_int_uncert ra_dec_pix_offsets interpolation_raw interpolation_cor interpolation_unc interpolation_cor_unc HI "HI [Error]" "pixel location x" "pixel location y"
[from data line 1256]
253.09312425012882 -65.05175785568285 2.015625 8.183594 [253.09312425012882,-65.05175785568285] 118.31386178982066 1.2234225460721468 0.0003919178614219907 1.781887328756123e-05 [-1813.62109375,301.87109375] 24.51461067077299 19.602755363558977 15.473281554647272 14.955097125515234 0.0 0.0 88.50817844191124 87.80829201098072
255.44953940666568 -65.48522936377033 1.8515625 6.5410156 [255.44953940666568,-65.48522936377033] 61.1463229715367 2.8383653173771064 0.0001631289721060442 1.7207116308919096e-05 [-24.64111328125,1047.819335938] 24.273958058602457 23.05014626581173 15.376116581139563 16.38966993334984 0.0 0.0 75.90377663508082 84.87726565661546
255.4661099792401 -66.22636416359236 1.796875 5.951172 [255.4661099792401,-66.22636416359236] 30.183279203771608 3.167623972897759 0.00014900030040874675 1.7539995123067458e-05 [-11.8876953125,2381.663330078] 13.076719703215577 20.59135629429162 14.523177406986969 15.66205266375602 0.0 0.0 70.69313429980537 92.31859793011108
257.31085189563186 -66.17059320952848 1.7734375 5.7597656 [257.31085189563186,-66.17059320952848] 36.191019586450984 3.1491455684666545 0.0001523289892803732 1.7827235430844888e-05 [1329.404296875,2300.480957031] 15.92960167331892 20.138891865206666 13.531555170336453 14.818324176873967 0.0 0.0 63.70717916691706 86.51532963336581
258.1381228403451 -62.985038986660655 1.9765625 7.7441406 [258.1381228403451,-62.985038986660655] 75.2729881814952 3.2313272384477587 0.00016913345200597713 2.031043184456279e-05 [2170.344726562,-3406.354492188] 19.307033781325195 14.65665688508011 14.424721246133563 19.111622321861653 0.0 0.0 81.36548428391643 51.22733545964502
254.82630942180222 -65.49731441772046 1.8671875 6.6640625 [254.82630942180222,-65.49731441772046] 54.18961514539641 2.229140890979254 0.00021190250782080912 1.7554251582689487e-05 [-489.875,1072.115234375] 26.596027628214184 25.140199878298986 15.848790944788112 16.585044538945372 0.0 0.0 78.33899555723178 86.86453321566023
254.44131466011154 -64.95159906435184 2.03125 8.378906 [254.44131466011154,-64.95159906435184] 39.01446458791619 3.239986563801259 0.00014026575933573035 1.6888986147814102e-05 [-793.478515625,93.841796875] 22.456959425383687 21.739441732607762 16.191815377757393 16.558973742926714 0.0 0.0 83.7666237948306 82.59834646660397
261.8854980861502 -64.13408668520677 1.921875 7.21875 [261.8854980861502,-64.13408668520677] 111.97439595360197 3.0064259293895015 0.00022518366772608287 2.5159157860067057e-05 [5017.615722656,-1130.125488281] 18.12683535579893 19.11756716399059 13.736497329606406 12.883912403236314 19.115556716918945 9.557778358459473 57.08419177460189 52.347326033096124
255.2189485969153 -62.815467875502144 2.359375 11.5859375 [255.2189485969153,-62.815467875502144] 76.41602840485449 3.024914764394705 0.00018805148860450024 2.113969029656278e-05 [-216.8564453125,-3756.452148438] 20.7283083471516 20.385074970300224 18.470479252960388 16.478137029231814 0.0 0.0 95.61543500193034 58.88957359992082
254.8090667037153 -65.50058746706233 1.8671875 6.6640625 [254.8090667037153,-65.50058746706233] 57.67135991360579 2.9631770645847824 0.00015854312331736687 1.7458772918789933e-05 [-502.6831054688,1078.141601562] 26.596027628214184 25.140199878298986 15.848790944788112 16.585044538945372 0.0 0.0 78.38539049045153 86.94921632362002
262.26321413977195 -66.59138494562113 1.5625 3.5859375 [262.26321413977195,-66.59138494562113] 93.14191822549107 3.1740339840438336 0.00022767801241832864 2.685600239742356e-05 [4837.703125,3297.904541016] 18.425551821665884 16.613918352815638 10.859389004286706 10.07146667661194 0.0 0.0 40.777544882451025 78.03709446562652
259.9280699143177 -63.39466464399308 1.875 6.7851562 [259.9280699143177,-63.39466464399308] 86.47986568205746 2.215576730682771 0.0002496546385341057 2.05558357115271e-05 [3579.949707031,-2589.110351562] 13.815735325599789 14.651405220628703 12.322606123526363 16.117202946129677 17.906049728393555 8.953024864196777 70.56167746241135 50.058013785007915
255.68939205982787 -65.3516312904549 1.890625 6.888672 [255.68939205982787,-65.3516312904549] 59.23298389729775 2.7801069719793916 0.00017220719448695715 1.7791866102895315e-05 [155.2817382812,807.5961914062] 24.9934644827856 22.880049507497738 15.130669088013702 16.64137567147846 17.375505447387695 8.687752723693848 75.854272075822 82.81411533197684
257.77178934667285 -65.9460144693361 1.8125 6.1152344 [257.77178934667285,-65.9460144693361] 35.53888009949006 2.4681243495164553 0.00019338356853332793 1.773761849905024e-05 [1679.142578125,1907.486572266] 17.705437530730812 19.64941367186495 13.91567198092143 15.064054656920028 17.25423240661621 8.627116203308105 63.324080218335325 82.90254507046279
256.1841734921304 -62.606204948248106 2.203125 10.058594 [256.1841734921304,-62.606204948248106] 108.47214076520424 2.7643357849011796 0.0002143731393368156 2.2022664714914422e-05 [580.966796875,-4130.095703125] 17.393005663855586 15.268288738312027 18.604104166530433 17.178704358225644 0.0 0.0 92.77282503964966 53.62110148130614
255.39060988789586 -65.63898460672026 1.9140625 7.1757812 [255.39060988789586,-65.63898460672026] 44.02067336294682 3.08564383375025 0.00014771830387014045 1.6939040675299756e-05 [-68.24365234375,1324.604492188] 20.67429512562959 21.329919829186846 15.827153861078786 16.47245726898336 0.0 0.0 75.07246437852189 86.60301518157644
257.90927119614884 -65.88989261202686 1.8671875 6.7070312 [257.90927119614884,-65.88989261202686] 37.45173757380232 1.543041919243188 0.0003080293785600143 1.7663573400933932e-05 [1783.827148438,1810.313964844] 17.806482055021625 19.465393988157807 13.99956111983563 15.096536874023329 17.749732971191406 8.874866485595703 63.13112197841633 81.93613198886942
255.7652738088175 -65.1539153506231 1.8828125 6.8554688 [255.7652738088175,-65.1539153506231] 54.714095651760736 2.616544556330256 0.0001822885197559563 1.7725404556378747e-05 [213.83203125,451.9370117188] 26.23328184567636 23.200206389012468 16.05964333044433 17.434889726563554 17.957674026489258 8.978837013244629 76.91179424895608 80.58893785937312
254.02650419923702 -65.20665746916018 1.953125 7.5253906 [254.02650419923702,-65.20665746916018] 49.29573925236983 1.9707877918562333 0.00024109847259586335 1.765806152059889e-05 [-1098.936523438,559.0673828125] 23.416749066155763 23.29647507443908 16.405707467772793 16.901966487981817 0.0 0.0 83.6297839304093 86.41198126113704
259.0982055740265 -65.52538289320647 1.7578125 5.5585938 [259.0982055740265,-65.52538289320647] 17.10411785138174 3.138115979720266 0.00015704884216477256 1.8315232345896988e-05 [2694.502197266,1197.045898438] 19.849311089434288 21.159128240839458 14.233875531443754 15.150576309083759 18.61578941345215 9.307894706726074 60.56464125916841 74.82749325771329
257.094482181977 -66.37135308594044 1.75 5.4765625 [257.094482181977,-66.37135308594044] 59.65566003343111 1.9511694402073931 0.00024548080064712435 1.7800049890374725e-05 [1162.827148438,2657.353271484] 15.500730874620139 21.33614941748195 13.55987126893503 14.9625782734193 0.0 0.0 63.23699632869534 89.19261569787363
257.05715918777344 -66.36933896343757 1.7109375 5.0898438 [257.05715918777344,-66.36933896343757] 54.703905462351955 2.9287856774549494 0.00016267407820856896 1.7705763123436232e-05 [1136.001953125,2653.052734375] 15.279453639288418 21.323847506770036 13.544055400116129 14.955765422579969 0.0 0.0 63.39955371433848 89.27543668230715
254.21246323355163 -64.35846722821388 2.234375 10.328125 [254.21246323355163,-64.35846722821388] 201.688289272851 0.9369459326439848 0.0005087812782901027 1.77155383934766e-05 [-989.2573242188,-970.3764648438] 26.584824874177695 21.47532406164629 16.90180455272264 17.08541856908544 0.0 0.0 88.94864173382814 77.441127822937
254.22811867068538 -64.35644518469462 2.234375 10.328125 [254.22811867068538,-64.35644518469462] 60.58117813905301 3.2744392287107944 0.00014503346122888026 1.7648745859746382e-05 [-977.1376953125,-974.2587890625] 26.584824874177695 21.47532406164629 16.90180455272264 17.08541856908544 0.0 0.0 88.89794001657367 77.37128558988525
259.0973510421945 -65.2570570645909 1.8125 6.1328125 [259.0973510421945,-65.2570570645909] 53.54377231871143 0.8739307731926488 0.0005742118602189717 1.8649100691766977e-05 [2721.541748047,714.8315429688] 18.177578921291715 18.942476787049543 15.18072791822403 15.465969980531085 18.550874710083008 9.275437355041504 62.29115800003592 72.00863049635336
259.1033324826715 -65.25251769025166 1.8125 6.1328125 [259.1033324826715,-65.25251769025166] 59.487388228392376 1.219146400581805 0.0004101371997488848 1.8582054344007643e-05 [2726.507568359,706.931640625] 18.177578921291715 18.942476787049543 15.18072791822403 15.465969980531085 18.303590774536133 9.151795387268066 62.294955188505924 71.94425328864418
252.21653730917646 -65.584152224224 2.03125 8.308594 [252.21653730917646,-65.584152224224] 52.470916260904545 2.5003725104921593 0.00018699150109350888 1.7375419019659745e-05 [-2428.713867188,1288.617675781] 25.2692921864732 22.13728743344069 16.13609837668889 15.270477062842085 0.0 0.0 88.05935828226552 95.75643267933333
258.9833984417026 -65.1676864501005 1.8125 6.123047 [258.9833984417026,-65.1676864501005] 87.61199522446346 2.6816738258065245 0.00018471770742481639 1.840870279203913e-05 [2644.771484375,549.390625] 18.499992015553964 18.73173346030104 15.25086758732605 15.579524989649233 18.11148452758789 9.055742263793945 63.35027086728212 71.38919803119438
260.1202697248294 -62.85053990777489 1.9921875 7.904297 [260.1202697248294,-62.85053990777489] 84.6633738078789 1.1762468448181382 0.0005019235815608067 2.1940411819883516e-05 [3805.015380859,-3554.362304688] 12.083101487389323 11.645402306107684 13.051275786105247 16.018088963901675 0.0 0.0 73.1465093073441 43.7713754482063
257.621978735255 -65.98674008018804 1.8515625 6.4921875 [257.621978735255,-65.98674008018804] 37.27924788649305 2.661615087904589 0.00017659918858345885 1.746797882222444e-05 [1566.814453125,1976.894287109] 17.477276798143038 19.65588581952777 13.840272615589631 14.97753675228529 17.567153930664062 8.783576965332031 63.666186512277704 83.74307104525838
254.34873959503776 -65.25835420898471 1.8671875 6.6914062 [254.34873959503776,-65.25835420898471] 37.43829863994553 3.0976849884127224 0.00015203634913370584 1.7502229996478164e-05 [-854.0942382812,647.1220703125] 23.119408153996744 23.39158767511236 15.938662542585952 17.093159447103186 0.0 0.0 81.95893627943246 85.93230673762491
258.54501332097243 -64.74757385396366 1.921875 7.1796875 [258.54501332097243,-64.74757385396366] 90.66682769574706 1.6503831529559732 0.00028960038679616285 1.7762030949756318e-05 [2350.510742188,-223.0971679688] 21.380513133756033 16.6177266245832 15.700472910422972 16.60474276939191 16.029624938964844 8.014812469482422 67.94925804984814 68.24474987733288
256.0658264559361 -65.49224863409249 1.8203125 6.234375 [256.0658264559361,-65.49224863409249] 47.18203029121728 3.178894335913559 0.0001493599263100617 1.764488720051992e-05 [435.5209960938,1062.444824219] 19.10837034676606 19.052211243126187 14.862073960323372 16.53918076902389 16.673900604248047 8.336950302124023 73.34696283163964 83.12507285846709
260.81399548010467 -66.87831118352479 1.640625 4.3964844 [260.81399548010467,-66.87831118352479] 73.65694782723747 2.184994029568443 0.00028157960817913526 2.2864418362969522e-05 [3763.078857422,3713.258422852] 18.879953052351958 17.139307957448697 11.412805346851691 10.371016831799162 0.0 0.0 45.0121737041876 84.73856674139392
259.60833730842387 -64.16439059684232 1.9375 7.388672 [259.60833730842387,-64.16439059684232] 81.16410770914061 3.189479563970435 0.00015815631830909784 1.8746278880685834e-05 [3233.532958984,-1224.232910156] 18.893745190311435 15.88927842970217 14.838114531516055 16.17767738274557 18.385263442993164 9.192631721496582 67.08139178429201 59.07811943253023
256.6770935087482 -64.20800019300948 2.109375 9.0625 [256.6770935087482,-64.20800019300948] 159.36343730697473 3.13023376876008 0.00015056551238570563 1.7515033885271394e-05 [935.4521484375,-1242.339355469] 24.574976199085338 20.152808877133708 15.833053324273022 18.428643465901402 0.0 0.0 79.57595255979993 68.2382883150508
257.4263614164773 -66.023612990865 1.7890625 5.8535156 [257.4263614164773,-66.023612990865] 26.21272690920396 2.7860088883074483 0.00017017736839383527 1.7619476643293935e-05 [1421.559082031,2038.601806641] 17.463087967524245 20.067121635963083 13.712416979946376 14.883933892195722 17.258514404296875 8.629257202148438 64.21725159082666 84.6717296314489
256.42575055257106 -64.84101092447402 2.0 8.0390625 [256.42575055257106,-64.84101092447402] 49.9105982680281 2.660063775589132 0.0001740162168419028 1.7202456763533188e-05 [721.728515625,-106.3979492188] 26.760502496396096 21.841278227606836 17.424348250733626 17.953795543762887 18.160306930541992 9.080153465270996 76.31944513680969 75.43644953048829
258.4223631578119 -65.93696599052144 1.7734375 5.720703 [258.4223631578119,-65.93696599052144] 43.297084796270546 2.8563603235098127 0.00016785455477655724 1.781783059209026e-05 [2156.715820312,1910.927246094] 17.606024997801654 19.3817508409226 13.678525484762817 14.412591407215372 16.487106323242188 8.243553161621094 60.716372902136186 81.00734311554652
256.087677182907 -62.81219887660232 2.1875 9.8515625 [256.087677182907,-62.81219887660232] 103.32119838243347 3.1158639545142233 0.00017850409424230914 2.0669757051569486e-05 [497.5825195312,-3760.418945312] 20.11669668044463 17.257897010399056 18.21032939523824 17.376417384772743 0.0 0.0 91.77401907714943 56.00303972080178
256.72161872805054 -64.05034646459869 2.078125 8.753906 [256.72161872805054,-64.05034646459869] 154.1773668325744 2.7592925926106395 0.00017100557006305905 1.753544190518023e-05 [975.8315429688,-1525.366210938] 24.38913127778863 19.41626804019338 15.489426639949173 18.521732861742805 0.0 0.0 80.45967908157604 66.4989273485678
255.14999378866727 -65.00577554825095 1.953125 7.5664062 [255.14999378866727,-65.00577554825095] 65.77447659814749 3.147686479035176 0.00014956383150441552 1.7495515929424123e-05 [-252.9282226562,185.4833984375] 24.033185903469665 22.286634008706514 16.043489303282627 16.964673533376722 0.0 0.0 80.47680075939115 80.95918103083591
255.85314946155526 -62.69821539388734 2.171875 9.691406 [255.85314946155526,-62.69821539388734] 93.07140930611577 3.0116992886693383 0.00019301724294997058 2.160311698462043e-05 [305.8813476562,-3966.924804688] 17.977464364513374 16.460744839240526 18.9413368871086 17.156150263467673 0.0 0.0 93.61732122290948 55.629036031295755
257.3904112587089 -64.37500001599747 2.0 8.0546875 [257.3904112587089,-64.37500001599747] 131.27741403275053 3.0025438887894906 0.0001583271754809763 1.7666622599202665e-05 [1484.896484375,-928.208984375] 22.750718541200605 18.853620864997723 15.325339089773093 17.80635166327173 0.0 0.0 75.37947227135123 67.7854091372376
256.5633852020819 -64.81318659602937 1.984375 7.830078 [256.5633852020819,-64.81318659602937] 43.056912011066096 2.9646810579493073 0.0001566021785221103 1.7253788935962717e-05 [827.8891601562,-154.7919921875] 26.56442152637516 21.425554546705797 17.0734505080856 17.719431977070716 18.022106170654297 9.011053085327148 75.93166295767583 74.74106358095833
257.24600193723603 -65.69461827835913 1.7578125 5.560547 [257.24600193723603,-65.69461827835913] 54.965800495786226 2.6317027762330074 0.00017379193180343757 1.699711263917817e-05 [1306.321777344,1442.864257812] 20.430084257373085 21.016065472967078 14.589371713622223 15.977847711203326 18.371051788330078 9.185525894165039 67.14608262481715 81.78155002454196
