data_processed/hvc_rms/hvc_rms_index_18_with_B.ecsv
# %ECSV 1.0
# ---
# datatype:
# - {name: ra_dec_obj.ra, unit: deg, datatype: float64}
# - {name: ra_dec_obj.dec, unit: deg, datatype: float64}
# - {name: 'H-alpha flux [Error]', unit: R, datatype: float32}
# - {name: H-alpha flux, unit: R, datatype: float32}
# - {name: ra_dec_deg, datatype: string, subtype: 'float64[2]'}
# - {name: RM, unit: rad / m2, datatype: float64}
# - {name: RM_uncert, unit: rad / m2, datatype: float64}
# - {name: pol_int, datatype: float64}
# - {name: pol_int_uncert, datatype: float64}
# - {name: ra_dec_pix_offsets, datatype: string, subtype: 'float64[2]'}
# - {name: interpolation_raw, unit: rad / m2, datatype: float64}
# - {name: interpolation_cor, unit: rad / m2, datatype: float64}
# - {name: interpolation_unc, unit: rad / m2, datatype: float64}
# - {name: pixel location x, datatype: float64}
# - {name: pixel location y, datatype: float64}
# - {name: 'B_virtual [raw]', unit: G, datatype: float64}
# - {name: 'B_virtual_unc [raw]', unit: G, datatype: float64}
# - {name: 'B_virtual [int]', unit: G, datatype: float64}
# - {name: 'B_virtual_unc [int]', unit: G, datatype: float64}
# - {name: 'B_virtual [cor]', unit: G, datatype: float64}
# - {name: 'B_virtual_unc [cor]', unit: G, datatype: float64}
# meta: !!omap
# - __serialized_columns__:
#     ra_dec_obj:
#       __class__: astropy.coordinates.sky_coordinate.SkyCoord
#       dec: !astropy.table.SerializedColumn
#         __class__: astropy.coordinates.angles.Latitude
#         unit: &id001 !astropy.units.Unit {unit: deg}
#         value: !astropy.table.SerializedColumn {name: ra_dec_obj.dec}
#       frame: icrs
#       ra: !astropy.table.SerializedColumn
#         __class__: astropy.coordinates.angles.Longitude
#         unit: *id001
#         value: !astropy.table.SerializedColumn {name: ra_dec_obj.ra}
#         wrap_angle: !astropy.coordinates.Angle
#           unit: *id001
#           value: 360.0
#       representation_type: spherical
# schema: astropy-2.0
ra_dec_obj.ra ra_dec_obj.dec "H-alpha flux [Error]" "H-alpha flux" ra_dec_deg RM RM_uncert pol_int pol_int_uncert ra_dec_pix_offsets interpolation_raw interpolation_cor interpolation_unc "pixel location x" "pixel location y" "B_virtual [raw]" "B_virtual_unc [raw]" "B_virtual [int]" "B_virtual_unc [int]" "B_virtual [cor]" "B_virtual_unc [cor]"
[from data line 953]
171.4442595122096 -55.80343255223083 7.375 61.6875 [171.4442595122096,-55.80343255223083] 188.3686037660684 1.2097628169186576 0.00043722554566261315 1.9656874439260313e-05 [-4098.608398438,262.4223632812] 5.9738525540028276 -3.7273425042389263 38.08727455088814 80.94031018866349 109.48804250766125 6.335174296222498e-06 7.249693340390237e-07 6.13426291081699e-06 1.4619001361053586e-06 6.460531515812005e-06 1.478215459385398e-06
175.52397136548947 -57.17198942849709 7.65625 64.59375 [175.52397136548947,-57.17198942849709] 140.32527385149768 2.999001596035975 0.0001560322400613615 1.7390006466495424e-05 [24.3916015625,2605.6015625] 25.326454963358362 -8.019953047068947 38.15411334595964 73.26929480336776 78.70640924034365 4.6119998393149506e-06 5.564578694203968e-07 3.779608046906705e-06 1.3420238695451717e-06 4.875587581916037e-06 1.3824548291173556e-06
178.2098693172248 -55.30043411318906 4.84375 36.3125 [178.2098693172248,-55.30043411318906] -49.9831209746116 0.15956441920861408 0.003084504160962958 1.8290691273216694e-05 [2776.74609375,-708.666015625] -8.86690813667502 8.096045751351365 29.01303139734035 99.44374350553312 66.82237577447427 -2.191007829852546e-06 3.929894959678129e-07 -1.8023273158064903e-06 1.3237828495111912e-06 -2.545897626371362e-06 1.339019132491843e-06
172.00042764222093 -56.251506746668554 11.0 98.125 [172.00042764222093,-56.251506746668554] 73.35680822787586 1.6207958794566133 0.000310446089959674 1.8699208383001974e-05 [-3496.3515625,1037.279296875] 8.27838445217992 -10.21512382368619 40.40596043505593 77.05135276408532 104.20601305901505 1.9561368125545786e-06 2.8235955388054386e-07 1.7353849428019502e-06 1.1097307945212072e-06 2.2285338843334265e-06 1.1195882086406464e-06
172.99938933368668 -57.844486264036895 5.28125 40.921875 [172.99938933368668,-57.844486264036895] 248.0472003062751 1.5118608268299216 0.0003781925190246403 2.1248753155899135e-05 [-2393.810546875,3858.689575195] 43.32490139002943 41.33531995523711 34.80924255355219 60.90462794563041 92.04274754352673 1.0242481814329471e-05 1.1721921035178364e-06 8.453489582016145e-06 1.7406453840493035e-06 8.535644315626626e-06 1.7455553757568981e-06
172.9994960999719 -57.84286115974437 5.28125 40.921875 [172.9994960999719,-57.84286115974437] 254.64178239735935 2.3923116008636596 0.00023868622546675586 2.122041173262069e-05 [-2393.81640625,3855.764648438] 43.32490139002943 41.33531995523711 34.80924255355219 60.92341969605309 92.04801366060974 1.0514788403791609e-05 1.2038335633171619e-06 8.72579617147828e-06 1.7587149936176993e-06 8.807950905088764e-06 1.7637302414695225e-06
175.94630431131992 -55.47514728674765 4.46875 32.796875 [175.94630431131992,-55.47514728674765] -57.99819002666557 3.189205140331795 0.00014735606145744885 1.746462093121759e-05 [456.3037109375,-446.974609375] -8.215913744367008 -6.372431635218186 29.647984010939197 93.65304350102383 81.36564624278981 -2.675142015970842e-06 4.6590471945621594e-07 -2.2961864649951402e-06 1.4363571393380277e-06 -2.3812162985745537e-06 1.4381200638754222e-06
180.65618892017912 -55.953830822923045 4.21875 30.046875 [180.65618892017912,-55.953830822923045] 216.59718442797003 0.64144962088541 0.0012690830584067936 3.0252502291013088e-05 [5190.135375977,606.2622070312] -7.654612013249699 -1.2575863890988384 34.68253406470483 95.22229376938958 48.868184729541326 1.0437627316070297e-05 1.2385933247292895e-06 1.0806496318935773e-05 2.104642752967138e-06 1.049822929518578e-05 2.084215991126851e-06
178.28623967100162 -54.826038324128604 4.21875 30.171875 [178.28623967100162,-54.826038324128604] 43.014198253880565 1.6732170970706537 0.0002939170773788482 1.827619643420245e-05 [2888.940185547,-1558.734863281] -20.410566765677004 2.75651792550748 24.938803497315067 105.10771291294827 67.60403103112003 2.068518058742128e-06 4.1876200698999633e-07 3.0500457323436217e-06 1.295724126193829e-06 1.9359593376774107e-06 1.267578994547901e-06
173.52654993835517 -57.18176269452159 5.96875 47.734375 [173.52654993835517,-57.18176269452159] 215.1406794140622 0.6989928740432397 0.0006997584730508666 1.8177310145466013e-05 [-1923.831054688,2650.578613281] 27.31700451297995 7.001442279520134 34.249615403208765 69.50947581105697 91.17776393733448 8.225372024032667e-06 9.406463783840021e-07 7.180973887365108e-06 1.5512083194588025e-06 7.957689186873791e-06 1.596073929929032e-06
173.89317321321474 -54.4407616541925 4.0625 28.726562 [173.89317321321474,-54.4407616541925] 48.10586146824562 1.383323047527615 0.0003453394483214493 1.775327608071139e-05 [-1680.7734375,-2290.653808594] -7.633860884034114 -3.5681224354379832 23.8555062018903 101.67979376293101 98.49581378967287 2.370853945182385e-06 4.4418337748435363e-07 2.7470818858426446e-06 1.2668016640460652e-06 2.546705637569933e-06 1.2613051849101645e-06
170.71815447335356 -56.068931469263205 5.53125 43.171875 [170.71815447335356,-56.068931469263205] 61.23341290737533 0.6520875343465741 0.0009223573155543822 2.2351866655559878e-05 [-4797.989257812,785.9453125] 10.452253513843047 -3.2352827519411242 35.287802263379824 76.31702633819737 113.0497760536125 2.461708610391833e-06 3.9221974471964864e-07 2.0415066119837612e-06 1.4639974378037714e-06 2.591773603168781e-06 1.4745855533106767e-06
170.71986409200792 -56.06613919526369 5.53125 43.171875 [170.71986409200792,-56.06613919526369] 62.94529903307707 2.17356321610306 0.00027699628088944045 2.2374581296206313e-05 [-4796.625,780.8129882812] 10.452253513843047 -3.2352827519411242 35.287802263379824 76.35243317902791 113.05027048181023 2.530529938741191e-06 4.0617426574665674e-07 2.110327940333119e-06 1.4675571078227725e-06 2.6605949315181384e-06 1.478432358351236e-06
175.31588745176143 -53.84766367982209 3.515625 23.140625 [175.31588745176143,-53.84766367982209] -82.26481023965238 0.01723937870098339 0.03100786010096818 1.9865619328613588e-05 [-194.5053710938,-3377.047851562] -21.22937191132959 -7.180169601804529 22.7379178710924 111.3198474046128 90.83796548868554 -4.51726108401325e-06 6.563377738575956e-07 -3.351530374932137e-06 1.3647226853525983e-06 -4.122989212184235e-06 1.3937172719182428e-06
175.31427020373314 -53.84176275561745 3.515625 23.140625 [175.31427020373314,-53.84176275561745] -81.87884279022322 0.08166090374511838 0.006497549929369101 1.971843806099876e-05 [-196.2504882812,-3387.659179688] -21.22937191132959 -7.180169601804529 22.7379178710924 111.3849162644492 90.86842247773916 -4.496067140528508e-06 6.543308627762149e-07 -3.3303364314473954e-06 1.3640098905226376e-06 -4.101795268699493e-06 1.3928565048821387e-06
170.6318056503625 -57.61439131998208 5.4375 42.390625 [170.6318056503625,-57.61439131998208] -57.03311308918785 2.0252558036334913 0.00031764570299994084 2.390735735821334e-05 [-4686.8125,3566.248535156] 43.57827836604613 67.0735603188852 34.372947620149944 58.66451803247696 107.32227022175448 -2.3138798388504396e-06 3.9089101104710635e-07 -4.0818860770040844e-06 1.4952054184894708e-06 -5.035108797527248e-06 1.53028753973817e-06
171.96069291440185 -54.56929021784042 4.65625 34.5625 [171.96069291440185,-54.56929021784042] -8.192897341068727 2.9026897829206644 0.00018100649988888573 1.9525559978384697e-05 [-3689.891601562,-1984.611816406] -6.185100925014051 -6.85892931803169 25.858820552301538 96.09913658911842 110.92755615260376 -3.68115049556337e-07 3.429912158282825e-07 -9.02122956539561e-08 1.2107675464296629e-06 -5.993651384417228e-08 1.2107438224925038e-06
171.50909391807645 -53.92177185261201 4.46875 32.578125 [171.50909391807645,-53.92177185261201] 98.42142445121524 1.397317913882265 0.00041514555116704534 2.1557794030826245e-05 [-4225.943359375,-3122.284179688] -14.03312291983616 0.24216198033611924 25.225221818781858 102.43066203124272 116.47019196430347 4.554862149575907e-06 6.121830574655388e-07 5.2043034758350155e-06 1.3486095799543023e-06 4.54365509334349e-06 1.3176839140035927e-06
171.50463853670732 -53.92658222827014 4.46875 32.578125 [171.50463853670732,-53.92658222827014] 100.2332786186993 1.1035303897564477 0.0005271924483375107 2.1620323174851134e-05 [-4230.166992188,-3113.372070312] -14.03312291983616 0.24216198033611924 25.225221818781858 102.36582307181607 116.48118877463594 4.638713262420907e-06 6.189224010289999e-07 5.2881545886800155e-06 1.3521978967739198e-06 4.62750620618849e-06 1.3208193198032572e-06
173.9917450586304 -53.30741142322722 3.671875 24.765625 [173.9917450586304,-53.30741142322722] -81.08055979774687 0.4426132952745105 0.0014424429897461294 2.37263982452099e-05 [-1620.999023438,-4331.432617188] -24.328109410685517 -8.404165177798278 23.055165016504716 114.89458433455661 101.81271099029004 -4.303687476894869e-06 6.248350517187886e-07 -3.0123720238631177e-06 1.3264754301261731e-06 -3.857601503639767e-06 1.3559066512490468e-06
178.99249264074203 -54.23513434203832 3.875 26.78125 [178.99249264074203,-54.23513434203832] 54.73155085083986 2.168375792788912 0.00025139897665598493 2.0258475426818402e-05 [3672.926513672,-2587.65625] -19.89729910943801 -7.052230345085241 20.05540819797355 113.10821054309145 64.34321807550214 2.7936433855461016e-06 4.939388200160672e-07 3.809254256847785e-06 1.1752936695332437e-06 3.1536079096756523e-06 1.1491056624784647e-06
179.00679011409994 -54.243655976883424 3.9375 27.304688 [179.00679011409994,-54.243655976883424] 54.337132606662195 1.5172907910157134 0.0003620372118774167 2.0414123450255912e-05 [3687.178466797,-2571.583007812] -20.326620863142022 -7.195530275384447 19.984683271554747 113.02991937727757 64.22219160746681 2.7467981471756546e-06 4.810783347562745e-07 3.774329815609239e-06 1.158078232502253e-06 3.1105396307656256e-06 1.131533487188711e-06
180.49438479299286 -55.66661452288782 4.0 28.0 [180.49438479299286,-55.66661452288782] 4.431358112728187 3.1414055424032425 0.00022162234895888296 2.5872968657930636e-05 [5064.946533203,78.69580078125] -11.019974899918306 4.199661092067531 31.401458847772624 98.39784388521434 50.606839476540245 2.21210871510755e-07 3.838530756142159e-07 7.713217381174641e-07 1.6160886032495263e-06 1.1566183224861145e-08 1.6136572604387598e-06
174.41122419982582 -54.15009677077381 3.953125 27.570312 [174.41122419982582,-54.15009677077381] -51.588066112539934 1.462546236120294 0.0003290565047901114 1.7884993557106217e-05 [-1146.712890625,-2824.1640625] -15.190293343045834 -4.061062008338684 24.198375738034038 106.06377021455955 96.00561371571257 -2.5952370796064566e-06 4.675412019649786e-07 -1.831060100225775e-06 1.2867567479031063e-06 -2.39093752932617e-06 1.2988606335888414e-06
171.62087995732992 -56.47992699952057 9.6875 84.96875 [171.62087995732992,-56.47992699952057] -59.27820901895597 2.2376386632540473 0.00023349652997143913 1.9416864120414768e-05 [-3851.948242188,1467.942871094] 11.048025846160968 -9.445468194233577 39.362639197984585 73.64607786897159 105.72138932046028 -1.6986898560227248e-06 2.7766812822970476e-07 -2.015284600441355e-06 1.1673878808582673e-06 -1.428018368599766e-06 1.157516223008125e-06
170.73510750346543 -54.46373757174718 4.28125 30.734375 [170.73510750346543,-54.46373757174718] 64.42887674945456 1.7687397306993908 0.0003527214056563505 2.3184858574731425e-05 [-4978.250976562,-2097.606933594] -1.4602304351404904 -0.6465926436024105 25.688641396166634 94.49273710645798 119.45814124974822 3.0698489101574804e-06 4.903002738951172e-07 3.139424650664748e-06 1.3206585069389343e-06 3.1006571722663727e-06 1.3194718198905276e-06
178.2079619611289 -54.33488849566856 4.03125 28.328125 [178.2079619611289,-54.33488849566856] 14.404651961360166 0.27737648652209357 0.0018762154083515553 1.9340203708822747e-05 [2841.904541016,-2445.175292969] -26.053826726210858 -9.512466089609926 22.796900012318858 110.72527256108378 69.4838500590638 7.148953770602499e-07 3.5722237020206367e-07 2.007933232557189e-06 1.2058242574640188e-06 1.1869941164221132e-06 1.1914228566446461e-06
172.70533730989925 -54.05816280395343 4.09375 28.890625 [172.70533730989925,-54.05816280395343] 52.553717361159194 1.0608411169764886 0.0004969029964073928 1.9589829806460634e-05 [-2950.487304688,-2939.09765625] -11.585399463965636 -2.2886314234301572 22.906205439359326 103.55969040020454 107.88541272500015 2.582697883723019e-06 4.56696049239398e-07 3.1520503135814622e-06 1.232319872952772e-06 2.695170299200208e-06 1.2180162371398224e-06
177.31271381048268 -55.96203624058024 5.0 37.859375 [177.31271381048268,-55.96203624058024] -69.71207733822386 2.6087002312337346 0.00018021284833674386 1.7471034880331797e-05 [1827.069335938,451.8295898438] -4.46180618516431 -2.0015697627063656 35.6602135549765 90.30632712037323 70.90510967830505 -2.9927465479305145e-06 4.630890025629889e-07 -2.8012007560385283e-06 1.595075881543106e-06 -2.906818955087185e-06 1.5974289091914694e-06
173.18269332074948 -54.01794415190395 3.84375 26.398438 [173.18269332074948,-54.01794415190395] -1.5329036919788437 1.0451267585444435 0.00048621858504493135 1.8884662405264328e-05 [-2449.016601562,-3030.005859375] -13.022116083331078 2.2884343836400634 22.813761443704625 105.04675981547894 104.8065762244762 -7.880874169241143e-08 3.639832686323855e-07 5.906766200233193e-07 1.2299355229540087e-06 -1.9646038227754714e-07 1.2282439795467525e-06
173.18302947616542 -54.019805891922985 3.84375 26.398438 [173.18302947616542,-54.019805891922985] 6.243205720540191 1.6450352839477982 0.0003089018386013844 1.888445318018627e-05 [-2448.551757812,-3026.669921875] -13.022116083331078 2.2884343836400634 22.813761443704625 105.02617757682788 104.79750117450453 3.2097201509605846e-07 3.7154642815228316e-07 9.90457376811789e-07 1.235102176241835e-06 2.0332037451092279e-07 1.2299941653529698e-06
176.9363404999054 -56.167167542807604 5.03125 38.265625 [176.9363404999054,-56.167167542807604] -68.52237800703843 0.17140732126352717 0.0026975802270413885 1.7183532183726965e-05 [1440.333984375,812.0961914062] -0.3624896408994298 -2.2675416384147304 35.08942532289961 87.30667857864933 72.76336837632334 -2.9260157196462946e-06 4.424391572745931e-07 -2.9105368291242568e-06 1.5619722982248378e-06 -2.8291880456523696e-06 1.5601145579308344e-06
176.93794264622062 -56.16498570463742 5.03125 38.265625 [176.93794264622062,-56.16498570463742] -73.54774307724449 0.27695586856009935 0.0016719154563647604 1.7208126420156602e-05 [1442.020996094,808.203125] -0.3624896408994298 -2.2675416384147304 35.08942532289961 87.33468667429997 72.75939504265489 -3.1406068885469707e-06 4.6044550654082437e-07 -3.125127998024932e-06 1.5671415363870599e-06 -3.0437792145530458e-06 1.5651513911370976e-06
176.04086318140452 -54.89519884030586 4.1875 29.984375 [176.04086318140452,-54.89519884030586] 37.84706885195087 1.3181050916932817 0.0003514705591857751 1.7216612040535504e-05 [560.8569335938,-1490.112792969] -11.607383098970688 2.29048439870638 26.45821188043876 100.54170378573326 82.55592461953438 1.825716683119633e-06 4.0164601437784117e-07 2.3856488948861275e-06 1.349416897986145e-06 1.7152252842876222e-06 1.3361328062599828e-06
177.5764008872966 -57.07897569507804 5.1875 39.796875 [177.5764008872966,-57.07897569507804] 144.2847173695024 2.2331149632526723 0.0002186365195457798 1.8144394924784472e-05 [2031.833007812,2468.634521484] 12.478731917788274 -9.23725878572196 34.19670052275642 77.70163008314148 66.00371234673707 6.041495854141763e-06 7.384726952230608e-07 5.5189858577906196e-06 1.5877822448154041e-06 6.428278748927886e-06 1.6294762790012452e-06
