data_processed/hvc_rms/hvc_rms_index_11_with_B.ecsv
# %ECSV 1.0
# ---
# datatype:
# - {name: ra_dec_obj.ra, unit: deg, datatype: float64}
# - {name: ra_dec_obj.dec, unit: deg, datatype: float64}
# - {name: 'H-alpha flux [Error]', unit: R, datatype: float32}
# - {name: H-alpha flux, unit: R, datatype: float32}
# - {name: ra_dec_deg, datatype: string, subtype: 'float64[2]'}
# - {name: RM, unit: rad / m2, datatype: float64}
# - {name: RM_uncert, unit: rad / m2, datatype: float64}
# - {name: pol_int, datatype: float64}
# - {name: pol_int_uncert, datatype: float64}
# - {name: ra_dec_pix_offsets, datatype: string, subtype: 'float64[2]'}
# - {name: interpolation_raw, unit: rad / m2, datatype: float64}
# - {name: interpolation_cor, unit: rad / m2, datatype: float64}
# - {name: interpolation_unc, unit: rad / m2, datatype: float64}
# - {name: pixel location x, datatype: float64}
# - {name: pixel location y, datatype: float64}
# - {name: 'B_virtual [raw]', unit: G, datatype: float64}
# - {name: 'B_virtual_unc [raw]', unit: G, datatype: float64}
# - {name: 'B_virtual [int]', unit: G, datatype: float64}
# - {name: 'B_virtual_unc [int]', unit: G, datatype: float64}
# - {name: 'B_virtual [cor]', unit: G, datatype: float64}
# - {name: 'B_virtual_unc [cor]', unit: G, datatype: float64}
# meta: !!omap
# - __serialized_columns__:
#     ra_dec_obj:
#       __class__: astropy.coordinates.sky_coordinate.SkyCoord
#       dec: !astropy.table.SerializedColumn
#         __class__: astropy.coordinates.angles.Latitude
#         unit: &id001 !astropy.units.Unit {unit: deg}
#         value: !astropy.table.SerializedColumn {name: ra_dec_obj.dec}
#       frame: icrs
#       ra: !astropy.table.SerializedColumn
#         __class__: astropy.coordinates.angles.Longitude
#         unit: *id001
#         value: !astropy.table.SerializedColumn {name: ra_dec_obj.ra}
#         wrap_angle: !astropy.coordinates.Angle
#           unit: *id001
#           value: 360.0
#       representation_type: spherical
# schema: astropy-2.0
ra_dec_obj.ra ra_dec_obj.dec "H-alpha flux [Error]" "H-alpha flux" ra_dec_deg RM RM_uncert pol_int pol_int_uncert ra_dec_pix_offsets interpolation_raw interpolation_cor interpolation_unc "pixel location x" "pixel location y" "B_virtual [raw]" "B_virtual_unc [raw]" "B_virtual [int]" "B_virtual_unc [int]" "B_virtual [cor]" "B_virtual_unc [cor]"
[from data line 182]
115.32481405239963 -57.55547329507748 3.75 25.4375 [115.32481405239963,-57.55547329507748] -89.01385040432356 2.9967127296260676 0.00018890119466363764 2.1037228316943157e-05 [2727.73046875,3351.140380859] 52.19948663531129 56.26813070049987 19.987370987697858 9.623905922977656 38.89539960180696 -4.661964995778636e-06 6.731773552039287e-07 -7.395833695830015e-06 1.41247604001406e-06 -7.608922739007394e-06 1.427711052578586e-06
114.65153501616827 -58.039779681280365 3.453125 22.53125 [114.65153501616827,-58.039779681280365] -97.2768107734064 0.7015256487113374 0.0009568424994034064 2.494552876561291e-05 [2050.489257812,4198.565185547] 53.83950535108267 52.96704523619805 19.322498291075522 3.2804853278264545 35.26902852991043 -5.413340121717307e-06 7.50139322061823e-07 -8.409445279084438e-06 1.51577437778739e-06 -8.360893899706834e-06 1.5120170472791302e-06
117.52615367515422 -56.136634920034986 8.75 75.78125 [117.52615367515422,-56.136634920034986] -162.62904612837886 0.998002282321243 0.0008132533857769895 3.016241546027264e-05 [5035.697265625,924.8276367188] 69.40370104338382 75.29810740483131 25.91181332085401 30.087831825565786 48.16183720469303 -4.934758077888292e-06 5.696026782133359e-07 -7.040719359176393e-06 1.1094993092625792e-06 -7.2195771345798565e-06 1.122563705292048e-06
116.46986377367922 -57.34960169841298 3.953125 27.585938 [116.46986377367922,-57.34960169841298] -111.99464493573095 1.5673055416530923 0.0003839360880845986 2.236254913925838e-05 [3853.133789062,3035.505615234] 46.19035110139523 59.42729105221311 19.150321105611614 17.35873760606796 37.89651776202868 -5.632510596875086e-06 7.416189506788562e-07 -7.955547043852428e-06 1.3767117694975894e-06 -8.621268200305632e-06 1.4287680881594534e-06
114.79143523817484 -58.23747636522798 3.359375 21.601562 [114.79143523817484,-58.23747636522798] -92.68433400411156 3.075085215535888 0.00025480697366564653 2.911904772511477e-05 [2171.601074219,4558.173217773] 52.526402649087 52.179124251103886 18.950271384166005 3.1051264307673136 32.62859799154694 -5.267595097592394e-06 7.624576265659251e-07 -8.252865737571538e-06 1.5206170091304912e-06 -8.233128615798247e-06 1.519102726337623e-06
117.43043507818955 -57.49930947753109 3.65625 24.484375 [117.43043507818955,-57.49930947753109] -113.5495243163012 1.7073675761148843 0.00046338306929333674 2.9401933750325096e-05 [4763.624755859,3363.9765625] 48.19971103052906 55.364991902065725 17.92138566904622 22.120531666960574 33.36445212819126 -6.061630258602816e-06 8.064773929073758e-07 -8.634682225114869e-06 1.4431862600874474e-06 -9.01718742365104e-06 1.4748282220188454e-06
117.12618267107244 -57.111015269194105 4.34375 31.414062 [117.12618267107244,-57.111015269194105] -109.4506449904466 2.9288519519431184 0.0002252054502276083 2.4512353965890715e-05 [4517.827880859,2646.642333984] 51.04291066964443 59.68445413429211 18.819363524585643 22.448963944344428 38.59924148443133 -5.158279940752643e-06 6.859997183233994e-07 -7.563872180504519e-06 1.285079624334324e-06 -7.971137942298111e-06 1.3164039565622414e-06
117.71918491490473 -56.78157806785671 5.4375 42.296875 [117.71918491490473,-56.78157806785671] -163.292856494164 1.9407803003885569 0.0003865187839790754 2.7877619299261783e-05 [5140.513305664,2096.59375] 64.22635000366951 67.63413028255617 21.364064936227088 27.69759888986323 40.43551317892866 -6.632262081994438e-06 7.906185092299168e-07 -9.2408635538504e-06 1.3727645577774743e-06 -9.379273110843092e-06 1.384198671165197e-06
115.54613480063095 -57.349975600534265 3.953125 27.476562 [115.54613480063095,-57.349975600534265] -70.50259646376131 2.6312973072619417 0.00021147689080256964 2.0679571765681946e-05 [2957.741699219,2990.821289062] 52.405368117118456 59.415914250183924 19.74403725236185 11.966579869715702 40.58618634672371 -3.5528146118771922e-06 5.563950037554711e-07 -6.193661430660702e-06 1.2810897376061675e-06 -6.546941621576743e-06 1.304201277758717e-06
114.28903950879335 -57.89003376155351 3.5625 23.664062 [114.28903950879335,-57.89003376155351] -77.29236773244855 0.13435147531328007 0.004609361632066326 2.3013990284345097e-05 [1712.443847656,3919.508056641] 55.830700528169494 54.377579990381236 19.921682186540753 1.9172387176416805 37.973915246531305 -4.197015700037477e-06 6.22107726890701e-07 -7.228651727438483e-06 1.4262006783868502e-06 -7.149746527739396e-06 1.420714788410455e-06
114.2951508364823 -57.885231066412096 3.5625 23.664062 [114.2951508364823,-57.885231066412096] -78.87324732519454 0.45732236011269495 0.0013605760796733684 2.3123521327667598e-05 [1718.517578125,3911.0234375] 55.830700528169494 54.377579990381236 19.921682186540753 1.976413695934525 38.012188505654876 -4.282858282756524e-06 6.305570263881971e-07 -7.314494310157531e-06 1.4324096833644828e-06 -7.235589110458442e-06 1.4268823185405096e-06
114.29289231646958 -57.89622494778094 3.5625 23.664062 [114.29289231646958,-57.89622494778094] -70.50286312424984 1.2313695801811595 0.0005073498924728139 2.3216924890383145e-05 [1715.833007812,3930.735595703] 55.830700528169494 54.377579990381236 19.921682186540753 1.909217723277152 37.892514960075005 -3.828342074528605e-06 5.922042068966585e-07 -6.8599781019296115e-06 1.4024850264239574e-06 -6.781072902230522e-06 1.3971926472068967e-06
114.28528582809028 -57.89931876192449 3.5625 23.664062 [114.28528582809028,-57.89931876192449] -70.62503501034962 1.536964683966154 0.00040407817116466804 2.308011569876905e-05 [1708.413085938,3936.110839844] 55.830700528169494 54.377579990381236 19.921682186540753 1.849758258120687 37.87787769248098 -3.834976071378577e-06 5.948950326364417e-07 -6.866612098779584e-06 1.403820588081945e-06 -6.787706899080494e-06 1.398528110496361e-06
115.2973478547431 -56.87925341161071 4.125 29.390625 [115.2973478547431,-56.87925341161071] -99.3435406142113 1.7989164935511976 0.00030185178884322876 2.0179642161341972e-05 [2751.181152344,2134.297363281] 58.95276475987004 60.227402430081504 21.25949250477134 12.912423475366495 46.62389287063206 -4.840429038304548e-06 6.551134954519442e-07 -7.71285207323704e-06 1.4042098217138406e-06 -7.774957703397415e-06 1.4086636648072451e-06
115.29447943534365 -56.88216394832514 4.125 29.390625 [115.29447943534365,-56.88216394832514] -107.01601218958005 2.0613814847626077 0.0002630680186137419 2.0152787608085457e-05 [2748.149414062,2139.417236328] 58.95276475987004 60.227402430081504 21.25949250477134 12.880519837747897 46.59935779892544 -5.214263652808598e-06 6.932068884321753e-07 -8.086686687741088e-06 1.4321798862120466e-06 -8.148792317901464e-06 1.436757499941404e-06
116.45890809654382 -56.33168024021879 6.09375 48.90625 [116.45890809654382,-56.33168024021879] -208.2088270313624 2.4240566187802606 0.0002362866818521806 2.1285835728545257e-05 [3948.419189453,1206.03515625] 54.125402227975044 65.8829001242834 22.509780671644233 22.677185298689665 49.30819580693242 -7.864399917088158e-06 9.051642995262922e-07 -9.908807999411838e-06 1.4062601624759166e-06 -1.0352908601673832e-05 1.4440839768644593e-06
113.93134297849089 -57.497978234345524 3.5625 23.59375 [113.93134297849089,-57.497978234345524] -56.14046820510572 0.24460084426380238 0.0021403450408879242 1.9455860588037213e-05 [1385.240722656,3206.433349609] 52.98678354837333 51.50794296054316 18.359225163611995 1.7442366214523872 43.44463142038967 -3.0529955960697014e-06 5.231737167674674e-07 -5.934489498686819e-06 1.275888068993053e-06 -5.854068120912773e-06 1.2707507558015729e-06
113.95701623586052 -57.497291553218666 3.578125 23.757812 [113.95701623586052,-57.497291553218666] -55.84603861745328 1.6377076272292141 0.00032255012543928386 1.9630993983088526e-05 [1410.090332031,3205.715332031] 53.142467354141075 51.89090590400696 18.871343955912604 1.8987911256266443 43.38201759641652 -3.0264798116111528e-06 5.271809002131735e-07 -5.9064442382419055e-06 1.2954178324516172e-06 -5.83861802253181e-06 1.2911767065127398e-06
117.52070621157974 -55.95490259971511 9.25 80.40625 [117.52070621157974,-55.95490259971511] -88.17712202763427 0.6625689817479418 0.0012674030809199123 3.120718260250998e-05 [5054.000976562,598.1796875] 69.58114358331709 76.4120925043944 27.495836645907517 31.05051954017688 50.18446198190077 -2.5975244862831015e-06 3.4623299128578515e-07 -4.647248043654409e-06 9.722906425052373e-07 -4.848474355865946e-06 9.834370936912115e-07
117.52418508665838 -55.95661164410656 9.25 80.40625 [117.52418508665838,-55.95661164410656] -87.82784922614705 1.2961054880211884 0.0006476237976003002 3.119405630130138e-05 [5057.270019531,601.5014648438] 69.58114358331709 76.4120925043944 27.495836645907517 31.061946304730554 50.15458220478263 -2.5872355969046138e-06 3.4690849442131976e-07 -4.636959154275922e-06 9.722839669067344e-07 -4.838185466487457e-06 9.834064751863463e-07
117.51467900838934 -55.95472337056466 9.25 80.40625 [117.51467900838934,-55.95472337056466] -91.77394901805005 2.290000959871125 0.00036428031727923823 3.10013119855405e-05 [5047.973876953,597.4189453125] 69.58114358331709 76.4120925043944 27.495836645907517 31.015477163619494 50.205542759820446 -2.703479931025344e-06 3.6118542150936917e-07 -4.753203488396651e-06 9.802459598280587e-07 -4.9544298006081875e-06 9.915483101830132e-07
116.97251891032309 -56.43566122964453 5.09375 38.796875 [116.97251891032309,-56.43566122964453] -213.42492671223127 1.0088147674583887 0.0006191813445369756 2.3213359489257894e-05 [4447.404296875,1423.930175781] 60.6688007919809 67.72285153687346 22.693781830829977 25.17626778039596 46.57580014488053 -9.05097577247181e-06 1.0519215224446004e-06 -1.1623832910445787e-05 1.6409933152787882e-06 -1.192298279595047e-05 1.667414633214705e-06
116.20882406700721 -56.94747166563522 4.09375 28.945312 [116.20882406700721,-56.94747166563522] -8.275281142141642 1.178860015228612 0.0004791606352723333 2.0991915652906906e-05 [3639.535888672,2298.922363281] 49.993131201844925 61.69108479694674 20.686185694510847 17.944566852079106 43.175710595986175 -4.062957412992482e-07 3.5161104787507296e-07 -2.8608342581945683e-06 1.1225923337034993e-06 -3.435174712128205e-06 1.1434973438135844e-06
116.20745857542533 -56.947963681389055 4.09375 28.945312 [116.20745857542533,-56.947963681389055] -8.24326699244413 1.2776021094785162 0.0004419656897381677 2.098422234388917e-05 [3638.150146484,2299.734863281] 49.993131201844925 61.69108479694674 20.686185694510847 17.9339480216712 43.17425331036998 -4.0472392609925737e-07 3.5241782928728026e-07 -2.8592624429945774e-06 1.1228002753793606e-06 -3.4336028969282147e-06 1.1436911438883492e-06
116.14606488210093 -57.5370064122811 3.625 24.289062 [116.14606488210093,-57.5370064122811] -114.09581972484584 1.6904787711376794 0.0003524632962374262 2.21427890640333e-05 [3521.299804688,3354.949951172] 51.42936290843306 61.567775385452656 18.989424724016768 14.495978469144347 36.7417881380029 -6.115232745454608e-06 8.124757283164585e-07 -8.871709931857884e-06 1.503548519024247e-06 -9.415101899380553e-06 1.5480569390533961e-06
116.20719139012573 -57.59255214973627 3.671875 24.648438 [116.20719139012573,-57.59255214973627] -119.05220390285453 2.007528331275645 0.0003031752954142967 2.2618520587624223e-05 [3574.780029297,3457.864257812] 51.39920114913087 61.413686975402065 18.971148772260364 14.560860379885298 35.9396136636733 -6.334194236101848e-06 8.352861268730377e-07 -9.068898113778304e-06 1.5137407426962247e-06 -9.60172065984433e-06 1.557941955794692e-06
116.20113362641209 -57.584987615553814 3.671875 24.648438 [116.20113362641209,-57.584987615553814] -122.27318209763418 2.0277284131377806 0.00029976244036581447 2.258893238867572e-05 [3569.690429688,3443.963134766] 51.39920114913087 61.413686975402065 18.971148772260364 14.565215313930253 36.042253719138216 -6.505566968795071e-06 8.532083731422227e-07 -9.240270846471525e-06 1.5278956206608585e-06 -9.773093392537552e-06 1.572491514276037e-06
114.9118195414424 -57.291675552221186 3.890625 26.914062 [114.9118195414424,-57.291675552221186] -41.86413924607231 0.18159195229634148 0.002988555719403552 2.016817765604024e-05 [2346.169921875,2861.751464844] 59.2032426398029 60.300110842931474 21.579674441459296 8.540359783279428 43.06095265515637 -2.1315777198700856e-06 4.3319503983515886e-07 -5.146002839500515e-06 1.2989380459089496e-06 -5.201851588944041e-06 1.3018987294147606e-06
115.11933886320952 -57.81386942594091 3.53125 23.335938 [115.11933886320952,-57.81386942594091] -1.8907252762755182 1.6628014627959598 0.00036677426546599255 2.2664594693747828e-05 [2511.569824219,3807.854736328] 49.30546819518521 51.320270107174615 18.279221488295768 7.120126717560083 36.544357353962596 -1.0338664395160213e-07 3.9360531036403493e-07 -2.7994562153089592e-06 1.1234637031251649e-06 -2.909627486895377e-06 1.1273269527940527e-06
113.87691488712892 -56.871436952391484 3.71875 25.195312 [113.87691488712892,-56.871436952391484] -62.614465264075285 0.9702370236326794 0.0005150304842098911 1.85703240199592e-05 [1355.389160156,2078.190917969] 56.57680094797002 53.51417734330786 20.1024474460942 4.488920360737666 50.76979513463334 -3.2950608227618714e-06 5.342115531854207e-07 -6.272392011243849e-06 1.3380467059185092e-06 -6.111222686998609e-06 1.327905366465391e-06
117.5596083866156 -56.528358332354344 5.6875 44.953125 [117.5596083866156,-56.528358332354344] -200.44291853058445 3.070160774125807 0.00023415751893963608 2.6716399536529505e-05 [5017.367919922,1630.436523438] 67.58658222511924 69.73188777354727 22.762466897253766 28.144656635740148 43.72995316910465 -7.896950356635198e-06 9.194461666462506e-07 -1.055969288961708e-05 1.498116599137171e-06 -1.0644212570032557e-05 1.5053377294355763e-06
117.56546774325996 -56.53128052978989 5.6875 44.953125 [117.56546774325996,-56.53128052978989] -187.24396237240066 3.25706359905657 0.00022036101158847253 2.6672867000616396e-05 [5022.774658203,1636.105957031] 67.58658222511924 69.73188777354727 22.762466897253766 28.16322998370333 43.679400424629875 -7.376944450192174e-06 8.666588190928847e-07 -1.0039686983174057e-05 1.4548388525311495e-06 -1.012420666358953e-05 1.4619099321469271e-06
116.29569997029319 -56.521877308985005 5.4375 42.5 [116.29569997029319,-56.521877308985005] -141.38457791848393 2.129443189416195 0.00026278639103529495 2.0795895764202674e-05 [3767.045166016,1538.746582031] 54.28501979038627 65.2784131131965 22.804955791163124 20.698181567723054 47.67976940344715 -5.728701702729962e-06 6.985811812160909e-07 -7.928253378622182e-06 1.3069358729856747e-06 -8.373690016580485e-06 1.3403787113980516e-06
116.94461055628496 -56.7845077015974 5.0625 38.765625 [116.94461055628496,-56.7845077015974] -168.951382144462 2.159468123138645 0.0002835997129375768 2.2759425102897338e-05 [4379.085449219,2048.690917969] 54.95971148402225 62.72918460918535 20.102282921994266 23.138057341282433 42.78282083142631 -7.167818305739926e-06 8.554539162650356e-07 -9.499502255602614e-06 1.3927072112917243e-06 -9.829124724419593e-06 1.4207053622404733e-06
114.57270807410987 -57.1457786308889 3.703125 24.960938 [114.57270807410987,-57.1457786308889] -79.10476195607505 0.4904742029803906 0.0010626459335023773 1.936927913483405e-05 [2024.570800781,2588.681884766] 64.17536011892321 61.66236417932817 21.36622103867249 7.271160084285043 45.68064640408602 -4.182354254903726e-06 6.128455428138029e-07 -7.575374900138655e-06 1.4813369135217836e-06 -7.442510088961332e-06 1.4721472251640624e-06
