data_processed/hvc_rms/hvc_rms_index_13_with_B.ecsv
# %ECSV 1.0
# ---
# datatype:
# - {name: ra_dec_obj.ra, unit: deg, datatype: float64}
# - {name: ra_dec_obj.dec, unit: deg, datatype: float64}
# - {name: 'H-alpha flux [Error]', unit: R, datatype: float32}
# - {name: H-alpha flux, unit: R, datatype: float32}
# - {name: ra_dec_deg, datatype: string, subtype: 'float64[2]'}
# - {name: RM, unit: rad / m2, datatype: float64}
# - {name: RM_uncert, unit: rad / m2, datatype: float64}
# - {name: pol_int, datatype: float64}
# - {name: pol_int_uncert, datatype: float64}
# - {name: ra_dec_pix_offsets, datatype: string, subtype: 'float64[2]'}
# - {name: interpolation_raw, unit: rad / m2, datatype: float64}
# - {name: interpolation_cor, unit: rad / m2, datatype: float64}
# - {name: interpolation_unc, unit: rad / m2, datatype: float64}
# - {name: pixel location x, datatype: float64}
# - {name: pixel location y, datatype: float64}
# - {name: 'B_virtual [raw]', unit: G, datatype: float64}
# - {name: 'B_virtual_unc [raw]', unit: G, datatype: float64}
# - {name: 'B_virtual [int]', unit: G, datatype: float64}
# - {name: 'B_virtual_unc [int]', unit: G, datatype: float64}
# - {name: 'B_virtual [cor]', unit: G, datatype: float64}
# - {name: 'B_virtual_unc [cor]', unit: G, datatype: float64}
# meta: !!omap
# - __serialized_columns__:
#     ra_dec_obj:
#       __class__: astropy.coordinates.sky_coordinate.SkyCoord
#       dec: !astropy.table.SerializedColumn
#         __class__: astropy.coordinates.angles.Latitude
#         unit: &id001 !astropy.units.Unit {unit: deg}
#         value: !astropy.table.SerializedColumn {name: ra_dec_obj.dec}
#       frame: icrs
#       ra: !astropy.table.SerializedColumn
#         __class__: astropy.coordinates.angles.Longitude
#         unit: *id001
#         value: !astropy.table.SerializedColumn {name: ra_dec_obj.ra}
#         wrap_angle: !astropy.coordinates.Angle
#           unit: *id001
#           value: 360.0
#       representation_type: spherical
# schema: astropy-2.0
ra_dec_obj.ra ra_dec_obj.dec "H-alpha flux [Error]" "H-alpha flux" ra_dec_deg RM RM_uncert pol_int pol_int_uncert ra_dec_pix_offsets interpolation_raw interpolation_cor interpolation_unc "pixel location x" "pixel location y" "B_virtual [raw]" "B_virtual_unc [raw]" "B_virtual [int]" "B_virtual_unc [int]" "B_virtual [cor]" "B_virtual_unc [cor]"
[from data line 220]
46.72464008752197 -55.91866688671454 1.28125 0.7866211 [46.72464008752197,-55.91866688671454] 28.472120434835716 1.8983634555290818 0.00023832506397150947 1.6813486763909334e-05 [-2797.3125,405.9086914062] 17.95849025691735 19.633321243295605 6.1404619832646645 36.77429614763878 21.763260054196962 8.479800836436197e-06 7.276039312946083e-06 3.1312557201610268e-06 3.8200758171944854e-06 2.632443795292828e-06 3.5584897867276368e-06
47.047202698219905 -57.32770537343474 1.25 0.5385742 [47.047202698219905,-57.32770537343474] 20.75747883331416 2.1197608311862424 0.0002153874601990978 1.696742668752926e-05 [-2381.655273438,2927.936767578] 24.753333407902826 22.728531097967192 6.85866706627855 48.487929595121045 1.7166875896325564 7.471373675363585e-06 9.086078661877638e-06 -1.4382537936759785e-06 3.978340168878728e-06 -7.094535960340035e-07 3.7022425400744365e-06
46.915558290061874 -56.37236036576195 1.3046875 1.0400391 [46.915558290061874,-56.37236036576195] 31.873797818428553 2.377968624686983 0.00018680486836452695 1.650832512772456e-05 [-2574.370117188,1214.522460938] 18.660401897680497 19.768735634036624 6.107346801288792 40.99621851925815 15.783876499524013 8.25577070009014e-06 5.570747862345586e-06 3.422459021438964e-06 3.2972932813973472e-06 3.135384690395803e-06 3.180605391561774e-06
46.95180540996539 -56.52453616540201 1.2734375 0.7609863 [46.95180540996539,-56.52453616540201] 32.96901510196511 1.4098803002188036 0.0003059238715011719 1.6028921875509703e-05 [-2528.125,1486.893554688] 19.612207378104507 19.989800972255747 6.268449571372548 42.264192031958714 13.616504581062827 9.983117449052578e-06 8.674857642265417e-06 4.044481760808353e-06 4.456678659208162e-06 3.930145278909717e-06 4.383637944693851e-06
47.87001845383522 -56.97568509338944 1.2734375 0.74902344 [47.87001845383522,-56.97568509338944] 35.99629364909773 1.1804199040835333 0.0003717197765664909 1.6306505245463044e-05 [-1597.78125,2271.141357422] 23.021240125073177 22.049345817588964 6.718138995761002 50.32970322774804 12.220833688547827 1.0986483721910911e-05 9.638112386455345e-06 3.960135888495611e-06 4.512007365372019e-06 4.256769233380574e-06 4.705236541816888e-06
48.145862539386684 -54.56995760463369 1.28125 0.7922363 [48.145862539386684,-54.56995760463369] 37.16604180026952 2.5569712064029306 0.00017158766594070588 1.630499265104627e-05 [-1411.877441406,-2063.844726562] 19.503483519464087 21.173611868303723 6.142182817563618 35.74842873216062 52.6580341932779 1.1029798248764088e-05 9.24259585318055e-06 5.24173263973751e-06 5.1383356184893045e-06 4.746087210605235e-06 4.8088890800179105e-06
48.146701810413525 -54.56402212206086 1.2734375 0.74194336 [48.146701810413525,-54.56402212206086] 29.59665769856486 2.921341117952142 0.00015143062775265255 1.6440109177479694e-05 [-1411.207519531,-2074.541503906] 19.532486223319076 21.183070250052246 6.1820663286182835 35.715080283809016 52.7617187873509 9.076239092020385e-06 8.169870660539693e-06 3.086322364597661e-06 4.0121214604897e-06 2.5801471261407037e-06 3.736513004493723e-06
44.119300960042786 -56.04273216675687 1.2421875 0.42956543 [44.119300960042786,-56.04273216675687] 21.520886863269894 0.5327385872476224 0.0012605875544186875 2.4957200781033043e-05 [-5400.989257812,782.966796875] 19.050874973885705 20.892718021386948 5.8477943938333805 23.791853857487467 2.1779420548728012 8.673495090380034e-06 1.2879590708008746e-05 9.954810938724928e-07 3.954680091893492e-06 2.531689051950905e-07 3.7005813997182913e-06
44.854549019091806 -56.10936342339277 1.2578125 0.607666 [44.854549019091806,-56.10936342339277] 21.891154100243597 3.184000975041704 0.00016860826533812178 1.9950820239293506e-05 [-4656.518554688,849.2514648438] 20.437904646611187 21.109612844063196 5.505186487728059 28.133206894618752 6.285088189527187 7.417965651758275e-06 8.134884548624533e-06 4.924434080139126e-07 3.2453245122161154e-06 2.6483054147034265e-07 3.2165368804043905e-06
49.54727933631962 -55.71959674546695 1.2421875 0.4058838 [49.54727933631962,-55.71959674546695] 10.17345850017801 2.3455669539437887 0.0001815399055757815 1.5824450665619693e-05 [48.93359375,-8.416015625] 21.241890924013322 19.33285339170781 6.271942219429306 51.24131768266636 42.09966209379991 4.2180954112467406e-06 7.153721159356722e-06 -4.589167392372757e-06 8.100444275391279e-06 -3.797646745311113e-06 7.07242268308907e-06
44.63862567871763 -55.20258720158062 1.2265625 0.296875 [44.63862567871763,-55.20258720158062] 82.27849856067584 3.194518941095313 0.0001963303509594684 2.3307817752162012e-05 [-4986.700195312,-764.0810546875] 18.373698407630993 20.048049015516316 5.702888715570876 20.288577773426255 19.168492862973835 3.988854350311528e-05 8.256380899213109e-05 3.0980990727277545e-05 6.4228961997861e-05 3.016926702995158e-05 6.255503021428435e-05
48.38595970533843 -56.53979499334555 1.3046875 1.0361328 [48.38595970533843,-56.53979499334555] 79.87008685771082 0.4033966638566177 0.0010404841522909393 1.559827149640144e-05 [-1104.552734375,1476.756835938] 20.99343465683025 21.104301008203294 6.104289901513944 50.12649635808441 22.17316955065189 2.0726457361067602e-05 1.3306905390941026e-05 1.527861643092914e-05 1.0012114904786202e-05 1.524984637702142e-05 9.994357382718442e-06
47.36396038791848 -55.465423537306954 1.2578125 0.6035156 [47.36396038791848,-55.465423537306954] 33.63773443680687 2.9703328188426212 0.00014926254619452266 1.647648861666677e-05 [-2178.166015625,-432.3720703125] 19.501249526862352 20.321183379433606 6.212564833639379 37.18768031195509 33.11444052290199 1.143750014450734e-05 1.2239276118880824e-05 4.806686624631805e-06 6.0352005061759145e-06 4.527892772599706e-06 5.794528607972953e-06
46.83620882491731 -56.22731780813325 1.2734375 0.7141113 [46.83620882491731,-56.22731780813325] 79.39555472580598 2.5022319232570567 0.00018037856109704543 1.6773403011864854e-05 [-2663.479492188,956.6455078125] 17.885055063950805 19.660656279451015 5.994820815506564 39.54721541880019 17.57218072534056 2.4817718855051348e-05 2.2361573992137893e-05 1.9227150594433436e-05 1.7487168854034227e-05 1.867212743328599e-05 1.699729468815129e-05
46.40763484165695 -56.59162907787499 1.2890625 0.8574219 [46.40763484165695,-56.59162907787499] 28.346581791517444 2.1077564932356054 0.00021849791797546203 1.711498181634914e-05 [-3062.30859375,1629.493652344] 19.490046797227873 20.664499187194302 6.023716988527466 39.84721319528387 9.093242996100344 8.086340990327075e-06 6.467432527613003e-06 2.52647611917783e-06 3.3106433523131238e-06 2.1914437483607223e-06 3.1708645339541225e-06
46.38428122810325 -56.590351171256614 1.2890625 0.87280273 [46.38428122810325,-56.590351171256614] 33.99058093191198 2.306895546830904 0.00020104767966029196 1.723596879017509e-05 [-3085.524414062,1628.231689453] 19.480354927509104 20.578742776161427 5.946797590801306 39.714507150084955 8.962656037598208 9.610570574784991e-06 7.4470614020439015e-06 4.102652771682125e-06 4.0601622532277475e-06 3.7920922090631794e-06 3.889476955583952e-06
46.45524623966541 -55.88884730051467 1.265625 0.6437988 [46.45524623966541,-55.88884730051467] 28.23195915609607 0.538728990266165 0.0008439041719588852 1.689554415353943e-05 [-3071.05078125,363.6850585938] 18.37259360010059 19.67285256428228 5.705296317241112 35.09606476657757 20.497642718362613 9.29425449920478e-06 9.46054145521046e-06 3.24580565491251e-06 4.374235798574199e-06 2.8177468843128956e-06 4.074946340023038e-06
46.457138513811365 -55.880832716428316 1.265625 0.6437988 [46.457138513811365,-55.880832716428316] 28.054801067000323 0.7342746008368265 0.0006209555007126908 1.694445823285371e-05 [-3069.77734375,349.1889648438] 18.37259360010059 19.67285256428228 5.705296317241112 35.04981467804805 20.63771182383516 9.235932214253006e-06 9.40616377155059e-06 3.1874833699607362e-06 4.335362825070451e-06 2.7594245993611212e-06 4.039215922355928e-06
47.20406322792523 -57.023075067400754 1.265625 0.66137695 [47.20406322792523,-57.023075067400754] 34.88912626997234 1.8952353954076318 0.00024245811398660951 1.707688227262689e-05 [-2247.82421875,2374.866210938] 22.460403992661632 21.498509478800933 6.838891010252308 47.13324473905959 7.403386891554192 1.1332199178005189e-05 1.1142451110028187e-05 4.0369241489379045e-06 5.053126839782334e-06 4.349353303367072e-06 5.287153893935332e-06
45.320240031536365 -54.970272068093706 1.265625 0.6672363 [45.320240031536365,-54.970272068093706] 27.92656630495949 2.2227631496971667 0.00022579189960215683 1.8651349003876263e-05 [-4313.708984375,-1227.069824219] 20.350150471355754 21.190155847855717 6.084271336577532 22.34587213359623 27.678605996823762 9.0308022579573e-06 8.925167847639198e-06 2.450036730981178e-06 3.867779493434481e-06 2.1783985221174925e-06 3.7173453344970253e-06
45.88861067477168 -54.19352735925878 1.2578125 0.59399414 [45.88861067477168,-54.19352735925878] 8.995299268700517 2.1962202540559534 0.00022372151045006093 1.8259645358560417e-05 [-3799.595703125,-2656.01953125] 18.382255350701364 20.45122717454087 5.94375955422619 20.11886945513902 44.34073457917407 3.0829974845921575e-06 4.129704483437249e-06 -3.217231703394611e-06 4.70736122512419e-06 -3.92633928703932e-06 5.280037744400055e-06
45.887179996483745 -54.20135886764164 1.25 0.5048828 [45.887179996483745,-54.20135886764164] 26.373016263285272 0.5639141951341518 0.000881439764217397 1.8472019102546217e-05 [-3800.37890625,-2641.868164062] 18.364939483198683 20.403363907696228 5.951111141169765 20.164403495022384 44.200709392082445 9.80422215831298e-06 1.2445687417756519e-05 2.9770187463197775e-06 5.0361961629523645e-06 2.2192303420208264e-06 4.392859816406352e-06
45.89251354558876 -54.17947746106184 1.2578125 0.59399414 [45.89251354558876,-54.17947746106184] 25.519440654058297 0.5564255897307555 0.0008747355432729216 1.808808422447298e-05 [-3796.784179688,-2681.48046875] 18.382255350701364 20.45122717454087 5.94375955422619 20.044921233793275 44.601088568847445 8.74638730680345e-06 9.600414761487455e-06 2.4461581188166828e-06 4.086361959066984e-06 1.7370505351719738e-06 3.653633738535708e-06
48.365451665365605 -54.6252517718777 1.25 0.46801758 [48.365451665365605,-54.6252517718777] -24.37223034714815 2.066681127678439 0.00021340924062992646 1.6390620586680586e-05 [-1181.189453125,-1968.459472656] 20.00230689727865 21.593798007551808 6.001527895414182 37.392846993347575 53.080289260440395 -9.410502747505915e-06 1.290690038417818e-05 -1.7133709090634978e-05 2.3221022893688793e-05 -1.774820892313017e-05 2.4033631373269627e-05
44.9177707518965 -54.45348352367283 1.2109375 0.1000061 [44.9177707518965,-54.45348352367283] -71.82366829981335 3.221992312107945 0.00017420549105941397 2.0859074877937267e-05 [-4788.985351562,-2128.88671875] 20.227372074694664 20.96827996597029 6.004684364758515 16.417073463596807 33.31783350944306 -5.999332927385071e-05 0.0003633158433359773 -7.688897693356517e-05 0.0004656332536944079 -7.750784717696946e-05 0.0004693799340293812
44.91621371341229 -54.45302579399931 1.2109375 0.1000061 [44.91621371341229,-54.45302579399931] -7.803614247844579 2.7974948262391677 0.00019954643430546677 2.0745407351924e-05 [-4790.663085938,-2129.601074219] 20.227372074694664 20.96827996597029 6.004684364758515 16.405071751157493 33.31437457218749 -6.51825241148633e-06 3.9967053844232484e-05 -2.34139000712008e-05 0.00014199922652445175 -2.4032770314605068e-05 0.00014574060607882745
48.34591310557902 -55.311119143739134 1.2421875 0.3848877 [48.34591310557902,-55.311119143739134] -4.349093645333575 1.8296745341283192 0.00023487210732451758 1.597033370877477e-05 [-1181.185058594,-733.8466796875] 20.456800745291982 20.18346760161647 6.366010384590257 41.72401712795386 41.679742263583876 -1.851741584892236e-06 4.294967424667989e-06 -1.056176526409177e-05 1.755626046725162e-05 -1.0445386452792467e-05 1.7373433026110057e-05
48.17272186693143 -55.72236265258776 1.234375 0.34570312 [48.17272186693143,-55.72236265258776] 39.307985311787625 2.291845897662104 0.0001861371548823211 1.5853574110501366e-05 [-1344.4296875,9.42431640625] 20.98380810709884 20.17856602369885 6.590789541983819 43.45746971713709 33.95816153733108 1.765947411981017e-05 3.1740647074247704e-05 8.23230523127263e-06 1.537122853168412e-05 8.594067647209016e-06 1.599142748381919e-05
48.165855309630935 -55.71409219182975 1.234375 0.34570312 [48.165855309630935,-55.71409219182975] 43.82210652950853 1.355933782475901 0.0003157445825333634 1.5910473041974934e-05 [-1351.675292969,-5.326171875] 20.98380810709884 20.17856602369885 6.590789541983819 43.363776748769055 34.04999632765498 1.968748461655071e-05 3.5338391253550994e-05 1.0260315728013171e-05 1.8852711097432035e-05 1.0622078143949556e-05 1.9482415507877685e-05
48.3863754140526 -56.394977594530324 1.2734375 0.73706055 [48.3863754140526,-56.394977594530324] 44.06986418845781 0.3575593726791885 0.0012089616752438176 1.6064581031641173e-05 [-1108.36328125,1216.134765625] 20.538736552140488 20.63516156072729 6.162678447996188 49.15119109031741 24.472594465681368 1.355934665085714e-05 1.1972630308851809e-05 7.240020421709329e-06 6.912877502495517e-06 7.210352526395444e-06 6.889446491642206e-06
47.95250685646787 -55.05106348560524 1.2265625 0.29223633 [47.95250685646787,-55.05106348560524] 26.607154911554165 0.27314124052775673 0.0015473482287990251 1.5706667236431534e-05 [-1594.461914062,-1193.958984375] 19.765379531991936 20.4590017473042 6.111480783094808 37.760391485157356 43.53184386489556 1.3001096180267733e-05 2.752260921963375e-05 3.343107523113999e-06 8.363403894867729e-06 3.0041818031705595e-06 7.775273138952197e-06
48.33501411579684 -55.568839904900294 1.21875 0.18786621 [48.33501411579684,-55.568839904900294] 47.42652561606322 0.7064651011113503 0.000614981612434217 1.61458735492646e-05 [-1184.580566406,-269.833984375] 20.62875571323203 19.867992996759497 6.498250697996547 43.35581123742986 37.42308273208596 2.8903178584090245e-05 9.388625991952782e-05 1.633138247206019e-05 5.331437764333666e-05 1.679501459287648e-05 5.481002813508621e-05
48.33224095331104 -55.5710029718897 1.21875 0.18786621 [48.33224095331104,-55.5710029718897] 30.870442449307845 2.1274984069638667 0.00020418965320119278 1.6144019677876245e-05 [-1187.336914062,-265.8935546875] 20.62875571323203 19.867992996759497 6.498250697996547 43.35436774023242 37.37129002046686 1.881339397082086e-05 6.121043412330869e-05 6.241597858790807e-06 2.111315544491273e-05 6.7052299796070924e-06 2.2560343710073265e-05
46.92317613223929 -55.79578785061086 1.296875 0.99365234 [46.92317613223929,-55.79578785061086] 31.871772064338618 2.799608468894908 0.0001580541216307952 1.6444165057066617e-05 [-2605.504882812,177.1538085938] 18.387011122126264 19.58627886689567 6.355526712602487 37.00574776756184 24.99933211767575 8.445738186837648e-06 5.911495845220108e-06 3.573342586666213e-06 3.516916730323801e-06 3.255547223176692e-06 3.3803737718278655e-06
46.92020016299845 -55.78624720648823 1.296875 0.99365234 [46.92020016299845,-55.78624720648823] 28.674913398036967 2.0741769463461592 0.00021258038261981265 1.6386178841171014e-05 [-2609.15234375,160.1044921875] 18.387011122126264 19.58627886689567 6.355526712602487 36.9231565956145 25.13318542992579 7.598598866770883e-06 5.3664898552754826e-06 2.7262032665994482e-06 3.1312237420616637e-06 2.408407903109927e-06 3.0160312822559083e-06
