data_processed/hvc_rms/hvc_rms_index_3_with_B.ecsv
# %ECSV 1.0
# ---
# datatype:
# - {name: ra_dec_obj.ra, unit: deg, datatype: float64}
# - {name: ra_dec_obj.dec, unit: deg, datatype: float64}
# - {name: 'H-alpha flux [Error]', unit: R, datatype: float32}
# - {name: H-alpha flux, unit: R, datatype: float32}
# - {name: ra_dec_deg, datatype: string, subtype: 'float64[2]'}
# - {name: RM, unit: rad / m2, datatype: float64}
# - {name: RM_uncert, unit: rad / m2, datatype: float64}
# - {name: pol_int, datatype: float64}
# - {name: pol_int_uncert, datatype: float64}
# - {name: ra_dec_pix_offsets, datatype: string, subtype: 'float64[2]'}
# - {name: interpolation_raw, unit: rad / m2, datatype: float64}
# - {name: interpolation_cor, unit: rad / m2, datatype: float64}
# - {name: interpolation_unc, unit: rad / m2, datatype: float64}
# - {name: pixel location x, datatype: float64}
# - {name: pixel location y, datatype: float64}
# - {name: 'B_virtual [raw]', unit: G, datatype: float64}
# - {name: 'B_virtual_unc [raw]', unit: G, datatype: float64}
# - {name: 'B_virtual [int]', unit: G, datatype: float64}
# - {name: 'B_virtual_unc [int]', unit: G, datatype: float64}
# - {name: 'B_virtual [cor]', unit: G, datatype: float64}
# - {name: 'B_virtual_unc [cor]', unit: G, datatype: float64}
# meta: !!omap
# - __serialized_columns__:
#     ra_dec_obj:
#       __class__: astropy.coordinates.sky_coordinate.SkyCoord
#       dec: !astropy.table.SerializedColumn
#         __class__: astropy.coordinates.angles.Latitude
#         unit: &id001 !astropy.units.Unit {unit: deg}
#         value: !astropy.table.SerializedColumn {name: ra_dec_obj.dec}
#       frame: icrs
#       ra: !astropy.table.SerializedColumn
#         __class__: astropy.coordinates.angles.Longitude
#         unit: *id001
#         value: !astropy.table.SerializedColumn {name: ra_dec_obj.ra}
#         wrap_angle: !astropy.coordinates.Angle
#           unit: *id001
#           value: 360.0
#       representation_type: spherical
# schema: astropy-2.0
ra_dec_obj.ra ra_dec_obj.dec "H-alpha flux [Error]" "H-alpha flux" ra_dec_deg RM RM_uncert pol_int pol_int_uncert ra_dec_pix_offsets interpolation_raw interpolation_cor interpolation_unc "pixel location x" "pixel location y" "B_virtual [raw]" "B_virtual_unc [raw]" "B_virtual [int]" "B_virtual_unc [int]" "B_virtual [cor]" "B_virtual_unc [cor]"
[from data line 253]
1.191805521609165 -6.992091638836038 0.296875 0.5095215 [1.191805521609165,-6.992091638836038] -3.2206368472934708 0.8043143581440969 0.0009611457771635779 2.87292168157435e-05 [2130.142089844,4170.018066406] 1.6696180617407002 -0.15568966264363704 3.5877784270118895 14.789953046321443 6.065609240936283 -1.1918158066892255e-06 2.632637109226694e-06 -1.8096678935485772e-06 2.9775698534158465e-06 -1.1342019217109382e-06 2.94636212196202e-06
358.5823972473213 -6.695873238301663 0.28515625 0.5053711 [358.5823972473213,-6.695873238301663] -25.254955834252304 1.2032105699763234 0.0005374906152150402 2.4033732735279087e-05 [-2533.021484375,3637.957519531] -1.7747167156052077 -2.5162741997069853 3.46526638285872 33.29280718624068 68.76585542593511 -9.3840442891513e-06 3.832434031488662e-06 -8.724608558230353e-06 3.911297732281524e-06 -8.449066271819988e-06 3.857884320895588e-06
359.0668336457269 -3.011480241993796 0.29101562 0.53637695 [359.0668336457269,-3.011480241993796] -4.562868891073009 2.142959181217528 0.00026978166254258836 2.1484983703662404e-05 [-1676.305664062,-2994.217773438] -6.909167025696954 -7.734268563431021 3.562484560492249 68.8863474619825 7.402554020828575 -1.6457034126181872e-06 2.6819396883861264e-06 8.462462848154033e-07 2.9463536025752572e-06 1.1438380957618163e-06 2.954552489824658e-06
358.1840822250293 -5.504198205866388 0.296875 0.5966797 [358.1840822250293,-5.504198205866388] -23.03543540992666 2.674297137046706 0.00021551315368155928 2.141865249407971e-05 [-3252.036132812,1495.290527344] -2.172231425450154 -4.422210618997665 4.026070473127777 47.96346700016227 60.65861520861563 -7.877246447090933e-06 3.302893183160681e-06 -7.134425572473874e-06 3.4675854854615074e-06 -6.365017905850693e-06 3.36113313804971e-06
359.291381940759 -2.9929142383029665 0.29882812 0.62646484 [359.291381940759,-2.9929142383029665] -15.108256852899682 2.49336459702098 0.00022646455229805604 2.0984311521791295e-05 [-1272.740234375,-3028.09375] -6.89324734290648 -7.45109252761624 3.386699913623526 67.85576202908226 1.9881948091547201 -5.042137000360189e-06 2.7932161072385455e-06 -2.741626900571107e-06 2.8135196802478817e-06 -2.555455069255041e-06 2.8021077711966406e-06
357.5847473947118 -3.94164897979734 0.26953125 0.3199463 [357.5847473947118,-3.94164897979734] 22.751658985338175 2.873662285019476 0.00022796863566822303 2.434554669997028e-05 [-4334.88671875,-1313.961425781] -6.2476461419409235 -3.7734397407164675 3.909128999372025 67.7306350497621 52.84156719103157 1.0624858751840892e-05 5.781861124736526e-06 1.3542463917793116e-05 7.060006036630296e-06 1.2387027580036332e-05 6.65473592162413e-06
359.6929322304247 -5.7861228590379 0.31640625 0.72216797 [359.6929322304247,-5.7861228590379] 12.151475559417166 0.6307097639957946 0.0008463735185803925 1.983811137572806e-05 [-548.9033203125,1998.598876953] -0.5186086851032106 -1.4489336914313382 4.310842518413664 35.993501777558095 28.094738489477095 3.7771005044943428e-06 2.3607073298366156e-06 3.938302089977549e-06 2.7273049220943883e-06 4.227479402935435e-06 2.751479876895459e-06
359.6979369147967 -5.781010129354543 0.31640625 0.72216797 [359.6979369147967,-5.781010129354543] 12.828177369735927 0.7975119419916156 0.0006714867911160378 1.9901388242163053e-05 [-539.9458007812,1989.393798828] -0.5186086851032106 -1.4489336914313382 4.310842518413664 36.01825902660778 27.898917429264657 3.987442922306013e-06 2.3848614088482866e-06 4.14864450778922e-06 2.7489308374539093e-06 4.437821820747105e-06 2.7741473739832727e-06
357.45187393085183 -5.2282638872002565 0.29101562 0.5410156 [357.45187393085183,-5.2282638872002565] -21.836496024501557 1.322771084397403 0.0005008610096597203 2.4621279628454574e-05 [-4565.0390625,1002.721191406] -1.0977279406148104 -2.759740381543203 3.883141954317354 55.37974622530919 73.63634149347536 -7.841997167090124e-06 3.3899445685776517e-06 -7.447777353120061e-06 3.5988333218101826e-06 -6.850909758666958e-06 3.5021605529212357e-06
358.8894040605077 -3.372188773742342 0.27539062 0.3786621 [358.8894040605077,-3.372188773742342] -6.251767564860378 0.7465061735662649 0.0007410418578816271 2.0558188636175414e-05 [-1994.486328125,-2344.698242188] -6.075963463840996 -6.434706949753149 3.664969909771324 66.04027031027942 15.86991698338079 -2.683647883463359e-06 3.184711384950217e-06 -7.546606599015188e-08 3.406990862404767e-06 7.852897408231436e-08 3.407000576312814e-06
358.8982543279838 -3.3781639689099916 0.265625 0.2866211 [358.8982543279838,-3.3781639689099916] -3.129701836457459 1.7405354971362614 0.00031435509986715057 2.0333498051938748e-05 [-1978.57421875,-2333.970703125] -5.960706276404949 -6.396853364617155 3.648664362952775 65.92721159512234 15.738889096579442 -1.5441785820929394e-06 3.6328045767045762e-06 1.3968028427031126e-06 4.04246582202615e-06 1.6119955439419686e-06 4.0602704373339285e-06
358.8931885620987 -3.374474514898345 0.27539062 0.3786621 [358.8931885620987,-3.374474514898345] -6.812322122280728 0.8653847567045035 0.0006375821965654947 2.0504733343691503e-05 [-1987.682617188,-2340.595703125] -6.075963463840996 -6.434706949753149 3.664969909771324 65.99477788454624 15.810585793757582 -2.924272800493597e-06 3.2197918424716135e-06 -3.160909830203898e-07 3.414105662592559e-06 -1.6209594294792362e-07 3.412591931821768e-06
358.15109274802376 -6.667446174638803 0.3203125 0.8364258 [358.15109274802376,-6.667446174638803] -24.234975707544425 3.136818259429839 0.0002146594207867576 2.5023497691422614e-05 [-3303.951171875,3588.612060547] -1.8396943746085797 -1.065413961691779 3.7204879441676404 36.32625777704607 78.74970027727613 -6.999669225737766e-06 2.6648824309463926e-06 -6.4683193183103024e-06 2.817084141617431e-06 -6.691950934194204e-06 2.8403704253304755e-06
357.58990500633814 -3.4505946275683526 0.27148438 0.33337402 [357.58990500633814,-3.4505946275683526] -6.009205563034803 1.1473153372990534 0.0005612127248984313 2.3928694886255845e-05 [-4328.029296875,-2197.754882812] -6.8334285827025285 -4.253256089896771 3.8779478962110283 72.7822168408386 46.29241518679237 -2.7491587354369527e-06 3.4417117200431302e-06 3.770747881228084e-07 3.7018063453901026e-06 -8.03331452456651e-07 3.7136054619010945e-06
357.5798952355428 -3.458953079994739 0.27148438 0.33337402 [357.5798952355428,-3.458953079994739] -6.557716050105773 2.147510849324907 0.00030062304901893526 2.399199404716637e-05 [-4345.959960938,-2182.651367188] -6.8334285827025285 -4.253256089896771 3.8779478962110283 72.75574560992641 46.62259452310627 -3.00009746289303e-06 3.5757506834186317e-06 1.261360606667311e-07 3.790929689439524e-06 -1.0542701799127283e-06 3.815974420824749e-06
357.5871276843234 -3.4532387277719745 0.27148438 0.33337402 [357.5871276843234,-3.4532387277719745] -7.112644502195537 1.0688565857993977 0.0006040710982941918 2.3994748272374236e-05 [-4333.002929688,-2192.979492188] -6.8334285827025285 -4.253256089896771 3.8779478962110283 72.77149417596206 46.38822118197368 -3.253972352943325e-06 3.5122590107665195e-06 -1.2773882938356385e-07 3.6939261296974483e-06 -1.3081450699630232e-06 3.733607647190683e-06
357.07806376568504 -3.796653815665913 0.2890625 0.5024414 [357.07806376568504,-3.796653815665913] -33.29720903051435 0.906366165137998 0.0009333832257282711 3.143926466286489e-05 [-5244.66796875,-1571.471191406] -5.960086311283774 -3.9578176055704546 4.075840682425392 72.34373000253174 62.14173196503998 -1.2408342012546599e-05 4.572331331964788e-06 -1.018729131406516e-05 4.3190219778260715e-06 -1.0933444989550138e-05 4.481700412073324e-06
1.1922215749745244 -7.010061767433677 0.28710938 0.42712402 [1.1922215749745244,-7.010061767433677] -9.611165140992599 2.8317162171046526 0.0002765516111748438 2.9102789907573945e-05 [2130.803222656,4202.338867188] 1.6689608067461066 -0.2979878017076514 3.5720947728785637 14.596320813513898 6.309098760051711 -3.884612239853832e-06 3.337864258954523e-06 -4.55916787203941e-06 3.730323509302159e-06 -3.7641724133749862e-06 3.621360759023051e-06
358.74252329235566 -6.859228592226055 0.2890625 0.54589844 [358.74252329235566,-6.859228592226055] -18.04426780697756 0.762672825980217 0.0008919573155001971 2.5280813668158924e-05 [-2246.077148438,3931.25390625] -1.5472551904919638 -1.7348625838121747 3.569566212085716 30.620517583104288 67.3503137112757 -6.451073242634081e-06 3.097032376365901e-06 -5.897908289326878e-06 3.2689525181589274e-06 -5.830836072924708e-06 3.2595298829869374e-06
0.1778055664740904 -5.830962628280138 0.3203125 0.74731445 [0.1778055664740904,-5.830962628280138] 10.876319726800531 0.7771567584966669 0.0006927957730301932 2.000886990869639e-05 [319.3935546875,2079.21484375] -0.1836468081667354 0.8686941541518496 4.61006718526037 32.75443540703304 16.50383478726144 3.3233716383303048e-06 2.286506446226447e-06 3.3794868141491344e-06 2.6893750931356106e-06 3.0579331824178975e-06 2.6685016352163966e-06
359.8292845740328 -4.35184147933173 0.265625 0.28405762 [359.8292845740328,-4.35184147933173] -2.995292217789669 0.6778487810670418 0.0008017319881176464 2.019624983065266e-05 [-305.4013671875,-583.0625] -1.8944585835348804 0.24753132939033407 4.0342237951255 50.40554334437604 5.785258332260128 -1.4845150762843945e-06 3.556488422678341e-06 -5.455908831954002e-07 4.026684091280547e-06 -1.607195590776511e-06 4.090513894906364e-06
357.79589862590086 -4.246206154101864 0.29296875 0.54125977 [357.79589862590086,-4.246206154101864] -2.885700391844674 0.08054607848206083 0.0076523662628005945 2.2905978695277993e-05 [-3954.516601562,-767.0356445312] -5.973069688911817 -3.853784599688893 3.9428653531080475 63.298268731102894 52.15572857433153 -1.0360888501092195e-06 2.530774350917542e-06 1.1084965417411162e-06 2.901987581309169e-06 3.4758329608606155e-07 2.8864176720283533e-06
357.7956543432721 -4.240428832243371 0.29296875 0.54125977 [357.7956543432721,-4.240428832243371] -2.593604010751736 0.5675512128539011 0.0010852119514090299 2.2889079482825748e-05 [-3954.984375,-777.4331054688] -5.973069688911817 -3.853784599688893 3.9428653531080475 63.359431534016835 52.08360952790281 -9.312138587681445e-07 2.5354928088640997e-06 1.213371533082191e-06 2.912392062617741e-06 4.524582874271364e-07 2.8946364157407124e-06
358.2182005917941 -5.076676366451245 0.32617188 0.88549805 [358.2182005917941,-5.076676366451245] -11.195223544426003 0.5005971183135963 0.0011222221802105997 2.0877375212428632e-05 [-3193.142578125,725.6435546875] -3.119261696147226 -2.9958788956911278 3.779942723852169 52.15034781299585 53.81249045340519 -3.142589103565371e-06 2.0726274509182423e-06 -2.26698730976629e-06 2.2853007032214454e-06 -2.3016218521443003e-06 2.2867549549541387e-06
358.2039185963592 -5.073844399897945 0.31835938 0.8161621 [358.2039185963592,-5.073844399897945] -8.952465233650903 0.5411154516631593 0.001036007531194477 2.0833467100350815e-05 [-3218.750976562,720.611328125] -3.2469982295436264 -2.8634389923989274 3.7614100816798555 52.26687942269484 54.10638166832996 -2.6175986802373272e-06 2.1284331864392752e-06 -1.6682134485093485e-06 2.356277006206779e-06 -1.7803617927630524e-06 2.3600604770411338e-06
358.2109984122701 -5.075608309793909 0.32617188 0.88549805 [358.2109984122701,-5.075608309793909] -9.581118394483404 0.7519870909811066 0.0007483860871073156 2.0914370322132287e-05 [-3206.0546875,723.75390625] -3.119261696147226 -2.9958788956911278 3.779942723852169 52.205394417341495 53.96574369865357 -2.6894968329117943e-06 2.0517211272617055e-06 -1.8138950391127138e-06 2.273700841171835e-06 -1.8485295814907235e-06 2.274872660265478e-06
358.2113342939844 -5.068261141304136 0.31835938 0.8161621 [358.2113342939844,-5.068261141304136] -8.243884118159915 3.095287064895226 0.00018211562160646804 2.0948688379812605e-05 [-3205.489257812,710.5278320312] -3.2469982295436264 -2.8634389923989274 3.7614100816798555 52.27909944267947 53.85540528602451 -2.4104176474891094e-06 2.2969993205553756e-06 -1.4610324157611313e-06 2.5131991038746074e-06 -1.5731807600148355e-06 2.5163206885997925e-06
359.15536479529186 -5.76076663502964 0.26953125 0.29711914 [359.15536479529186,-5.76076663502964] 0.7220999661444707 2.316599190932515 0.00023464940911760383 2.020128838212259e-05 [-1511.610351562,1953.754882812] -2.563921960947302 -4.0432479785695135 4.554117634057414 39.411633556056245 41.02112718897479 3.499295704914651e-07 3.5767979642096013e-06 1.5924058932066262e-06 4.26380556013579e-06 2.3092871315860524e-06 4.333374013171392e-06
358.8414915967042 -4.946152313064033 0.28515625 0.47216797 [358.8414915967042,-4.946152313064033] -4.407245357077039 2.041848348458309 0.0002645461983244448 2.0073990356761808e-05 [-2076.408203125,488.3671875] -3.7133188464704996 -3.600949809499729 4.086269859295571 49.75998749746793 37.319752091122155 -1.6942114099266104e-06 2.8534265122681026e-06 -2.6675578885852513e-07 3.2142834288077115e-06 -3.0995213694761945e-07 3.214668141628024e-06
358.4933164188113 -2.517546247418173 0.265625 0.28771973 [358.4933164188113,-2.517546247418173] -52.0757180156658 2.1172827290694123 0.0003213654820267511 2.528638728704159e-05 [-2708.100585938,-3881.010742188] -9.300375102802919 -10.749247439612613 4.00955924820421 77.32481134625073 14.56188406156798 -2.564478612462566e-05 1.2586854597795561e-05 -2.1064798762407725e-05 1.0724325635079596e-05 -2.0351298831630125e-05 1.0415145969486057e-05
357.2667233939953 -3.2284874217711854 0.28125 0.4371338 [357.2667233939953,-3.2284874217711854] -2.441226686139663 0.3928774121070021 0.0019277339048032606 2.8145751526549778e-05 [-4909.2265625,-2595.3125] -7.17285177174596 -4.85015742069936 3.820185070032384 77.03675630715566 50.549327602929225 -9.75325444415177e-07 2.8199447876310474e-06 1.8903915665130259e-06 3.251792269519773e-06 9.624224790714091e-07 3.2060473279994325e-06
359.89599611323996 -4.807282495266871 0.28515625 0.4942627 [359.89599611323996,-4.807282495266871] -1.9275916154945316 2.0863422409008887 0.0002582318740907744 2.0021845293455237e-05 [-185.5483398438,236.7045898438] -0.1824817414601801 0.8298918935409691 4.130132634683287 45.18779657401353 9.957505308571399 -7.242437335608793e-07 2.7531187216127635e-06 -6.556808405292527e-07 3.158968844265555e-06 -1.0360545956743353e-06 3.168255544147811e-06
358.39404283762246 -3.9724173202529567 0.27148438 0.34265137 [358.39404283762246,-3.9724173202529567] 0.5949651904064095 0.7140558052499589 0.000777807258080613 2.0640149988064763e-05 [-2882.400390625,-1262.739746094] -7.007414159763694 -4.28309471681752 3.8851788739606814 62.56653837492786 34.87613966329991 2.68481247394416e-07 3.177052521803608e-06 3.4306146376479356e-06 3.885594116022115e-06 2.201250812440911e-06 3.7356647376627685e-06
359.8825073264185 -6.662168955714229 0.27929688 0.3798828 [359.8825073264185,-6.662168955714229] -2.78468142473975 0.2834008056798308 0.0021398258126447143 2.2536590105008687e-05 [-209.05859375,3574.788574219] -0.03708876028580613 -2.0820378683965033 3.8472572675878034 25.716960017961014 35.782015626245084 -1.1934365372992605e-06 3.036245580971266e-06 -1.1775413324636296e-06 3.4542754517617567e-06 -3.011333667786763e-07 3.427301480950863e-06
359.8788147277252 -6.652708467979391 0.2890625 0.47131348 [359.8788147277252,-6.652708467979391] 0.19893152001240638 1.3821983701334952 0.00043646049425927327 2.2419401766821228e-05 [-215.6645507812,3557.770996094] -0.22780943781536137 -2.076202687803532 3.8364580432468993 25.837420745671807 35.73824496731777 7.654155944948657e-08 2.745456126401155e-06 1.6419428349548565e-07 3.1174733118346418e-06 8.753882753836284e-07 3.1295614905563943e-06
