data_processed/hvc_rms/hvc_rms_index_13.ecsv
# %ECSV 1.0
# ---
# datatype:
# - {name: ra_dec_obj.ra, unit: deg, datatype: float64}
# - {name: ra_dec_obj.dec, unit: deg, datatype: float64}
# - {name: 'H-alpha flux [Error]', unit: R, datatype: float32}
# - {name: H-alpha flux, unit: R, datatype: float32}
# - {name: ra_dec_deg, datatype: string, subtype: 'float64[2]'}
# - {name: RM, unit: rad / m2, datatype: float64}
# - {name: RM_uncert, unit: rad / m2, datatype: float64}
# - {name: pol_int, datatype: float64}
# - {name: pol_int_uncert, datatype: float64}
# - {name: ra_dec_pix_offsets, datatype: string, subtype: 'float64[2]'}
# - {name: interpolation_raw, unit: rad / m2, datatype: float64}
# - {name: interpolation_cor, unit: rad / m2, datatype: float64}
# - {name: interpolation_unc, unit: rad / m2, datatype: float64}
# - {name: interpolation_cor_unc, unit: rad / m2, datatype: float64}
# - {name: pixel location x, datatype: float64}
# - {name: pixel location y, datatype: float64}
# meta: !!omap
# - __serialized_columns__:
#     ra_dec_obj:
#       __class__: astropy.coordinates.sky_coordinate.SkyCoord
#       dec: !astropy.table.SerializedColumn
#         __class__: astropy.coordinates.angles.Latitude
#         unit: &id001 !astropy.units.Unit {unit: deg}
#         value: !astropy.table.SerializedColumn {name: ra_dec_obj.dec}
#       frame: icrs
#       ra: !astropy.table.SerializedColumn
#         __class__: astropy.coordinates.angles.Longitude
#         unit: *id001
#         value: !astropy.table.SerializedColumn {name: ra_dec_obj.ra}
#         wrap_angle: !astropy.coordinates.Angle
#           unit: *id001
#           value: 360.0
#       representation_type: spherical
# schema: astropy-2.0
ra_dec_obj.ra ra_dec_obj.dec "H-alpha flux [Error]" "H-alpha flux" ra_dec_deg RM RM_uncert pol_int pol_int_uncert ra_dec_pix_offsets interpolation_raw interpolation_cor interpolation_unc interpolation_cor_unc "pixel location x" "pixel location y"
[from data line 299]
46.53082701428737 -56.272819492418506 1.2578125 0.5600586 [46.53082701428737,-56.272819492418506] 30.061726187016262 1.823468519014194 0.00025168777155009124 1.7055681941356884e-05 [-2965.153320312,1050.876953125] 18.068270825908762 19.802630157188158 5.707475088687073 5.916411348353667 38.22428446647973 14.896152419494229
46.53943214912054 -56.26419460704616 1.2578125 0.5600586 [46.53943214912054,-56.26419460704616] 34.9548290602434 0.34986168627768766 0.0013206549196025383 1.717095466960836e-05 [-2957.231445312,1034.999511719] 18.068270825908762 19.802630157188158 5.707475088687073 5.916411348353667 38.20918808958288 15.087762193687695
46.535632845493154 -56.268268580099694 1.2578125 0.5600586 [46.535632845493154,-56.268268580099694] 36.275901997668306 1.3878645378612509 0.0003312167009788597 1.7083152165129976e-05 [-2960.708984375,1042.487792969] 18.068270825908762 19.802630157188158 5.707475088687073 5.916411348353667 38.21773720789395 14.998961625220772
48.8324582894713 -55.68131248044983 1.2578125 0.5407715 [48.8324582894713,-55.68131248044983] 31.604514566488344 0.5238107262000175 0.000815446155252568 1.5873707736865212e-05 [-676.4272460938,-74.0830078125] 21.31252115884839 20.108949907240973 6.271872627634527 5.969907231556382 46.91610045169796 38.56846529887821
48.83829140195855 -55.69207393353488 1.2578125 0.5407715 [48.83829140195855,-55.69207393353488] 42.36136574646076 0.7431548032295316 0.0005748622159193764 1.5876389933767518e-05 [-670.3232421875,-54.77001953125] 21.31252115884839 20.108949907240973 6.271872627634527 5.969907231556382 47.01933013433893 38.42862649697031
44.9174272360231 -55.373546555040356 1.2421875 0.38452148 [44.9174272360231,-55.373546555040356] 21.254024797617127 1.848581066137645 0.00030033811623245165 2.063277566154308e-05 [-4681.072265625,-476.5131835938] 19.32831962419558 20.29873807778363 5.884314873857916 6.331393566097348 23.049082868815617 18.38158301070098
49.09220139353231 -56.28792580908239 1.2734375 0.70288086 [49.09220139353231,-56.28792580908239] 47.02355244040919 1.4445153109904145 0.0002974619785609789 1.5968433533475694e-05 [-406.4018554688,1015.741699219] 21.758006652659923 20.303601544552578 5.932486408048968 5.876377385826672 52.34571667253124 30.33093592733826
49.09265895332352 -56.2894323922917 1.2734375 0.70288086 [49.09265895332352,-56.2894323922917] 46.62144965376319 1.3693812152295615 0.0003137180095373174 1.59651322361375e-05 [-405.9287109375,1018.450683594] 21.758006652659923 20.303601544552578 5.932486408048968 5.876377385826672 52.35816346643628 30.309520328438794
45.72585261219158 -56.79143138704443 1.2109375 0.1000061 [45.72585261219158,-56.79143138704443] 39.997851233151565 1.366344083486834 0.0003617891059720792 1.837063926246966e-05 [-3717.01171875,2021.985595703] 19.982204812246216 19.704428760741884 6.123782937079413 6.311990935383225 37.72993901967027 1.5393127128584183
48.77609997567087 -56.39941035080162 1.2890625 0.8869629 [48.77609997567087,-56.39941035080162] 41.28896933610912 0.07107752793449777 0.006000097000808452 1.5848905990317176e-05 [-720.072265625,1218.968261719] 20.867522490733677 20.130695009279307 6.072045499901856 6.068667467336251 51.328597373293974 26.708705372830536
48.78536966558796 -56.39768221054641 1.2890625 0.8984375 [48.78536966558796,-56.39768221054641] 47.22114396735728 0.06932492943717086 0.006161624877611649 1.58742565239552e-05 [-710.8715820312,1215.762207031] 20.98826530957743 20.21781917526464 6.06024254656993 6.050394219128026 51.3683237476331 26.79061605998004
46.47141264054543 -54.433566932518644 1.28125 0.8466797 [46.47141264054543,-54.433566932518644] 36.23895657941556 1.1959685531313118 0.0003967312129802775 1.763294422147411e-05 [-3168.344726562,-2253.85546875] 18.62669091322228 20.94323449476614 6.221907242184958 6.419709239885144 25.11272891919259 44.258387517734036
46.46204395229096 -54.43491365602076 1.28125 0.8508301 [46.46204395229096,-54.43491365602076] 28.335212307983866 1.6145620718186011 0.00029186341522561063 1.751229680966009e-05 [-3178.03515625,-2251.005371094] 18.565386184379378 20.89714339036547 6.237271835109544 6.443656863350318 25.067935437201072 44.174162040402734
44.94672001655118 -53.93446351718846 1.28125 0.7783203 [44.94672001655118,-53.93446351718846] 17.769030299262205 1.1741768866145432 0.0005142881445781496 2.2441337815783746e-05 [-4818.935546875,-3062.803710938] 19.290335425258082 19.364011696872886 5.824646242355853 6.081675790069125 12.909993327544953 42.122552765139744
46.06279789887369 -54.908702828668766 1.21875 0.17749023 [46.06279789887369,-54.908702828668766] 31.431597452208557 1.0473355450863695 0.00043522750802631156 1.693990158504717e-05 [-3553.634765625,-1379.858886719] 19.360975587720443 20.904141313711527 6.1030287401948895 6.504257537475329 26.054512189042953 33.72419284243051
49.40967920208397 -56.13211824619285 1.25 0.47180176 [49.40967920208397,-56.13211824619285] 54.81882581295946 1.3293872513549272 0.00032576037947681973 1.6093795369384625e-05 [-89.60107421875,734.1591796875] 21.859985263715352 19.845092537847606 6.081874614106944 5.789214094569301 53.108340000746466 34.65663604998417
47.98581293783861 -56.24696348743663 1.21875 0.20526123 [47.98581293783861,-56.24696348743663] 41.58215267167131 2.4686920948757907 0.00017586064540856086 1.6134083201628192e-05 [-1513.170898438,957.3491210938] 21.454351136411635 20.881164452348315 6.215458980545207 6.0925705046031835 45.94830348881612 24.414474812940398
44.945686003297354 -53.913181119359166 1.28125 0.82128906 [44.945686003297354,-53.913181119359166] 16.004859922911567 0.5086961165685486 0.0011930345572850384 2.2553822019634235e-05 [-4822.486328125,-3100.940429688] 19.190058913654017 19.303338304006516 5.787552182985529 6.0473363551364425 12.754686544994911 42.47060765655169
44.94492379651061 -53.90642557954918 1.28125 0.82836914 [44.94492379651061,-53.90642557954918] 18.473500960268627 0.34203827921211233 0.0017739208982942892 2.254850049982103e-05 [-4824.072265625,-3113.015625] 19.138605954632588 19.196677186424306 5.892357760739368 6.066508402362552 12.702915690166606 42.5780546574581
45.28079581150387 -56.49851236229954 1.21875 0.21459961 [45.28079581150387,-56.49851236229954] 30.241135511121996 2.623307841221434 0.0001868117848146206 1.8212192424873224e-05 [-4187.099609375,1521.056152344] 20.12001015422175 20.4692990991524 5.888234426918736 6.241665135807048 33.251714450898476 3.1164091204384476
48.217758058667556 -55.45260241107898 1.2421875 0.39160156 [48.217758058667556,-55.45260241107898] 51.77982491546979 2.8734305626323486 0.00015046092854783063 1.6066939101168453e-05 [-1307.749511719,-476.9184570312] 20.804767852813512 20.02858193041037 6.519404380440228 6.294676184401416 41.9232641085149 38.60001184642056
47.8119318759186 -57.01814650687189 1.2890625 0.9169922 [47.8119318759186,-57.01814650687189] 57.00350740524694 2.34588008694516 0.00018742354258694573 1.633949592436946e-05 [-1652.8515625,2348.893310547] 23.193664478013343 21.912046410274716 6.876754991282135 6.108352137285126 50.31585593622049 11.206476288416525
45.28071205636982 -54.82041540721502 1.234375 0.34802246 [45.28071205636982,-54.82041540721502] 34.6711368170304 0.6562471598131434 0.0007854666548296382 1.915595873311802e-05 [-4370.67578125,-1493.817871094] 19.17334492385512 20.691995905252554 6.001896505628102 6.194170206684667 21.058709240863436 29.844578303441267
45.292213462052516 -54.80570608097844 1.234375 0.34802246 [45.292213462052516,-54.80570608097844] 33.57465729781079 1.038875898332119 0.0004934131049988233 1.9049476888064252e-05 [-4360.368164062,-1520.967285156] 19.17334492385512 20.691995905252554 6.001896505628102 6.194170206684667 21.01814637181542 30.16406593075135
48.24558634183759 -56.8097610214582 1.2421875 0.44873047 [48.24558634183759,-56.8097610214582] 49.659013401054715 1.430479787172514 0.00030415485501019936 1.6169075238453397e-05 [-1234.946777344,1964.927246094] 22.079940384593634 21.824310205904112 6.206041096078857 6.1244851114896495 51.20044828547407 17.077331285046284
48.253074485495105 -56.81410212640839 1.2578125 0.5866699 [48.253074485495105,-56.81410212640839] 50.18301591245022 0.6771800029888498 0.0006402092756143232 1.6111456023924225e-05 [-1227.427734375,1972.60546875] 22.048690206456193 21.611058356886097 6.204483079378848 6.082484519462869 51.27055630047039 17.05379792788085
48.523963816031646 -56.70595172537398 1.25 0.4840088 [48.523963816031646,-56.70595172537398] 34.05724043840378 0.8080708780941893 0.0005386296297536995 1.617515305547499e-05 [-963.3598632812,1773.708007812] 21.490377677196637 20.615958106657992 6.088710664656781 5.996444918664718 52.002882155707425 20.365754671184277
48.514392940843265 -56.70379638925994 1.25 0.4840088 [48.514392940843265,-56.70379638925994] 47.46166415924757 0.3798199425283359 0.001148121748994869 1.6205946871061808e-05 [-972.87109375,1769.963134766] 21.490377677196637 20.615958106657992 6.088710664656781 5.996444918664718 51.936227028091025 20.343183883397387
48.08534621976508 -56.24905012981661 1.2421875 0.4482422 [48.08534621976508,-56.24905012981661] 50.64093257920018 0.45708899678086856 0.000958029515531728 1.6273776955384027e-05 [-1413.582519531,959.001953125] 21.23010690055525 20.838034840629742 6.228757041486447 6.082164887207609 46.509793225941394 24.984881103019916
48.07522203250295 -56.25080878892931 1.2421875 0.4482422 [48.07522203250295,-56.25080878892931] 26.35487940111556 2.301064992892475 0.0001889262488528277 1.6155852899504058e-05 [-1423.638671875,962.3740234375] 21.23010690055525 20.838034840629742 6.228757041486447 6.082164887207609 46.46600534704976 24.895591974525132
47.90157270679054 -55.08730322893224 1.2578125 0.58374023 [47.90157270679054,-55.08730322893224] 29.37350610250001 0.945750179047562 0.0004480038527558829 1.5745878074011006e-05 [-1645.469726562,-1127.557617188] 19.646629540710922 20.266901434688727 6.20991838879059 6.401423442803456 37.70681263365509 42.62381645500568
44.453178459678696 -56.127834207908116 1.3125 1.1420898 [44.453178459678696,-56.127834207908116] 48.9257271468144 3.1876196430784045 0.00018334920664008555 2.171972052156512e-05 [-5055.50390625,910.5327148438] 19.365009991156445 21.117221615648376 5.636509782894591 6.6400519550074915 26.171790787489044 3.2050145358170994
44.43820191547043 -56.12820056136113 1.3125 1.1420898 [44.43820191547043,-56.12820056136113] 34.91197713708411 1.5629646697229433 0.0003733852763817077 2.1687777683008645e-05 [-5070.421875,912.2841796875] 19.365009991156445 21.117221615648376 5.636509782894591 6.6400519550074915 26.09652965613327 3.094331623151902
48.443885950192076 -55.19666299704154 1.2421875 0.45874023 [48.443885950192076,-55.19666299704154] 42.407623811537256 0.1711535597386283 0.0025169620143250574 1.6009261578010966e-05 [-1083.958984375,-941.4365234375] 19.92524735625883 20.47815974030886 5.966193399451085 6.1050006924811155 41.53939617977153 44.140888832466544
46.73511076224402 -54.597053642321626 1.2421875 0.45117188 [46.73511076224402,-54.597053642321626] 10.447817522868496 3.131891198749401 0.00014997489431149838 1.7455565944232828e-05 [-2881.056640625,-1971.404785156] 18.69524007921875 21.112302954363855 6.136316660048949 6.457278186249279 27.736257369075588 43.28463301770739
45.194106837012015 -54.156513319223635 1.25 0.49487305 [45.194106837012015,-54.156513319223635] 16.313485268157425 0.49206360137643945 0.0010878447989986714 1.989284431315584e-05 [-4533.276367188,-2680.771484375] 19.62775165671991 20.369743401502824 5.8605842002714805 6.203835413083549 15.881853012511328 40.16792963224816
47.8705021391301 -55.16543582348928 1.2421875 0.44543457 [47.8705021391301,-55.16543582348928] 27.54159874545748 0.9121067298762093 0.0004723726697328599 1.6011761989189716e-05 [-1674.184570312,-986.2202148438] 20.14101620712412 20.23716221869444 6.451680276580146 6.445367733030252 38.04543101333479 41.15353364030602
47.644912605498895 -56.92069625567714 1.3046875 1.0361328 [47.644912605498895,-56.92069625567714] 33.026875199340694 1.8998508103279357 0.00023468341601389953 1.6569545757531764e-05 [-1821.19140625,2177.768798828] 22.72634518298791 21.807588691870393 6.660210741787543 6.1857717041872196 48.7470846825172 11.712045174723016
48.77555097094997 -55.96504961267133 1.2265625 0.23962402 [48.77555097094997,-55.96504961267133] 40.32471945502659 2.8089065440143557 0.0001542004339541867 1.6096505005641427e-05 [-728.83203125,437.1943359375] 22.1241964551402 20.385442247417636 6.264833091659289 5.984592103920872 48.45157705797817 33.6541056003025
48.74030281931782 -55.84793086595677 1.21875 0.17156982 [48.74030281931782,-55.84793086595677] 50.08668917711144 2.241484022933951 0.00019222078958700255 1.601196778434846e-05 [-766.6547851562,226.7744140625] 22.016873659757888 20.271566789645178 6.326579584902701 5.965728770832254 47.483702327493916 35.33183413145525
48.746524805303494 -55.85437779641257 1.21875 0.17156982 [48.746524805303494,-55.85437779641257] 47.59493010664487 0.9142367294400161 0.00047328809871845316 1.6080255762898885e-05 [-760.2416992188,238.3095703125] 22.016873659757888 20.271566789645178 6.326579584902701 5.965728770832254 47.56110142307057 35.26467773769764
47.34873971257781 -56.326313080283825 1.25 0.46557617 [47.34873971257781,-56.326313080283825] 38.61186464752687 0.6135912363593512 0.0007115209976497239 1.622465879587066e-05 [-2145.522460938,1116.940429688] 20.721943241875785 20.094043704173647 6.151779132061982 6.323743643007339 43.014585535280276 19.233926718706698
46.090865775226526 -56.594306930857165 1.2578125 0.6147461 [46.090865775226526,-56.594306930857165] 33.99040867272915 1.336926206117993 0.00035356831276693736 1.7566671320519727e-05 [-3375.508789062,1649.018310547] 19.704386858384694 20.39444965443152 5.9387338126920355 6.2770975106583915 38.19539897002949 6.99737083146465
48.9649888840965 -55.888652760912485 1.25 0.47753906 [48.9649888840965,-55.888652760912485] 29.50797461046236 1.3766396953846771 0.00031786642203112953 1.6261988322707273e-05 [-539.056640625,297.9516601562] 22.361788196648387 20.15272365687511 6.2297349138774765 5.839986027288389 49.01833190710022 35.99732540970831
47.18080145987558 -54.2686388160604 1.265625 0.6599121 [47.18080145987558,-54.2686388160604] 35.246570438347995 0.24651579720386552 0.0018554921197641574 1.699857721472457e-05 [-2436.215820312,-2579.108398438] 19.130744970049978 21.194289493866183 6.1549614915702975 6.561431572020116 28.127310891719276 51.619306374162534
45.040233839288234 -53.837204249453315 1.2734375 0.7302246 [45.040233839288234,-53.837204249453315] 15.13325054050302 0.6954006771568424 0.0008744939925146706 2.2599594292858345e-05 [-4731.14453125,-3243.860351562] 18.78895286723753 19.060858164194112 5.639175945504137 5.898036349463923 12.766210851299434 44.41079364205507
48.2137109747989 -56.07667529501297 1.2421875 0.44482422 [48.2137109747989,-56.07667529501297] 39.75487636545987 1.4011072010511991 0.00031004220314981377 1.6143618377316693e-05 [-1291.032226562,646.2900390625] 21.287673513061947 20.891714518204008 6.371168805630828 6.148905516632184 46.056339554178294 28.512142142872335
46.219727045791494 -56.93463519333594 1.25 0.4979248 [46.219727045791494,-56.93463519333594] 25.465645406861963 1.2332254885796599 0.0003862136743451539 1.7700227233666003e-05 [-3218.704101562,2254.656982422] 20.14484493153816 20.39699339063175 6.411250014960661 6.362271332244774 41.34475954238599 2.545320452463784
45.4545024454984 -55.99837877830792 1.2421875 0.4329834 [45.4545024454984,-55.99837877830792] -65.40957992432047 0.926102811888346 0.0005107026227993841 1.7576645525880212e-05 [-4067.772460938,612.1206054688] 20.330639760172268 20.55188043151734 5.659480123795076 6.149483501607581 30.490631680382876 12.127800680375003
