data_processed/hvc_rms/hvc_rms_index_7_with_B.ecsv
# %ECSV 1.0
# ---
# datatype:
# - {name: ra_dec_obj.ra, unit: deg, datatype: float64}
# - {name: ra_dec_obj.dec, unit: deg, datatype: float64}
# - {name: 'H-alpha flux [Error]', unit: R, datatype: float32}
# - {name: H-alpha flux, unit: R, datatype: float32}
# - {name: ra_dec_deg, datatype: string, subtype: 'float64[2]'}
# - {name: RM, unit: rad / m2, datatype: float64}
# - {name: RM_uncert, unit: rad / m2, datatype: float64}
# - {name: pol_int, datatype: float64}
# - {name: pol_int_uncert, datatype: float64}
# - {name: ra_dec_pix_offsets, datatype: string, subtype: 'float64[2]'}
# - {name: interpolation_raw, unit: rad / m2, datatype: float64}
# - {name: interpolation_cor, unit: rad / m2, datatype: float64}
# - {name: interpolation_unc, unit: rad / m2, datatype: float64}
# - {name: pixel location x, datatype: float64}
# - {name: pixel location y, datatype: float64}
# - {name: 'B_virtual [raw]', unit: G, datatype: float64}
# - {name: 'B_virtual_unc [raw]', unit: G, datatype: float64}
# - {name: 'B_virtual [int]', unit: G, datatype: float64}
# - {name: 'B_virtual_unc [int]', unit: G, datatype: float64}
# - {name: 'B_virtual [cor]', unit: G, datatype: float64}
# - {name: 'B_virtual_unc [cor]', unit: G, datatype: float64}
# meta: !!omap
# - __serialized_columns__:
#     ra_dec_obj:
#       __class__: astropy.coordinates.sky_coordinate.SkyCoord
#       dec: !astropy.table.SerializedColumn
#         __class__: astropy.coordinates.angles.Latitude
#         unit: &id001 !astropy.units.Unit {unit: deg}
#         value: !astropy.table.SerializedColumn {name: ra_dec_obj.dec}
#       frame: icrs
#       ra: !astropy.table.SerializedColumn
#         __class__: astropy.coordinates.angles.Longitude
#         unit: *id001
#         value: !astropy.table.SerializedColumn {name: ra_dec_obj.ra}
#         wrap_angle: !astropy.coordinates.Angle
#           unit: *id001
#           value: 360.0
#       representation_type: spherical
# schema: astropy-2.0
ra_dec_obj.ra ra_dec_obj.dec "H-alpha flux [Error]" "H-alpha flux" ra_dec_deg RM RM_uncert pol_int pol_int_uncert ra_dec_pix_offsets interpolation_raw interpolation_cor interpolation_unc "pixel location x" "pixel location y" "B_virtual [raw]" "B_virtual_unc [raw]" "B_virtual [int]" "B_virtual_unc [int]" "B_virtual [cor]" "B_virtual_unc [cor]"
[from data line 367]
90.82479848185902 -54.556911594022516 1.8203125 6.2304688 [90.82479848185902,-54.556911594022516] 43.54034696616927 0.3169492716255104 0.0016191410434028281 1.9071424941744364e-05 [-3832.579101562,-1999.485351562] 33.83977972874994 30.968708010911694 9.68314894826114 9.484393576995444 34.822068443417265 4.607657175463612e-06 1.0839255224207204e-06 1.0265625184909933e-06 1.277085222157768e-06 1.3303936802464762e-06 1.2853128033931056e-06
94.43280030441545 -54.18619166329303 1.703125 5.0234375 [94.43280030441545,-54.18619166329303] 20.61360056467617 2.8968457183227945 0.0001645549985803223 1.771516281731189e-05 [-69.77978515625,-2768.194335938] 39.65766582474859 43.443964307523665 10.521372616377896 35.08699905132153 35.381665219562365 2.4294165678780048e-06 1.007258782866677e-06 -2.2444389332862143e-06 1.5875499829645536e-06 -2.6906732646503247e-06 1.6128969232632369e-06
97.6534576283772 -53.2905883074069 2.453125 12.578125 [97.6534576283772,-53.2905883074069] 35.025445785564294 2.1887356277268846 0.0003172775883414799 2.5807230824388986e-05 [3392.288818359,-4302.19140625] 51.8946778197686 48.007394085555006 9.799520559002858 59.65677042080608 41.86100338546203 2.608701287192193e-06 6.467062772342083e-07 -1.2564233326534824e-06 9.267687957054226e-07 -9.66897764778946e-07 9.206330224939307e-07
95.13340008448736 -54.80493932128869 1.703125 5.0078125 [95.13340008448736,-54.80493932128869] 44.102123856459116 1.3627360430743223 0.00034586540150421453 1.7515702719537312e-05 [658.1083984375,-1651.743164062] 37.09520982922373 42.84757539416991 9.854961948179014 38.53722737048042 26.24291116393033 5.205759602152447e-06 1.3083300588178605e-06 8.270873778654778e-07 1.444683831373885e-06 1.480853331504834e-07 1.4361759978939715e-06
95.10993197992184 -54.79159940812142 1.6875 4.9003906 [95.10993197992184,-54.79159940812142] 14.089439322557627 0.19723861452359412 0.0024057112000063566 1.7633727958036995e-05 [633.9716796875,-1675.969238281] 37.472724807055194 43.19343553529354 9.795206636566782 38.40708365261344 26.451561044373193 1.6812294739746554e-06 8.971814060319951e-07 -2.7902223683209482e-06 1.5356578924167604e-06 -3.4728490696545405e-06 1.5873317731189224e-06
95.13234715016307 -54.799373705889124 1.6875 4.9003906 [95.13234715016307,-54.799373705889124] 92.37494447094973 1.3874148065012863 0.00034161650022074253 1.7613832711065363e-05 [657.1064453125,-1661.76953125] 37.472724807055194 43.19343553529354 9.795206636566782 38.542354813930615 26.317572201055555 1.1022686974682317e-05 2.304609267562137e-06 6.551235132386714e-06 1.9264585647819077e-06 5.868608431053121e-06 1.8415285946343367e-06
95.12897494808729 -54.806949640922184 1.703125 5.0078125 [95.12897494808729,-54.806949640922184] 46.899025465610165 2.956316253099203 0.00015975089169193026 1.7551041178213073e-05 [653.4853515625,-1648.166992188] 37.09520982922373 42.84757539416991 9.854961948179014 38.50270787813088 26.222755313348898 5.5359023738589234e-06 1.392442052609224e-06 1.1572301495719538e-06 1.4856847748811174e-06 4.782281048569593e-07 1.4717859340844422e-06
95.04181666252154 -55.50063712558554 1.7109375 5.125 [95.04181666252154,-55.50063712558554] 40.36450934226896 2.4904231630672116 0.00019058291020941645 1.7638668756806524e-05 [553.3818359375,-400.400390625] 38.853160803208496 42.528981056383046 10.248752918249608 36.41318945299463 17.21030367568892 4.709788197652052e-06 1.2446999747602312e-06 1.7634629103125674e-07 1.4773972856965944e-06 -2.525536293986621e-07 1.477795042167798e-06
94.00523370052717 -55.1053086269047 1.703125 5.048828 [94.00523370052717,-55.1053086269047] 19.920043200889015 2.93628164756968 0.00015868833803133454 1.7316153443860613e-05 [-508.4672851562,-1112.311523438] 38.66701765893896 39.852965852708266 10.525396887799168 30.252231189125723 23.798864325180602 2.3417666509412168e-06 9.983760108365639e-07 -2.2038626698334107e-06 1.5826793611982649e-06 -2.3432807374503017e-06 1.5899823002834147e-06
96.15699012554556 -54.295223192080215 1.75 5.4746094 [96.15699012554556,-54.295223192080215] 17.539892437571055 1.5725907745839123 0.0003130153742145036 1.8293217408790284e-05 [1741.418945312,-2551.240234375] 43.8310281026247 48.00318077060698 9.610416932972287 46.70637357039652 31.38722309741661 1.9801541101449183e-06 8.876675599350111e-07 -2.9681197038596563e-06 1.45930710783329e-06 -3.439132013830313e-06 1.493691731903476e-06
96.1598206507348 -54.29557017707667 1.75 5.4746094 [96.1598206507348,-54.29557017707667] -18.81979362330154 3.1749852581475055 0.0001544989458856174 1.8229549531553676e-05 [1744.376464844,-2550.544921875] 43.8310281026247 48.00318077060698 9.610416932972287 46.72495138754607 31.37827851752718 -2.1246476754574852e-06 9.51245333253158e-07 -7.072921489462059e-06 1.9008613214654328e-06 -7.543933799432716e-06 1.9608446435767098e-06
94.4284360675287 -56.69570541101776 1.71875 5.189453 [94.4284360675287,-56.69570541101776] 119.46495698986917 0.5440504484161511 0.0008698131815333495 1.7586275024349805e-05 [-69.73046875,1748.516113281] 37.996649889732616 38.34559473133572 9.396241946540208 29.960327729035384 2.16261678526007 1.3852506689777552e-05 2.7348625096795403e-06 9.446621817351808e-06 2.2405277254743004e-06 9.406160071292834e-06 2.2344723333161668e-06
91.34322404510306 -55.805107151553955 1.640625 4.419922 [91.34322404510306,-55.805107151553955] 58.18045530928954 2.2950269615725936 0.0002120288796089281 1.8083875713476654e-05 [-3190.833984375,218.1640625] 37.191066411111166 33.26646000039125 8.915279777045313 11.110535623666692 17.39393220130478 7.310018117709763e-06 1.7692219010511443e-06 2.6371882500692948e-06 1.5515511622806874e-06 3.1302910251289077e-06 1.5900654167660146e-06
94.80470257918968 -55.43801875932939 1.6875 4.8496094 [94.80470257918968,-55.43801875932939] 25.3404870730882 2.863700962517436 0.0001648462846032356 1.7543471346290586e-05 [312.1411132812,-514.5869140625] 37.98411705228757 41.41393872353997 10.124385330735354 34.957325607375196 18.352822893462644 3.0395564483168412e-06 1.0851192777452623e-06 -1.5165859646881701e-06 1.5446749316078482e-06 -1.9279883401580424e-06 1.5621764192571407e-06
94.6668014505708 -54.103797757985994 1.796875 5.9316406 [94.6668014505708,-54.103797757985994] 27.347713493978542 1.0716582417666412 0.00044482068201737813 1.7715360037672353e-05 [177.0375976562,-2916.26953125] 41.02558539689338 44.53724674343583 10.428763386270608 36.88410983767608 36.13335344117786 2.966075763287365e-06 9.28975232394808e-07 -1.4834733570511338e-06 1.3919632145870454e-06 -1.8643407963398333e-06 1.4061088398083176e-06
94.67385886750361 -54.10102442835601 1.796875 5.9316406 [94.67385886750361,-54.10102442835601] 16.65340902448434 1.1172183683309507 0.00042557252004965637 1.766934081025775e-05 [184.498046875,-2921.241210938] 41.02558539689338 44.53724674343583 10.428763386270608 36.93903583148642 36.15967560564059 1.8061938850759862e-06 8.320719689748822e-07 -2.6433552352625123e-06 1.444756049631455e-06 -3.024222674551212e-06 1.4677624412485565e-06
92.85641522993981 -55.58582313143927 1.6484375 4.4882812 [92.85641522993981,-55.58582313143927] 54.90391600983822 2.7599220831789144 0.00016803095438795178 1.723434643834032e-05 [-1670.802734375,-229.4086914062] 39.2858911739502 35.93458220038503 9.3048751815877 21.606527629729953 18.77490424670168 6.8456063846474275e-06 1.6852553962177084e-06 1.947308285131776e-06 1.5442601665623063e-06 2.365160849641983e-06 1.5684716533924643e-06
97.91393276081662 -53.936713907112335 2.015625 8.203125 [97.91393276081662,-53.936713907112335] 33.80115729184274 0.41583933846002913 0.0013157184125341496 2.0332801778318327e-05 [3616.335693359,-3128.068359375] 46.3190945376518 48.18171114250559 9.745872154655116 59.698417919613576 33.104084727116515 3.117385704405603e-06 8.022829840508048e-07 -1.1544941577532645e-06 1.1211935990526839e-06 -1.326278050435572e-06 1.1255928717930517e-06
97.26953111920339 -54.492545955497356 1.71875 5.1933594 [97.26953111920339,-54.492545955497356] 23.042178165917377 0.8405080382090783 0.0006079777621162877 1.899058174355086e-05 [2895.295410156,-2159.137695312] 43.917403036399804 47.43773517466509 8.354294715191761 53.81728160931743 27.041200877963092 2.670840642770885e-06 9.59652007568621e-07 -2.4196670388363997e-06 1.3465787059289543e-06 -2.8277120631925914e-06 1.374499025296147e-06
94.34730549291395 -54.7589264900378 1.71875 5.203125 [94.34730549291395,-54.7589264900378] 18.57400799853396 0.38720247411493813 0.001209995031244078 1.7411268536313052e-05 [-157.5932617188,-1737.381835938] 38.83221397260791 40.51449867083184 9.789276154944744 33.283906304225184 27.936684128607112 2.1509094749565758e-06 9.070761824446384e-07 -2.345943168469445e-06 1.4625006790169356e-06 -2.540755300415868e-06 1.473970532618062e-06
94.35237875097789 -54.75887667009596 1.71875 5.203125 [94.35237875097789,-54.75887667009596] 21.10878341932777 1.3549795184006368 0.0003474470256701792 1.7495647981317652e-05 [-152.32421875,-1737.482910156] 38.83221397260791 40.51449867083184 9.789276154944744 33.318602671133135 27.930503351839207 2.444441838563977e-06 9.450503498209632e-07 -2.0524108048620435e-06 1.4545931498549716e-06 -2.2472229368084667e-06 1.4647442998287114e-06
94.18057258221509 -55.8695487766996 1.75 5.4921875 [94.18057258221509,-55.8695487766996] 68.71514666466136 1.8559979614954651 0.0002518099695940346 1.7368372250432397e-05 [-321.6015625,262.2241210938] 37.4496878746065 39.46712848102418 10.188416021580064 29.920586605962853 13.434541964544678 7.745125053406306e-06 1.6354685165330374e-06 3.524039457600854e-06 1.5494649256688217e-06 3.296646654951703e-06 1.532616016333992e-06
92.637847901835 -55.28269201760429 1.765625 5.6445312 [92.637847901835,-55.28269201760429] 49.978782503573996 2.4974258651604733 0.00018653221452761163 1.7312315364150026e-05 [-1907.649414062,-769.220703125] 39.01821436344729 35.40058151010256 9.762367335824523 20.668574051572477 23.083765991204473 5.556743698930153e-06 1.2993160581916448e-06 1.2186184796516062e-06 1.3817593857798562e-06 1.6208343311767713e-06 1.3951510619426674e-06
93.7146606765861 -54.19358804416039 1.7421875 5.408203 [93.7146606765861,-54.19358804416039] 37.221148353067306 0.2821563110560181 0.0016896171026404728 1.7716860627371534e-05 [-826.0048828125,-2750.236328125] 39.207112570580485 40.48875269162076 10.80973360324383 30.10728207349598 36.272909330870334 4.22777537406889e-06 1.114314974989591e-06 -2.2557634527931741e-07 1.4637273007095392e-06 -3.711518254003176e-07 1.4647371472731204e-06
93.75222030674205 -54.90325537990384 1.734375 5.326172 [93.75222030674205,-54.90325537990384] 23.356452941627325 1.0408455738570912 0.0004503643810225639 1.7420436710635125e-05 [-772.8745117188,-1473.623046875] 39.32086808304897 39.25793453679056 11.316131049121294 28.936778543886703 26.8049796393866 2.6733014532058e-06 9.50496689330951e-07 -1.827233540289858e-06 1.5649985878466902e-06 -1.8200303771602306e-06 1.5647080667770488e-06
93.75510405746668 -54.90392681689379 1.734375 5.326172 [93.75510405746668,-54.90392681689379] 21.981152292529416 1.2709008354349638 0.0003705471561026053 1.750103981447676e-05 [-769.8774414062,-1472.446777344] 39.32086808304897 39.25793453679056 11.316131049121294 28.9550737048055 26.792377629027442 2.5158891426543267e-06 9.392235506010613e-07 -1.9846458508413317e-06 1.573834322659518e-06 -1.9774426877117045e-06 1.5735204940388249e-06
91.50331113107373 -54.04771793503561 1.796875 5.9433594 [91.50331113107373,-54.04771793503561] 52.29174780192631 0.40014617527449936 0.0012914412020109752 1.920445607723584e-05 [-3164.458007812,-2948.962890625] 35.26646899137349 31.639430902580358 9.518914216045882 15.021678750982574 40.969654071573814 5.665859443011596e-06 1.253289651450273e-06 1.8447047722341085e-06 1.3214434376885631e-06 2.237697717954586e-06 1.3401006362090736e-06
94.71175364093752 -54.76217643424095 1.6875 4.888672 [94.71175364093752,-54.76217643424095] -5.862510504306437 2.4629371774275475 0.00019259777738208744 1.762841672798173e-05 [220.916015625,-1731.371582031] 37.542973667439405 41.687685706038366 9.620040587657597 35.76088054187824 27.39627684862444 -7.003849797703585e-07 8.969545598998924e-07 -5.1855854469206375e-06 1.7679479304067923e-06 -5.68074772512478e-06 1.8246922027073299e-06
98.08831793222348 -54.19739930349969 1.8828125 6.8007812 [98.08831793222348,-54.19739930349969] 56.96760689436152 2.7137216754790368 0.00020464868713244787 2.0638730001469424e-05 [3776.993652344,-2650.322265625] 46.69720562049409 47.93156257149508 9.776439913127 60.18478000945049 29.452084250699045 5.77028424676029e-06 1.21901594712627e-06 1.0402953170983518e-06 1.2603201996033294e-06 9.152665356989871e-07 1.2576730304521124e-06
96.50393659715445 -56.28270335082861 1.828125 6.3046875 [96.50393659715445,-56.28270335082861] 59.460745062887405 0.12803671349472326 0.0036762935078030403 1.7492561053936482e-05 [2002.869140625,1034.075195312] 40.248056677091725 42.4050275465788 10.677515833806897 44.36345122378907 4.933163284249986 6.255286394956962e-06 1.2968727639261365e-06 2.0211799926675755e-06 1.386787696260447e-06 1.7942660762685976e-06 1.3776679579299883e-06
96.51915763253915 -56.28825382975758 1.828125 6.3046875 [96.51915763253915,-56.28825382975758] 63.66738737993141 0.03398052356802938 0.013786385102078278 1.740961531520447e-05 [2017.775390625,1044.502441406] 40.248056677091725 42.4050275465788 10.677515833806897 44.45032557663967 4.839195001388362 6.697826299669314e-06 1.3596439837842602e-06 2.463719897379927e-06 1.4074112865924506e-06 2.2368059809809493e-06 1.3963334574799678e-06
95.10800178935571 -53.79252219381144 1.75 5.4726562 [95.10800178935571,-53.79252219381144] 35.56829793100466 0.5850475983592277 0.0008808493589527259 1.915144495930289e-05 [647.4638671875,-3473.672851562] 42.07098132512946 45.23069742541699 10.894608953905554 40.64610659915547 39.569577953401904 4.016175036658266e-06 1.082625684626063e-06 -7.342469625461385e-07 1.4698766682433743e-06 -1.0910245893394696e-06 1.4773150004004168e-06
93.2853550700325 -56.790244949485064 1.6484375 4.4902344 [93.2853550700325,-56.790244949485064] 63.48377025729782 2.2187974221333486 0.00021097871048998598 1.7396624495808717e-05 [-1196.392578125,1929.112304688] 36.21091941753156 38.080006950930404 8.313245643128806 22.353029939686166 2.172380442727899 7.913650031155242e-06 1.8588378812361443e-06 3.3997318688393108e-06 1.5475438078231987e-06 3.1667383878761456e-06 1.5267449007166089e-06
93.6680147447174 -56.33773805879487 1.765625 5.6875 [93.6680147447174,-56.33773805879487] 85.4456511116481 0.38907759291349975 0.0012058729454635993 1.743598453487828e-05 [-829.0703125,1109.181152344] 39.63481923385823 37.6689977036617 9.833831294715038 25.652067584000633 7.805442735077804 9.464068889909927e-06 1.8672145368192019e-06 5.074065948996927e-06 1.6180901234488456e-06 5.291802839581777e-06 1.640389187559592e-06
93.66252882603065 -56.32965461206331 1.765625 5.6875 [93.66252882603065,-56.32965461206331] 79.46425938009945 3.0274720221914957 0.0001550178336786554 1.74409647777199e-05 [-834.7202148438,1094.698730469] 39.63481923385823 37.6689977036617 9.833831294715038 25.630664664354526 7.919537566839608 8.801562341379487e-06 1.7909505938015027e-06 4.4115594004664885e-06 1.5894940099682929e-06 4.629296291051336e-06 1.6093055577087334e-06
93.80822770204338 -56.287922027167994 1.734375 5.3378906 [93.80822770204338,-56.287922027167994] 86.05535824141322 0.7058714561163523 0.0006639682652501333 1.7417332633657393e-05 [-690.0883789062,1017.984375] 39.89519435599081 38.042164907686924 9.974255900459479 26.66552166298652 8.309942989566025 9.838790558943739e-06 1.996494903952951e-06 5.2775352275116095e-06 1.7053337223659404e-06 5.489393838224396e-06 1.7282487227135956e-06
