data_processed/hvc_rms/hvc_rms_index_21_with_B.ecsv
# %ECSV 1.0
# ---
# datatype:
# - {name: ra_dec_obj.ra, unit: deg, datatype: float64}
# - {name: ra_dec_obj.dec, unit: deg, datatype: float64}
# - {name: 'H-alpha flux [Error]', unit: R, datatype: float32}
# - {name: H-alpha flux, unit: R, datatype: float32}
# - {name: ra_dec_deg, datatype: string, subtype: 'float64[2]'}
# - {name: RM, unit: rad / m2, datatype: float64}
# - {name: RM_uncert, unit: rad / m2, datatype: float64}
# - {name: pol_int, datatype: float64}
# - {name: pol_int_uncert, datatype: float64}
# - {name: ra_dec_pix_offsets, datatype: string, subtype: 'float64[2]'}
# - {name: interpolation_raw, unit: rad / m2, datatype: float64}
# - {name: interpolation_cor, unit: rad / m2, datatype: float64}
# - {name: interpolation_unc, unit: rad / m2, datatype: float64}
# - {name: pixel location x, datatype: float64}
# - {name: pixel location y, datatype: float64}
# - {name: 'B_virtual [raw]', unit: G, datatype: float64}
# - {name: 'B_virtual_unc [raw]', unit: G, datatype: float64}
# - {name: 'B_virtual [int]', unit: G, datatype: float64}
# - {name: 'B_virtual_unc [int]', unit: G, datatype: float64}
# - {name: 'B_virtual [cor]', unit: G, datatype: float64}
# - {name: 'B_virtual_unc [cor]', unit: G, datatype: float64}
# meta: !!omap
# - __serialized_columns__:
#     ra_dec_obj:
#       __class__: astropy.coordinates.sky_coordinate.SkyCoord
#       dec: !astropy.table.SerializedColumn
#         __class__: astropy.coordinates.angles.Latitude
#         unit: &id001 !astropy.units.Unit {unit: deg}
#         value: !astropy.table.SerializedColumn {name: ra_dec_obj.dec}
#       frame: icrs
#       ra: !astropy.table.SerializedColumn
#         __class__: astropy.coordinates.angles.Longitude
#         unit: *id001
#         value: !astropy.table.SerializedColumn {name: ra_dec_obj.ra}
#         wrap_angle: !astropy.coordinates.Angle
#           unit: *id001
#           value: 360.0
#       representation_type: spherical
# schema: astropy-2.0
ra_dec_obj.ra ra_dec_obj.dec "H-alpha flux [Error]" "H-alpha flux" ra_dec_deg RM RM_uncert pol_int pol_int_uncert ra_dec_pix_offsets interpolation_raw interpolation_cor interpolation_unc "pixel location x" "pixel location y" "B_virtual [raw]" "B_virtual_unc [raw]" "B_virtual [int]" "B_virtual_unc [int]" "B_virtual [cor]" "B_virtual_unc [cor]"
[from data line 2092]
188.95646694200087 -67.61000823171281 4.375 31.890625 [188.95646694200087,-67.61000823171281] 96.21140231885013 0.13134180948617757 0.00403584486086327 1.9699089886157456e-05 [1394.874023438,-3331.641601562] 32.434034201901525 17.054304888647813 25.87037395757095 40.59841374432119 0.7077265344969419 4.500322774068913e-06 6.054644937936146e-07 2.9832092172992525e-06 1.298282875097855e-06 3.7026015597793315e-06 1.321789486209007e-06
188.98590120302427 -67.61529520093863 4.375 31.890625 [188.98590120302427,-67.61529520093863] 86.55814371726903 0.2130314571008909 0.0024590208943994795 1.9467700669503654e-05 [1414.725585938,-3321.459960938] 32.434034201901525 17.054304888647813 25.87037395757095 40.543233817675855 0.5691217489020346 4.0487881484254755e-06 5.63221319975662e-07 2.5316745916558158e-06 1.2859677994017929e-06 3.2510669341358944e-06 1.3065156789345666e-06
188.96559120915288 -67.61323526574802 4.375 31.890625 [188.96559120915288,-67.61323526574802] 97.67108690395523 0.4846386978136636 0.0010898098516177825 1.962806654695538e-05 [1400.934570312,-3325.630859375] 32.434034201901525 17.054304888647813 25.87037395757095 40.56229303125872 0.663594994670575 4.568600042905879e-06 6.123661834312016e-07 3.0514864861362197e-06 1.300496326022845e-06 3.7708788286162995e-06 1.3244386142291574e-06
188.9769592324259 -67.61801903040696 4.375 31.890625 [188.9769592324259,-67.61801903040696] 89.1580201312189 0.2731803522678117 0.0019148122430570568 1.943946728868355e-05 [1408.4375,-3316.768554688] 32.434034201901525 17.054304888647813 25.87037395757095 40.508139375379756 0.6080701915923328 4.170398298090355e-06 5.745271267982044e-07 2.6532847413206944e-06 1.2891281358201466e-06 3.3726770838007743e-06 1.310481556492477e-06
188.94467163690808 -67.6121673232807 4.53125 33.296875 [188.94467163690808,-67.6121673232807] 88.19921942541365 0.3839264251221494 0.001373450368314589 1.9596101413923378e-05 [1386.665039062,-3328.02734375] 33.305444539229725 16.83650535046761 25.906497159224863 40.569270337037665 0.7601445341585986 4.03749165704955e-06 5.572286847217751e-07 2.5128698368396497e-06 1.2608649155234293e-06 3.266767717209373e-06 1.2826720774745263e-06
188.94964590296934 -67.6167449643153 4.375 31.890625 [188.94964590296934,-67.6167449643153] 84.3954181764871 1.3023301108664893 0.00040414590727970987 1.9559960354128513e-05 [1389.803710938,-3319.68359375] 32.434034201901525 17.054304888647813 25.87037395757095 40.51582597003937 0.7340156362201924 3.947625887293621e-06 5.571995414056333e-07 2.4305123305239614e-06 1.2848722796207416e-06 3.14990467300404e-06 1.3047233499178155e-06
183.8573765154819 -69.40197753211015 4.1875 29.976562 [183.8573765154819,-69.40197753211015] -30.051508392218157 2.7427000670434305 0.00017226462217684083 1.7558326326832632e-05 [-1939.448242188,-81.22607421875] 28.361815795856216 26.95796624679295 20.36505870767605 16.9676855255733 20.948944840536114 -1.4498530787044347e-06 3.985542044309507e-07 -2.8181859228527288e-06 1.0954430722936808e-06 -2.7504563578611e-06 1.093206537035452e-06
178.99565173724665 -69.2385406422036 3.71875 25.203125 [178.99565173724665,-69.2385406422036] -52.13471052257253 2.7556281795410165 0.00024370925031311 2.4957514618650128e-05 [-5041.052734375,-96.853515625] 26.42155577004673 24.056736947663342 22.280246725374134 15.236893212604969 41.713849078211524 -2.7431427221631633e-06 5.085135508979211e-07 -4.133350852070229e-06 1.3275377307108422e-06 -4.008922511012369e-06 1.3223599281806568e-06
186.84857141611351 -68.05863933380546 3.984375 27.796875 [186.84857141611351,-68.05863933380546] 69.39353051001966 0.3428176646183107 0.0014276398047370572 1.818823443847604e-05 [-49.10986328125,-2547.57421875] 27.112958421175215 2.331775552480984 23.678680152650486 34.49492937930131 9.841849309631243 3.476719317643434e-06 5.322501265355831e-07 2.118319685738953e-06 1.2609855743606851e-06 3.3598938866827084e-06 1.2961921950433759e-06
186.8461459118772 -68.05733464392561 3.984375 27.796875 [186.8461459118772,-68.05733464392561] 69.67330809503224 0.3790182978568168 0.0012928168162010603 1.8209829210466975e-05 [-50.744140625,-2549.919921875] 27.112958421175215 2.331775552480984 23.678680152650486 34.50949874298033 9.854195830021126 3.490736591693447e-06 5.335246298425701e-07 2.1323369597889653e-06 1.2613242555688706e-06 3.37391116073272e-06 1.2966993438721486e-06
187.11839331750568 -69.35502614120057 3.390625 21.960938 [187.11839331750568,-69.35502614120057] 27.354316107939297 1.6475395571125326 0.00029259626051817735 1.7914856149599713e-05 [124.9560546875,-214.169921875] 20.49248153388797 20.31559396540622 22.636161097133716 19.11143637437658 7.231947358247226 1.541874612085486e-06 4.4467065123516266e-07 3.867794932365138e-07 1.339552795471267e-06 3.9675007520827016e-07 1.3395937917268261e-06
183.6291199642408 -70.472198436669 3.5 23.070312 [183.6291199642408,-70.472198436669] -69.39600447657723 0.9105101054950155 0.0005149437421662492 1.74242164817174e-05 [-1979.80078125,1849.790039062] 23.816792493787997 48.587304333300324 20.86272759829895 4.1219132857821705 20.046010171302896 -3.816421747028043e-06 5.937077628240072e-07 -5.126222296833846e-06 1.3532021381587307e-06 -6.4884724837482545e-06 1.4319062571387425e-06
182.37742630694976 -69.67638395302743 3.796875 26.03125 [182.37742630694976,-69.67638395302743] -60.866732540254276 0.5864895904448325 0.0008204166021202279 1.7881479604770653e-05 [-2837.868164062,469.5947265625] 28.920638260258322 34.499881802704266 22.73793765239465 12.771364070359823 26.626970570517415 -3.151237319957031e-06 5.152802101884349e-07 -4.648537910923212e-06 1.3446327520342418e-06 -4.937390618047869e-06 1.3583786158702582e-06
182.3755639833682 -69.67579638314461 3.796875 26.03125 [182.3755639833682,-69.67579638314461] -67.41789269251046 0.6814107127780527 0.0007076644066541402 1.792028914179057e-05 [-2839.107421875,468.6264648438] 28.920638260258322 34.499881802704266 22.73793765239465 12.777053798718725 26.63584721523057 -3.490408809853453e-06 5.441175720848345e-07 -4.987709400819635e-06 1.3609616411548504e-06 -5.276562107944292e-06 1.375500303209378e-06
182.38436880721494 -69.67874894859133 3.765625 25.71875 [182.38436880721494,-69.67874894859133] -66.00257772730136 0.5637485134720706 0.0008516460504443063 1.7842399104125053e-05 [-2833.225585938,473.5180664062] 28.792419544335626 35.44314438820663 22.444013199733984 12.748083658052906 26.593538547518392 -3.437831629681146e-06 5.411752617198897e-07 -4.937522914672021e-06 1.3522383566265958e-06 -5.283934721844643e-06 1.3697466893639148e-06
188.6749418091967 -69.03261575297503 3.859375 26.5625 [188.6749418091967,-69.03261575297503] 4.21251923854436 0.23531846054075975 0.0020631879683196248 1.8042781850194668e-05 [1129.211425781,-778.5444335938] 29.171942526253314 15.379297869399423 24.551935127048054 23.4824515479678 0.8775170916187562 2.1590169793704858e-07 3.5983694261914333e-07 -1.2792302093338269e-06 1.3168841465533492e-06 -5.723241439063093e-07 1.3102191631734754e-06
188.53379842126094 -67.23396305988653 5.0625 38.546875 [188.53379842126094,-67.23396305988653] 183.0895444146537 0.11471973413408253 0.005402231892236095 2.3031385120137983e-05 [1122.792480469,-4016.485351562] 31.144369229814057 16.419123053723883 28.825566614037527 44.97691440547965 2.947369001946072 7.789643647351213e-06 9.175346364582787e-07 6.464589621478807e-06 1.4530964874395448e-06 7.091083180671273e-06 1.488925761655636e-06
188.5475768705121 -67.23954009783071 5.0625 38.546875 [188.5475768705121,-67.23954009783071] 185.48764974645948 0.648126843160513 0.0009494798206729214 2.2869383171174234e-05 [1132.123535156,-4006.204101562] 31.144369229814057 16.419123053723883 28.825566614037527 44.91444177884591 2.878836445277784 7.891672335135119e-06 9.286899775997963e-07 6.566618309262711e-06 1.4590163084538422e-06 7.193111868455177e-06 1.4952343912036695e-06
186.99539203277303 -68.58644863394727 3.9375 27.4375 [186.99539203277303,-68.58644863394727] 64.04805257571236 2.6817143869410947 0.00018061660029262936 1.8000264570398034e-05 [48.52490234375,-1597.715332031] 28.690864131083163 12.147818382729529 22.96138262004682 28.248571593915813 8.60217743274552 3.229849563367571e-06 5.301944163979108e-07 1.78301127149486e-06 1.2352204303090426e-06 2.617252859463945e-06 1.254752447005145e-06
186.793838727734 -69.33909611242954 3.46875 22.65625 [186.793838727734,-69.33909611242954] 39.37819210789843 2.0315349568480423 0.00023635747069581617 1.784441589668075e-05 [-81.07861328125,-242.955078125] 21.154697256970646 21.740699847688745 22.75523924174095 19.17521116464866 8.62654795333765 2.185296617102368e-06 4.798781297846288e-07 1.0113146266439975e-06 1.3313783525316077e-06 9.787943556371268e-07 1.33103900438843e-06
183.99775654361352 -66.98041545502468 5.03125 38.3125 [183.99775654361352,-66.98041545502468] 192.51680007216137 2.2424576178547593 0.00031859586992740325 2.6550523493702388e-05 [-2057.185546875,-4438.032226562] 35.689464020013006 3.182821004506735 30.268056333611256 45.83184412747528 24.380184720513398 8.215746352797712e-06 9.675445373788056e-07 6.692681437186086e-06 1.5240811052963712e-06 8.079917946915303e-06 1.6053565391323801e-06
181.9332880850488 -70.10710915823046 3.53125 23.242188 [181.9332880850488,-70.10710915823046] -106.1447543597573 0.9250638209888922 0.0005280770274860985 1.8154223358574182e-05 [-3051.249023438,1263.907226562] 32.23457731355687 46.821789336163086 19.867536466093757 7.36960441038741 27.579982130651842 -5.815789383503532e-06 7.866581546094813e-07 -7.581957798068004e-06 1.4601459145476222e-06 -8.381207401382855e-06 1.519538945649257e-06
188.12734957100304 -67.94985180468352 4.09375 28.859375 [188.12734957100304,-67.94985180468352] 234.91793719382113 1.490102856007276 0.00033361020912590683 1.84741422226006e-05 [814.7314453125,-2735.348632812] 34.34297281679322 4.967553440019378 25.260821155417602 36.27656546158664 4.200523466738332 1.1551047031501494e-05 1.3695960440986213e-06 9.862383752115308e-06 1.7157444400726305e-06 1.130678963633367e-05 1.8290073413845208e-06
184.6974180180542 -68.82643892901581 3.921875 27.148438 [184.6974180180542,-68.82643892901581] -7.499695156403748 1.3362686274928999 0.0003542856676000371 1.7593654495750456e-05 [-1445.646484375,-1139.482910156] 28.35471038104659 16.17421343154163 26.27415967208442 24.29235220009059 18.293755257061548 -3.8020675219168097e-07 3.639367075444292e-07 -1.8176854921252921e-06 1.39597827717824e-06 -1.200179435056078e-06 1.3870609490568024e-06
184.689743341636 -68.81816106443979 3.921875 27.148438 [184.689743341636,-68.81816106443979] -9.653429507586452 2.525067666273514 0.00018701481281452616 1.754921646113887e-05 [-1451.173828125,-1154.190429688] 28.35471038104659 16.17421343154163 26.27415967208442 24.38665028214291 18.339648810597055 -4.893931025258851e-07 3.8146049087572323e-07 -1.9268718424594957e-06 1.4021404641275796e-06 -1.3093657853902823e-06 1.3926179767941597e-06
184.69741893824343 -68.81436911360201 3.921875 27.148438 [184.69741893824343,-68.81436911360201] -27.21768637931433 3.121759148018139 0.00015082891082936447 1.7498172401931585e-05 [-1446.432617188,-1161.192871094] 28.35471038104659 16.17421343154163 26.27415967208442 24.43601616278113 18.312263743902577 -1.3798358366092696e-06 4.199256939820218e-07 -2.8173145765428804e-06 1.425101823090951e-06 -2.199808519473667e-06 1.410552063652108e-06
185.5939330542286 -68.89720155302888 3.78125 25.765625 [185.5939330542286,-68.89720155302888] 9.44175062196971 2.0406587778834413 0.00023412011021778072 1.7754882997909254e-05 [-860.3081054688,-1029.078125] 27.74451007809491 18.417388378345525 23.470773490647293 23.91550902861877 14.317328524270806 4.913385263300112e-07 3.837014641011026e-07 -9.52455875928353e-07 1.2837471762127538e-06 -4.670825151670532e-07 1.2801234493911355e-06
182.98710631002896 -67.45310224440176 4.8125 36.0625 [182.98710631002896,-67.45310224440176] 19.646313493413295 3.0462149608123648 0.00018103635286043166 2.0494392136964587e-05 [-2713.434570312,-3549.725585938] 29.625007939276486 -8.025201947854423 26.70299131767207 39.53749965685677 28.21482399809429 8.641751798550173e-07 3.4947725855561114e-07 -4.3892916960544187e-07 1.2226219277598082e-06 1.217176792039667e-06 1.229220220097245e-06
182.00975069881076 -67.2570494154143 5.125 39.34375 [182.00975069881076,-67.2570494154143] 3.8755749958379218 1.1773393385160114 0.0005120525521124634 2.2403965414955727e-05 [-3413.873046875,-3852.521484375] 24.379298980035003 -10.337420224822074 28.948833835975883 41.134187742274776 33.06668975379466 1.6321005216946413e-07 2.9947715883706283e-07 -8.634625480665185e-07 1.2588810772450966e-06 5.985443950741377e-07 1.2569810414723267e-06
181.7283934928303 -69.72127542842138 3.828125 26.242188 [181.7283934928303,-69.72127542842138] -81.78369015511107 3.2465820975939317 0.00015065246769282203 1.8176545273459347e-05 [-3235.301757812,582.3686523438] 30.738134307004746 37.51306334440529 21.863221742914913 11.785908171124447 29.22022856244257 -4.217113788382284e-06 6.300571413023044e-07 -5.802102308334942e-06 1.371505660967864e-06 -6.151446371983161e-06 1.3917860468374106e-06
181.72985845892987 -69.72862995103037 3.84375 26.460938 [181.72985845892987,-69.72862995103037] -89.70186816801962 3.1010324565090137 0.00015722509912912303 1.8119111274573042e-05 [-3233.267578125,595.4814453125] 30.558773278209085 38.170806315895916 21.438467199980174 11.70004207778993 29.198777574021733 -4.606250036470617e-06 6.620831350417236e-07 -6.175463179987197e-06 1.3698839974776595e-06 -6.566346092166736e-06 1.3939864226655631e-06
188.36265596015605 -68.4464112174343 3.984375 27.828125 [188.36265596015605,-68.4464112174343] 172.0246469994957 0.4820390831713086 0.001019017423140324 1.8254610237009797e-05 [952.8491210938,-1838.576171875] 28.747473621672306 8.901624538273813 23.57858916723962 30.408712979507868 2.7194514173229436 8.613850635296151e-06 1.0510543587152082e-06 7.174368280654683e-06 1.4826019384920512e-06 8.16811645986487e-06 1.5491107468734938e-06
180.3620296777186 -68.24164573501504 4.5625 33.671875 [180.3620296777186,-68.24164573501504] -78.70111857895347 0.7365842109114716 0.0007543428256660264 2.064904033892253e-05 [-4367.27734375,-1983.79296875] 23.99644834128079 4.850177342795604 23.440837303306793 28.160868813495426 38.315707777831676 -3.582579933071445e-06 5.153019411810591e-07 -4.674930281385914e-06 1.2323206264684693e-06 -3.8033664775816793e-06 1.193667900484458e-06
