data_processed/hvc_rms/hvc_rms_index_20.ecsv
# %ECSV 1.0
# ---
# datatype:
# - {name: ra_dec_obj.ra, unit: deg, datatype: float64}
# - {name: ra_dec_obj.dec, unit: deg, datatype: float64}
# - {name: 'H-alpha flux [Error]', unit: R, datatype: float32}
# - {name: H-alpha flux, unit: R, datatype: float32}
# - {name: ra_dec_deg, datatype: string, subtype: 'float64[2]'}
# - {name: RM, unit: rad / m2, datatype: float64}
# - {name: RM_uncert, unit: rad / m2, datatype: float64}
# - {name: pol_int, datatype: float64}
# - {name: pol_int_uncert, datatype: float64}
# - {name: ra_dec_pix_offsets, datatype: string, subtype: 'float64[2]'}
# - {name: interpolation_raw, unit: rad / m2, datatype: float64}
# - {name: interpolation_cor, unit: rad / m2, datatype: float64}
# - {name: interpolation_unc, unit: rad / m2, datatype: float64}
# - {name: interpolation_cor_unc, unit: rad / m2, datatype: float64}
# - {name: HI, unit: dex(1 / cm2), datatype: float64}
# - {name: 'HI [Error]', unit: dex(1 / cm2), datatype: float64}
# - {name: pixel location x, datatype: float64}
# - {name: pixel location y, datatype: float64}
# meta: !!omap
# - __serialized_columns__:
#     ra_dec_obj:
#       __class__: astropy.coordinates.sky_coordinate.SkyCoord
#       dec: !astropy.table.SerializedColumn
#         __class__: astropy.coordinates.angles.Latitude
#         unit: &id001 !astropy.units.Unit {unit: deg}
#         value: !astropy.table.SerializedColumn {name: ra_dec_obj.dec}
#       frame: icrs
#       ra: !astropy.table.SerializedColumn
#         __class__: astropy.coordinates.angles.Longitude
#         unit: *id001
#         value: !astropy.table.SerializedColumn {name: ra_dec_obj.ra}
#         wrap_angle: !astropy.coordinates.Angle
#           unit: *id001
#           value: 360.0
#       representation_type: spherical
# schema: astropy-2.0
ra_dec_obj.ra ra_dec_obj.dec "H-alpha flux [Error]" "H-alpha flux" ra_dec_deg RM RM_uncert pol_int pol_int_uncert ra_dec_pix_offsets interpolation_raw interpolation_cor interpolation_unc interpolation_cor_unc HI "HI [Error]" "pixel location x" "pixel location y"
[from data line 193]
179.74932869513265 -63.009598034306855 5.5625 43.734375 [179.74932869513265,-63.009598034306855] 801.9437327775676 1.800141755643208 0.00038178381192096624 2.554070722925851e-05 [4532.485595703,-3208.568359375] 392.7581868918687 308.0652638004739 167.44956108474324 141.7557562981 0.0 0.0 36.1072520338771 25.72616536357168
176.86595126988496 -64.08795158845136 5.53125 43.296875 [176.86595126988496,-64.08795158845136] 457.1165226921272 0.18214305620761712 0.0028463614244868163 1.9266878893762047e-05 [2102.305175781,-1422.833496094] 170.18744842730544 244.91085589708908 83.7936287594963 118.1598535167741 0.0 0.0 20.050897795099445 37.8565589014604
176.85629291292827 -64.08956144794966 5.53125 43.296875 [176.85629291292827,-64.08956144794966] 484.5575616673163 0.11872757470903335 0.004359690058659043 1.9236050778982107e-05 [2094.595214844,-1420.258789062] 170.18744842730544 244.91085589708908 83.7936287594963 118.1598535167741 0.0 0.0 20.019739349924293 37.90094305085836
176.81175264341027 -65.43963627019669 5.46875 42.625 [176.81175264341027,-65.43963627019669] 527.938943102915 1.214742146619539 0.0004088870179554166 1.845848807085876e-05 [1959.187011719,1006.272949219] 48.24532305711257 93.34817365193199 32.33823619449122 56.25666479736853 0.0 0.0 4.26056821354814 34.13231626385391
177.083572380792 -64.35075380698453 5.625 44.25 [177.083572380792,-64.35075380698453] 1.6696682675204553 1.2833873767234358 0.0004065737065641921 1.9391247768030035e-05 [2251.804199219,-942.7924804688] 130.34283647924855 220.0190334999008 65.04549835636756 110.83990349007505 0.0 0.0 17.269284228452534 35.9848964884377
179.2609710610995 -65.2448424068669 4.8125 36.109375 [179.2609710610995,-65.2448424068669] 420.28178351900885 1.1863639288743482 0.00048407382294075353 2.1342153288695373e-05 [3815.513427734,767.9892578125] 65.16302651516841 124.69709121831954 37.71359749334697 65.15671979372016 0.0 0.0 9.332077113196874 22.709766298065233
179.25848395937874 -65.2298278553109 4.78125 35.859375 [179.25848395937874,-65.2298278553109] 443.62103913856083 2.256565953098267 0.0002544504873972278 2.1338310064105818e-05 [3815.812744141,740.900390625] 65.8938454729591 124.61790494688174 37.742106264879425 65.47480345669234 0.0 0.0 9.505631879128714 22.759812404192417
175.30636566680582 -65.07620228112266 5.6875 44.96875 [175.30636566680582,-65.07620228112266] 308.1437575538512 1.7431499930678247 0.0002845973079702531 1.8436320502342654e-05 [845.0649414062,319.0043945312] 71.54603087143778 125.93022760991354 41.482015232878155 71.51275479679417 19.141807556152344 9.570903778076172 6.526144737679033 42.575170388839524
180.95494080471326 -66.14529423220422 4.4375 32.34375 [180.95494080471326,-66.14529423220422] 246.8118764797282 0.11489629958571791 0.005952241833695814 2.5415304234317832e-05 [4911.563354492,2498.468261719] 33.08770700704683 46.36038289037875 31.501824739959535 31.85374979984727 0.0 0.0 0.3851220875351373 12.363264597617672
176.87760930045098 -65.4261931361584 5.46875 42.625 [176.87760930045098,-65.4261931361584] 532.9116391641271 2.768788562587039 0.00018018596433544992 1.8540415123554986e-05 [2009.437011719,984.162109375] 48.24532305711257 93.34817365193199 32.33823619449122 56.25666479736853 0.0 0.0 4.497745247680768 33.85303570655606
181.4654845943534 -65.90586096418811 5.34375 41.421875 [181.4654845943534,-65.90586096418811] 626.3621784482341 2.216390398639752 0.000359691415761116 2.962681983996257e-05 [5330.27734375,2111.553955078] 39.6766100680609 64.38396552571587 33.05517958731474 38.450524589594146 0.0 0.0 3.6595716658057427 10.42813554203326
174.5774080192597 -65.13914488712533 6.03125 48.421875 [174.5774080192597,-65.13914488712533] 254.69563659972687 0.14150525043938908 0.0035501902926386056 1.866950871167582e-05 [291.4819335938,425.7583007812] 61.12513442741831 112.24633318875647 37.91291382553043 64.92885053913892 18.706634521484375 9.353317260742188 4.790029022624367 45.91424425492164
174.58132965916795 -65.13855756017897 6.03125 48.421875 [174.58132965916795,-65.13855756017897] 254.2255809940175 0.27237680310870144 0.001844472817983428 1.8670290733279047e-05 [294.4560546875,424.7192382812] 61.12513442741831 112.24633318875647 37.91291382553043 64.92885053913892 18.706634521484375 9.353317260742188 4.802328302757587 45.89719037046484
177.87171924266428 -65.87325293578776 4.5625 33.546875 [177.87171924266428,-65.87325293578776] 255.83092416408834 2.6556447009665245 0.00019923351623280352 1.966260583443135e-05 [2705.397949219,1824.827636719] 43.8811582030758 58.77295663690364 27.27034570023619 39.97893027108247 18.11033821105957 9.055169105529785 0.45836585711413136 27.787170655673435
177.83801276455443 -63.6450004841259 6.34375 51.296875 [177.83801276455443,-63.6450004841259] 691.9552796056024 0.38808019116763265 0.0014967262413500258 2.1586018836848066e-05 [2911.2421875,-2180.551757812] 266.3468970943543 278.9710331666652 104.89308274864887 124.96471930457803 0.0 0.0 26.43650438219015 34.12997630410041
177.2821506005637 -64.82881175838229 5.40625 42.0 [177.2821506005637,-64.82881175838229] 337.4455933113021 1.8898367917942203 0.0002612708044652679 1.834948523511037e-05 [2364.437011719,-76.01904296875] 77.2540097153067 158.43014146870817 44.050745878794686 82.77623933023534 0.0 0.0 11.94741564778019 33.60921199138761
180.18971255344027 -65.57770541765836 5.6875 44.875 [180.18971255344027,-65.57770541765836] 472.16800479219467 0.30529924423054056 0.0020134722234959003 2.28444167884992e-05 [4455.357421875,1425.528808594] 46.69465293686167 93.75941214505957 33.516014877792756 50.29086302183475 0.0 0.0 6.359798513846044 17.351733066610223
180.20431520167477 -65.58924861361828 5.53125 43.390625 [180.20431520167477,-65.58924861361828] 434.95875298560657 0.4433373768636364 0.0013893022225914572 2.2889683148624733e-05 [4464.184326172,1447.240234375] 44.47106697926223 88.58400804075714 32.86110715264491 48.335311835884426 0.0 0.0 6.238104214814257 17.253472060284594
180.18963623152058 -65.58022319115102 5.6875 44.875 [180.18963623152058,-65.58022319115102] 470.26699164175295 0.9736579033028242 0.0006324031943346532 2.2882799300564726e-05 [4454.869873047,1430.034667969] 46.69465293686167 93.75941214505957 33.516014877792756 50.29086302183475 0.0 0.0 6.330094276372847 17.346188598645313
173.95936572376354 -65.39561470126625 4.9375 37.34375 [173.95936572376354,-65.39561470126625] 243.83798362925964 0.9945246433229246 0.0004906225684832348 1.813308819577111e-05 [-174.5043945312,886.837890625] 50.435407606450156 88.45750557756419 37.686248918158654 56.77484697320527 18.132638931274414 9.066319465637207 0.9573189124978398 48.01823436888708
174.1630552200327 -64.86835488442499 5.625 44.28125 [174.1630552200327,-64.86835488442499] 320.44998944821043 0.4229604665117053 0.001157259160349429 1.81902683806283e-05 [-22.31201171875,-62.5380859375] 88.00191632825137 135.98131260519813 46.552244920043286 76.55856380391597 19.33879280090332 9.66939640045166 7.3129965955176885 48.85291247096029
173.26867650066168 -65.055168164534 5.375 41.671875 [173.26867650066168,-65.055168164534] 253.10003682486726 1.3033325540074066 0.00037788072649897115 1.8302848622219532e-05 [-701.0795898438,278.8515625] 80.40757692265555 109.04997643580033 48.264642937172724 67.54842033681973 17.600025177001953 8.800012588500977 3.8413470494826925 52.547435741865
174.2877196467199 -64.5427018528155 5.4375 42.4375 [174.2877196467199,-64.5427018528155] 357.86005066465407 1.1630394092876022 0.00043528219316845427 1.8813692229811596e-05 [73.85986328125,-648.6606445312] 113.64230042840664 166.58952779196449 59.46252067068513 90.31312920968418 18.51850700378418 9.25925350189209 11.24105814675977 49.353648442623125
177.1841891320614 -64.64704886538263 5.0625 38.734375 [177.1841891320614,-64.64704886538263] 571.247303545734 2.659481858370446 0.00019237161395626424 1.901282820021115e-05 [2304.981933594,-406.4272460938] 87.2920115376057 178.49723665975597 49.977762547881596 94.14043116620988 0.0 0.0 13.944430397673614 34.62077632962155
177.81446833404235 -63.19395461943508 7.5 62.875 [177.81446833404235,-63.19395461943508] 1489.0012917092058 0.7396929694604913 0.0008157769229062231 2.242495652114768e-05 [2938.321044922,-2991.926757812] 340.4131467403595 259.0452198116029 148.01067855972565 121.3752137279857 0.0 0.0 31.673593362867223 35.503149580227955
177.3055269790196 -63.01115403791767 9.375 81.5 [177.3055269790196,-63.01115403791767] 469.9447680459015 0.3433450254349007 0.001772482636296712 2.261629456999047e-05 [2541.833007812,-3342.3828125] 369.01336314348123 280.0141315588351 172.36167269513896 130.84894129176013 0.0 0.0 33.15688158501894 38.7045171960001
176.51907357848935 -62.734466549844875 9.0625 78.53125 [176.51907357848935,-62.734466549844875] 629.6024424863177 0.8363243077742913 0.0007925505728053573 2.4632608651943466e-05 [1918.116210938,-3867.372070312] 365.1982543811865 278.86055133001787 167.4192762392081 129.49071141569215 0.0 0.0 35.323902873688894 43.68956791789492
177.6721649888651 -65.27883160187503 5.0625 38.734375 [177.6721649888651,-65.27883160187503] 312.39091403715815 1.0485855092568954 0.0004902552085956777 1.910446020960184e-05 [2617.970703125,748.2744140625] 65.33331639013178 110.15635671014866 35.944388003167894 62.0503245786266 0.0 0.0 7.166875289941345 30.41040794396804
177.2729031956161 -62.700992711704416 8.5625 73.65625 [177.2729031956161,-62.700992711704416] 641.5924766315024 1.654995323080502 0.0004125729682254522 2.5375011257195297e-05 [2541.91015625,-3900.969726562] 448.8270417754651 295.8477400270001 196.704388766581 141.14582058473303 0.0 0.0 36.728358805631615 39.76729698590589
177.1248929942283 -63.78985225584291 5.625 44.28125 [177.1248929942283,-63.78985225584291] 617.2565677385654 3.270261659674739 0.00016660415298646198 2.024776207384609e-05 [2330.391113281,-1949.748046875] 222.3057538013704 276.34285414967707 104.75608288650855 129.49987247897272 0.0 0.0 23.85278343530149 37.40300000143225
180.30924998390108 -65.50919342935596 5.65625 44.53125 [180.30924998390108,-65.50919342935596] 688.2202464696232 2.6266801248832214 0.00024095987074267404 2.3521261630973285e-05 [4555.783203125,1311.29296875] 51.01084951981278 103.7102065689437 34.67867131159978 53.71505221679061 0.0 0.0 7.281789645062872 16.928553401188537
177.05841038450603 -63.6003645974279 6.71875 55.15625 [177.05841038450603,-63.6003645974279] 450.25378151435035 1.5997485890118956 0.00034805268143569694 2.0692140705002274e-05 [2292.887207031,-2292.823730469] 261.4835081289315 281.3826853324254 121.25484484477236 132.8285438439949 0.0 0.0 25.973538486615325 38.29657206192246
180.29231265791395 -66.03928376681878 4.40625 32.171875 [180.29231265791395,-66.03928376681878] 229.40000967945866 0.17702425459750293 0.003476536109961135 2.287116158433772e-05 [4450.771484375,2259.664550781] 31.20508924445448 45.85127530242597 30.307904154933375 31.812572180389523 18.11577796936035 9.057888984680176 1.0252144079161098 15.775162652870222
180.27633680706927 -66.02981564690077 4.40625 32.171875 [180.27633680706927,-66.02981564690077] 206.5888985660588 3.1115460606015946 0.00019649887515641763 2.2721918935216134e-05 [4440.809326172,2241.582519531] 31.20508924445448 45.85127530242597 30.307904154933375 31.812572180389523 18.11577796936035 9.057888984680176 1.1215500280670767 15.873812374660929
176.76037586648988 -63.153110241122775 10.9375 97.34375 [176.76037586648988,-63.153110241122775] 494.25468146607136 2.371781798045511 0.0002449011209261407 2.1586101154911565e-05 [2086.859863281,-3107.174804688] 339.0837340414093 292.82767897279496 153.05069525899643 130.25915727288492 0.0 0.0 30.785416688102714 41.16437528642814
180.58825689485792 -65.36376961021159 5.125 39.21875 [180.58825689485792,-65.36376961021159] 12.65360553117063 1.7037517946100518 0.00041159834701116866 2.606085449298549e-05 [4789.250244141,1071.425292969] 59.82528771953921 119.85641116280519 39.42232847912251 62.071983339191924 0.0 0.0 9.261154936424418 15.895315172111623
180.5863646683595 -65.36460868775876 5.28125 40.921875 [180.5863646683595,-65.36460868775876] 13.287008864132963 1.8289675715119447 0.00038251057178024996 2.5999090220967266e-05 [4787.686401367,1072.784667969] 57.38262988207865 115.19138537614216 38.445697744807376 59.8252045435698 0.0 0.0 9.24947532002011 15.902711728405848
180.46960448471282 -65.07770538644316 4.34375 31.359375 [180.46960448471282,-65.07770538644316] 6.230269570880925 0.3019803394344618 0.0023522485152726084 2.6397972687403985e-05 [4751.871582031,550.1586914062] 78.63764523438927 149.0656789999899 42.30657258425421 75.54169764630257 0.0 0.0 12.517640056843447 17.1359274186932
180.4658050897055 -65.0809554604356 4.34375 31.359375 [180.4658050897055,-65.0809554604356] 679.5050242768287 0.3666799433541013 0.0019332982385704858 2.6344788358545756e-05 [4748.427368164,555.6948242188] 78.63764523438927 149.0656789999899 42.30657258425421 75.54169764630257 0.0 0.0 12.47568552339203 17.147339840341147
180.46168522056374 -65.07705688207261 4.34375 31.359375 [180.46168522056374,-65.07705688207261] 702.24290901536 0.23557654258114252 0.0030092307696950333 2.6344880966367192e-05 [4746.016357422,548.4028320312] 78.63764523438927 149.0656789999899 42.30657258425421 75.54169764630257 0.0 0.0 12.517620512423264 17.17676766988143
180.46945185328792 -65.07447808157565 4.34375 31.359375 [180.46945185328792,-65.07447808157565] 693.9328430601857 0.37879956646154506 0.0018782583243390485 2.6440733491471802e-05 [4752.332397461,544.3666992188] 78.63764523438927 149.0656789999899 42.30657258425421 75.54169764630257 0.0 0.0 12.55550588328083 17.14409780320193
180.4788818245475 -65.0782395009335 4.34375 31.359375 [180.4788818245475,-65.0782395009335] -3.6757316483035334 0.6039360174502093 0.0011765337067600784 2.6406084446577834e-05 [4758.770751953,551.8125] 78.63764523438927 149.0656789999899 42.30657258425421 75.54169764630257 0.0 0.0 12.520313725142614 17.08860242421497
177.20996067388197 -65.7177657770512 4.96875 37.828125 [177.20996067388197,-65.7177657770512] 333.902206402163 2.433158748648801 0.0002018467327939761 1.8251597052893845e-05 [2232.767578125,1519.560058594] 41.10508756239107 65.82498899280552 28.374678850748012 44.59920288681086 0.0 0.0 1.5045794420645962 31.398304403615157
179.59371954981896 -63.69139483534613 5.25 40.515625 [179.59371954981896,-63.69139483534613] -1.4272547465186858 1.6286024533587402 0.0004037529659477623 2.4436528739651266e-05 [4302.720458984,-1997.190429688] 278.0895480875271 279.8297685173416 126.37420186606721 132.30425719577553 18.399185180664062 9.199592590332031 27.92609865796271 24.88454853668668
179.58912657435914 -63.68756871378537 5.25 40.515625 [179.58912657435914,-63.68756871378537] 2.3987039652080497 2.3325278896446333 0.00028256905493423293 2.4494024477085197e-05 [4299.653076172,-2004.36328125] 278.0895480875271 279.8297685173416 126.37420186606721 132.30425719577553 18.399185180664062 9.199592590332031 27.966052099772924 24.917853773690013
174.5150911431854 -63.84820946491884 21.5 202.875 [174.5150911431854,-63.84820946491884] 580.8739076541466 1.4670209969953563 0.00037412134778859604 2.0396587987771217e-05 [256.09375,-1898.049804688] 190.25170669604242 235.6395948327439 119.60257624423966 114.03767101493852 0.0 0.0 19.571593536787304 50.565817555563854
178.56245416444145 -65.7048035527105 4.65625 34.515625 [178.56245416444145,-65.7048035527105] 283.40441443424794 0.1852264420434298 0.0028512147957397995 1.9626444195120612e-05 [3233.424804688,1554.67578125] 55.608099948851695 79.26812330260965 30.475573657930518 47.156500643637635 17.235816955566406 8.617908477783203 3.1939523993564762 24.925468350147412
