data_processed/hvc_rms/hvc_rms_index_5_with_B.ecsv
# %ECSV 1.0
# ---
# datatype:
# - {name: ra_dec_obj.ra, unit: deg, datatype: float64}
# - {name: ra_dec_obj.dec, unit: deg, datatype: float64}
# - {name: 'H-alpha flux [Error]', unit: R, datatype: float32}
# - {name: H-alpha flux, unit: R, datatype: float32}
# - {name: ra_dec_deg, datatype: string, subtype: 'float64[2]'}
# - {name: RM, unit: rad / m2, datatype: float64}
# - {name: RM_uncert, unit: rad / m2, datatype: float64}
# - {name: pol_int, datatype: float64}
# - {name: pol_int_uncert, datatype: float64}
# - {name: ra_dec_pix_offsets, datatype: string, subtype: 'float64[2]'}
# - {name: interpolation_raw, unit: rad / m2, datatype: float64}
# - {name: interpolation_cor, unit: rad / m2, datatype: float64}
# - {name: interpolation_unc, unit: rad / m2, datatype: float64}
# - {name: interpolation_cor_unc, unit: rad / m2, datatype: float64}
# - {name: HI, unit: dex(1 / cm2), datatype: float64}
# - {name: 'HI [Error]', unit: dex(1 / cm2), datatype: float64}
# - {name: pixel location x, datatype: float64}
# - {name: pixel location y, datatype: float64}
# - {name: 'B_virtual [raw]', unit: G, datatype: float64}
# - {name: 'B_virtual_unc [raw]', unit: G, datatype: float64}
# - {name: 'B_virtual [int]', unit: G, datatype: float64}
# - {name: 'B_virtual_unc [int]', unit: G, datatype: float64}
# meta: !!omap
# - __serialized_columns__:
#     ra_dec_obj:
#       __class__: astropy.coordinates.sky_coordinate.SkyCoord
#       dec: !astropy.table.SerializedColumn
#         __class__: astropy.coordinates.angles.Latitude
#         unit: &id001 !astropy.units.Unit {unit: deg}
#         value: !astropy.table.SerializedColumn {name: ra_dec_obj.dec}
#       frame: icrs
#       ra: !astropy.table.SerializedColumn
#         __class__: astropy.coordinates.angles.Longitude
#         unit: *id001
#         value: !astropy.table.SerializedColumn {name: ra_dec_obj.ra}
#         wrap_angle: !astropy.coordinates.Angle
#           unit: *id001
#           value: 360.0
#       representation_type: spherical
# schema: astropy-2.0
ra_dec_obj.ra ra_dec_obj.dec "H-alpha flux [Error]" "H-alpha flux" ra_dec_deg RM RM_uncert pol_int pol_int_uncert ra_dec_pix_offsets interpolation_raw interpolation_cor interpolation_unc interpolation_cor_unc HI "HI [Error]" "pixel location x" "pixel location y" "B_virtual [raw]" "B_virtual_unc [raw]" "B_virtual [int]" "B_virtual_unc [int]"
[from data line 517]
151.88500973285878 -9.641519575775373 0.34375 1.0366211 [151.88500973285878,-9.641519575775373] -20.578492729707403 0.6319617307975411 0.0009570153173672085 2.247596628116184e-05 [2551.235351562,539.8334960938] -3.5520662930303177 -7.790725955983522 5.746550629007086 6.09558985477242 18.875234603881836 9.437617301940918 13.553389343693198 13.921722093739845 -5.585590806931423e-06 2.099962677466135e-06 -4.62145854065911e-06 2.5689958289306758e-06
149.78460706390305 -8.277620320706973 0.35742188 1.1665039 [149.78460706390305,-8.277620320706973] -4.252584796349454 0.8369287058850842 0.0007244786055047015 2.2533192769929745e-05 [-1180.217773438,-1919.155761719] -2.587233169253873 -2.6926694619185145 5.858162316573787 5.493308444908973 0.0 0.0 6.451899440437728 49.50318621229485 -1.15427300027156e-06 1.922109582923223e-06 -4.520240068498751e-07 2.4889718650238924e-06
149.79722592578366 -8.281349186090491 0.35742188 1.1665039 [149.79722592578366,-8.281349186090491] -2.1517982312418282 0.9776509543183489 0.0006188198933634408 2.2483131382605463e-05 [-1157.730957031,-1912.486816406] -2.587233169253873 -2.6926694619185145 5.858162316573787 5.493308444908973 0.0 0.0 6.533604123225814 49.33981814900312 -5.840595118730324e-07 1.9206355236620605e-06 1.1818948154865245e-07 2.4918051571091084e-06
149.79266368342533 -8.282798876059992 0.35742188 1.1665039 [149.79266368342533,-8.282798876059992] -2.9780208872911347 0.9314621656441048 0.0006489811046592213 2.2464976819684876e-05 [-1165.852539062,-1909.862792969] -2.587233169253873 -2.6926694619185145 5.858162316573787 5.493308444908973 0.0 0.0 6.481654666571558 49.368259916152056 -8.08319944001051e-07 1.9209516178837963e-06 -1.0607095057936608e-07 2.490487769842478e-06
152.94715886935396 -7.706748537119906 0.33203125 0.9135742 [152.94715886935396,-7.706748537119906] -2.8872839853539567 0.08864964866950249 0.009007966019044399 2.9676485071606266e-05 [4457.862792969,-2931.756835938] -2.8441712907214742 -1.27576833612155 5.231128300771311 5.571594921616116 18.177001953125 9.0885009765625 38.71106220641286 23.99911485634857 -7.836913566712273e-07 1.904138958825787e-06 -1.1702016953535146e-08 2.372052874543863e-06
152.93336487356774 -7.677017086931126 0.33789062 0.98046875 [152.93336487356774,-7.677017086931126] -15.445176570583602 0.18280675838475444 0.004317596595387892 2.9332090303366493e-05 [4433.591796875,-2985.423828125] -2.4441959651332437 -0.9740786831843535 5.211965449555656 5.583831190109077 18.113367080688477 9.056683540344238 38.83809872790198 24.47051677952186 -4.192262154338601e-06 2.0115810630723006e-06 -3.5288375443583706e-06 2.433367283641465e-06
152.9350433333662 -7.682477621984402 0.33789062 0.98046875 [152.9350433333662,-7.682477621984402] -13.16999865491628 0.09560996210949253 0.008302189149008944 2.9498808391384805e-05 [4436.526123047,-2975.578125] -2.4441959651332437 -0.9740786831843535 5.211965449555656 5.583831190109077 18.113367080688477 9.056683540344238 38.807412119900164 24.392816278153532 -3.574713871439385e-06 1.981470676558225e-06 -2.911289261459156e-06 2.4127324774252006e-06
152.94378659061093 -7.700657906847704 0.33203125 0.9135742 [152.94378659061093,-7.700657906847704] -5.949716692813473 0.13619573624115552 0.005830209708694478 2.9509129018595847e-05 [4451.917236328,-2942.7578125] -2.8441712907214742 -1.27576833612155 5.231128300771311 5.571594921616116 18.113367080688477 9.056683540344238 38.73239230095555 24.101354681476323 -1.6149230801170484e-06 1.91722913191521e-06 -8.429337403993562e-07 2.3759135057050306e-06
152.94439693651393 -7.703960176053636 0.33203125 0.9135742 [152.94439693651393,-7.703960176053636] -4.928523387906651 0.11293673882577347 0.007056251196564814 2.9615425648006743e-05 [4452.970214844,-2936.80859375] -2.8441712907214742 -1.27576833612155 5.231128300771311 5.571594921616116 18.113367080688477 9.056683540344238 38.71033494360745 24.05858762220214 -1.337742044027212e-06 1.911839586926115e-06 -5.657527043095198e-07 2.3737936052020792e-06
150.39843738858906 -9.012909906157052 0.35546875 1.1503906 [150.39843738858906,-9.012909906157052] 2.184651924109859 0.4076156263154657 0.0014836534326989287 2.24746011732755e-05 [-86.68896484375,-596.8461914062] -3.228618065791625 -5.273948945408479 6.060770537241353 5.2090721106986795 0.0 0.0 5.908880973754094 35.50712671229667 5.929769426716696e-07 1.9054982776511708e-06 1.4693161199013339e-06 2.526221519532549e-06
152.80073541578784 -8.963375143684743 0.32226562 0.8066406 [152.80073541578784,-8.963375143684743] -13.4264734941158 0.7498301809230445 0.0009082048322821898 2.5307860296896933e-05 [4183.453857422,-672.0659179688] -4.42343536822606 -5.64111094209013 5.7093448836053575 5.809932356827508 18.418842315673828 9.209421157836914 27.005434002654965 11.819396092270381 -3.644328469692929e-06 1.994839607700087e-06 -2.443681743407155e-06 2.4900582090921237e-06
152.981628413929 -7.987027618041857 0.34960938 1.0825195 [152.981628413929,-7.987027618041857] -10.379372641863226 0.5209016359906848 0.0015766263029501444 3.0520608793906244e-05 [4516.243164062,-2427.0] -5.83080338567349 -3.885741200383877 5.67224810009358 5.758298610237156 18.73897361755371 9.369486808776855 36.68501027006323 20.557897103894902 -2.817258249746024e-06 1.956012340182256e-06 -1.23461163826577e-06 2.457240298344554e-06
152.97750861041777 -7.996985008219194 0.34960938 1.0825195 [152.97750861041777,-7.996985008219194] -9.459271950088553 2.814205319310969 0.0002906266822972462 3.0394847372397416e-05 [4508.796630859,-2409.134765625] -5.83080338567349 -3.885741200383877 5.67224810009358 5.758298610237156 18.73897361755371 9.369486808776855 36.56700568176598 20.491536356299093 -2.5675166368431177e-06 2.0871657816718517e-06 -9.848700253628637e-07 2.566676304781226e-06
149.48782328316503 -8.485134193455862 0.3828125 1.4160156 [149.48782328316503,-8.485134193455862] 2.7927661836039452 1.675526310161042 0.00035585937860096106 2.215839862682408e-05 [-1707.897460938,-1544.469238281] -2.8580271641945556 -3.8771508000221413 6.307253467870856 5.546615348095644 0.0 0.0 2.1658460685762293 50.10798653800748 7.580365251206108e-07 1.95729903693879e-06 1.5337867447292545e-06 2.608785046087708e-06
152.49899297509464 -7.915809382320698 0.32617188 0.8479004 [152.49899297509464,-7.915809382320698] -10.41175492397463 0.9515654101894732 0.0007437657205796569 2.6301681132627386e-05 [3657.252441406,-2560.741210938] -2.0697901347225676 -1.6426964569122982 5.739234847742528 5.6815903625587065 18.1195125579834 9.0597562789917 33.11899447916221 26.334705843138863 -2.826047726198194e-06 1.9682297362096774e-06 -2.2642475545027185e-06 2.4960022705908617e-06
152.5024109301056 -7.917231124368797 0.32617188 0.8479004 [152.5024109301056,-7.917231124368797] -12.223392664997142 1.185864163984516 0.0005966297905708946 2.6293511064825225e-05 [3663.329589844,-2558.147460938] -2.0697901347225676 -1.6426964569122982 5.739234847742528 5.6815903625587065 18.1195125579834 9.0597562789917 33.13678767606734 26.283889938376888 -3.317777963424817e-06 1.9963533119364235e-06 -2.755977791729341e-06 2.5155281781214715e-06
153.2862701449158 -8.55700021117779 0.31054688 0.6904297 [153.2862701449158,-8.55700021117779] -25.037119521417665 1.0992107916107714 0.0008841077202976383 3.611560293372742e-05 [5051.372070312,-1397.130371094] -6.509767517168877 -4.399257850733164 5.922800845794066 5.698988114521729 17.89509391784668 8.94754695892334 34.5331640416407 11.162310759340244 -6.795789490888637e-06 2.1998745923489048e-06 -5.028852617680807e-06 2.6282965584177942e-06
152.00784292823118 -7.696053551283044 0.41015625 1.6953125 [152.00784292823118,-7.696053551283044] -15.81887816585592 2.9707145713935907 0.00022740236498786632 2.510525324815322e-05 [2783.506347656,-2960.635742188] -2.9602281869688927 -0.6462791637643255 5.926778077748083 5.644034117707077 0.0 0.0 30.66532554404057 33.785746971351045 -4.293695443088429e-06 2.1715042791991534e-06 -3.490204946251258e-06 2.6737415412888502e-06
151.8531798003174 -9.296715652398984 0.44140625 2.0097656 [151.8531798003174,-9.296715652398984] -7.051129590842944 0.5703919474355869 0.001073204240618463 2.2749113050484578e-05 [2497.272460938,-81.03369140625] -3.3175566642776086 -7.358760786834915 5.7719828131736355 5.749964829079124 17.619348526000977 8.809674263000488 16.1466688602045 17.933457324882056 -1.9138780054691823e-06 1.9298759704529346e-06 -1.013398351839732e-06 2.4726137603930582e-06
151.8551635154279 -9.3016053514608 0.44140625 2.0097656 [151.8551635154279,-9.3016053514608] -4.373727364616708 2.0770883840987038 0.00029507722235551246 2.2777149210944218e-05 [2500.760253906,-72.21826171875] -3.3175566642776086 -7.358760786834915 5.7719828131736355 5.749964829079124 17.619348526000977 8.809674263000488 16.12308855246488 17.86088611446985 -1.1871545540631462e-06 1.9906408583142914e-06 -2.8667490043369553e-07 2.526730675177509e-06
152.7962189176742 -7.449198990973383 0.33789062 0.96484375 [152.7962189176742,-7.449198990973383] -13.195304575531107 0.044378696385096714 0.01756888003812775 2.8975258647699917e-05 [4191.37109375,-3396.965820312] -0.7076160524283963 -0.42314457295762686 5.610745972640708 5.853594339996834 0.0 0.0 39.533502019025036 28.413843488376187 -3.5815826212260524e-06 1.9816436344190068e-06 -3.38951540963794e-06 2.4926138467960468e-06
152.99673467855015 -7.907211210543879 0.34765625 1.0786133 [152.99673467855015,-7.907211210543879] -5.0803717604934295 1.4622422318294221 0.0005687511192447552 3.090653302518068e-05 [4544.027587891,-2570.4296875] -5.499531487730329 -3.4031259630724584 5.41730931084522 5.610897788565756 18.653465270996094 9.326732635498047 37.476967096987664 21.276897411789378 -1.3789580303051473e-06 1.9530696427599387e-06 1.1377192439903245e-07 2.4351504218799732e-06
152.1795043849384 -8.493285096647273 0.33398438 0.9230957 [152.1795043849384,-8.493285096647273] -2.260237538270082 1.4111358190711432 0.0004538503020684906 2.380072288175017e-05 [3083.480957031,-1524.559082031] -3.65656223710861 -2.445224327640183 6.067755011360564 5.9466651649142985 18.81890296936035 9.409451484680176 25.598302479045287 23.29592693820723 -6.134930376614706e-07 1.9406185403840524e-06 3.790024130418743e-07 2.544157481701736e-06
152.78810120280454 -9.417180087522887 0.3359375 0.9472656 [152.78810120280454,-9.417180087522887] -17.01223592298815 0.09482010678339842 0.007404157925238974 2.6090645057173423e-05 [4155.681396484,144.6108398438] -6.218465455716881 -7.923675127422495 5.919356133446322 5.90088959499718 19.086660385131836 9.543330192565918 23.09535264820488 7.079799993188772 -4.617606829853677e-06 2.034008942510757e-06 -2.929737657952149e-06 2.530621859051764e-06
152.77572637558293 -9.417080970503052 0.3359375 0.9472656 [152.77572637558293,-9.417080970503052] -16.77308143078149 0.9866106125086795 0.0007118220581515272 2.6099123817713703e-05 [4133.726318359,144.287109375] -6.218465455716881 -7.923675127422495 5.919356133446322 5.90088959499718 19.274747848510742 9.637373924255371 22.991530305297147 7.2086659872582 -4.552693468576373e-06 2.0478144770775997e-06 -2.8648242966748457e-06 2.542795691780952e-06
152.78451542852304 -9.416668032262058 0.3359375 0.9472656 [152.78451542852304,-9.416668032262058] -17.10623393603316 0.23512914861684978 0.0029824650504548314 2.60609676803228e-05 [4149.325439453,143.6469726562] -6.218465455716881 -7.923675127422495 5.919356133446322 5.90088959499718 19.086660385131836 9.543330192565918 23.06932899665253 7.12230992355444 -4.643120575900591e-06 2.0362803461747378e-06 -2.9552514039990634e-06 2.5320279295197484e-06
149.98432934932816 -8.465497088172905 0.34375 1.0258789 [149.98432934932816,-8.465497088172905] 2.212911350798708 1.5231963417287884 0.00039566064073315625 2.2396875771736977e-05 [-824.08203125,-1581.594726562] -3.083859071939004 -3.5109100613419577 5.907431070960104 5.477263299222743 0.0 0.0 6.706412889778903 45.50645168040455 6.00647358381685e-07 1.9467513189290625e-06 1.437694809249069e-06 2.5304171135883246e-06
151.84718322165915 -10.511527954358025 0.3515625 1.0981445 [151.84718322165915,-10.511527954358025] -15.933555243085667 0.4250290700019341 0.0014818307637019584 2.3405932309053154e-05 [2477.438476562,2105.422851562] -10.212751053946462 -13.24685375833839 5.800086921109359 5.905949129805165 0.0 0.0 5.962488117553221 5.093436328361804 -4.324822077908264e-06 2.0211841584527736e-06 -1.5527896871174326e-06 2.4821965079774903e-06
151.1295317534461 -8.431144708750736 0.33984375 0.9873047 [151.1295317534461,-8.431144708750736] -14.944055798808579 2.402434160298731 0.0002514663448722532 2.2451226273161424e-05 [1214.893554688,-1642.790527344] -3.1160810568627686 -3.4679032473281644 5.8198454590318915 5.533538540324695 0.0 0.0 17.015938078059207 34.57943125934298 -4.056243661013858e-06 2.107489373160593e-06 -3.2104502429303515e-06 2.604823315698063e-06
152.70814519764204 -7.473541957422766 0.3359375 0.95703125 [152.70814519764204,-7.473541957422766] 0.06740423149690726 2.7379295307704066 0.0002710159203601026 2.7575650917956863e-05 [4034.079101562,-3354.19921875] 0.023450749349092005 -0.007218224600121115 5.583346731814687 5.801050524705017 0.0 0.0 38.57060768006568 29.05637976128105 1.8295434011738522e-08 2.040167516129519e-06 1.193023070455715e-08 2.541447970435139e-06
151.41470341136508 -9.537685380642156 0.30273438 0.61206055 [151.41470341136508,-9.537685380642156] -18.595234523452344 1.6711242766220253 0.0003570118081770425 2.2171753017666947e-05 [1717.353027344,350.0913085938] -5.676379237952854 -8.229349222489542 4.90353381736815 5.1080021415924275 0.0 0.0 10.39460680861771 19.771715932906545 -5.0472778726397065e-06 2.1082745204672866e-06 -3.5065463863926728e-06 2.427103111402207e-06
151.8655700116243 -7.277704647176925 0.29492188 0.5307617 [151.8655700116243,-7.277704647176925] -1.5654386492630414 1.8409821325386464 0.0004059790915630465 2.7775503741492713e-05 [2532.235351562,-3714.33203125] -3.639320848029876 -1.0669587524220883 6.020113473002276 6.126982008259767 0.0 0.0 32.833680055176046 39.87017494094289 -4.2490477038271965e-07 1.965745016530149e-06 5.629108747779248e-07 2.5568684819538548e-06
151.8515320646087 -7.2703563829739135 0.29492188 0.5307617 [151.8515320646087,-7.2703563829739135] -0.8628889800792182 0.7180338517239561 0.0010443039575813483 2.7866379453675015e-05 [2507.219238281,-3727.650390625] -3.639320848029876 -1.0669587524220883 6.020113473002276 6.126982008259767 0.0 0.0 32.770437272505205 40.09453975118868 -2.3421271994207147e-07 1.9103241924122266e-06 7.53602925218573e-07 2.5163593912590285e-06
151.85517888586597 -7.273457629865689 0.29492188 0.5307617 [151.85517888586597,-7.273457629865689] -4.057873485868102 3.0504106821345114 0.0002460619324167917 2.7894041752929602e-05 [2513.711425781,-3722.045898438] -3.639320848029876 -1.0669587524220883 6.020113473002276 6.126982008259767 0.0 0.0 32.777182631727555 40.02298928099253 -1.1014227881537325e-06 2.079780960627818e-06 -1.1360714299308806e-07 2.6393005137665135e-06
151.08345036423808 -9.135917607004982 0.28125 0.40026855 [151.08345036423808,-9.135917607004982] 9.030467184104664 2.832340516678946 0.0002115318985224087 2.226537609521849e-05 [1130.699707031,-374.4233398438] -4.766452578608413 -6.076124192003656 5.69073218700249 5.474370033338723 0.0 0.0 10.851838601349755 27.398237906774057 2.4511267733916343e-06 2.0855169826160638e-06 3.744878169785975e-06 2.6330975838763946e-06
