data_processed/hvc_rms/hvc_rms_index_22.ecsv
# %ECSV 1.0
# ---
# datatype:
# - {name: ra_dec_obj.ra, unit: deg, datatype: float64}
# - {name: ra_dec_obj.dec, unit: deg, datatype: float64}
# - {name: 'H-alpha flux [Error]', unit: R, datatype: float32}
# - {name: H-alpha flux, unit: R, datatype: float32}
# - {name: ra_dec_deg, datatype: string, subtype: 'float64[2]'}
# - {name: RM, unit: rad / m2, datatype: float64}
# - {name: RM_uncert, unit: rad / m2, datatype: float64}
# - {name: pol_int, datatype: float64}
# - {name: pol_int_uncert, datatype: float64}
# - {name: ra_dec_pix_offsets, datatype: string, subtype: 'float64[2]'}
# - {name: interpolation_raw, unit: rad / m2, datatype: float64}
# - {name: interpolation_cor, unit: rad / m2, datatype: float64}
# - {name: interpolation_unc, unit: rad / m2, datatype: float64}
# - {name: interpolation_cor_unc, unit: rad / m2, datatype: float64}
# - {name: pixel location x, datatype: float64}
# - {name: pixel location y, datatype: float64}
# meta: !!omap
# - __serialized_columns__:
#     ra_dec_obj:
#       __class__: astropy.coordinates.sky_coordinate.SkyCoord
#       dec: !astropy.table.SerializedColumn
#         __class__: astropy.coordinates.angles.Latitude
#         unit: &id001 !astropy.units.Unit {unit: deg}
#         value: !astropy.table.SerializedColumn {name: ra_dec_obj.dec}
#       frame: icrs
#       ra: !astropy.table.SerializedColumn
#         __class__: astropy.coordinates.angles.Longitude
#         unit: *id001
#         value: !astropy.table.SerializedColumn {name: ra_dec_obj.ra}
#         wrap_angle: !astropy.coordinates.Angle
#           unit: *id001
#           value: 360.0
#       representation_type: spherical
# schema: astropy-2.0
ra_dec_obj.ra ra_dec_obj.dec "H-alpha flux [Error]" "H-alpha flux" ra_dec_deg RM RM_uncert pol_int pol_int_uncert ra_dec_pix_offsets interpolation_raw interpolation_cor interpolation_unc interpolation_cor_unc "pixel location x" "pixel location y"
13.435603188518105 -36.52085482126486 1.2109375 0.1000061 [13.435603188518105,-36.52085482126486] -15.393782509891794 1.658302924217356 0.0002468823518461392 1.5214672750420818e-05 [499.6162109375,-1307.800292969] 3.2067397375962337 0.2676403693150067 3.1218873142825285 2.0020724141447968 45.86345763261181 6.828917717233253
13.94721616456157 -37.39177695547764 1.25 0.47460938 [13.94721616456157,-37.39177695547764] -195.23299599615294 2.5430418593072255 0.00016337833981958365 1.5440334001822898e-05 [1225.562988281,264.455078125] 4.377941095420113 2.359165903732337 2.949977510076066 2.3219968897062584 56.65302074498459 30.857675736499232
13.94364361583724 -37.40791331660457 1.2421875 0.4099121 [13.94364361583724,-37.40791331660457] 141.08274223544694 2.2886871295016853 0.0001812046200766462 1.5412191513864572e-05 [1220.191894531,293.453125] 4.423780252574064 2.53315168307859 2.9452628543187815 2.3535903691841615 56.842586613626736 30.566353233328073
14.204436272980644 -37.39254766269574 1.2109375 0.10266113 [14.204436272980644,-37.39254766269574] -4.465741560758576 1.7231570419132014 0.00023707493665876093 1.5181658062079217e-05 [1593.343261719,269.6694335938] 4.467020547485553 3.7237145133521867 2.7818981235880273 2.493167184740516 56.920944803955535 44.470840631865485
13.790594061627605 -36.29371272793049 1.2421875 0.45666504 [13.790594061627605,-36.29371272793049] -1.4280883496509558 0.23717750621434797 0.0018039465950649913 1.59003204808102e-05 [1016.0703125,-1713.768066406] 2.4604403460966617 -1.1757190483567461 2.7975466067334827 1.379549219766298 43.39362325074012 29.20817235193067
14.434402565981435 -37.38322828028284 1.21875 0.21398926 [14.434402565981435,-37.38322828028284] 4.371404682590577 1.5308369155459043 0.0002756616411708622 1.5682452006085918e-05 [1922.378417969,257.1640625] 4.979678285866715 5.09340427310751 2.698545230724135 2.8487234642921897 57.08717936111714 56.67503197705719
14.29259023423947 -36.64749518217101 1.2109375 0.1000061 [14.29259023423947,-36.64749518217101] -6.536497347431709 1.7858945390507324 0.0002339418995944256 1.5526462705676823e-05 [1736.319335938,-1069.755859375] 4.208060968047125 2.4290357238054963 2.6193126640753546 1.7343336555035713 48.15578474413178 55.77718220305542
14.219237322237518 -35.676914213530154 1.234375 0.3388672 [14.219237322237518,-35.676914213530154] -2.6634222963067584 2.160065925502679 0.0001996183788032702 1.6024195446697202e-05 [1650.706054688,-2817.649414062] 3.0561529627301236 -0.08403937737036493 2.6255225823160306 1.5039820570857012 36.52131992835825 61.41978623050363
13.552061917252882 -36.27787793614699 1.21875 0.1932373 [13.552061917252882,-36.27787793614699] -7.513348101005468 2.9517145223458177 0.0001436641367369114 1.5759100412960345e-05 [670.1645507812,-1744.388183594] 1.8199802938157583 -1.6366375226642216 2.9014484583448317 1.4719406031803488 43.021915533255765 14.89086414885469
14.241511230747326 -37.06510914567922 1.21875 0.17700195 [14.241511230747326,-37.06510914567922] -6.67414381367258 2.423393845411298 0.00016771232520620678 1.5104198479287404e-05 [1653.513671875,-319.0415039062] 4.055110783849599 2.6537096559170754 2.8360812486632563 2.234226729435447 53.062597497328966 49.13573116036355
13.973145574288655 -35.07950616967933 1.234375 0.3696289 [13.973145574288655,-35.07950616967933] -0.7874842137351391 2.702745714522082 0.00019508982409078058 1.959514618139487e-05 [1300.519042969,-3896.182617188] 1.8039884648590514 -0.07399840302918914 2.7245638746173944 1.686931374245676 29.096435401249664 51.48722908054606
14.525959959147453 -37.824924347412875 1.2265625 0.30151367 [14.525959959147453,-37.824924347412875] 10.390151611745251 0.3329339452466055 0.0013267954487785104 1.6416128896606977e-05 [2041.141601562,1054.029296875] 6.373282780207356 7.970408743706445 2.7368079242618584 3.5086154414119104 62.45684173172356 57.40915200435256
14.535894320880603 -37.83006681679036 1.234375 0.31921387 [14.535894320880603,-37.83006681679036] 5.747067700804804 0.06936814553977713 0.006410287305049771 1.6525183181145056e-05 [2055.118652344,1063.499023438] 6.422561291596441 8.052637707508 2.7355518408506203 3.518791174403898 62.531010733566745 57.861514369848464
13.73544014160545 -34.75996805051307 1.25 0.5161133 [13.73544014160545,-34.75996805051307] -3.326655256370861 3.215568405090184 0.0001941614342790598 2.3202213966452218e-05 [954.1044921875,-4473.686523438] 1.4940366823209221 0.9700852254427899 3.050413900428801 2.8924654762799005 25.02190803392739 37.62597918873098
14.070373459674325 -34.95408613095183 1.25 0.46813965 [14.070373459674325,-34.95408613095183] 7.162762214290104 1.1032792890276324 0.0004911402351081642 2.0137227779124708e-05 [1445.935058594,-4120.34765625] 1.3074188565979281 -0.4951060252718342 2.8212219350221317 1.8293543809769717 27.729003297533154 59.75643938358371
14.414783413133648 -37.126033745125355 1.2109375 0.1000061 [14.414783413133648,-37.126033745125355] 2.2041417052436127 2.7517817916230163 0.00014995452094693725 1.5334946301029787e-05 [1900.800292969,-206.1357421875] 4.415388560339289 3.765695892220789 2.911989116170827 2.696860691456095 54.00430021797354 58.01502603847075
13.510415243343889 -36.3252754666397 1.2109375 0.14282227 [13.510415243343889,-36.3252754666397] -84.43231323992181 0.5626897716477774 0.0007628441223361549 1.5951940766461972e-05 [609.3637695312,-1659.366210938] 2.043969182656638 -1.3186546952468983 2.952139751035242 1.624025497179276 43.56315861868245 12.142039449056028
13.683771272990953 -35.24085598167465 1.2578125 0.5786133 [13.683771272990953,-35.24085598167465] -10.6910949411839 2.985439980405535 0.0001573531434385787 1.7457918868881143e-05 [872.564453125,-3609.272460938] 1.8380313900307912 -0.04935240376843675 2.75520859480776 2.116465954056343 30.717051208574844 29.915359027551858
13.769792431858852 -35.67534641259306 1.25 0.46740723 [13.769792431858852,-35.67534641259306] 10.477209361529216 2.5496533694899473 0.0001705358501691868 1.6158667148299892e-05 [993.642578125,-2826.743164062] 1.722180154267553 -1.2449327062111348 2.9904434630808128 1.872645000668212 35.98639056508091 32.35314937580438
13.38965049519344 -35.44016250840351 1.25 0.49243164 [13.38965049519344,-35.44016250840351] -16.59549620933818 1.7496098295345768 0.00025637779146435577 1.666979715415454e-05 [439.1030273438,-3252.7578125] 1.3688922716246443 -0.2518402804716784 2.901521207927953 2.325670228102953 32.89045089571391 8.635346828068123
13.514240205185406 -37.77701960662354 1.265625 0.65405273 [13.514240205185406,-37.77701960662354] -13.708512867232555 0.2073425754758867 0.0020374883781355438 1.5699735369501153e-05 [603.2778320312,953.6865234375] 3.5655562838559844 2.64207535975191 2.9337424564639383 2.637246580006471 60.9559959251269 6.392864900087261
14.168814594104628 -36.322685223682264 1.2421875 0.43359375 [14.168814594104628,-36.322685223682264] -7.144951019612326 0.3676816388572347 0.0011304721971503522 1.544687142803235e-05 [1564.140136719,-1656.476074219] 3.317674265057846 0.835228054752688 2.750157149470642 1.802674192884246 44.13591783650145 51.64096840642628
14.155092120083603 -36.31370538206812 1.25 0.48010254 [14.155092120083603,-36.31370538206812] -8.33174343404917 0.22659419309752624 0.0018403333203172569 1.549722607345784e-05 [1544.420410156,-1672.861816406] 3.3023324341448306 0.8228997661838893 2.749152252641135 1.7910726303624993 44.01232818587994 50.906895960824386
14.157543222949489 -36.318420399345214 1.25 0.48010254 [14.157543222949489,-36.318420399345214] -7.240174499570859 0.7422874127871925 0.0005637883955335175 1.5552382605920707e-05 [1547.881347656,-1664.336425781] 3.3023324341448306 0.8228997661838893 2.749152252641135 1.7910726303624993 44.07143146014403 51.00904654939245
14.293119444228765 -37.0832748911557 1.21875 0.17572021 [14.293119444228765,-37.0832748911557] -6.433374911167414 0.47873875796729076 0.0008649485706164169 1.5388545650124817e-05 [1727.209960938,-285.4248046875] 4.177067891819681 3.098297443952509 2.867819953433684 2.380685841023501 53.34097237929325 51.79639193116191
13.394425411030216 -35.46168155375133 1.25 0.47302246 [13.394425411030216,-35.46168155375133] -14.477761050276488 0.3056356784211703 0.0014550412552137922 1.6526772948746357e-05 [445.986328125,-3214.020507812] 1.3686270058473675 -0.29249177667750725 2.9035607439631006 2.3288897562455837 33.150922240904265 8.855161099695124
13.393091318912914 -35.45195746397471 1.25 0.47302246 [13.393091318912914,-35.45195746397471] -12.131811283081964 0.2860798672013072 0.0015650867953998812 1.663927601715306e-05 [444.083984375,-3231.521484375] 1.3686270058473675 -0.29249177667750725 2.9035607439631006 2.3288897562455837 33.033678255004816 8.811433937434686
14.128420876174106 -36.87713246795646 1.21875 0.17095947 [14.128420876174106,-36.87713246795646] -7.138110671842908 0.5086260063687664 0.0008124660997875147 1.5357216767125265e-05 [1494.794921875,-659.2524414062] 3.9922689832860327 1.9233293789190316 2.7059045278465534 1.783046673353753 50.69335994897369 44.44732631013858
13.631978867010327 -36.048904516154174 1.25 0.47338867 [13.631978867010327,-36.048904516154174] -12.20267388886863 0.15961201165158478 0.0026105735218202018 1.5484964111915976e-05 [788.4228515625,-2155.845703125] 1.4016764717247538 -1.92335912945821 2.9004971011198104 1.3554507852264535 40.33742054973436 21.059406564249002
13.617656866645321 -36.041332137457346 1.2578125 0.5876465 [13.617656866645321,-36.041332137457346] -9.648505328637759 0.37868593354538654 0.001103741991120384 1.553300356180559e-05 [767.654296875,-2169.590332031] 1.421885030777788 -1.8186156517570944 2.9462549983970234 1.434964110462033 40.23618862834621 20.21259185033955
14.443933488693675 -37.623710570263235 1.2109375 0.14135742 [14.443933488693675,-37.623710570263235] 2.287729550167196 0.24913467824654065 0.0016896255660204 1.564347954789866e-05 [1929.783691406,690.1772460938] 5.663229382921392 6.496681024499067 2.6707468560355547 3.104776323043698 59.95875469527357 55.021995562025495
13.567487842175312 -35.87694178733344 1.2265625 0.2593994 [13.567487842175312,-35.87694178733344] -17.86075661616215 1.8434022478830823 0.0002329855928090038 1.5960918580262205e-05 [696.0830078125,-2465.801269531] 1.5263535078856982 -1.5919002479605906 3.071523905125503 1.7050811903382592 38.23285913311486 18.003062496352186
14.361165922303611 -37.08006299528386 1.2109375 0.14050293 [14.361165922303611,-37.08006299528386] -2.182215560593939 0.7298941476118819 0.0005705509333280273 1.5476152649202393e-05 [1824.977050781,-289.9296875] 4.265159375889677 3.339155922243429 2.8830104110736734 2.4787948858599353 53.38801936653181 55.53338368878349
14.368549516737914 -37.07745363865923 1.2109375 0.128479 [14.368549516737914,-37.07745363865923] -11.496373304310167 1.6871732412180833 0.00024615679084997896 1.5434060679400498e-05 [1835.640625,-294.4833984375] 4.277743873613954 3.373438458965317 2.885180476450813 2.499333857819313 53.3664786776842 55.959654665474545
13.38935190105359 -37.24211883791607 1.21875 0.21289062 [13.38935190105359,-37.24211883791607] -12.901370577585123 1.7452216020773796 0.0002338089584395475 1.5164232357012517e-05 [428.6538085938,-9.7939453125] 4.017313004159386 1.7859431422667296 3.0423931018825088 2.3510788843051924 54.48496477444871 1.6225554889849718
13.514943271983991 -35.30158234382676 1.2734375 0.6984863 [13.514943271983991,-35.30158234382676] -1.3161339513181245 1.3851900324153787 0.0003365455860556443 1.732454988633739e-05 [623.9096679688,-3501.364257812] 1.5467279229292275 -0.41830995314573105 2.876777229151707 2.233572704110519 31.30955006874501 17.89614270910579
13.798093731444961 -36.90474317079259 1.2109375 0.1000061 [13.798093731444961,-36.90474317079259] 0.6228272287772122 1.18825325963018 0.00035353473318805993 1.5611685910832276e-05 [1018.856445312,-613.9384765625] 3.6110515888766157 0.34603597533197705 2.813254319610939 1.7431083139554153 50.703911326849266 25.735298286931084
14.310276134733769 -36.468616367709366 1.2890625 0.85668945 [14.310276134733769,-36.468616367709366] -2.6162440366003574 2.607746062914185 0.00015916620025453342 1.5424988542819173e-05 [1765.936523438,-1391.361328125] 4.091298726495385 2.1026909751958054 2.702873464762365 1.7925214038341886 46.052172779508396 58.56144618609187
13.874062390800377 -37.548580262645494 1.3046875 1.0356445 [13.874062390800377,-37.548580262645494] 8.871404848674885 2.1309601562173475 0.0001919295752753307 1.5199382170126094e-05 [1118.609375,545.783203125] 4.602148567730857 2.74212701405183 2.9307383635343114 2.3081159083218052 58.46376952095841 26.059986060910205
13.50505354068307 -34.962722883893306 1.234375 0.3614502 [13.50505354068307,-34.962722883893306] 3.0833886415281766 0.7861608266712257 0.0006596497515970143 1.9272298166275657e-05 [611.9189453125,-4110.953125] 2.196229907492109 1.179162511922689 2.7847938852775407 2.7138814520713987 27.246881921600448 19.312329146158163
13.695941039623467 -36.94001005013425 1.2109375 0.1000061 [13.695941039623467,-36.94001005013425] -0.8192315074489399 0.3655487175596155 0.001129443887975831 1.5343294724636195e-05 [871.4306640625,-551.4794921875] 3.3738376383302437 0.1633163449976287 2.868456660091468 1.7689576480179157 51.04653603639531 19.80935109905886
13.681851325062201 -36.44538866427204 1.2109375 0.13433838 [13.681851325062201,-36.44538866427204] -24.0155857050065 0.73343540842929 0.0005537752118280089 1.5093991039413673e-05 [856.6479492188,-1441.864257812] 3.1809547255781996 -0.4239194397290462 2.9266541700869086 1.379724459822326 45.118373955175116 21.754246879655284
13.68652820722517 -36.44298171773 1.2109375 0.13433838 [13.68652820722517,-36.44298171773] -15.49872249101253 0.4140832907008611 0.0009848888490783967 1.5155966251469609e-05 [863.4462890625,-1446.153808594] 3.1809547255781996 -0.4239194397290462 2.9266541700869086 1.379724459822326 45.093143376518356 22.04553994642265
14.077389867338178 -35.395625819954596 1.2265625 0.29541016 [14.077389867338178,-35.395625819954596] -8.72653052878516 0.510199120190904 0.000899446889838716 1.7053908673072368e-05 [1448.40234375,-3326.032226562] 2.146686968684217 -0.907429345052698 2.7188252700100124 1.3433582122802863 32.98911417028205 55.218746326086375
14.081807196399257 -35.39969645213816 1.234375 0.32128906 [14.081807196399257,-35.39969645213816] -13.401963920001776 2.571910192999426 0.00017802719604014542 1.701574053096387e-05 [1454.809570312,-3318.641601562] 2.169200237356144 -0.8935446012012895 2.7169623597660193 1.355218966089867 33.04319157611087 55.4702205127528
13.805599166802011 -36.886001465376154 1.2109375 0.1000061 [13.805599166802011,-36.886001465376154] -1.6044577226720138 0.2911763193037574 0.0014390924026297244 1.5572324156803057e-05 [1029.911132812,-647.5908203125] 3.641783750970398 0.442007592603364 2.8015335577189964 1.784088726770938 50.4860385077269 26.27055998884748
14.537821803851337 -37.45644371814934 1.25 0.5187988 [14.537821803851337,-37.45644371814934] -20.854492744373985 2.7387828678229655 0.00015488472145090877 1.5764307030476584e-05 [2068.229492188,391.1157226562] 5.751562002319162 6.370293094216476 2.6501980876610394 3.003581864671114 58.0952493491892 61.40676593588091
13.507175518533483 -35.69772339933383 1.28125 0.83325195 [13.507175518533483,-35.69772339933383] -14.158599897154852 0.6487245454539885 0.0006578625094418826 1.5860036078485947e-05 [609.4907226562,-2788.701171875] 1.4913028874122134 -1.3447673419610844 3.102157904877574 2.028006592481749 36.04651874088938 15.115795039039767
14.408638858803766 -36.8330956264855 1.25 0.4741211 [14.408638858803766,-36.8330956264855] -5.635667685897349 1.9415864941911867 0.00021637886769952674 1.561278177005259e-05 [1899.278320312,-733.490234375] 4.06383372921589 2.9347641884002367 2.7122366399597664 2.137074850094811 50.515284911022036 60.5227380462145
