data_processed/hvc_rms/hvc_rms_index_10.ecsv
# %ECSV 1.0
# ---
# datatype:
# - {name: ra_dec_obj.ra, unit: deg, datatype: float64}
# - {name: ra_dec_obj.dec, unit: deg, datatype: float64}
# - {name: 'H-alpha flux [Error]', unit: R, datatype: float32}
# - {name: H-alpha flux, unit: R, datatype: float32}
# - {name: ra_dec_deg, datatype: string, subtype: 'float64[2]'}
# - {name: RM, unit: rad / m2, datatype: float64}
# - {name: RM_uncert, unit: rad / m2, datatype: float64}
# - {name: pol_int, datatype: float64}
# - {name: pol_int_uncert, datatype: float64}
# - {name: ra_dec_pix_offsets, datatype: string, subtype: 'float64[2]'}
# - {name: interpolation_raw, unit: rad / m2, datatype: float64}
# - {name: interpolation_cor, unit: rad / m2, datatype: float64}
# - {name: interpolation_unc, unit: rad / m2, datatype: float64}
# - {name: pixel location x, datatype: float64}
# - {name: pixel location y, datatype: float64}
# meta: !!omap
# - __serialized_columns__:
#     ra_dec_obj:
#       __class__: astropy.coordinates.sky_coordinate.SkyCoord
#       dec: !astropy.table.SerializedColumn
#         __class__: astropy.coordinates.angles.Latitude
#         unit: &id001 !astropy.units.Unit {unit: deg}
#         value: !astropy.table.SerializedColumn {name: ra_dec_obj.dec}
#       frame: icrs
#       ra: !astropy.table.SerializedColumn
#         __class__: astropy.coordinates.angles.Longitude
#         unit: *id001
#         value: !astropy.table.SerializedColumn {name: ra_dec_obj.ra}
#         wrap_angle: !astropy.coordinates.Angle
#           unit: *id001
#           value: 360.0
#       representation_type: spherical
# schema: astropy-2.0
ra_dec_obj.ra ra_dec_obj.dec "H-alpha flux [Error]" "H-alpha flux" ra_dec_deg RM RM_uncert pol_int pol_int_uncert ra_dec_pix_offsets interpolation_raw interpolation_cor interpolation_unc "pixel location x" "pixel location y"
[from data line 372]
67.67054031851903 -58.86820600637532 1.28125 0.7922363 [67.67054031851903,-58.86820600637532] 32.685316761548144 0.43538940351418354 0.0011507267989025747 1.8619104332420296e-05 [-4024.227539062,-2482.840820312] 28.868340938082227 31.028000856440123 7.436913988978247 6.531762380131113 16.054623217218932
67.66657994772 -58.87468363418418 1.28125 0.7922363 [67.66657994772,-58.87468363418418] 37.17889842540457 0.7487429890110369 0.0006636231202984653 1.8465581143996824e-05 [-4027.1484375,-2470.967773438] 28.868340938082227 31.028000856440123 7.436913988978247 6.529028676804728 15.946738951430461
75.75823964174255 -58.963966569748884 1.2109375 0.123291016 [75.75823964174255,-58.963966569748884] 44.73499100278096 1.1431291949528395 0.00042483096114121453 1.804763004114276e-05 [3486.291259766,-2343.369140625] 36.29521956839547 32.121307995844155 9.288850403016683 55.779817545441574 27.81445762756789
74.5642167911076 -59.854011535904355 1.28125 0.7807617 [74.5642167911076,-59.854011535904355] 60.69183026325416 2.7795575019932866 0.0001566920577503498 1.6185694912481682e-05 [2318.198730469,-795.7973632812] 37.20941060617756 33.90569625476213 7.977647336477149 50.23818448043062 13.168034795856784
68.368224676027 -59.00890332164725 1.3125 1.1264648 [68.368224676027,-59.00890332164725] 0.26895434748248725 0.7627975435962241 0.0006299636623956085 1.7858027531472047e-05 [-3362.780273438,-2269.197265625] 30.031715672853576 32.38198942235064 7.564392813954332 11.144126821024656 15.412890440703222
74.28344747048537 -59.35980214738693 1.21875 0.19543457 [74.28344747048537,-59.35980214738693] 40.75629878102466 0.8855447433037059 0.000488134422698978 1.6064183161000934e-05 [2095.191894531,-1694.098632812] 35.41473943098737 31.857183118588562 7.861630128014882 47.55132145378002 20.162911210948778
74.36440291521122 -59.34516908116413 1.234375 0.30895996 [74.36440291521122,-59.34516908116413] 51.98918921425855 2.535796989873199 0.0001722678717109866 1.6234072209423568e-05 [2170.331054688,-1717.801269531] 35.270051640164866 31.78882172260699 7.792253420919614 48.009967541407605 20.486100017982835
74.33680717479643 -59.3570290838842 1.234375 0.30895996 [74.33680717479643,-59.3570290838842] 51.59373778022928 1.8866419393358789 0.00023117552186455856 1.6208395833450867e-05 [2144.27734375,-1697.372070312] 35.270051640164866 31.78882172260699 7.792253420919614 47.86740526464541 20.273560777231978
74.31142438123892 -59.35915750094867 1.21875 0.19543457 [74.31142438123892,-59.35915750094867] 51.56921045410554 2.51886124627943 0.00017219060050828683 1.6118417045168758e-05 [2120.876464844,-1694.364257812] 35.41473943098737 31.857183118588562 7.861630128014882 47.71866872903138 20.208904379951264
69.32905621260149 -58.37732292640952 1.3125 1.1083984 [69.32905621260149,-58.37732292640952] 32.96789325389161 0.9707051763032688 0.0005063130596545966 1.8264810817044907e-05 [-2518.874023438,-3447.193359375] 28.49596938893639 32.71392990521137 7.61381460422479 15.073664353724098 27.003413725028167
69.32259368712268 -58.382530225139355 1.3125 1.1083984 [69.32259368712268,-58.382530225139355] 31.16993314693137 0.9646973762956846 0.0005089223070551302 1.8245311725753855e-05 [-2524.59375,-3437.5859375] 28.49596938893639 32.71392990521137 7.61381460422479 15.048850534989924 26.9113125369322
70.13323982987515 -59.67456805945632 1.2578125 0.5830078 [70.13323982987515,-59.67456805945632] 54.312602089380356 0.8677286493113403 0.0005014532500917775 1.6170486650250455e-05 [-1695.28515625,-1139.827148438] 32.065015921884275 33.363497653364064 6.494034721793297 23.597118152046505 8.834445716061737
77.57154850700866 -59.41364679301156 1.25 0.49450684 [77.57154850700866,-59.41364679301156] 65.01482050692674 1.3098074849080843 0.0005211912733159281 2.5369581694923753e-05 [5095.973388672,-1418.056640625] 37.69613592172058 37.819234079405085 8.261749423005881 67.52786754263548 22.95514759362095
74.78763563277147 -60.401149648421374 1.3125 1.1210938 [74.78763563277147,-60.401149648421374] 65.84164038499401 0.9714239266512645 0.0004534599254532251 1.637029145491593e-05 [2478.408691406,196.3559570312] 36.73060649833752 34.91920221853097 8.292733266117922 52.68605111773479 5.336739320016932
74.49992394289889 -59.48073582567486 1.2109375 0.13366699 [74.49992394289889,-59.48073582567486] 51.993601545381516 0.05952483707698412 0.007394286060764711 1.6356981653024124e-05 [2285.431640625,-1469.399902344] 35.95942080035975 32.50321825901737 7.864870611756136 49.097767497419 18.63990690618334
74.50714862530471 -59.4910659713207 1.2109375 0.13366699 [74.50714862530471,-59.4910659713207] 55.748763302961656 1.5395829350221162 0.000287372274741949 1.644207623620536e-05 [2291.328613281,-1450.5703125] 35.95942080035975 32.50321825901737 7.864870611756136 49.161867002141435 18.495296315251153
69.84545084977732 -58.7080533875449 1.3046875 1.0327148 [69.84545084977732,-58.7080533875449] 29.441228643450657 2.2255443901734107 0.00020590396453388395 1.7029804915104406e-05 [-2012.852539062,-2870.303710938] 29.887230076320122 33.52168686447102 6.711695829139119 19.144241483985525 22.946121412780485
75.34462749109105 -58.40830996695878 1.25 0.51782227 [75.34462749109105,-58.40830996695878] 45.96162766352981 0.7928491986698856 0.0006216898339206512 1.831778935074439e-05 [3153.033203125,-3362.533203125] 35.1496247234335 32.15238109593255 8.932890881584425 52.29196556412717 35.62868177002565
71.02330793394283 -59.673591599139 1.2109375 0.1000061 [71.02330793394283,-59.673591599139] 51.20974047228004 0.6596818946189482 0.0006609245098020874 1.6202988565654854e-05 [-886.6391601562,-1159.021972656] 32.64918269531138 32.519268791925555 7.8568775926950325 28.83920902663067 10.471429437439838
71.011428702248 -59.67547223130585 1.2109375 0.1000061 [71.011428702248,-59.67547223130585] 43.536959797037426 1.4068112536222324 0.0003086493366827654 1.613652015929966e-05 [-897.3837890625,-1155.4765625] 32.64918269531138 32.519268791925555 7.8568775926950325 28.774179519497693 10.422177423300354
77.03948201423992 -58.825336382267544 1.2421875 0.3968506 [77.03948201423992,-58.825336382267544] 55.31648688456068 0.2827932487459984 0.0022095825305580097 2.3221376925650654e-05 [4690.574462891,-2512.875] 37.11034422228249 36.28382238863826 8.027090165268037 63.44046296835563 31.146743336677446
70.70494088564178 -59.860752151403254 1.2890625 0.89819336 [70.70494088564178,-59.860752151403254] 58.401517453662244 3.122662920285627 0.00013846090017370123 1.6067968076962178e-05 [-1169.356445312,-817.2299804688] 33.1063142652674 33.78501806131577 7.317492623135318 27.481881553183143 7.083503053400364
72.56853479917466 -59.36598586698517 1.28125 0.8017578 [72.56853479917466,-59.36598586698517] 40.4483740876877 0.9601864037929346 0.00045074960310868915 1.6084205314987126e-05 [522.4482421875,-1716.982910156] 34.85848502697888 31.824451901706368 8.871880792234796 37.25449154329158 17.64121658612521
76.7589262802956 -60.34327687076216 1.21875 0.17199707 [76.7589262802956,-60.34327687076216] 66.18722474773806 0.9033557062365205 0.0005722792944750578 1.921213052169736e-05 [4234.639160156,192.6577148438] 36.06687863023609 39.03054489577809 8.469208727229088 64.12314436383667 8.495291461586476
76.75062564373253 -60.34717190113606 1.21875 0.17199707 [76.75062564373253,-60.34717190113606] 63.66543450022336 1.3311306175187196 0.0003902884499014758 1.9307012379636558e-05 [4226.767089844,199.1181640625] 36.06687863023609 39.03054489577809 8.469208727229088 64.08100150652012 8.42931612547477
77.12308499774385 -59.58346943964092 1.21875 0.21008301 [77.12308499774385,-59.58346943964092] 43.08755827297823 1.3901962387482785 0.0004079463597256221 2.107598469021373e-05 [4663.493164062,-1146.579101562] 36.6713991169858 36.22200765867958 8.591969160769327 65.0657481588031 20.043622892178973
69.6213527151598 -59.11328123978641 1.296875 0.9885254 [69.6213527151598,-59.11328123978641] 12.331668998446906 0.8309318512566964 0.0005490023166124399 1.695306733032786e-05 [-2196.27734375,-2134.384765625] 30.563185420252207 32.845581338861635 5.936085032801962 18.942663433098687 16.358149150611553
68.9138866600014 -58.85016254647346 1.2890625 0.8623047 [68.9138866600014,-58.85016254647346] 42.82141298831823 0.7785419535854577 0.0006170682303829306 1.78535223324552e-05 [-2871.091796875,-2580.282226562] 29.320972904394083 33.000983445902236 7.5303920114731016 13.928477679558455 18.962684744091348
75.87137601870934 -59.23046500364563 1.2109375 0.1000061 [75.87137601870934,-59.23046500364563] 56.52512367753622 1.7592221851548133 0.0002755415392845291 1.801426207111198e-05 [3563.263671875,-1858.528808594] 35.18124087471791 33.12012513210946 9.540051409366272 56.921547500111956 23.983347411007117
71.92281352595677 -58.81329359876134 1.3203125 1.1650391 [71.92281352595677,-58.81329359876134] 43.28305572045489 2.347008401417849 0.00018684540577703962 1.6296928910742794e-05 [-70.94482421875,-2713.80078125] 30.22506556364119 31.336229349730452 7.321773053911439 32.04042492879887 24.953289895457374
70.89896396925333 -58.358489964043336 1.3046875 1.0488281 [70.89896396925333,-58.358489964043336] 21.670984270178597 1.6284119694081556 0.00029109035233752497 1.761573631628375e-05 [-1038.627929688,-3523.432617188] 29.642523096818564 31.78817710071352 7.307347334004094 24.656004993211127 30.15254417038068
71.85132605408397 -58.9023133129889 1.3359375 1.3964844 [71.85132605408397,-58.9023133129889] 39.56541225459224 0.10857051602593774 0.004048368608181066 1.6334304741490126e-05 [-137.2216796875,-2553.50390625] 30.772289599284072 31.331538444792976 7.33604095030977 31.819989208192965 23.495482049425846
71.85105878267991 -58.90108106614417 1.3359375 1.3964844 [71.85105878267991,-58.90108106614417] 39.42495694186112 0.10098350022741778 0.004342521134418189 1.6296752269898204e-05 [-137.4750976562,-2555.720703125] 30.772289599284072 31.331538444792976 7.33604095030977 31.815384325503487 23.51364955032841
69.6416630641621 -58.49223339430875 1.265625 0.640625 [69.6416630641621,-58.49223339430875] 35.079993901550566 0.7901900641064621 0.0006064167793796057 1.7807849526891146e-05 [-2216.874023438,-3251.842773438] 28.66369681810298 33.0836041050141 7.1066763464353455 17.30501443832611 25.849039290349765
69.62763972331902 -58.49084868319526 1.2734375 0.7480469 [69.62763972331902,-58.49084868319526] 31.348541605867638 1.7914648451908404 0.00026759956976121465 1.781568003268138e-05 [-2230.142578125,-3253.859375] 28.667503172796117 33.05166015621838 7.214739439753383 17.215611005486835 25.84351738562941
74.9897003718882 -58.53853597516533 1.21875 0.16589355 [74.9897003718882,-58.53853597516533] 52.13413528716367 0.20299284350580943 0.002356694967708007 1.7778405384553764e-05 [2808.444335938,-3144.549804688] 34.72455883113231 32.17871837470948 8.393574555842639 50.31185623216527 33.285550593098606
74.97907273764714 -58.54483790008023 1.2265625 0.29577637 [74.97907273764714,-58.54483790008023] 40.88070109282597 0.09234932106020148 0.005117525971429324 1.7563152223305193e-05 [2797.970703125,-3133.674804688] 34.82805200183614 32.09559134126195 8.330417430497338 50.25714663714098 33.17919824637943
67.19751789815892 -59.49934394015198 1.3046875 1.0151367 [67.19751789815892,-59.49934394015198] 38.98074444367031 0.9627181717060694 0.0005406788098769921 1.9344041788533337e-05 [-4381.348632812,-1319.552246094] 30.149623803848197 31.403603428996888 7.258062399819539 5.839501007314311 5.346923785058607
74.13435357000391 -59.49906534843223 1.2109375 0.13421631 [74.13435357000391,-59.49906534843223] 60.80708438401571 1.740760106947989 0.00024924734727469454 1.6124199889129483e-05 [1950.482421875,-1448.165527344] 35.90866138452496 32.352451840799375 8.052095250859928 46.94041828135141 17.889496715369887
73.67327093734878 -60.194225244990164 1.2890625 0.9091797 [73.67327093734878,-60.194225244990164] 65.17829368782574 1.6294615533707693 0.0002652140532189755 1.6060141001091257e-05 [1497.880371094,-209.4877929688] 37.867291711072575 33.11209085982079 7.89765050241836 45.71913830328879 6.893419196817604
68.97132155777173 -58.63782910335302 1.25 0.46520996 [68.97132155777173,-58.63782910335302] 9.089984772867684 2.07644344877878 0.00023473028277362895 1.8113314710935068e-05 [-2834.953125,-2964.418945312] 28.65440560798232 32.6744138308008 7.6378328188948235 13.646703259616515 22.31857834080597
75.23155206088863 -59.572296166762605 1.2109375 0.1000061 [75.23155206088863,-59.572296166762605] 48.13621594818355 0.6316235891890881 0.0007102713526734055 1.667213978904492e-05 [2945.357910156,-1275.75390625] 34.870205295603604 32.93130803785283 8.315658604226826 53.66927265675827 18.18261393544344
69.5538477876664 -59.70847702965527 1.265625 0.66137695 [69.5538477876664,-59.70847702965527] 38.71694449613618 0.6528575713670843 0.0006739881874193037 1.6352322107638216e-05 [-2219.235351562,-1061.621582031] 30.496954116807945 33.07142219072939 6.070532937097173 20.294965612994474 7.205341998008635
69.54351054925749 -59.70431124942437 1.265625 0.6899414 [69.54351054925749,-59.70431124942437] 58.885604101591866 0.1682364041880784 0.002605206303085434 1.62881140181099e-05 [-2228.889648438,-1068.765625] 30.31376523344852 32.97928222296435 6.02208976242691 20.221883271837896 7.2479915113658535
70.39095256939049 -59.802337711227416 1.3046875 1.0473633 [70.39095256939049,-59.802337711227416] 52.69420256947782 0.8804487877593458 0.0004907184934689617 1.6056290916663077e-05 [-1455.595703125,-916.0932617188] 32.91154774996717 33.98711231441003 6.924710462755491 25.47658444438366 7.38801445805143
68.86676034296792 -57.93670263313148 1.2734375 0.7253418 [68.86676034296792,-57.93670263313148] 35.379149556676666 1.9818297110326115 0.0002984192685411386 2.197869486428898e-05 [-2991.4453125,-4219.674804688] 28.690655380842944 31.70498051381308 8.114668458679223 10.982266770818569 32.8453351503199
72.72446451472025 -60.2292212438256 1.3203125 1.2329102 [72.72446451472025,-60.2292212438256] 1.6692580772880814 3.003636828620021 0.00014575343904676077 1.626952728535595e-05 [648.4775390625,-161.9301757812] 36.90657651776692 34.531303271095965 8.87918787372628 40.25697704268964 4.956411371390004
67.05220038000627 -59.60443501262638 1.28125 0.78466797 [67.05220038000627,-59.60443501262638] 41.732677462579325 1.1059425895905797 0.0004863656620749722 1.9989604051918583e-05 [-4499.563476562,-1121.130859375] 31.120089972933705 31.729493676431687 7.571077682098117 5.356000340329501 3.408748861768345
67.0561443244935 -59.59400172497651 1.28125 0.78466797 [67.0561443244935,-59.59400172497651] 39.72184455229134 3.1276988059646005 0.0001712273495687549 1.9902460091948183e-05 [-4497.380859375,-1140.125976562] 31.120089972933705 31.729493676431687 7.571077682098117 5.342674717960335 3.5768606462354455
67.05458083430796 -59.59728631071223 1.28125 0.78466797 [67.05458083430796,-59.59728631071223] 41.93247352271052 2.6518366628917556 0.00020311115614420438 2.001655121299653e-05 [-4498.360351562,-1134.124023438] 31.120089972933705 31.729493676431687 7.571077682098117 5.344995131338237 3.523184607720168
74.5861361186992 -59.431293461748815 1.234375 0.34802246 [74.5861361186992,-59.431293461748815] 60.33349835287944 1.0713872847963426 0.0004124316764787599 1.6421287495252842e-05 [2367.618164062,-1555.280273438] 35.6466838831931 32.29088862704141 7.822263708702835 49.517774503707074 19.486127282699726
72.36817952970239 -60.30948254412132 1.296875 0.9494629 [72.36817952970239,-60.30948254412132] 60.13823584911166 0.5178044079666491 0.0008350888382257937 1.6069676176779758e-05 [329.2543945312,-20.10009765625] 36.243104775951764 33.963929331225465 8.473072346850115 38.38436443008629 3.1942215785711596
