data_processed/hvc_rms/hvc_rms_index_11.ecsv
# %ECSV 1.0
# ---
# datatype:
# - {name: ra_dec_obj.ra, unit: deg, datatype: float64}
# - {name: ra_dec_obj.dec, unit: deg, datatype: float64}
# - {name: 'H-alpha flux [Error]', unit: R, datatype: float32}
# - {name: H-alpha flux, unit: R, datatype: float32}
# - {name: ra_dec_deg, datatype: string, subtype: 'float64[2]'}
# - {name: RM, unit: rad / m2, datatype: float64}
# - {name: RM_uncert, unit: rad / m2, datatype: float64}
# - {name: pol_int, datatype: float64}
# - {name: pol_int_uncert, datatype: float64}
# - {name: ra_dec_pix_offsets, datatype: string, subtype: 'float64[2]'}
# - {name: interpolation_raw, unit: rad / m2, datatype: float64}
# - {name: interpolation_cor, unit: rad / m2, datatype: float64}
# - {name: interpolation_unc, unit: rad / m2, datatype: float64}
# - {name: interpolation_cor_unc, unit: rad / m2, datatype: float64}
# - {name: HI, unit: dex(1 / cm2), datatype: float64}
# - {name: 'HI [Error]', unit: dex(1 / cm2), datatype: float64}
# - {name: pixel location x, datatype: float64}
# - {name: pixel location y, datatype: float64}
# meta: !!omap
# - __serialized_columns__:
#     ra_dec_obj:
#       __class__: astropy.coordinates.sky_coordinate.SkyCoord
#       dec: !astropy.table.SerializedColumn
#         __class__: astropy.coordinates.angles.Latitude
#         unit: &id001 !astropy.units.Unit {unit: deg}
#         value: !astropy.table.SerializedColumn {name: ra_dec_obj.dec}
#       frame: icrs
#       ra: !astropy.table.SerializedColumn
#         __class__: astropy.coordinates.angles.Longitude
#         unit: *id001
#         value: !astropy.table.SerializedColumn {name: ra_dec_obj.ra}
#         wrap_angle: !astropy.coordinates.Angle
#           unit: *id001
#           value: 360.0
#       representation_type: spherical
# schema: astropy-2.0
ra_dec_obj.ra ra_dec_obj.dec "H-alpha flux [Error]" "H-alpha flux" ra_dec_deg RM RM_uncert pol_int pol_int_uncert ra_dec_pix_offsets interpolation_raw interpolation_cor interpolation_unc interpolation_cor_unc HI "HI [Error]" "pixel location x" "pixel location y"
[from data line 290]
122.4302825780132 -57.48448568651737 3.390625 21.898438 [122.4302825780132,-57.48448568651737] -106.16263400603935 0.5070217719290525 0.0009426864146721753 1.776243739519484e-05 [901.0556640625,3173.907958984] 53.48103017439775 55.47539429964958 18.464151159392273 21.673513877293043 0.0 0.0 50.48877924389069 17.57148561386998
117.64947539181009 -57.64619063332051 3.546875 23.390625 [117.64947539181009,-57.64619063332051] -135.33171624971573 0.954031088166219 0.0005731381038813496 2.032031858698081e-05 [-3705.275390625,3561.739013672] 48.50461867304046 54.394085525395056 16.27773518785149 20.600960884988723 17.80864143371582 8.90432071685791 22.583893135053245 31.074504312532554
118.38290445459108 -56.02227781115556 9.125 79.40625 [118.38290445459108,-56.02227781115556] -204.70867846539932 0.21901298930486623 0.0021186508594641345 1.7243998231285444e-05 [-3133.1484375,606.8579101562] 65.9460444158504 69.70333776923408 28.86909941806463 25.632609782504353 0.0 0.0 35.81112826998037 46.68618280895407
118.4016953953296 -56.00997537430586 9.1875 80.03125 [118.4016953953296,-56.00997537430586] -198.11841002010848 0.5661614025370436 0.0008263015268413098 1.7385513272196166e-05 [-3115.265625,583.8891601562] 65.43761284064644 69.76992546577702 29.126789114029943 25.85603048292355 0.0 0.0 35.991499743239956 46.76017645007619
117.7732547939324 -56.11295698078227 8.5 72.6875 [117.7732547939324,-56.11295698078227] -175.11128761938892 1.8136133937914547 0.00026386355793646285 1.7784138494684455e-05 [-3736.537109375,800.08984375] 65.60053553871006 72.30667770956995 25.34098122724432 25.32368986500667 0.0 0.0 31.68745178565416 47.64147594998167
121.67723821349819 -57.39267352042694 3.453125 22.53125 [121.67723821349819,-57.39267352042694] -129.79670533010002 1.7133021506343118 0.0002694523770002703 1.7156341498377838e-05 [172.9174804688,3002.901611328] 60.345007870588404 55.45216348808141 18.769788151346646 21.278986695971895 0.0 0.0 46.848154042793 21.07048060333068
120.74707776308215 -58.03451150362839 3.109375 19.140625 [120.74707776308215,-58.03451150362839] -116.91472676242364 2.2810810111706252 0.0002608196584155701 2.211005048419635e-05 [-716.4653320312,4161.183837891] 59.2430915996563 52.10731381135433 17.962119477441597 20.148406916567858 0.0 0.0 37.85792813712237 17.214589519608126
119.3708567582375 -57.86224368103082 3.375 21.742188 [119.3708567582375,-57.86224368103082] -119.27825617314849 2.6793403532711686 0.00020512104885581949 2.042428287125927e-05 [-2037.232421875,3878.737792969] 50.00324682922996 50.47770409453001 16.649411564989684 19.236779880407767 17.48801040649414 8.74400520324707 31.161059750991058 23.42602571756902
121.01224502448979 -56.63329316052003 5.3125 41.046875 [121.01224502448979,-56.63329316052003] -114.54750392335154 0.3636402899086469 0.0012304202036658993 1.662777549769855e-05 [-481.8676757812,1637.851074219] 77.07034428510762 68.44106893641765 26.608089326894866 25.18238202034116 0.0 0.0 47.62064506608863 31.410510554084794
121.91448196056886 -57.95073320944065 3.140625 19.390625 [121.91448196056886,-57.95073320944065] -128.44304271151447 0.22421975019097745 0.0025460027875698877 2.121492214676118e-05 [396.8959960938,4007.788818359] 49.86651019552474 49.43215041113831 17.798680184293858 19.45243862343042 0.0 0.0 44.80735308811711 14.331075653313974
119.6645970238688 -56.55360399832254 6.125 49.15625 [119.6645970238688,-56.55360399832254] -158.89589913201087 1.8682741505311222 0.0002426430178196503 1.684678785051352e-05 [-1819.55859375,1516.826660156] 68.03145397920866 66.75192285088345 27.35127699231448 25.425414237770564 0.0 0.0 40.31388372139554 36.734635275520304
116.83267932427806 -56.514190716599636 5.0 38.109375 [116.83267932427806,-56.514190716599636] -210.04735188847522 2.530906521165898 0.0002287136176858466 2.1511803957725796e-05 [-4629.060546875,1577.711914062] 57.732716347873705 65.93250356706072 22.298312712222966 24.30520228654771 0.0 0.0 23.925805696987254 46.132262293580425
119.08711200074093 -57.98600380241339 3.34375 21.359375 [119.08711200074093,-57.98600380241339] -106.05087423564865 0.8801409486619691 0.0006804058180562118 2.2255069187684698e-05 [-2300.763671875,4110.100097656] 47.79283690498174 49.96227425585849 16.649436475991315 19.306444138803506 18.3204345703125 9.16021728515625 28.867052820961476 22.949457077638954
120.80757126336796 -56.02568809337101 8.6875 74.75 [120.80757126336796,-56.02568809337101] -221.07134721270413 0.23331815915065443 0.0019547920997465443 1.6949536228395732e-05 [-695.4819335938,546.0073242188] 77.67056188434026 70.80177860218467 29.695637352661965 26.430867944343607 0.0 0.0 50.048180874620925 38.60652911651732
120.7802886635477 -56.0307122214438 8.6875 74.75 [120.7802886635477,-56.0307122214438] -223.58023831109068 0.25577570794183774 0.0017777699000060278 1.6898320673222825e-05 [-722.8286132812,555.3295898438] 77.67056188434026 70.80177860218467 29.695637352661965 26.430867944343607 0.0 0.0 49.85937070062221 38.64565112727382
120.7863006341834 -56.02954867674813 8.6875 74.75 [120.7863006341834,-56.02954867674813] -220.67239875255655 1.3546484446146414 0.00033710600061507916 1.697077943365714e-05 [-716.8041992188,553.1728515625] 77.67056188434026 70.80177860218467 29.695637352661965 26.430867944343607 0.0 0.0 49.90131120611943 38.63764144980587
121.37812797810396 -56.3974724268692 6.53125 53.40625 [121.37812797810396,-56.3974724268692] -110.04907919035459 3.045487769857496 0.00014706784002009094 1.66449799729696e-05 [-120.4052734375,1211.822753906] 78.03839986027494 70.86314387338805 26.289487758810335 26.066846695499386 0.0 0.0 51.13042651280887 32.691473115672125
119.17015791219791 -56.84390268590419 4.90625 37.15625 [119.17015791219791,-56.84390268590419] -120.26309065383454 1.339678161626261 0.0003477389089501074 1.731260690729158e-05 [-2292.002929688,2053.720214844] 68.85995065912046 63.32635001105581 24.560138483041023 25.097502073822177 0.0 0.0 35.79000260434782 35.17790810145766
117.68867450553448 -56.1155357897555 8.5 73.15625 [117.68867450553448,-56.1155357897555] -146.61299747311472 2.60420088689225 0.00018475754751314598 1.7880735312279857e-05 [-3820.982421875,809.3354492188] 67.55171412939563 74.25625051568058 25.81125123176129 25.92290167456969 0.0 0.0 31.170380792207197 47.881144738224066
117.455894503096 -57.44431300359271 3.671875 24.6875 [117.455894503096,-57.44431300359271] -117.28179823834678 2.7738987235373873 0.00018964107405498705 1.9549322459381075e-05 [-3912.926757812,3209.781005859] 48.528828591853255 55.586344747140586 17.956454537096988 21.380601766997966 0.0 0.0 22.56427062452144 33.89879290084173
119.74129505174655 -56.41210175808214 6.90625 56.96875 [119.74129505174655,-56.41210175808214] -181.13204002573946 1.60982995368238 0.00027906561709548994 1.669533118847578e-05 [-1750.022460938,1260.255859375] 67.3080366631892 67.71075892002436 27.091147281703552 24.610287335888895 0.0 0.0 41.57559056827279 38.016248614440656
122.57620988402303 -57.494861561139366 3.453125 22.585938 [122.57620988402303,-57.494861561139366] -101.8137407574551 0.21859757109518166 0.002213083941158553 1.7978436563893857e-05 [1041.930175781,3194.616210938] 52.82354891028131 55.9800927210576 18.41004222972911 21.61370292874237 0.0 0.0 51.234617988817035 16.96885665623563
122.57624041875535 -57.49588012000457 3.453125 22.585938 [122.57624041875535,-57.49588012000457] -101.81635192246664 0.23844130738981129 0.0020260347108864763 1.795300199723268e-05 [1041.930664062,3196.448974609] 52.82354891028131 55.9800927210576 18.41004222972911 21.61370292874237 0.0 0.0 51.22853963000193 16.957976174423948
117.48207122471399 -57.94995117465125 3.4375 22.328125 [117.48207122471399,-57.94995117465125] -110.06980504446216 0.2591725916288949 0.0024892756844892023 2.397567106115861e-05 [-3833.731445312,4116.352294922] 48.772974360494246 55.393086914405785 15.917271987089407 19.772813327538433 17.760337829589844 8.880168914794922 19.986552136349474 28.198845153397087
117.48828098358489 -57.953163136890744 3.4375 22.328125 [117.48828098358489,-57.953163136890744] -109.70979574187166 0.13270856405290732 0.004877932878877394 2.4057111065312475e-05 [-3827.471679688,4121.776367188] 48.772974360494246 55.393086914405785 15.917271987089407 19.772813327538433 18.08318519592285 9.041592597961426 20.004591639921273 28.14468615806277
117.52588630377474 -56.13694369091795 8.75 75.78125 [117.52588630377474,-56.13694369091795] -164.30102360750618 0.5684476414982349 0.0008595468038820061 1.81580288540513e-05 [-3981.751953125,856.9697265625] 69.40370104338382 75.29810740483131 25.91181332085401 26.231773404776714 0.0 0.0 30.08455102277037 48.1592714631397
117.53753639804403 -56.13325115122392 8.75 75.78125 [117.53753639804403,-56.13325115122392] -156.13838404862793 1.5549187749203286 0.00031379836813211643 1.8132892690370306e-05 [-3970.4765625,849.666015625] 69.40370104338382 75.29810740483131 25.91181332085401 26.231773404776714 0.0 0.0 30.174088571426864 48.16330320911334
122.92400353701989 -58.01763918926636 3.21875 20.125 [122.92400353701989,-58.01763918926636] -120.72850655645696 2.440770603222337 0.00024377524649197825 2.2111859766633642e-05 [1358.483398438,4140.883056641] 49.72877516592046 51.94834009506623 17.714789215604863 19.155988357407487 0.0 0.0 49.93219846249008 10.270344412628447
120.7085954530422 -56.62046444448649 5.3125 41.21875 [120.7085954530422,-56.62046444448649] -127.29068494513358 0.2885703680390902 0.0015506364767464973 1.6629164615020077e-05 [-782.7255859375,1617.536621094] 73.19043073881295 64.58888277513343 26.435133016167164 24.492378994894718 0.0 0.0 45.95353833305637 32.564757897208665
120.7135010199114 -56.614891087466795 5.3125 41.21875 [120.7135010199114,-56.614891087466795] -122.19474196182877 0.2593980917211837 0.0017368593587057486 1.6743264310866707e-05 [-777.9829101562,1607.451171875] 73.19043073881295 64.58888277513343 26.435133016167164 24.492378994894718 0.0 0.0 46.01464057593262 32.60822144856388
120.82874292645374 -56.50038905361017 5.9375 47.484375 [120.82874292645374,-56.50038905361017] -115.8207132111435 1.156388722137064 0.0003890536069979206 1.6719450381080643e-05 [-665.8627929688,1400.179199219] 74.2416879450507 67.46500427017695 26.316033960837363 24.520603676042235 0.0 0.0 47.35496754322537 33.45066592052399
118.8604204506797 -57.22906490848671 4.3125 31.242188 [118.8604204506797,-57.22906490848671] -134.98339693461222 1.470717616614715 0.0003310739808324777 1.8095185872409324e-05 [-2569.8515625,2757.242919922] 62.04515379229436 60.46481339180603 19.654372561255528 22.430111898055674 0.0 0.0 31.830667713500134 31.95058619557949
118.48163591578731 -57.88220976402578 3.21875 20.195312 [118.48163591578731,-57.88220976402578] -100.52560736794398 3.22102882447818 0.00018507186168688266 2.2153569300432204e-05 [-2886.2109375,3946.211181641] 49.60181480998869 54.07945256299044 16.07323495976014 20.38497997729705 19.291223526000977 9.645611763000488 26.029974028671518 25.944921788852525
120.42799405570618 -55.79487219021749 8.5 72.75 [120.42799405570618,-55.79487219021749] -182.1564125268338 1.0717712717512293 0.00042940033589016196 1.7103035407384017e-05 [-1083.681640625,135.4487304688] 78.07901787670409 74.24806677378959 31.369234761056212 26.855686826669952 0.0 0.0 49.19283183141954 42.37199484143275
117.86482253309728 -57.14787297357781 4.15625 29.539062 [117.86482253309728,-57.14787297357781] -108.04611819302387 2.621811890531179 0.00019191861108619314 1.8699385023846564e-05 [-3546.19140625,2655.21875] 56.072513814874846 63.076208405754095 19.069316680274593 23.122274584100982 0.0 0.0 26.540211160065496 35.93801514920415
116.46945143118425 -57.35002510270937 3.953125 27.585938 [116.46945143118425,-57.35002510270937] -111.88772005966577 1.7952889019879679 0.00034085873388725526 2.2741414596587874e-05 [-4877.940429688,3103.050048828] 46.19035110139523 59.42729105221311 19.150321105611614 21.29594192603114 0.0 0.0 17.35410949520974 37.89299143706967
122.26615155030098 -57.2449798933472 3.84375 26.507812 [122.26615155030098,-57.2449798933472] -99.00560069796329 3.2443546589683874 0.00014431355209862148 1.7399795456213042e-05 [747.1225585938,2741.05859375] 57.23130840333668 54.25467022218938 17.870559909046126 21.731849363381134 0.0 0.0 51.03692617547847 20.66462353395741
119.03802517097954 -56.108283964046926 9.1875 80.09375 [119.03802517097954,-56.108283964046926] -117.04387938804537 2.382596974220689 0.00019242745518452498 1.70383025402009e-05 [-2469.385742188,735.0649414062] 65.81213878452971 68.49685976526953 28.221048728037164 24.53717073194853 0.0 0.0 39.19877996380967 43.61984041027108
120.55576325134888 -55.91771315223635 8.8125 75.96875 [120.55576325134888,-55.91771315223635] -186.1914379069625 1.001325838571489 0.0004516073731695472 1.6805256672519206e-05 [-951.3984375,354.6616210938] 78.70642192650598 72.83987065100314 31.337121014403767 26.98439546980834 0.0 0.0 49.21720615742345 40.61990781063719
117.37204778489887 -56.50175858770608 4.96875 37.546875 [117.37204778489887,-56.50175858770608] -238.41640590986398 2.9154792275507955 0.00017618279904946786 1.908895525935009e-05 [-4096.328125,1521.436035156] 66.32159549100277 69.25014262034674 23.105023369558868 24.97417694888037 0.0 0.0 27.18310320119599 44.607410919287304
118.45668775462785 -56.373218442249076 8.25 70.4375 [118.45668775462785,-56.373218442249076] -242.44665141352363 1.730467772857075 0.0002740539360185875 1.7624153338276405e-05 [-3031.1640625,1234.62109375] 70.87006798675893 68.40887707437128 26.559716633598025 25.44032044483864 0.0 0.0 34.28267877659505 42.60577773239129
120.96366875941042 -56.46906660483189 6.40625 51.921875 [120.96366875941042,-56.46906660483189] -116.94504803222031 1.8407946114836078 0.00024415436472620855 1.6702386532501404e-05 [-532.2646484375,1342.638183594] 75.79972199928218 69.36462393104183 26.467030536192695 24.911404979517442 0.0 0.0 48.317878348540944 33.33209612263113
117.71884201453003 -56.78194034584311 5.4375 42.296875 [117.71884201453003,-56.78194034584311] -174.92521624819244 1.7149457082144786 0.00029612974628699255 1.887300753944076e-05 [-3724.850585938,2005.306640625] 64.22635000366951 67.63413028255617 21.364064936227088 24.5554767611166 0.0 0.0 27.693610332141702 40.432573724158146
121.66209410007777 -58.18947216978666 3.328125 21.265625 [121.66209410007777,-58.18947216978666] -128.2027931545326 0.47995093545633377 0.001351091149156354 2.409851019141326e-05 [154.794921875,4436.155151367] 49.89234904793811 47.0952260202906 16.494006305931585 18.48982336767738 0.0 0.0 41.98752309368035 12.60317207606613
117.12572446757434 -57.111396813250074 4.34375 31.414062 [117.12572446757434,-57.111396813250074] -107.2613663386389 2.210668693439425 0.00024497894866276637 2.01261697192615e-05 [-4270.323242188,2631.36328125] 51.04291066964443 59.68445413429211 18.819363524585643 21.997592415145434 0.0 0.0 22.444244575820335 38.59638249813747
119.6745379445573 -57.628375946249 3.0 18.015625 [119.6745379445573,-57.628375946249] -152.69832306630195 1.056272707737011 0.00047282141893655955 1.8560168028875155e-05 [-1757.96484375,3449.896484375] 54.04501461827151 51.873755900842966 18.153395835028167 20.279346834223446 0.0 0.0 34.20404121459444 25.025297927539214
119.6713412321921 -57.63429638610984 3.0 18.015625 [119.6713412321921,-57.63429638610984] -163.28150644296258 0.2755888763886489 0.001830394935424904 1.8746284025564803e-05 [-1760.756835938,3460.624755859] 54.04501461827151 51.873755900842966 18.153395835028167 20.279346834223446 0.0 0.0 34.152141609959244 24.97092465865444
