data_processed/hvc_rms/hvc_rms_index_14_with_B.ecsv
# %ECSV 1.0
# ---
# datatype:
# - {name: ra_dec_obj.ra, unit: deg, datatype: float64}
# - {name: ra_dec_obj.dec, unit: deg, datatype: float64}
# - {name: 'H-alpha flux [Error]', unit: R, datatype: float32}
# - {name: H-alpha flux, unit: R, datatype: float32}
# - {name: ra_dec_deg, datatype: string, subtype: 'float64[2]'}
# - {name: RM, unit: rad / m2, datatype: float64}
# - {name: RM_uncert, unit: rad / m2, datatype: float64}
# - {name: pol_int, datatype: float64}
# - {name: pol_int_uncert, datatype: float64}
# - {name: ra_dec_pix_offsets, datatype: string, subtype: 'float64[2]'}
# - {name: interpolation_raw, unit: rad / m2, datatype: float64}
# - {name: interpolation_cor, unit: rad / m2, datatype: float64}
# - {name: interpolation_unc, unit: rad / m2, datatype: float64}
# - {name: interpolation_cor_unc, unit: rad / m2, datatype: float64}
# - {name: HI, unit: dex(1 / cm2), datatype: float64}
# - {name: 'HI [Error]', unit: dex(1 / cm2), datatype: float64}
# - {name: pixel location x, datatype: float64}
# - {name: pixel location y, datatype: float64}
# - {name: 'B_virtual [raw]', unit: G, datatype: float64}
# - {name: 'B_virtual_unc [raw]', unit: G, datatype: float64}
# - {name: 'B_virtual [int]', unit: G, datatype: float64}
# - {name: 'B_virtual_unc [int]', unit: G, datatype: float64}
# meta: !!omap
# - __serialized_columns__:
#     ra_dec_obj:
#       __class__: astropy.coordinates.sky_coordinate.SkyCoord
#       dec: !astropy.table.SerializedColumn
#         __class__: astropy.coordinates.angles.Latitude
#         unit: &id001 !astropy.units.Unit {unit: deg}
#         value: !astropy.table.SerializedColumn {name: ra_dec_obj.dec}
#       frame: icrs
#       ra: !astropy.table.SerializedColumn
#         __class__: astropy.coordinates.angles.Longitude
#         unit: *id001
#         value: !astropy.table.SerializedColumn {name: ra_dec_obj.ra}
#         wrap_angle: !astropy.coordinates.Angle
#           unit: *id001
#           value: 360.0
#       representation_type: spherical
# schema: astropy-2.0
ra_dec_obj.ra ra_dec_obj.dec "H-alpha flux [Error]" "H-alpha flux" ra_dec_deg RM RM_uncert pol_int pol_int_uncert ra_dec_pix_offsets interpolation_raw interpolation_cor interpolation_unc interpolation_cor_unc HI "HI [Error]" "pixel location x" "pixel location y" "B_virtual [raw]" "B_virtual_unc [raw]" "B_virtual [int]" "B_virtual_unc [int]"
[from data line 77]
125.95242284696765 -58.539440299592385 2.515625 13.183594 [125.95242284696765,-58.539440299592385] -12.459029156083158 0.8723242353816252 0.0005641603398252217 1.8288967738762208e-05 [2371.242675781,-3161.211914062] 49.97649354729626 49.14379419284189 21.184885781491563 18.788350235688867 17.765039443969727 8.882519721984863 7.803812768903299 48.45180711925718 -4.304028133246199e-06 2.5477620697560183e-06 -2.1568634510986065e-05 8.566031448969526e-06
128.3383025663001 -59.76922981888874 2.375 11.699219 [128.3383025663001,-59.76922981888874] 1.1321243855401877 2.5319640572774333 0.0002157017070634581 2.0296437773768157e-05 [4445.105224609,-827.9228515625] 40.32806934609012 40.39084697254437 18.478981528498426 17.10575593540676 0.0 0.0 11.706033084231649 27.568868369977963 3.9109750403946406e-07 2.5723974877967967e-06 -1.354041697037108e-05 7.268673088492091e-06
129.40863048256622 -61.52213672389838 2.171875 9.7734375 [129.40863048256622,-61.52213672389838] 64.13906933849842 0.17689744906266303 0.004017626036211336 2.6411908449570308e-05 [5124.219482422,2394.101318359] 23.506933634159484 32.903060434300365 17.55758914172448 19.003461351040855 0.0 0.0 4.733742564284739 6.291832665490119 2.215713242298181e-05 4.527509719074803e-06 1.4036555577042334e-05 6.965484441382107e-06
129.38861071069766 -61.52665327247324 2.171875 9.7734375 [129.38861071069766,-61.52665327247324] -7.56572587250942 1.9964626346422687 0.00035284415877957244 2.6178986058983857e-05 [5106.388183594,2400.643066406] 23.506933634159484 32.903060434300365 17.55758914172448 19.003461351040855 0.0 0.0 4.609001147307026 6.314636180932439 -2.6136143190426805e-06 2.5548134017047148e-06 -1.0734191164982155e-05 6.822709699950126e-06
125.82078530970418 -59.42774212629873 5.15625 39.515625 [125.82078530970418,-59.42774212629873] 11.465617014184659 0.394443022176595 0.001168364415325253 1.71266058128989e-05 [2190.494140625,-1568.366210938] 40.629280867062754 39.22202996042996 18.16570475745689 15.836558620727823 0.0 0.0 1.3053416884463331 39.76669546253288 3.96084940293944e-06 2.5167890289237383e-06 -1.0074719957616957e-05 6.948046690742553e-06
127.80020146131444 -58.84642020459914 3.078125 18.726562 [127.80020146131444,-58.84642020459914] -11.029572871395775 0.4063138470874923 0.0013718074885165855 2.071397728630473e-05 [4067.917724609,-2519.37109375] 50.667293643946095 49.43574150773608 21.217985382231667 20.528778182028958 0.0 0.0 15.311041519762057 38.76896524076574 -3.810215976017547e-06 2.5100672165081143e-06 -2.1313462380454706e-05 8.552591369499775e-06
127.79828650615629 -58.84136577158624 3.078125 18.726562 [127.79828650615629,-58.84136577158624] -13.620035360367087 1.2676015497398192 0.0004390784514530667 2.0683955202563207e-05 [4066.732910156,-2528.564453125] 50.667293643946095 49.43574150773608 21.217985382231667 20.528778182028958 0.0 0.0 15.335713494955371 38.82675646494931 -4.7051029925719445e-06 2.588404687160979e-06 -2.2208349397009102e-05 8.630228739483296e-06
127.30770112130769 -59.28551096647104 2.484375 12.8515625 [127.30770112130769,-59.28551096647104] 3.506485856644897 1.6916564789572586 0.00029964437243160444 1.8837662220926373e-05 [3564.626708984,-1759.213378906] 48.07136694845617 47.496978734992254 19.17294171901824 17.69362770981938 0.0 0.0 9.828222903965411 36.08195420727657 1.2113314437875613e-06 2.4965761152913004e-06 -1.539514030916897e-05 7.558399813119961e-06
124.70388787438168 -58.22599429919266 2.75 15.4375 [124.70388787438168,-58.22599429919266] -59.42006868703536 0.5322813681697225 0.0009729811541764147 1.9246616645423985e-05 [1209.679199219,-3758.766601562] 44.216799967742 45.01162112365182 18.417285603941142 17.81702596721906 0.0 0.0 3.230802888622634 56.03197188246895 -2.0526932243637388e-05 4.2956275314957405e-06 -3.580182634968108e-05 9.197933171486178e-06
124.69959254463524 -58.22861505866253 2.75 15.4375 [124.69959254463524,-58.22861505866253] -60.94174408894722 0.9838641070419075 0.0005267925827694643 1.926120580721932e-05 [1205.520019531,-3754.131835938] 44.216799967742 45.01162112365182 18.417285603941142 17.81702596721906 0.0 0.0 3.1910638075587485 56.0195847795801 -2.105260191319584e-05 4.380208123337633e-06 -3.632749601923953e-05 9.263633218037439e-06
128.9828948294397 -60.353538547101884 2.296875 11.0390625 [128.9828948294397,-60.353538547101884] 0.11015305186943651 0.9268322777221519 0.0007423364967379437 2.5568818847943024e-05 [4938.629150391,266.3818359375] 35.237263953422016 40.57587291290766 18.76120264441988 17.866313811278882 0.0 0.0 10.831918504310465 19.44549121148384 3.805287139708642e-08 2.439295061305334e-06 -1.2134819789399362e-05 7.235233338678138e-06
125.79096238390429 -58.0870287697908 2.96875 17.757812 [125.79096238390429,-58.0870287697908] -43.6083716912602 2.1244706709825976 0.00026301032344231345 2.076501448567339e-05 [2248.261230469,-3980.15625] 55.522449010261745 56.994309091573626 21.525229988259728 20.056091174988694 17.10666275024414 8.55333137512207 9.9228373959063 53.66364988578084 -1.5064709798242988e-05 3.6272683834780173e-06 -3.424519164583672e-05 9.832003685452076e-06
128.75146496380316 -60.39197165633252 2.25 10.550781 [128.75146496380316,-60.39197165633252] -4.468890609226444 3.245734398052128 0.00019432739066832093 2.3439897085044294e-05 [4727.921386719,318.3681640625] 33.06429370985434 38.99904064321794 18.989773139602544 17.605345459154638 0.0 0.0 9.44435080222354 19.869347815677656 -1.543798530812426e-06 2.6787904438115747e-06 -1.2966008764877515e-05 7.426674928214834e-06
127.59700016565952 -58.71368798839361 2.953125 17.570312 [127.59700016565952,-58.71368798839361] -20.79461148677435 0.5645990329635502 0.0009506838038466693 1.9947337156231753e-05 [3894.073486328,-2769.973632812] 51.21824079615098 50.77262275949781 21.492427499439664 20.095197099582006 0.0 0.0 15.173269669833871 40.837808760944654 -7.183592857658772e-06 2.7249284903818113e-06 -2.4877166454794083e-05 8.914879521365219e-06
127.59523772543321 -58.708938574999515 2.953125 17.570312 [127.59523772543321,-58.708938574999515] -24.100970696159056 3.1548843787564964 0.00017023617966052527 1.9959240691205475e-05 [3892.961181641,-2778.606445312] 51.21824079615098 50.77262275949781 21.492427499439664 20.095197099582006 0.0 0.0 15.196477287773064 40.892063937532384 -8.325789643422072e-06 3.01720449501345e-06 -2.601936324055738e-05 9.075200061225202e-06
125.47541062763557 -58.79362468220395 2.421875 12.167969 [125.47541062763557,-58.79362468220395] 18.80321664259473 0.4504864409544806 0.0010447636388450413 1.7490751771499185e-05 [1909.517578125,-2719.61328125] 51.5282017004845 50.734701617363605 20.19902608925156 17.625896022697166 0.0 0.0 3.6463091808772106 47.492768926715144 6.4956564762300715e-06 2.670328380877968e-06 -1.130499452121829e-05 7.640360387285045e-06
125.23775495278842 -58.925411450078485 2.40625 12.097656 [125.23775495278842,-58.925411450078485] 8.810233292583536 1.5961553372958386 0.00028948867419317385 1.7171784710081963e-05 [1681.590820312,-2489.041015625] 48.16515276795738 45.43057671361689 19.694878773176846 16.147204970190312 0.0 0.0 1.55116307079129 46.94491915967751 3.0435350521053657e-06 2.5353512555327983e-06 -1.3595335437588667e-05 7.612898203135206e-06
129.00196851850924 -61.543926228848825 2.125 9.2421875 [129.00196851850924,-61.543926228848825] -23.86559035797314 1.0840711610827864 0.0005810670341110925 2.340953200937153e-05 [4773.616455078,2402.650146484] 24.044659978589927 32.48536196713521 17.023526130598917 18.481036254307504 0.0 0.0 2.6841568510726574 7.4487603532370485 -8.244476437964924e-06 2.831211360169516e-06 -1.655081328859034e-05 6.981754988057104e-06
127.63711543311433 -57.65160369517644 4.03125 28.25 [127.63711543311433,-57.65160369517644] -39.42535009103918 0.11111276745248318 0.006920451165937178 2.857637103638423e-05 [4050.685546875,-4674.180664062] 56.910890390603754 63.02622914788641 22.866206908805587 23.781077872473467 0.0 0.0 22.615555478265605 51.38139040344595 -1.3619666013227251e-05 3.3739108383883842e-06 -3.32797912333094e-05 1.0064305940839332e-05
126.69548019446333 -58.87292482986937 2.3125 11.121094 [126.69548019446333,-58.87292482986937] -4.405084970941699 0.7017508313790064 0.0007019788865753572 1.8306937086039923e-05 [3039.173828125,-2531.268554688] 45.91479968284618 46.2790068326577 19.2794770604912 17.14489475671024 0.0 0.0 9.460712219377228 42.43083197509873 -1.5217565836593295e-06 2.444475692154964e-06 -1.7383232393020103e-05 7.699335176343283e-06
125.10356119106812 -58.02605444921212 2.953125 17.5 [125.10356119106812,-58.02605444921212] -49.64747420547962 3.1214197944663953 0.00018345771028333412 2.1281236206747316e-05 [1597.307128906,-4109.807617188] 49.728702046907216 52.226230322180456 19.59416825308667 20.106122690809055 0.0 0.0 6.655258383133287 56.71327553676042 -1.71509451537536e-05 3.973207561659521e-06 -3.432995083375908e-05 9.380290131491433e-06
125.46107499943028 -57.9304619407157 3.0625 18.632812 [125.46107499943028,-57.9304619407157] -52.61690148854799 0.06047903719779497 0.009896914072168703 2.224402484749874e-05 [1943.0703125,-4272.073242188] 57.3794643335862 58.88981860403533 21.031976055971757 20.77924034474824 0.0 0.0 9.18892748806934 56.440607019468644 -1.817674727732556e-05 3.962985227346399e-06 -3.799874349135412e-05 1.0085401710848929e-05
125.43725608715484 -57.92570850347936 3.0625 18.632812 [125.43725608715484,-57.92570850347936] -54.515733452944524 0.20305895352576303 0.002958690840176776 2.2327003170464218e-05 [1920.574707031,-4281.315429688] 57.3794643335862 58.88981860403533 21.031976055971757 20.77924034474824 0.0 0.0 9.092507804700517 56.57378066468755 -1.8832707392089362e-05 4.05389012038693e-06 -3.865470360611792e-05 1.0159721884828009e-05
125.45885449781979 -57.93035868054875 3.0625 18.632812 [125.45885449781979,-57.93035868054875] -52.22886594731365 0.061091464749938415 0.009793661584598677 2.2234856673176666e-05 [1940.955078125,-4272.32421875] 57.3794643335862 58.88981860403533 21.031976055971757 20.77924034474824 0.0 0.0 9.17772481954205 56.44952487390219 -1.804269863956661e-05 3.944668338487111e-06 -3.786469485359517e-05 1.0070349336834356e-05
125.4405671418092 -57.9266892042584 3.0625 18.632812 [125.4405671418092,-57.9266892042584] -52.56594909942433 0.5284925097561021 0.001141553787081058 2.2420429027655296e-05 [1923.685058594,-4279.456054688] 57.3794643335862 58.88981860403533 21.031976055971757 20.77924034474824 0.0 0.0 9.103828916992825 56.551976082695546 -1.815914554339453e-05 3.964727699925326e-06 -3.798114175742309e-05 1.008505442440928e-05
128.61741652076046 -58.646465426890416 3.140625 19.34375 [128.61741652076046,-58.646465426890416] 6.2913299965633165 0.4902739594276842 0.0013839105586012682 2.5214801441072282e-05 [4854.082519531,-2822.9609375] 52.691690403051155 56.70541302601928 22.234013895704862 21.723795564651937 0.0 0.0 20.855717512118645 37.80213479378244 2.1733684833318878e-06 2.4530009034251708e-06 -1.6029214963734023e-05 8.516877847332307e-06
126.02812193166652 -58.75109842798086 2.359375 11.542969 [126.02812193166652,-58.75109842798086] 5.021102994002231 1.0319509433121687 0.00046880577076392657 1.7978800135340972e-05 [2427.530273438,-2777.919921875] 50.4657800321904 48.50502421277665 20.706788525740183 18.457484778398243 0.0 0.0 6.8080613093118245 46.01488129751988 1.7345628038409959e-06 2.4626111233642756e-06 -1.5699069809395986e-05 8.03099111028942e-06
128.8666533987075 -59.747478492141845 2.546875 13.53125 [128.8666533987075,-59.747478492141845] 4.638485544131654 1.6928409807111444 0.00037859522123189713 2.381770955714488e-05 [4925.187255859,-829.4252929688] 44.748106573711425 42.55431581245243 20.980592002968237 18.696992603195252 0.0 0.0 14.468400965327987 25.912655887285837 1.602385870318866e-06 2.503237572785396e-06 -1.385605051264096e-05 8.02799834263092e-06
128.69725052172822 -58.3690187756866 3.265625 20.695312 [128.69725052172822,-58.3690187756866] -7.419739812294587 1.7077993036487074 0.0004021222344962875 2.552134876465927e-05 [4967.645507812,-3314.630859375] 58.51380113189534 58.95601425466595 24.261571919354697 23.25884055211396 0.0 0.0 23.19031779373165 40.271298040219335 -2.563182772382431e-06 2.528176274719626e-06 -2.2777040778476484e-05 9.587460906276302e-06
127.87810526469025 -60.529678322632996 2.21875 10.2578125 [127.87810526469025,-60.529678322632996] -14.872113261350027 0.7349867436989747 0.0007230556587951031 1.9749674336176877e-05 [3937.329345703,508.197265625] 34.66085403126991 38.143148126040245 17.82877708654966 17.04171685992639 0.0 0.0 4.257237318155148 21.492924540689728 -5.137638982602534e-06 2.588352283237401e-06 -1.7111388221329327e-05 7.251298853441976e-06
128.06349184112716 -58.98346307445705 3.09375 19.007812 [128.06349184112716,-58.98346307445705] -0.8444805618231205 3.2666196932482134 0.00017857971029992676 2.1679007379326815e-05 [4295.266113281,-2256.643554688] 51.00386647686059 48.19319666983216 21.018194201577753 20.3010090643264 0.0 0.0 15.715561604085451 36.4432026017073 -2.917296404504863e-07 2.6690042064006826e-06 -1.7911246656634555e-05 8.331389968265638e-06
127.62463381907237 -57.82378007104108 3.546875 23.421875 [127.62463381907237,-57.82378007104108] -30.49038878233785 0.7066977995349997 0.0009467278712187773 2.4863805793115774e-05 [4019.520996094,-4365.954101562] 52.99201927891184 60.285527465973395 22.283560250232302 23.220510337852183 0.0 0.0 21.374758508652235 49.69786185463727 -1.0533043102216534e-05 3.0359866397029752e-06 -2.88393765216709e-05 9.485755540964948e-06
127.63093559921191 -57.830787591220464 3.546875 23.421875 [127.63093559921191,-57.830787591220464] -30.877980100809822 1.848658033255845 0.00035884647226275073 2.4653237901647956e-05 [4024.762939453,-4352.993164062] 52.99201927891184 60.285527465973395 22.283560250232302 23.220510337852183 0.0 0.0 21.360081890285755 49.604129349968616 -1.0666938281207336e-05 3.1064686312176647e-06 -2.8973271700661707e-05 9.51623602805763e-06
125.91058357851813 -57.74581124167603 3.046875 18.539062 [125.91058357851813,-57.74581124167603] -76.09628267680364 1.799388227983293 0.0003876719651119537 2.5923758903108804e-05 [2384.519042969,-4589.202148438] 53.03113250542244 57.545813715776326 22.332072442102223 22.022786222618155 0.0 0.0 12.804422103333764 56.734017318642145 -2.628780600585603e-05 5.18181771957352e-06 -4.460765126681705e-05 1.1185580282112958e-05
128.9474334100841 -58.50892994678304 3.140625 19.4375 [128.9474334100841,-58.50892994678304] 7.481730199945771 0.721511956866402 0.0010708460472363779 2.8713046461145143e-05 [5182.135375977,-3044.502929688] 57.48395792933407 59.68827279232761 24.13613282158808 22.992647556675255 17.063716888427734 8.531858444213867 23.494811288570645 37.9521205467222 2.5845976329706067e-06 2.4716448970224005e-06 -1.727349636766786e-05 9.183289477827307e-06
128.11216724420362 -58.858451618648914 3.3125 21.171875 [128.11216724420362,-58.858451618648914] -6.360812698928035 0.7675725089638687 0.0007713354819737224 2.2002469350002952e-05 [4356.000244141,-2477.8515625] 50.992912615387866 50.35264191508797 20.803299843612283 20.76823509796484 0.0 0.0 16.819943413346437 37.52295778715029 -2.197371598021262e-06 2.4621065572515163e-06 -1.9813104553075397e-05 8.3232768274259e-06
