data_processed/hvc_rms/hvc_rms_index_18_with_B.ecsv
# %ECSV 1.0
# ---
# datatype:
# - {name: ra_dec_obj.ra, unit: deg, datatype: float64}
# - {name: ra_dec_obj.dec, unit: deg, datatype: float64}
# - {name: 'H-alpha flux [Error]', unit: R, datatype: float32}
# - {name: H-alpha flux, unit: R, datatype: float32}
# - {name: ra_dec_deg, datatype: string, subtype: 'float64[2]'}
# - {name: RM, unit: rad / m2, datatype: float64}
# - {name: RM_uncert, unit: rad / m2, datatype: float64}
# - {name: pol_int, datatype: float64}
# - {name: pol_int_uncert, datatype: float64}
# - {name: ra_dec_pix_offsets, datatype: string, subtype: 'float64[2]'}
# - {name: interpolation_raw, unit: rad / m2, datatype: float64}
# - {name: interpolation_cor, unit: rad / m2, datatype: float64}
# - {name: interpolation_unc, unit: rad / m2, datatype: float64}
# - {name: interpolation_cor_unc, unit: rad / m2, datatype: float64}
# - {name: HI, unit: dex(1 / cm2), datatype: float64}
# - {name: 'HI [Error]', unit: dex(1 / cm2), datatype: float64}
# - {name: pixel location x, datatype: float64}
# - {name: pixel location y, datatype: float64}
# - {name: 'B_virtual [raw]', unit: G, datatype: float64}
# - {name: 'B_virtual_unc [raw]', unit: G, datatype: float64}
# - {name: 'B_virtual [int]', unit: G, datatype: float64}
# - {name: 'B_virtual_unc [int]', unit: G, datatype: float64}
# meta: !!omap
# - __serialized_columns__:
#     ra_dec_obj:
#       __class__: astropy.coordinates.sky_coordinate.SkyCoord
#       dec: !astropy.table.SerializedColumn
#         __class__: astropy.coordinates.angles.Latitude
#         unit: &id001 !astropy.units.Unit {unit: deg}
#         value: !astropy.table.SerializedColumn {name: ra_dec_obj.dec}
#       frame: icrs
#       ra: !astropy.table.SerializedColumn
#         __class__: astropy.coordinates.angles.Longitude
#         unit: *id001
#         value: !astropy.table.SerializedColumn {name: ra_dec_obj.ra}
#         wrap_angle: !astropy.coordinates.Angle
#           unit: *id001
#           value: 360.0
#       representation_type: spherical
# schema: astropy-2.0
ra_dec_obj.ra ra_dec_obj.dec "H-alpha flux [Error]" "H-alpha flux" ra_dec_deg RM RM_uncert pol_int pol_int_uncert ra_dec_pix_offsets interpolation_raw interpolation_cor interpolation_unc interpolation_cor_unc HI "HI [Error]" "pixel location x" "pixel location y" "B_virtual [raw]" "B_virtual_unc [raw]" "B_virtual [int]" "B_virtual_unc [int]"
[from data line 2412]
172.13595569550046 -61.53480152056022 14.375 131.9375 [172.13595569550046,-61.53480152056022] 486.95302212104815 1.9479156954197738 0.00026900881302786963 1.9473560686648905e-05 [-2332.6953125,2232.551757812] 352.1945310210335 291.09018764788124 143.19272036067719 129.69248723005256 0.0 0.0 17.17167344200425 83.3354624823221 8.045310854404456e-05 4.030676644447635e-06 2.2264446505490766e-05 2.37122861092656e-05
169.44845626129032 -62.10206600386161 10.875 96.5625 [169.44845626129032,-62.10206600386161] 629.955776684346 2.0464017596527677 0.00033481809809935434 2.5462938953728582e-05 [-4547.520507812,3391.782470703] 300.0602335021559 246.25891221551223 139.96719970772818 108.2473029220904 0.0 0.0 5.665165781023461 95.41357861924871 0.00010407965076133141 5.1214818771847855e-06 5.450448141429875e-05 2.330264538746562e-05
170.01803628960963 -58.38349940841366 7.375 61.75 [170.01803628960963,-58.38349940841366] -308.5607360236301 1.8908649874259214 0.0003429134346233337 2.409648653901894e-05 [-4559.831054688,-3319.686523438] 93.90463471268316 111.71685500034118 48.0263460186721 59.75043868991244 0.0 0.0 48.657273207905064 107.83963740745912 -5.097960020785825e-05 2.7165672698694587e-06 -6.649427909088678e-05 8.631883883055645e-06
180.08386223389707 -58.25619484367047 5.03125 38.3125 [180.08386223389707,-58.25619484367047] 518.6155803585436 0.07602773684026225 0.009317625665755124 2.6326069573898277e-05 [4943.944335938,-3520.112304688] 39.305232381105355 1.300927387550395 37.06987957692406 24.066273564806945 0.0 0.0 67.3941904211215 47.181866395625775 8.568431385327073e-05 4.258034517469941e-06 7.919040585095035e-05 7.293314748743695e-06
180.06739797544049 -58.27727519773047 5.0 37.875 [180.06739797544049,-58.27727519773047] 458.03558770467794 0.24761932359064898 0.00284944618798601 2.622126838930759e-05 [4925.486328125,-3483.540039062] 39.894233009412396 2.9860033739173772 37.60633716059895 24.337782289105082 0.0 0.0 67.12569096674792 47.23392585703323 7.567544543440438e-05 3.7997714317928375e-06 6.908422428414359e-05 7.131615055543103e-06
180.08163462577446 -58.261188418425036 5.03125 38.3125 [180.08163462577446,-58.261188418425036] 498.2814779773232 0.1403889649382364 0.0050660255110665554 2.6430723271958532e-05 [4941.147460938,-3511.32421875] 39.305232381105355 1.300927387550395 37.06987957692406 24.066273564806945 0.0 0.0 67.33267082043017 47.18383534541772 8.232476648072074e-05 4.103679767103008e-06 7.583085847840036e-05 7.211211645546281e-06
180.07644660150865 -58.280815035157104 5.0 37.875 [180.07644660150865,-58.280815035157104] 463.4897457525491 0.24812771973237516 0.002850632026465099 2.6286038985603142e-05 [4933.521972656,-3476.515625] 39.894233009412396 2.9860033739173772 37.60633716059895 24.337782289105082 0.0 0.0 67.09532189267384 47.16941980754859 7.657656720489967e-05 3.840844523220372e-06 6.99853460546389e-05 7.1516841234697905e-06
180.067474395617 -58.272209380906354 5.0 37.875 [180.067474395617,-58.272209380906354] 452.3764174159201 0.1679864850230618 0.004204609033584343 2.624875233275793e-05 [4926.262695312,-3492.619140625] 39.894233009412396 2.9860033739173772 37.60633716059895 24.337782289105082 0.0 0.0 67.18537839660235 47.245487477293636 7.474045207605639e-05 3.7570831311636424e-06 6.81492309257956e-05 7.110944842683637e-06
180.07444772841038 -58.27613467876131 5.0 37.875 [180.07444772841038,-58.27613467876131] 455.99854260837657 0.19571433570755206 0.0036284712092773588 2.6390949927611824e-05 [4932.289794922,-3485.05859375] 39.894233009412396 2.9860033739173772 37.60633716059895 24.337782289105082 0.0 0.0 67.14789151228456 47.19292537602905 7.53388901553592e-05 3.78436015278167e-06 6.874766900509841e-05 7.12412802865371e-06
180.07420347412486 -58.267646612508315 5.0 37.875 [180.07420347412486,-58.267646612508315] 467.5575166975091 0.28879618206057217 0.0024697225596662102 2.6506251810177456e-05 [4933.241210938,-3500.298828125] 39.894233009412396 2.9860033739173772 37.60633716059895 24.337782289105082 0.0 0.0 67.24743945686123 47.214595604240685 7.724863371337248e-05 3.8715822492677605e-06 7.06574125631117e-05 7.166825215661293e-06
180.08445726847714 -58.26678453875317 5.03125 38.3125 [180.08445726847714,-58.26678453875317] 470.3770766309988 0.3179393972285277 0.002237381094191325 2.6435833851734023e-05 [4943.028564453,-3501.077148438] 39.305232381105355 1.300927387550395 37.06987957692406 24.066273564806945 0.0 0.0 67.27035217947969 47.15304756518822 7.771447405334494e-05 3.8929102289401836e-06 7.122056605102457e-05 7.103034280966394e-06
180.0869905161091 -58.257652544214096 5.03125 38.3125 [180.0869905161091,-58.257652544214096] 520.6560704974861 0.20723616593071756 0.0034267970984118525 2.6391412966719e-05 [4946.691162109,-3517.263671875] 39.305232381105355 1.300927387550395 37.06987957692406 24.066273564806945 0.0 0.0 67.38093736774726 47.158999849541715 8.602143831327783e-05 4.273672614418029e-06 7.952753031095746e-05 7.301769961360066e-06
175.52842686295145 -58.355361708805006 8.6875 75.0625 [175.52842686295145,-58.355361708805006] 148.35026143681316 0.6548580542055308 0.0007888247719190655 1.91971349144635e-05 [634.9262695312,-3534.512695312] 50.09931413773234 23.46200474247057 45.344267328389236 31.90145143957004 18.11141014099121 9.055705070495605 59.587081256832334 74.89619907776455 2.451004335885694e-05 1.650256651273078e-06 1.6232765315179014e-05 7.620824164273391e-06
171.7520906673238 -59.15447596637419 7.40625 62.140625 [171.7520906673238,-59.15447596637419] -5.50537830774159 2.008771829037634 0.0002526721945536447 1.886239193916885e-05 [-2863.265625,-2032.435546875] 123.94444376011114 146.75664593113436 58.41992341531024 68.96195957330103 0.0 0.0 43.53070616957757 94.57508576264786 -9.095842482699676e-07 1.2039858724056932e-06 -2.138736205079616e-05 9.780328292092463e-06
176.16893008820762 -61.75352860970392 8.5625 73.3125 [176.16893008820762,-61.75352860970392] 399.58844586141856 0.6716487439020277 0.0007631909974961802 1.9049524906934626e-05 [1118.385742188,2589.112060547] 366.2109229349858 290.80208809276735 143.20796414674572 121.39775525628649 0.0 0.0 21.217056978959135 60.56100310775537 6.601896106487928e-05 3.3644036760921645e-06 5.514547303218311e-06 2.369042294131891e-05
176.1625368233807 -61.75828549658385 8.5625 73.3125 [176.1625368233807,-61.75828549658385] 353.0384959906695 0.2404037370374747 0.0021316588607663864 1.9044414327159136e-05 [1112.769042969,2597.562011719] 366.2109229349858 290.80208809276735 143.20796414674572 121.39775525628649 0.0 0.0 21.1525895668085 60.581508911540595 5.832809973012769e-05 3.0201018622207015e-06 -2.1763140315332826e-06 2.3688956879553204e-05
174.15365580033986 -62.36652375699185 30.625 293.75 [174.15365580033986,-62.36652375699185] 500.25263037469233 0.09127848153267072 0.006339166368033932 2.150350526794942e-05 [-586.30078125,3684.009033203] 416.8916058479422 297.95974404825625 186.2154334470313 132.70205849388086 19.065275192260742 9.532637596130371 11.070720339011814 69.47909845636036 8.265043513986907e-05 4.118588262547466e-06 1.3772691101455431e-05 3.0794807153333e-05
174.14753748269754 -62.36467742772151 30.625 293.75 [174.14753748269754,-62.36467742772151] 499.1427828711038 0.40545053933868813 0.001432409531780683 2.158309826055355e-05 [-591.4448242188,3680.742675781] 416.8916058479422 297.95974404825625 186.2154334470313 132.70205849388086 19.065275192260742 9.532637596130371 11.0822318110595 69.51806400663622 8.246706902934651e-05 4.110690409181169e-06 1.3589324990932869e-05 3.079468998602822e-05
179.4712218394855 -59.86799240335968 6.59375 53.84375 [179.4712218394855,-59.86799240335968] 313.5982577381777 1.006074279328676 0.0005337219040899559 1.995509391875677e-05 [4165.727783203,-669.9150390625] 74.47904485190227 110.7841732001065 42.9530622076028 59.539277393088 0.0 0.0 47.68803846239916 46.981202979573936 5.1811886409775966e-05 2.7396089009758185e-06 3.9506652829692896e-05 7.436183124309145e-06
174.27265907206805 -60.67365253883047 8.25 70.21875 [174.27265907206805,-60.67365253883047] 597.1768607831697 1.2581928212296636 0.0003874297165618007 1.811543783098945e-05 [-514.2768554688,636.7690429688] 131.79942168488645 200.69624988300166 54.542365318125306 85.5872147886503 18.162015914916992 9.081007957458496 30.73908942305934 74.60720667732062 9.8664003749908e-05 4.862819159494072e-06 7.688844697716334e-05 9.803442128912196e-06
172.1728977070956 -59.249118780688626 6.34375 51.4375 [172.1728977070956,-59.249118780688626] 31.84520927269614 0.7972128709825136 0.0006231469941054914 1.846177736347936e-05 [-2468.543945312,-1879.290039062] 120.44189985793584 142.0210289895408 53.63030060990821 64.75479514782728 0.0 0.0 43.27505584394021 91.76109735800992 5.261382436984149e-06 1.1908859350199752e-06 -1.463771419520126e-05 8.964164718047972e-06
173.35392773168235 -59.137226144586904 6.1875 49.984375 [173.35392773168235,-59.137226144586904] 160.0536440051448 1.8250265607037688 0.00026474130266953546 1.795558644143458e-05 [-1386.864257812,-2115.107421875] 90.65192046316164 97.77954384028084 49.49779212595972 48.86590900965692 0.0 0.0 46.774300701702714 85.25758002634916 2.6443645709246313e-05 1.7400910471145448e-06 1.1466371792798854e-05 8.282945091384643e-06
173.3405302134993 -59.14318111106124 6.0625 48.671875 [173.3405302134993,-59.14318111106124] 215.46707958695347 3.2289618131727686 0.00014872874508474536 1.7847053504631993e-05 [-1398.987304688,-2104.110351562] 93.90082940691808 102.506205109588 48.93356158533045 49.771822675356745 0.0 0.0 46.681543941295104 85.31509683536251 3.5598909040897726e-05 2.1262274071119994e-06 2.008485886056505e-05 8.240560394148323e-06
172.5804133812547 -60.87121572684118 8.25 70.1875 [172.5804133812547,-60.87121572684118] 158.54485076676954 3.1048666789823933 0.00015546035306945858 1.7937888057782545e-05 [-1993.330078125,1024.518554688] 178.66005947802523 247.7072057028995 68.86752713678776 106.5803135522769 0.0 0.0 25.538754233259624 83.37636772455221 2.6194366824706705e-05 1.7804864179865235e-06 -3.3233823311819903e-06 1.1449341183207776e-05
173.79324327733963 -59.37578957075346 7.6875 64.78125 [173.79324327733963,-59.37578957075346] -31.28413084248035 2.438518248630492 0.00019480632940507527 1.765378269625666e-05 [-974.4633789062,-1693.717773438] 88.44377768841211 105.6693432525613 46.04084028931823 49.69006276468666 0.0 0.0 44.83092731293573 81.83740337770587 -5.168682521802902e-06 1.2493863148056613e-06 -1.9781132846923494e-05 7.762569589624862e-06
173.8037108881731 -59.36113740039577 7.6875 64.78125 [173.8037108881731,-59.36113740039577] -33.25566488006055 2.5510473352078824 0.00018648680739907368 1.7679718031137445e-05 [-965.2841796875,-1720.238769531] 88.44377768841211 105.6693432525613 46.04084028931823 49.69006276468666 0.0 0.0 45.01776669479591 81.82729949227519 -5.494414234551753e-06 1.2586648261028254e-06 -2.0106864559672345e-05 7.765470484427167e-06
176.53149439624409 -60.516586244769485 5.75 45.359375 [176.53149439624409,-60.516586244769485] 3.0404544653730063 0.5943357060382957 0.0008244067561112138 1.8208831103947062e-05 [1484.112792969,370.5986328125] 138.45371448531924 196.67029542500538 57.27375175480456 84.25872697338679 0.0 0.0 36.108891874317806 62.283534852929506 5.023359585292245e-07 1.1609314876243966e-06 -2.237262571907706e-05 9.593396172108583e-06
168.9491273738877 -60.987358171315314 20.375 191.25 [168.9491273738877,-60.987358171315314] -9.916023197428292 2.6284456242685947 0.0003112915189047827 3.0407099044181347e-05 [-5147.588867188,1429.962402344] 497.0294949484294 313.4757054008966 278.32903133011627 148.10893575481236 0.0 0.0 17.13929910352863 102.85890673734525 -1.6382994958179948e-06 1.2378480708186196e-06 -8.375621660515551e-05 4.617546485709476e-05
179.11735530284005 -58.94849776686826 4.90625 36.90625 [179.11735530284005,-58.94849776686826] 337.51885533092656 1.2485401537761414 0.00044704638247941423 2.0742629117280947e-05 [3952.773193359,-2342.849609375] 52.09520165507386 35.41948138753618 40.10983103360915 34.108677516972804 0.0 0.0 58.02664800217872 51.40558638205857 5.5763985169087985e-05 2.9142478621575373e-06 4.7156951794238775e-05 7.098003230283669e-06
172.39492772644013 -57.81238944240891 5.28125 40.6875 [172.39492772644013,-57.81238944240891] 158.7984517411993 1.754589739939171 0.000410260990652622 2.6751276671057746e-05 [-2359.162109375,-4470.2734375] 35.295145509190256 47.310194715481536 32.880913766436144 37.04787145618268 0.0 0.0 60.08432377457689 95.84299970967754 2.6236266116416203e-05 1.7309089502983308e-06 2.040489421043622e-05 5.646766827730788e-06
172.38200389077946 -57.81697060645969 5.28125 40.6875 [172.38200389077946,-57.81697060645969] 151.8332140593172 1.081433267943881 0.0006598700076376346 2.651959076638342e-05 [-2371.241210938,-4461.577148438] 35.295145509190256 47.310194715481536 32.880913766436144 37.04787145618268 0.0 0.0 60.00633401671939 95.90445391934827 2.5085487709056352e-05 1.6759606013335025e-06 1.9254115803076366e-05 5.632892028378581e-06
172.5085448251475 -57.90954962189225 6.21875 50.3125 [172.5085448251475,-57.90954962189225] 147.1473702503755 0.9289722404236719 0.000717148569433864 2.4758286040429138e-05 [-2244.248046875,-4299.626953125] 41.725950224735364 50.993265922950755 34.63557314985359 39.86796706763522 0.0 0.0 59.20162661856057 94.78945209420931 2.4311304813673246e-05 1.6471201047799678e-06 1.7417452121452872e-05 5.899224860309628e-06
172.53907751208644 -57.91692362081352 6.53125 53.265625 [172.53907751208644,-57.91692362081352] 163.21004121874395 1.6968800970582156 0.0003863510458898847 2.436362751962565e-05 [-2214.620117188,-4287.40625] 43.37595019586899 51.17085032934979 34.7975124804402 40.104812634144245 0.0 0.0 59.177786073400284 94.57663990841593 2.6965137426307032e-05 1.7547947629301506e-06 1.97986760413691e-05 5.946891845673051e-06
176.19850147825113 -59.09341042277626 8.625 73.96875 [176.19850147825113,-59.09341042277626] 695.0724816069868 0.8351821160351452 0.0005798980862573602 1.7998717676788138e-05 [1241.043457031,-2197.165039062] 51.76604413598842 52.686092154381434 47.59852644509121 37.87471232649274 18.74982452392578 9.37491226196289 52.12385766958232 68.55009012278515 0.0001148380629513875 5.614396780851031e-06 0.00010628541212353578 9.436090333913063e-06
176.1951139323921 -59.08965290374752 8.625 73.96875 [176.1951139323921,-59.08965290374752] 690.421711694265 2.149924823436471 0.0002250584992841177 1.7981561220387464e-05 [1238.047851562,-2203.989257812] 51.76604413598842 52.686092154381434 47.59852644509121 37.87471232649274 18.74982452392578 9.37491226196289 52.162117190892786 68.58183204683041 0.00011406967487367972 5.588046370132477e-06 0.00010551702404582802 9.422031384887543e-06
173.75393683021343 -58.05928038485998 6.375 51.625 [173.75393683021343,-58.05928038485998] 4.386181584375921 2.7782761177239825 0.00020787220330122506 2.1462510872327496e-05 [-1049.489257812,-4061.53515625] 46.68403980812198 27.677589583224552 37.26522692261545 31.823406016330566 18.223224639892578 9.111612319946289 59.87234729715851 86.67979455353384 7.246734840346978e-07 1.244766115677753e-06 -6.988341840518907e-06 6.290223963041321e-06
173.74180637841124 -58.073814638109155 6.40625 52.046875 [173.74180637841124,-58.073814638109155] 103.9220026056873 2.9545813927640014 0.00019398585925277728 2.1299761200953643e-05 [-1060.606445312,-4035.203125] 48.36909572815681 31.076433915950112 37.09024971077682 32.491446755640105 18.223224639892578 9.111612319946289 59.68305787569443 86.70256757464199 1.7169722285184788e-05 1.5000453529282348e-06 9.17830641544749e-06 6.270593570449362e-06
