data_processed/hvc_rms/hvc_rms_index_4_with_B.ecsv
# %ECSV 1.0
# ---
# datatype:
# - {name: ra_dec_obj.ra, unit: deg, datatype: float64}
# - {name: ra_dec_obj.dec, unit: deg, datatype: float64}
# - {name: 'H-alpha flux [Error]', unit: R, datatype: float32}
# - {name: H-alpha flux, unit: R, datatype: float32}
# - {name: ra_dec_deg, datatype: string, subtype: 'float64[2]'}
# - {name: RM, unit: rad / m2, datatype: float64}
# - {name: RM_uncert, unit: rad / m2, datatype: float64}
# - {name: pol_int, datatype: float64}
# - {name: pol_int_uncert, datatype: float64}
# - {name: ra_dec_pix_offsets, datatype: string, subtype: 'float64[2]'}
# - {name: interpolation_raw, unit: rad / m2, datatype: float64}
# - {name: interpolation_cor, unit: rad / m2, datatype: float64}
# - {name: interpolation_unc, unit: rad / m2, datatype: float64}
# - {name: pixel location x, datatype: float64}
# - {name: pixel location y, datatype: float64}
# - {name: 'B_virtual [raw]', unit: G, datatype: float64}
# - {name: 'B_virtual_unc [raw]', unit: G, datatype: float64}
# - {name: 'B_virtual [int]', unit: G, datatype: float64}
# - {name: 'B_virtual_unc [int]', unit: G, datatype: float64}
# - {name: 'B_virtual [cor]', unit: G, datatype: float64}
# - {name: 'B_virtual_unc [cor]', unit: G, datatype: float64}
# meta: !!omap
# - __serialized_columns__:
#     ra_dec_obj:
#       __class__: astropy.coordinates.sky_coordinate.SkyCoord
#       dec: !astropy.table.SerializedColumn
#         __class__: astropy.coordinates.angles.Latitude
#         unit: &id001 !astropy.units.Unit {unit: deg}
#         value: !astropy.table.SerializedColumn {name: ra_dec_obj.dec}
#       frame: icrs
#       ra: !astropy.table.SerializedColumn
#         __class__: astropy.coordinates.angles.Longitude
#         unit: *id001
#         value: !astropy.table.SerializedColumn {name: ra_dec_obj.ra}
#         wrap_angle: !astropy.coordinates.Angle
#           unit: *id001
#           value: 360.0
#       representation_type: spherical
# schema: astropy-2.0
ra_dec_obj.ra ra_dec_obj.dec "H-alpha flux [Error]" "H-alpha flux" ra_dec_deg RM RM_uncert pol_int pol_int_uncert ra_dec_pix_offsets interpolation_raw interpolation_cor interpolation_unc "pixel location x" "pixel location y" "B_virtual [raw]" "B_virtual_unc [raw]" "B_virtual [int]" "B_virtual_unc [int]" "B_virtual [cor]" "B_virtual_unc [cor]"
[from data line 217]
14.66254339664788 -13.232902405828112 0.28710938 0.48937988 [14.66254339664788,-13.232902405828112] -3.804341765862442 0.9887672813637962 0.0004579520295143797 1.6827623176355432e-05 [1798.983886719,-1391.866210938] 3.684967920067759 3.4714859104892244 3.1838467709878278 46.96789171381772 91.51827945216428 -1.436498256047143e-06 2.705544350743577e-06 -2.827921612977585e-06 3.053506460820613e-06 -2.7473119955113465e-06 3.0465701692999563e-06
14.669551892579442 -13.233759857897304 0.28710938 0.48583984 [14.669551892579442,-13.233759857897304] -3.455014020696744 0.6760778195928545 0.0006714001447503849 1.6868902255280286e-05 [1811.255859375,-1390.26953125] 3.732048117582989 3.513602170829802 3.18423711751255 46.967168374180346 91.17715602868338 -1.3093383370984502e-06 2.6956283242840516e-06 -2.7236636182624585e-06 3.044140322903852e-06 -2.6408796842597723e-06 3.037173076778651e-06
14.663465559663793 -13.229706729080428 0.28710938 0.48937988 [14.663465559663793,-13.229706729080428] -2.4825298946928362 0.654001072047159 0.0006934495633128327 1.6853963241715082e-05 [1800.623046875,-1397.610839844] 3.684967920067759 3.4714859104892244 3.1838467709878278 47.0072292034921 91.49240377674141 -9.37389457569597e-07 2.670208051562545e-06 -2.328812814500039e-06 3.000529252890577e-06 -2.2482031970338004e-06 2.9947353176441707e-06
14.658185104393826 -13.224971821420725 0.28710938 0.49157715 [14.658185104393826,-13.224971821420725] -4.598554330026497 0.6003540771840431 0.0007590527988119909 1.6935115132646702e-05 [1791.406738281,-1406.172851562] 3.6378877225525286 3.42591378275202 3.183456424463106 47.05653511888261 91.77277298568742 -1.7325034698195892e-06 2.6993555252519087e-06 -3.1030761867673574e-06 3.0567763265527928e-06 -3.0232150913318285e-06 3.0492941355305228e-06
15.958213760880659 -14.272290343185391 0.26953125 0.34143066 [15.958213760880659,-14.272290343185391] -10.485075481336645 2.5899938074868487 0.00021317783604450635 2.0518682825535076e-05 [4050.229003906,494.9536132812] 3.777331955947054 3.887919459721797 3.0164559878977126 37.12132357999383 19.38100030243595 -4.739897324520077e-06 3.881576484214259e-06 -6.447483089037167e-06 4.4785104296356694e-06 -6.497475424733774e-06 4.490336294360109e-06
15.338151922674133 -12.915063896083408 0.30664062 0.7138672 [15.338151922674133,-12.915063896083408] -1.3051583476404232 1.0227890566770688 0.0004658463689661853 1.7706694346529552e-05 [2986.290039062,-1957.063476562] 4.886549497728134 4.079764222363797 3.2184786609201064 51.816369420843785 61.721360138672026 -4.0804036696011163e-07 2.2137341721623296e-06 -1.9357549571678795e-06 2.4712867133939816e-06 -1.6835242907412068e-06 2.4612504248109627e-06
16.455736099210768 -12.884771317777302 0.32226562 0.85058594 [16.455736099210768,-12.884771317777302] -16.570005258206653 2.12738141263507 0.0003377880823952177 2.67053569113032e-05 [4946.093505859,-1992.854492188] 3.2012401999552997 1.5094266253764412 3.0361868853304133 54.63227774988718 10.76733440548196 -4.745830042899811e-06 2.3198030610175626e-06 -5.662700114981533e-06 2.5607539130545533e-06 -5.178146274224874e-06 2.5152336804228645e-06
15.516559632633404 -15.642556204151195 0.27148438 0.37597656 [15.516559632633404,-15.642556204151195] 2.597812305604999 2.7758415672220456 0.0001854031195979704 1.912583546675678e-05 [3259.422119141,2954.114990234] 4.382768534805031 5.0586361353070926 2.5783031661167515 19.974442474538478 26.83450705654286 1.1191183515507599e-06 3.270610832455435e-06 -7.689459582983185e-07 3.440791384064585e-06 -1.0601047280479614e-06 3.451488899492584e-06
16.37523646467418 -11.820559596910615 0.2734375 0.37695312 [16.37523646467418,-11.820559596910615] -8.25752670624971 3.121850320606741 0.00021883239714611945 2.5388228451265668e-05 [4824.590332031,-3909.15234375] -0.6819418165881979 -0.5205660312152776 3.223660030210361 66.91467651594155 24.636721020268396 -3.552670641919972e-06 3.5547876329006737e-06 -3.2592759297409807e-06 3.7790196582359547e-06 -3.3287053164576157e-06 3.7874614342805994e-06
15.61258508083358 -11.5488054284533 0.28320312 0.48364258 [15.61258508083358,-11.5488054284533] -6.494557338347086 1.428618327818876 0.00047127405725576777 2.5020642283595034e-05 [3485.492431641,-4411.272460938] -1.1054774855909055 -0.5501081586755809 3.077213334844118 68.51277311860906 59.32968631755557 -2.4668112809122863e-06 2.8168311045499396e-06 -2.046920564704638e-06 3.020403650273906e-06 -2.257865090918654e-06 3.0344743041548303e-06
14.916764345613867 -16.548351296523112 0.25195312 0.18682861 [14.916764345613867,-16.548351296523112] 0.049219211586578646 0.03965133463555998 0.018340205601172083 2.70253117894824e-05 [2210.077148438,4576.48034668] 4.1785593127558025 3.916163796679206 2.7094483660233264 8.001753399076392 51.242010148431746 3.007887519980658e-08 4.27796191872319e-06 -2.5235248911320413e-06 4.897876093998587e-06 -2.3631695801337442e-06 4.860716321830141e-06
14.740333470925396 -15.560240715116795 0.28320312 0.50634766 [14.740333470925396,-15.560240715116795] 8.138596983638477 0.5400167918055322 0.0008874815406640094 1.7810466555326515e-05 [1915.198242188,2797.525390625] 5.305750454558224 4.092100159049632 2.7973022034062804 19.391079604097058 71.16924435612236 3.0211603426692046e-06 2.753201920592801e-06 1.0515920136764375e-06 2.8224250748390234e-06 1.5021158754711145e-06 2.8399610162350215e-06
15.280169554025052 -12.09286700435974 0.31054688 0.7578125 [15.280169554025052,-12.09286700435974] -3.3308652126226885 1.3374271489935494 0.0003823085813001956 1.9001718691558255e-05 [2893.796875,-3437.181640625] 1.7756394722278925 1.1424756694541578 3.0654900219165846 61.47147432553936 70.10530083756021 -1.0107059228135413e-06 2.174273311248269e-06 -1.5494996646200893e-06 2.379451023646399e-06 -1.3573746866565784e-06 2.373566263042921e-06
15.276867888161744 -12.09547717475757 0.31054688 0.7578125 [15.276867888161744,-12.09547717475757] -4.369430853671431 1.0665639019769844 0.00048147004740501417 1.908380009062354e-05 [2887.959960938,-3432.526367188] 1.7756394722278925 1.1424756694541578 3.0654900219165846 61.43492637469194 70.23438791220224 -1.3258445962911435e-06 2.168960164027995e-06 -1.8646383380976915e-06 2.3781754578007313e-06 -1.6725133601341809e-06 2.3710089663838312e-06
14.684336685071088 -15.803777689247843 0.29101562 0.57055664 [14.684336685071088,-15.803777689247843] -0.6891787861665221 0.6132975777585042 0.0007988909701912033 1.8208218863349796e-05 [1815.948242188,3235.258544922] 4.792392962424249 3.948058615616656 2.841895649008203 16.40606497648423 72.27147726626163 -2.4100783022567004e-07 2.4581620750603695e-06 -1.9169216172521365e-06 2.700878655008929e-06 -1.6216554352487656e-06 2.6866946363386002e-06
14.691302281804447 -15.80838578732517 0.29101562 0.5656738 [14.691302281804447,-15.80838578732517] 8.77550000609392 2.59197590917795 0.0001886912866747729 1.8175715232985744e-05 [1827.96875,3243.602539062] 4.804881526929988 3.929408857976653 2.8350681771650628 16.362842049805522 71.8305997612988 3.082034260795562e-06 2.7528506981959416e-06 1.3945168002772645e-06 2.8299429700749264e-06 1.7019906488591787e-06 2.842408540998168e-06
14.55752957272878 -14.49142085705568 0.2890625 0.55126953 [14.55752957272878,-14.49142085705568] 10.356589315680003 1.5324397386200548 0.00029619378951415906 1.6868173397426397e-05 [1606.279296875,872.6401367188] 4.317890590507143 5.306573235676202 3.028432403361199 31.82661999576942 89.08485661883878 3.6845410065153225e-06 2.746331817600234e-06 2.1483745662488213e-06 2.8310206170949713e-06 1.7966331157077507e-06 2.8121265755255514e-06
15.801897117767453 -11.74831034504456 0.27929688 0.43969727 [15.801897117767453,-11.74831034504456] -1.5226458385477546 2.6117228912680908 0.00022671767724347889 2.2004990340697573e-05 [3816.397216797,-4049.560546875] -0.7465938334406885 0.20985097483566229 3.140703260320888 66.5142516953274 49.77823936483992 -6.065556488543366e-07 2.982988034180612e-06 -3.091452493978378e-07 3.2301454599962603e-06 -6.901511186489155e-07 3.236561280073641e-06
14.71279426168414 -14.39285459415249 0.265625 0.31323242 [14.71279426168414,-14.39285459415249] -3.4424948196260434 1.781019394229632 0.00025631193524066405 1.6964699901675897e-05 [1877.654296875,696.3696289062] 4.4586060083525085 5.272098655464899 2.9845195540741427 33.22489320363184 81.66539558164277 -1.6247575935779097e-06 3.4810400036797776e-06 -3.7290901629526284e-06 4.027224161549351e-06 -4.113035070634213e-06 4.096856659964145e-06
15.558012935372213 -12.464281995240949 0.33007812 0.95532227 [15.558012935372213,-12.464281995240949] -2.608485679188985 0.7372860666200404 0.000676441874300498 1.853425841838921e-05 [3377.812255859,-2765.27734375] 3.2037820518464843 2.452099030536471 3.284406105546654 57.56618076158418 55.069678260223554 -7.049562106111889e-07 1.9071994109294017e-06 -1.5707942226473693e-06 2.1213344137987158e-06 -1.3676481526838067e-06 2.11598889057484e-06
15.547801082570125 -12.485849482691652 0.32421875 0.88500977 [15.547801082570125,-12.485849482691652] -7.111488128459703 2.723536435214375 0.00018382799561222535 1.8606022620162763e-05 [3359.594482422,-2726.616210938] 3.1946375535557667 2.4268162104625928 3.2949773008444225 57.29133103736126 55.36533476697332 -1.9968024098077753e-06 2.1480387147535663e-06 -2.893810159827633e-06 2.3775525123297923e-06 -2.6782170968153253e-06 2.367006472358422e-06
15.554780029708215 -12.470818400973869 0.33007812 0.95532227 [15.554780029708215,-12.470818400973869] -6.767599101802593 2.478425602285215 0.00020293014539641188 1.8690940562499412e-05 [3372.048339844,-2753.5625] 3.2037820518464843 2.452099030536471 3.284406105546654 57.48261585079388 55.165412584494334 -1.8289772705310652e-06 2.0382402447416816e-06 -2.6948152825672454e-06 2.2563092336739543e-06 -2.491669212603683e-06 2.2474322734950005e-06
14.513966626621954 -13.564715356646817 0.30859375 0.70874023 [14.513966626621954,-13.564715356646817] 6.209253343018744 0.8976299816446545 0.0004975049337444157 1.6596000725188384e-05 [1536.562988281,-795.6884765625] 2.6768210662833782 3.098535958598419 3.254415581729512 42.81649091325551 96.8591046730835 1.9482490362652207e-06 2.2614058880239632e-06 1.1083551272005268e-06 2.452382271458249e-06 9.76035573279406e-07 2.449259631700103e-06
15.872896196198454 -15.610997254055848 0.26171875 0.28808594 [15.872896196198454,-15.610997254055848] -0.47519420951151503 2.4658983116742257 0.00022295802932392316 2.043181668902898e-05 [3877.26953125,2902.704589844] 4.849471852465086 4.550103980240052 2.754494299119173 21.23071443736717 7.567573360561255 -2.3386150726752828e-07 3.654079215056101e-06 -2.620474757531588e-06 4.080524273777464e-06 -2.473144212620302e-06 4.060758445195047e-06
14.415305103750162 -14.479545654041193 0.2734375 0.40368652 [14.415305103750162,-14.479545654041193] -14.519924385239499 1.1738401716786393 0.00038165969018859336 1.664922278315905e-05 [1358.520019531,850.3754882812] 4.063701949075627 5.163219793796547 2.9973302834000157 31.778748884609968 96.60644405224093 -6.036578648516395e-06 3.63075741067522e-06 -7.7260403680734e-06 4.194105801628987e-06 -8.183158860498357e-06 4.2992535403405006e-06
14.409125297459333 -14.47853088492336 0.27539062 0.4104004 [14.409125297459333,-14.47853088492336] -12.182322568230653 2.8843142821089196 0.00015560357253376674 1.6679032211903206e-05 [1347.756835938,848.513671875] 4.049739246937469 5.149271071950859 2.996391018336672 31.782995929771914 96.93633572832277 -5.02313495307963e-06 3.576299563376622e-06 -6.692963234855664e-06 4.083767290145348e-06 -7.1463330016890785e-06 4.175437400013768e-06
15.423538143948063 -14.360801782809716 0.29101562 0.5605469 [15.423538143948063,-14.360801782809716] 0.3819861387285469 0.5299875879706242 0.0009118601070315888 1.7959846401220594e-05 [3116.892089844,646.1728515625] 4.931623100077687 4.6807182764743995 3.036849304455397 34.872178986214976 45.41321368662466 1.347690820018085e-07 2.4770253384576294e-06 -1.6051639956450038e-06 2.7343632038134782e-06 -1.5166419019915735e-06 2.7305462022361e-06
15.077622323521457 -14.532840839597396 0.27929688 0.45080566 [15.077622323521457,-14.532840839597396] 5.9181531902617905 0.658459948685862 0.0007067365461470243 1.729400645486038e-05 [2511.996582031,951.71484375] 4.693275849112486 5.0198619187033025 3.0587100227595285 32.166938588433936 61.65659288247343 2.3283065225504058e-06 2.866237937734894e-06 4.818884897090626e-07 3.0205005328588016e-06 3.5340373246188443e-07 3.0186512605465465e-06
15.083204257697636 -14.525026370834532 0.27148438 0.375 [15.083204257697636,-14.525026370834532] 1.6030499764689377 0.5858625110080166 0.0007935370720679896 1.727713125184332e-05 [2521.80859375,937.708984375] 4.7229165830449835 5.0220772545961925 3.034997381097659 32.2696822054769 61.433013054035655 6.914806991146051e-07 3.0409867867918487e-06 -1.3457643703732138e-06 3.338703252785807e-06 -1.4748082762703255e-06 3.3462784156386486e-06
15.889412921234698 -13.057051628902656 0.26953125 0.34020996 [15.889412921234698,-13.057051628902656] -1.9865350719064214 0.8699161264548029 0.0006047412432438274 1.9550401169004826e-05 [3950.620361328,-1693.458496094] 3.76007709008369 2.632122006877496 3.2516663279883087 51.24842673643434 34.96680295845317 -8.996453892635917e-07 3.215323430405851e-06 -2.6024776549547985e-06 3.672994638591114e-06 -2.091658790363071e-06 3.6187301704241074e-06
15.904061271324759 -13.04650602278829 0.29296875 0.5629883 [15.904061271324759,-13.04650602278829] -4.0098694033410345 0.8650726182530234 0.0006052728423106583 1.9458638822680266e-05 [3976.455322266,-1712.191894531] 3.822002933122805 2.5810174143983318 3.255694772690763 51.40522314816485 34.38598891757147 -1.4116569970387888e-06 2.513298371138379e-06 -2.757176424367308e-06 2.838223452155913e-06 -2.3202928966215986e-06 2.80844613652846e-06
15.901219412419424 -13.045371019817512 0.29296875 0.5629883 [15.901219412419424,-13.045371019817512] -5.030634228438188 0.6985041755129346 0.0007512011065711024 1.9499969350394808e-05 [3971.494140625,-1714.282226562] 3.822002933122805 2.5810174143983318 3.255694772690763 51.412268206519 34.52787603855177 -1.7710127921374653e-06 2.5241004123702105e-06 -3.1165322194659844e-06 2.860634107494463e-06 -2.679648691720275e-06 2.826885986259717e-06
15.894698122523224 -13.056287647222804 0.29296875 0.5629883 [15.894698122523224,-13.056287647222804] 1.0665430489047227 2.471849543855183 0.00021191169418548696 1.946640073008425e-05 [3959.892822266,-1694.745117188] 3.822002933122805 2.5810174143983318 3.255694772690763 51.26916079758621 34.72916333550211 3.7547181870186854e-07 2.6154943965270593e-06 -9.70047608626651e-07 2.866202768744189e-06 -5.331640808809418e-07 2.857505693011144e-06
14.854566547573569 -13.102221548841717 0.2734375 0.36987305 [14.854566547573569,-13.102221548841717] 2.321452659587005 0.9480290467292667 0.00048648886072930395 1.7139701244833678e-05 [2136.522460938,-1625.468261719] 5.5649600055058785 4.511971908392206 3.365476213705649 48.79659514663979 83.14135284675649 1.0082822537777876e-06 3.0919693920289754e-06 -1.4087605376668344e-06 3.4405002264566034e-06 -9.514136228484898e-07 3.41772087575748e-06
15.322072025325223 -13.416062271262543 0.30078125 0.6477051 [15.322072025325223,-13.416062271262543] -3.4071558557365984 0.31417590645460597 0.0015025215373493394 1.754293627887785e-05 [2952.048583984,-1055.590332031] 4.25363707638827 3.8908146651018742 3.424030212503463 45.849391831437515 58.62125287161234 -1.1182836709716082e-06 2.3166247421855343e-06 -2.5143961724750183e-06 2.6351905362314244e-06 -2.3953119875467053e-06 2.6283022249873697e-06
