data_processed/hvc_rms/hvc_rms_index_2_with_B.ecsv
# %ECSV 1.0
# ---
# datatype:
# - {name: ra_dec_obj.ra, unit: deg, datatype: float64}
# - {name: ra_dec_obj.dec, unit: deg, datatype: float64}
# - {name: 'H-alpha flux [Error]', unit: R, datatype: float32}
# - {name: H-alpha flux, unit: R, datatype: float32}
# - {name: ra_dec_deg, datatype: string, subtype: 'float64[2]'}
# - {name: RM, unit: rad / m2, datatype: float64}
# - {name: RM_uncert, unit: rad / m2, datatype: float64}
# - {name: pol_int, datatype: float64}
# - {name: pol_int_uncert, datatype: float64}
# - {name: ra_dec_pix_offsets, datatype: string, subtype: 'float64[2]'}
# - {name: interpolation_raw, unit: rad / m2, datatype: float64}
# - {name: interpolation_cor, unit: rad / m2, datatype: float64}
# - {name: interpolation_unc, unit: rad / m2, datatype: float64}
# - {name: pixel location x, datatype: float64}
# - {name: pixel location y, datatype: float64}
# - {name: 'B_virtual [raw]', unit: G, datatype: float64}
# - {name: 'B_virtual_unc [raw]', unit: G, datatype: float64}
# - {name: 'B_virtual [int]', unit: G, datatype: float64}
# - {name: 'B_virtual_unc [int]', unit: G, datatype: float64}
# - {name: 'B_virtual [cor]', unit: G, datatype: float64}
# - {name: 'B_virtual_unc [cor]', unit: G, datatype: float64}
# meta: !!omap
# - __serialized_columns__:
#     ra_dec_obj:
#       __class__: astropy.coordinates.sky_coordinate.SkyCoord
#       dec: !astropy.table.SerializedColumn
#         __class__: astropy.coordinates.angles.Latitude
#         unit: &id001 !astropy.units.Unit {unit: deg}
#         value: !astropy.table.SerializedColumn {name: ra_dec_obj.dec}
#       frame: icrs
#       ra: !astropy.table.SerializedColumn
#         __class__: astropy.coordinates.angles.Longitude
#         unit: *id001
#         value: !astropy.table.SerializedColumn {name: ra_dec_obj.ra}
#         wrap_angle: !astropy.coordinates.Angle
#           unit: *id001
#           value: 360.0
#       representation_type: spherical
# schema: astropy-2.0
ra_dec_obj.ra ra_dec_obj.dec "H-alpha flux [Error]" "H-alpha flux" ra_dec_deg RM RM_uncert pol_int pol_int_uncert ra_dec_pix_offsets interpolation_raw interpolation_cor interpolation_unc "pixel location x" "pixel location y" "B_virtual [raw]" "B_virtual_unc [raw]" "B_virtual [int]" "B_virtual_unc [int]" "B_virtual [cor]" "B_virtual_unc [cor]"
[from data line 145]
316.61715696548475 -7.724687034827917 0.3984375 1.6035156 [316.61715696548475,-7.724687034827917] -25.97711492376949 2.7231301880109875 0.00021955768574085705 2.2219063609702675e-05 [-708.4794921875,-2914.868164062] -20.431656052341886 -16.81384342216224 7.28254925341366 5.4818683734253 58.026286475159395 -5.418797875184603e-06 1.773670802243865e-06 -1.156776679688918e-06 2.189540664135836e-06 -1.911448453315916e-06 2.201950110546054e-06
315.8084412719619 -7.9774351479024075 0.37109375 1.3422852 [315.8084412719619,-7.9774351479024075] -23.493742041399322 2.982431912729686 0.00020517357864106313 2.274053482228424e-05 [-2149.49609375,-2456.799804688] -22.213616703860687 -20.628326043821318 6.49994830695723 12.624701723112594 66.52380290890687 -5.35646703342596e-06 1.9468274637872595e-06 -2.918627929555052e-07 2.2821062456512263e-06 -6.533019006096043e-07 2.2841417943366105e-06
315.8050232173579 -7.9785094814599296 0.37109375 1.3422852 [315.8050232173579,-7.9785094814599296] -19.205628522825794 1.4639018177772811 0.0004169340096600297 2.2682346241149203e-05 [-2155.58203125,-2454.845703125] -22.213616703860687 -20.628326043821318 6.49994830695723 12.654918803737132 66.55957984719953 -4.378796526218023e-06 1.7833107506018126e-06 6.858077142524314e-07 2.2062437882955075e-06 3.2436860659833233e-07 2.2039912667700964e-06
316.4803467555833 -7.800635602374059 0.37304688 1.3525391 [316.4803467555833,-7.800635602374059] -31.94394321432355 0.4676476369259799 0.001280173857534499 2.2248277947446127e-05 [-952.3227539062,-2777.890625] -20.80337579841526 -17.9664229442336 7.485372084073118 6.504524297841954 59.89421468861474 -7.255414873641526e-06 1.9916355133975012e-06 -2.530352561293795e-06 2.3671129704166695e-06 -3.174708513091879e-06 2.388077134926908e-06
315.13076800806203 -8.719303134219988 0.37304688 1.3735352 [315.13076800806203,-8.719303134219988] -27.78817493167459 0.37533925427314363 0.0016804877035969863 2.3440562489390903e-05 [-3350.682617188,-1116.375976562] -21.58367213609974 -25.23744525080939 7.2504507933577385 15.757624092567994 80.29407414409889 -6.263091671920373e-06 1.8808060101005185e-06 -1.3984138894662464e-06 2.2844457728940286e-06 -5.749011534880322e-07 2.274986119213866e-06
315.12527489353664 -8.71946237515391 0.37304688 1.3735352 [315.12527489353664,-8.71946237515391] -28.909131242547765 1.0046330578556577 0.0006260708209620055 2.3374354756903453e-05 [-3360.44921875,-1116.037109375] -21.58367213609974 -25.23744525080939 7.2504507933577385 15.814967097909403 80.33086574589242 -6.515740582922218e-06 1.915002685477025e-06 -1.6510628004680921e-06 2.2985333386885956e-06 -8.275500644898776e-07 2.28671830218584e-06
316.90472402223406 -7.501247697422064 0.44726562 2.0908203 [316.90472402223406,-7.501247697422064] 73.22418614081744 3.0226930976984785 0.00020255250941235192 2.2753090041927318e-05 [-195.6640625,-3317.244140625] -19.28511122908038 -15.380748715076617 7.269885901253975 3.693040763504996 53.27451857851338 1.337657202275591e-05 2.3316365131241903e-06 1.689957026853433e-05 3.0470473050325174e-06 1.6186322513604263e-05 2.9704169019860567e-06
314.27969344626376 -7.955799100926769 0.36328125 1.2319336 [314.27969344626376,-7.955799100926769] -52.377522206542466 1.582139284729952 0.0005036287778292765 2.9611741914665216e-05 [-4873.177734375,-2480.514648438] -25.524443522634883 -26.47115596407118 8.465604231729934 28.912463564184918 76.03947806288306 -1.2465219625059728e-05 2.7483770750769116e-06 -6.390709397897155e-06 2.8626557172864673e-06 -6.1654032358808485e-06 2.8478733223436306e-06
314.65139753571145 -8.067089991813752 0.38867188 1.5087891 [314.65139753571145,-8.067089991813752] -38.48369469320698 2.462776829671993 0.000278862835062854 2.552256981593449e-05 [-4210.055664062,-2285.03515625] -22.855862623182375 -24.47661870793047 8.50729507134939 24.37093560676783 75.07945790869417 -8.275821811392107e-06 2.058524455208564e-06 -3.3607260046346887e-06 2.484421027922527e-06 -3.012186482532296e-06 2.473359230950488e-06
315.74542229741195 -6.809079955610759 0.4140625 1.7495117 [315.74542229741195,-6.809079955610759] -37.38566203965606 3.160097600611445 0.00028954255624294136 3.400334200388873e-05 [-2267.801757812,-4558.177734375] -18.522082856301473 -15.857481266231407 8.752714010549507 19.776742070404907 52.187278192390295 -7.466125434008541e-06 1.8933108325609752e-06 -3.767162078549978e-06 2.391981297671126e-06 -4.299297892595996e-06 2.411732355451707e-06
316.71826178291275 -8.014824684485523 0.34960938 1.1264648 [316.71826178291275,-8.014824684485523] 70.51233803786246 2.8092308983177587 0.00021336667882595784 2.2275257692757543e-05 [-527.775390625,-2392.971679688] -21.252463532485322 -18.306911532747456 6.731430345642129 2.8110805599364994 61.07042600786235 1.754910321520109e-05 3.665337396639522e-06 2.2838414085996717e-05 4.807901637739893e-06 2.210532541658704e-05 4.696342556981186e-06
315.7312314918161 -7.660320017628485 0.359375 1.2128906 [315.7312314918161,-7.660320017628485] -23.907434789892704 2.2864614048979544 0.0002764591356017667 2.349110921029789e-05 [-2288.8359375,-3026.915039062] -24.41026854102763 -21.284200633853388 7.210178280588725 15.186699682773906 63.00442414136069 -5.734173039583638e-06 2.026719790226476e-06 1.206041453000044e-07 2.4719825878626872e-06 -6.291799478392762e-07 2.4742990586100534e-06
314.78671286016635 -8.507881079034215 0.375 1.3857422 [314.78671286016635,-8.507881079034215] -28.518476569324974 1.2795279784390359 0.0005123564542013563 2.4362996414472167e-05 [-3964.645507812,-1493.331054688] -23.55540003170248 -25.83963033058554 7.442535746322605 20.544772062977017 79.78686262371275 -6.399318662700151e-06 1.9055467848757318e-06 -1.113674786744355e-06 2.317644961178527e-06 -6.011117279843935e-07 2.312632123424824e-06
317.0308228431739 -7.753601301290946 0.40234375 1.6538086 [317.0308228431739,-7.753601301290946] -45.03147141418421 1.7767884384583401 0.00033266513197660277 2.1966036747066533e-05 [29.3544921875,-2863.2421875] -20.82352311581206 -16.456369404561542 6.806440153934434 0.9599508367340377 55.664022490307616 -9.249582916395174e-06 2.0394693754408985e-06 -4.972376384553836e-06 2.172831966704803e-06 -5.869401267203594e-06 2.223483027139169e-06
315.4382629276851 -7.35983658056887 0.40820312 1.6992188 [315.4382629276851,-7.35983658056887] -38.892401419147525 2.982961962229865 0.00023263257632532755 2.5788551483813603e-05 [-2813.254882812,-3565.384765625] -22.86199507523594 -21.943658613232344 7.741548599540111 19.94235261943186 61.11795508160503 -7.881134657714083e-06 1.94337181023416e-06 -3.2483926526594636e-06 2.2530248063315535e-06 -3.4344838441017043e-06 2.2592336424929433e-06
314.47052002598144 -8.114886263595228 0.390625 1.5136719 [314.47052002598144,-8.114886263595228] -74.57629080695216 1.258226352246443 0.0005657236523153212 2.6452810237370795e-05 [-4531.580078125,-2196.783203125] -23.547389079552097 -24.776438479782904 8.500235004556181 26.02555081063656 76.82858687656699 -1.601155614447587e-05 2.945619589454966e-06 -1.0955923339151112e-05 2.9382047651587402e-06 -1.069204599605462e-05 2.9140468410993595e-06
314.90460228077137 -7.361312163285276 0.4140625 1.7480469 [314.90460228077137,-7.361312163285276] -56.35916446520849 3.0772080845957226 0.00023227832815881933 2.6562824899316345e-05 [-3765.420898438,-3557.75390625] -21.893246503631232 -22.509080437717994 7.664247959753904 25.568568042199786 64.59346628983758 -1.1259954692774785e-05 2.2669918391493664e-06 -6.88591959044787e-06 2.393259896903557e-06 -6.762882596165054e-06 2.3854841957417385e-06
315.15444922353214 -8.38341892772481 0.34179688 1.046875 [315.15444922353214,-8.38341892772481] -26.224575914706207 2.3448040567721242 0.0002715186342802799 2.3660008726998894e-05 [-3311.490234375,-1721.124511719] -22.59900199512991 -24.696677337098485 7.232491447816719 17.324738992851962 75.8765629946538 -6.770327755884879e-06 2.2858554902329393e-06 -9.360046018877529e-07 2.6737933080067924e-06 -3.9445343870570176e-07 2.66910722259811e-06
315.07470710853744 -8.364948148227334 0.36914062 1.3232422 [315.07470710853744,-8.364948148227334] -26.7129337612991 0.7671003920426599 0.0008260765228705437 2.3549472717317856e-05 [-3453.578125,-1753.602050781] -22.959349487048666 -24.9583739278155 7.297908664696429 18.26926161452718 76.14997518451128 -6.134095769249997e-06 1.9109260526673292e-06 -8.619362299157357e-07 2.3331619072907177e-06 -4.0289988915632783e-07 2.3297307861375776e-06
315.330444098607 -8.486744050234279 0.37109375 1.3383789 [315.330444098607,-8.486744050234279] -30.56438858493554 0.270986156512992 0.002317641722842665 2.3340067568496947e-05 [-2997.432617188,-1536.738769531] -21.5138115250686 -23.505929709689298 7.164062159704894 14.900745607736553 76.06761306369845 -6.978704431919066e-06 1.9720333658720278e-06 -2.0664997784463824e-06 2.3131669377078828e-06 -1.61164350133534e-06 2.303266053154771e-06
315.33657847937286 -8.49235713724042 0.37109375 1.3383789 [315.33657847937286,-8.49235713724042] -23.98080413562464 0.42526719968562743 0.0014739368950339464 2.3294290150393865e-05 [-2986.47265625,-1526.688476562] -21.5138115250686 -23.505929709689298 7.164062159704894 14.805356334933663 76.09990047923566 -5.475488038545355e-06 1.8393074988420022e-06 -5.632833850726721e-07 2.2909261355353934e-06 -1.0842710796162961e-07 2.289103643158002e-06
316.1826784828116 -4.424242052728728 0.41992188 1.800293 [316.1826784828116,-4.424242052728728] -12.45455542426585 1.3667481337689897 0.00040649655510716635 2.0646862340159148e-05 [-1492.52734375,-451.8959960938] -7.5787004295442655 -8.346213104123422 6.983503837437794 28.883508449749343 19.64647693988536 -2.451914213464218e-06 1.4498194859375324e-06 -9.59904047723411e-07 1.970196695007593e-06 -8.08804697187942e-07 1.968724267887628e-06
316.5229188195935 -5.576052645039852 0.3828125 1.4472656 [316.5229188195935,-5.576052645039852] -32.94294557332245 2.4381479178724583 0.00023060525481609712 2.089478719781808e-05 [-880.4096679688,1620.719238281] -10.637290954733173 -8.798991599896715 8.372618940945655 18.625217332083594 31.568144987459164 -7.233307689460585e-06 1.996970801453274e-06 -4.8976696000661105e-06 2.5772963077101737e-06 -5.301306391720741e-06 2.5976540276005276e-06
317.9389038730816 -4.295875640690744 0.41210938 1.7270508 [317.9389038730816,-4.295875640690744] 61.592343879215676 3.0253188760450085 0.00018719582282981394 2.104631245824207e-05 [1659.417480469,-682.74609375] -4.683401351706882 -1.9290550289888229 6.884972059973644 11.355221652954924 5.822075858667631 1.2380061776226018e-05 2.4026241119401147e-06 1.3321425497838779e-05 2.8684675060102248e-06 1.276780185761428e-05 2.811673702507524e-06
318.4570616528374 -5.148825537645002 0.41015625 1.715332 [318.4570616528374,-5.148825537645002] 40.817645690657706 2.5173285087271062 0.0002295457724330403 2.147424462629525e-05 [2586.098632812,854.111328125] -2.0777598978870793 -2.1645913022427195 6.524200210686746 0.9138909735256675 12.821639420262727 8.232324613706471e-06 1.941283991045811e-06 8.65137852187107e-06 2.3787490968043255e-06 8.668891151402353e-06 2.3801764170910577e-06
316.7363586450545 -5.7889194880814605 0.37109375 1.3188477 [316.7363586450545,-5.7889194880814605] -29.25511850851063 2.4643513322128188 0.00022834678311431622 2.0912513020824616e-05 [-497.8603515625,2003.610595703] -11.120733540430233 -8.632354906904867 8.251060609280605 15.163260533088987 32.77490257767204 -6.729041085507582e-06 2.043694277532285e-06 -4.17113406924416e-06 2.6459019780018784e-06 -4.74349210144356e-06 2.6726613766458087e-06
317.50131218568055 -4.92884003049344 0.41015625 1.7163086 [317.50131218568055,-4.92884003049344] 44.6102465719299 2.677726503260129 0.00020816082603183618 2.071447462460503e-05 [873.2490234375,455.794921875] -6.452165931854378 -5.205943579884272 6.661709221637841 12.16633210530722 16.770395106501837 8.99467693767677e-06 2.0233535311413923e-06 1.0295614559972535e-05 2.5415904983360247e-06 1.0044341179754635e-05 2.5189906801146065e-06
314.7011716960797 -4.079218498988823 0.34960938 1.097168 [314.7011716960797,-4.079218498988823] 28.579503745684782 2.8952262714237285 0.00022954671707897396 2.469802921794872e-05 [-4152.076171875,-1066.967285156] -3.1334787090178464 -8.266840759033562 8.529977959561968 46.37908889320363 25.509368771935442 7.207203048070238e-06 2.32131954334458e-06 7.997406317646133e-06 3.2276994382486117e-06 9.291941833130986e-06 3.341776695067179e-06
317.27667224874006 -5.484791413802437 0.3984375 1.6020508 [317.27667224874006,-5.484791413802437] 8.646764196422982 1.1592470401835373 0.00047949552516023255 2.0657095504427723e-05 [469.986328125,1456.24609375] -8.95078478542659 -6.5880846777960205 7.187460110182289 11.26578925690319 25.271793268635975 1.804530017650738e-06 1.5064431897293133e-06 3.6725073858222432e-06 2.181832661716768e-06 3.179425445564204e-06 2.163511718248539e-06
314.4548338627594 -2.559513466717434 0.40820312 1.7246094 [314.4548338627594,-2.559513466717434] 4.75757234994108 2.0274656199635763 0.00042771692538111865 3.2226907903847405e-05 [-4601.03515625,-3800.04296875] -10.40194807960991 -8.22047393014989 8.929661744517473 57.92422921071852 8.927358612075295 9.569487167041823e-07 1.4727536471981437e-06 3.049219760386684e-06 2.3622839064485853e-06 2.61043318305277e-06 2.3506356370500533e-06
315.9714963372822 -6.046347188522661 0.47460938 2.3466797 [315.9714963372822,-6.046347188522661] -45.94725758776955 2.721012015554204 0.00021229466284550193 2.1467340198719367e-05 [-1866.620117188,2468.158935547] -15.79151235047232 -14.422357435166733 8.361173685199846 21.71273387655151 41.14740184746279 -7.922847967555222e-06 1.6814949614684526e-06 -5.199861698101218e-06 2.061848049001701e-06 -5.435949917670705e-06 2.072977021213272e-06
316.9985657989229 -6.198440973141415 0.36328125 1.2446289 [316.9985657989229,-6.198440973141415] -12.77114220000021 0.932335415837989 0.0006086036907125563 2.1087032460319006e-05 [-28.2744140625,2740.454345703] -13.219889843083383 -9.810550005786478 7.540768264823338 10.065550831756127 36.13296519636879 -3.023837392574516e-06 1.7505725896515407e-06 1.06250473272826e-07 2.4461830141821044e-06 -7.009826717791591e-07 2.4490661743534697e-06
315.43829354870314 -4.73755515039492 0.42382812 1.8383789 [315.43829354870314,-4.73755515039492] -26.182952569527504 1.971415807528208 0.00029562003908454926 2.165812260063355e-05 [-2826.883789062,114.3540039062] -5.929095291923302 -7.776004149869571 8.63839082363127 34.83357661489663 28.5570700510807 -5.1009344084905075e-06 1.6011785735748744e-06 -3.945834497375464e-06 2.2743129382929786e-06 -3.5860217177499744e-06 2.2615343148976152e-06
315.25399759245425 -6.303434874205103 0.44921875 2.09375 [315.25399759245425,-6.303434874205103] -14.347712180311554 2.6736446920702015 0.0002346007777386883 2.3309976886369174e-05 [-3149.010742188,2933.318359375] -18.134068231011106 -16.192510577121677 9.008491673156648 27.797326225498637 49.112287823979386 -2.6192013023991445e-06 1.4162170452678775e-06 6.91206275586426e-07 2.1412514944494985e-06 3.3677134743610437e-07 2.139582600470562e-06
315.8403320781215 -3.372445765991734 0.47070312 2.3173828 [315.8403320781215,-3.372445765991734] 21.145994058610096 0.5751125820203596 0.0010358140742588728 2.2138254710702295e-05 [-2109.458007812,-2344.048828125] -0.05454689864033048 -4.770906446815216 9.536452104480288 38.66818272883961 9.176761970029474 3.6692546160740335e-06 1.3165218335960212e-06 3.678719598381028e-06 2.1148902489554685e-06 4.49710269237226e-06 2.143821314904111e-06
