data_processed/hvc_rms/hvc_rms_index_20.ecsv
# %ECSV 1.0
# ---
# datatype:
# - {name: ra_dec_obj.ra, unit: deg, datatype: float64}
# - {name: ra_dec_obj.dec, unit: deg, datatype: float64}
# - {name: 'H-alpha flux [Error]', unit: R, datatype: float32}
# - {name: H-alpha flux, unit: R, datatype: float32}
# - {name: ra_dec_deg, datatype: string, subtype: 'float64[2]'}
# - {name: RM, unit: rad / m2, datatype: float64}
# - {name: RM_uncert, unit: rad / m2, datatype: float64}
# - {name: pol_int, datatype: float64}
# - {name: pol_int_uncert, datatype: float64}
# - {name: ra_dec_pix_offsets, datatype: string, subtype: 'float64[2]'}
# - {name: interpolation_raw, unit: rad / m2, datatype: float64}
# - {name: interpolation_cor, unit: rad / m2, datatype: float64}
# - {name: interpolation_unc, unit: rad / m2, datatype: float64}
# - {name: interpolation_cor_unc, unit: rad / m2, datatype: float64}
# - {name: HI, unit: dex(1 / cm2), datatype: float64}
# - {name: 'HI [Error]', unit: dex(1 / cm2), datatype: float64}
# - {name: pixel location x, datatype: float64}
# - {name: pixel location y, datatype: float64}
# meta: !!omap
# - __serialized_columns__:
#     ra_dec_obj:
#       __class__: astropy.coordinates.sky_coordinate.SkyCoord
#       dec: !astropy.table.SerializedColumn
#         __class__: astropy.coordinates.angles.Latitude
#         unit: &id001 !astropy.units.Unit {unit: deg}
#         value: !astropy.table.SerializedColumn {name: ra_dec_obj.dec}
#       frame: icrs
#       ra: !astropy.table.SerializedColumn
#         __class__: astropy.coordinates.angles.Longitude
#         unit: *id001
#         value: !astropy.table.SerializedColumn {name: ra_dec_obj.ra}
#         wrap_angle: !astropy.coordinates.Angle
#           unit: *id001
#           value: 360.0
#       representation_type: spherical
# schema: astropy-2.0
ra_dec_obj.ra ra_dec_obj.dec "H-alpha flux [Error]" "H-alpha flux" ra_dec_deg RM RM_uncert pol_int pol_int_uncert ra_dec_pix_offsets interpolation_raw interpolation_cor interpolation_unc interpolation_cor_unc HI "HI [Error]" "pixel location x" "pixel location y"
[from data line 241]
176.669632228894 -63.92396544058944 5.8125 46.125 [176.669632228894,-63.92396544058944] 493.5895365992265 0.2872520741660075 0.0019003592852896956 2.028652187703598e-05 [1959.501953125,-1724.028808594] 186.32008588368757 242.23031609379402 95.86234531366776 116.74057094811093 0.0 0.0 21.702981701581848 39.34376137070353
174.53590375406458 -65.42916864461323 5.09375 38.8125 [174.53590375406458,-65.42916864461323] 320.7521273326181 0.28868829143831587 0.0017255083949000054 1.8512068555397573e-05 [257.2407226562,947.6010742188] 45.79560492824428 86.8298545959691 35.372829652337614 55.54605384998235 18.219913482666016 9.109956741333008 1.3906564763465212 45.138195907127965
174.53398104257462 -65.43006140981653 5.09375 38.8125 [174.53398104257462,-65.43006140981653] 320.65329884225906 0.33003378391677834 0.0015116264353968178 1.854007899146237e-05 [255.79296875,949.2001953125] 45.79560492824428 86.8298545959691 35.372829652337614 55.54605384998235 18.219913482666016 9.109956741333008 1.3776831273928565 45.144413708378806
180.25924686120652 -64.06224810391981 4.75 35.59375 [180.25924686120652,-64.06224810391981] 742.4040625217045 2.8835340792145367 0.00023932384558504938 2.5646007467109154e-05 [4767.66784668,-1284.772460938] 198.00839527913365 253.66378784765743 96.8049511584561 120.78123207434516 0.0 0.0 24.265853513928732 20.55028408378348
173.55781557618286 -64.93277735944936 5.65625 44.484375 [173.55781557618286,-64.93277735944936] 340.83022486415786 1.0775053028074557 0.00045330179323807096 1.8151626909654688e-05 [-483.8178710938,55.8525390625] 86.26504528670968 122.550627568889 48.503843068667955 72.61736891881132 18.71280860900879 9.356404304504395 5.679167548052192 51.58111080516551
177.64027406267627 -65.73142233840294 4.71875 35.03125 [177.64027406267627,-65.73142233840294] 343.12038333594495 2.1087247025555746 0.00023748370927505753 1.861068731042764e-05 [2549.438476562,1560.36328125] 46.60486234507174 68.10587554927619 28.274937277158124 44.06669664994697 16.663837432861328 8.331918716430664 1.8492143492806008 29.29294921300152
177.44015481151985 -65.56150817575427 4.65625 34.546875 [177.44015481151985,-65.56150817575427] 487.3419493576273 1.4127457822440428 0.00034715757210351523 1.8226335697157946e-05 [2417.417480469,1247.121582031] 50.57379155562461 80.30027357808781 30.220326386875804 49.152089551765656 0.0 0.0 3.5975113687043176 30.738412910997567
177.19425984083378 -62.40131775164443 7.03125 58.390625 [177.19425984083378,-62.40131775164443] 13.284414256049672 2.9552444628158967 0.00026605350145136387 2.921938658468001e-05 [2502.13671875,-4442.453125] 403.6331904088783 270.3995164579261 168.3848441234778 124.09857780187973 0.0 0.0 40.115302859156145 41.051792224523524
175.62059031559184 -65.60634620647419 4.59375 33.984375 [175.62059031559184,-65.60634620647419] 252.22418856727626 1.9002959601904383 0.0002524551627775161 1.7828475346676323e-05 [1061.761230469,1277.772460938] 43.18150544710976 76.53144013983581 34.36236751911142 51.70158421311431 18.335704803466797 9.167852401733398 0.8139763897927423 39.357288847521204
175.37193279117523 -64.07968907014796 6.15625 49.65625 [175.37193279117523,-64.07968907014796] 542.566592106206 2.3638814155484393 0.0002166047818785826 1.9028406893728117e-05 [928.1064453125,-1473.45703125] 168.66253695305807 215.55838233637485 95.4470417715782 105.76386071403644 0.0 0.0 18.13668507315583 45.460639564223584
179.70161439580596 -62.311107798666534 6.40625 52.15625 [179.70161439580596,-62.311107798666534] 842.9402460906955 2.0299247800722315 0.0004503152699668895 3.3970764630259454e-05 [4600.889160156,-4463.612304688] 382.5820913268376 332.2518344448707 147.29324498438572 152.08666534726632 0.0 0.0 44.26275486882241 27.678882295079347
175.48022453460396 -62.77956028605974 21.75 205.375 [175.48022453460396,-62.77956028605974] 116.55079915462132 1.8154611435904577 0.0003655651506016852 2.4663826062565364e-05 [1060.291015625,-3810.7265625] 360.3599128153842 290.7434487369143 179.3580399977699 133.84617226735173 0.0 0.0 33.327970173771746 49.06362096084786
179.86880498116918 -64.0816420145373 4.6875 34.765625 [179.86880498116918,-64.0816420145373] 1012.54394354945 0.16683413140203526 0.003741250393735697 2.319585489604701e-05 [4458.777099609,-1278.479003906] 198.05385874694693 265.50687802998516 90.8286610910876 125.20881427491778 0.0 0.0 23.633714006835362 22.513692254763328
179.87260444436816 -64.08148963250389 4.6875 34.765625 [179.87260444436816,-64.08148963250389] 1012.0087544676765 0.20193915153319777 0.0031045848440920303 2.329875762029828e-05 [4461.776123047,-1278.484375] 198.05385874694693 265.50687802998516 90.8286610910876 125.20881427491778 0.0 0.0 23.639493905462587 22.4945235841692
179.86401353398887 -64.08312216135582 4.6875 34.765625 [179.86401353398887,-64.08312216135582] 1012.7306520849924 0.6586191445540635 0.0009453653404455887 2.3138901085864444e-05 [4454.7890625,-1276.163085938] 198.05385874694693 265.50687802998516 90.8286610910876 125.20881427491778 0.0 0.0 23.611280728234306 22.534768719876638
179.83959971688915 -64.16606135386589 4.78125 35.71875 [179.83959971688915,-64.16606135386589] 258.5142964785203 3.0464732916107713 0.00020327987777949016 2.3014443033694332e-05 [4422.460693359,-1129.19140625] 182.90037639333286 257.74549337502856 87.08661233833217 124.1037580951535 0.0 0.0 22.61057983925957 22.460518230042226
177.15525835498838 -64.02432243117161 5.5 42.859375 [177.15525835498838,-64.02432243117161] 456.78999269776523 2.1421069818446155 0.000244378024384896 1.9454138768542383e-05 [2334.915527344,-1527.100585938] 183.26093753095716 258.62207049454054 85.97396693680517 123.99914567818305 0.0 0.0 21.160912651195076 36.56822765621109
177.1526794614807 -64.01881415725379 5.5 42.859375 [177.1526794614807,-64.01881415725379] 500.2332309355877 2.217046822219555 0.00023666848442862825 1.9499523460884194e-05 [2333.345214844,-1537.098632812] 183.26093753095716 258.62207049454054 85.97396693680517 123.99914567818305 0.0 0.0 21.22179501066921 36.597334802925616
180.88238529161728 -66.14876552974529 4.4375 32.34375 [180.88238529161728,-66.14876552974529] 215.4717219464822 1.5076972510627635 0.00044125575831433547 2.47236867293652e-05 [4858.444091797,2499.078613281] 33.08770700704683 46.36038289037875 31.501824739959535 31.85374979984727 0.0 0.0 0.27921118891231345 12.702336392937013
175.14849828595885 -62.98921181589394 47.25 460.125 [175.14849828595885,-62.98921181589394] -643.3116247513659 0.34395380552572447 0.0017754892019849438 2.2694826002567407e-05 [781.6196289062,-3438.46875] 313.8158052568149 252.040271593098 175.75400674981964 116.36514384445725 17.505311965942383 8.752655982971191 30.417562563144656 50.13653305697494
181.20638985080438 -65.14666741720094 5.09375 38.875 [181.20638985080438,-65.14666741720094] 616.5730719984241 1.709344184393991 0.0004379887641637022 2.7822822908326722e-05 [-3475.366210938,564.86328125] 75.41544347810786 135.55007335559998 44.11779904012269 70.08735775185644 0.0 0.0 12.394967974933252 13.321888274307867
181.20353657679857 -65.14739222401352 5.09375 38.875 [181.20353657679857,-65.14739222401352] 614.9764218022771 3.3047517490159652 0.00022594343340642204 2.7748995610086754e-05 [-3477.422851562,566.3212890625] 75.41544347810786 135.55007335559998 44.11779904012269 70.08735775185644 0.0 0.0 12.383822214894735 13.334492417889578
183.19027659203292 -66.06870269781992 5.5625 43.640625 [183.19027659203292,-66.06870269781992] 565.1554539127515 1.6904859088805055 0.0003671711851692136 2.3066879640142457e-05 [-1908.544921875,2137.424804688] 47.97513919220339 54.58321411066903 33.247807773009654 34.57938270218931 0.0 0.0 3.1043373305931254 1.7841128127151933
182.43107663288794 -64.52117922642088 5.46875 42.6875 [182.43107663288794,-64.52117922642088] 551.6892953532858 2.94822539954233 0.0001986673470787643 2.1766864762514195e-05 [-2611.10546875,-617.7568359375] 148.5261688332452 238.10864287286816 75.98724839693745 111.53253401330957 0.0 0.0 20.856521579478795 8.440288225686345
180.2930906363903 -66.03966515388309 4.40625 32.171875 [180.2930906363903,-66.03966515388309] 230.581742576988 0.35318529040954527 0.002507330839364381 3.290962648314399e-05 [-4022.979492188,2221.145263672] 31.20508924445448 45.85127530242597 30.307904154933375 31.812572180389523 18.11577796936035 9.057888984680176 1.0214604052032428 15.770545915606817
182.67736847454466 -64.94461817112341 5.5625 43.65625 [182.67736847454466,-64.94461817112341] 413.0726145291536 2.291710847178353 0.0002584077639156235 2.2007670822640222e-05 [-2383.080078125,133.6997070312] 101.5500772298594 175.41408665576168 51.8117588728756 82.02230735693315 0.0 0.0 16.041174813679845 6.3837456984224445
179.8357854497674 -65.90019239162112 4.59375 33.828125 [179.8357854497674,-65.90019239162112] 254.94224464369063 2.984545631742746 0.00031022060979686924 3.4407852967917114e-05 [-4379.436523438,2001.551757812] 35.8392534612792 57.19375990707935 31.80652254826024 38.11893174117024 17.925203323364258 8.962601661682129 2.220829070097352 18.296754501549458
183.70474300537307 -63.15384304969906 5.6875 44.796875 [183.70474300537307,-63.15384304969906] 1.6695058250038035 2.5075801524789134 0.00026950610446730615 2.5114939340291464e-05 [-1707.0390625,-3119.802734375] 468.7334132191551 313.5197243215943 241.0522686576595 141.50601575272793 0.0 0.0 38.09484881611115 4.262123743041002
183.22158759603096 -65.64615623970433 5.78125 45.9375 [183.22158759603096,-65.64615623970433] 446.5661298570213 1.5150865109852818 0.00039708368242144835 2.235775411205963e-05 [-1917.0078125,1376.6484375] 65.78449884007614 88.69001707497307 38.272014573445475 48.411843488480436 0.0 0.0 8.140892644791393 2.3911449721597364
180.58215350718342 -64.2865753381 4.6875 34.828125 [180.58215350718342,-64.2865753381] 775.2254754068385 2.6739039479142623 0.00025014240993660524 2.4856606392479026e-05 [-4073.348632812,-941.392578125] 155.5152835542765 235.09957654519184 80.2367131598922 111.26522288662981 0.0 0.0 21.947670154414936 18.376194207253548
183.28192102150405 -63.78406908077097 5.71875 45.09375 [183.28192102150405,-63.78406908077097] 27.13397803855422 0.12207292460381196 0.00511087646227158 2.318587211588824e-05 [-2005.75390625,-1974.086914062] 294.1924785866481 293.8959902780073 146.01395652664382 135.68142621678086 0.0 0.0 30.283640080118175 5.409242915987534
183.28652975511005 -63.7868612764548 5.71875 45.09375 [183.28652975511005,-63.7868612764548] -0.7528342961830945 0.1542604838522718 0.004070398611473156 2.3334598562153307e-05 [-2001.89453125,-1969.211914062] 294.1924785866481 293.8959902780073 146.01395652664382 135.68142621678086 0.0 0.0 30.25412063404565 5.380114044906577
183.28714034632387 -63.785407922440925 5.71875 45.09375 [183.28714034632387,-63.785407922440925] 1.7612282935445498 0.19506613674995843 0.003215290123628665 2.3308308230623684e-05 [-2001.512695312,-1971.844726562] 294.1924785866481 293.8959902780073 146.01395652664382 135.68142621678086 0.0 0.0 30.271847851159237 5.3794948229010515
179.8710021633683 -64.08164991358122 4.6875 34.765625 [179.8710021633683,-64.08164991358122] 1012.734591664628 0.1875953094656524 0.003886229756480941 2.709312815412737e-05 [-4660.435546875,-1259.713378906] 198.05385874694693 265.50687802998516 90.8286610910876 125.20881427491778 0.0 0.0 23.635927658242053 22.50237660173184
179.86840787698532 -64.08342746707092 4.6875 34.765625 [179.86840787698532,-64.08342746707092] 1012.7469596105615 0.3980330860369078 0.0018298046134719369 2.7066530844819285e-05 [-4662.16796875,-1256.336914062] 198.05385874694693 265.50687802998516 90.8286610910876 125.20881427491778 0.0 0.0 23.612305274890105 22.51144323045355
180.8831637727231 -66.14911652105882 4.4375 32.34375 [180.8831637727231,-66.14911652105882] 211.10970309063023 1.2470152035632762 0.0006874541011274042 3.185841452251864e-05 [-3577.975585938,2381.986572266] 33.08770700704683 46.36038289037875 31.501824739959535 31.85374979984727 0.0 0.0 0.2757711727590504 12.697835166134155
183.37271069114985 -65.68487541014464 5.8125 46.265625 [183.37271069114985,-65.68487541014464] 260.554452468369 1.159665993413392 0.0005088482486525137 2.1929559555179053e-05 [-1802.245117188,1441.837402344] 65.98801258297026 88.34969015441109 38.28117870249482 49.28246832196639 0.0 0.0 7.792024076336247 1.5821484311613858
180.47055109561092 -65.07800295463475 4.34375 31.359375 [180.47055109561092,-65.07800295463475] 702.2949420175086 2.2226569062379604 0.000751738603344995 6.209376378705036e-05 [-4040.384765625,485.365234375] 78.63764523438927 149.0656789999899 42.30657258425421 75.54169764630257 0.0 0.0 12.5150501317014 17.130540402621364
180.46611031295714 -65.07964314593954 4.34375 31.359375 [180.46611031295714,-65.07964314593954] 683.668675458367 2.2144699282912716 0.0007559803684780624 6.221412651556145e-05 [-4043.489257812,488.5908203125] 78.63764523438927 149.0656789999899 42.30657258425421 75.54169764630257 0.0 0.0 12.491437798028755 17.14883813974143
180.47184775762472 -65.07723241719457 4.34375 31.359375 [180.47184775762472,-65.07723241719457] 697.0022324636424 2.2508748401522434 0.000740563952075581 6.194733367176495e-05 [-4039.522460938,483.900390625] 78.63764523438927 149.0656789999899 42.30657258425421 75.54169764630257 0.0 0.0 12.525379404918112 17.125866714338827
182.93478345372702 -65.09312445663126 5.75 45.375 [182.93478345372702,-65.09312445663126] 339.3233461241747 2.847893867604228 0.00020692901089189628 2.1900492703966033e-05 [-2174.985351562,391.43359375] 81.63105845165514 152.26717416686702 49.43609820722137 73.72450238462022 0.0 0.0 14.48364676178062 4.816489197675992
181.66108657800504 -65.14945229072859 5.1875 39.859375 [181.66108657800504,-65.14945229072859] 473.8352086693835 2.527887590411736 0.00025644690536737126 2.4091504581217666e-05 [-3132.045898438,546.1137695312] 79.75106375108317 133.43691812258453 45.710312377478594 69.03672644321298 0.0 0.0 12.766819729664803 11.056307224427655
183.2821044416339 -64.74961096008809 6.40625 52.140625 [183.2821044416339,-64.74961096008809] 189.0835904350424 0.6863593296412421 0.0008513908274159134 2.1716468958056958e-05 [-1936.653320312,-237.62109375] 114.12769790716658 201.35295646032955 59.90118836450809 97.135922007982 0.0 0.0 18.82512732498776 3.691044405523826
183.28942880506128 -64.7474213774479 6.40625 52.140625 [183.28942880506128,-64.7474213774479] 160.9228818770415 0.41933199045825176 0.0013997410147617818 2.1812949158395737e-05 [-1931.19140625,-241.783203125] 114.12769790716658 201.35295646032955 59.90118836450809 97.135922007982 0.0 0.0 18.85666635382654 3.6578318278479856
182.5076593366584 -65.15101609199967 5.3125 41.09375 [182.5076593366584,-65.15101609199967] 477.0883084634098 0.24955295977730146 0.0025353899740549616 2.351344141494099e-05 [-2492.861328125,511.27734375] 84.34860870625963 142.90893951731505 47.55470372508308 69.25559852971251 0.0 0.0 13.45941017831069 6.83914858669641
182.48287901991557 -65.15483082892565 5.3125 41.09375 [182.48287901991557,-65.15483082892565] 469.61725423371337 0.2999018010857605 0.0021117834000358173 2.3536243518529892e-05 [-2511.212890625,519.1147460938] 84.34860870625963 142.90893951731505 47.55470372508308 69.25559852971251 0.0 0.0 13.394197677422198 6.955269947842453
182.5025328355943 -65.15274042418083 5.3125 41.09375 [182.5025328355943,-65.15274042418083] 475.2394786003136 0.30422834557624745 0.002091897219856204 2.3650957169933444e-05 [-2496.5703125,514.5791015625] 84.34860870625963 142.90893951731505 47.55470372508308 69.25559852971251 0.0 0.0 13.434845688808082 6.861375716642669
179.63296478476857 -65.1609572366123 5.5625 43.59375 [179.63296478476857,-65.1609572366123] 589.758399574865 2.493236590174505 0.00034139079095234936 3.1631806613386336e-05 [-4657.912109375,691.6577148438] 66.98160836042513 131.93864819679024 38.66908067990558 67.62382447649188 0.0 0.0 10.703954567456094 21.083979982366145
