data_processed/hvc_rms/hvc_rms_index_0.ecsv
# %ECSV 1.0
# ---
# datatype:
# - {name: ra_dec_obj.ra, unit: deg, datatype: float64}
# - {name: ra_dec_obj.dec, unit: deg, datatype: float64}
# - {name: 'H-alpha flux [Error]', unit: R, datatype: float32}
# - {name: H-alpha flux, unit: R, datatype: float32}
# - {name: ra_dec_deg, datatype: string, subtype: 'float64[2]'}
# - {name: RM, unit: rad / m2, datatype: float64}
# - {name: RM_uncert, unit: rad / m2, datatype: float64}
# - {name: pol_int, datatype: float64}
# - {name: pol_int_uncert, datatype: float64}
# - {name: ra_dec_pix_offsets, datatype: string, subtype: 'float64[2]'}
# - {name: interpolation_raw, unit: rad / m2, datatype: float64}
# - {name: interpolation_cor, unit: rad / m2, datatype: float64}
# - {name: interpolation_unc, unit: rad / m2, datatype: float64}
# - {name: interpolation_cor_unc, unit: rad / m2, datatype: float64}
# - {name: pixel location x, datatype: float64}
# - {name: pixel location y, datatype: float64}
# meta: !!omap
# - __serialized_columns__:
#     ra_dec_obj:
#       __class__: astropy.coordinates.sky_coordinate.SkyCoord
#       dec: !astropy.table.SerializedColumn
#         __class__: astropy.coordinates.angles.Latitude
#         unit: &id001 !astropy.units.Unit {unit: deg}
#         value: !astropy.table.SerializedColumn {name: ra_dec_obj.dec}
#       frame: icrs
#       ra: !astropy.table.SerializedColumn
#         __class__: astropy.coordinates.angles.Longitude
#         unit: *id001
#         value: !astropy.table.SerializedColumn {name: ra_dec_obj.ra}
#         wrap_angle: !astropy.coordinates.Angle
#           unit: *id001
#           value: 360.0
#       representation_type: spherical
# schema: astropy-2.0
ra_dec_obj.ra ra_dec_obj.dec "H-alpha flux [Error]" "H-alpha flux" ra_dec_deg RM RM_uncert pol_int pol_int_uncert ra_dec_pix_offsets interpolation_raw interpolation_cor interpolation_unc interpolation_cor_unc "pixel location x" "pixel location y"
[from data line 247]
318.420898547982 -10.712214519678271 0.41601562 1.7700195 [318.420898547982,-10.712214519678271] -17.634989385068767 1.459222507402623 0.00042757312378102736 2.318678961930431e-05 [2487.399902344,2466.613037109] -19.239204323949952 -18.904519873539925 6.067372318915925 5.952518231266479 62.27457718813173 39.36329464060009
317.3043824019467 -8.939060223037904 0.41796875 1.7895508 [317.3043824019467,-8.939060223037904] -31.389514873894708 1.631649024821151 0.0003608961115846479 2.188354375768376e-05 [515.6928710938,-729.5678710938] -20.82162477067446 -18.503667313256095 7.05660088616203 7.09224280380054 83.56278004016235 23.165431844461637
318.57275387010793 -11.361035391210999 0.3359375 0.98168945 [318.57275387010793,-11.361035391210999] -23.72885023857031 2.3704077460799495 0.00029065665260410636 2.5604248199480565e-05 [2749.808105469,3635.08984375] -14.914199331810666 -17.45537616957325 6.207775149836828 6.181659214095376 57.285390428599044 47.13503029776166
315.6118467165688 -9.53409469870948 0.37304688 1.3696289 [315.6118467165688,-9.53409469870948] -33.515474410205535 0.37993461776333604 0.0015770592970416736 2.2267199097333037e-05 [-2489.407226562,346.2280273438] -20.75680325872086 -21.709208499608962 7.26835958091174 8.264012298532013 98.29311639261232 41.69345618341322
316.8807676887956 -8.991288069511965 0.40039062 1.6201172 [316.8807676887956,-8.991288069511965] -95.63380988502153 2.824566251552311 0.0002099736337438606 2.204069237082045e-05 [-237.515625,-635.7255859375] -20.210664311577734 -18.5873913355346 7.260887518763274 7.880527451747968 87.75993838394197 26.593034555313352
316.87631219290085 -9.006248394207526 0.40625 1.6914062 [316.87631219290085,-9.006248394207526] -48.71422038372794 1.5348531144941675 0.0003876305080081016 2.2110240844718186e-05 [-245.4267578125,-608.7944335938] -20.451593053568097 -18.470594387997675 7.390805451991099 7.972086329041358 87.72615705332555 26.815759403300945
316.8782042308386 -8.99913012634079 0.40820312 1.6943359 [316.8782042308386,-8.99913012634079] -56.394407920742964 2.423410719055526 0.00024422010424404484 2.1994654278849625e-05 [-242.0678710938,-621.6083984375] -20.231760719013465 -18.346510570865497 7.381022339709624 7.944022715634327 87.74463837084386 26.71125662729446
316.8821716826347 -8.999471798189605 0.40820312 1.6943359 [316.8821716826347,-8.999471798189605] -69.85866759099788 3.0876322557474647 0.00019200262275357482 2.2031366420210007e-05 [-235.0141601562,-620.99609375] -20.231760719013465 -18.346510570865497 7.381022339709624 7.944022715634327 87.70081481841589 26.690036197984682
318.46447743058496 -11.281049662943488 0.31640625 0.78222656 [318.46447743058496,-11.281049662943488] -14.20627303252763 2.184171584121119 0.0003046312393753637 2.4726912568478524e-05 [2559.510253906,3490.388427734] -16.30584761478024 -18.420741222322405 6.1409685799661595 6.177928643007094 58.848659899823474 46.73915713171664
317.1819153758523 -11.574573507777467 0.34375 1.0595703 [317.1819153758523,-11.574573507777467] -32.020339353274096 2.3270940987582174 0.00031654430900056416 2.737519099870272e-05 [295.4697265625,4013.195800781] -15.773414358213502 -17.421402119212622 6.323294969000394 6.054941111115981 70.96960096195005 58.6904091006445
317.1809692332426 -11.569478950918585 0.34375 1.0595703 [317.1809692332426,-11.569478950918585] -30.464656347289786 1.125422284348668 0.0006500395549103738 2.7187169681835025e-05 [293.806640625,4004.031738281] -15.773414358213502 -17.421402119212622 6.323294969000394 6.054941111115981 71.00570502500705 58.62815824463269
319.489349387243 -11.063775007711218 0.34375 1.0541992 [319.489349387243,-11.063775007711218] -12.703306212691718 1.1688925012902802 0.0006716746969716881 2.9177109399235248e-05 [4370.824707031,3109.562011719] -13.769196243980979 -14.310727867200972 6.279957790896492 5.864660604044916 49.10498959381914 37.2390630378336
317.8293151349118 -10.256627910157645 0.46484375 2.2451172 [317.8293151349118,-10.256627910157645] -59.47491338247287 2.493486251349758 0.00023504223844244987 2.1780186569123596e-05 [1443.428710938,1643.432128906] -20.899932782994377 -18.659570343695286 6.644823768565664 6.17981540398573 70.94607224387596 37.076261317853096
319.48556516182464 -9.147624079353424 0.3125 0.7297363 [319.48556516182464,-9.147624079353424] -13.34671667087375 2.7791789566092127 0.0002592224945161287 2.6773053228772236e-05 [4390.232910156,-339.0004882812] -9.254648737845509 -12.757062214598387 6.4175226078035985 4.6882683976700665 59.39531868787776 11.469324165556827
317.94680780117295 -10.897171046209778 0.33007812 0.9030762 [317.94680780117295,-10.897171046209778] -19.571832402768372 0.4393985082354324 0.0013654931943487395 2.229753330373199e-05 [1648.069824219,2796.647705078] -19.66853014228879 -19.168141796694467 6.185192127043565 5.800141083825913 66.33774937727594 44.85759002334362
317.95346074522666 -10.902860602913439 0.31835938 0.7939453 [317.95346074522666,-10.902860602913439] -24.08870746002642 2.5008358660161636 0.00023822880051342006 2.2140537322004705e-05 [1659.795898438,2806.916259766] -19.61727380157616 -19.225801218518384 6.09856471738839 5.810363252183125 66.23748501489399 44.89156283290049
317.8977967524411 -7.709133382356608 0.44726562 2.1064453 [317.8977967524411,-7.709133382356608] -75.07603281069765 1.7051981595662438 0.0003587949594544703 2.2736828794467182e-05 [1575.743652344,-2941.283203125] -12.065587993647902 -14.227429063119464 6.6511299404161175 7.399004753031047 84.07620272215536 3.3066696363039227
316.9883422565209 -8.31297392769626 0.36132812 1.2426758 [316.9883422565209,-8.31297392769626] -22.606191928188334 0.6552501361800989 0.000902968329228168 2.1988132287277077e-05 [-46.34619140625,-1856.638183594] -19.783385860024346 -18.42093335573177 7.168619278122375 8.182652794370174 90.31961986768192 17.128249750040595
316.50936877645483 -9.443079059259338 0.39453125 1.5859375 [316.50936877645483,-9.443079059259338] -33.37171516352987 1.8930717240998736 0.00031043835981971294 2.183992547378784e-05 [-896.658203125,178.091796875] -22.468919894452526 -21.127372823719718 7.010409408058475 7.688919496635515 89.26209687915184 34.83760410756349
315.51483145942086 -9.575411872974176 0.30664062 0.7114258 [315.51483145942086,-9.575411872974176] -22.57347942126703 0.7338278635789679 0.0008226289151994125 2.2434008078213126e-05 [-2661.244140625,421.3061523438] -21.01115243793849 -21.701636876378966 7.444445664539106 8.171544177544911 99.10293130585296 42.834307597008774
315.52191148049087 -9.57495020674955 0.30664062 0.7114258 [315.52191148049087,-9.57495020674955] -31.886674849497957 1.218890080313263 0.0004953022225720795 2.2435901393673578e-05 [-2648.685546875,420.421875] -21.01115243793849 -21.701636876378966 7.444445664539106 8.171544177544911 99.0302553955238 42.78399202298078
316.52139271681006 -11.185878690770231 0.39257812 1.5395508 [316.52139271681006,-11.185878690770231] -24.48371472542127 1.6376180397099944 0.0003783764771937899 2.3027428708211117e-05 [-870.4711914062,3314.527587891] -19.611253932963347 -18.564775486901517 6.814551983660066 6.530093414921394 79.98806777847278 57.592707096937374
317.7981566881429 -9.762718116784786 0.51953125 2.7998047 [317.7981566881429,-9.762718116784786] -83.6841199718873 0.907884352411042 0.0006421364001824877 2.1665390599656545e-05 [1390.357421875,754.3344726562] -21.775597394183272 -19.383123027862002 6.659538848520656 6.071030647532977 73.9016434128539 30.74585300447916
316.2152710614799 -9.992795078274337 0.390625 1.5200195 [316.2152710614799,-9.992795078274337] -53.284250121623785 2.6268899897724833 0.0002248108451968706 2.1946630263596917e-05 [-1416.495117188,1168.519042969] -18.946832138222014 -19.381111510582542 7.099180990819635 7.765937769494803 89.45988127424528 43.84440323326453
316.9721985879643 -7.30844540626203 0.46679688 2.2851562 [316.9721985879643,-7.30844540626203] -23.640598576555753 0.20339890195921975 0.0032188231653446937 2.4330690004468577e-05 [-75.28271484375,-3664.115234375] -18.55695591837876 -14.72753707378142 7.733673952179722 9.193652533808784 96.05990702039855 4.367659944871775
316.9649353050983 -7.312907450129007 0.46679688 2.2851562 [316.9649353050983,-7.312907450129007] -36.72615842773381 0.1410223051247964 0.0046211421491164795 2.421842188553477e-05 [-88.24951171875,-3656.086914062] -18.55695591837876 -14.72753707378142 7.733673952179722 9.193652533808784 96.1113836734728 4.472920438922301
316.96896374689703 -7.311190875581638 0.46679688 2.2851562 [316.96896374689703,-7.311190875581638] -30.384608753591383 1.0943157794660783 0.000597996933410447 2.4319258083400312e-05 [-81.0576171875,-3659.17578125] -18.55695591837876 -14.72753707378142 7.733673952179722 9.193652533808784 96.07858685995325 4.424199814335225
316.45431531716685 -10.160506184318608 0.44335938 2.0507812 [316.45431531716685,-10.160506184318608] -60.34813990488198 0.7916279205478046 0.0007415526791973122 2.1815833720537473e-05 [-992.2563476562,1469.557128906] -18.2331727428655 -19.67062269540123 7.287500360488322 7.512353933943129 86.03858741636964 44.53064990283383
317.5192566748699 -7.866970755543585 0.36523438 1.2827148 [317.5192566748699,-7.866970755543585] -48.89471390819629 1.6531274606460038 0.00035794096363498626 2.199006161689031e-05 [900.2416992188,-2658.608398438] -14.15350114334327 -13.787068658494842 6.251346285256619 7.793062085507206 87.18294088113157 7.874795891786562
316.53793332484366 -10.067950300489416 0.47265625 2.3496094 [316.53793332484366,-10.067950300489416] -73.63263176566058 0.3580179145082234 0.0016351935249325933 2.1756178848896382e-05 [-844.3540039062,1302.75390625] -18.40375562220453 -19.375126480091435 7.5172057855360555 7.581674682561242 85.63906952608909 42.79486862003159
316.5395508253133 -10.06351090496803 0.46484375 2.2734375 [316.5395508253133,-10.06351090496803] -72.5995155515548 0.6827259700948832 0.0008537104370216146 2.1660362337944553e-05 [-841.4990234375,1294.759765625] -18.452864569159694 -19.26113663752427 7.628667646227861 7.647622777555803 85.6453368783043 42.726659528996606
317.7944641646094 -8.105440099540253 0.3515625 1.1391602 [317.7944641646094,-8.105440099540253] -52.638886156031475 1.7844539704741083 0.00033560789128506 2.22559541068673e-05 [1390.110351562,-2228.592773438] -14.370217643027098 -14.929098845798952 6.121440154808546 7.029356806546669 82.96005083777322 9.11928788827845
319.55541992572984 -8.969244965797346 0.3125 0.7324219 [319.55541992572984,-8.969244965797346] -24.193946739962662 1.9579838810210046 0.0003745476992803059 2.7253667242504373e-05 [4516.494384766,-659.189453125] -9.224955549150247 -11.810090625219532 6.28176264656263 4.6010303824571785 59.6367952673113 8.625587004417866
319.2270812317815 -11.294554767260399 0.3515625 1.1347656 [319.2270812317815,-11.294554767260399] -5.68377070381049 2.1641528978418982 0.00035415930559578224 2.848362773313632e-05 [3904.795166016,3521.666748047] -16.160693649067653 -16.771468452936055 6.589931034155731 6.313155804201104 50.684430685358166 42.068185009195076
319.05160522377145 -9.128933073385808 0.45507812 2.1699219 [319.05160522377145,-9.128933073385808] -61.427646742709456 1.2669106448238696 0.0004990352212699669 2.349556467548471e-05 [3619.827636719,-377.5678710938] -11.395481977061955 -14.431807441752499 7.261829872311693 5.195833421308917 64.07499480441334 14.131022556837252
318.5178833250118 -9.696209852354814 0.4140625 1.7475586 [318.5178833250118,-9.696209852354814] 13.79382610291868 0.22686701434881854 0.0026508982088071184 2.2349772689819652e-05 [2667.372558594,638.7592773438] -19.21712894280298 -18.358391918750947 6.709304025503719 5.4887598698242765 66.64146594852116 25.183540377175632
318.87731939908144 -10.507124008588843 0.33203125 0.9343262 [318.87731939908144,-10.507124008588843] -17.220865997060265 2.9402592713528537 0.0002194506426652229 2.3979006657689928e-05 [3296.518798828,2101.284179688] -15.612887223989794 -17.705709171951455 6.550920894125894 5.685345198162642 58.51617023343886 33.67072314690995
317.5062255078938 -9.689749691373875 0.5234375 2.859375 [317.5062255078938,-9.689749691373875] -102.80606547521157 1.8917439551037274 0.00030888495250564954 2.1715398823231484e-05 [872.7138671875,622.0590820312] -22.64458395941494 -18.799247419484367 6.9338487816810765 6.57262996572758 77.38302586618306 31.669601085434806
316.2931823745662 -8.079337003066929 0.37890625 1.4072266 [316.2931823745662,-8.079337003066929] -35.931763219098094 2.791208455342049 0.00021351261249777522 2.2147489768450957e-05 [-1285.208007812,-2275.786132812] -20.38980722639445 -19.625067249621985 6.945128286233129 8.57693559536502 98.94397362145241 18.674136393033223
317.39047234016994 -11.296320910452343 0.5703125 3.305664 [317.39047234016994,-11.296320910452343] -35.464957331719035 2.8658172081666766 0.0002235881245486535 2.3812550958499017e-05 [663.884765625,3512.958007812] -17.819423207516017 -17.112940175959363 6.96069555578136 6.371800794867847 70.17959520277384 53.68190323514227
315.971801534214 -9.56154527938821 0.37695312 1.3999023 [315.971801534214,-9.56154527938821] -23.131118750245076 0.5381744183933942 0.0010803432951712328 2.1606953349371363e-05 [-1850.435546875,393.423828125] -21.06973418539784 -21.878360735870263 7.046760198763357 7.961804774581866 94.3288713977696 39.78184602710235
317.60256964829216 -8.665322380139889 0.31054688 0.72143555 [317.60256964829216,-8.665322380139889] -50.95624838474732 0.19264201774260706 0.003052382666274932 2.1852377795851545e-05 [1046.66796875,-1221.613769531] -19.677457264148146 -18.00591670608769 6.28916650431879 6.9641074727953605 81.90337151126187 17.653529907825032
317.6110230145754 -8.671054755408045 0.31054688 0.72143555 [317.6110230145754,-8.671054755408045] -49.78390465484368 0.5759993032891977 0.0010183120735792893 2.1797744326083822e-05 [1061.693359375,-1211.270996094] -19.677457264148146 -18.00591670608769 6.28916650431879 6.9641074727953605 81.78276132043948 17.672444989118958
317.14273082221916 -11.365428935203244 0.32421875 0.8684082 [317.14273082221916,-11.365428935203244] -25.421756118828995 1.2294955157293734 0.000540490626844698 2.46958409294274e-05 [226.5390625,3636.965820312] -16.895482833219894 -17.554572219838022 6.948907853217013 6.364336072056149 72.45788756429829 56.14103434931212
318.66476453607294 -10.474063814001635 0.45703125 2.1875 [318.66476453607294,-10.474063814001635] -13.474457553861146 0.6951888794233987 0.0009101904982778032 2.3514936859761202e-05 [2920.82421875,2039.916503906] -18.244376306117843 -18.67611510008765 6.369105326870126 5.761942929751219 60.94281896029963 34.60204981606421
315.4098818661225 -9.90411659057049 0.34960938 1.1303711 [315.4098818661225,-9.90411659057049] -32.366193755884936 0.500703357987072 0.0012019958526396002 2.236619857340678e-05 [-2844.649414062,1013.772949219] -19.410402295937455 -20.552924219153667 7.8523120169259215 7.943641304719698 98.47793481173755 47.727810634131856
318.70108029131427 -10.834381050604504 0.32617188 0.8845215 [318.70108029131427,-10.834381050604504] -31.913719754157363 0.8578537663451979 0.0007523141970184241 2.3983978325733268e-05 [2981.547851562,2688.612548828] -15.317742902520322 -17.633624240547967 6.25842300937188 5.948242026711405 58.66304886918692 39.20936029953191
316.04678325761864 -9.53128152057111 0.34960938 1.1308594 [316.04678325761864,-9.53128152057111] -33.761580274105974 0.06997608558562984 0.008249643176118766 2.1453270669699862e-05 [-1717.516601562,338.5703125] -21.374742718757297 -21.758188309980106 6.98373503836724 7.8131324097422095 93.6948413308553 38.916895520538674
