data_processed/hvc_rms/hvc_rms_index_25_with_B.ecsv
# %ECSV 1.0
# ---
# datatype:
# - {name: ra_dec_obj.ra, unit: deg, datatype: float64}
# - {name: ra_dec_obj.dec, unit: deg, datatype: float64}
# - {name: 'H-alpha flux [Error]', unit: R, datatype: float32}
# - {name: H-alpha flux, unit: R, datatype: float32}
# - {name: ra_dec_deg, datatype: string, subtype: 'float64[2]'}
# - {name: RM, unit: rad / m2, datatype: float64}
# - {name: RM_uncert, unit: rad / m2, datatype: float64}
# - {name: pol_int, datatype: float64}
# - {name: pol_int_uncert, datatype: float64}
# - {name: ra_dec_pix_offsets, datatype: string, subtype: 'float64[2]'}
# - {name: interpolation_raw, unit: rad / m2, datatype: float64}
# - {name: interpolation_cor, unit: rad / m2, datatype: float64}
# - {name: interpolation_unc, unit: rad / m2, datatype: float64}
# - {name: interpolation_cor_unc, unit: rad / m2, datatype: float64}
# - {name: HI, unit: dex(1 / cm2), datatype: float64}
# - {name: 'HI [Error]', unit: dex(1 / cm2), datatype: float64}
# - {name: pixel location x, datatype: float64}
# - {name: pixel location y, datatype: float64}
# - {name: 'B_virtual [raw]', unit: G, datatype: float64}
# - {name: 'B_virtual_unc [raw]', unit: G, datatype: float64}
# - {name: 'B_virtual [int]', unit: G, datatype: float64}
# - {name: 'B_virtual_unc [int]', unit: G, datatype: float64}
# meta: !!omap
# - __serialized_columns__:
#     ra_dec_obj:
#       __class__: astropy.coordinates.sky_coordinate.SkyCoord
#       dec: !astropy.table.SerializedColumn
#         __class__: astropy.coordinates.angles.Latitude
#         unit: &id001 !astropy.units.Unit {unit: deg}
#         value: !astropy.table.SerializedColumn {name: ra_dec_obj.dec}
#       frame: icrs
#       ra: !astropy.table.SerializedColumn
#         __class__: astropy.coordinates.angles.Longitude
#         unit: *id001
#         value: !astropy.table.SerializedColumn {name: ra_dec_obj.ra}
#         wrap_angle: !astropy.coordinates.Angle
#           unit: *id001
#           value: 360.0
#       representation_type: spherical
# schema: astropy-2.0
ra_dec_obj.ra ra_dec_obj.dec "H-alpha flux [Error]" "H-alpha flux" ra_dec_deg RM RM_uncert pol_int pol_int_uncert ra_dec_pix_offsets interpolation_raw interpolation_cor interpolation_unc interpolation_cor_unc HI "HI [Error]" "pixel location x" "pixel location y" "B_virtual [raw]" "B_virtual_unc [raw]" "B_virtual [int]" "B_virtual_unc [int]"
[from data line 229]
265.50167892494255 -66.91617574331897 1.640625 4.3691406 [265.50167892494255,-66.91617574331897] 57.58710189046686 2.393328752341941 0.00029852515582686503 2.655167937651067e-05 [-3170.381835938,-4486.118164062] 15.703068858880721 14.715557324777379 10.136630123570285 10.071066403489027 0.0 0.0 25.40150548238887 74.11426514202822 1.1517419933993547e-05 1.9128348922795955e-06 8.376806283316225e-06 2.6602044763107286e-06
265.11196951000807 -67.71732339937454 1.625 4.263672 [265.11196951000807,-67.71732339937454] 70.20644487796584 2.9630921973194755 0.00018135008028638268 1.996970366006798e-05 [-3331.12109375,-3028.543945312] 16.133850036080837 14.989281708831086 10.900867471708196 10.076360783852763 0.0 0.0 22.72211718373603 84.0338865076501 1.4041288434175576e-05 2.1203230765651384e-06 1.0814518551380326e-05 2.8914078755577537e-06
266.33261179228003 -68.42333992565725 1.5078125 3.0429688 [266.33261179228003,-68.42333992565725] 65.50464028019083 3.2829600563204724 0.00014765773095629477 1.8014843442435432e-05 [-2424.942382812,-1818.561035156] 17.39870276841987 14.524823400128954 10.123336262033135 10.48126214169109 0.0 0.0 14.097911725875747 89.56070185658427 1.3100927550879921e-05 2.0719261100012524e-06 9.621187131371146e-06 2.741544409637182e-06
267.6864625893388 -69.05824271480857 1.453125 2.4960938 [267.6864625893388,-69.05824271480857] 64.3159617428772 2.7225187831699524 0.00017090303964758177 1.7291368846909136e-05 [-1487.018554688,-720.4326171875] 16.43545672716784 15.614818366414752 10.4613506588961 10.432448892205791 0.0 0.0 5.571241856173742 94.31433893523376 1.286319185258404e-05 2.0223389074376423e-06 9.576100633897316e-06 2.7658928719587656e-06
264.5864256106569 -68.72085571772138 1.5546875 3.5800781 [264.5864256106569,-68.72085571772138] 71.38137662571654 2.5911160727896463 0.00019758420022520726 1.9026012810048057e-05 [-3530.11328125,-1199.491210938] 17.81958141691305 15.084747732710523 10.437375439867244 9.763321286756934 0.0 0.0 19.41249064307931 96.50818534841778 1.4276274774664888e-05 2.118220911503777e-06 1.0712358628703205e-05 2.8031457889676762e-06
264.416381598524 -68.04588305079362 1.59375 3.9121094 [264.416381598524,-68.04588305079362] 88.36988817417121 2.9127158661176726 0.0001848291674111449 2.00067862327141e-05 [-3750.580078125,-2399.227539062] 16.124285134948693 14.114427050303657 11.230100348528833 9.756559587280917 0.0 0.0 23.747634104603208 89.24145575728562 1.7673976953343932e-05 2.4001069689181032e-06 1.4449120050701346e-05 3.1076166466712903e-06
265.14150986512215 -68.24878684169948 1.5859375 3.866211 [265.14150986512215,-68.24878684169948] 66.05804957935491 3.0679837760003763 0.00016986140253896832 1.9366737564623553e-05 [-3235.918945312,-2076.825683594] 18.41800094214347 13.986828517055358 11.18640860051402 10.016734148217168 0.0 0.0 19.75972424673148 89.99915002764692 1.321160940644496e-05 2.0665273269508346e-06 9.528009360052083e-06 2.8892620507540344e-06
266.85095160406377 -68.47434987231784 1.5546875 3.5664062 [266.85095160406377,-68.47434987231784] 78.99086878697514 2.6276404201605157 0.000181167552078518 1.769110879317396e-05 [-2077.748046875,-1745.981445312] 16.80163144993806 14.590752710428482 10.191188000180157 10.737542196383579 0.0 0.0 11.768855027838981 89.12273424137447 1.5798173148233778e-05 2.2364332905885953e-06 1.2437846987816874e-05 2.8468788952032722e-06
266.44207738484886 -68.13800809693667 1.5 2.984375 [266.44207738484886,-68.13800809693667] 45.33986448915171 2.5715417167890777 0.00019088706737705456 1.8242265957404434e-05 [-2382.236328125,-2335.4609375] 18.373046779729986 15.341791315414424 11.043608129450602 10.727062541040215 0.0 0.0 15.120913242797542 86.06081805708004 9.06797254817868e-06 1.7707703895924056e-06 5.393363333921821e-06 2.7249353198306715e-06
268.45379655982225 -69.1507719653675 1.3984375 1.9560547 [268.45379655982225,-69.1507719653675] 65.38678743759418 2.5371067859457064 0.00018221819216699404 1.718063390190798e-05 [-989.4365234375,-569.505859375] 18.167145649711852 16.345488564131138 10.799623532000373 10.923466207718457 0.0 0.0 2.1169425475856087 94.00140545407203 1.3077356983269448e-05 2.0279063608956106e-06 9.443927993428348e-06 2.8055268199423124e-06
265.8135980539481 -68.19687652555471 1.59375 3.944336 [265.8135980539481,-68.19687652555471] 89.38917050163363 2.6261911050200717 0.00019643196508059446 1.917110697176128e-05 [-2795.342773438,-2203.129882812] 19.43283198344517 14.8798546568048 10.86165082138748 10.107224912642703 0.0 0.0 17.34673756187192 88.01593118299934 1.787783341097592e-05 2.403609043156027e-06 1.399126716414887e-05 3.0205842813648963e-06
267.35583557293177 -69.06037144561319 1.53125 3.2978516 [267.35583557293177,-69.06037144561319] 55.10516387644424 3.2743276086965802 0.00014323129104411273 1.7428850302708466e-05 [-1699.364257812,-707.9887695312] 16.756577011458198 15.927338063455718 10.18312427288985 10.23250475134069 0.0 0.0 6.8558458464571 94.95380191049435 1.1021032350329214e-05 1.932537359001109e-06 7.669717077260833e-06 2.6811349750060008e-06
269.21963476386367 -68.56096660252159 1.4453125 2.4238281 [269.21963476386367,-68.56096660252159] 73.72188682989997 2.985558157354066 0.00015719695304835564 1.744128033029664e-05 [-512.4018554688,-1640.331054688] 15.883293139128122 15.986987560205865 11.71712917343562 11.763237587128199 0.0 0.0 1.8239973859522252 85.67236870318106 1.4744376797452043e-05 2.173791382723998e-06 1.1567718292115092e-05 3.0480926495807944e-06
266.19110129991145 -67.87348943820852 1.5546875 3.5595703 [266.19110129991145,-67.87348943820852] 54.96896556133583 3.1339037850155 0.00016289407649625108 1.89714119245138e-05 [-2579.4375,-2800.403320312] 19.541728996720558 16.275378110734877 10.999898142934907 10.354426335359754 0.0 0.0 17.502780501608754 83.53927862321075 1.0993792688357865e-05 1.921473731137619e-06 7.085447039715529e-06 2.7837090362896856e-06
265.2195434961889 -68.56578059873102 1.625 4.2304688 [265.2195434961889,-68.56578059873102] 24.474629049953094 2.5744985377850624 0.0001927320444677698 1.8439760711413e-05 [-3139.836914062,-1512.160644531] 18.636564849826808 15.207749380238141 10.593878370286834 10.099211037941194 0.0 0.0 17.765307613715322 93.44297136070008 4.894925621247339e-06 1.5781665191102225e-06 1.167612795003313e-06 2.594115953685736e-06
268.9083254726034 -68.76477043534986 1.453125 2.4990234 [268.9083254726034,-68.76477043534986] 52.39769340639068 2.793643933006537 0.0001623486121596061 1.6854983642710525e-05 [-710.6806640625,-1270.445800781] 16.012463592055582 15.907228696500674 12.298245250354107 11.740536403334088 0.0 0.0 2.128595701834797 88.63859494937515 1.0479538277197957e-05 1.8678939104127675e-06 7.277045682271649e-06 2.984763636862384e-06
269.7254031707056 -67.29405233265999 1.484375 2.8173828 [269.7254031707056,-67.29405233265999] 59.95973990923303 3.1329816113673306 0.00018432305389543547 2.146081477722751e-05 [-189.7900390625,-3922.745117188] 15.9373131082933 16.291167572591625 10.526527858702996 12.132671511361075 0.0 0.0 5.58879972060106 69.79153715914322 1.1991947519449487e-05 1.9864666627974793e-06 8.804485020696089e-06 2.764754906120798e-06
267.64425703995937 -69.11338797552732 1.453125 2.5283203 [267.64425703995937,-69.11338797552732] 58.747926975197046 2.546234085085859 0.00018261899174138794 1.7280367380714582e-05 [-1510.337890625,-620.2109375] 16.337024520146787 15.503362544458415 10.323178705112493 10.370750355873456 0.0 0.0 5.468393671537115 95.03629274571131 1.1749584941987541e-05 1.936234051639645e-06 8.482180163945941e-06 2.6980091488893634e-06
267.0391534154201 -67.26431296079872 1.53125 3.3408203 [267.0391534154201,-67.26431296079872] 34.230096817213145 1.3471114033675777 0.00045066230119049854 2.2561264944542162e-05 [-2057.840820312,-3926.833984375] 16.141083403849105 14.800446063076166 11.116924924691709 11.140048749366326 0.0 0.0 17.117866814569425 74.79148318163857 6.846019099467199e-06 1.5974670332822105e-06 3.6178025431740758e-06 2.6685302098497648e-06
268.0819093261058 -69.14962005092318 1.4453125 2.475586 [268.0819093261058,-69.14962005092318] 90.56956051194946 3.133211733953559 0.00014738894670176094 1.7161820794479412e-05 [-1227.637207031,-564.833984375] 17.218520261313902 15.981459697853545 10.447452487655777 10.556339314477816 0.0 0.0 3.5806744320472035 94.65894816073205 1.8113911403936165e-05 2.4470982562877357e-06 1.4670207484459052e-05 3.0171682080748027e-06
263.1267092474448 -68.03672025389855 1.53125 3.3017578 [263.1267092474448,-68.03672025389855] 41.788748651715295 3.3368023918702567 0.00018131632984329005 2.248413120408503e-05 [-4615.161132812,-2327.431640625] 16.38718699569585 14.732394004253534 10.35670076337696 9.147913304304112 0.0 0.0 28.925234114019077 91.96659707576237 8.357749408076868e-06 1.7830739869603778e-06 5.080312135312296e-06 2.6423092398823655e-06
267.5193781715426 -69.10515588735751 1.484375 2.8076172 [267.5193781715426,-69.10515588735751] 71.5298098269452 2.937869712568377 0.00015683892963220291 1.7123601203581227e-05 [-1591.004882812,-631.849609375] 16.473583377758974 15.64973492177477 10.28166571339636 10.318989524335962 0.0 0.0 5.996805356674486 95.17126583443155 1.4305961413765933e-05 2.138445566186465e-06 1.1011244865255009e-05 2.8066369974101137e-06
266.6506964330298 -68.47359460164778 1.53125 3.2851562 [266.6506964330298,-68.47359460164778] 67.23647627543123 3.2625404005304 0.00014738551943756508 1.7869788724794302e-05 [-2209.868164062,-1740.318359375] 16.7747450587048 14.513930586322425 10.138347772707759 10.727539986768132 0.0 0.0 12.572404650045769 89.50791600415391 1.344729473657244e-05 2.095094263925563e-06 1.0092345854194848e-05 2.7614855024262108e-06
267.2701103717051 -69.13153075286155 1.46875 2.6689453 [267.2701103717051,-69.13153075286155] 80.96064973064618 3.3039593979270077 0.00014252711980120743 1.7500115451222064e-05 [-1748.750976562,-577.6108398438] 16.692335138671247 15.84568420758368 10.07802978338006 10.239815923410731 0.0 0.0 6.840426932200899 95.94232826779466 1.6192129321777442e-05 2.3025513972274783e-06 1.2853662422771028e-05 2.8792304265353794e-06
265.61285402905133 -68.5434722674789 1.5859375 3.8808594 [265.61285402905133,-68.5434722674789] 62.63998012474104 3.2128375440568666 0.00015577205845648397 1.8598890102952608e-05 [-2884.8125,-1571.570800781] 18.425847512661544 15.103394835346172 10.252728842962002 10.07999631431604 0.0 0.0 16.33257037594285 92.3866431973986 1.2527995541881629e-05 2.027796403171438e-06 8.842826181445649e-06 2.7283810792874797e-06
269.37695322716655 -68.7326582635967 1.3984375 1.9985352 [269.37695322716655,-68.7326582635967] 67.8324196691525 2.3825737682713273 0.00019255743350501565 1.7049645283367042e-05 [-405.7768554688,-1332.521484375] 15.73995937477749 15.378903006518946 12.078251191379403 11.78154412261911 0.0 0.0 0.39722264455224376 87.41960329634435 1.3566483410720902e-05 2.055819849021191e-06 1.0418491657148715e-05 3.037292538820204e-06
269.35928346923987 -68.73050680975157 1.3984375 1.9985352 [269.35928346923987,-68.73050680975157] 67.21453099990589 2.9193184202319027 0.0001568392089887172 1.7015503866531312e-05 [-417.3530273438,-1336.274414062] 15.73995937477749 15.378903006518946 12.078251191379403 11.78154412261911 0.0 0.0 0.478159338393084 87.42559658537243 1.344290568163661e-05 2.074425766107905e-06 1.0294913928064424e-05 3.051329866104784e-06
267.5079960413314 -68.84143823935923 1.4921875 2.9238281 [267.5079960413314,-68.84143823935923] 84.3819696162426 3.076930960656055 0.00014855027853732773 1.698634440749686e-05 [-1617.5703125,-1105.833496094] 17.092162068695565 16.1065542477177 10.602098768849697 10.570761663618782 0.0 0.0 7.332460500868592 92.11883423884001 1.6876393272512214e-05 2.3440389241689865e-06 1.3457960990584323e-05 2.973501765459405e-06
267.90530408228983 -68.28839116956127 1.546875 3.4667969 [267.90530408228983,-68.28839116956127] 79.73903288909324 2.8416649523921076 0.00016795544351898522 1.7736815897931134e-05 [-1393.51171875,-2110.282714844] 17.44528242602433 16.076597293265245 10.990398551161078 11.302004034398577 0.0 0.0 8.444785802716183 84.92080156089582 1.594780596288771e-05 2.258559433671463e-06 1.2458749612217254e-05 2.9722802960687613e-06
264.9509892968515 -68.31040967474834 1.5859375 3.8271484 [264.9509892968515,-68.31040967474834] 69.40874979032301 3.1365265332248873 0.0001674774765352537 1.952154011295055e-05 [-3353.459960938,-1956.025878906] 18.56963168521716 14.28303230046267 11.054153216907725 9.975705950470914 0.0 0.0 20.187731543388054 91.09692448463693 1.3881749422798673e-05 2.118661007742608e-06 1.0167823228960401e-05 2.8960005967747035e-06
266.4070736728727 -68.15853116548732 1.4921875 2.9199219 [266.4070736728727,-68.15853116548732] 34.73643693114204 2.6964962873333 0.00018171617215940924 1.8209671434178603e-05 [-2403.50390625,-2297.222167969] 18.32803871376954 15.18038120912451 10.927777966984028 10.678750865772217 0.0 0.0 15.1570335691423 86.36740556282143 6.947287118348186e-06 1.669021709389569e-06 3.2816795169363243e-06 2.6733546611903193e-06
266.6429139141647 -69.01977548229296 1.578125 3.7607422 [266.6429139141647,-69.01977548229296] 67.0247782813057 2.539670261031883 0.00018724459611678605 1.7672391723486137e-05 [-2161.344726562,-758.466796875] 17.49261086796993 16.28141457709421 9.64722695432889 10.377121195262387 0.0 0.0 9.84250310264008 95.83177378218284 1.3404955139379905e-05 2.0515976254984502e-06 9.906433100685317e-06 2.651066038664086e-06
264.9989010706648 -68.33834085573184 1.578125 3.7958984 [264.9989010706648,-68.33834085573184] 70.95373949831564 3.210428104217124 0.00016294585572494496 1.9440837541448857e-05 [-3317.63671875,-1908.541015625] 18.645556517766277 14.463756294075353 10.987980342766093 9.961006682920246 0.0 0.0 19.84811059042306 91.31369683946241 1.4190747352482556e-05 2.1456003958663738e-06 1.0461636192719979e-05 2.900758165652645e-06
265.81796192455624 -68.32276155104267 1.5546875 3.5078125 [265.81796192455624,-68.32276155104267] 74.85881868208727 2.4551224563419716 0.0002068063441862951 1.8868862481951712e-05 [-2777.083984375,-1977.312011719] 19.0332024806877 14.833050040796266 10.532879723178949 10.220583564102661 0.0 0.0 16.67199074374207 89.44621797228342 1.4971763159121719e-05 2.1644403505524773e-06 1.1165122809764303e-05 2.8319675980198643e-06
266.7197563602152 -68.40358726442838 1.5390625 3.3554688 [266.7197563602152,-68.40358726442838] 76.68559325990019 3.300832708253223 0.00014604661698169348 1.7915284889513764e-05 [-2171.038085938,-1868.601074219] 16.805754149203622 14.519832319592712 10.266900590331378 10.714967432388736 0.0 0.0 12.65104455832352 88.56392905470261 1.5337118060596593e-05 2.2365631796791542e-06 1.1975967360358372e-05 2.863803834945727e-06
269.11587514151523 -68.28198245162667 1.453125 2.5117188 [269.11587514151523,-68.28198245162667] 66.25078575029767 2.9294099804276583 0.00016170600925382588 1.7604148333886772e-05 [-587.8657226562,-2141.436523438] 16.230798977073988 16.387974001804587 10.889341864020691 11.50612762020927 0.0 0.0 3.5437752311094073 82.57163398183434 1.325015663914717e-05 2.061211822545384e-06 1.0003996968900938e-05 2.85574628981091e-06
268.48355137885414 -69.19203954458946 1.3671875 1.7089844 [268.48355137885414,-69.19203954458946] 66.13592283778885 1.3813398852046135 0.000332812346825517 1.7084752222489214e-05 [-968.5439453125,-495.7250976562] 18.175900291806478 16.30326863514629 10.583890273066773 10.843864397237557 0.0 0.0 1.8054058815175722 94.43368726112953 1.3227184057531205e-05 1.9937203506330313e-06 9.592004139338697e-06 2.745275177335922e-06
