data_processed/hvc_rms/hvc_rms_index_23.ecsv
# %ECSV 1.0
# ---
# datatype:
# - {name: ra_dec_obj.ra, unit: deg, datatype: float64}
# - {name: ra_dec_obj.dec, unit: deg, datatype: float64}
# - {name: 'H-alpha flux [Error]', unit: R, datatype: float32}
# - {name: H-alpha flux, unit: R, datatype: float32}
# - {name: ra_dec_deg, datatype: string, subtype: 'float64[2]'}
# - {name: RM, unit: rad / m2, datatype: float64}
# - {name: RM_uncert, unit: rad / m2, datatype: float64}
# - {name: pol_int, datatype: float64}
# - {name: pol_int_uncert, datatype: float64}
# - {name: ra_dec_pix_offsets, datatype: string, subtype: 'float64[2]'}
# - {name: interpolation_raw, unit: rad / m2, datatype: float64}
# - {name: interpolation_cor, unit: rad / m2, datatype: float64}
# - {name: interpolation_unc, unit: rad / m2, datatype: float64}
# - {name: pixel location x, datatype: float64}
# - {name: pixel location y, datatype: float64}
# meta: !!omap
# - __serialized_columns__:
#     ra_dec_obj:
#       __class__: astropy.coordinates.sky_coordinate.SkyCoord
#       dec: !astropy.table.SerializedColumn
#         __class__: astropy.coordinates.angles.Latitude
#         unit: &id001 !astropy.units.Unit {unit: deg}
#         value: !astropy.table.SerializedColumn {name: ra_dec_obj.dec}
#       frame: icrs
#       ra: !astropy.table.SerializedColumn
#         __class__: astropy.coordinates.angles.Longitude
#         unit: *id001
#         value: !astropy.table.SerializedColumn {name: ra_dec_obj.ra}
#         wrap_angle: !astropy.coordinates.Angle
#           unit: *id001
#           value: 360.0
#       representation_type: spherical
# schema: astropy-2.0
ra_dec_obj.ra ra_dec_obj.dec "H-alpha flux [Error]" "H-alpha flux" ra_dec_deg RM RM_uncert pol_int pol_int_uncert ra_dec_pix_offsets interpolation_raw interpolation_cor interpolation_unc "pixel location x" "pixel location y"
[from data line 53]
201.15513613555333 -46.56289678453113 1.8828125 6.8066406 [201.15513613555333,-46.56289678453113] -42.49249368330045 1.8736522212347455 0.0002711537980832518 1.8880495053299748e-05 [2976.732421875,154.1977539062] -53.5183714586547 -64.52986831993765 8.334840568082933 45.12393182255869 27.761618057267242
202.2989349339375 -46.284995906986865 1.8671875 6.6835938 [202.2989349339375,-46.284995906986865] -61.829836079898634 1.3720021207933348 0.0004418086224231604 2.252670507755032e-05 [4412.801025391,-292.1884765625] -53.34664030247565 -61.65459174280762 7.811128603524418 47.07409974291954 17.524338517704564
202.2970733021439 -46.28483186989764 1.8671875 6.6835938 [202.2970733021439,-46.28483186989764] -61.77028467196311 1.448242137555484 0.000417666258425782 2.2479118377009942e-05 [4410.502929688,-292.5874023438] -53.34664030247565 -61.65459174280762 7.811128603524418 47.078390397832436 17.539908537829433
196.99075308743045 -44.63847356036665 1.6484375 4.4609375 [196.99075308743045,-44.63847356036665] -60.43247921337806 1.6705454400354205 0.00029063565050711906 1.804329633809153e-05 [-2251.885742188,-3329.393554688] -67.23133023434204 -64.50093200742 10.60919924187082 71.60845909956788 61.71184595222098
200.2093810989295 -45.4736328021774 1.75 5.533203 [200.2093810989295,-45.4736328021774] -53.637365955451436 0.1769966757233684 0.0028177209783811505 1.8534112646818433e-05 [1842.871582031,-1834.674316406] -63.73640541980751 -58.2008564755528 10.739494804848905 59.0857306205171 34.19350092698528
200.21444688394715 -45.46471400367785 1.75 5.533203 [200.21444688394715,-45.46471400367785] -46.943583299677066 0.31241375947659417 0.0015976331837980302 1.8548804706193142e-05 [1849.556152344,-1850.604492188] -63.73640541980751 -58.2008564755528 10.739494804848905 59.186913818409494 34.1358745769885
201.257064718968 -45.73440544710376 1.859375 6.6015625 [201.257064718968,-45.73440544710376] -64.90206700895948 1.099092046573333 0.00047753469210097554 1.9505078215210642e-05 [3149.805175781,-1332.376953125] -50.974348173205655 -57.665096961325546 8.468619569576049 54.861237546932216 25.491886977150443
197.2971805322621 -45.381118665893474 1.7109375 5.0976562 [197.2971805322621,-45.381118665893474] -73.15721408834123 1.1821408092968884 0.0003690607721137594 1.6213463539234952e-05 [-1835.599609375,-2001.295410156] -65.47668806102551 -66.02716281103696 11.419496652964263 62.53699002302892 59.642056819797745
202.43969733176658 -46.218711947150105 1.921875 7.251953 [202.43969733176658,-46.218711947150105] -64.89997780876396 1.8920735803029125 0.00033367343284646184 2.3462179555857365e-05 [4593.096679688,-403.3505859375] -53.662085669341465 -60.99811587378582 8.029704975098113 47.68136229887432 16.19614241317322
200.59860249319317 -46.70476541651865 1.9375 7.390625 [200.59860249319317,-46.70476541651865] -41.878811764629425 2.867532120330301 0.00016832459901052206 1.793761023431824e-05 [2282.452636719,390.9477539062] -51.82227503849503 -61.197205938779675 9.234654722112193 44.02758210645516 32.71792835262795
199.75137344082023 -46.33279812548934 1.8203125 6.21875 [199.75137344082023,-46.33279812548934] -43.46913774809923 1.9933273614652451 0.0002380333209816473 1.7632954511232047e-05 [1245.486816406,-297.4038085938] -59.080575756228285 -62.70623744390843 9.75688095505645 49.28492531030224 39.39925637797296
200.38061512331257 -44.64162081050136 1.6796875 4.830078 [200.38061512331257,-44.64162081050136] -63.51079689145622 0.8938848798441137 0.0006175208908175442 2.0513603115033394e-05 [2089.093261719,-3327.267578125] -90.97195340517483 -73.66544824184423 11.710623356348226 68.82150801380976 31.418492674571098
196.20777924694937 -46.9306373991044 1.890625 6.876953 [196.20777924694937,-46.9306373991044] 17.526504612356653 2.5906355040452027 0.00017705205944334619 1.7045745465108832e-05 [-3122.846679688,821.0913085938] -53.82219536900048 -60.01429555398745 10.786367526918712 44.55158773063249 70.2984005911162
201.6880493043808 -46.26910406891668 1.875 6.751953 [201.6880493043808,-46.26910406891668] -51.564307626562474 1.8291843414487226 0.00028738175277071975 1.95355376136645e-05 [3655.183105469,-351.9624023438] -48.96289443704453 -63.40413775865117 7.7480816248026745 48.0078798345437 22.71209390946842
202.11160276943718 -46.06930161587236 1.921875 7.201172 [202.11160276943718,-46.06930161587236] -55.26288935322416 1.9199060442905234 0.0002926571693766482 2.0880834286055198e-05 [4196.622070312,-690.2700195312] -57.945561884699636 -63.44091341815071 8.03153146151004 49.8672210537959 18.721176552171528
196.9909060892728 -46.338512314215585 1.6953125 4.9804688 [196.9909060892728,-46.338512314215585] 56.966137055719564 2.579667212885651 0.00017409618074751458 1.6690203459103726e-05 [-2184.706054688,-270.666015625] -58.75980149790951 -59.334388434961966 10.96353877118342 51.25395876772836 63.1453386341077
198.92274474279608 -45.00563835190053 1.7421875 5.4277344 [198.92274474279608,-45.00563835190053] -103.90737047840149 1.961872106013141 0.00023656252227417844 1.7247467594669943e-05 [220.8461914062,-2693.633789062] -96.99760355598777 -71.61470274783994 13.688992258566921 65.85192466652074 44.8762736195406
201.3749694465257 -46.62744897368094 1.859375 6.5859375 [201.3749694465257,-46.62744897368094] -53.32328428936937 2.423035106494322 0.00021077351395434152 1.8979485954575214e-05 [3244.670654297,278.9877929688] -47.30620882601748 -61.543368556109414 7.73489847506107 44.11123494176286 26.003210805275785
197.159668151287 -45.71902478356129 1.6875 4.890625 [197.159668151287,-45.71902478356129] -68.34904446186356 2.2153190227121615 0.0001979919044115562 1.6300180474250958e-05 [-1997.344726562,-1389.921875] -61.67042717521079 -61.5990826085073 10.946797782303456 58.57436534541421 61.1500671190488
198.29788223577802 -47.83448406521999 2.078125 8.703125 [198.29788223577802,-47.83448406521999] 100.09830314490446 0.7779723798919869 0.0005736860354008434 1.658621002051111e-05 [-545.2856445312,2399.089111328] -49.00813950710129 -52.152426546684865 10.467892831238617 32.53334650512943 53.524653064938775
198.2960508612822 -47.83447267045739 2.078125 8.703125 [198.2960508612822,-47.83447267045739] 100.43467402785964 0.7566357784572291 0.0005912931252470127 1.6626406959892898e-05 [-547.4985351562,2399.081298828] -49.00813950710129 -52.152426546684865 10.467892831238617 32.5347700085083 53.53984647732727
201.44824216452707 -46.56704721236022 1.8984375 6.9648438 [201.44824216452707,-46.56704721236022] -44.37804438597628 2.019535667218099 0.00025342932335411584 1.9020288274715643e-05 [3338.866210938,173.3793945312] -46.05506856865151 -60.85910749525928 7.5595062202359875 44.746032672012234 25.277397398011544
201.4550475711739 -46.56819161849487 1.9296875 7.2773438 [201.4550475711739,-46.56819161849487] -51.486823985363266 2.2540091386851215 0.00022952074938907853 1.9225884498140125e-05 [3347.208007812,175.7260742188] -45.693583958333164 -60.8192641270556 7.58704231191927 44.72466969699758 25.221555667368875
202.02560425072429 -45.5178032300894 1.8125 6.125 [202.02560425072429,-45.5178032300894] -70.54835633579177 0.6109637267179087 0.0009561587446368456 2.170971544693082e-05 [4130.065429688,-1686.553710938] -57.578974643402454 -52.6523955205489 7.783148479893358 56.5186406986611 18.43729114368989
202.01980581614814 -45.52671809548933 1.8125 6.125 [202.01980581614814,-45.52671809548933] -56.436190331320226 0.1367586577975705 0.004269090356727126 2.1696959577007968e-05 [4122.111083984,-1670.825683594] -57.578974643402454 -52.6523955205489 7.783148479893358 56.42006227761567 18.50422974154958
201.9998626957439 -45.53060144184706 1.8125 6.125 [201.9998626957439,-45.53060144184706] -55.20672453728299 0.8538599174437362 0.0006809900598883103 2.1609071324546776e-05 [4096.719970703,-1664.879882812] -57.578974643402454 -52.6523955205489 7.783148479893358 56.39876960049537 18.68469629908782
202.01055916544396 -45.51869578955216 1.8125 6.125 [202.01055916544396,-45.51869578955216] -62.78375841522092 1.0381662205797644 0.0005610958281713646 2.16477436647942e-05 [4111.055664062,-1685.733398438] -57.578974643402454 -52.6523955205489 7.783148479893358 56.52677447212591 18.569686980250708
200.26470964431954 -44.78027362206055 1.7109375 5.0742188 [200.26470964431954,-44.78027362206055] -78.40192874638436 1.8805453371488272 0.00027961800363295367 1.954148852367153e-05 [1936.064453125,-3080.814453125] -94.51611013139689 -73.96808415989172 12.02348133237935 67.29002283579553 32.661421491903184
200.4994047876881 -44.638416367903346 1.734375 5.3359375 [200.4994047876881,-44.638416367903346] -66.30574921493887 0.7727394004035297 0.0007323641539600529 2.1031431753305182e-05 [2241.288085938,-3329.776367188] -88.25168190093923 -73.52592074666971 11.525259160290698 68.73452828689824 30.355790814187685
202.87034605468983 -47.565795890204114 2.109375 9.0234375 [202.87034605468983,-47.565795890204114] -44.25058959167494 2.382954339228671 0.0002820002909119249 2.4973187634948184e-05 [5001.002929688,2044.466308594] -56.02586871798792 -60.93142205203196 11.146518248530318 31.162362954314176 15.212293552548317
200.23989886627797 -48.972282408522446 2.734375 15.265625 [200.23989886627797,-48.972282408522446] 1.441650840379252 2.635459428634251 0.0002569293433651496 2.5163946027427178e-05 [1761.211425781,4461.005126953] -42.8119944241347 -49.4715542427401 13.099239719566423 17.367485097822055 39.09022677720577
200.24058519357055 -48.97095868773916 2.734375 15.265625 [200.24058519357055,-48.97095868773916] 3.490664102074808 2.7054775853140844 0.00024917118752970294 2.5052465074975574e-05 [1762.068847656,4458.640380859] -42.8119944241347 -49.4715542427401 13.099239719566423 17.38262347973341 39.082780138000544
200.77549758837304 -44.9120710209791 1.734375 5.314453 [200.77549758837304,-44.9120710209791] 51.25134148331511 1.90447824572803 0.0002895643479135902 2.0494145182774095e-05 [2582.453125,-2829.130859375] -76.37990613549604 -66.47207228083731 10.214899938192074 65.1796152575264 28.34224663027294
202.1791535296625 -45.24943170072201 1.765625 5.6933594 [202.1791535296625,-45.24943170072201] -74.54176797403147 2.493148551080793 0.00025784477102621517 2.388994708778355e-05 [4343.963867188,-2160.868164062] -67.96981577962477 -56.324093975748674 8.866026911411533 59.50945822873882 16.59579411604136
200.0849760461722 -47.20245743307383 2.09375 8.90625 [200.0849760461722,-47.20245743307383] 22.55548659378166 0.7201824229060466 0.0006418073371799713 1.717733946440841e-05 [1633.444824219,1273.858398438] -44.48354301412916 -55.065920593343705 8.972316430343366 38.60498527075379 37.800660961204585
200.07904043986778 -47.20851145821418 2.09375 8.90625 [200.07904043986778,-47.20851145821418] 21.84878229976536 1.638671887850408 0.00028163303867229415 1.7150797033809324e-05 [1626.002441406,1284.630859375] -44.48354301412916 -55.065920593343705 8.972316430343366 38.53844338548333 37.8592530740932
196.02642839580045 -48.1284522503236 2.078125 8.761719 [196.02642839580045,-48.1284522503236] 105.2305453756164 1.3350688347385764 0.00036923589876048285 1.8319612352858936e-05 [-3269.95703125,2982.897705078] -58.09930694830689 -57.305111683648605 14.334525765865436 30.27463593058974 72.60090887926185
196.02749667340862 -48.12929921414816 2.078125 8.761719 [196.02749667340862,-48.12929921414816] -60.176030661850575 1.7877682343585335 0.00027614500431012126 1.8346664126475914e-05 [-3268.62109375,2984.376464844] -58.09930694830689 -57.305111683648605 14.334525765865436 30.264050520854198 72.59260900590766
201.17027284326346 -45.412178012654664 1.8046875 6.0390625 [201.17027284326346,-45.412178012654664] -59.06069385191132 1.4351035543794797 0.00037372045721869354 1.9931446340057358e-05 [3058.354736328,-1915.44140625] -64.71847268226804 -62.840526158178136 9.841615553004235 58.79101939451243 25.70069334179084
200.83428950036554 -45.92650995160783 1.7890625 5.9277344 [200.83428950036554,-45.92650995160783] -54.968409312104924 1.2114232879756885 0.00041746342339509684 1.8794165699166044e-05 [2610.048339844,-1002.166015625] -52.00741833068843 -60.17683897705702 8.597381437368531 53.04386469950464 29.46770314311766
200.26184084071068 -45.61882399727508 1.6484375 4.4492188 [200.26184084071068,-45.61882399727508] -51.23087439573613 0.8711277970370067 0.00056985011210972 1.844808169566491e-05 [1904.143554688,-1572.168457031] -55.93767890296827 -55.07361276424861 10.413446337405954 57.30323949078661 33.953465986421406
201.09573358173128 -45.325390104389086 1.8203125 6.1679688 [201.09573358173128,-45.325390104389086] -65.45346005007967 2.6261540159504886 0.0002054126165792306 2.0047305584511257e-05 [2968.798339844,-2074.40234375] -67.93118931871555 -64.11298471866903 9.922698909239154 59.907287848682245 26.206254537295308
198.31291186397155 -47.22973639083918 1.921875 7.2109375 [198.31291186397155,-47.22973639083918] 22.00172752997745 0.16059245082251325 0.0027845330136247307 1.661828491096111e-05 [-533.2514648438,1310.638671875] -53.72116282765576 -55.636970528143 10.059239550220278 39.751815082856865 52.74087864085618
198.31446846096975 -47.22718420599811 1.921875 7.2109375 [198.31446846096975,-47.22718420599811] 26.37755328084474 0.5475768459872051 0.000811512992809381 1.6513885026929976e-05 [-531.3745117188,1306.034667969] -53.72116282765576 -55.636970528143 10.059239550220278 39.78120965681751 52.724977843270835
201.32856743531852 -44.24122632302884 1.7421875 5.455078 [201.32856743531852,-44.24122632302884] -66.16756093156548 1.7165478364568074 0.0003975891858408402 2.5362915646740082e-05 [3325.032714844,-4014.796875] -76.03784891141093 -66.80123107744683 10.667707492481174 72.52777318992003 22.29089392623723
200.80296330745742 -44.644462452536196 1.7578125 5.544922 [200.80296330745742,-44.644462452536196] -69.29227482102226 1.2999188519736062 0.00043857368604482874 2.1186904850857758e-05 [2629.597167969,-3309.545898438] -80.86430649167407 -71.1523160891564 10.927037958930368 68.33396838459271 27.664081533623857
196.71479758048795 -48.40606304346106 2.125 9.207031 [196.71479758048795,-48.40606304346106] 61.71671131174112 1.6147516395326056 0.00031542859281315927 1.892846933472243e-05 [-2430.40234375,3457.282226562] -57.35296012913944 -57.18527253473219 15.127500019121872 26.639027517447175 67.12321267067705
196.36328142104855 -48.63689046368856 2.296875 10.921875 [196.36328142104855,-48.63689046368856] 85.21696239066235 2.954776047634911 0.00019520320244605056 2.143483828331497e-05 [-2837.161132812,3884.072509766] -62.083917653997965 -58.29058093938499 16.55466098538681 24.0385862696362 70.16958715142096
202.40284737127425 -44.38626865985518 1.734375 5.310547 [202.40284737127425,-44.38626865985518] -47.57464525087641 0.16166176832708715 0.004500768179444324 2.7039750034827987e-05 [4696.667236328,-3699.560546875] -67.69749751741627 -60.17939275585316 9.264444065218385 69.45427035319813 12.960707856357203
202.4013061145027 -44.38570769941173 1.734375 5.310547 [202.4013061145027,-44.38570769941173] -45.25994963742526 0.14122011316065813 0.005143669105678758 2.699468603994189e-05 [4694.733642578,-3700.66015625] -67.69749751741627 -60.17939275585316 9.264444065218385 69.4629703909734 12.973336288097244
201.6320342621167 -44.983035799840344 1.734375 5.3359375 [201.6320342621167,-44.983035799840344] -5.3074723383542945 2.337555051010258 0.00024912077680371676 2.164115821971437e-05 [3668.76953125,-2667.614257812] -75.24659239696322 -68.83619747769775 10.847387320922174 63.35063937430209 20.90495138690244
201.62506104834316 -44.98001856612405 1.734375 5.3359375 [201.62506104834316,-44.98001856612405] -86.78105946113224 2.3572244439747965 0.0002473362983920701 2.1666935778306788e-05 [3660.095214844,-2673.36328125] -75.24659239696322 -68.83619747769775 10.847387320922174 63.39489620033919 20.96096615519832
