data_processed/hvc_rms/hvc_rms_index_23.ecsv
# %ECSV 1.0
# ---
# datatype:
# - {name: ra_dec_obj.ra, unit: deg, datatype: float64}
# - {name: ra_dec_obj.dec, unit: deg, datatype: float64}
# - {name: 'H-alpha flux [Error]', unit: R, datatype: float32}
# - {name: H-alpha flux, unit: R, datatype: float32}
# - {name: ra_dec_deg, datatype: string, subtype: 'float64[2]'}
# - {name: RM, unit: rad / m2, datatype: float64}
# - {name: RM_uncert, unit: rad / m2, datatype: float64}
# - {name: pol_int, datatype: float64}
# - {name: pol_int_uncert, datatype: float64}
# - {name: ra_dec_pix_offsets, datatype: string, subtype: 'float64[2]'}
# - {name: interpolation_raw, unit: rad / m2, datatype: float64}
# - {name: interpolation_cor, unit: rad / m2, datatype: float64}
# - {name: interpolation_unc, unit: rad / m2, datatype: float64}
# - {name: pixel location x, datatype: float64}
# - {name: pixel location y, datatype: float64}
# meta: !!omap
# - __serialized_columns__:
#     ra_dec_obj:
#       __class__: astropy.coordinates.sky_coordinate.SkyCoord
#       dec: !astropy.table.SerializedColumn
#         __class__: astropy.coordinates.angles.Latitude
#         unit: &id001 !astropy.units.Unit {unit: deg}
#         value: !astropy.table.SerializedColumn {name: ra_dec_obj.dec}
#       frame: icrs
#       ra: !astropy.table.SerializedColumn
#         __class__: astropy.coordinates.angles.Longitude
#         unit: *id001
#         value: !astropy.table.SerializedColumn {name: ra_dec_obj.ra}
#         wrap_angle: !astropy.coordinates.Angle
#           unit: *id001
#           value: 360.0
#       representation_type: spherical
# schema: astropy-2.0
ra_dec_obj.ra ra_dec_obj.dec "H-alpha flux [Error]" "H-alpha flux" ra_dec_deg RM RM_uncert pol_int pol_int_uncert ra_dec_pix_offsets interpolation_raw interpolation_cor interpolation_unc "pixel location x" "pixel location y"
[from data line 1157]
198.8880308762306 -46.94850528242365 1.890625 6.9121094 [198.8880308762306,-46.94850528242365] 5.3795012332672645 0.5325215365781963 0.000836933770836197 1.6562922583339502e-05 [170.609375,803.1196289062] -51.63682760652298 -59.46678987850902 9.183159959795866 42.677774124791995 47.55924584763079
198.89097580642562 -46.93583288194793 1.890625 6.892578 [198.89097580642562,-46.93583288194793] 6.134915417274593 2.63155961464165 0.00016838481349849165 1.6467392470650258e-05 [174.2690429688,780.31640625] -51.92082752019254 -59.952131654030936 9.184698910119216 42.82678041131612 47.518953302576165
197.58851657490567 -45.0238876235205 1.6328125 4.328125 [197.58851657490567,-45.0238876235205] 8.880907137077434 0.8660893477354434 0.0005181468589433198 1.6677243508981784e-05 [-1476.609375,-2650.171875] -68.1558709473783 -69.06270137852059 10.421557546563411 66.62806983110204 56.73033872175574
198.23565667353216 -45.08057021161505 1.703125 5.03125 [198.23565667353216,-45.08057021161505] -109.1202905029833 1.8911606237672671 0.00023729145733145332 1.667704971854063e-05 [-652.7221679688,-2556.912109375] -78.19145017592362 -72.72187986835267 11.699835274676872 65.49888473576902 51.050721396712106
201.08532719199073 -45.52254862620147 1.8671875 6.6367188 [201.08532719199073,-45.52254862620147] -52.72443831486441 1.5589552657980053 0.00033825346846184755 1.9596775393068265e-05 [2945.338867188,-1720.122558594] -60.08513984561035 -61.351286429843924 9.911723885265383 57.57417509290963 26.626964623417052
200.58326740999678 -48.20574956238851 2.125 9.2890625 [200.58326740999678,-48.20574956238851] 60.845733579528 1.1035923864928752 0.00044968282317841234 1.8442665853070615e-05 [2199.855957031,3091.088623047] -44.18975568476927 -54.04641546055079 9.77326455169942 26.17024053856744 35.159354298780045
200.75520341100653 -44.8810007806248 1.7421875 5.4335938 [200.75520341100653,-44.8810007806248] 57.09187320297735 1.1278186948458993 0.0005253818912053388 2.202029292570989e-05 [2557.98046875,-2885.677734375] -77.50429039071923 -67.36355900468081 10.314677511224126 65.57152702840608 28.47150421493393
202.16212456369936 -46.38027950558202 1.8359375 6.375 [202.16212456369936,-46.38027950558202] -78.87962197656874 2.6984581899180733 0.00021409013347850007 2.1469456458935127e-05 [4235.548583984,-128.3330078125] -51.609614053921106 -61.8653911359838 7.746264067981195 46.11470350230047 18.86979696782123
197.21994008456238 -46.06654360789839 1.640625 4.4375 [197.21994008456238,-46.06654360789839] -57.87174111983015 0.6683023375561432 0.0006658204007998274 1.6536316699233138e-05 [-1909.634765625,-766.0366210938] -60.07515914311008 -59.52675328818692 10.89905986063746 54.37908501889092 60.931345351764094
202.52674856026562 -47.03522483038821 1.890625 6.939453 [202.52674856026562,-47.03522483038821] -54.22414663792233 2.591725412378923 0.00024373233921837193 2.347528356259043e-05 [4630.913330078,1069.794433594] -48.06608136369599 -58.1977857987882 8.918339962248893 37.89008524368819 17.033321673653745
195.91761802947562 -46.35073077412461 1.8203125 6.236328 [195.91761802947562,-46.35073077412461] 5.159104747257263 0.24015342415592622 0.001958033321382667 1.747501530169385e-05 [-3516.619140625,-209.9301757812] -58.12606626090569 -60.53545248256658 10.757461172449204 51.62489875078745 72.40901893419004
198.3261107354792 -48.47911458502919 2.328125 11.347656 [198.3261107354792,-48.47911458502919] 158.62488069475813 2.2180266189094575 0.00021988344988125178 1.8124581995876335e-05 [-504.783203125,3558.728271484] -54.160015972381956 -52.836956135867794 13.789538918566654 24.807619513644113 53.990368558711
200.5706328983548 -45.34022922882221 1.796875 5.9296875 [200.5706328983548,-45.34022922882221] -64.76223483685119 0.7407956970090668 0.0006989583540640778 1.9242365260436253e-05 [2304.098632812,-2065.227539062] -69.49442999262175 -64.16915176200006 10.820009421821377 60.30311521410522 30.827891377935885
196.94380213540052 -48.986141235218824 2.4375 12.4375 [196.94380213540052,-48.986141235218824] -45.847373538325265 2.9692939833594947 0.0002334088827020136 2.575605128336886e-05 [-2132.190429688,4493.717895508] -62.45681494134006 -57.274625561762484 18.514183972296607 19.57693162318401 65.71276032759306
199.84049981375634 -44.61311361263925 1.6484375 4.5 [199.84049981375634,-44.61311361263925] -73.41117415975556 0.06396770454439059 0.008379072530624355 1.9918903125131877e-05 [1398.235839844,-3390.462890625] -89.64675413508661 -65.44299356416599 11.868217633553005 69.7058319320397 36.190553780567825
200.7807465636128 -46.80223071628684 1.984375 7.8222656 [200.7807465636128,-46.80223071628684] -40.189171394032385 1.8358585623175585 0.0002639721237313596 1.80096796989106e-05 [2502.627441406,571.845703125] -51.62288096351199 -60.98139895229442 8.921617214036228 42.67863525626717 31.327295876568087
195.97473117419523 -47.31381218234522 1.984375 7.8085938 [195.97473117419523,-47.31381218234522] 7.912489497073462 0.8813958768179042 0.0005443997351271259 1.7831900121109765e-05 [-3384.526367188,1519.973632812] -55.572398873320054 -60.35221833139677 12.443612297472345 40.05891801004509 72.52119471821129
196.0080716261898 -47.32445919509025 2.0 8.027344 [196.0080716261898,-47.32445919509025] 22.265034712967434 3.182035227018822 0.0001513400158843099 1.7896473497044852e-05 [-3343.211914062,1537.704101562] -55.43811822502194 -60.41092990765637 12.256401792766354 39.91763078581562 72.246784655194
201.19396964932136 -46.0394593658653 1.8515625 6.484375 [201.19396964932136,-46.0394593658653] -48.69141082351004 1.350313910674303 0.0003791467303059533 1.9026143146981926e-05 [3053.797119141,-786.0561523438] -47.89034153387115 -60.01066707470913 8.289806663448067 51.305369044054714 26.552860216066392
202.21771239242503 -47.79422003599703 2.25 10.4765625 [202.21771239242503,-47.79422003599703] -53.17173272101981 2.52991039856745 0.00022213735561280832 2.0885046226970837e-05 [4191.707763672,2417.091796875] -48.01490595622539 -58.014900713640905 10.493845357057305 29.270419280472197 21.036004342194474
202.07373037399853 -47.29484548460284 2.0 7.9609375 [202.07373037399853,-47.29484548460284] -53.745895792466094 0.9910548465811476 0.0005491647755792679 2.0225956361817444e-05 [4056.355957031,1511.697265625] -46.10281768602601 -59.47704544244999 10.327937061967067 35.36968373665104 21.30805369695122
198.73771657550674 -44.99094032380978 1.671875 4.7558594 [198.73771657550674,-44.99094032380978] -85.47802304981121 0.13711601577588223 0.003343587175916289 1.703764399569292e-05 [-14.63671875,-2720.3203125] -93.14535626397469 -72.52877200426454 13.535829881682035 66.1800138781964 46.49827933479378
198.75012197291338 -44.98993696041215 1.671875 4.7558594 [198.75012197291338,-44.98993696041215] -84.11866562559895 0.10880560283867148 0.004248515122760296 1.717897039104146e-05 [1.1552734375,-2722.126953125] -93.14535626397469 -72.52877200426454 13.535829881682035 66.1819163635596 46.38707586360556
198.74562082708073 -44.99044052235368 1.671875 4.7558594 [198.74562082708073,-44.99044052235368] -88.62666837609144 0.12323032040986936 0.003753747036447678 1.7190609822228125e-05 [-4.57470703125,-2721.220703125] -93.14535626397469 -72.52877200426454 13.535829881682035 66.17956221927352 46.42759327339195
201.49139403846132 -45.15008571840405 1.7421875 5.408203 [201.49139403846132,-45.15008571840405] -81.68338349747587 1.82646505945852 0.0003089462867856875 2.097022312821557e-05 [3479.745361328,-2373.567382812] -71.13532398376796 -66.20353708758347 9.654749688930215 61.53426974000649 22.43774195216497
201.3802642412058 -44.384666614998565 1.75 5.4882812 [201.3802642412058,-44.384666614998565] -475.7200492683849 1.9445715976964097 0.00032336956992042433 2.3368551333426854e-05 [3383.3515625,-3754.733398438] -76.35006353313823 -66.5017658158925 10.702516243179742 70.76163157243627 22.078867293833582
201.11477673955284 -46.34312068534246 1.828125 6.2597656 [201.11477673955284,-46.34312068534246] -43.03816004227593 2.294241856830015 0.00022097232833599863 1.884021236593515e-05 [2938.657714844,-242.7294921875] -51.35275038794128 -63.97929970585673 8.151683382805874 47.78218691347365 27.739947788726795
201.99935908085425 -44.14477910362138 1.859375 6.560547 [201.99935908085425,-44.14477910362138] -413.868948040164 2.0313366475474797 0.00037363626011369854 2.8205878012096325e-05 [4195.778564453,-4156.220703125] -65.75966027206198 -62.22875416767463 9.631761282739124 72.84543177028172 16.10274271540993
201.40768435715884 -46.43631749977258 1.8828125 6.8476562 [201.40768435715884,-46.43631749977258] -31.958382818361684 2.768962695632994 0.00018734864178070271 1.9278638372124646e-05 [3296.645263672,-63.501953125] -47.04705756401413 -62.56653496302732 7.725551347386848 46.34600116129582 25.39747294546737
202.2633056649492 -47.66324239244832 2.265625 10.71875 [202.2633056649492,-47.66324239244832] -5.458355589306332 1.9321803927156331 0.000288304794758181 2.0701806217624643e-05 [4257.428955078,2184.058837891] -47.30098035865168 -58.49933468129819 10.902312570332285 30.769193431434815 20.416262770132334
201.88494877496888 -45.90362544501755 1.9375 7.3691406 [201.88494877496888,-45.90362544501755] -62.06525004354211 2.0360654810294383 0.00026446238864760713 2.001079580839031e-05 [3925.756347656,-999.8764648438] -54.29508005103901 -60.861444177585064 7.680066939428103 52.11211377582708 20.36438726256324
199.80520629227004 -46.62007131421938 1.890625 6.904297 [199.80520629227004,-46.62007131421938] -22.426811769326044 2.035812247401896 0.00022745075274177074 1.7208134994954883e-05 [1305.477050781,220.5122070312] -51.43980338341307 -58.00249893250953 9.726662851269968 45.809534523727734 39.33954692919974
198.33973698247942 -45.56612389228382 1.7109375 5.080078 [198.33973698247942,-45.56612389228382] -92.80168378899239 2.391189713826576 0.00018295125170131018 1.6257663194454323e-05 [-515.990234375,-1683.889160156] -76.22172091326497 -62.93793828012174 13.645666695524739 59.61748988892782 50.67275635678948
197.35807763380762 -46.24676513785846 1.6796875 4.767578 [197.35807763380762,-46.24676513785846] -38.83060048128043 2.9726333883469658 0.0001500332019367618 1.6574385373681576e-05 [-1731.490234375,-444.884765625] -59.784772494208376 -60.20276674504115 10.512719914308683 52.139638202445894 59.89809926899056
197.35017360895486 -46.24043268234424 1.6796875 4.767578 [197.35017360895486,-46.24043268234424] -40.42614491775234 1.3776753572433762 0.00032332416885731235 1.65536497964784e-05 [-1741.52734375,-456.107421875] -59.784772494208376 -60.20276674504115 10.512719914308683 52.220198209527325 59.96057130166241
200.55415347737687 -46.35643007535669 1.8125 6.1484375 [200.55415347737687,-46.35643007535669] -45.91841856641465 1.0658459941203002 0.00045988369123304147 1.821592246212547e-05 [2241.940429688,-237.1596679688] -53.83628109613208 -63.730732438360725 9.335510570424976 48.22079638070841 32.5560583562351
200.5342710998424 -46.35006339476688 1.8359375 6.373047 [200.5342710998424,-46.35006339476688] -46.91341694804575 3.020485868205966 0.00016231411758272813 1.8219724527683274e-05 [2217.510742188,-249.177734375] -53.68322825583896 -63.6203603236005 9.414285000279232 48.317015147755 32.716353511781335
199.12646478286112 -44.82940674347971 1.6796875 4.783203 [199.12646478286112,-44.82940674347971] -103.02834719123157 0.09337120119951904 0.0050647570706064925 1.7574390353932305e-05 [481.5825195312,-3009.82421875] -100.60127780611029 -72.09947381943802 13.593299185552468 67.78231225263562 42.845162542938624
199.1255798653847 -44.827381391781586 1.6796875 4.783203 [199.1255798653847,-44.827381391781586] -102.09237582277576 0.12268713285240655 0.0038626076867105783 1.7611174523598245e-05 [480.4697265625,-3013.473632812] -100.60127780611029 -72.09947381943802 13.593299185552468 67.80725809480623 42.85042694545723
199.12194817378776 -44.82033155803271 1.6796875 4.783203 [199.12194817378776,-44.82033155803271] -103.34512003748318 1.8241496611320291 0.0002607178380979297 1.7674206150802403e-05 [475.8916015625,-3026.1796875] -100.60127780611029 -72.09947381943802 13.593299185552468 67.89456785964899 42.873661640292084
202.33569328344169 -44.21918861048053 1.9453125 7.4140625 [202.33569328344169,-44.21918861048053] -41.23779986601779 1.375969200870784 0.0005570615661250493 2.8485287814083526e-05 [4623.592773438,-4003.740234375] -67.1029821018838 -60.59999396434378 9.343099428585026 71.52429663449925 13.233859500163817
201.3693695073506 -46.60294717260375 1.859375 6.59375 [201.3693695073506,-46.60294717260375] -64.23811116886013 2.6062256273756996 0.0001960720775565368 1.8990502855406674e-05 [3239.220458984,234.6791992188] -46.499737667574976 -60.93008264264435 7.546570585636659 44.40880774395373 26.00888310620462
199.61106869667884 -46.34763340170442 1.890625 6.90625 [199.61106869667884,-46.34763340170442] 18.257212422279053 1.4928462010452126 0.00033104680226585346 1.8365940273011657e-05 [1070.842773438,-272.7578125] -59.67311771989715 -62.28409821409919 10.040851701628654 49.23598871993681 40.623170990451854
200.7040252427147 -47.41004177384325 2.140625 9.472656 [200.7040252427147,-47.41004177384325] 37.98808079813446 2.499095813989302 0.00019361449008355462 1.7981646968370275e-05 [2380.823730469,1663.117675781] -40.42036342594494 -52.72628113490473 9.286939811005528 35.52295854441036 32.93019111386593
198.84185778452195 -46.68461232629211 1.84375 6.4472656 [198.84185778452195,-46.68461232629211] -23.809746269202062 0.805079520078446 0.0005543960268630715 1.6586990327154683e-05 [114.4282226562,328.0375976562] -56.49702481472805 -61.535695240234 10.49667838216879 45.86632196517098 47.6329166407736
200.38813766171486 -46.252487295176294 1.84375 6.4101562 [200.38813766171486,-46.252487295176294] -50.814814305580654 0.26768587064075045 0.001823979164463027 1.8144876828447866e-05 [2039.658203125,-428.708984375] -52.59846166856236 -63.05930712327224 9.665521336382023 49.62765776212518 33.819168870161775
200.38688654215576 -46.25123975898227 1.84375 6.4101562 [200.38688654215576,-46.25123975898227] -50.78465223051768 0.2333259673690574 0.002091882289483511 1.813881959094215e-05 [2038.147949219,-430.986328125] -52.59846166856236 -63.05930712327224 9.665521336382023 49.64377851205791 33.82801046951636
200.38546755578386 -46.252796074278244 1.84375 6.4101562 [200.38546755578386,-46.252796074278244] -50.5141534450269 0.2684839853165097 0.001818614481805033 1.8145449624973036e-05 [2036.324707031,-428.2221679688] -52.59846166856236 -63.05930712327224 9.665521336382023 49.626671158372346 33.84255088081659
196.54052731849126 -48.2918242760639 2.1875 9.8359375 [196.54052731849126,-48.2918242760639] 92.10118168886903 1.5900765256831306 0.00031275381410752 1.848116498239276e-05 [-2644.422851562,3257.436279297] -56.51113668008047 -56.67745211895978 14.876841508103741 28.091333652393587 68.47029659451209
196.54841618590132 -48.32863998881302 2.1875 9.824219 [196.54841618590132,-48.32863998881302] 84.47539576815706 1.4137522766885464 0.0003535791381891126 1.8576703669880285e-05 [-2633.081054688,3323.381347656] -57.05999261677411 -56.905762066376596 15.097099792958215 27.646597001315286 68.43233754147764
196.5476533531079 -48.32180026635074 2.1875 9.824219 [196.5476533531079,-48.32180026635074] 83.42679919119448 2.2701752601317366 0.0002207194550426691 1.862124460207124e-05 [-2634.346679688,3311.106445312] -57.05999261677411 -56.905762066376596 15.097099792958215 27.728889958580567 68.43360007772458
198.55468745400597 -45.71535884232169 1.6875 4.8496094 [198.55468745400597,-45.71535884232169] -67.27623701291206 0.963597896715364 0.00046080209307926864 1.6501331522246555e-05 [-244.46875,-1416.3359375] -75.21777850579524 -60.25125591160847 12.96743854734599 57.670578257959505 48.96396608065993
