data_processed/hvc_rms/hvc_rms_index_23_with_B.ecsv
# %ECSV 1.0
# ---
# datatype:
# - {name: ra_dec_obj.ra, unit: deg, datatype: float64}
# - {name: ra_dec_obj.dec, unit: deg, datatype: float64}
# - {name: 'H-alpha flux [Error]', unit: R, datatype: float32}
# - {name: H-alpha flux, unit: R, datatype: float32}
# - {name: ra_dec_deg, datatype: string, subtype: 'float64[2]'}
# - {name: RM, unit: rad / m2, datatype: float64}
# - {name: RM_uncert, unit: rad / m2, datatype: float64}
# - {name: pol_int, datatype: float64}
# - {name: pol_int_uncert, datatype: float64}
# - {name: ra_dec_pix_offsets, datatype: string, subtype: 'float64[2]'}
# - {name: interpolation_raw, unit: rad / m2, datatype: float64}
# - {name: interpolation_cor, unit: rad / m2, datatype: float64}
# - {name: interpolation_unc, unit: rad / m2, datatype: float64}
# - {name: interpolation_cor_unc, unit: rad / m2, datatype: float64}
# - {name: HI, unit: dex(1 / cm2), datatype: float64}
# - {name: 'HI [Error]', unit: dex(1 / cm2), datatype: float64}
# - {name: pixel location x, datatype: float64}
# - {name: pixel location y, datatype: float64}
# - {name: 'B_virtual [raw]', unit: G, datatype: float64}
# - {name: 'B_virtual_unc [raw]', unit: G, datatype: float64}
# - {name: 'B_virtual [int]', unit: G, datatype: float64}
# - {name: 'B_virtual_unc [int]', unit: G, datatype: float64}
# meta: !!omap
# - __serialized_columns__:
#     ra_dec_obj:
#       __class__: astropy.coordinates.sky_coordinate.SkyCoord
#       dec: !astropy.table.SerializedColumn
#         __class__: astropy.coordinates.angles.Latitude
#         unit: &id001 !astropy.units.Unit {unit: deg}
#         value: !astropy.table.SerializedColumn {name: ra_dec_obj.dec}
#       frame: icrs
#       ra: !astropy.table.SerializedColumn
#         __class__: astropy.coordinates.angles.Longitude
#         unit: *id001
#         value: !astropy.table.SerializedColumn {name: ra_dec_obj.ra}
#         wrap_angle: !astropy.coordinates.Angle
#           unit: *id001
#           value: 360.0
#       representation_type: spherical
# schema: astropy-2.0
ra_dec_obj.ra ra_dec_obj.dec "H-alpha flux [Error]" "H-alpha flux" ra_dec_deg RM RM_uncert pol_int pol_int_uncert ra_dec_pix_offsets interpolation_raw interpolation_cor interpolation_unc interpolation_cor_unc HI "HI [Error]" "pixel location x" "pixel location y" "B_virtual [raw]" "B_virtual_unc [raw]" "B_virtual [int]" "B_virtual_unc [int]"
[from data line 530]
202.6415709603453 -45.99888986650055 2.015625 8.160156 [202.6415709603453,-45.99888986650055] -63.53485753979185 1.7363786004349848 0.0003921966854635613 2.5307954619678025e-05 [4863.319335938,-786.486328125] -55.98115627502113 -57.671514100481374 8.434468841581149 8.153121599710687 0.0 0.0 50.025173141173354 14.039975904907124 -6.1905761018061595e-06 8.070274154606085e-07 -7.360016901050848e-07 1.082327078772831e-06
202.64326480761778 -46.00817098148347 2.015625 8.160156 [202.64326480761778,-46.00817098148347] -66.73537291882414 1.9261973712604123 0.0003529148926166669 2.5262683114673527e-05 [4864.616455078,-769.6967773438] -55.98115627502113 -57.671514100481374 8.434468841581149 8.153121599710687 0.0 0.0 49.91296639187385 14.043735470306956 -6.502421202056702e-06 8.21071584500714e-07 -1.0478467903556281e-06 1.0864244370767625e-06
202.43807973585925 -46.3201674939198 1.828125 6.296875 [202.43807973585925,-46.3201674939198] -61.17952640651359 1.5352547223999728 0.00041074279058442574 2.343468360768943e-05 [4582.597900391,-221.0244140625] -52.3804459508904 -60.91689225010255 8.03342192282364 9.403126722907038 0.0 0.0 46.48051500897532 16.405258649761663 -5.96108229021808e-06 7.959818111571469e-07 -8.573463338976589e-07 1.0503708557389272e-06
200.49337770510195 -44.950874424846 1.7265625 5.2753906 [200.49337770510195,-44.950874424846] -67.0160004657438 1.8253118711705087 0.0002902654671319142 1.968979308986117e-05 [2221.516601562,-2767.90625] -87.45198457455987 -72.38544543001476 11.4254935771285 7.010004234963445 0.0 0.0 65.02042721412863 30.898118495495055 -6.529764399991494e-06 8.19774161205669e-07 1.991198528487984e-06 1.3238013329925025e-06
201.36512761995448 -44.48817077004551 1.734375 5.310547 [201.36512761995448,-44.48817077004551] -69.15903453233254 1.5142737682593423 0.000402223665875603 2.2635011639678292e-05 [3357.948974609,-3569.291992188] -76.33322057230288 -66.59570582418533 10.795417303056759 6.422771973540453 0.0 0.0 69.54952768537964 22.394877225973687 -6.738572855565221e-06 8.207025563666198e-07 6.990232821587159e-07 1.263084827317839e-06
202.58804320598463 -46.41178905480199 1.796875 5.9648438 [202.58804320598463,-46.41178905480199] -72.685365550946 2.5219056171524628 0.00026851809787442897 2.516582047833141e-05 [4760.630371094,-47.4248046875] -54.407203585828 -62.891817531806645 8.330803077861637 10.09387476036221 0.0 0.0 45.201603722400705 15.30673009750899 -7.082164096282401e-06 8.55380984113938e-07 -1.7809491832941396e-06 1.0943015395520025e-06
202.32397451997977 -46.27683635032246 1.8671875 6.6835938 [202.32397451997977,-46.27683635032246] -64.12831544128092 1.1710365704305885 0.000516208820706581 2.2464904791379318e-05 [4444.550048828,-305.45703125] -53.34664030247565 -61.65459174280762 7.811128603524418 9.039208707207322 0.0 0.0 47.13928597241352 17.2952179288784 -6.248400207260166e-06 7.991521180924068e-07 -1.0505222335616834e-06 1.0305325103186916e-06
199.82553090031914 -44.383358232184804 1.625 4.2695312 [199.82553090031914,-44.383358232184804] -71.86237054524292 2.6639739650566407 0.00021517878274010107 2.130287042281034e-05 [1384.499511719,-3803.995117188] -82.55290432380544 -63.76500716221932 11.827144173522724 8.46368459009565 0.0 0.0 72.45958983978062 35.9947631050743 -7.0019748362211745e-06 8.567556814345925e-07 1.0416417929901191e-06 1.3656597276344205e-06
200.29092409406664 -46.81503309126249 1.9453125 7.486328 [200.29092409406664,-46.81503309126249] -31.087237009626165 0.8435307503186114 0.0005600378931508216 1.7556059150167128e-05 [1898.943847656,581.2416992188] -46.32706462210313 -57.34892665956893 9.098839512584874 9.184171749392437 18.96837615966797 9.484188079833984 43.02307612625805 35.49471319969098 -3.029012953754491e-06 7.138979145701443e-07 1.484906337507066e-06 1.1256051619984609e-06
200.29200747131048 -46.81763444923603 1.9453125 7.486328 [200.29200747131048,-46.81763444923603] -31.30054336860707 1.6823136027969647 0.0002811233105926431 1.7575695438230674e-05 [1900.186035156,585.94921875] -46.32706462210313 -57.34892665956893 9.098839512584874 9.184171749392437 18.999128341674805 9.499564170837402 42.99101978924932 35.48941516270543 -3.0497966510728247e-06 7.282054533313606e-07 1.4641226401887326e-06 1.13439363764721e-06
202.5767822394807 -44.07657641078997 1.65625 4.5546875 [202.5767822394807,-44.07657641078997] -71.30592033146368 0.7869676562634522 0.001092180678346301 3.1941850739712324e-05 [4945.884277344,-4245.352539062] -70.55606438212885 -62.810721949206375 9.388745852866768 6.722219656274609 0.0 0.0 72.89044353415466 10.794331113779208 -6.9477566081703865e-06 8.181853176279688e-07 -7.306289019129472e-08 1.1436591658734103e-06
200.24220282825829 -45.25394843258507 1.765625 5.6679688 [200.24220282825829,-45.25394843258507] -76.27285070522743 0.2502542311022449 0.0020255492338809066 1.8837919464874805e-05 [1891.613769531,-2229.184570312] -79.85162222257567 -66.47940785764276 11.359472175685344 6.8787595829744586 0.0 0.0 61.67001399043352 33.57626422763428 -7.431713945320303e-06 8.323087360015696e-07 3.4870082797061683e-07 1.3005151328183993e-06
200.6337890680102 -46.15285493847404 1.796875 5.9453125 [200.6337890680102,-46.15285493847404] -48.35575726173671 2.2212249993252056 0.00022429996456995707 1.8515287534672272e-05 [2349.522949219,-601.1782226562] -54.13141493073974 -63.545729474831674 9.542030076783677 8.096271311416308 0.0 0.0 50.56215159350336 31.55548637337938 -4.711586786855769e-06 7.766940467581848e-07 5.627564099840858e-07 1.1737740793566148e-06
202.31005853107249 -46.263118817462164 1.84375 6.40625 [202.31005853107249,-46.263118817462164] -59.927802237529576 1.3777277971875896 0.00044149688097712414 2.260475289150421e-05 [4428.378417969,-330.9047851562] -54.40222251676942 -62.18138084072918 7.729306135683529 8.81975955982841 0.0 0.0 47.31954885042637 17.387887962678406 -5.8391194177631845e-06 7.895041461751568e-07 -5.383898397275707e-07 1.0254672312309738e-06
200.81338517198898 -45.798564892343286 1.7578125 5.5507812 [200.81338517198898,-45.798564892343286] -53.11698998832049 1.4447855854646208 0.00035592421602300285 1.911039397001231e-05 [2589.843261719,-1233.062011719] -52.34918984228281 -59.046991787188645 8.754494966478836 5.966915263411016 0.0 0.0 54.58891901404354 29.44225573963672 -5.1755017883786245e-06 7.714129604037131e-07 -7.481129916829129e-08 1.101202476317511e-06
202.4205169549201 -45.54725266724881 1.8046875 6.0351562 [202.4205169549201,-45.54725266724881] -74.53026570907831 1.7748388799729498 0.00037497790566730935 2.473280173993793e-05 [4624.806640625,-1611.720703125] -62.279154887394284 -52.882468376922766 8.194115402694745 5.249545116367212 0.0 0.0 55.667092060578625 15.064667109500988 -7.261923605808321e-06 8.436809001829632e-07 -1.1936980235738545e-06 1.0669579087999406e-06
199.0366819819933 -45.159839405566075 1.6796875 4.7929688 [199.0366819819933,-45.159839405566075] -97.04142177087977 0.5709762064676924 0.0008108040876290704 1.7204523289918914e-05 [364.8657226562,-2415.737304688] -93.15237713324133 -68.56907827400752 12.875204491840691 7.070167787679074 0.0 0.0 63.914614239632556 44.06183875256124 -9.455318383673963e-06 9.141436576803837e-07 -3.789325690632651e-07 1.4292191258756013e-06
199.03883354810984 -45.16057573026529 1.6796875 4.7929688 [199.03883354810984,-45.16057573026529] -96.74993952212463 0.6039349282151891 0.0007637962552613663 1.7142587521935073e-05 [367.591796875,-2414.40234375] -93.15237713324133 -68.56907827400752 12.875204491840691 7.070167787679074 0.0 0.0 63.90399469107342 44.04377741026269 -9.426917548083608e-06 9.131388972722614e-07 -3.5053173347291055e-07 1.429317953144647e-06
201.7841033871775 -46.03249747940877 1.8203125 6.2402344 [201.7841033871775,-46.03249747940877] -60.54727687091327 2.0124110654980134 0.0002663956754522537 1.992290069609049e-05 [3790.796875,-773.0170898438] -53.58344814106267 -64.45550245191143 7.696209792413457 7.622972334500226 0.0 0.0 50.7037087698352 21.46560761370347 -5.899478486935543e-06 8.041490054762643e-07 -6.785269280738442e-07 1.0333752175352887e-06
197.97682176267978 -46.675701246292185 1.7734375 5.7089844 [197.97682176267978,-46.675701246292185] -36.33298424467781 2.6920226385184107 0.00016811913736247322 1.6819170140209995e-05 [-953.8681640625,316.60546875] -56.19585037038956 -57.5084736017197 10.85382373853586 10.298521552521233 0.0 0.0 46.61056608810122 55.00259667006321 -3.5401370630528846e-06 7.651752536744049e-07 1.9353562613120653e-06 1.2914343732088242e-06
201.93409738271748 -45.31515887349753 1.84375 6.423828 [201.93409738271748,-45.31515887349753] -83.69246895059045 1.2966597769347363 0.00046543478551782925 2.2428156635866156e-05 [4029.266845703,-2055.673828125] -63.98444590724016 -57.643633351041274 8.779046535458916 5.529217467555752 0.0 0.0 59.0374678441508 18.859374077937446 -8.154651135594199e-06 8.685660560234289e-07 -1.9202689860380716e-06 1.1081550845231415e-06
199.87908951733095 -44.994739565985434 1.7265625 5.2382812 [199.87908951733095,-44.994739565985434] 3.8024997751049074 0.5980808541101129 0.000837445736620607 1.861338151204754e-05 [1438.135253906,-2703.212890625] -106.62609096486239 -77.14357600376837 13.502923713248318 8.125254014602618 0.0 0.0 65.11870188417947 36.39558295850384 3.7049999238834927e-07 6.84948153226058e-07 1.0759709256652156e-05 1.635633453871959e-06
200.3390807442803 -44.931224810393964 1.6796875 4.7871094 [200.3390807442803,-44.931224810393964] -30.979890553328325 1.9105848186194319 0.00027473081787626703 1.950663711353813e-05 [2025.736328125,-2807.401367188] -93.190043841301 -74.60209055484161 11.943880989081947 7.542653487181746 0.0 0.0 65.41536568420406 32.232310217035774 -3.0185535550448173e-06 7.330010008342063e-07 6.0615023492107954e-06 1.4160404119224195e-06
199.99633779453993 -45.48397076089366 1.7734375 5.6992188 [199.99633779453993,-45.48397076089366] -42.275419027264846 2.413887196184974 0.00020371605507456757 1.8274728428736737e-05 [1573.749023438,-1820.676757812] -67.05977715787154 -57.85585513840062 10.820305429072922 6.93182180354595 0.0 0.0 59.17297983139338 36.071181150574375 -4.1191435513980455e-06 7.682667893718759e-07 2.4148862700423333e-06 1.2868547960803595e-06
198.52285748609503 -45.66626351192905 1.6796875 4.8027344 [198.52285748609503,-45.66626351192905] -71.92054728431634 2.299345762403756 0.0001901093280285475 1.624487645525766e-05 [-284.7231445312,-1504.591308594] -77.10431407242395 -61.76142672592158 13.285461648771895 8.055376400123485 0.0 0.0 58.281790708432254 49.18504201386895 -7.007643339221489e-06 8.468619373771744e-07 5.050849885938147e-07 1.4805797997408408e-06
198.51773066695915 -45.66369638310809 1.6796875 4.8027344 [198.51773066695915,-45.66369638310809] -66.19086425013725 1.7824184966485888 0.0002444344161309152 1.619126338648538e-05 [-291.185546875,-1509.192871094] -77.10431407242395 -61.76142672592158 13.285461648771895 8.055376400123485 0.0 0.0 58.31641353609098 49.22685936361245 -6.4493665092136725e-06 8.162552746376498e-07 1.063361818601632e-06 1.4750196713769777e-06
201.06111134421377 -45.34766389632549 1.84375 6.421875 [201.06111134421377,-45.34766389632549] -67.79834763435139 2.4096185759840774 0.00022136349695041132 1.982270932305568e-05 [2923.868652344,-2035.625976562] -66.7701499618347 -64.0478635770828 10.063785936535236 5.145908752741945 0.0 0.0 59.681268375885566 26.546415954797794 -6.605993101413616e-06 8.364427807043707e-07 -1.0018336683021616e-07 1.21732654873158e-06
202.31297297901313 -46.1144027753892 1.90625 7.0371094 [202.31297297901313,-46.1144027753892] -62.91763976141901 1.0639592006750032 0.0005645416675148531 2.232182399230248e-05 [4444.002929688,-598.1552734375] -56.188263493819335 -61.71740313728196 7.877603618338462 8.456418271862788 0.0 0.0 49.079669538937424 17.080175240576636 -6.130436931335654e-06 7.939595227010018e-07 -6.556828411265934e-07 1.032888242107643e-06
201.69316111493725 -48.61516194231266 2.1875 9.847656 [201.69316111493725,-48.61516194231266] 126.59630020853949 2.8216950706804593 0.00021611974089468262 2.2662781981391218e-05 [3501.833496094,3867.340087891] -43.58295923763097 -56.67845780741384 11.863048666958004 17.340820339861832 0.0 0.0 20.132456075310984 26.793251642659243 1.2335024599012112e-05 1.0798148230090665e-06 1.6581569509158365e-05 1.73397194030491e-06
201.94023139466842 -44.75180805353518 1.7109375 5.1464844 [201.94023139466842,-44.75180805353518] -85.67718715287513 1.8271368990567334 0.00033267586015370705 2.258921192709968e-05 [4076.945800781,-3068.248046875] -74.80107250982921 -67.06236890930477 10.711247738481832 6.50924351643722 0.0 0.0 65.7164618530262 17.763386648528922 -8.348033942255694e-06 8.850156844176832e-07 -1.0597240317659599e-06 1.2612411331334578e-06
201.06918351928607 -46.16838074496913 1.765625 5.6875 [201.06918351928607,-46.16838074496913] -64.52912811639649 2.9950646033629047 0.00017014471071288316 1.8937966781298492e-05 [2891.245605469,-558.802734375] -51.8775825609423 -63.11713135241553 8.796778475322416 8.135967090751617 0.0 0.0 49.910725350041275 27.84059192475297 -6.287453751471192e-06 8.442746414749283e-07 -1.2327147427292907e-06 1.1363358908009685e-06
197.71279898299503 -48.23984908860812 2.03125 8.3359375 [197.71279898299503,-48.23984908860812] 44.14458016862553 3.139725606060948 0.00015021681726521584 1.75274587679806e-05 [-1242.354492188,3135.083496094] -50.690432097590936 -52.924335168713185 12.843332957889963 16.26761188862206 0.0 0.0 28.07302005570773 58.77635984330982 4.301266951688747e-06 7.967465174760284e-07 9.240334885177692e-06 1.5734174207594302e-06
202.3423767293619 -46.25674449023787 1.8359375 6.373047 [202.3423767293619,-46.25674449023787] -67.95503480331287 1.022696777348383 0.0005919914066313966 2.2499402919823536e-05 [4469.037109375,-340.546875] -54.15551023429333 -61.813736190389626 7.829439082155097 8.92738977196514 0.0 0.0 47.354293571319204 17.099920775653345 -6.6212600569273685e-06 8.094891600704855e-07 -1.3445691124711566e-06 1.0317560939970925e-06
200.81024172540288 -47.424163739874366 2.140625 9.421875 [200.81024172540288,-47.424163739874366] 6.770143691390416 3.1159393152949697 0.00015743308837989106 1.8230295539004124e-05 [2509.458496094,1691.8125] -40.67665954843394 -53.77746220102283 9.315559138284858 11.8587811225891 17.91189956665039 8.955949783325195 35.24561137213823 32.06624995674315 6.5965505180312e-07 7.477684549520432e-07 4.6230220325841935e-06 1.2120462553907297e-06
201.55885317765598 -45.817638270939696 1.828125 6.3066406 [201.55885317765598,-45.817638270939696] -39.73137083219136 1.00481885309209 0.0005202471062994505 1.9427018396539157e-05 [3523.294677734,-1169.908691406] -48.43203820271064 -57.46301022693793 7.787083305856047 6.683866539072287 0.0 0.0 53.523182993191085 23.02432683079951 -3.871261922822719e-06 7.323672347397826e-07 8.477573662609927e-07 1.02636314287924e-06
201.91921993061231 -46.01787569954542 1.8515625 6.5410156 [201.91921993061231,-46.01787569954542] -73.2651997039706 2.0806991699698507 0.0002606123945070608 2.0151763777170704e-05 [3960.445068359,-792.6870117188] -56.535768083669225 -65.14193483662014 7.836609904229805 7.787907124034199 0.0 0.0 50.714075239847034 20.277983230312657 -7.138660759527091e-06 8.459899955080629e-07 -1.630047246435948e-06 1.0489272521524606e-06
