data_processed/hvc_rms/hvc_rms_index_19.ecsv
# %ECSV 1.0
# ---
# datatype:
# - {name: ra_dec_obj.ra, unit: deg, datatype: float64}
# - {name: ra_dec_obj.dec, unit: deg, datatype: float64}
# - {name: 'H-alpha flux [Error]', unit: R, datatype: float32}
# - {name: H-alpha flux, unit: R, datatype: float32}
# - {name: ra_dec_deg, datatype: string, subtype: 'float64[2]'}
# - {name: RM, unit: rad / m2, datatype: float64}
# - {name: RM_uncert, unit: rad / m2, datatype: float64}
# - {name: pol_int, datatype: float64}
# - {name: pol_int_uncert, datatype: float64}
# - {name: ra_dec_pix_offsets, datatype: string, subtype: 'float64[2]'}
# - {name: interpolation_raw, unit: rad / m2, datatype: float64}
# - {name: interpolation_cor, unit: rad / m2, datatype: float64}
# - {name: interpolation_unc, unit: rad / m2, datatype: float64}
# - {name: interpolation_cor_unc, unit: rad / m2, datatype: float64}
# - {name: HI, unit: dex(1 / cm2), datatype: float64}
# - {name: 'HI [Error]', unit: dex(1 / cm2), datatype: float64}
# - {name: pixel location x, datatype: float64}
# - {name: pixel location y, datatype: float64}
# meta: !!omap
# - __serialized_columns__:
#     ra_dec_obj:
#       __class__: astropy.coordinates.sky_coordinate.SkyCoord
#       dec: !astropy.table.SerializedColumn
#         __class__: astropy.coordinates.angles.Latitude
#         unit: &id001 !astropy.units.Unit {unit: deg}
#         value: !astropy.table.SerializedColumn {name: ra_dec_obj.dec}
#       frame: icrs
#       ra: !astropy.table.SerializedColumn
#         __class__: astropy.coordinates.angles.Longitude
#         unit: *id001
#         value: !astropy.table.SerializedColumn {name: ra_dec_obj.ra}
#         wrap_angle: !astropy.coordinates.Angle
#           unit: *id001
#           value: 360.0
#       representation_type: spherical
# schema: astropy-2.0
ra_dec_obj.ra ra_dec_obj.dec "H-alpha flux [Error]" "H-alpha flux" ra_dec_deg RM RM_uncert pol_int pol_int_uncert ra_dec_pix_offsets interpolation_raw interpolation_cor interpolation_unc interpolation_cor_unc HI "HI [Error]" "pixel location x" "pixel location y"
[from data line 1655]
180.29920958877628 -67.65290043006787 4.875 36.75 [180.29920958877628,-67.65290043006787] -3.425570045072608 2.570117783564704 0.0002850264572817365 2.7223684602834942e-05 [4930.779052734,-2986.274414062] 21.265657459201496 -15.256019428937702 24.685730465236915 8.783841561427629 0.0 0.0 34.03672867588398 23.97148289532015
172.777313237523 -67.33435081275016 3.953125 27.453125 [172.777313237523,-67.33435081275016] -7.5199990017465055 0.31172153171374434 0.0018444048505156774 2.1366419967830672e-05 [-206.8203125,-3850.178710938] 17.121025622555493 -8.27860558771226 22.520572732686524 13.008072771290971 0.0 0.0 29.05590187653172 58.5093525895702
168.7744291739098 -67.99195108279329 4.625 34.390625 [168.7744291739098,-67.99195108279329] -83.63642636773616 1.262757033443633 0.00041902118664533417 1.9663665679498887e-05 [-2898.419921875,-2565.60546875] 20.860500387359693 9.762118358905465 27.00978728913152 19.533981731064316 0.0 0.0 15.485300990481505 73.12832682558883
175.5789487309828 -69.4810410771914 3.125 19.234375 [175.5789487309828,-69.4810410771914] -77.03407649282957 1.1819672436191928 0.00042491154278019144 1.8664341538231673e-05 [1579.103027344,44.7333984375] 21.641452558778475 30.205583029723464 24.064676547131082 26.310286277758166 0.0 0.0 7.933880845543285 39.14364504722903
175.09690846885331 -68.14593514611722 3.9375 27.335938 [175.09690846885331,-68.14593514611722] -43.25848342191702 0.049929869807570366 0.009970775306029616 1.850112196791202e-05 [1354.187011719,-2368.17578125] 11.444782493531191 -9.987055784455675 27.427585891092797 13.955487214487963 0.0 0.0 22.7966051998593 45.52484702631523
174.96910072812491 -69.7102585110687 3.359375 21.65625 [174.96910072812491,-69.7102585110687] -67.56275241861034 2.0249641657161033 0.00024397522702460417 1.8359961923650127e-05 [1181.847167969,443.3115234375] 20.356411626201556 31.91676861321778 23.037848769625484 28.24092192655799 0.0 0.0 4.594354735823572 40.86831386506742
168.5000309514233 -67.30569476937121 5.03125 38.3125 [168.5000309514233,-67.30569476937121] -75.87524167320946 2.2777385712735567 0.0002601377882195306 2.2019934499141742e-05 [-3174.1171875,-3783.40234375] 28.098904099952712 6.785184327459245 30.984989603755068 21.00844240791311 0.0 0.0 22.6839245915761 77.34633347858494
170.4850162022411 -68.77963259606108 4.09375 28.976562 [170.4850162022411,-68.77963259606108] -41.74073881060926 3.3222590183263194 0.0001471081557334178 1.816263866560718e-05 [-1687.106445312,-1214.280761719] 14.125392092391902 14.479854275279802 21.434508580783987 21.254693676997846 0.0 0.0 9.319170938300886 62.63390666790724
168.75132755279296 -68.85724643692888 4.15625 29.648438 [168.75132755279296,-68.85724643692888] -78.99895172043249 0.1360375711440308 0.0036486411606003887 1.844585224811184e-05 [-2804.71484375,-1011.116210938] 15.387615683076051 18.621243807338118 24.766412286838186 23.195095663568758 0.0 0.0 5.78590655970163 69.39073037461026
168.75064126276382 -68.85871897440515 4.15625 29.648438 [168.75064126276382,-68.85871897440515] -77.33422619833038 0.2562556684498697 0.0019302818520941277 1.838242961010607e-05 [-2804.97265625,-1008.440917969] 15.387615683076051 18.621243807338118 24.766412286838186 23.195095663568758 0.0 0.0 5.768378020150294 69.38698012298187
169.47279383354626 -67.6350631978396 4.9375 37.453125 [169.47279383354626,-67.6350631978396] -134.96531435788435 2.4263518576028353 0.00022162929159448314 1.9984332265935408e-05 [-2465.87109375,-3237.045898438] 20.164184047728394 -1.6270519135715027 29.72487655683233 19.500309043406496 0.0 0.0 20.620935019184344 71.71169907277022
171.31622296299838 -68.89519500732327 3.34375 21.492188 [171.31622296299838,-68.89519500732327] -35.41235752815741 1.3250184647597327 0.00036102939590015854 1.777760278343466e-05 [-1139.993164062,-1025.626464844] 3.038571226790698 14.29090850696035 20.111631299194414 22.433994015042302 0.0 0.0 9.221054791146912 58.74483562453656
174.8906099540765 -69.94966134636624 3.109375 19.023438 [174.8906099540765,-69.94966134636624] -57.37493975859626 1.4251480976918143 0.0003424010025529653 1.813442243438364e-05 [1120.078125,872.5546875] 18.065726791626187 35.41401671144806 21.717553881105115 29.53547819774728 0.0 0.0 1.7437496123866367 40.38139844210741
178.22367847130377 -70.17278284993196 2.90625 17.085938 [178.22367847130377,-70.17278284993196] -6.552826216621813 2.5354242506627322 0.0002127092912626719 2.0042219014170954e-05 [3139.037109375,1389.645996094] 21.001109662372475 45.60791972511694 21.974961117936783 29.66536402875522 18.13397789001465 9.066988945007324 2.593398414065291 26.376394074642576
178.2263028722071 -70.17374425159085 2.90625 17.085938 [178.2263028722071,-70.17374425159085] -9.59993276779694 3.0237620070028224 0.00017831678782238055 2.0037730964750664e-05 [3140.486816406,1391.504882812] 21.001109662372475 45.60791972511694 21.974961117936783 29.66536402875522 18.13397789001465 9.066988945007324 2.584587413319582 26.36324874852403
176.04115325520024 -68.70742036260992 3.5625 23.5625 [176.04115325520024,-68.70742036260992] -180.1557112729688 2.6655210318719584 0.00018675177405547862 1.8499310970515065e-05 [1937.659179688,-1333.08984375] 11.017953699852125 3.707953931171666 26.08555509079516 19.01248690285888 0.0 0.0 17.411004947645438 39.678971303434764
167.96965075854789 -68.44164288118317 4.40625 32.0625 [167.96965075854789,-68.44164288118317] -103.06274235097392 0.6659626256351221 0.0007729536922672647 1.912987076682783e-05 [-3372.518554688,-1717.453125] 22.501104955338864 18.31455056649007 27.825140903787634 24.190083768409053 0.0 0.0 9.143630142612437 74.45955117829067
167.97978265259283 -68.43778239824756 4.40625 32.0625 [167.97978265259283,-68.43778239824756] -102.84836474415025 1.2663972918211457 0.00040615256934027784 1.9114717383305602e-05 [-3366.41796875,-1724.935058594] 22.501104955338864 18.31455056649007 27.825140903787634 24.190083768409053 0.0 0.0 9.20339670289286 74.43547467689154
180.37646504040626 -69.98054509070873 3.421875 22.234375 [180.37646504040626,-69.98054509070873] -87.4221585029009 1.1500553373033797 0.0005700609157756492 2.436400652570967e-05 [4486.895507812,1179.530273438] 27.814682946880136 45.616404453248286 21.13050857505779 30.601441240932147 0.0 0.0 6.701660014183062 18.182974722278914
169.8801730999819 -68.33546430825531 4.53125 33.171875 [169.8801730999819,-68.33546430825531] -90.14017468556828 2.9246600007695758 0.00016975481770100414 1.845041747071666e-05 [-2122.16796875,-1993.959960938] 13.360027321774657 3.981953396291182 21.69202596426347 16.212639672431084 0.0 0.0 13.402809822200197 67.00044945486115
178.28201275938827 -68.13227828514859 4.125 29.1875 [178.28201275938827,-68.13227828514859] -64.39384391774105 2.294675473142849 0.00023794202525603624 2.029089159423999e-05 [3485.885498047,-2266.74609375] 28.315384059397886 -3.1329016959055735 30.23017249386214 13.0532219300526 0.0 0.0 26.501821603770964 31.707987923022984
171.66564944231152 -69.27588665207062 3.078125 18.78125 [171.66564944231152,-69.27588665207062] -37.63817469249109 0.4268800517678099 0.0011460534143380248 1.8181069337032414e-05 [-897.83984375,-346.4506835938] 4.334690166321428 18.678968266457026 19.053518968732043 25.215873003652113 0.0 0.0 5.3935627174564615 55.81129911153221
171.64656123582122 -69.27264404113288 3.078125 18.78125 [171.64656123582122,-69.27264404113288] -30.250793507825307 1.365324314025599 0.0003579387386205742 1.816156338590274e-05 [-910.130859375,-352.0034179688] 4.334690166321428 18.678968266457026 19.053518968732043 25.215873003652113 0.0 0.0 5.404038217034781 55.90140329408928
166.80358908033608 -68.34743500596107 4.34375 31.3125 [166.80358908033608,-68.34743500596107] 5.277792596702374 0.1004108672397639 0.005497779848081286 2.0515247761343698e-05 [-4157.174804688,-1814.499023438] 30.459244422842964 24.61199955708543 29.3182451221635 24.952610279859943 0.0 0.0 8.197994241304968 79.69200598544603
180.0465851112137 -68.83413688712092 3.921875 27.265625 [180.0465851112137,-68.83413688712092] -153.1124029191535 2.6363441532238454 0.00023648783283890669 2.3169657172338823e-05 [4519.588134766,-894.2451171875] 28.51214204772092 15.57519268107194 22.997107872756693 18.512528924832313 0.0 0.0 19.917447249242628 22.279343852729426
171.01505967085103 -69.30332933371707 3.125 19.242188 [171.01505967085103,-69.30332933371707] -67.79817378546078 2.4738975646694636 0.00019817566642363053 1.8219679938732216e-05 [-1310.38671875,-285.3212890625] 4.9997459793559065 23.08336612409547 19.938403218751123 27.712293548422984 0.0 0.0 4.173143728445325 58.332276774514185
177.03428671633657 -69.81251537847908 3.15625 19.507812 [177.03428671633657,-69.81251537847908] -46.019241568126034 2.5220297893662056 0.0002052984188672414 1.924174787496002e-05 [2457.231445312,688.5805664062] 22.686809606251707 36.53362988871468 23.828107510260903 28.491844660244592 18.9532470703125 9.47662353515625 5.642168840593513 32.194726679836776
178.67100527208754 -68.12273380454911 4.125 29.273438 [178.67100527208754,-68.12273380454911] -60.08542048350575 0.8675849252959014 0.0006574360358599739 2.11969905285959e-05 [3747.076904297,-2260.8671875] 28.406539728433525 -3.1882306591410803 30.168599507502186 12.774506810916664 0.0 0.0 26.99995322579639 30.02918086638715
180.62106317395939 -67.52800009899315 5.0 37.859375 [180.62106317395939,-67.52800009899315] -40.45300267092214 2.4251465319807775 0.0003297494882220479 2.971876911688966e-05 [5176.513427734,-3182.779296875] 20.98186058779029 -15.559741863227963 25.474299879101267 8.303027459074345 0.0 0.0 35.79020238048531 22.809323686989046
178.47094729429224 -68.56159196579357 3.984375 27.859375 [178.47094729429224,-68.56159196579357] -56.87002290620971 1.2290085618495101 0.00044263822720398514 2.0216805337091933e-05 [3544.495605469,-1486.154785156] 22.804296408374704 8.399316770794961 23.745652900259763 16.695230763406503 0.0 0.0 21.668035632452188 29.728367853427017
181.7292786660032 -70.4653779019103 3.265625 20.632812 [181.7292786660032,-70.4653779019103] -133.11638649953488 1.547067382648281 0.0005149683303989512 2.9607276159720457e-05 [5188.88671875,2151.724609375] 29.835882649941247 50.64867861358782 20.709601381239562 31.975178426704183 0.0 0.0 1.992433803276299 11.655532031490338
173.51216103041875 -67.77008079999406 4.03125 28.203125 [173.51216103041875,-67.77008079999406] -100.64173205391894 2.3576209334075076 0.00020979164074846082 1.838107307701801e-05 [297.3857421875,-3065.762695312] 8.296660748247843 -13.18325231573376 24.74310188087081 13.175904000944666 0.0 0.0 25.087153722857465 53.696418859420646
175.33604394496882 -68.71635440049606 3.265625 20.65625 [175.33604394496882,-68.71635440049606] -42.677113867227106 1.1735252080215213 0.0004246476470517406 1.8519525199982754e-05 [1476.666015625,-1336.688476562] 10.138408844165797 5.436211840152993 25.096626490179737 19.766161774313076 0.0 0.0 16.494984113431656 42.63310501562478
168.7284543844211 -68.88362120444062 4.03125 28.367188 [168.7284543844211,-68.88362120444062] -69.77507549818992 3.2035718493611065 0.0001559857957503515 1.8570697881164255e-05 [-2816.165039062,-962.7119140625] 14.918756179088765 19.619108289886015 24.553065691184216 23.524712252458922 0.0 0.0 5.455180027803294 69.3664281729184
176.80966177422556 -67.31949610555803 4.15625 29.5 [176.80966177422556,-67.31949610555803] 10.632040326128978 1.0125953820219484 0.000585019351767473 2.201480676976969e-05 [2589.932617188,-3798.400390625] 31.067910555287476 -13.487985996155444 32.76521868535004 10.87802667884377 0.0 0.0 34.39728668921907 40.55984529626289
167.47172553377524 -66.91985311588505 5.875 46.71875 [167.47172553377524,-66.91985311588505] -2.0443561297909913 2.861046236255098 0.0002675116928602804 2.8443062077428445e-05 [-3947.908203125,-4415.114257812] 25.078433438474143 7.703754907009397 27.572558959613442 17.154750652791233 0.0 0.0 25.166562011384485 83.57046928788236
178.20423881022052 -69.39907068245438 3.3125 21.171875 [178.20423881022052,-69.39907068245438] -67.25899423283927 0.22049078215192586 0.002459489886928587 2.0153207773201227e-05 [3244.012207031,0.8974609375] 25.343046606669155 28.853976107855495 22.403065337686616 24.705438241493635 0.0 0.0 11.617358328182831 28.58096173717604
178.19537336389305 -69.40171055716368 3.3125 21.171875 [178.19537336389305,-69.40171055716368] -75.42243529262005 0.8241824078235007 0.0006618604332417081 2.02720870616097e-05 [3238.022949219,5.1630859375] 25.343046606669155 28.853976107855495 22.403065337686616 24.705438241493635 0.0 0.0 11.578010639219883 28.610451551648794
178.21496573518763 -69.40207667967704 3.3125 21.171875 [178.21496573518763,-69.40207667967704] -68.68923073350005 1.9418277153581167 0.00028117609284947486 2.0290735532911275e-05 [3250.325195312,6.8583984375] 25.343046606669155 28.853976107855495 22.403065337686616 24.705438241493635 0.0 0.0 11.592499796936977 28.528264999376916
165.47271712404324 -67.60404974105465 5.21875 40.28125 [165.47271712404324,-67.60404974105465] 146.45120983993326 2.9584154371323033 0.00027005845063630615 2.9691055368845384e-05 [-5198.73828125,-3041.90625] 31.481529967309964 21.29905107569731 34.301812088469205 23.540267850346265 0.0 0.0 13.945017287682731 88.84112323374347
172.60000596818605 -68.93046556461907 3.265625 20.585938 [172.60000596818605,-68.93046556461907] -6.382528124802043 2.6440782914018346 0.00018401843787721613 1.8081912084670298e-05 [-307.611328125,-977.359375] 0.6886913559180805 9.530060304875011 20.515064119272992 21.020247265180075 0.0 0.0 10.59413878254054 53.31487587035576
170.50302135570428 -68.94173438972288 3.734375 25.359375 [170.50302135570428,-68.94173438972288] -105.59008290816327 0.32362089117677656 0.0015006041281337772 1.804726475473599e-05 [-1663.166015625,-923.2666015625] 11.800265252996553 19.59487945850202 20.888878185870837 23.298512842424564 0.0 0.0 7.517488405236122 61.89024843685479
170.49412604916387 -68.93224328700323 3.734375 25.359375 [170.49412604916387,-68.93224328700323] -109.29081106218483 0.09526674450093243 0.0050755634790463616 1.796942959577947e-05 [-1669.631835938,-940.0922851562] 11.800265252996553 19.59487945850202 20.888878185870837 23.298512842424564 0.0 0.0 7.611435865559088 61.9658354643293
180.6524200029418 -70.12673963769687 3.28125 20.773438 [180.6524200029418,-70.12673963769687] -114.97155417752344 2.714741433010475 0.0002487474932747721 2.509550198754804e-05 [4622.900390625,1461.259277344] 28.783677317998787 46.800293230124275 20.26724765315648 30.877553868090153 0.0 0.0 5.196804787071983 16.724786216022267
172.35559087643787 -67.26303837775396 4.21875 30.335938 [172.35559087643787,-67.26303837775396] 14.255114264501168 0.27354739073956696 0.0021801880329964064 2.216334114055326e-05 [-500.8203125,-3975.999023438] 18.368081673970586 -8.905588685788384 23.11355007727971 12.883809850877807 0.0 0.0 29.263653923443258 60.641875317214954
172.37031542032875 -67.26940931233376 4.125 29.148438 [172.37031542032875,-67.26940931233376] 13.356462635523078 0.33320460278861413 0.0017889546665067588 2.215231052004455e-05 [-490.4467773438,-3964.66015625] 18.40180351046639 -8.931982973553943 23.05167985280396 12.835989018064115 0.0 0.0 29.212430870858725 60.55265252386721
172.35957355928946 -67.26430533516438 4.21875 30.335938 [172.35957355928946,-67.26430533516438] 12.662703592894378 0.5138930154389459 0.0011605152607225052 2.2163190224103516e-05 [-498.0234375,-3973.752929688] 18.368081673970586 -8.905588685788384 23.11355007727971 12.883809850877807 0.0 0.0 29.255001194001352 60.6194627377306
