data_processed/hvc_rms/hvc_rms_index_6.ecsv
# %ECSV 1.0
# ---
# datatype:
# - {name: ra_dec_obj.ra, unit: deg, datatype: float64}
# - {name: ra_dec_obj.dec, unit: deg, datatype: float64}
# - {name: 'H-alpha flux [Error]', unit: R, datatype: float32}
# - {name: H-alpha flux, unit: R, datatype: float32}
# - {name: ra_dec_deg, datatype: string, subtype: 'float64[2]'}
# - {name: RM, unit: rad / m2, datatype: float64}
# - {name: RM_uncert, unit: rad / m2, datatype: float64}
# - {name: pol_int, datatype: float64}
# - {name: pol_int_uncert, datatype: float64}
# - {name: ra_dec_pix_offsets, datatype: string, subtype: 'float64[2]'}
# - {name: interpolation_raw, unit: rad / m2, datatype: float64}
# - {name: interpolation_cor, unit: rad / m2, datatype: float64}
# - {name: interpolation_unc, unit: rad / m2, datatype: float64}
# - {name: pixel location x, datatype: float64}
# - {name: pixel location y, datatype: float64}
# meta: !!omap
# - __serialized_columns__:
#     ra_dec_obj:
#       __class__: astropy.coordinates.sky_coordinate.SkyCoord
#       dec: !astropy.table.SerializedColumn
#         __class__: astropy.coordinates.angles.Latitude
#         unit: &id001 !astropy.units.Unit {unit: deg}
#         value: !astropy.table.SerializedColumn {name: ra_dec_obj.dec}
#       frame: icrs
#       ra: !astropy.table.SerializedColumn
#         __class__: astropy.coordinates.angles.Longitude
#         unit: *id001
#         value: !astropy.table.SerializedColumn {name: ra_dec_obj.ra}
#         wrap_angle: !astropy.coordinates.Angle
#           unit: *id001
#           value: 360.0
#       representation_type: spherical
# schema: astropy-2.0
ra_dec_obj.ra ra_dec_obj.dec "H-alpha flux [Error]" "H-alpha flux" ra_dec_deg RM RM_uncert pol_int pol_int_uncert ra_dec_pix_offsets interpolation_raw interpolation_cor interpolation_unc "pixel location x" "pixel location y"
[from data line 107]
84.15248131848232 -55.12979131890187 1.375 1.7270508 [84.15248131848232,-55.12979131890187] 54.718029018541635 0.7346292789053747 0.000592471175380084 1.617499527918662e-05 [-1385.596679688,-1056.588378906] 38.366998762724954 40.40813819336912 9.003804551817145 56.99493088130248 14.175472301393484
84.16796106586037 -55.126861572738605 1.375 1.7270508 [84.16796106586037,-55.126861572738605] 52.46287818172547 0.22280542669396292 0.0019548423780603903 1.6186248844450637e-05 [-1369.771484375,-1062.168457031] 38.366998762724954 40.40813819336912 9.003804551817145 57.10219191903161 14.213162280919278
82.37476335552626 -54.67543419687208 1.359375 1.5820312 [82.37476335552626,-54.67543419687208] 10.62356551541953 1.3704051107180948 0.00034025009492090393 1.7328298788145854e-05 [-3250.05078125,-1814.533203125] 34.12242485548129 35.488178130211395 7.728145360132496 44.84920437493588 20.988251150662563
83.11553151915737 -55.041042266503474 1.359375 1.5654297 [83.11553151915737,-55.041042266503474] 37.70327782321228 0.19277303356964795 0.002287613994237504 1.6388444302876862e-05 [-2457.5859375,-1187.520019531] 35.782483589079135 38.1652348911668 7.829237732855458 49.90129269865497 15.650275346279614
83.15370193140875 -55.030422334251305 1.375 1.7543945 [83.15370193140875,-55.030422334251305] 38.254194356269075 0.24665444249009863 0.001788416732048896 1.639329935366358e-05 [-2418.892578125,-1207.966308594] 35.85404299775624 38.2068890282965 7.87734157962621 50.16604357461733 15.796679492017347
83.12100975249108 -55.041572499100006 1.359375 1.5654297 [83.12100975249108,-55.041572499100006] 35.2070826357706 0.5754152014879684 0.0007656374247832972 1.6372431724566875e-05 [-2451.908203125,-1186.760253906] 35.782483589079135 38.1652348911668 7.829237732855458 49.938840977014706 15.641882464320133
83.1475140054873 -55.034091994169586 1.359375 1.5654297 [83.1475140054873,-55.034091994169586] 38.184658192358036 0.2544873512589171 0.0017380774569095057 1.6437812846500035e-05 [-2425.048828125,-1201.148925781] 35.782483589079135 38.1652348911668 7.829237732855458 50.12268613005642 15.745070691924639
83.13039387692342 -55.039871239571355 1.359375 1.5654297 [83.13039387692342,-55.039871239571355] 33.55661320493729 2.079060908057426 0.0002125204678994123 1.6420133327404217e-05 [-2442.341796875,-1190.151855469] 35.782483589079135 38.1652348911668 7.829237732855458 50.00372057506024 15.66486626531173
84.65982812975254 -53.62444661505598 1.4296875 2.3300781 [84.65982812975254,-53.62444661505598] 48.457076331101305 0.4006352629095768 0.001234963189802138 1.838704285158126e-05 [-895.8813476562,-3773.421875] 37.69824856571041 39.35816499273609 8.67696960653246 61.31935316268539 35.349843955170854
80.81713074025214 -55.44818496872535 1.34375 1.4433594 [80.81713074025214,-55.44818496872535] -0.621573490238224 0.6238473560283574 0.0009108875066159166 2.1117951467960725e-05 [-4774.291015625,-335.6245117188] 33.754053113686105 31.92351868613418 8.13144084314337 34.184200639955634 9.754672275753364
80.8156132401765 -55.445709130203205 1.34375 1.4433594 [80.8156132401765,-55.445709130203205] -0.27097998888740477 0.3944346126735805 0.0014440926818856722 2.1167949401777724e-05 [-4776.134765625,-339.9663085938] 33.754053113686105 31.92351868613418 8.13144084314337 34.17328127419148 9.790423141063457
84.05133050733741 -53.77547466348965 1.328125 1.2724609 [84.05133050733741,-53.77547466348965] 38.948960577623794 2.0016323225090513 0.00023894960779001083 1.777457930956077e-05 [-1539.802734375,-3491.078125] 37.658670558287284 39.79476331230103 8.243246867956184 56.91119080108842 33.46397090203345
83.7816237288608 -56.07424160193121 1.390625 1.8808594 [83.7816237288608,-56.07424160193121] 28.715006057725716 2.387188939412183 0.00018112923239578014 1.6068822126870968e-05 [-1725.043945312,651.314453125] 37.347008360903715 39.96280104440405 8.083846035201649 54.21491100099615 0.7940645430048789
84.32946040440578 -55.29392993478524 1.421875 2.2080078 [84.32946040440578,-55.29392993478524] -64.63152584345917 0.4884546460015422 0.0008935258818320908 1.62195979499252e-05 [-1198.555664062,-764.4995117188] 38.92178390106785 40.643765587209145 8.997951831571447 58.143449532519185 11.796864640194144
82.6604382927918 -54.513836155775394 1.3984375 2.0048828 [82.6604382927918,-54.513836155775394] 12.544518745228636 3.0762152474864335 0.00015209803640805962 1.7387975954262475e-05 [-2964.875976562,-2117.895507812] 35.378518859175095 37.14949065127903 7.941613145848693 46.862996605270496 23.27731965864541
81.06490355460652 -53.51332486216227 1.3359375 1.3232422 [81.06490355460652,-53.51332486216227] 30.18744208782183 0.5705709470794947 0.0012608516874817708 2.6735133755813887e-05 [-4741.341796875,-3826.986328125] 30.67806952309044 32.13403870891772 8.274712223547775 35.75695358828284 37.886555496416804
84.87054446346632 -55.65436184956754 1.4375 2.3769531 [84.87054446346632,-55.65436184956754] 49.047191091332174 1.8584335172953963 0.00023632129265493726 1.6321444259028245e-05 [-638.21875,-122.9536132812] 39.04204715660482 40.71643982052811 8.449398464458838 61.67459615327107 6.537537726517257
81.54489859778046 -54.05142983003073 1.2890625 0.8820801 [81.54489859778046,-54.05142983003073] 28.044803750388674 2.794815241033192 0.0001831979386423452 1.902752883438414e-05 [-4175.060546875,-2891.551757812] 34.37420930485009 32.945044654790934 8.578222438225035 39.11621897411942 30.057937084568948
83.56092098752096 -54.66989137324373 1.4140625 2.1523438 [83.56092098752096,-54.66989137324373] 28.424748832413147 0.9639004664267729 0.0004500817083383461 1.6122495219231215e-05 [-2017.032226562,-1869.573730469] 36.68960074313205 39.73636710897778 8.859521999347704 53.07951081825627 20.872633582913295
83.06867250268176 -54.845073626567654 1.3984375 2.0185547 [83.06867250268176,-54.845073626567654] 20.264167648051984 2.578275801887873 0.00017353216921318367 1.662715982718197e-05 [-2518.122070312,-1538.337890625] 35.93181778859273 38.09344591764872 8.031462541521726 49.62194173393232 18.464216603741534
82.02736675956854 -53.62622860036674 1.375 1.7670898 [82.02736675956854,-53.62622860036674] 38.989292270534605 1.6821200692000804 0.0003233960241158961 2.0216239400405384e-05 [-3703.734375,-3682.848632812] 33.28958260727494 33.69112917224392 7.8202520960945785 42.597808671863845 36.1479276248142
83.65961467312137 -54.08609379195922 1.3515625 1.5512695 [83.65961467312137,-54.08609379195922] 45.351753654240376 0.23622228655574695 0.0019122280401711045 1.6786851725488815e-05 [-1941.7890625,-2922.549804688] 36.616628985628914 39.173910764644845 8.288218330470917 53.99455784581994 29.175173595576325
84.50442470411878 -54.22695517500451 1.3828125 1.8349609 [84.50442470411878,-54.22695517500451] 35.09999928530461 2.789997491499958 0.00015647382893102985 1.6223861339630524e-05 [-1046.528320312,-2687.359375] 37.42266828354591 39.92336491656428 9.25511875989952 59.856134564757326 26.88224297349916
83.49317129904418 -53.21238718033455 1.3671875 1.659668 [83.49317129904418,-53.21238718033455] 67.24243796426616 2.422613068721337 0.00026874579873539383 2.4195491159971657e-05 [-2161.780273438,-4488.658203125] 34.59590118167381 37.83629690722552 7.980449529313434 53.23020484979065 41.69211784026584
80.70253762374601 -53.824756737724684 1.3203125 1.1982422 [80.70253762374601,-53.824756737724684] 7.831090592400297 0.8214309513958314 0.0008770676118942787 2.677397416210762e-05 [-5090.169921875,-3242.283203125] 31.83066687276795 31.125455074232537 8.532370028529476 33.172443229435885 33.36542361402462
80.46527843200609 -55.144104047180285 1.3125 1.128418 [80.46527843200609,-55.144104047180285] 9.957086551091184 1.140942633573678 0.0006130263132736558 2.5992714000965493e-05 [-5171.685546875,-856.37890625] 33.90377996388444 29.740168012757707 8.177298007489341 31.705318497601752 14.1212581596983
80.46111306513254 -55.13842000083182 1.3125 1.128418 [80.46111306513254,-55.13842000083182] 5.93640525575471 0.37471267213134 0.0018760521048812398 2.6124740170098436e-05 [-5176.69140625,-866.2719726562] 33.90377996388444 29.740168012757707 8.177298007489341 31.675295243990945 14.203369010946744
81.25219709271852 -54.917030407176085 1.296875 0.9863281 [81.25219709271852,-54.917030407176085] 3.2546041008548023 0.8682090412528567 0.0005970340581252987 1.9263363226466826e-05 [-4389.631835938,-1318.44921875] 35.17443369447453 32.509207237579005 8.041703981864412 37.07766943347838 17.517095063834404
81.25159453075634 -54.91231926509055 1.296875 0.9863281 [81.25159453075634,-54.91231926509055] 2.080563790897806 1.5939074238801714 0.0003266020685038623 1.9345979692944847e-05 [-4390.767578125,-1326.874511719] 35.17443369447453 32.509207237579005 8.041703981864412 37.07309741890617 17.585377496771343
82.82716406391812 -55.63866413348517 1.3828125 1.8422852 [82.82716406391812,-55.63866413348517] 37.72991080008592 3.2458531299098357 0.00013815191218878673 1.6664583676799677e-05 [-2713.451171875,-101.7822265625] 35.10533194632464 37.52027694307702 8.072129074248199 47.84536903522678 7.111568206931679
82.28931434870101 -55.392849058417404 1.34375 1.421875 [82.28931434870101,-55.392849058417404] 22.74978397811361 0.48636713513982643 0.000937138437026836 1.6938567346434643e-05 [-3279.578125,-520.6000976562] 34.272316339830816 34.98591545896885 7.820760652964304 44.20404928517951 10.664526275693333
81.92993919010517 -54.43802664784949 1.265625 0.66674805 [81.92993919010517,-54.43802664784949] 21.271720901180935 0.04863201236763478 0.009921631601727786 1.79313935055645e-05 [-3733.899414062,-2218.879882812] 34.26292103192246 33.83574099902458 7.850980368336771 41.781469390143 24.445984540170684
84.62623602745003 -54.592853420813576 1.3515625 1.5444336 [84.62623602745003,-54.592853420813576] 39.61565326904462 3.116803431312489 0.00013815062590268759 1.6001878676691006e-05 [-910.2036132812,-2030.696289062] 39.701238046033424 41.61497174749324 8.984560314020191 60.50769662261632 21.651271248382272
80.87522101426197 -55.47510141100791 1.3125 1.1455078 [80.87522101426197,-55.47510141100791] 4.406345357967419 1.7431482979336517 0.00032165541264264733 2.0836938178694974e-05 [-4711.965820312,-291.2587890625] 33.93633216305456 32.337045089940105 8.15193560440664 34.58570757411542 9.372802383895305
84.32767462064079 -55.259689449079964 1.40625 2.0703125 [84.32767462064079,-55.259689449079964] 29.86330872587567 0.2625460003912744 0.001655608660478849 1.615369205033724e-05 [-1201.421875,-826.0908203125] 38.92312717490408 40.69786869279801 9.070478010577276 58.1445128576006 12.283745356721738
82.4180144164889 -56.01604460004779 1.4296875 2.2763672 [82.4180144164889,-56.01604460004779] 36.59053305517589 0.43397428918944275 0.0010469487456060663 1.6884885679276114e-05 [-3098.380859375,594.0712890625] 36.193678561028925 36.822047659802166 8.501470635623516 45.07991827885871 1.6941390984507052
82.41225402094994 -56.01943592023871 1.4296875 2.2763672 [82.41225402094994,-56.01943592023871] 31.367833548953257 3.1781083925417084 0.00014340324801229054 1.693699644338956e-05 [-3103.895507812,600.4272460938] 36.193678561028925 36.822047659802166 8.501470635623516 45.04142426108763 1.6451778523655776
82.94354252945003 -54.24242374086896 1.34375 1.4042969 [82.94354252945003,-54.24242374086896] 25.55282255605472 0.7693872044904212 0.000610593298600812 1.7458450506374564e-05 [-2687.098632812,-2617.482421875] 35.85949391036365 38.015763427784705 8.620921008731372 48.90924227513028 27.122019025076497
84.79125974578956 -55.41061787375551 1.4609375 2.625 [84.79125974578956,-55.41061787375551] 72.56102013092692 0.850118537882236 0.0005117666477728607 1.616814401536008e-05 [-723.2036132812,-560.8901367188] 39.10673225089931 40.64759207883556 8.95975011597723 61.243481052185416 10.012337584763145
83.96218854685233 -55.78319929216592 1.359375 1.6240234 [83.96218854685233,-55.78319929216592] 25.32338984597225 0.40621837197927535 0.0010845215619338178 1.6372177910537758e-05 [-1555.365234375,123.3125] 38.071171573184735 40.11411740514733 7.9960128319627914 55.49326725866695 4.915940492085156
80.52098110101514 -55.447834116235775 1.34375 1.4272461 [80.52098110101514,-55.447834116235775] 20.445288731364855 0.5731594280972261 0.0011205630528648416 2.3868242558374616e-05 [-5075.592773438,-315.21484375] 33.63519407107529 31.123142410799236 8.05698600501315 32.169053434136345 9.70568791277492
82.23902165113964 -54.96097196104997 1.3359375 1.3500977 [82.23902165113964,-54.96097196104997] 20.915512103309457 0.3067379740729512 0.001508936378030967 1.7200741803876983e-05 [-3367.211914062,-1294.689453125] 33.58426075635197 34.58525288147341 8.098681995599668 43.88047743494781 16.88681309886124
82.16225470228268 -54.96275337416568 1.3125 1.1411133 [82.16225470228268,-54.96275337416568] 26.55223312252437 0.7749249336845438 0.0006015158884980722 1.7322694299989376e-05 [-3446.26171875,-1287.713867188] 33.48949263683324 34.33114086136594 8.208705216072765 43.351482422589356 16.864731454435287
82.32174693822898 -54.857101445021016 1.3125 1.1474609 [82.32174693822898,-54.857101445021016] 14.959917552384574 2.6991113975814924 0.00017094589717837793 1.7147001828090143e-05 [-3290.336914062,-1485.410644531] 33.66523492957714 34.912978462633426 7.938827741712022 44.46036300289961 18.377646162237852
82.32017489230105 -54.85110089347132 1.3125 1.1474609 [82.32017489230105,-54.85110089347132] 14.53891682609007 2.358720539351695 0.0001951486318092874 1.7106088035572063e-05 [-3292.453125,-1496.124511719] 33.66523492957714 34.912978462633426 7.938827741712022 44.4501238161597 18.464151175398456
80.71369924692715 -55.44386298443201 1.359375 1.5585938 [80.71369924692715,-55.44386298443201] -0.005472419723298853 2.970962274858021 0.00019971801140647338 2.2050735174567186e-05 [-4880.055664062,-336.18359375] 33.70579609012101 31.688325001158802 8.129536340836985 33.47930384117967 9.79987335659689
80.72068749279435 -55.45578771039443 1.359375 1.565918 [80.72068749279435,-55.45578771039443] 3.312672761002174 1.214805415749522 0.0004850085784785281 2.189600293958609e-05 [-4871.47265625,-315.26171875] 33.76939627811635 31.857328875188095 8.114596873302304 33.52992000114591 9.62760306920336
84.76377862456282 -55.351978205914165 1.4453125 2.4316406 [84.76377862456282,-55.351978205914165] 48.17381778647402 0.49894242332805017 0.0008710188270249586 1.6150526234811887e-05 [-752.3989257812,-666.1411132812] 39.12705070487428 40.78707494736849 9.1318798109736 61.08263227572263 10.851196011974935
83.03495773604593 -53.17661269056894 1.3203125 1.1806641 [83.03495773604593,-53.17661269056894] 43.5748067226417 0.12970489254856052 0.005204515780889581 2.508680714209108e-05 [-2657.54296875,-4537.026367188] 33.75027500033547 37.12308334896461 8.237549879045618 49.956247388670135 42.363239896594905
83.04226686200629 -53.1795348633112 1.3203125 1.1806641 [83.04226686200629,-53.1795348633112] 39.784072723040964 0.16539418719259255 0.004081653176706213 2.5087942445383485e-05 [-2649.484375,-4532.0546875] 33.75027500033547 37.12308334896461 8.237549879045618 50.00744949724117 42.31904355635288
83.02601589543575 -53.16819761418169 1.3203125 1.1806641 [83.02601589543575,-53.16819761418169] 41.64207042016055 2.377702400872289 0.0002867193827187825 2.5335136730228875e-05 [-2667.704101562,-4551.805664062] 33.75027500033547 37.12308334896461 8.237549879045618 49.89579264745953 42.48658399450778
83.01857014023274 -53.16629409274935 1.3203125 1.1806641 [83.01857014023274,-53.16629409274935] 38.55799402439923 0.837288033142099 0.0008178704107188303 2.544884541527389e-05 [-2675.849609375,-4554.939453125] 33.75027500033547 37.12308334896461 8.237549879045618 49.843129959040425 42.51624333844711
