data_processed/hvc_rms/hvc_rms_index_23_with_B.ecsv
# %ECSV 1.0
# ---
# datatype:
# - {name: ra_dec_obj.ra, unit: deg, datatype: float64}
# - {name: ra_dec_obj.dec, unit: deg, datatype: float64}
# - {name: 'H-alpha flux [Error]', unit: R, datatype: float32}
# - {name: H-alpha flux, unit: R, datatype: float32}
# - {name: ra_dec_deg, datatype: string, subtype: 'float64[2]'}
# - {name: RM, unit: rad / m2, datatype: float64}
# - {name: RM_uncert, unit: rad / m2, datatype: float64}
# - {name: pol_int, datatype: float64}
# - {name: pol_int_uncert, datatype: float64}
# - {name: ra_dec_pix_offsets, datatype: string, subtype: 'float64[2]'}
# - {name: interpolation_raw, unit: rad / m2, datatype: float64}
# - {name: interpolation_cor, unit: rad / m2, datatype: float64}
# - {name: interpolation_unc, unit: rad / m2, datatype: float64}
# - {name: interpolation_cor_unc, unit: rad / m2, datatype: float64}
# - {name: HI, unit: dex(1 / cm2), datatype: float64}
# - {name: 'HI [Error]', unit: dex(1 / cm2), datatype: float64}
# - {name: pixel location x, datatype: float64}
# - {name: pixel location y, datatype: float64}
# - {name: 'B_virtual [raw]', unit: G, datatype: float64}
# - {name: 'B_virtual_unc [raw]', unit: G, datatype: float64}
# - {name: 'B_virtual [int]', unit: G, datatype: float64}
# - {name: 'B_virtual_unc [int]', unit: G, datatype: float64}
# meta: !!omap
# - __serialized_columns__:
#     ra_dec_obj:
#       __class__: astropy.coordinates.sky_coordinate.SkyCoord
#       dec: !astropy.table.SerializedColumn
#         __class__: astropy.coordinates.angles.Latitude
#         unit: &id001 !astropy.units.Unit {unit: deg}
#         value: !astropy.table.SerializedColumn {name: ra_dec_obj.dec}
#       frame: icrs
#       ra: !astropy.table.SerializedColumn
#         __class__: astropy.coordinates.angles.Longitude
#         unit: *id001
#         value: !astropy.table.SerializedColumn {name: ra_dec_obj.ra}
#         wrap_angle: !astropy.coordinates.Angle
#           unit: *id001
#           value: 360.0
#       representation_type: spherical
# schema: astropy-2.0
ra_dec_obj.ra ra_dec_obj.dec "H-alpha flux [Error]" "H-alpha flux" ra_dec_deg RM RM_uncert pol_int pol_int_uncert ra_dec_pix_offsets interpolation_raw interpolation_cor interpolation_unc interpolation_cor_unc HI "HI [Error]" "pixel location x" "pixel location y" "B_virtual [raw]" "B_virtual_unc [raw]" "B_virtual [int]" "B_virtual_unc [int]"
[from data line 416]
201.93048089941178 -45.38504018362584 1.8515625 6.4785156 [201.93048089941178,-45.38504018362584] -84.69036894551137 1.5287430381469376 0.0003892132049498196 2.2112139305057606e-05 [4019.731445312,-1930.197265625] -60.14181707799142 -54.663141455593845 8.438369940835146 5.562248466431081 0.0 0.0 58.212453552339184 19.019688959745054 -8.251882420903698e-06 8.758923085863502e-07 -2.391910274290603e-06 1.0894511929551017e-06
201.32257072022537 -46.2930375372042 1.828125 6.3046875 [201.32257072022537,-46.2930375372042] -30.368579146417062 1.1557854944260095 0.00044839239720792187 1.9259463408208616e-05 [3199.55078125,-324.7631835938] -46.57763625762714 -61.831838299402136 7.642363094899129 8.499068506187221 0.0 0.0 48.14571275632102 25.8789554613993 -2.958989877200475e-06 7.168362365938341e-07 1.5793440871827448e-06 1.0210853011606243e-06
197.84764128538643 -45.975628034429704 1.640625 4.4023438 [197.84764128538643,-45.975628034429704] -71.13983860234666 0.8352568521702984 0.0005192144622608806 1.6116678076077366e-05 [-1127.74609375,-941.73828125] -64.01361779888961 -59.698010216005805 10.898708462704354 8.268610520390329 0.0 0.0 55.070818403303974 55.39921299070329 -6.931574285221531e-06 8.180757936217723e-07 -6.943497461129208e-07 1.2654975997716098e-06
200.96112065815475 -45.02188119641063 1.7109375 5.1367188 [200.96112065815475,-45.02188119641063] -75.79038196439323 2.0981785323548072 0.0002621062824776561 2.0437537794442078e-05 [2813.523925781,-2625.274414062] -72.52885660498127 -64.5709366297481 9.612786847469286 5.171179000922118 0.0 0.0 63.6681429117873 26.883215588042958 -7.384704168757792e-06 8.550298493885419e-07 -3.177896626708417e-07 1.1767245294199092e-06
198.717681828539 -46.07883833933692 1.7265625 5.296875 [198.717681828539,-46.07883833933692] -59.707564445031764 0.2939758098672915 0.0015203611950945959 1.660990218816158e-05 [-39.3525390625,-762.4057617188] -66.41993907604433 -59.40891214409325 10.566909885332382 8.29226467046534 0.0 0.0 53.20059763270024 47.97465979057961 -5.817660349973545e-06 7.778746501235865e-07 6.540262713439061e-07 1.236058599491918e-06
198.72937006465006 -46.059566415368096 1.703125 5.0429688 [198.72937006465006,-46.059566415368096] -56.66729850520087 0.5581060205739582 0.0008028001988638513 1.6650714798059946e-05 [-24.767578125,-797.0991210938] -66.84813805663735 -59.00897706772153 10.690444502735518 8.167852685280737 0.0 0.0 53.42158373304824 47.8506715603537 -5.521429298247886e-06 7.703395889280489e-07 9.919792766352385e-07 1.247875840844238e-06
198.72032155689422 -46.075096007226485 1.7265625 5.296875 [198.72032155689422,-46.075096007226485] -59.03562097708353 1.9121977510979398 0.00023553717422068445 1.67378999170621e-05 [-36.05908203125,-769.1430664062] -66.41993907604433 -59.40891214409325 10.566909885332382 8.29226467046534 0.0 0.0 53.24321995327273 47.947390351455624 -5.7521889326206395e-06 7.974144286795607e-07 7.194976886968111e-07 1.2498415226767217e-06
200.0865629387739 -45.04808421577085 1.734375 5.3066406 [200.0865629387739,-45.04808421577085] -90.56735892682048 1.6741848203674785 0.00030345921332089937 1.8880453894268002e-05 [1700.584472656,-2603.116210938] -100.03391454274768 -75.22585643377587 12.747942943669617 7.826685680943935 0.0 0.0 64.27916019032591 34.639905267928725 -8.824512236057692e-06 9.009944085609242e-07 9.223823776684246e-07 1.427631101563101e-06
201.34938057808407 -45.926853111436586 1.8125 6.107422 [201.34938057808407,-45.926853111436586] -51.25314035747298 1.1355351756891199 0.0004581301333710516 1.9332951144436657e-05 [3254.404541016,-982.4326171875] -47.343218596988436 -58.99637045584982 8.04407467350585 6.678196548343616 0.0 0.0 52.46816647796959 25.02254793197517 -4.993895919901491e-06 7.615204655156862e-07 -3.8096675034217407e-07 1.045153432263499e-06
197.3945466797178 -48.65139776912931 2.3125 11.074219 [197.3945466797178,-48.65139776912931] 104.60573645369735 0.6629529284646437 0.0008352361868635886 2.0577883232867272e-05 [-1610.686523438,3881.109619141] -57.329873331856014 -56.87339410788945 16.518751385294042 18.20454901216763 0.0 0.0 23.33884071933244 61.766455209135984 1.0192354201731223e-05 9.466998993676831e-07 1.577834207532463e-05 2.020622300726191e-06
200.35368341086064 -45.37262346205554 1.765625 5.623047 [200.35368341086064,-45.37262346205554] -39.883265281633726 0.7582074662941555 0.000663137511986635 1.8685312064907747e-05 [2028.573242188,-2012.890625] -68.96905011830222 -62.106949805222136 10.94595807578532 6.764670107459038 0.0 0.0 60.1428218965284 32.77832224343251 -3.8860618953909424e-06 7.298669824725683e-07 2.83399965757987e-06 1.281069569203889e-06
199.35966479793115 -48.87679288915812 2.515625 13.121094 [199.35966479793115,-48.87679288915812] 173.60015140553563 0.694714372253814 0.0008674692005909399 2.2395927399047095e-05 [722.72265625,4275.460327148] -52.49705493506037 -53.25368298092036 13.734210350020378 16.870130953292914 0.0 0.0 19.27449299281443 46.05911665567464 1.6914887200116332e-05 1.2827531775084734e-06 2.2029985057897006e-05 2.0627208589882603e-06
198.63288876276363 -48.303073890599755 2.203125 9.972656 [198.63288876276363,-48.303073890599755] 142.3347400176998 1.9145282016107303 0.0002452998241043683 1.7452904326846397e-05 [-139.2221679688,3240.773925781] -54.55544517858934 -53.69009740943504 12.288949900541828 15.604256701804829 0.0 0.0 26.691652386264423 51.2816243145387 1.3868513665250785e-05 1.1359254298959229e-06 1.9184172631424612e-05 1.8563458224472712e-06
201.75666810775138 -44.17334722114433 1.734375 5.314453 [201.75666810775138,-44.17334722114433] -81.39228615755658 1.9271275071969123 0.00036276973438256673 2.5980661264501684e-05 [3880.895507812,-4117.28515625] -69.49621894847212 -64.55830362527806 10.055148479163032 6.584409272920013 0.0 0.0 72.81322311199528 18.33168262426898 -7.930530752237345e-06 8.711426263489205e-07 -1.1591040292160139e-06 1.2107223001765745e-06
201.98960877497285 -45.7762680140265 1.8984375 7.001953 [201.98960877497285,-45.7762680140265] -58.119076170072496 1.1951067247138232 0.00047197638576379643 2.096214223831553e-05 [4065.940429688,-1223.626464844] -55.68168036660107 -56.273104266076366 7.513995373576753 6.442389382225416 0.0 0.0 53.495732197887946 19.227793768140145 -5.6628845633621824e-06 7.813620629105776e-07 -2.3748985668477595e-07 1.007474113136787e-06
201.07133486237595 -45.07762525423263 1.7734375 5.736328 [201.07133486237595,-45.07762525423263] -72.46452594630294 0.9530555444301383 0.0005767555825723139 2.0427664771701305e-05 [2950.764160156,-2520.987304688] -70.84672863865568 -63.35526183704432 9.27255045839038 4.760476992735532 0.0 0.0 62.88142707088514 26.00522962044238 -7.060646390384036e-06 8.238137495009895e-07 -1.5763153862452683e-07 1.1358671897619183e-06
198.9478455027879 -46.395606994368286 1.859375 6.595703 [198.9478455027879,-46.395606994368286] -27.70045200997601 0.18682147841821178 0.0024115082082967793 1.674265207026944e-05 [246.6079101562,-191.9296875] -62.72594473331568 -62.712754676856235 11.092446272338558 9.705152129500496 0.0 0.0 49.23267368176471 46.374893288487556 -2.6990185051534417e-06 7.038886201158349e-07 3.412740448363999e-06 1.2967334700278728e-06
201.51751717162648 -44.724594161309746 1.71875 5.1640625 [201.51751717162648,-44.724594161309746] -81.92494530541877 1.0737611725870333 0.0005412410764183216 2.1597682277469917e-05 [3538.989013672,-3137.55078125] -76.83800368872666 -68.72151632204209 11.404611609658387 6.933138264287127 0.0 0.0 66.55856037827562 21.456379172038623 -7.982430876340069e-06 8.590523839314246e-07 -4.956507407584023e-07 1.3084174508966954e-06
202.03602599045396 -45.06606673423974 1.859375 6.5683594 [202.03602599045396,-45.06606673423974] -89.35126343692737 2.569633338856079 0.00024354970233339063 2.325773750028151e-05 [4176.312988281,-2498.260742188] -73.2615529439405 -63.05968692405456 10.14870227968217 6.049498911179503 0.0 0.0 61.86638735151928 17.504523968022568 -8.706020876058473e-06 9.161510607693246e-07 -1.567715441881364e-06 1.2311786353860601e-06
200.51429755777792 -47.312995785956254 2.015625 8.160156 [200.51429755777792,-47.312995785956254] 10.35944775103481 1.403534997132082 0.00033913582977384334 1.7689095430537577e-05 [2153.786132812,1483.059570312] -40.71398369297351 -52.61513367216901 9.058106049418496 10.997868623598961 18.619361877441406 9.309680938720703 36.87024369418509 34.3657061560873 1.0093821275242567e-06 6.986289717429701e-07 4.9763858199649465e-06 1.1681661100661787e-06
200.5169527003483 -47.31404885956516 2.015625 8.160156 [200.5169527003483,-47.31404885956516] 11.341663948714324 2.0709316341620743 0.00022935961072416302 1.7651897955594488e-05 [2156.981933594,1485.026855469] -40.71398369297351 -52.61513367216901 9.058106049418496 10.997868623598961 18.619361877441406 9.309680938720703 36.85504791061044 34.34509642596572 1.1050852479153508e-06 7.147926541098413e-07 5.0720889403560395e-06 1.1792278262689304e-06
202.82281494473523 -46.14164365779074 1.9453125 7.4453125 [202.82281494473523,-46.14164365779074] -43.89859567847733 1.8852446511438723 0.00038605371324424163 2.704731472187151e-05 [5076.2578125,-518.458984375] -53.519196357183695 -58.47631973249264 8.620127785583731 9.027248051153611 0.0 0.0 48.09406480701887 12.771844762855153 -4.277299231210698e-06 7.577031583257602e-07 9.37391897185245e-07 1.0990885218354832e-06
198.51971437806714 -44.85128396826412 1.6953125 4.9882812 [198.51971437806714,-44.85128396826412] -70.30709964858845 0.7297961408459201 0.0006324547378860761 1.715298532233064e-05 [-292.8647460938,-2971.178710938] -85.55433315884966 -72.40609710260024 13.4763505299713 8.904423367460943 0.0 0.0 68.02248618624617 48.26940549944743 -6.850435614800337e-06 8.143009171562128e-07 1.485627937831846e-06 1.484418961615801e-06
198.51963805425456 -44.84683206763555 1.6953125 4.9882812 [198.51963805425456,-44.84683206763555] -71.5113832137159 0.43258587400975407 0.0010649073927579827 1.7119571048389144e-05 [-292.9848632812,-2979.188476562] -85.55433315884966 -72.40609710260024 13.4763505299713 8.904423367460943 0.0 0.0 68.07574126189706 48.26490979545042 -6.967776069265145e-06 8.163754413700094e-07 1.3682874833670392e-06 1.4828498781061615e-06
201.5500488057024 -44.64722462904854 1.734375 5.3359375 [201.5500488057024,-44.64722462904854] -100.36489043835739 1.968311450076928 0.0002968097961068131 2.1711046255624035e-05 [3585.328613281,-3275.1953125] -76.16006954261974 -67.90918435267133 11.176683840465875 6.70626380431582 0.0 0.0 67.43861158601226 21.030477056870495 -9.7791435483893e-06 9.460121065454946e-07 -2.35841853728571e-06 1.307965640419523e-06
199.01499926281838 -45.360790337829386 1.7265625 5.263672 [199.01499926281838,-45.360790337829386] -82.70010102997223 0.5714486442746348 0.0008006260262751994 1.7002610799835963e-05 [336.1572265625,-2054.208984375] -86.19789450302302 -66.86106904684941 12.470552086688073 6.933757275685505 0.0 0.0 61.53368153857946 44.50594578260075 -8.05795887292987e-06 8.573817614666807e-07 3.4081065924733214e-07 1.3947005542713483e-06
202.20764162500666 -45.59316248539131 1.75 5.5117188 [202.20764162500666,-45.59316248539131] -63.88647677385073 1.6330175434210707 0.0003720022160921299 2.2575900410248216e-05 [4353.420898438,-1541.272949219] -58.88044737124924 -52.072306884487446 7.531035110119075 5.257526346267886 0.0 0.0 55.395715389525094 16.998547277499938 -6.224836438754849e-06 8.060612636804773e-07 -4.87766986260646e-07 1.014860337829146e-06
199.50865180229005 -47.02235023301375 1.8984375 6.998047 [199.50865180229005,-47.02235023301375] -1.9249374238867487 1.1497306512923506 0.00038942452767550255 1.6639034207841537e-05 [931.9018554688,940.3583984375] -49.314748324020336 -58.4296025345362 10.107251345864752 10.97174857470549 18.442426681518555 9.221213340759277 41.277792376402886 42.40420949816007 -1.8755801264404093e-07 6.912945455111679e-07 4.617468932605104e-06 1.2390333648119527e-06
201.14715594401545 -46.014324174044894 1.84375 6.439453 [201.14715594401545,-46.014324174044894] -45.8605375205914 1.3772863637619628 0.0003729061428535251 1.908677211570774e-05 [2996.717773438,-833.0693359375] -48.73619232763985 -60.26193081583585 8.396783991598967 7.02663028326698 0.0 0.0 51.656586291030635 26.913702195122596 -4.468462802692985e-06 7.518315601045427e-07 2.8019201765595786e-07 1.0737280661112577e-06
196.25224287485815 -47.72396462394363 1.953125 7.5 [196.25224287485815,-47.72396462394363] 1.2152775149644537 2.4537772323128153 0.00019631598193707822 1.790191506403399e-05 [-3022.490234375,2246.454345703] -55.27218072840455 -57.44472022172789 13.316139436537586 16.563435693056828 0.0 0.0 35.02606805658456 70.46003579722196 1.1841165987488843e-07 7.227819285829551e-07 5.503906400264813e-06 1.5265198039294243e-06
197.05577070773347 -45.32003776770812 1.65625 4.576172 [197.05577070773347,-45.32003776770812] -55.45418202559444 0.31329472728206076 0.0014435164582206974 1.6806741827581478e-05 [-2143.010742188,-2105.114257812] -65.49476099815278 -66.46138365236801 11.387680146404959 9.361911443641073 0.0 0.0 63.41109135146553 61.71651082525159 -5.4032282008006266e-06 7.655662175909767e-07 9.78312860729848e-07 1.304301256705276e-06
201.57533265831347 -45.35408782446383 1.8671875 6.705078 [201.57533265831347,-45.35408782446383] -81.27032729518321 1.7189171988108143 0.00032544969849394347 2.078966703073134e-05 [3573.321044922,-2002.927734375] -62.52487625813298 -60.56130605539535 9.174004388719712 5.7174559460601415 0.0 0.0 59.01090070429109 22.06286263043853 -7.918647580573048e-06 8.665497322302311e-07 -1.8264799151373185e-06 1.1427904209738493e-06
200.37872310333196 -44.29841237112246 1.6640625 4.6347656 [200.37872310333196,-44.29841237112246] -53.84127342732817 0.7456743146432362 0.0008324894666713207 2.3069417780433643e-05 [2098.971679688,-3944.576171875] -86.17547849217289 -71.62359791380425 11.576858288329072 8.51593421301098 0.0 0.0 72.91096459441974 30.9046116054526 -5.246072997980326e-06 7.639120204588463e-07 3.150512409978454e-06 1.3355323489674548e-06
200.37667848080005 -44.30405819626925 1.6640625 4.6347656 [200.37667848080005,-44.30405819626925] -51.304300667734346 0.6728885110824487 0.0009201293177272603 2.3009155813074255e-05 [2096.137207031,-3934.477539062] -86.17547849217289 -71.62359791380425 11.576858288329072 8.51593421301098 0.0 0.0 72.84587878436741 30.93170668928201 -4.99888077083732e-06 7.564225338407365e-07 3.3977046371214597e-06 1.3376538216350051e-06
201.60395809262042 -46.384525273477784 1.8203125 6.1972656 [201.60395809262042,-46.384525273477784] -37.980576354155815 2.876794470019065 0.00018203289642999878 1.9461101504746576e-05 [3543.200927734,-148.1752929688] -42.60538516762166 -58.557637948496115 7.455125445906108 8.778874005852062 0.0 0.0 46.735370121498136 23.6341302279086 -3.7006716850447726e-06 7.746214127878798e-07 4.5062241460340215e-07 1.035495342921559e-06
200.43888842797864 -45.11868679565082 1.7421875 5.4414062 [200.43888842797864,-45.11868679565082] -63.80975422068837 1.1158448217687205 0.000463043204111504 1.9201449752958513e-05 [2145.8359375,-2467.518554688] -81.45090698999591 -68.43710909721273 11.326157366724713 6.652104714479351 0.0 0.0 63.07918224267905 31.639753880193894 -6.217360907645347e-06 7.974057259528157e-07 1.7188816182296366e-06 1.3065342600382133e-06
202.40783697124266 -44.47362162785294 1.7421875 5.404297 [202.40783697124266,-44.47362162785294] 7.7869361993036454 1.6772394242942852 0.0004287386432319973 2.6723688115068376e-05 [4696.050292969,-3542.293945312] -68.50174304867056 -60.40421958307904 9.31684450474664 5.7712360089970005 0.0 0.0 68.41208929132745 13.087190375209047 7.587271461418997e-07 7.030410150759614e-07 7.433256213647469e-06 1.2421902727992626e-06
