data_processed/hvc_rms/hvc_rms_index_11_with_B.ecsv
# %ECSV 1.0
# ---
# datatype:
# - {name: ra_dec_obj.ra, unit: deg, datatype: float64}
# - {name: ra_dec_obj.dec, unit: deg, datatype: float64}
# - {name: 'H-alpha flux [Error]', unit: R, datatype: float32}
# - {name: H-alpha flux, unit: R, datatype: float32}
# - {name: ra_dec_deg, datatype: string, subtype: 'float64[2]'}
# - {name: RM, unit: rad / m2, datatype: float64}
# - {name: RM_uncert, unit: rad / m2, datatype: float64}
# - {name: pol_int, datatype: float64}
# - {name: pol_int_uncert, datatype: float64}
# - {name: ra_dec_pix_offsets, datatype: string, subtype: 'float64[2]'}
# - {name: interpolation_raw, unit: rad / m2, datatype: float64}
# - {name: interpolation_cor, unit: rad / m2, datatype: float64}
# - {name: interpolation_unc, unit: rad / m2, datatype: float64}
# - {name: pixel location x, datatype: float64}
# - {name: pixel location y, datatype: float64}
# - {name: 'B_virtual [raw]', unit: G, datatype: float64}
# - {name: 'B_virtual_unc [raw]', unit: G, datatype: float64}
# - {name: 'B_virtual [int]', unit: G, datatype: float64}
# - {name: 'B_virtual_unc [int]', unit: G, datatype: float64}
# - {name: 'B_virtual [cor]', unit: G, datatype: float64}
# - {name: 'B_virtual_unc [cor]', unit: G, datatype: float64}
# meta: !!omap
# - __serialized_columns__:
#     ra_dec_obj:
#       __class__: astropy.coordinates.sky_coordinate.SkyCoord
#       dec: !astropy.table.SerializedColumn
#         __class__: astropy.coordinates.angles.Latitude
#         unit: &id001 !astropy.units.Unit {unit: deg}
#         value: !astropy.table.SerializedColumn {name: ra_dec_obj.dec}
#       frame: icrs
#       ra: !astropy.table.SerializedColumn
#         __class__: astropy.coordinates.angles.Longitude
#         unit: *id001
#         value: !astropy.table.SerializedColumn {name: ra_dec_obj.ra}
#         wrap_angle: !astropy.coordinates.Angle
#           unit: *id001
#           value: 360.0
#       representation_type: spherical
# schema: astropy-2.0
ra_dec_obj.ra ra_dec_obj.dec "H-alpha flux [Error]" "H-alpha flux" ra_dec_deg RM RM_uncert pol_int pol_int_uncert ra_dec_pix_offsets interpolation_raw interpolation_cor interpolation_unc "pixel location x" "pixel location y" "B_virtual [raw]" "B_virtual_unc [raw]" "B_virtual [int]" "B_virtual_unc [int]" "B_virtual [cor]" "B_virtual_unc [cor]"
119.59761076804858 -58.68161763262908 3.109375 19.101562 [119.59761076804858,-58.68161763262908] -69.90588240666325 0.8518674153913427 0.0005968826754525894 1.8895991428753216e-05 [-3580.682617188,-2846.698242188] 54.40433185934685 49.01983493403782 17.783334038141437 27.78339441214382 13.764994235818222 -4.225011636198395e-06 6.666938548424332e-07 -7.51313170924435e-06 1.4724077309159918e-06 -7.18770040959829e-06 1.448289068691307e-06
119.59754958357097 -58.680148989810995 3.109375 19.101562 [119.59754958357097,-58.680148989810995] -69.79885143989213 0.9538389595269918 0.0005341625590655165 1.8934646619404077e-05 [-3580.890625,-2849.333007812] 54.40433185934685 49.01983493403782 17.783334038141437 27.79137182295358 13.781256959541452 -4.218542837515462e-06 6.665951164157678e-07 -7.5066629105614185e-06 1.4721502968483503e-06 -7.181231610915356e-06 1.4480487530429506e-06
122.54690564387182 -58.223262714017814 3.125 19.28125 [122.54690564387182,-58.223262714017814] -71.27293485012721 1.4328172781405033 0.0003619619977573516 1.927358438601781e-05 [-834.6967773438,-3769.78125] 48.983920415793335 50.73837810471552 17.814705363830075 46.61684878723315 9.346987526295607 -4.287515308846242e-06 6.740700951420812e-07 -7.234206210682243e-06 1.4494135783903314e-06 -7.33974787549224e-06 1.457175338377313e-06
120.74283583800263 -58.26381278166472 2.984375 17.875 [120.74283583800263,-58.26381278166472] -83.78606825571187 0.3312467848630401 0.0016069180801706704 1.9781267322963488e-05 [-2540.965820312,-3650.654296875] 57.41756209160024 49.270396962471615 18.340760968429183 36.49328212911905 14.751169382905118 -5.234767774016116e-06 7.775758890631733e-07 -8.822089747191388e-06 1.63632274104887e-06 -8.313072933830621e-06 1.5956569830515353e-06
117.59333825960533 -59.53158952413657 2.34375 11.4375 [117.59333825960533,-59.53158952413657] -105.74627887161562 1.068265735733206 0.0007102629753194719 2.8197277489420457e-05 [-5315.6953125,-1185.75390625] 44.53843310146246 49.70581582865695 14.050761044111745 12.13585442747376 10.223378178989378 -8.259393821896223e-06 1.2548256030808805e-06 -1.1738102133152916e-05 2.0181034764087384e-06 -1.2141704505054625e-05 2.0620346085969156e-06
117.64022048917516 -59.38020329277662 2.578125 13.71875 [117.64022048917516,-59.38020329277662] -103.63957948369251 2.4356747727444734 0.0002960612850541311 2.6798446636401664e-05 [-5296.793945312,-1460.942871094] 44.59804001417022 50.10185291523221 14.607355708053756 13.199342544057345 11.785009458077184 -7.3912349111704e-06 1.0973769946039727e-06 -1.0571820860714675e-05 1.8046302791728075e-06 -1.0964334746447687e-05 1.8438537386043533e-06
120.47499863745927 -59.40932851645696 2.640625 14.425781 [120.47499863745927,-59.40932851645696] -133.13958453005026 2.2319854605159284 0.00021289476283027788 1.765895672953943e-05 [-2703.33984375,-1580.650878906] 45.627964784855855 39.431364738000966 16.636930882304156 28.391935502071647 3.1545315399284846 -9.25947067095926e-06 1.293745657587157e-06 -1.2432762845425799e-05 2.0363526195789532e-06 -1.200180734412958e-05 1.993295881089626e-06
118.58181756533703 -59.66638559051735 2.515625 13.0859375 [118.58181756533703,-59.66638559051735] 55.33772050634124 2.2208797424184383 0.0002473385289836189 2.0413878211025073e-05 [-4399.743164062,-1016.752441406] 48.68677433783929 48.2865652678014 17.10657158623196 16.76977681704716 5.913026992979667 4.040801147960065e-06 7.554336910590571e-07 4.856569924961694e-07 1.3608802680235797e-06 5.148805538361746e-07 1.361066523664256e-06
118.81923708618712 -60.03393165565722 2.484375 12.7890625 [118.81923708618712,-60.03393165565722] -130.18125686224425 1.301644318020697 0.00039240072171076965 1.8981513036888847e-05 [-4138.67578125,-372.2568359375] 46.37559579058574 45.090666953199644 17.51652290201962 16.030351772151676 1.1557530499835593 -9.615629906620246e-06 1.3775991927561988e-06 -1.3041088967083649e-05 2.2209423384898796e-06 -1.2946179757766958e-05 2.211184843693476e-06
117.85450697289436 -59.97826756012843 2.40625 12.1328125 [117.85450697289436,-59.97826756012843] 42.57180048317791 2.1789380108267458 0.0002953232499668536 2.3913944518252825e-05 [-5011.038085938,-405.2143554688] 43.78073385955439 47.655233633358485 15.68503542516927 11.167020716938396 4.492840393723327 3.2284191094095494e-06 7.042805393068083e-07 -9.167908263215373e-08 1.3130449361489187e-06 -3.85500555231012e-07 1.3140020363196673e-06
117.85171505955026 -59.97666550757453 2.40625 12.1328125 [117.85171505955026,-59.97666550757453] 38.5493267513583 2.6991240385967687 0.00023859122902159912 2.3932387194395653e-05 [-5013.783203125,-407.8754882812] 43.78073385955439 47.655233633358485 15.68503542516927 11.160571250505427 4.5185431363142925 2.923376078212505e-06 6.906164365865013e-07 -3.9672211382919767e-07 1.3196028461155423e-06 -6.90543586428056e-07 1.3217717934787524e-06
118.66712167474975 -58.2447815069701 3.453125 22.546875 [118.66712167474975,-58.2447815069701] -76.24745613008794 1.4361729761593829 0.00043549019228245327 2.3243088314898208e-05 [-4504.447265625,-3573.916015625] 49.76506175714141 52.34204328670462 16.398840349882526 25.066192078963695 21.38568105707577 -4.241610782466313e-06 6.397265864926412e-07 -7.010018192400837e-06 1.2947715351082708e-06 -7.153374485145383e-06 1.3056745142501053e-06
120.2719114446981 -57.83706278284461 3.0 17.929688 [120.2719114446981,-57.83706278284461] -110.5763445708738 2.163905712862121 0.00030214031361639496 2.429717111798805e-05 [-3022.155273438,-4397.59765625] 56.132494661278486 52.95749692903365 18.15481540321769 36.36120159145787 20.864857271860956 -6.898020854867581e-06 9.629957993134992e-07 -1.0399702162130045e-05 1.7676468476519278e-06 -1.0201638094664471e-05 1.750133014911928e-06
120.9120942612198 -58.587757163448224 2.96875 17.609375 [120.9120942612198,-58.587757163448224] -99.80684532580447 2.9612363045059404 0.00016469867061518696 1.812474320208402e-05 [-2359.0625,-3074.609375] 50.19543115760268 44.134960571904145 18.1604186499825 35.52684126265524 10.715875315283483 -6.2825650195470326e-06 9.105353151264802e-07 -9.442228656869735e-06 1.700397680355045e-06 -9.060738786316143e-06 1.6685385050943078e-06
120.51161195227596 -58.38224420822473 2.953125 17.507812 [120.51161195227596,-58.38224420822473] -71.99812242287503 1.8391800750298721 0.0002803581699551604 1.9162235485459732e-05 [-2750.3984375,-3428.515625] 53.61791635502965 45.89794629726886 18.456126814539985 34.529524202418315 14.199078102805288 -4.5452090396967545e-06 7.232166109458353e-07 -7.930083949006279e-06 1.5883822613113528e-06 -7.4427257164313935e-06 1.5520898822077876e-06
123.351280372552 -58.4266474044537 2.84375 16.484375 [123.351280372552,-58.4266474044537] -84.83198159283782 2.9001546841673584 0.00016360223175104503 1.7632710986960868e-05 [-71.84326171875,-3409.455078125] 42.86928971057776 42.897756877379464 17.415772348383097 49.71524705619754 4.525167590853243 -5.519147530467662e-06 8.463885248379924e-07 -8.308212809817612e-06 1.6123031279968182e-06 -8.310064876578319e-06 1.6124514478736336e-06
119.14623286849334 -59.16360066507572 2.9375 17.351562 [119.14623286849334,-59.16360066507572] -127.2606353497706 0.9124490494806001 0.0005436846427589122 1.843590205218654e-05 [-3946.4609375,-1955.235351562] 47.75537932600333 45.58675622807136 17.701735665081465 22.605214095804627 9.827534854660144 -8.069997996099635e-06 1.092941791392239e-06 -1.1098317117755815e-05 1.827752961059046e-06 -1.096079789190482e-05 1.8150409332943242e-06
119.15267991616543 -59.16954785706483 2.84375 16.367188 [119.15267991616543,-59.16954785706483] -124.27177612073156 2.7508192841079464 0.00018097054679087625 1.8500295357357725e-05 [-3939.84375,-1944.940429688] 47.99454267587793 45.90982359611746 17.718008425575416 22.607180351458737 9.742923952857836 -8.113983323929262e-06 1.127518155527527e-06 -1.1247654790355813e-05 1.8865171082276281e-06 -1.111153880025505e-05 1.8738532533982875e-06
120.53333253449598 -59.00433333728296 3.0 18.015625 [120.53333253449598,-59.00433333728296] -111.52928892809919 2.349430415433247 0.00020622022524076537 1.800539058481043e-05 [-2681.604492188,-2311.176757812] 49.675412908532856 43.31510366219155 17.795641990092722 31.043241647018476 7.381478034629481 -6.9408538670571395e-06 9.67134086993916e-07 -1.0032326834361089e-05 1.7177462943589362e-06 -9.636502764715965e-06 1.6833357100492198e-06
121.54467770758124 -58.06246172134833 3.265625 20.617188 [121.54467770758124,-58.06246172134833] -117.50533362739063 3.1481935143156266 0.00018245834098870004 2.1346852278153374e-05 [-1792.500976562,-4038.98046875] 53.30132121690538 49.29066321561919 16.67473000882567 42.1008138845732 14.344699675901438 -6.835833936514439e-06 9.332531712694708e-07 -9.93662067689306e-06 1.5998170105882455e-06 -9.703301973591625e-06 1.5790998254100626e-06
120.16003414225071 -58.435298953606825 2.90625 17.007812 [120.16003414225071,-58.435298953606825] -87.6663534036824 0.3440984590646239 0.0014954404598313436 1.9123199573765194e-05 [-3077.04296875,-3317.633789062] 53.56296663279135 47.04283510066884 17.568445194833046 32.28600872412676 14.721974178757591 -5.615098077738496e-06 8.288863919520459e-07 -9.045847724559377e-06 1.6516261834441733e-06 -8.628228231889965e-06 1.6168496438008687e-06
119.13176718425464 -57.8507081799989 3.390625 21.867188 [119.13176718425464,-57.8507081799989] -111.71128799444138 3.2744786519734985 0.00020908445227731467 2.544325121687535e-05 [-4110.74609375,-4311.416992188] 49.855848839407926 51.37003914844492 16.908531337000674 29.879238480600407 24.294515476922697 -6.310288699191771e-06 8.674340883886002e-07 -9.126519763823156e-06 1.5093485217499535e-06 -9.212052552559935e-06 1.5166627972858917e-06
120.4595794711127 -58.912407046654785 3.0 18.039062 [120.4595794711127,-58.912407046654785] -125.07011024533938 2.109899441148501 0.00023365266595703666 1.832066362312819e-05 [-2757.223632812,-2473.393554688] 50.57211410391484 44.1424553953066 17.809062838918152 31.174628855147944 8.607469746681772 -7.778487985308099e-06 1.0560274927440582e-06 -1.0923720536692937e-05 1.79587293417024e-06 -1.052384063799904e-05 1.7596560327160772e-06
118.37548083060011 -58.099655101890185 3.296875 21.007812 [118.37548083060011,-58.099655101890185] -103.73062837635862 0.18785807557913012 0.003928596004295137 2.742685072842658e-05 [-4799.26171875,-3813.676757812] 48.55447053152447 52.79387270166289 15.834429746875992 24.229962917700618 23.867319260207296 -5.978128234410091e-06 8.199927538969504e-07 -8.776384214680366e-06 1.4469922330805818e-06 -9.020706361446615e-06 1.4682574759591384e-06
119.99883314625455 -59.511962853987605 2.71875 15.183594 [119.99883314625455,-59.511962853987605] -122.25957705847523 0.03978342204070909 0.01209361919984796 1.787998415995044e-05 [-3129.321289062,-1375.078613281] 46.01106379128947 42.75671537440765 17.293569651767328 25.252523433024862 3.466586023381069 -8.287894910142646e-06 1.1541840613368699e-06 -1.1406954132993458e-05 1.92261229055154e-06 -1.1186344031690674e-05 1.9016081317469987e-06
123.32776665185634 -58.55725853650196 2.6875 14.796875 [123.32776665185634,-58.55725853650196] -76.06938828189669 2.695671810286551 0.00017322427200184182 1.735339550775476e-05 [-93.6513671875,-3174.4453125] 41.47118581612747 41.14246246605588 17.13490364908087 48.778458525328006 3.226367822395787 -5.223643809539562e-06 8.43431823666133e-07 -8.071447741653393e-06 1.6476642447964848e-06 -8.04887448674185e-06 1.645858128012416e-06
117.65608980081633 -59.653556865157775 2.375 11.7265625 [117.65608980081633,-59.653556865157775] 25.03264637377005 3.0768642344514476 0.0002420620939854129 2.767858108156263e-05 [-5239.670898438,-972.0966796875] 44.85868217069735 49.326834398117526 13.789764797236401 11.827561112999092 8.681738918468 1.9309455934082213e-06 6.452314023660063e-07 -1.529322784543646e-06 1.2338064205064568e-06 -1.8739830623820508e-06 1.2425007594993836e-06
120.49430108280507 -58.32213208627577 2.875 16.710938 [120.49430108280507,-58.32213208627577] -89.25519603084273 1.6205969675773584 0.00032439879490557587 1.9537228563885516e-05 [-2771.427734375,-3535.82421875] 55.39854689194102 47.83170312444511 18.749205978591146 34.783147652949424 14.90491095446032 -5.767422068797638e-06 8.550606560942039e-07 -9.347121807662071e-06 1.7428517939156e-06 -8.858173447493558e-06 1.70281020313267e-06
120.48362685847849 -58.32226176565485 2.890625 16.976562 [120.48362685847849,-58.32226176565485] -86.58548149609987 2.2278615104126853 0.00023595525587747046 1.953559077741384e-05 [-2781.494140625,-3535.141601562] 54.67689993083856 47.369897073965376 18.880773812358576 34.7235240714042 14.937082828586199 -5.550969386906057e-06 8.33497011593771e-07 -9.05628912923124e-06 1.7163200377123197e-06 -8.587839356039587e-06 1.6789569661749922e-06
120.49033348861597 -58.31983574717539 2.875 16.710938 [120.49033348861597,-58.31983574717539] -89.75037369966046 1.7119242152344678 0.000306040512033573 1.947027825386693e-05 [-2775.353515625,-3539.784179688] 55.39854689194102 47.83170312444511 18.749205978591146 34.77459731508952 14.942276912873695 -5.799419070004473e-06 8.591484202762559e-07 -9.379118808868906e-06 1.7458780938302623e-06 -8.890170448700392e-06 1.7057653850811404e-06
121.43329580370458 -58.440967318242116 3.1875 19.835938 [121.43329580370458,-58.440967318242116] -123.2461271219751 1.821456512477067 0.0002720610813562188 1.841594163674797e-05 [-1878.325195312,-3355.302734375] 51.576897147243834 45.893979448117435 17.741775572430615 39.23740564188631 10.64293023191658 -7.309632611984287e-06 9.80686966911933e-07 -1.0368618547009515e-05 1.6900025241772513e-06 -1.0031569087405437e-05 1.660128385926072e-06
121.43482161588274 -58.430259837541875 3.328125 21.265625 [121.43482161588274,-58.430259837541875] -119.59261067251305 2.3539433386438273 0.00020990828315456013 1.836260467648034e-05 [-1877.459960938,-3374.600585938] 52.05185977649037 46.422930846873854 17.494634533965183 39.309300816053906 10.753076036683979 -6.8503680442364825e-06 9.200094040980329e-07 -9.831943534986285e-06 1.5994049967258933e-06 -9.509513623590546e-06 1.5714312939016636e-06
122.1426315373436 -59.17290105643835 2.546875 13.4375 [122.1426315373436,-59.17290105643835] -131.95819313628613 3.2625601085306464 0.0001395050135661296 1.6914417284555967e-05 [-1185.061523438,-2055.16015625] 42.764795925287444 41.46975399099325 18.377436910709683 38.68928464740236 0.5339669298884928 -9.508800939572325e-06 1.3616572767478077e-06 -1.2590397633269191e-05 2.1842629971573354e-06 -1.249707795626449e-05 2.175089855410934e-06
118.61096983805807 -59.59529484972255 2.53125 13.359375 [118.61096983805807,-59.59529484972255] -106.93333549614141 1.4021486983494835 0.00038644845931557853 2.0136980824934216e-05 [-4382.608398438,-1146.307128906] 49.08649455614051 48.3170505214121 17.232394056112142 17.316114517831352 6.618130697369907 -7.7280278322902e-06 1.133999308437703e-06 -1.1275488447442369e-05 1.997003581238205e-06 -1.1219881045988169e-05 1.991648549557176e-06
121.99442295104093 -58.800067999713136 2.9375 17.320312 [121.99442295104093,-58.800067999713136] -113.48290643721141 0.4359711176748848 0.0010600430958064098 1.7174731010771323e-05 [-1336.126953125,-2723.100585938] 44.27455406728872 42.50803332333833 18.62003621264887 40.13530313150841 4.9962076792696735 -7.202797788521944e-06 9.95720191335525e-07 -1.0012918450175124e-05 1.768588314076963e-06 -9.900796791439286e-06 1.7589098027168476e-06
121.11509711455314 -58.587951825907 3.0 17.960938 [121.11509711455314,-58.587951825907] -121.96718485773322 2.7963529899924238 0.00017312198196470615 1.7990900890675155e-05 [-2168.7734375,-3081.231445312] 50.0076346096658 44.23589853783221 18.389840211511874 36.63305904878075 10.073238695809096 -7.601987187728203e-06 1.0449409856304e-06 -1.0718869798691978e-05 1.8073490086398713e-06 -1.0359128252470288e-05 1.775444920628389e-06
