data_processed/hvc_rms/hvc_rms_index_14_with_B.ecsv
# %ECSV 1.0
# ---
# datatype:
# - {name: ra_dec_obj.ra, unit: deg, datatype: float64}
# - {name: ra_dec_obj.dec, unit: deg, datatype: float64}
# - {name: 'H-alpha flux [Error]', unit: R, datatype: float32}
# - {name: H-alpha flux, unit: R, datatype: float32}
# - {name: ra_dec_deg, datatype: string, subtype: 'float64[2]'}
# - {name: RM, unit: rad / m2, datatype: float64}
# - {name: RM_uncert, unit: rad / m2, datatype: float64}
# - {name: pol_int, datatype: float64}
# - {name: pol_int_uncert, datatype: float64}
# - {name: ra_dec_pix_offsets, datatype: string, subtype: 'float64[2]'}
# - {name: interpolation_raw, unit: rad / m2, datatype: float64}
# - {name: interpolation_cor, unit: rad / m2, datatype: float64}
# - {name: interpolation_unc, unit: rad / m2, datatype: float64}
# - {name: pixel location x, datatype: float64}
# - {name: pixel location y, datatype: float64}
# - {name: 'B_virtual [raw]', unit: G, datatype: float64}
# - {name: 'B_virtual_unc [raw]', unit: G, datatype: float64}
# - {name: 'B_virtual [int]', unit: G, datatype: float64}
# - {name: 'B_virtual_unc [int]', unit: G, datatype: float64}
# - {name: 'B_virtual [cor]', unit: G, datatype: float64}
# - {name: 'B_virtual_unc [cor]', unit: G, datatype: float64}
# meta: !!omap
# - __serialized_columns__:
#     ra_dec_obj:
#       __class__: astropy.coordinates.sky_coordinate.SkyCoord
#       dec: !astropy.table.SerializedColumn
#         __class__: astropy.coordinates.angles.Latitude
#         unit: &id001 !astropy.units.Unit {unit: deg}
#         value: !astropy.table.SerializedColumn {name: ra_dec_obj.dec}
#       frame: icrs
#       ra: !astropy.table.SerializedColumn
#         __class__: astropy.coordinates.angles.Longitude
#         unit: *id001
#         value: !astropy.table.SerializedColumn {name: ra_dec_obj.ra}
#         wrap_angle: !astropy.coordinates.Angle
#           unit: *id001
#           value: 360.0
#       representation_type: spherical
# schema: astropy-2.0
ra_dec_obj.ra ra_dec_obj.dec "H-alpha flux [Error]" "H-alpha flux" ra_dec_deg RM RM_uncert pol_int pol_int_uncert ra_dec_pix_offsets interpolation_raw interpolation_cor interpolation_unc "pixel location x" "pixel location y" "B_virtual [raw]" "B_virtual_unc [raw]" "B_virtual [int]" "B_virtual_unc [int]" "B_virtual [cor]" "B_virtual_unc [cor]"
[from data line 438]
132.60952801868115 -58.46171200940842 3.375 21.820312 [132.60952801868115,-58.46171200940842] 36.34891439369596 0.9355845035250009 0.0005267031176052616 1.8312920580280426e-05 [-1039.091796875,-3337.703125] 57.564288387342025 58.2187103884784 22.88671240136329 42.16801027225324 24.366336721957623 2.055462679491062e-06 4.67949254997863e-07 -1.1996894598576413e-06 1.3618761713759536e-06 -1.236695792024936e-06 1.3623421973419058e-06
132.604415695693 -58.44320688529978 3.34375 21.484375 [132.604415695693,-58.44320688529978] 28.540047296829883 3.24121625654155 0.00015254140557485564 1.8374031452669632e-05 [-1044.454101562,-3370.909179688] 57.3636749522961 58.110867116394296 22.934888688197816 42.281167473116625 24.56253163889528 1.6264546580191477e-06 4.803146034682412e-07 -1.642615479002722e-06 1.3927542628966976e-06 -1.6851968441663284e-06 1.3934741959192277e-06
129.34957842076727 -61.10805902855751 2.21875 10.214844 [129.34957842076727,-61.10805902855751] -43.651815608364565 1.3189194925655858 0.00038496854195660754 1.8869145450294985e-05 [-3791.258789062,1541.93359375] 26.398354284022552 35.41555756886677 18.139701786161567 7.340379954612786 10.63193125030034 -3.6077387597088453e-06 7.781607643810097e-07 -5.7895120631941785e-06 1.8058425825339355e-06 -6.534766603962299e-06 1.8557468494556593e-06
132.23980671747017 -60.49420544480151 3.046875 18.429688 [132.23980671747017,-60.49420544480151] -8.708350365000916 1.2701130565326322 0.00036750017301712844 1.7346371033002942e-05 [-1306.013671875,326.0966796875] 38.11417444730546 39.681059970347626 19.774094179928763 25.305260556919393 6.339494155823786 -5.358281705119117e-07 4.4261540548220213e-07 -2.8810080850397746e-06 1.3401290085900811e-06 -2.9774191580930113e-06 1.3432721961041565e-06
135.61672955777843 -58.71498847227515 3.09375 19.0 [135.61672955777843,-58.71498847227515] 150.48074109454737 2.619740653259877 0.00018137201856940907 1.7657828286085644e-05 [1778.946777344,-2865.079101562] 54.62343610385765 48.952522212126766 19.37615883228015 54.69547797467419 9.85352809504343 9.119116313091808e-06 1.1957967865390029e-06 5.808942109877007e-06 1.4425211785213557e-06 6.15259886624379e-06 1.4633559090314955e-06
132.4267428890264 -58.61974701241874 3.40625 22.101562 [132.4267428890264,-58.61974701241874] -3.726658184799124 1.722854233418987 0.00027459201189670865 1.7581063261954597e-05 [-1205.698242188,-3050.309570312] 57.26864806256039 57.624077676768955 23.35248684834793 40.092535366820016 23.58225946052835 -2.0939037065815137e-07 4.0580669349418414e-07 -3.4271535381586105e-06 1.4319843893770258e-06 -3.4471241217140294e-06 1.432657142461379e-06
130.83540386474849 -59.090537791644735 3.15625 19.5 [130.83540386474849,-59.090537791644735] 2.452554047780042 0.5765923950170405 0.0008362544274354292 1.7919093814910195e-05 [-2659.780273438,-2156.856445312] 51.58022863650376 52.485162735574306 20.21153122449782 28.822980754542186 25.170461198839348 1.4670668889832227e-07 4.20518620858337e-07 -2.9387154500059757e-06 1.3284369315026623e-06 -2.9928467281590487e-06 1.3302061544367108e-06
132.8797303115193 -59.413597204584924 3.09375 18.960938 [132.8797303115193,-59.413597204584924] -2.809789812300498 2.3055195296934827 0.00019941821730992714 1.7086076171343805e-05 [-763.349609375,-1628.705078125] 49.98846436694663 51.63025764776046 21.225165904099107 36.355960721624456 14.258409750093051 -1.7044825694950315e-07 4.475540976667484e-07 -3.202862490081176e-06 1.4174177280990945e-06 -3.3024574141431317e-06 1.4207861058093871e-06
130.9482723260218 -58.5120355859467 3.328125 21.257812 [130.9482723260218,-58.5120355859467] 58.186928227123225 1.0052136909814813 0.0005071805308357548 1.8946529574861923e-05 [-2598.528320312,-3201.352539062] 56.018836055035024 62.33417639234224 21.733761883468144 33.56942036009525 30.36332702144614 3.333609913052605e-06 5.676812410343217e-07 1.242130110232546e-07 1.3094983526416832e-06 -2.3760160600845782e-07 1.3097212065574019e-06
130.94139062513113 -58.50613769502437 3.328125 21.257812 [130.94139062513113,-58.50613769502437] 60.109462052384586 1.5523535623033944 0.00032684301637345554 1.8855521810786093e-05 [-2605.428710938,-3211.682617188] 56.018836055035024 62.33417639234224 21.733761883468144 33.57781638976485 30.44700267840153 3.4437545454183798e-06 5.809268126417632e-07 2.3435764338902946e-07 1.3114651871609114e-06 -1.2745697364268295e-07 1.3112553650715597e-06
130.7605899860928 -59.323715220858276 3.5625 23.625 [130.7605899860928,-59.323715220858276] 8.389652820941851 1.2056357020874409 0.0003982913408048477 1.784537455912857e-05 [-2710.287109375,-1734.575195312] 50.78459344818495 50.68128999026915 20.299579843269086 26.773340269588516 23.179052090362802 4.559389711872456e-07 3.8971296127828157e-07 -2.3039696666446304e-06 1.199670231087614e-06 -2.2983555997306043e-06 1.1995217788950628e-06
131.44802905803593 -58.97372071220495 3.1875 19.820312 [131.44802905803593,-58.97372071220495] 19.956014767524692 2.0660787003548933 0.00022812270632871666 1.7515562092845502e-05 [-2101.032226562,-2389.041015625] 52.795548499807445 51.66877588750215 21.108231457398123 32.68233386437191 23.977679500342674 1.1840422569210208e-06 4.560102563305364e-07 -1.94845494401431e-06 1.3458621119705843e-06 -1.8816005944634233e-06 1.344475799986159e-06
131.46078520075915 -58.97057359655833 3.1875 19.84375 [131.46078520075915,-58.97057359655833] 12.343626631745625 1.5976117360903141 0.0002918353804066666 1.7326781048850114e-05 [-2089.397460938,-2395.106445312] 52.59165252891874 51.93390546189443 21.26386437784787 32.76791520828817 23.95930658643715 7.31946835500468e-07 4.3481463917022753e-07 -2.3866093871320076e-06 1.3616178059870046e-06 -2.34760659657206e-06 1.3606308593759767e-06
132.48161363077668 -60.3072929628758 3.109375 19.15625 [132.48161363077668,-60.3072929628758] -32.14609768621546 1.3193615112099053 0.00035160416182248785 1.7239573635372434e-05 [-1098.0,-14.68603515625] 42.8008772226122 42.96079101671788 18.792067909666287 27.816345715938382 7.236991484089685 -1.940088968417569e-06 4.899973403038131e-07 -4.5232177372258575e-06 1.3310073232173601e-06 -4.532868892736881e-06 1.3314894417464704e-06
133.44075022488838 -58.83976749232122 3.234375 20.398438 [133.44075022488838,-58.83976749232122] 37.532794318155254 0.6437242035743224 0.0007198221191920101 1.7220023095291695e-05 [-253.7661132812,-2665.677734375] 55.61547895526782 53.70625400189526 23.513690517078654 43.36692540489548 17.493713163495613 2.1951342298330475e-06 4.882042187725584e-07 -1.057579664272461e-06 1.440949443678725e-06 -9.459171802039023e-07 1.4398323105726335e-06
133.44261177865883 -58.84265494906411 3.234375 20.398438 [133.44261177865883,-58.84265494906411] 38.640445378055276 0.8224250292313221 0.000561625784342733 1.7165326172016695e-05 [-252.0112304688,-2660.489257812] 55.61547895526782 53.70625400189526 23.513690517078654 43.35402257255032 17.459118494155973 2.2599160506505096e-06 4.933469886741581e-07 -9.927978434549992e-07 1.4405973548580678e-06 -8.811353593864401e-07 1.4395522360138002e-06
132.03547687917143 -60.99208830050902 2.75 15.5390625 [132.03547687917143,-60.99208830050902] -0.9259698940010702 1.321444277359201 0.0003462648666972036 1.70045830034406e-05 [-1464.181640625,1226.297363281] 28.90557108005823 33.86162556600813 21.314352429750276 20.695192947015812 2.28457799891612 -6.20487581903297e-08 4.774154763594954e-07 -1.9989959547671634e-06 1.5269108491104768e-06 -2.3310985731881987e-06 1.5343938526182818e-06
132.03745993468405 -60.99192416774123 2.75 15.5390625 [132.03745993468405,-60.99192416774123] -3.279802059934562 1.645322895616198 0.0002777899532216718 1.6985423474161476e-05 [-1462.458984375,1225.958007812] 28.90557108005823 33.86162556600813 21.314352429750276 20.70552799757195 2.278979398166257 -2.197778202590134e-07 4.82647110440246e-07 -2.156725016835847e-06 1.5317352940795883e-06 -2.4888276352568824e-06 1.53973687739924e-06
134.3145749707047 -58.96802892174988 3.28125 20.820312 [134.3145749707047,-58.96802892174988] 87.90473760420367 1.5751941970242556 0.0002949161030860541 1.7263994660876793e-05 [558.0141601562,-2432.87109375] 57.04198589254277 49.7927286297381 21.77470730087692 46.5686657222991 12.806982256342735 5.0888223999490885e-06 7.36942048856778e-07 1.7866507143393897e-06 1.344310645439968e-06 2.2063116307743406e-06 1.353199579573993e-06
131.562683236805 -60.91605008097164 2.734375 15.390625 [131.562683236805,-60.91605008097164] -50.90134162708089 0.2809983307518713 0.0016137385110079415 1.6851773238234108e-05 [-1881.131835938,1101.493164062] 35.142543704379904 37.19001112647096 23.113149875372027 19.06579238259667 4.729988564806263 -3.427281173359071e-06 6.405779516730168e-07 -5.793493429695561e-06 1.7835802354587934e-06 -5.931353185931639e-06 1.7908116599845493e-06
131.55245924307482 -60.90901953686797 2.78125 15.847656 [131.55245924307482,-60.90901953686797] -49.66549670740277 1.9534912827685278 0.00023125563833047076 1.6788523811153614e-05 [-1890.48828125,1089.138183594] 36.1181852201465 37.85767698474761 23.362874432984253 19.069508633635337 4.835172741483348 -3.2954968149934567e-06 6.357147033337121e-07 -5.69207738394597e-06 1.7741554894854633e-06 -5.807499355938367e-06 1.7800559215298214e-06
131.56849689096686 -60.912200807371235 2.734375 15.390625 [131.56849689096686,-60.912200807371235] -50.98215676765473 0.5134799888229569 0.0008814482608723007 1.6820118512899877e-05 [-1876.275390625,1094.402832031] 35.142543704379904 37.19001112647096 23.113149875372027 19.120768609516972 4.746458020813179 -3.4327226057645327e-06 6.416964976977684e-07 -5.798934862101023e-06 1.784097679967299e-06 -5.9367946183371016e-06 1.7913337122493388e-06
133.92774966806326 -60.18685531672817 3.1875 19.945312 [133.92774966806326,-60.18685531672817] -9.049984221052261 1.2928760781087802 0.00035704278951531756 1.715480832444519e-05 [192.029296875,-241.4360351562] 34.37625246791888 37.56222041915797 18.632386355375857 35.436381787383084 2.9073853763552506 -5.35273858048334e-07 4.25927409267919e-07 -2.5685049482133746e-06 1.2195543764732867e-06 -2.7569434377425647e-06 1.2254994181976439e-06
133.9262693500014 -60.187778379454144 3.1875 19.945312 [133.9262693500014,-60.187778379454144] -12.326311660102261 1.0529793544771096 0.0004380036505212563 1.7139821292009613e-05 [190.69921875,-239.7788085938] 34.37625246791888 37.56222041915797 18.632386355375857 35.4225288819423 2.9043785373423816 -7.290567847025421e-07 4.2777838471707914e-07 -2.7622878748675825e-06 1.22487035179087e-06 -2.950726364396773e-06 1.2312193940880887e-06
131.90843233992211 -60.84177405661037 2.75 15.4375 [131.90843233992211,-60.84177405661037] -27.533664439662545 2.025398733848858 0.00022311143013810047 1.6793493764237295e-05 [-1582.475585938,958.7778320312] 31.689903537169698 35.36086541331712 22.36703398457345 21.21053924994453 4.199459956506189 -1.851075633930426e-06 5.430927614882132e-07 -3.9815733164241334e-06 1.6599326226007003e-06 -4.228370399933127e-06 1.669689413239905e-06
131.74263033034717 -61.152027089471375 2.703125 14.984375 [131.74263033034717,-61.152027089471375] -73.92584063036556 2.334041191073993 0.00019688540376154443 1.707775347213224e-05 [-1711.000976562,1521.106445312] 30.673444243280173 33.95771244500239 21.31893570586956 18.177691544624395 1.7906215418156535 -5.0445866857842354e-06 8.165164693448449e-07 -7.13769576803981e-06 1.7880300417290517e-06 -7.3618092241964e-06 1.802722911793398e-06
134.69966144615518 -58.54768748180271 3.0625 18.648438 [134.69966144615518,-58.54768748180271] 103.67121621275874 0.4810349473983388 0.0009905960102792439 1.7708505343926502e-05 [926.4370117188,-3184.823242188] 60.01003730563843 54.1335460964348 21.304912534790343 51.64695208900582 15.156092413572878 6.34140663946908e-06 8.837774287580624e-07 2.670686232140349e-06 1.410094458903238e-06 3.0301420360960794e-06 1.4208381813372512e-06
134.68881240655088 -58.54852295503375 3.0625 18.648438 [134.68881240655088,-58.54852295503375] 103.20507085479795 0.39829260412563927 0.0012002019810968502 1.776500297484052e-05 [916.2270507812,-3183.471679688] 60.01003730563843 54.1335460964348 21.304912534790343 51.588580417446224 15.192636430251468 6.31289325479089e-06 8.805878528422793e-07 2.6421728474621587e-06 1.4092003875180596e-06 3.0016286514178893e-06 1.4198437380651798e-06
136.2328951252206 -58.90055868967379 2.84375 16.46875 [136.2328951252206,-58.90055868967379] 56.7711850037679 0.669834202193366 0.0007325361189800562 1.823497051902694e-05 [2341.908691406,-2512.108398438] 47.5018833326007 43.50340672584742 19.21599596622352 56.114494241359125 5.616268541463569 3.6952708426740077e-06 6.495357210571054e-07 6.033444641879549e-07 1.3340233511677267e-06 8.636077301224047e-07 1.336247283074516e-06
136.25100724259278 -58.89807525398418 2.84375 16.46875 [136.25100724259278,-58.89807525398418] 62.98904334708742 1.540139799284441 0.0003190821377657862 1.8262967235414486e-05 [2358.901367188,-2515.928710938] 47.5018833326007 43.50340672584742 19.21599596622352 56.21842914935405 5.563907647623864 4.0999950110777664e-06 6.921834785971409e-07 1.008068632591714e-06 1.3408621284636063e-06 1.268331898526164e-06 1.344294070374715e-06
131.33940129455283 -58.136226775413974 3.953125 27.46875 [131.33940129455283,-58.136226775413974] 19.624316706453676 2.3879485663485984 0.00024052822656298438 2.1345175047609606e-05 [-2255.024414062,-3891.294921875] 62.600483552537966 68.88338712628793 22.555548150593566 38.26497367259128 32.48183442647701 9.890624861063342e-07 3.8979563776958694e-07 -2.165992072994324e-06 1.222108856057697e-06 -2.4826494283342886e-06 1.2300793858142337e-06
130.31243943051706 -61.38333505648319 2.515625 13.21875 [130.31243943051706,-61.38333505648319] -52.91582585669814 1.877075406935833 0.00026039777850714806 1.816467775263841e-05 [-2930.02734375,1987.429199219] 24.426354590966735 32.01926304363967 18.141101409855484 9.910441236262159 4.569472429124289 -3.844492501971056e-06 7.285492261863992e-07 -5.6191399832324885e-06 1.5987557277603144e-06 -6.17078741841579e-06 1.6332755185262178e-06
133.56141652150478 -59.39535529622974 3.125 19.242188 [133.56141652150478,-59.39535529622974] 52.11982361400523 3.181659132222343 0.00014441789876399949 1.7075891025945604e-05 [-139.0908203125,-1666.210449219] 51.415104493259925 51.33819871490677 21.520124095088793 39.734307093125494 11.781802887921685 3.1385160245173074e-06 5.992700972381581e-07 4.243629582523279e-08 1.3761284434313437e-06 4.706735558335721e-08 1.376130656342004e-06
132.21211220895944 -60.233039911725925 3.171875 19.773438 [132.21211220895944,-60.233039911725925] -29.944384498744736 0.8167238634875141 0.0005689431784493485 1.726842954654774e-05 [-1341.268554688,-143.3247070312] 45.53707277765308 44.19687743336798 19.940045334327664 27.10285703174395 8.954914571621885 -1.7787828645028931e-06 4.7036513151389983e-07 -4.483816416283061e-06 1.367651324830263e-06 -4.404204944769902e-06 1.3638866608565795e-06
133.31681844797188 -58.5598028643734 3.328125 21.210938 [133.31681844797188,-58.5598028643734] 46.08473235692624 2.222513639083969 0.0002155624828039371 1.7804357869031112e-05 [-372.1787109375,-3168.815429688] 57.48934988283287 55.402999186302935 24.230986036844875 44.886149200842624 20.62593169953243 2.6431741096996106e-06 5.263336650220124e-07 -6.541079492885961e-07 1.4542933070141867e-06 -5.344460165228553e-07 1.4535961018797742e-06
