data_processed/hvc_rms/hvc_rms_index_24_with_B.ecsv
# %ECSV 1.0
# ---
# datatype:
# - {name: ra_dec_obj.ra, unit: deg, datatype: float64}
# - {name: ra_dec_obj.dec, unit: deg, datatype: float64}
# - {name: 'H-alpha flux [Error]', unit: R, datatype: float32}
# - {name: H-alpha flux, unit: R, datatype: float32}
# - {name: ra_dec_deg, datatype: string, subtype: 'float64[2]'}
# - {name: RM, unit: rad / m2, datatype: float64}
# - {name: RM_uncert, unit: rad / m2, datatype: float64}
# - {name: pol_int, datatype: float64}
# - {name: pol_int_uncert, datatype: float64}
# - {name: ra_dec_pix_offsets, datatype: string, subtype: 'float64[2]'}
# - {name: interpolation_raw, unit: rad / m2, datatype: float64}
# - {name: interpolation_cor, unit: rad / m2, datatype: float64}
# - {name: interpolation_unc, unit: rad / m2, datatype: float64}
# - {name: pixel location x, datatype: float64}
# - {name: pixel location y, datatype: float64}
# - {name: 'B_virtual [raw]', unit: G, datatype: float64}
# - {name: 'B_virtual_unc [raw]', unit: G, datatype: float64}
# - {name: 'B_virtual [int]', unit: G, datatype: float64}
# - {name: 'B_virtual_unc [int]', unit: G, datatype: float64}
# - {name: 'B_virtual [cor]', unit: G, datatype: float64}
# - {name: 'B_virtual_unc [cor]', unit: G, datatype: float64}
# meta: !!omap
# - __serialized_columns__:
#     ra_dec_obj:
#       __class__: astropy.coordinates.sky_coordinate.SkyCoord
#       dec: !astropy.table.SerializedColumn
#         __class__: astropy.coordinates.angles.Latitude
#         unit: &id001 !astropy.units.Unit {unit: deg}
#         value: !astropy.table.SerializedColumn {name: ra_dec_obj.dec}
#       frame: icrs
#       ra: !astropy.table.SerializedColumn
#         __class__: astropy.coordinates.angles.Longitude
#         unit: *id001
#         value: !astropy.table.SerializedColumn {name: ra_dec_obj.ra}
#         wrap_angle: !astropy.coordinates.Angle
#           unit: *id001
#           value: 360.0
#       representation_type: spherical
# schema: astropy-2.0
ra_dec_obj.ra ra_dec_obj.dec "H-alpha flux [Error]" "H-alpha flux" ra_dec_deg RM RM_uncert pol_int pol_int_uncert ra_dec_pix_offsets interpolation_raw interpolation_cor interpolation_unc "pixel location x" "pixel location y" "B_virtual [raw]" "B_virtual_unc [raw]" "B_virtual [int]" "B_virtual_unc [int]" "B_virtual [cor]" "B_virtual_unc [cor]"
[from data line 579]
216.89849861410391 -34.142932909997725 1.2890625 0.9133301 [216.89849861410391,-34.142932909997725] -24.986262692987353 2.9880842138111374 0.00017861720151733746 1.983466259185943e-05 [4111.972900391,2810.416259766] -10.588247044152027 -10.875072837618461 6.812764521901283 16.57666358847473 9.567102906926038 -6.90615077625813e-06 5.344536755321875e-06 -3.979581427265158e-06 3.998314476624536e-06 -3.900303377540858e-06 3.95857989763192e-06
214.22015385189437 -34.97053148160219 1.2109375 0.1000061 [214.22015385189437,-34.97053148160219] -42.25405542600933 0.49133440233588227 0.0011936320116708692 2.1794972951279397e-05 [122.2817382812,4245.884643555] -27.797532361288482 -34.7542563509568 6.892031784694268 17.387224818277446 40.663007386875734 -3.52942354565689e-05 0.0002137864987059373 -1.2075336291046404e-05 7.357612886353227e-05 -6.26447974669259e-06 3.881086996167053e-05
212.74053950198538 -34.39642711135958 1.2578125 0.55859375 [212.74053950198538,-34.39642711135958] -56.00345071564235 2.163147576714829 0.00021953188188041087 1.7647876375200686e-05 [-2074.291992188,3226.76953125] -31.18700094881716 -35.76539244689096 6.865025322519676 28.906341259993724 53.16166046485705 -1.97931714013772e-05 2.2505171269876308e-05 -8.770821039269318e-06 1.0522718323093248e-05 -7.152690611483528e-06 8.823701045779142e-06
212.76000979761636 -33.62631236031786 1.3984375 1.996582 [212.76000979761636,-33.62631236031786] -41.748953611665115 2.774288813687911 0.00015869485578418375 1.636150400163754e-05 [-2064.02734375,1840.73046875] -27.913237988212565 -30.044498399516073 6.906277876641605 37.542037215399205 49.493612415864845 -7.804600006717562e-06 3.153620849348413e-06 -2.5864654537729215e-06 2.1267106849243278e-06 -2.1880450484354185e-06 2.067410453152944e-06
214.68080126026766 -31.561164940546746 1.3125 1.1430664 [214.68080126026766,-31.561164940546746] -21.53106476254322 2.550384632693271 0.00016720736013170056 1.5847828995653078e-05 [833.6162109375,-1887.590820312] -23.715755884137522 -22.095567447525855 6.380418740777581 53.78659577837061 19.210206904368306 -5.319593060013741e-06 3.5978495536252024e-06 5.397627965396518e-07 2.4436563495120237e-06 1.394693945009549e-07 2.4247962007413337e-06
214.13204961468332 -32.168796488935 1.3125 1.1220703 [214.13204961468332,-32.168796488935] -24.034773255667446 3.234019389200861 0.00013087919310167495 1.5729754023323364e-05 [-7.95849609375,-796.0776367188] -22.787682026709334 -22.604880817008656 7.031002295978328 49.07010705048697 28.104355991067223 -5.993474025534635e-06 4.034305933979678e-06 -3.1098312468872704e-07 2.6086965761408544e-06 -3.5656767381356535e-07 2.610738038331086e-06
212.7233734198409 -32.26753621920844 1.4140625 2.1298828 [212.7233734198409,-32.26753621920844] 7.6730386713489125 2.265112666963135 0.00019004394469811182 1.599751581932562e-05 [-2151.7578125,-604.0278320312] -22.53463456288526 -22.28381777765217 6.355255527213397 53.002621015354634 43.66370816718518 1.388795071869241e-06 1.4147356522734467e-06 5.467490718767044e-06 2.5754096244880863e-06 5.422093695476328e-06 2.5640309186755537e-06
212.72055069175158 -32.26737203673734 1.4140625 2.1298828 [212.72055069175158,-32.26737203673734] 72.43630125946905 2.851608073658117 0.00015130689252553718 1.603456752269793e-05 [-2156.056640625,-604.2661132812] -22.53463456288526 -22.28381777765217 6.355255527213397 53.01425177159513 43.693344697083376 1.3110735201846842e-05 4.7122907945974895e-06 1.718943084874465e-05 6.176443849573071e-06 1.714403382545393e-05 6.161499663604901e-06
215.12005606053353 -31.7679253436211 1.3046875 1.0766602 [215.12005606053353,-31.7679253436211] -33.20024528015375 2.85183494843763 0.00015105561086075842 1.600921184418094e-05 [1503.912109375,-1510.656738281] -22.156283603976593 -20.01322266951763 6.1984291537040415 49.79804451474911 15.576682906682208 -8.451827131880114e-06 5.523140203499903e-06 -2.8114748596136276e-06 3.0262668643491485e-06 -3.357036508278915e-06 3.228155073265727e-06
212.84790051019095 -31.998596187430675 1.3515625 1.5454102 [212.84790051019095,-31.998596187430675] -12.229437229437229 2.1778907508365566 0.0001989475444386204 1.6102131788273436e-05 [-1968.075195312,-1090.478027344] -24.284089467495697 -23.70325430091225 6.208151048108832 55.60053355600803 41.06974179944905 -2.5985628507108712e-06 1.942259177377052e-06 2.5614237921477023e-06 2.3397200178897504e-06 2.438005464881006e-06 2.3132893081999507e-06
212.65702814281946 -32.650047327691325 1.40625 2.0351562 [212.65702814281946,-32.650047327691325] -27.03513296182637 2.329508683020546 0.00018657715360798083 1.6152193175597718e-05 [-2243.154296875,85.796875] -27.49369776294599 -26.22505636354125 6.436360287108733 48.91521189350101 46.13712512802476 -5.0058549930039035e-06 2.249452733645424e-06 8.490836359272798e-08 1.8130680387741787e-06 -1.4999467507583684e-07 1.8136053845381136e-06
213.82847590659128 -32.32117852359156 1.3515625 1.5073242 [213.82847590659128,-32.32117852359156] -17.6722531573843 3.28316828715609 0.00013132861763540018 1.6023641514728247e-05 [-469.7119140625,-521.1108398438] -25.970265871893037 -24.357644353128173 6.887691683771569 48.4768648222273 32.0811296262973 -3.802219806609329e-06 2.4062735590153513e-06 1.7853336537009554e-06 2.372703556087426e-06 1.4383749821265763e-06 2.3228955329574506e-06
213.36531073573948 -32.22739408821825 1.359375 1.5595703 [213.36531073573948,-32.22739408821825] -14.771603521581635 2.4743249556390476 0.00017402510775083868 1.6002113626163905e-05 [-1175.421875,-686.330078125] -27.602773134537166 -25.342657932577094 7.011491565104228 51.19704772007276 36.57971017485579 -3.1244515665760326e-06 2.0974800371496404e-06 2.7140159793504334e-06 2.4747342578674323e-06 2.2359622275631432e-06 2.3781683355452202e-06
214.32176212045198 -31.966283844886 1.328125 1.2641602 [214.32176212045198,-31.966283844886] -27.846783321561453 2.912301080544286 0.0001453749687009032 1.5733835627305134e-05 [281.7211914062,-1160.341308594] -22.356333526852186 -22.11367316929769 6.901003473993001 50.627706541733914 25.08162261787811 -6.542181983281585e-06 3.915301448667439e-06 -1.2898984170730759e-06 2.504760291438455e-06 -1.3469078102556802e-06 2.5132691247905633e-06
213.28076168685703 -32.401569336533875 1.3125 1.1401367 [213.28076168685703,-32.401569336533875] -25.516200256390434 2.6393533767507686 0.00016376350277572173 1.6062878076702562e-05 [-1301.643554688,-371.8422851562] -26.88100222575944 -24.685072665314255 6.885411265249812 49.54026729117618 38.310375250719744 -6.312278761307203e-06 4.116854502245748e-06 3.376290512722644e-07 2.5229115533683724e-06 -2.0560698647803808e-07 2.518082811699273e-06
213.54103089774975 -33.30503090350023 1.3828125 1.7978516 [213.54103089774975,-33.30503090350023] -27.59924296762018 2.564372499099595 0.00016637490732917252 1.585541597717213e-05 [-896.9375,1251.626464844] -25.32502370272911 -26.89166342585542 6.1023887956584355 38.46673306315597 39.81477059917256 -5.437119622307969e-06 2.601638885232927e-06 -4.4802686092068126e-07 1.9061656316672494e-06 -1.3939493251269428e-07 1.898732639078429e-06
215.64459242264383 -31.664058795467177 1.359375 1.6235352 [215.64459242264383,-31.664058795467177] -47.57737775374858 1.1472277755767992 0.00038907083534181415 1.658773290468582e-05 [2309.021972656,-1688.180175781] -20.586048510070164 -17.67173932039752 6.551813325933938 48.893605427017974 9.470861697163173 -9.863210174727117e-06 4.472215832601856e-06 -5.595540691703699e-06 3.122249992273975e-06 -6.199702699132013e-06 3.3249282032644797e-06
212.4507139910743 -33.76445392565708 1.390625 1.8710938 [212.4507139910743,-33.76445392565708] -47.75185217282333 3.2780977198306664 0.00013955522918644977 1.7001087915661254e-05 [-2523.372070312,2095.990478516] -30.161898689443703 -30.99068784054405 6.988895838868639 37.01668480566332 53.36083494143986 -9.221277286467503e-06 3.8287043961844284e-06 -3.3967653849167603e-06 2.395035976773243e-06 -3.2367193505419545e-06 2.362412019289577e-06
213.796051128695 -34.462612087259586 1.4140625 2.1533203 [213.796051128695,-34.462612087259586] -37.225100993662764 1.688048449380855 0.00027177333324361586 1.7049060482124275e-05 [-506.3754882812,3333.018554688] -27.707404662025862 -32.916862408906105 7.347852085425726 24.568956062019197 42.59670416714539 -6.700854691220215e-06 2.623857902200384e-06 -1.7132713790169695e-06 1.9415987690473443e-06 -7.75521891437642e-07 1.8706381295830152e-06
212.008132792079 -33.45853801661437 1.40625 2.069336 [212.008132792079,-33.45853801661437] -35.946745664410166 3.056977048005035 0.00014982589052058736 1.7021104924768477e-05 [-3196.606445312,1557.426757812] -28.213111837409855 -28.704003938412324 6.991117158321728 41.941446201812596 56.674104911201766 -6.600741316625164e-06 2.711171983987531e-06 -1.4200928452911885e-06 1.9658262170470946e-06 -1.3299525081563028e-06 1.9580207613267535e-06
213.38197348803004 -32.28134547821011 1.3359375 1.387207 [213.38197348803004,-32.28134547821011] -17.761461586919733 1.9951988509153773 0.00021521211465757925 1.5957380618491453e-05 [-1149.368164062,-589.404296875] -27.710613659518398 -25.274287147010632 7.072751224652545 50.531512082300196 36.65784769738593 -3.983425456195457e-06 2.544111367399446e-06 2.2313313259498714e-06 2.5250192769846597e-06 1.6849278105615636e-06 2.421205821599792e-06
213.7588042125929 -33.271095176789466 1.375 1.7426758 [213.7588042125929,-33.271095176789466] -39.1733445151893 2.781905627831668 0.00015329962659167465 1.5848647031409087e-05 [-569.560546875,1189.04296875] -25.797488205862997 -26.995335276876563 6.394411656752021 38.07707837557746 37.37152215021797 -7.838464366889754e-06 3.511694201704955e-06 -2.676467234413392e-06 2.254286821831766e-06 -2.4367817620769045e-06 2.209329752234758e-06
215.81060791392693 -31.79240610726746 1.359375 1.5957031 [215.81060791392693,-31.79240610726746] -22.61616934825047 2.134551386637405 0.00020804392246943996 1.6503283146335318e-05 [2559.722167969,-1453.407714844] -19.373669952367365 -17.142135763198056 6.230761697331946 46.81560863891946 8.389009795733728 -4.729243045655541e-06 2.5653187667514448e-06 -6.780355895994699e-07 2.0313875996547723e-06 -1.1446693233129967e-06 2.0706857478030597e-06
212.8381040087871 -32.079631858806074 1.3359375 1.3256836 [212.8381040087871,-32.079631858806074] -8.359199476552556 2.484763115334922 0.0001731710857484792 1.5990758878280173e-05 [-1981.270507812,-944.4497070312] -23.412532202076505 -23.15780572963209 6.190137181409641 54.721727634543186 41.5538785210465 -1.9177561421525795e-06 1.9665926020652567e-06 3.4535150614859817e-06 2.8364326803423974e-06 3.3950760616189035e-06 2.8178890163221043e-06
213.1859589915126 -33.652355222565845 1.3671875 1.6645508 [213.1859589915126,-33.652355222565845] -17.402162681287155 3.1171323373985644 0.00013911346304799102 1.611510374311297e-05 [-1425.31640625,1880.603027344] -27.629143848219343 -29.788309647504885 7.028785469384195 35.795474276511186 45.150814037396 -3.562897545772675e-06 2.1691152994907085e-06 2.0938596407622446e-06 2.303720367731625e-06 2.535924610966382e-06 2.3809427010426516e-06
213.76628123478937 -33.260669728503075 1.375 1.7226562 [213.76628123478937,-33.260669728503075] -35.43852715742454 3.1947436825931304 0.00013325747066507713 1.5821085914774216e-05 [-558.375,1170.238769531] -25.781443771530235 -26.887544333892006 6.489484769683294 38.167452688368485 37.24365221844869 -7.132224192626249e-06 3.303368774816225e-06 -1.943548146036718e-06 2.1762591057920927e-06 -1.7209385224677167e-06 2.1446602008758994e-06
216.14250182640114 -34.51168059021676 1.2734375 0.74072266 [216.14250182640114,-34.51168059021676] -19.247852600359646 1.7331872156197845 0.00029702662911575085 1.913152398793641e-05 [2973.614257812,3448.506835938] -20.69245700749088 -19.205805430940714 7.824670074938226 15.450052844923448 19.055000323389095 -5.907491482801838e-06 5.564864340205227e-06 4.4337352370343397e-07 3.2882862908746195e-06 -1.2904987396548733e-08 3.265900544121853e-06
214.55149851211524 -32.53770076457101 1.34375 1.4746094 [214.55149851211524,-32.53770076457101] -32.84518634976417 2.72748565065231 0.00015881384410558371 1.6097540841273776e-05 [628.5727539062,-130.8374023438] -24.340895267288413 -22.268560648693235 7.304045264416959 43.39386513003842 25.480193541684685 -7.144664979391747e-06 3.6987995889544484e-06 -1.8499000134902364e-06 2.4357820051626937e-06 -2.30068559946285e-06 2.5172623986461343e-06
214.37335211001562 -32.25432209159864 1.4140625 2.1552734 [214.37335211001562,-32.25432209159864] -25.378821394970963 3.2038376699442472 0.00013245180772051022 1.577019620193599e-05 [359.3686523438,-641.7387695312] -22.474589013760216 -22.970143281232954 7.322702803979812 47.219958277991964 25.960277015503607 -4.5663468376852075e-06 2.0812153033888976e-06 -5.225511517438947e-07 1.919941130984972e-06 -4.333873317635094e-07 1.917370848586209e-06
215.47346508357018 -34.560390519259876 1.3125 1.1123047 [215.47346508357018,-34.560390519259876] -22.996307204753272 0.28731344295112315 0.0017603946323029758 1.879640029159808e-05 [1980.5546875,3520.541748047] -22.49736279323027 -24.265802283242998 7.830361148762249 17.434267670250847 26.024536219024185 -5.75963354157048e-06 3.859397542988685e-06 -1.249651495085713e-07 2.6326306713857252e-06 3.1795654710234264e-07 2.6384069757856836e-06
215.48094170355904 -34.56932063486446 1.3125 1.1123047 [215.48094170355904,-34.56932063486446] -20.853325173873284 0.37170162779029436 0.0013591948559702693 1.8775213680005326e-05 [1991.420898438,3536.744873047] -22.49736279323027 -24.265802283242998 7.830361148762249 17.30716770544859 25.993642546587807 -5.222904271338432e-06 3.5775445354798818e-06 4.117641207234765e-07 2.6436834775887233e-06 8.546858173343905e-07 2.6812054545138474e-06
215.48301680859458 -34.56706622022949 1.3125 1.1123047 [215.48301680859458,-34.56706622022949] -18.01428203637792 0.48311980078227884 0.0010433853761117916 1.873304110709959e-05 [1994.549804688,3532.728515625] -22.49736279323027 -24.265802283242998 7.830361148762249 17.324500602841 25.961517922979738 -4.511840188958114e-06 3.2154696538697172e-06 1.1228282031037946e-06 2.717298049509454e-06 1.5657498997147086e-06 2.7942565822666764e-06
213.82676710461323 -32.10662844606553 1.34375 1.4389648 [213.82676710461323,-32.10662844606553] -14.542629484438404 2.9288548133213776 0.00014473186461580253 1.5753269550129247e-05 [-473.4291992188,-907.2822265625] -25.465381692567014 -23.009229507927127 6.857066748968012 50.88636353281936 31.059277114403585 -3.2023329337056307e-06 2.260680923455216e-06 2.4052245269829145e-06 2.5258555995560253e-06 1.8643720601383272e-06 2.420290922192719e-06
215.76806652363544 -32.20196904017098 1.3203125 1.184082 [215.76806652363544,-32.20196904017098] -19.052517436286504 3.0899553063778837 0.0001453916885051171 1.6695540413553834e-05 [2483.551269531,-717.3344726562] -15.778513430326159 -15.695066318939633 6.827467202642067 42.456502915847295 10.981949078223579 -4.624982636796805e-06 3.2050310790410667e-06 -7.947617279977213e-07 2.5294978541545117e-06 -8.150184443368697e-07 2.53155278448617e-06
211.97775253962968 -32.23632060041933 1.40625 2.0283203 [211.97775253962968,-32.23632060041933] -8.095289646954834 3.1369972762873557 0.00014475191162643147 1.687513098875162e-05 [-3287.174804688,-641.126953125] -25.888672476544738 -23.72274922500104 6.511200110472582 55.895380803237 51.578642992741834 -1.5014565074441619e-06 1.520953068714189e-06 3.3001895675199954e-06 2.2089730081360575e-06 2.8984695917711093e-06 2.135452221127681e-06
