data_processed/hvc_rms/hvc_rms_index_24_with_B.ecsv
# %ECSV 1.0
# ---
# datatype:
# - {name: ra_dec_obj.ra, unit: deg, datatype: float64}
# - {name: ra_dec_obj.dec, unit: deg, datatype: float64}
# - {name: 'H-alpha flux [Error]', unit: R, datatype: float32}
# - {name: H-alpha flux, unit: R, datatype: float32}
# - {name: ra_dec_deg, datatype: string, subtype: 'float64[2]'}
# - {name: RM, unit: rad / m2, datatype: float64}
# - {name: RM_uncert, unit: rad / m2, datatype: float64}
# - {name: pol_int, datatype: float64}
# - {name: pol_int_uncert, datatype: float64}
# - {name: ra_dec_pix_offsets, datatype: string, subtype: 'float64[2]'}
# - {name: interpolation_raw, unit: rad / m2, datatype: float64}
# - {name: interpolation_cor, unit: rad / m2, datatype: float64}
# - {name: interpolation_unc, unit: rad / m2, datatype: float64}
# - {name: interpolation_cor_unc, unit: rad / m2, datatype: float64}
# - {name: HI, unit: dex(1 / cm2), datatype: float64}
# - {name: 'HI [Error]', unit: dex(1 / cm2), datatype: float64}
# - {name: pixel location x, datatype: float64}
# - {name: pixel location y, datatype: float64}
# - {name: 'B_virtual [raw]', unit: G, datatype: float64}
# - {name: 'B_virtual_unc [raw]', unit: G, datatype: float64}
# - {name: 'B_virtual [int]', unit: G, datatype: float64}
# - {name: 'B_virtual_unc [int]', unit: G, datatype: float64}
# meta: !!omap
# - __serialized_columns__:
#     ra_dec_obj:
#       __class__: astropy.coordinates.sky_coordinate.SkyCoord
#       dec: !astropy.table.SerializedColumn
#         __class__: astropy.coordinates.angles.Latitude
#         unit: &id001 !astropy.units.Unit {unit: deg}
#         value: !astropy.table.SerializedColumn {name: ra_dec_obj.dec}
#       frame: icrs
#       ra: !astropy.table.SerializedColumn
#         __class__: astropy.coordinates.angles.Longitude
#         unit: *id001
#         value: !astropy.table.SerializedColumn {name: ra_dec_obj.ra}
#         wrap_angle: !astropy.coordinates.Angle
#           unit: *id001
#           value: 360.0
#       representation_type: spherical
# schema: astropy-2.0
ra_dec_obj.ra ra_dec_obj.dec "H-alpha flux [Error]" "H-alpha flux" ra_dec_deg RM RM_uncert pol_int pol_int_uncert ra_dec_pix_offsets interpolation_raw interpolation_cor interpolation_unc interpolation_cor_unc HI "HI [Error]" "pixel location x" "pixel location y" "B_virtual [raw]" "B_virtual_unc [raw]" "B_virtual [int]" "B_virtual_unc [int]"
[from data line 227]
212.27383412596777 -33.56047426911915 1.4375 2.3613281 [212.27383412596777,-33.56047426911915] -45.80596041818393 2.7237803090012784 0.00016589932626344864 1.6792888383478656e-05 [-2794.546875,1733.3671875] -28.88182617349104 -29.775785374768482 6.854307324960755 7.199542177099104 0.0 0.0 39.91201615439081 54.314899806561016 -1.0878915770044235e-05 2.2849859533825712e-06 -4.019481946193299e-06 2.471993425326196e-06
212.0433500384406 -32.231693182300326 1.40625 2.0761719 [212.0433500384406,-32.231693182300326] -17.472427808264914 2.92196839520757 0.00015447082524433527 1.677377001323128e-05 [-3187.53125,-651.4526367188] -26.07087366303508 -24.11118514733572 6.537832904041064 6.868065780605718 0.0 0.0 55.72781353217647 50.84676030717719 -4.1497016695852255e-06 1.8820571359222037e-06 2.0421309225555863e-06 2.393391773457623e-06
212.7032164635348 -33.695880831030976 1.4140625 2.1455078 [212.7032164635348,-33.695880831030976] -50.15401777205518 3.2359703285740062 0.00013537799856449168 1.6280259502884482e-05 [-2147.385742188,1967.046875] -28.730102620076753 -30.559249206450666 6.963764999611594 7.4783071838296085 0.0 0.0 36.947744844499084 50.40402278786246 -1.1911579407794506e-05 2.408063121696201e-06 -5.088179928444958e-06 2.556544365174047e-06
215.28392044266673 -32.04962167769756 1.328125 1.2558594 [215.28392044266673,-32.04962167769756] -35.18838162373488 2.9971256364089243 0.00014399919984020435 1.6038868641515692e-05 [1749.276367188,-1001.161132812] -21.804667434536 -19.02539051155637 6.564003058633662 7.556386073271937 0.0 0.0 46.03680392686101 15.287263567189939 -8.357240766789306e-06 2.115124883430497e-06 -3.1786321698178044e-06 2.4238336963881836e-06
212.71701026677232 -32.06543360343385 1.375 1.7211914 [212.71701026677232,-32.06543360343385] -8.420991751945479 2.5971142134477527 0.00016576462508793806 1.5998954670477174e-05 [-2166.2421875,-967.6401367188] -24.131480347392774 -23.246146520240437 6.196779244992952 6.529640307961907 0.0 0.0 55.30396637599324 42.79586248428177 -1.999985572473326e-06 1.7925601494153972e-06 3.731241099974034e-06 2.3558866244305857e-06
212.7214204654253 -32.07297144935706 1.390625 1.8955078 [212.7214204654253,-32.07297144935706] -0.050008255556522156 2.887994732326899 0.00014960123026576413 1.6056107415979862e-05 [-2159.338867188,-954.1635742188] -23.77242791869022 -23.136192842815 6.195757739531371 6.540035820125966 0.0 0.0 55.20362939663437 42.7831825810149 -1.1876960881062135e-08 1.7984342844020548e-06 5.634074758411199e-06 2.438539091444007e-06
215.9766847283302 -31.817451465692542 1.3515625 1.5410156 [215.9766847283302,-31.817451465692542] -17.34296173139909 2.476922372157734 0.00018271235755044313 1.681856818937067e-05 [2812.926757812,-1404.141601562] -17.662723752154168 -16.30806143463359 6.074376650068231 7.49820567001397 0.0 0.0 45.87641191575267 6.770000822306656 -4.118953475847053e-06 1.8445131820204544e-06 7.59434811211312e-08 2.278452761092461e-06
215.12585457907076 -31.23632599252631 1.2734375 0.73999023 [215.12585457907076,-31.23632599252631] -23.244904541274718 2.82420466994393 0.00015533692925369166 1.6303452617275e-05 [1521.405273438,-2467.23046875] -22.4544538899819 -21.63504638663289 7.015511298743971 7.361395670984178 0.0 0.0 55.67444477491517 12.773628450585647 -5.520664915189923e-06 1.933607192967147e-06 -1.8773203262817026e-07 2.4475673955846917e-06
214.5949708554201 -31.541872147491418 1.3125 1.1245117 [214.5949708554201,-31.541872147491418] -21.77560979494923 2.8396832437795436 0.00014842518326716361 1.5663405664144104e-05 [702.1240234375,-1922.930664062] -24.156714324565524 -22.336861188216083 6.371663710663493 6.681948734221386 0.0 0.0 54.328887816460565 20.03277616550895 -5.171707407461342e-06 1.918203946822894e-06 5.655123346585967e-07 2.3482441975417694e-06
215.7909088877131 -31.91871823504958 1.2890625 0.89746094 [215.7909088877131,-31.91871823504958] -38.07983288044008 2.714883146393221 0.00016386472302916202 1.6532758157946512e-05 [2526.135253906,-1226.563964844] -18.525502342376804 -17.121159324166975 6.406661427494541 7.6120973604549995 0.0 0.0 45.49792102523793 9.260192812007517 -9.043960451033656e-06 2.142118062489797e-06 -4.644153575671894e-06 2.422067537616655e-06
213.0730893423382 -33.75094991316311 1.3359375 1.3925781 [213.0730893423382,-33.75094991316311] -35.06140164457014 3.105738627188288 0.00014042538106885457 1.6207618956726607e-05 [-1592.578125,2059.636230469] -29.021941800351584 -31.251214666533805 7.281519067437656 7.818706427324973 0.0 0.0 35.07161565498336 46.78334167313096 -8.327083021264409e-06 2.1219034923367463e-06 -1.434371735511862e-06 2.5167658393527173e-06
212.70129378779453 -33.74649807723067 1.3984375 1.9775391 [212.70129378779453,-33.74649807723067] -42.73072143020923 2.602055014488591 0.000170708267692018 1.6507440208541958e-05 [-2148.99609375,2058.171142578] -29.122983643584536 -30.893597370945045 7.027847866030868 7.529729684842147 0.0 0.0 36.38233442261003 50.65251686792908 -1.0148546498938375e-05 2.218114275641551e-06 -3.2318377750414043e-06 2.4721821075656505e-06
215.25906381615235 -33.31659326697896 1.4296875 2.3242188 [215.25906381615235,-33.31659326697896] -16.216931593740505 0.9603785155100216 0.00045791999609453454 1.6343337433999358e-05 [1687.266113281,1278.808105469] -22.69446311731634 -20.786652231662963 7.70792856794683 7.759092038065946 0.0 0.0 32.06372772822942 21.98908173179825 -3.851521313956259e-06 1.75256209720447e-06 1.538413760991973e-06 2.49156961597091e-06
215.24171459549336 -33.32469931868025 1.4296875 2.3242188 [215.24171459549336,-33.32469931868025] -18.188683697997536 1.699733190200373 0.00026127511169338316 1.6503934831004674e-05 [1661.020507812,1293.124023438] -22.69446311731634 -20.786652231662963 7.70792856794683 7.759092038065946 0.0 0.0 32.03920457785648 22.20900643748655 -4.319812446066314e-06 1.8023124965802778e-06 1.070122628881918e-06 2.50954455347421e-06
211.969055191659 -33.29310230536586 1.375 1.7133789 [211.969055191659,-33.29310230536586] 12.984549116298219 1.1204047582578225 0.0004085968163728465 1.701291084753113e-05 [-3261.448242188,1260.918457031] -28.27091535460842 -28.29964313152457 7.061297461917297 7.113290567022833 0.0 0.0 43.9456381061259 56.36174685856918 3.083830463516151e-06 1.731628794535793e-06 9.798172965605509e-06 2.7020473533765234e-06
211.944518771777 -33.30137623327176 1.375 1.7133789 [211.944518771777,-33.30137623327176] 5.05630294958364 2.4385148209231624 0.0001880213146904831 1.7038885626484012e-05 [-3298.025390625,1276.564453125] -28.27091535460842 -28.29964313152457 7.061297461917297 7.113290567022833 0.0 0.0 43.932156078045864 56.658965081254564 1.2008719693716993e-06 1.7675294119148636e-06 7.915214471461058e-06 2.6440682448850827e-06
212.673217820076 -32.51623524263477 1.3515625 1.4926758 [212.673217820076,-32.51623524263477] -16.587623577348978 2.7321228731453453 0.00015943636676380313 1.6188116435516243e-05 [-2221.94140625,-155.3818359375] -25.358674800922895 -24.68948912564133 6.58394650802025 7.330421515290326 0.0 0.0 50.36992053510039 45.34954107105273 -3.939560661444895e-06 1.8580390692420187e-06 2.083124698289803e-06 2.3884768520857036e-06
214.5795441870738 -32.560478329541894 1.34375 1.4067383 [214.5795441870738,-32.560478329541894] -30.841876271519222 2.7080630015737164 0.0001595411452435596 1.605610398606055e-05 [670.9599609375,-89.6669921875] -24.489070630417658 -21.998813939777385 7.23261305472162 7.924040275533194 0.0 0.0 43.035154432977606 25.297682882862546 -7.324945729438024e-06 2.0253038860432387e-06 -1.5087913634394625e-06 2.483431696879884e-06
212.85585016709533 -31.833787790111646 1.34375 1.4106445 [212.85585016709533,-31.833787790111646] 34.626662568218634 2.094361996076973 0.00020566408651239313 1.600733053343808e-05 [-1959.452148438,-1387.236816406] -24.800807172361214 -23.60884678838066 6.291337190028306 6.34942319501136 0.0 0.0 57.42928222823821 40.212343422019785 8.223832489010589e-06 2.043619572538918e-06 1.4114024284882635e-05 2.9454311740320073e-06
212.85581948333015 -31.834800824678382 1.34375 1.4106445 [212.85581948333015,-31.834800824678382] 37.98522411638977 2.238910917528112 0.0001928122138023468 1.60427958991284e-05 [-1959.477539062,-1385.413085938] -24.800807172361214 -23.60884678838066 6.291337190028306 6.34942319501136 0.0 0.0 57.41797915192001 40.21742485595564 9.021490869219087e-06 2.1091890892981494e-06 1.4911682665091133e-05 3.0182338671753183e-06
215.84858707264024 -32.32370380362477 1.3125 1.1123047 [215.84858707264024,-32.32370380362477] -29.941668098938763 3.1337411890851663 0.0001444793278950005 1.682587048758679e-05 [2602.649414062,-496.3173828125] -14.588542921974566 -14.605511732165185 6.674132413362574 7.592528093005754 0.0 0.0 40.793005539010665 10.774427123879605 -7.111146285094957e-06 2.046693508337741e-06 -3.6463672867523525e-06 2.4615932597733767e-06
213.89097601580852 -32.09021370523506 1.34375 1.421875 [213.89097601580852,-32.09021370523506] -15.82275848946308 2.588225079453391 0.00016484547965860317 1.585578640845787e-05 [-375.5981445312,-937.0844726562] -25.088201873764017 -22.75764167101994 6.85581685122441 7.40252957969777 0.0 0.0 50.835500249295364 30.292852301464336 -3.757905200221229e-06 1.839847182028367e-06 2.200542838305143e-06 2.424129477501831e-06
213.9013670302347 -32.09138096525808 1.34375 1.4228516 [213.9013670302347,-32.09138096525808] -16.583734917027677 2.4619689489656778 0.00017328592986806622 1.5854573931980935e-05 [-359.7475585938,-935.01953125] -24.71102205496102 -22.51272938754066 6.854566953480804 7.394065132037985 0.0 0.0 50.78438992323845 30.187448102642065 -3.938637104604092e-06 1.8365822466244076e-06 1.9302307255507634e-06 2.4125165961102285e-06
213.89851384687242 -32.08573158710617 1.34375 1.4228516 [213.89851384687242,-32.08573158710617] -24.755296433511326 2.5866016292214016 0.00016478784007554486 1.584030032276234e-05 [-364.12109375,-945.1782226562] -24.71102205496102 -22.51272938754066 6.854566953480804 7.394065132037985 0.0 0.0 50.85808037161564 30.19042721883943 -5.879382995225571e-06 1.9330716251153714e-06 -1.051516507071467e-08 2.4065634064915493e-06
213.68208328980924 -33.198581635783896 1.390625 1.8720703 [213.68208328980924,-33.198581635783896] -34.58208733578261 3.234028097734191 0.00013135840192351255 1.5787390387449103e-05 [-685.587890625,1058.980957031] -25.415698604481527 -26.304760662173987 6.1711982188608365 7.4051927711345105 0.0 0.0 39.163511236874456 37.831895472180804 -8.213245871140895e-06 2.125068257852988e-06 -2.177017357848486e-06 2.3629764126676852e-06
212.32382211817495 -33.7175062836031 1.4609375 2.633789 [212.32382211817495,-33.7175062836031] -44.62377128686139 3.092510324269401 0.00014707421802300446 1.6902712684902367e-05 [-2714.649414062,2014.640136719] -30.276723264283813 -30.917197048872172 6.909814157859865 7.436809973800825 0.0 0.0 37.968542516565094 54.4851655511427 -1.0598145846948938e-05 2.2887231905190803e-06 -3.4074239588357327e-06 2.4892791020095463e-06
215.60166938737976 -34.95839308694407 1.2109375 0.1000061 [215.60166938737976,-34.95839308694407] -33.91216340054841 3.234114137234205 0.00018662429799264026 2.2430152848905977e-05 [2160.108398438,4238.871582031] -27.00946693841765 -26.13098147222365 7.491958343003518 6.872801557936097 0.0 0.0 12.534207372137644 26.717267938154237 -8.054138934025867e-06 2.1145590024129203e-06 -1.6393904354834202e-06 2.5624669061105603e-06
212.8517458235386 -32.10525140469096 1.3359375 1.3256836 [212.8517458235386,-32.10525140469096] -10.699384089440558 3.1824756043802913 0.00013580206059373462 1.6061279734302976e-05 [-1959.919921875,-898.5927734375] -23.412532202076505 -23.15780572963209 6.190137181409641 6.507655857928986 0.0 0.0 54.38535134511267 41.52616471208148 -2.5411037611203105e-06 1.8564570765018362e-06 3.01937272413481e-06 2.377731825822389e-06
214.61863701746248 -32.607784356029015 1.3046875 1.0498047 [214.61863701746248,-32.607784356029015] -32.185185780194196 3.0576793442208063 0.0001414286348628937 1.607081833991079e-05 [729.8803710938,-4.259765625] -24.450554629064232 -21.505091630536526 7.21327549501885 7.984054451841967 0.0 0.0 42.36162885861313 25.121031132175858 -7.643981742755043e-06 2.07312012798139e-06 -1.8369749272214743e-06 2.5068495781447168e-06
212.54066455023477 -32.88166035277722 1.3359375 1.3637695 [212.54066455023477,-32.88166035277722] 15.075866471582474 1.8811683059890507 0.00023237335998505838 1.624511140473056e-05 [-2413.158203125,505.2041015625] -29.451152085612186 -28.62891453006013 6.432975092402699 7.640263987573898 0.0 0.0 46.69644329783068 48.43669327395014 3.580518343190809e-06 1.7844783310999572e-06 1.0575167073292478e-05 2.6878065523916926e-06
212.49208074638656 -34.662422203206006 1.234375 0.37060547 [212.49208074638656,-34.662422203206006] 57.5227350663134 0.4054781178273845 0.0013031784892662348 1.9637221001600204e-05 [-2435.39453125,3710.512939453] -33.736740078337995 -38.25724801600963 6.764753775362582 6.954351581279274 0.0 0.0 26.716309248571633 56.908750297977576 1.3661649792645127e-05 2.447112091623072e-06 2.167412568699219e-05 3.6670042885086883e-06
213.74514774876218 -32.5656775881696 1.3359375 1.3969727 [213.74514774876218,-32.5656775881696] -14.926493070978795 3.1291155416624656 0.0001399180949505142 1.6270623144576265e-05 [-594.8427734375,-80.59912109375] -26.77421566539088 -24.997768039249145 6.499604787333993 7.327542198392426 0.0 0.0 46.03821375177972 34.14594851005768 -3.5450421599906987e-06 1.8795457647564101e-06 2.8138341603310746e-06 2.41567153052715e-06
213.74813831819318 -32.55901716670717 1.3359375 1.3969727 [213.74813831819318,-32.55901716670717] -22.231939174076093 2.542328819449686 0.00017201474156202016 1.6251972958315038e-05 [-590.3500976562,-92.6044921875] -26.77421566539088 -24.997768039249145 6.499604787333993 7.327542198392426 0.0 0.0 46.1021105996183 34.082211365035846 -5.2800856367047785e-06 1.899670792398879e-06 1.0787906836169944e-06 2.3518943343119837e-06
215.870895512684 -34.46531682070411 1.3125 1.1494141 [215.870895512684,-34.46531682070411] -28.15218961972899 1.7777012632002094 0.00028171001824185454 1.8611002863004384e-05 [2572.40625,3358.028320312] -22.015412539524203 -21.443786680593814 7.713514361082388 7.15792998326897 0.0 0.0 16.997262024331803 21.546709683482277 -6.6861451396129865e-06 1.9267247144027233e-06 -1.4574845794213077e-06 2.516909340322188e-06
213.96339404942034 -32.19266884245947 1.34375 1.4125977 [213.96339404942034,-32.19266884245947] -21.257142765232626 3.12848023453539 0.00013735682153643476 1.596953796749429e-05 [-264.8637695312,-752.890625] -24.43893053767304 -23.095381441704944 6.920033873173292 7.373380913543871 0.0 0.0 49.42345807315746 30.0188300158934 -5.048571485971245e-06 1.9377946630190008e-06 7.556746078135896e-07 2.4549810888946423e-06
212.72102378629918 -32.08467857068614 1.390625 1.8955078 [212.72102378629918,-32.08467857068614] -4.3730021968277 2.56700379607856 0.0001676763271560869 1.5995836873822196e-05 [-2159.666992188,-933.0854492188] -23.77242791869022 -23.136192842815 6.195757739531371 6.540035820125966 0.0 0.0 55.072992958221676 42.84180172923902 -1.038588038045401e-06 1.7760004234845852e-06 4.607363681246862e-06 2.3804554155956713e-06
216.67730712364826 -34.644130692301694 1.2578125 0.5847168 [216.67730712364826,-34.644130692301694] -32.05554616298656 0.4689314854127786 0.001241967521550079 2.1643542013636494e-05 [3760.2265625,3703.652587891] -17.21982596577484 -16.1128171349285 7.408039544376807 6.502094049766321 0.0 0.0 11.923700294813443 14.395072078338671 -7.613192333185043e-06 1.9428776333710145e-06 -3.523483602132694e-06 2.4669207693988796e-06
