data_processed/hvc_rms/hvc_rms_index_22_with_B.ecsv
# %ECSV 1.0
# ---
# datatype:
# - {name: ra_dec_obj.ra, unit: deg, datatype: float64}
# - {name: ra_dec_obj.dec, unit: deg, datatype: float64}
# - {name: 'H-alpha flux [Error]', unit: R, datatype: float32}
# - {name: H-alpha flux, unit: R, datatype: float32}
# - {name: ra_dec_deg, datatype: string, subtype: 'float64[2]'}
# - {name: RM, unit: rad / m2, datatype: float64}
# - {name: RM_uncert, unit: rad / m2, datatype: float64}
# - {name: pol_int, datatype: float64}
# - {name: pol_int_uncert, datatype: float64}
# - {name: ra_dec_pix_offsets, datatype: string, subtype: 'float64[2]'}
# - {name: interpolation_raw, unit: rad / m2, datatype: float64}
# - {name: interpolation_cor, unit: rad / m2, datatype: float64}
# - {name: interpolation_unc, unit: rad / m2, datatype: float64}
# - {name: pixel location x, datatype: float64}
# - {name: pixel location y, datatype: float64}
# - {name: 'B_virtual [raw]', unit: G, datatype: float64}
# - {name: 'B_virtual_unc [raw]', unit: G, datatype: float64}
# - {name: 'B_virtual [int]', unit: G, datatype: float64}
# - {name: 'B_virtual_unc [int]', unit: G, datatype: float64}
# - {name: 'B_virtual [cor]', unit: G, datatype: float64}
# - {name: 'B_virtual_unc [cor]', unit: G, datatype: float64}
# meta: !!omap
# - __serialized_columns__:
#     ra_dec_obj:
#       __class__: astropy.coordinates.sky_coordinate.SkyCoord
#       dec: !astropy.table.SerializedColumn
#         __class__: astropy.coordinates.angles.Latitude
#         unit: &id001 !astropy.units.Unit {unit: deg}
#         value: !astropy.table.SerializedColumn {name: ra_dec_obj.dec}
#       frame: icrs
#       ra: !astropy.table.SerializedColumn
#         __class__: astropy.coordinates.angles.Longitude
#         unit: *id001
#         value: !astropy.table.SerializedColumn {name: ra_dec_obj.ra}
#         wrap_angle: !astropy.coordinates.Angle
#           unit: *id001
#           value: 360.0
#       representation_type: spherical
# schema: astropy-2.0
ra_dec_obj.ra ra_dec_obj.dec "H-alpha flux [Error]" "H-alpha flux" ra_dec_deg RM RM_uncert pol_int pol_int_uncert ra_dec_pix_offsets interpolation_raw interpolation_cor interpolation_unc "pixel location x" "pixel location y" "B_virtual [raw]" "B_virtual_unc [raw]" "B_virtual [int]" "B_virtual_unc [int]" "B_virtual [cor]" "B_virtual_unc [cor]"
[from data line 73]
13.733951643610743 -34.78773887186471 1.2421875 0.40112305 [13.733951643610743,-34.78773887186471] -6.444279023433343 0.5935060045327337 0.0010359673635888587 2.28496679949665e-05 [951.5834960938,-4423.76171875] 1.5883947541885044 0.9095949282625542 3.0152947990558197 25.35193814095271 37.26327637156214 -2.6877208641149762e-06 5.0953337348311984e-06 -3.3501939981551474e-06 6.096414340721877e-06 -3.067086384710008e-06 5.726763036187961e-06
13.725702292893274 -34.786209261726015 1.2421875 0.4399414 [13.725702292893274,-34.786209261726015] 1.5524826061286625 0.07568616557279538 0.008107885064690963 2.2805142497412452e-05 [939.4067382812,-4426.594726562] 1.6227289944699848 0.9403751726789853 3.0049559270118698 25.32546825354632 36.67303855748605 6.182696924825366e-07 2.9218591296480295e-06 -2.7975329801665273e-08 3.0341355731397025e-06 2.437692204416509e-07 3.053412758786033e-06
13.72998919506725 -34.787666440363104 1.2421875 0.42053223 [13.72998919506725,-34.787666440363104] 5.4746451108793 0.581978860478638 0.0010544488055859544 2.280559524676169e-05 [945.7270507812,-4423.931640625] 1.6055618743292344 0.9168851484345439 3.0101253630338487 25.34712145161575 36.973816891614206 2.2300005212486685e-06 4.367372663582056e-06 1.5760030941759713e-06 3.889426968854052e-06 1.856523461544647e-06 4.151602476871684e-06
13.50706307061204 -36.12013636455065 1.234375 0.33239746 [13.50706307061204,-36.12013636455065] -6.377105953530849 2.120650968834511 0.00020071666790248772 1.581835569900154e-05 [606.0874023438,-2028.575195312] 1.0464865347796002 -2.119165875356944 2.8505379731708933 41.104420454806245 12.927682950203007 -2.9217524579086245e-06 6.382001832411054e-06 -3.4012136159073663e-06 7.274064583301267e-06 -1.9508295737417e-06 5.107539547862423e-06
13.940448728445238 -36.07077395827001 1.25 0.4946289 [13.940448728445238,-36.07077395827001] -3.84013818227241 2.3984767516768066 0.0001782830473900908 1.589111114745638e-05 [1236.970214844,-2113.193359375] 2.050536623748518 -1.3449955026592924 2.796887047906202 40.87505265978939 40.02083862958216 -1.442300452732398e-06 3.325935262559345e-06 -2.212452400500785e-06 4.0843797040678155e-06 -9.371395625946885e-07 3.1994471704418183e-06
13.75955578132636 -35.02878967522775 1.25 0.5344238 [13.75955578132636,-35.02878967522775] -3.776549563336478 1.0308375129452212 0.0005223524743028688 2.001071349032681e-05 [986.5336914062,-3989.98046875] 2.079989530566843 0.35445769529222515 2.7092331359957695 28.255190848474058 36.95122287434401 -1.3645860151857435e-06 3.0162977638900257e-06 -2.116151585170397e-06 3.6953260217343283e-06 -1.4926627174396957e-06 3.2495884779526734e-06
13.767042119195787 -35.02931620109633 1.2578125 0.5449219 [13.767042119195787,-35.02931620109633] -2.081687678665676 1.7160038302130034 0.00031406105936676343 2.0028159774909383e-05 [997.5610351562,-3988.955078125] 2.0681576132926995 0.37726042412625915 2.710737368533467 28.2689540136721 37.47645548264654 -7.448984742460965e-07 2.719346630279095e-06 -1.4849554320841022e-06 3.2476434391444303e-06 -8.798950528419861e-07 2.9376305236007885e-06
13.483310649960622 -36.73537827272133 1.2265625 0.27038574 [13.483310649960622,-36.73537827272133] -30.628615216201425 2.471451028998994 0.0001695922543868549 1.5576386896228608e-05 [567.0483398438,-921.4155273438] 3.470359070620224 0.3479718898426509 3.097175151823458 48.45954595666353 8.726309168068383 -1.555908676453937e-05 3.5519203262754586e-05 -1.732200087289007e-05 3.953192991456887e-05 -1.57358536469944e-05 3.595265606776078e-05
13.30552185366708 -35.97415919188283 1.21875 0.2177124 [13.30552185366708,-35.97415919188283] -84.80455915068858 2.2128346718486185 0.00019249295064882165 1.582969329728871e-05 [313.6284179688,-2292.251953125] 0.5408495725744907 -1.0675718132304133 2.7777185587365993 39.24841917046638 0.9674562593754672 -4.800939686608918e-05 0.00013451152983235147 -4.831558160467669e-05 0.0001353777075101564 -4.740502512737926e-05 0.00013282915160131546
13.642134745914442 -35.28670116069322 1.265625 0.6582031 [13.642134745914442,-35.28670116069322] -16.270707812592548 1.2579485132088841 0.00036650247281049176 1.7133594273497935e-05 [810.8984375,-3527.171875] 1.7054785644701616 -0.15120235597533016 2.8075756301186754 31.229212218581438 26.713375247267777 -5.297550560913308e-06 5.6151643326082525e-06 -5.852834266447133e-06 6.175676038812301e-06 -5.248320857145376e-06 5.6463776610305e-06
13.643405111140488 -35.29505136158197 1.25 0.49987793 [13.643405111140488,-35.29505136158197] -18.29357622406798 1.5113424726104743 0.0003038950787957841 1.7068496119908047e-05 [812.6811523438,-3512.139648438] 1.584843751144924 -0.42393810076783023 2.8330197982802865 31.330111215339343 26.74032746361422 -6.834634071860933e-06 8.97553776161699e-06 -7.426745038436188e-06 9.744211906398392e-06 -6.67624722872111e-06 8.849742440300492e-06
14.41910157727127 -36.75563056311587 1.28125 0.82299805 [14.41910157727127,-36.75563056311587] -8.044350090169873 0.5659537962172745 0.0007407057285820526 1.5578849578294917e-05 [1916.283691406,-872.6987304688] 4.067790195208024 2.8712672564654342 2.6286652823087295 49.60951379784785 61.8917649728437 -2.3422874678364408e-06 2.747742551756902e-06 -3.526713044697741e-06 3.521954151124317e-06 -3.1783193705064163e-06 3.312073768371468e-06
14.425576146863008 -36.740070458934774 1.28125 0.79785156 [14.425576146863008,-36.740070458934774] 6.191784309377746 3.1494420668189753 0.00013330555656916276 1.560237024997977e-05 [1926.008789062,-900.5717773438] 4.064016129847576 2.904404703709318 2.628484496095531 49.43369576326461 62.416353324045076 1.831063491447529e-06 2.7094981794708397e-06 6.292335839122614e-07 2.4526158614659662e-06 9.721593126801865e-07 2.5246425988050113e-06
14.065164426570236 -34.77582189439052 1.25 0.5361328 [14.065164426570236,-34.77582189439052] -10.279362856936602 2.4098692279639486 0.0002586545446758766 2.316446598945949e-05 [1441.370117188,-4441.008789062] 0.6423147211516509 -0.3875151054987924 3.088404236132252 25.603269663398464 61.55923987357755 -3.708332241225208e-06 5.092414167611497e-06 -3.9400505318051455e-06 5.440301115563649e-06 -3.5685342031869617e-06 5.077726153184091e-06
13.848932421537565 -37.775569822515344 1.84375 6.46875 [13.848932421537565,-37.775569822515344] 0.808443001232847 2.515172817239424 0.0001615611438422139 1.5101269328194607e-05 [1079.446777344,954.0483398438] 4.681508212263879 3.376829009612746 2.744359959706719 61.15755322453799 23.502223695759994 8.396298236027747e-08 7.726384584974287e-07 -4.0224741323518593e-07 8.261989142647862e-07 -2.6674651000395487e-07 8.246389075027608e-07
14.019845998968846 -36.54264069005178 1.2265625 0.24017334 [14.019845998968846,-36.54264069005178] -11.774379033912481 1.5423449200864243 0.0002654482971600851 1.5214936854207874e-05 [1344.319824219,-1262.905273438] 3.8867491188685284 1.0549473850695463 2.689013945170076 46.58733483613992 40.948563067495115 -6.346353332907504e-06 1.6669341132723604e-05 -8.441298905294956e-06 2.195937309888556e-05 -6.914966661389208e-06 1.814375016574855e-05
13.94321821944745 -35.363387866462055 1.25 0.46374512 [13.94321821944745,-35.363387866462055] -14.885260387370757 1.201545844261764 0.0003866749503961554 1.726613321556808e-05 [1252.056152344,-3385.939453125] 1.74741332130771 -0.8651308523921788 2.745888985913962 32.44287701977669 46.5362014413281 -5.7738486482490675e-06 8.27116951007784e-06 -6.451653388011974e-06 9.201362086406316e-06 -5.43827275151291e-06 7.917205156743043e-06
13.784232969428352 -37.36608503451113 1.21875 0.20043945 [13.784232969428352,-37.36608503451113] -9.87189876502075 1.4357939847812016 0.00028475082023942267 1.5193779396929273e-05 [992.8413085938,216.3032226562] 4.41764066725888 1.9331106684798107 3.0431622144826 56.209873615272386 22.33837734929807 -5.824487569111816e-06 1.8210107203473258e-05 -8.430925678305503e-06 2.604911305008809e-05 -6.965036041729225e-06 2.167429576820003e-05
13.560860622518776 -37.00825870302744 1.2109375 0.1000061 [13.560860622518776,-37.00825870302744] -3.386631768864761 2.298333432815403 0.00017926955422117264 1.531187151885555e-05 [676.49609375,-429.73828125] 3.2076202124214857 0.15090906923227676 2.8901154479371067 51.773257988737896 11.937781644820916 -2.82880726713474e-06 1.8200404900736307e-05 -5.508088625836399e-06 3.400024838828654e-05 -2.9548595517809404e-06 1.9073839400846694e-05
13.69707878009285 -36.90155419835811 1.2109375 0.103149414 [13.69707878009285,-36.90155419835811] -7.286303267565945 2.4984643895493512 0.0001667604393689875 1.5483705331528322e-05 [873.5073242188,-620.6870117188] 3.4420246973608046 0.17836935724665093 2.877718510016631 50.58724133304577 20.07951407577889 -5.992699417608006e-06 3.570736400000367e-05 -8.823630088732419e-06 5.2212357186824e-05 -6.13940123662908e-06 3.663270093987268e-05
13.700461446367404 -36.90861121072718 1.2109375 0.103149414 [13.700461446367404,-36.90861121072718] -1.510024814114515 2.9130832327668217 0.00014302997345115622 1.5484195809989997e-05 [878.294921875,-607.9536132812] 3.4420246973608046 0.17836935724665093 2.877718510016631 50.67416224404087 20.23151688919893 -1.241936341628645e-06 9.593840728692155e-06 -4.072867012753059e-06 2.4822713147745684e-05 -1.388638160649719e-06 1.053295589728728e-05
13.845397883384576 -35.360912422706626 1.2421875 0.38867188 [13.845397883384576,-35.360912422706626] -10.879539324266979 0.748597744541305 0.0006181579404452439 1.7197157538195517e-05 [1108.514160156,-3391.611328125] 1.6054389562905795 -0.8665863907958484 2.789166381417275 32.306528942971454 39.95438939440078 -4.609646084477094e-06 7.957993336086153e-06 -5.289868397036314e-06 9.05407068155489e-06 -4.24247460376163e-06 7.510004288719385e-06
13.838006852470311 -35.36461251584832 1.234375 0.3725586 [13.838006852470311,-35.36461251584832] -27.447331304738 2.1732623147644006 0.00021210858289954056 1.713085719788663e-05 [1097.615234375,-3385.041015625] 1.598508924092961 -0.8876487865789855 2.793373709784335 32.343014855981664 39.4221088028778 -1.1878222767732504e-05 1.996035188538724e-05 -1.2570000226377707e-05 2.1128867871539504e-05 -1.1494080138001773e-05 1.9369160721276115e-05
