data_processed/hvc_rms/hvc_rms_index_0_with_B.ecsv
# %ECSV 1.0
# ---
# datatype:
# - {name: ra_dec_obj.ra, unit: deg, datatype: float64}
# - {name: ra_dec_obj.dec, unit: deg, datatype: float64}
# - {name: 'H-alpha flux [Error]', unit: R, datatype: float32}
# - {name: H-alpha flux, unit: R, datatype: float32}
# - {name: ra_dec_deg, datatype: string, subtype: 'float64[2]'}
# - {name: RM, unit: rad / m2, datatype: float64}
# - {name: RM_uncert, unit: rad / m2, datatype: float64}
# - {name: pol_int, datatype: float64}
# - {name: pol_int_uncert, datatype: float64}
# - {name: ra_dec_pix_offsets, datatype: string, subtype: 'float64[2]'}
# - {name: interpolation_raw, unit: rad / m2, datatype: float64}
# - {name: interpolation_cor, unit: rad / m2, datatype: float64}
# - {name: interpolation_unc, unit: rad / m2, datatype: float64}
# - {name: pixel location x, datatype: float64}
# - {name: pixel location y, datatype: float64}
# - {name: 'B_virtual [raw]', unit: G, datatype: float64}
# - {name: 'B_virtual_unc [raw]', unit: G, datatype: float64}
# - {name: 'B_virtual [int]', unit: G, datatype: float64}
# - {name: 'B_virtual_unc [int]', unit: G, datatype: float64}
# - {name: 'B_virtual [cor]', unit: G, datatype: float64}
# - {name: 'B_virtual_unc [cor]', unit: G, datatype: float64}
# meta: !!omap
# - __serialized_columns__:
#     ra_dec_obj:
#       __class__: astropy.coordinates.sky_coordinate.SkyCoord
#       dec: !astropy.table.SerializedColumn
#         __class__: astropy.coordinates.angles.Latitude
#         unit: &id001 !astropy.units.Unit {unit: deg}
#         value: !astropy.table.SerializedColumn {name: ra_dec_obj.dec}
#       frame: icrs
#       ra: !astropy.table.SerializedColumn
#         __class__: astropy.coordinates.angles.Longitude
#         unit: *id001
#         value: !astropy.table.SerializedColumn {name: ra_dec_obj.ra}
#         wrap_angle: !astropy.coordinates.Angle
#           unit: *id001
#           value: 360.0
#       representation_type: spherical
# schema: astropy-2.0
ra_dec_obj.ra ra_dec_obj.dec "H-alpha flux [Error]" "H-alpha flux" ra_dec_deg RM RM_uncert pol_int pol_int_uncert ra_dec_pix_offsets interpolation_raw interpolation_cor interpolation_unc "pixel location x" "pixel location y" "B_virtual [raw]" "B_virtual_unc [raw]" "B_virtual [int]" "B_virtual_unc [int]" "B_virtual [cor]" "B_virtual_unc [cor]"
[from data line 794]
315.51486230492975 -9.57553109070544 0.30664062 0.7114258 [315.51486230492975,-9.57553109070544] -23.115171364587336 0.6967515227687168 0.0008221717993363163 2.128870314109043e-05 [-2661.188476562,421.5205078125] -21.01115243793849 -21.701636876378966 7.444445664539106 99.10197093779254 42.83564968877499 -7.239039592221071e-06 2.7770051554893597e-06 -6.589211939015784e-07 3.211305750802856e-06 -4.4268034892386e-07 3.2092820632309234e-06
315.52197251025274 -9.574964567502798 0.30664062 0.7114258 [315.52197251025274,-9.574964567502798] -32.78153749125958 1.6006649863415414 0.00035866951402032976 2.133553868930139e-05 [-2648.577148438,420.447265625] -21.01115243793849 -21.701636876378966 7.444445664539106 99.02953153946271 42.78379449605836 -1.0266281138484822e-05 3.2872377606819825e-06 -3.6861627401653314e-06 3.351659865142099e-06 -3.4699218951876126e-06 3.3390445721274874e-06
316.98837267963756 -8.313081640578087 0.36132812 1.2426758 [316.98837267963756,-8.313081640578087] -21.97468484450537 0.6323534039778606 0.0008747824307759693 2.0557420334249432e-05 [-46.2919921875,-1856.444335938] -19.783385860024346 -18.42093335573177 7.168619278122375 90.31870734811855 17.129437612531092 -5.2070574853741915e-06 1.8884999985854067e-06 -5.192438417467373e-07 2.3805564027359147e-06 -8.420866293063222e-07 2.383253656692018e-06
316.50946051471806 -9.443156229028839 0.39453125 1.5859375 [316.50946051471806,-9.443156229028839] -37.47570112403953 2.1893795743668623 0.00025598132793269685 2.0827543629698284e-05 [-896.4951171875,178.23046875] -22.468919894452526 -21.127372823719718 7.010409408058475 89.26071201825471 34.838020875683014 -7.86059402272271e-06 1.9552843681693073e-06 -3.147698676621416e-06 2.182301364012798e-06 -3.429090527050039e-06 2.192273213069469e-06
317.79449471641146 -8.105509493549514 0.3515625 1.1391602 [317.79449471641146,-8.105509493549514] -53.48075334636746 1.7195404893607102 0.00033031915943521024 2.1108378563159788e-05 [1390.164550781,-2228.467773438] -14.370217643027098 -14.929098845798952 6.121440154808546 82.95934452761071 9.119982439566229 -1.3235908530022645e-05 2.9618991669347814e-06 -9.679434950681354e-06 2.9098754186196637e-06 -9.541117892372006e-06 2.8952614559461126e-06
316.97219858360285 -7.308491007983228 0.46679688 2.2851562 [316.97219858360285,-7.308491007983228] -23.652810511667564 0.18246874976673386 0.003404579563222202 2.3086637690341594e-05 [-75.28271484375,-3664.033203125] -18.55695591837876 -14.72753707378142 7.733673952179722 96.05965170275317 4.36824089554284 -4.133076429396201e-06 1.3467526557928432e-06 -8.90446253596924e-07 1.8270436208601832e-06 -1.559596363985858e-06 1.8353393347407275e-06
316.9649352995669 -7.312956851856554 0.46679688 2.2851562 [316.9649352995669,-7.312956851856554] -36.474248153273436 0.13683892560651664 0.004503593140064362 2.290221607379228e-05 [-88.24951171875,-3655.998046875] -18.55695591837876 -14.72753707378142 7.733673952179722 96.11110712456264 4.47354979726515 -6.37348594357864e-06 1.4998402101337962e-06 -3.130855767779364e-06 1.8720588348774599e-06 -3.800005878168298e-06 1.8948750243589384e-06
316.96905508007717 -7.311315749018936 0.46679688 2.2851562 [316.96905508007717,-7.311315749018936] -22.608834505670202 1.6092610912333944 0.00038572752246535173 2.3068313346415045e-05 [-80.89453125,-3658.951171875] -18.55695591837876 -14.72753707378142 7.733673952179722 96.07692615450742 4.425181737682578 -3.950652754158349e-06 1.3654566557320788e-06 -7.080225783590726e-07 1.8468194327576687e-06 -1.3771726887480065e-06 1.8538068291954866e-06
316.2153017648274 -9.992855914741092 0.390625 1.5200195 [316.2153017648274,-9.992855914741092] -52.84838711619325 2.021869697533477 0.0002775789355939063 2.0856833425666606e-05 [-1416.440429688,1168.628417969] -18.946832138222014 -19.381111510582542 7.099180990819635 89.45923426664785 43.845002400916655 -1.1322850875538912e-05 2.3647791694108046e-06 -7.263461997818155e-06 2.459432994245823e-06 -7.17041695255027e-06 2.452704354716547e-06
317.79821763748 -9.762765999170623 0.51953125 2.7998047 [317.79821763748,-9.762765999170623] -84.33545847268674 0.9028563865123055 0.0006164457575653616 2.06834149902715e-05 [1390.465332031,754.4208984375] -21.775597394183272 -19.383123027862002 6.659538848520656 73.90074213408548 30.746090335458575 -1.331358380196369e-05 2.050120249260971e-06 -9.875987730328256e-06 1.9940727293330976e-06 -1.025367475008145e-05 2.0256734717307776e-06
319.2270507952283 -11.294664341104419 0.3515625 1.1347656 [319.2270507952283,-11.294664341104419] -10.029770943333205 2.1837043919455965 0.00032742833086964965 2.657166723130374e-05 [3904.739990234,3521.863525391] -16.160693649067653 -16.771468452936055 6.589931034155731 50.68418488323755 42.06987143640981 -2.487061721787615e-06 1.8720721210967481e-06 1.5202723239463456e-06 2.4597892340930926e-06 1.6717248988770966e-06 2.462941185143178e-06
318.5178831854878 -9.696301543893806 0.4140625 1.7475586 [318.5178831854878,-9.696301543893806] 7.022768573025689 0.2252173376350512 0.00258720272860826 2.16541421792715e-05 [2667.371582031,638.9243164062] -19.21712894280298 -18.358391918750947 6.709304025503719 66.64097478239069 25.184757857714885 1.4032696040957427e-06 1.4149311682464652e-06 5.24318154808361e-06 2.089079017268625e-06 5.071591163004941e-06 2.0796812948685678e-06
317.5192565204919 -7.867068987314633 0.36523438 1.2827148 [317.5192565204919,-7.867068987314633] -49.682232343620186 1.6866689030420563 0.00033421740891404465 2.0949208012588432e-05 [900.2412109375,-2658.431640625] -14.15350114334327 -13.787068658494842 6.251346285256619 87.18239671209312 7.876061948636561 -1.1587364682459338e-05 2.574707129772074e-06 -8.286349982732716e-06 2.62560503034187e-06 -8.371812866205255e-06 2.6332847962289286e-06
319.5554199825361 -8.969370839287715 0.3125 0.7324219 [319.5554199825361,-8.969370839287715] -28.129505197836707 2.143990721204119 0.0003227817713361693 2.5718202123756416e-05 [4516.492919922,-658.962890625] -9.224955549150247 -11.810090625219532 6.28176264656263 59.63610311702416 8.627259618038352 -8.682205755372588e-06 3.024427652268657e-06 -5.834912082818117e-06 3.269618512574479e-06 -5.037007019148871e-06 3.197708825534375e-06
316.5379943677498 -10.068033124951247 0.47265625 2.3496094 [316.5379943677498,-10.068033124951247] -73.66383339902308 0.36309000052892576 0.0015372760793342887 2.074315732485506e-05 [-844.2456054688,1302.902832031] -18.40375562220453 -19.375126480091435 7.5172057855360555 85.63798467102879 42.795566377931664 -1.2694193568987691e-05 2.096310809484874e-06 -9.522748023938063e-06 2.1883920171334655e-06 -9.355355571925735e-06 2.1751997276684643e-06
316.53961189978793 -10.063572025999328 0.46484375 2.2734375 [316.53961189978793,-10.063572025999328] -72.87535035099867 0.6789867639845215 0.0008208645081315523 2.0712927730995132e-05 [-841.390625,1294.869628906] -18.452864569159694 -19.26113663752427 7.628667646227861 85.64436620494916 42.72707338415148 -1.2766968304492545e-05 2.131165583693412e-06 -9.53422724806033e-06 2.233947853819721e-06 -9.392626777825668e-06 2.2227918114953226e-06
316.5009766794364 -7.850110500551506 0.36328125 1.2670898 [316.5009766794364,-7.850110500551506] -28.953208356051615 2.975266024455925 0.00019172556885227414 2.1198959302281223e-05 [-915.4252929688,-2688.921875] -20.878232769192564 -18.127251953931857 7.300930417504375 98.0133371280175 14.390037387159282 -6.794251593898177e-06 2.1232691239257663e-06 -1.8948993519828269e-06 2.494767705168371e-06 -2.540453224942876e-06 2.511154750944186e-06
317.5063172259556 -9.689801107260523 0.5234375 2.859375 [317.5063172259556,-9.689801107260523] -105.5962458923703 1.998124520805344 0.00027875060615358915 2.0698890786209096e-05 [872.8764648438,622.1518554688] -22.64458395941494 -18.799247419484367 6.9338487816810765 77.3817796934834 31.6696855485352 -1.6495350763079817e-05 2.403469396714376e-06 -1.2958005735915844e-05 2.287599300183866e-06 -1.3558691626708725e-05 2.34426354504201e-06
316.4785765416027 -11.065865579952131 0.35546875 1.1660156 [316.4785765416027,-11.065865579952131] -25.003893830834684 2.599545713556012 0.00022274061380741426 2.151818189268722e-05 [-946.4633789062,3098.718994141] -19.799866988818508 -18.567536966445207 6.921314445276043 81.06174437422169 56.27122748246711 -6.116515706709106e-06 2.1234000232178993e-06 -1.2730221993693835e-06 2.5007892758675244e-06 -1.5744778841795705e-06 2.506161291599448e-06
318.66479500923344 -10.474137338172454 0.45703125 2.1875 [318.66479500923344,-10.474137338172454] -9.470581698199243 0.6046420785329312 0.0010030116717511222 2.2537879754670153e-05 [2920.877441406,2040.049072266] -18.244376306117843 -18.67611510008765 6.369105326870126 60.94210779617981 34.60283858852199 -1.691419208178644e-06 1.276325060963503e-06 1.5669749970341816e-06 1.7073992371862088e-06 1.6440823292242691e-06 1.7087772371983418e-06
317.60263057862915 -8.665504584539681 0.31054688 0.72143555 [317.60263057862915,-8.665504584539681] -50.771227449509695 0.218394059880972 0.002567211892393423 2.083585089427294e-05 [1046.775878906,-1221.285644531] -19.677457264148146 -18.00591670608769 6.28916650431879 81.90173179820397 17.655497984583235 -1.5789469135507596e-05 4.279232889268303e-06 -9.669928211536152e-06 3.6956971203008138e-06 -1.0189764728714932e-05 3.770945752613832e-06
317.61135867667605 -8.671257930792548 0.31054688 0.72143555 [317.61135867667605,-8.671257930792548] -50.54055959880046 0.9029229110824731 0.0006202604238404618 2.0812940748225698e-05 [1062.290039062,-1210.904296875] -19.677457264148146 -18.00591670608769 6.28916650431879 81.77810587517297 17.67287839260007 -1.5717733172201426e-05 4.273530574297971e-06 -9.598192248229982e-06 3.6955634655516194e-06 -1.011802876540876e-05 3.7702765148255148e-06
316.04681389044475 -9.531344538057736 0.34960938 1.1308594 [316.04681389044475,-9.531344538057736] -34.62815251421666 0.06902314589783332 0.008039201144168867 2.0621314586160664e-05 [-1717.461914062,338.68359375] -21.374742718757297 -21.758188309980106 6.98373503836724 93.69418077502678 38.91751708922766 -8.601489320490319e-06 2.321791237382644e-06 -3.2920919696458806e-06 2.525798109405452e-06 -3.1968456767188177e-06 2.5218807035072583e-06
316.055145236813 -9.547330948289947 0.34960938 1.1308594 [316.055145236813,-9.547330948289947] -29.192924980168186 0.9424051634063987 0.0005883258250738971 2.0604604019270603e-05 [-1702.594726562,367.4184570312] -21.374742718757297 -21.758188309980106 6.98373503836724 93.52067920636887 39.0716860984694 -7.251401366206326e-06 2.181847228096107e-06 -1.942004015361888e-06 2.491600837336711e-06 -1.8467577224348252e-06 2.489282868582034e-06
316.0480957648769 -9.53313051830373 0.34960938 1.1308594 [316.0480957648769,-9.53313051830373] -33.41565569175085 0.10945636706860727 0.005071777580389918 2.0630508484877577e-05 [-1715.177734375,341.8920898438] -21.374742718757297 -21.758188309980106 6.98373503836724 93.67107304374588 38.932518500780134 -8.300310143654755e-06 2.286546585898301e-06 -2.9909127928103177e-06 2.5138732605033563e-06 -2.895666499883255e-06 2.510302877335021e-06
316.0536499003814 -9.545311940197378 0.34960938 1.1308594 [316.0536499003814,-9.545311940197378] -33.25226081533277 0.7501978200843139 0.0007396065489609149 2.061983800589667e-05 [-1705.258789062,363.7915039062] -21.374742718757297 -21.758188309980106 6.98373503836724 93.54728946030718 39.05501239586647 -8.25972353471118e-06 2.289274392737918e-06 -2.9503261838667436e-06 2.519092997393064e-06 -2.8550798909396802e-06 2.5155791888913552e-06
317.4050598372024 -10.01506993812235 0.47851562 2.3916016 [317.4050598372024,-10.01506993812235] -93.83828230498173 1.2880363555734788 0.00042983340850693197 2.057486490387235e-05 [692.5366210938,1207.387207031] -23.88527759251507 -20.39474271098002 7.047826020700141 76.72247481244608 36.59811655132489 -1.6028182156829405e-05 2.475884710847272e-06 -1.1948423121225843e-05 2.3478387179272562e-06 -1.2544628929045076e-05 2.40349296101759e-06
317.3997803635133 -10.016173271579518 0.47070312 2.3095703 [317.3997803635133,-10.016173271579518] -93.39968828136188 1.7360350657319812 0.0003187086102590656 2.0561793481372755e-05 [683.1762695312,1209.362792969] -23.604195543723808 -20.18465806900989 7.172905542463392 76.77258394597993 36.64639263484332 -1.6234109342809513e-05 2.538272592115971e-06 -1.2131385892046815e-05 2.417869885198104e-06 -1.2725747032729747e-05 2.473698044684822e-06
315.4098818569821 -9.904231072061046 0.34960938 1.1303711 [315.4098818569821,-9.904231072061046] -33.031458021910396 0.4657835643966684 0.00123744929408353 2.142003989644158e-05 [-2844.6484375,1013.979003906] -19.410402295937455 -20.552924219153667 7.8523120169259215 98.4773314423453 47.729288575210376 -8.206648957861181e-06 2.2790743507206068e-06 -3.3841443724457138e-06 2.685272839279204e-06 -3.1002853812901795e-06 2.6742778491105903e-06
316.7561949423078 -7.820213629779554 0.42578125 1.8808594 [316.7561949423078,-7.820213629779554] 41.74642934989362 1.4539342914072353 0.000383815159281965 2.073841717636531e-05 [-460.3813476562,-2743.215820312] -21.1275230479094 -17.18408803077545 6.801764916529381 95.48623706318449 12.330604613720425 8.04062497465431e-06 1.8022614929225823e-06 1.2109918854803555e-05 2.5843999695277926e-06 1.1350388457151128e-05 2.511275530228699e-06
317.1427613163101 -11.365557720811335 0.32421875 0.8684082 [317.1427613163101,-11.365557720811335] -26.915222034912773 1.2352059608177164 0.0005154154557895166 2.3659497669021345e-05 [226.5927734375,3637.197509766] -16.895482833219894 -17.554572219838022 6.948907853217013 72.45690188136314 56.14256223245047 -7.629299118898904e-06 2.561136785646039e-06 -2.8401618743443527e-06 2.878512568841317e-06 -2.6533385938200907e-06 2.8708460880622396e-06
318.7010803125596 -10.834458388852259 0.32617188 0.8845215 [318.7010803125596,-10.834458388852259] -32.396769969038225 0.8110486301744998 0.0007596717256397856 2.2897156942806473e-05 [2981.547119141,2688.751708984] -15.317742902520322 -17.633624240547967 6.25842300937188 58.66264366262067 39.210401574568095 -9.099052134523246e-06 2.720730445564544e-06 -4.79686579352508e-06 2.824097623456006e-06 -4.1464205469087685e-06 2.780405590782015e-06
315.16665673525665 -11.44986244545095 0.3515625 1.15625 [315.16665673525665,-11.44986244545095] -31.95099661219156 0.8792107882500537 0.0008238256704196853 2.6917643192346538e-05 [-3259.108398438,3797.345947266] -20.677863988292078 -18.86742486456388 7.175132704292667 93.05481741675726 69.30218879857512 -7.848870624186683e-06 2.2195502012531404e-06 -2.769283242342535e-06 2.5198590125205223e-06 -3.2140237500513446e-06 2.536285816895001e-06
315.16842660090794 -11.44514279220769 0.35742188 1.1987305 [315.16842660090794,-11.44514279220769] -27.60421416637599 0.7169573897411736 0.0010046736687775964 2.6768686941487538e-05 [-3256.041992188,3788.840087891] -20.66252310820333 -18.81296498736403 7.148221624383073 93.06000172080121 69.22982044852233 -6.65983163930822e-06 2.0559964669117064e-06 -1.6747621743868895e-06 2.4374856067628824e-06 -2.1209891750058377e-06 2.4479994012472552e-06
316.7749327498782 -7.833054068169673 0.41992188 1.8310547 [316.7749327498782,-7.833054068169673] -11.650650573913122 0.31230313371286883 0.0017918442236101383 2.0796262765569102e-05 [-426.9541015625,-2720.134765625] -21.273504150591055 -17.24393682059383 6.686193625202697 95.21751262067892 12.37135510099779 -2.274302106423999e-06 1.4074190125545559e-06 1.878459577892713e-06 1.910352110614825e-06 1.0918551382136043e-06 1.897313623980174e-06
316.7759094663699 -7.83165069827333 0.41992188 1.8310547 [316.7759094663699,-7.83165069827333] -10.66865734419805 0.3159608084924451 0.0017714172568916455 2.079997393826513e-05 [-425.2138671875,-2722.661132812] -21.273504150591055 -17.24393682059383 6.686193625202697 95.21498039169296 12.346971666405352 -2.0826090111185947e-06 1.4011314573747199e-06 2.070152673198118e-06 1.914579892003529e-06 1.283548233519009e-06 1.8998847336078103e-06
