data_processed/hvc_rms/hvc_rms_index_8.ecsv
# %ECSV 1.0
# ---
# datatype:
# - {name: ra_dec_obj.ra, unit: deg, datatype: float64}
# - {name: ra_dec_obj.dec, unit: deg, datatype: float64}
# - {name: 'H-alpha flux [Error]', unit: R, datatype: float32}
# - {name: H-alpha flux, unit: R, datatype: float32}
# - {name: ra_dec_deg, datatype: string, subtype: 'float64[2]'}
# - {name: RM, unit: rad / m2, datatype: float64}
# - {name: RM_uncert, unit: rad / m2, datatype: float64}
# - {name: pol_int, datatype: float64}
# - {name: pol_int_uncert, datatype: float64}
# - {name: ra_dec_pix_offsets, datatype: string, subtype: 'float64[2]'}
# - {name: interpolation_raw, unit: rad / m2, datatype: float64}
# - {name: interpolation_cor, unit: rad / m2, datatype: float64}
# - {name: interpolation_unc, unit: rad / m2, datatype: float64}
# - {name: pixel location x, datatype: float64}
# - {name: pixel location y, datatype: float64}
# meta: !!omap
# - __serialized_columns__:
#     ra_dec_obj:
#       __class__: astropy.coordinates.sky_coordinate.SkyCoord
#       dec: !astropy.table.SerializedColumn
#         __class__: astropy.coordinates.angles.Latitude
#         unit: &id001 !astropy.units.Unit {unit: deg}
#         value: !astropy.table.SerializedColumn {name: ra_dec_obj.dec}
#       frame: icrs
#       ra: !astropy.table.SerializedColumn
#         __class__: astropy.coordinates.angles.Longitude
#         unit: *id001
#         value: !astropy.table.SerializedColumn {name: ra_dec_obj.ra}
#         wrap_angle: !astropy.coordinates.Angle
#           unit: *id001
#           value: 360.0
#       representation_type: spherical
# schema: astropy-2.0
ra_dec_obj.ra ra_dec_obj.dec "H-alpha flux [Error]" "H-alpha flux" ra_dec_deg RM RM_uncert pol_int pol_int_uncert ra_dec_pix_offsets interpolation_raw interpolation_cor interpolation_unc "pixel location x" "pixel location y"
105.84905989749574 -53.61824790176201 4.375 31.742188 [105.84905989749574,-53.61824790176201] -4.044307664582571 1.3267464368674655 0.00038788719264555636 1.9125027720758706e-05 [2508.37109375,-3747.526367188] 49.92579721207959 56.08851873729992 16.573367273693503 22.790387588663407 35.22053414648781
105.89557664893843 -53.85887154756089 3.984375 27.90625 [105.89557664893843,-53.85887154756089] -7.202030797658288 2.1911364920712004 0.00021880961770834125 1.7817408712014833e-05 [2543.396484375,-3313.217773438] 49.29625750579735 56.9112864489705 15.210666265590982 22.158507043462578 32.20404811437288
107.21763614615998 -56.10544199715279 3.546875 23.539062 [107.21763614615998,-56.10544199715279] -31.661012719923804 0.8134702303727359 0.0006227115596498235 1.882510014144467e-05 [3730.142578125,786.0922851562] 50.106057717475224 54.11013048493407 15.24982760392952 21.906575265050378 1.9423141384750124
106.81923668161281 -54.334201696449355 3.6875 24.867188 [106.81923668161281,-54.334201696449355] -10.13104693208466 3.182753386130234 0.0001522564164568808 1.8008904537145995e-05 [3482.595458984,-2418.540039062] 47.823420400199595 57.073199477549046 13.363451937245612 26.405551104791016 24.201563701781197
108.30590814850869 -55.9702719539316 3.96875 27.625 [108.30590814850869,-55.9702719539316] -26.560058848992366 1.4478229858319636 0.00046092502290603205 2.4800158495395038e-05 [4836.419189453,610.4580078125] 51.461536784247116 50.523744047922335 15.029926660601312 29.321470555513542 0.9502464887286806
106.76578531039479 -55.185169215481196 3.5625 23.5625 [106.76578531039479,-55.185169215481196] -24.1127557266382 3.153706981572211 0.00014825986141284945 1.73761530223926e-05 [3355.322753906,-891.37109375] 53.347841696246554 56.75705806656963 15.124467084655388 22.661876386374615 14.102272968247007
104.6110153903096 -53.36401759980333 4.03125 28.171875 [104.6110153903096,-53.36401759980333] -25.856480333432838 0.6606027057640323 0.000863756483677817 2.120510228776975e-05 [1194.280273438,-4237.711914062] 48.021574511958875 50.28280476235865 14.147381047619204 15.395678237344669 41.31660146611512
104.61434167024957 -53.3471147966603 4.03125 28.171875 [104.61434167024957,-53.3471147966603] -21.63787207010022 0.4943586232103674 0.001159887627363569 2.130917975938552e-05 [1198.327148438,-4268.049804688] 48.021574511958875 50.28280476235865 14.147381047619204 15.481947861453477 41.51418205930986
104.60868820880462 -53.3483734770019 4.03125 28.171875 [104.60868820880462,-53.3483734770019] -23.841052820516627 1.2467931477689012 0.0004587499083017575 2.1255880528230325e-05 [1192.218261719,-4265.883789062] 48.021574511958875 50.28280476235865 14.147381047619204 15.43875526172485 41.51244092401839
105.23204039531791 -55.08896254723531 3.34375 21.398438 [105.23204039531791,-55.08896254723531] 15.280031441504264 0.8856699649083829 0.0004911935910328398 1.6167144193880512e-05 [1784.984375,-1121.266601562] 49.42747897683201 51.67493613747261 12.621304313793758 13.06631423244869 18.861709192888384
105.24273671643553 -55.08869162090375 3.34375 21.398438 [105.24273671643553,-55.08869162090375] 21.04526352136637 2.93310797397563 0.0001483940315363835 1.6175331411279235e-05 [1796.010253906,-1121.478027344] 49.42747897683201 51.67493613747261 12.621304313793758 13.137135970871668 18.84057543989934
104.0435332760753 -55.45694342014898 3.265625 20.625 [104.0435332760753,-55.45694342014898] -8.98382968969544 0.31379916675605213 0.001386487737012103 1.616875282603803e-05 [555.7465820312,-479.0322265625] 47.28173720755441 50.18007218558938 13.613847768753857 3.986477905630295 16.98676466813413
107.45262902453068 -55.327735859182184 3.9375 27.40625 [107.45262902453068,-55.327735859182184] -20.207436651485096 1.4169472209073208 0.0003489138774584302 1.8373023056391786e-05 [4045.229736328,-598.45703125] 49.274568059499 52.21122880613606 13.89832286574635 26.51933031470037 10.724870093279605
106.97663883447703 -53.466823704668975 4.75 35.453125 [106.97663883447703,-53.466823704668975] -2.590908338066125 2.13968931158392 0.0002599624457450236 2.0671406842758754e-05 [3723.997802734,-3969.004882812] 50.91273290498093 58.83027240227806 16.455576901689724 30.975357298771883 34.18367855250153
108.04155736266549 -55.0472870648305 3.984375 27.828125 [108.04155736266549,-55.0472870648305] -7.282749590230408 0.26170161713524986 0.0022015202465718595 2.141104150312547e-05 [4679.443603516,-1065.26171875] 55.17553091064573 54.56359059719298 16.10217852081116 31.461274049466738 12.614858260442134
103.96345509945262 -54.15591432912319 3.421875 22.148438 [103.96345509945262,-54.15591432912319] 0.058495156540202965 2.984833349273774 0.00014486021769233336 1.6068595752196347e-05 [489.498046875,-2821.075195312] 43.71143151846418 45.899474128420266 12.717743736277331 8.103084666120253 33.15585640309973
105.52918242574955 -54.69560623212848 3.328125 21.289062 [105.52918242574955,-54.69560623212848] 44.67185990167934 0.7593360840391321 0.0005784043997524028 1.6322035920109634e-05 [2111.428710938,-1820.630859375] 50.39001067514401 52.57566618150945 13.453928063580905 16.496253330414675 22.958504406755992
103.9698866601158 -56.28140272077497 3.125 19.320312 [103.9698866601158,-56.28140272077497] -1.583487271050788 2.0172203346113373 0.00021346934070863596 1.6002857918654697e-05 [470.5083007812,1004.393554688] 50.982408138565965 50.34651600970011 14.454002856876809 0.6336124840956927 6.964419377834702
105.25160998075141 -53.22344599096806 4.21875 30.296875 [105.25160998075141,-53.22344599096806] -9.999517750986167 1.6779117428776862 0.00036826179717822056 2.2963309796584924e-05 [1888.333007812,-4476.232421875] 50.11858124932567 55.200239664921696 14.673393229667354 20.288273420954056 41.4637714099988
104.43478388070612 -55.369987611306364 3.109375 19.09375 [104.43478388070612,-55.369987611306364] -22.110514834934406 0.28864277313854664 0.0015223058961834931 1.6329441115905128e-05 [957.1430664062,-631.279296875] 46.95680537059757 50.241800217296124 13.00013937317671 6.841194594472199 17.20743145855613
107.23728938755352 -54.80530920114145 3.859375 26.554688 [107.23728938755352,-54.80530920114145] -0.9223720361936139 1.2018047323087235 0.0004115483971277271 1.838076266932024e-05 [3875.471679688,-1549.623535156] 46.276324708735515 52.81013476161796 14.99995165183703 27.242620138346638 17.51539598070849
105.12691498421991 -53.98913965143323 3.65625 24.53125 [105.12691498421991,-53.98913965143323] -9.70032593046604 0.36806917766773367 0.0012192042543337936 1.6676873077696044e-05 [1722.515625,-3102.579101562] 45.497572184294455 51.350011094387995 12.80040177378511 16.512725326107102 32.487018683830456
105.12713644105234 -53.99032995444677 3.65625 24.53125 [105.12713644105234,-53.99032995444677] -10.323653952770837 0.41122944321474064 0.0010922350650798423 1.6692024746258613e-05 [1722.700683594,-3100.432617188] 45.497572184294455 51.350011094387995 12.80040177378511 16.509688681811213 32.47203713956833
104.62924954251163 -54.3472974900569 3.234375 20.320312 [104.62924954251163,-54.3472974900569] -78.03969061439994 2.9334037501618737 0.00014781002486469872 1.6113297890594987e-05 [1185.694824219,-2468.684570312] 44.61027364856932 49.27794505735236 13.677118916846617 11.849477602700517 29.292018188945576
104.4104994794641 -55.805736486733174 3.15625 19.617188 [104.4104994794641,-55.805736486733174] -35.43754030809451 1.4927873607245596 0.00028983378768836134 1.607887522037564e-05 [922.0234375,152.6665039062] 51.3717148428422 53.72579995596102 14.31679736073077 5.12581580238907 11.904464393201351
105.6690751610068 -55.82804101777212 3.3125 21.046875 [105.6690751610068,-55.82804101777212] -13.748786833866486 0.18607946695210495 0.0024348921629056526 1.683785977054332e-05 [2193.457519531,221.0649414062] 49.24070156543382 55.05278466990757 14.641385815936772 13.126994743328964 8.864980792248843
104.23931125186624 -55.316150718240124 3.171875 19.765625 [104.23931125186624,-55.316150718240124] -12.87215137987824 1.1814891809303367 0.0003688906871926071 1.6197058235163695e-05 [758.2451171875,-730.591796875] 46.21892922487344 48.78395907719316 13.808730954940046 5.760873811849251 18.29593405820333
106.90836331969427 -54.33652872534279 3.75 25.445312 [106.90836331969427,-54.33652872534279] -15.80949239013105 0.8069992140108837 0.000606404781504905 1.8186303393903152e-05 [3575.770507812,-2409.822265625] 48.088072722495525 57.713301308517444 13.220400012767179 26.983574912385734 23.951580285762475
107.94585428509541 -56.00852971736323 3.84375 26.507812 [107.94585428509541,-56.00852971736323] -56.04064274162735 2.217412815639988 0.00026220023272995746 2.1606694390463274e-05 [4470.486328125,655.0083007812] 48.978967644872704 49.16326897984973 16.000384970248355 26.893545108583112 1.3697466601574888
105.49604033479737 -54.003826215000345 3.46875 22.664062 [105.49604033479737,-54.003826215000345] 5.575646508525508 2.6647880902119825 0.00017131335446889424 1.6965341296587316e-05 [2112.216308594,-3065.961914062] 46.88464725695925 53.708577016735845 12.988061465281769 18.924722842919323 31.424619508529304
106.27131652718091 -55.58233268311189 3.5 23.023438 [106.27131652718091,-55.58233268311189] -8.50149362337712 0.398738163281172 0.0011666125277744854 1.7287139756396935e-05 [2819.434082031,-199.1713867188] 48.06592894824788 55.930083686973035 15.129132021655858 17.923316470840632 10.472997223971333
104.8830643698715 -54.43452474227199 3.25 20.507812 [104.8830643698715,-54.43452474227199] -5.255200854489251 0.9038500659672049 0.0004825888706822548 1.6209977026253887e-05 [1448.84375,-2306.924804688] 45.98999587455962 50.175031447754705 13.545870355890102 13.211959696950203 27.641291090734057
106.0525817459662 -55.24469755425855 3.46875 22.695312 [106.0525817459662,-55.24469755425855] 8.646993165068643 0.44650223943939815 0.0010265312599561664 1.7033524662598714e-05 [2619.416992188,-815.03515625] 51.2510434621682 53.99279415354231 14.08597578742506 17.81232589455135 15.07310282606295
106.04143526837298 -55.237442068791246 3.46875 22.695312 [106.04143526837298,-55.237442068791246] 8.360227807591738 0.1756031269526013 0.002590646529135825 1.6906320960019024e-05 [2608.466308594,-828.505859375] 51.2510434621682 53.99279415354231 14.08597578742506 17.767990763913303 15.187071359913261
106.07003764147387 -55.250537883928565 3.46875 22.695312 [106.07003764147387,-55.250537883928565] 9.77034114415806 0.742254071405593 0.00061587386212236 1.698842293860018e-05 [2636.923828125,-803.8686523438] 51.2510434621682 53.99279415354231 14.08597578742506 17.90295828994988 14.961532504554498
107.20739746129853 -53.84732419383317 4.3125 30.976562 [107.20739746129853,-53.84732419383317] 1.4460249945873245 2.1670069121101982 0.00023520179986239218 1.894129380303153e-05 [3935.102050781,-3272.704101562] 47.75922850848422 58.659977512538724 15.273250782554245 30.95532007784027 29.04695681886892
107.20452887374418 -53.83968333971469 4.3125 30.976562 [107.20452887374418,-53.83968333971469] 17.20933317130809 3.157194116668642 0.0001602380344516595 1.8800768293842435e-05 [3932.779785156,-3286.59375] 47.75922850848422 58.659977512538724 15.273250782554245 30.96764078016895 29.14552328337095
107.69847104644545 -54.73365031853717 3.921875 27.203125 [107.69847104644545,-54.73365031853717] -5.086726953570728 2.060500945229712 0.0002643004004901316 2.0238547595613302e-05 [4360.486328125,-1651.0] 50.46096864784958 55.223207172095464 16.137486161084464 30.537077857183476 17.219545981616875
104.682456889274 -55.07475280625984 3.34375 21.460938 [104.682456889274,-55.07475280625984] -5.720435230379051 0.672965795822497 0.0006464883925071398 1.6168228048383232e-05 [1219.450683594,-1158.736328125] 45.99082982832282 48.76838225115581 13.294162628427875 9.527059909081004 20.27828038647567
107.02043907069667 -55.15947735776207 3.65625 24.53125 [107.02043907069667,-55.15947735776207] -21.76219899311145 2.727918092471889 0.00017261348048094006 1.74990607510335e-05 [3618.894042969,-924.755859375] 50.44567945232962 54.34512833643114 14.693787178846009 24.4106565861091 13.796793499717978
107.01760871813076 -55.16743857912764 3.65625 24.601562 [107.01760871813076,-55.16743857912764] -22.470082825308594 1.5359118002230892 0.00030485766119290827 1.7400915324868542e-05 [3615.267333984,-910.5922851562] 50.225206977760216 54.13948708202753 14.611912934889403 24.36055059114392 13.707962673779548
107.77999111884824 -54.760238575963335 3.90625 27.078125 [107.77999111884824,-54.760238575963335] 0.14610380198255685 1.677625608846708 0.0003274599963343224 2.0415593170681278e-05 [4442.060058594,-1598.062988281] 51.83181202518734 55.730402399419546 16.20210380892336 30.95742368406036 16.696618542571287
108.42194368944033 -54.44956194745011 4.28125 30.960938 [108.42194368944033,-54.44956194745011] -28.92684735302922 0.33213293022234885 0.002342074877636453 2.8908224304658176e-05 [5145.751342773,-2111.58984375] 53.27021165209462 56.770149876779264 16.19334373925111 36.44048207717174 18.742115407244455
108.42362217202783 -54.44242465058555 4.3125 31.0 [108.42362217202783,-54.44242465058555] -27.03594512389825 0.23808937385305 0.0032786624485275774 2.900984595404626e-05 [5148.39855957,-2124.27734375] 52.837225298849376 56.91996740969279 16.221176894139717 36.48175874017056 18.822307244193325
104.06455246885248 -55.75555045389904 3.125 19.226562 [104.06455246885248,-55.75555045389904] -19.817744226678286 1.8844709139498041 0.0002295387055303163 1.6075114313849583e-05 [572.8286132812,58.6123046875] 49.883494463845444 52.971945809918836 13.497244288494619 3.0720608802458855 13.260991622037864
106.38034063543624 -53.37867332979933 4.59375 33.8125 [106.38034063543624,-53.37867332979933] -27.81869037053202 1.110614613024364 0.0005302117024334161 2.188373240324594e-05 [3092.441894531,-4156.689453125] 50.904886102825 56.605756865566796 17.367663146222355 27.32080157239534 36.76747863826586
106.4827346744882 -55.62566763083222 3.546875 23.414062 [106.4827346744882,-55.62566763083222] -0.4784376707521024 1.2477180962616286 0.0003778406870926143 1.751999183363748e-05 [3030.91015625,-112.3193359375] 47.12159737255403 55.628880039407434 15.38120624693903 19.112223619775705 9.455970400748129
108.32815553511877 -55.73052227302713 4.09375 28.820312 [108.32815553511877,-55.73052227302713] -53.25669803882897 1.0830985838120062 0.0006099963119998748 2.4552962495589992e-05 [4888.809814453,181.5122070312] 53.901789638163685 51.04929521207069 16.40763061083566 30.45567411240279 3.755475046023548
104.21850607878743 -55.05917367683746 3.0625 18.679688 [104.21850607878743,-55.05917367683746] -5.974305810618705 0.854267779701204 0.0005073068678776056 1.6105472529683726e-05 [741.6987304688,-1193.329101562] 45.35623379680012 46.78487344035847 14.82149270878731 6.543827926049289 21.499576623390567
105.4554138152621 -56.49146654279376 3.4375 22.390625 [105.4554138152621,-56.49146654279376] -32.59076224027818 1.6777341272104282 0.0002684060863094389 1.6734941611655143e-05 [1943.737304688,1408.2890625] 50.039626745181664 54.92031945824053 16.778486563068753 9.309498417606505 1.2365440010155453
105.45866397470114 -56.492557395987795 3.4375 22.390625 [105.45866397470114,-56.492557395987795] -26.252068991688507 2.2277620119020836 0.00020263736019677527 1.677633216295765e-05 [1946.909179688,1410.342773438] 50.039626745181664 54.92031945824053 16.778486563068753 9.325998995389455 1.2161487035004939
105.222473363908 -53.143070202840114 4.1875 29.976562 [105.222473363908,-53.143070202840114] -18.819384618174894 2.1366579743631187 0.0003100397132315139 2.4618468809578056e-05 [1860.4296875,-4621.509765625] 50.06417621776512 55.11623157409173 14.726128633318096 20.400847819866726 42.50762851240552
