data_processed/hvc_rms/hvc_rms_index_15.ecsv
# %ECSV 1.0
# ---
# datatype:
# - {name: ra_dec_obj.ra, unit: deg, datatype: float64}
# - {name: ra_dec_obj.dec, unit: deg, datatype: float64}
# - {name: 'H-alpha flux [Error]', unit: R, datatype: float32}
# - {name: H-alpha flux, unit: R, datatype: float32}
# - {name: ra_dec_deg, datatype: string, subtype: 'float64[2]'}
# - {name: RM, unit: rad / m2, datatype: float64}
# - {name: RM_uncert, unit: rad / m2, datatype: float64}
# - {name: pol_int, datatype: float64}
# - {name: pol_int_uncert, datatype: float64}
# - {name: ra_dec_pix_offsets, datatype: string, subtype: 'float64[2]'}
# - {name: interpolation_raw, unit: rad / m2, datatype: float64}
# - {name: interpolation_cor, unit: rad / m2, datatype: float64}
# - {name: interpolation_unc, unit: rad / m2, datatype: float64}
# - {name: pixel location x, datatype: float64}
# - {name: pixel location y, datatype: float64}
# meta: !!omap
# - __serialized_columns__:
#     ra_dec_obj:
#       __class__: astropy.coordinates.sky_coordinate.SkyCoord
#       dec: !astropy.table.SerializedColumn
#         __class__: astropy.coordinates.angles.Latitude
#         unit: &id001 !astropy.units.Unit {unit: deg}
#         value: !astropy.table.SerializedColumn {name: ra_dec_obj.dec}
#       frame: icrs
#       ra: !astropy.table.SerializedColumn
#         __class__: astropy.coordinates.angles.Longitude
#         unit: *id001
#         value: !astropy.table.SerializedColumn {name: ra_dec_obj.ra}
#         wrap_angle: !astropy.coordinates.Angle
#           unit: *id001
#           value: 360.0
#       representation_type: spherical
# schema: astropy-2.0
ra_dec_obj.ra ra_dec_obj.dec "H-alpha flux [Error]" "H-alpha flux" ra_dec_deg RM RM_uncert pol_int pol_int_uncert ra_dec_pix_offsets interpolation_raw interpolation_cor interpolation_unc "pixel location x" "pixel location y"
148.70362883975193 -50.60839837605091 3.171875 19.710938 [148.70362883975193,-50.60839837605091] -28.012752880921894 2.7987040031664177 0.00018118982343153582 1.8845144589906396e-05 [-3036.465820312,-862.1713867188] -7.56680565599266 -16.794153475949656 28.447255222569172 6.332756915662685 7.132434561261107
148.69386265412123 -50.62228386692998 3.21875 20.125 [148.69386265412123,-50.62228386692998] -32.63768320948805 2.534507261912283 0.0001984193953390622 1.8689012947845836e-05 [-3046.709960938,-836.791015625] -7.59058022226842 -17.913640783601892 28.57541495758823 6.1559685424163035 7.087207146096034
150.14450059357907 -49.17450342245829 2.875 16.78125 [150.14450059357907,-49.17450342245829] -17.631501990605503 0.4151988931097385 0.0013143258753222683 2.027999988546343e-05 [-1433.52734375,-3485.5390625] -13.450218309872003 -10.280136548241053 22.391661740524427 26.75421460403004 8.89132881379146
148.13468968168155 -50.17413699778731 3.03125 18.242188 [148.13468968168155,-50.17413699778731] -5.665342936936279 1.6800858247817427 0.0003175176630273863 1.9824765559683472e-05 [-3719.430664062,-1617.044921875] 1.4208035073568903 -8.97656385361813 22.934757603426423 7.688417792934615 13.795150413547162
148.02923590673126 -49.99978265614657 2.828125 16.234375 [148.02923590673126,-49.99978265614657] -7.618122141970451 1.4632714873760906 0.0003687720356977074 2.0053565187256404e-05 [-3854.801757812,-1925.097167969] 0.7957217686867395 -6.963864037011586 22.85427121695995 8.807138910797448 15.743730684494722
151.2099914045049 -49.28982165572061 3.09375 18.914062 [151.2099914045049,-49.28982165572061] 42.64911741658961 2.7879712246559203 0.0001847869674228411 1.914557122248039e-05 [-179.3833007812,-3289.771484375] -15.901198945189437 -13.887159636979042 26.58866901462494 30.654759693592496 1.3533731396148596
149.62100243836852 -48.54669554104535 2.9375 17.414062 [149.62100243836852,-48.54669554104535] -78.69289127074204 0.9926292595711992 0.0007804397795776069 2.8789569675964667e-05 [-2075.233398438,-4602.010742188] -15.306938144159261 -4.450425878523852 24.971869977512696 30.213683516550645 16.7855225722476
150.53227227985576 -49.72990058374523 3.34375 21.507812 [150.53227227985576,-49.72990058374523] 48.62390956236345 2.3774075727507147 0.00020601435674099262 1.820161112379444e-05 [-966.263671875,-2492.668945312] -12.248490186475024 -13.28196957805308 24.81109704633017 23.265092285771743 2.4367496066402055
151.00810238327898 -49.51391985581396 3.75 25.484375 [151.00810238327898,-49.51391985581396] 38.053771131252425 1.544669581498247 0.00032205411654928824 1.8487285673405756e-05 [-414.501953125,-2885.760742188] -15.260262546227679 -11.33796578574919 25.843290944809223 27.555282467480538 1.019855792823364
149.75381504637318 -49.53538876578153 3.140625 19.382812 [149.75381504637318,-49.53538876578153] -22.122129627815603 2.6024804732687854 0.0001970941955561572 1.906206812186011e-05 [-1879.284179688,-2827.571289062] -8.999601610711043 -11.37515584193643 23.696725211715396 21.459249248769083 8.683289965445738
147.76989744104537 -50.2266196478232 3.25 20.484375 [147.76989744104537,-50.2266196478232] -51.99738424844759 0.8156758474409581 0.000683538728598386 2.0719984789980417e-05 [-4134.67578125,-1503.219726562] 7.3752978495099875 -9.844104124019424 23.003969217229773 5.435895066520288 15.579333858626342
148.34321562561476 -50.51223759506709 3.25 20.46875 [148.34321562561476,-50.51223759506709] -84.23991250995383 2.6392338831570004 0.00019699651569107148 1.9321690719334017e-05 [-3454.70703125,-1019.227539062] -4.658442161643381 -16.371568508908485 26.151452397477573 5.524310494552992 10.004574863486823
150.17550642745408 -49.2734258056991 2.890625 16.96875 [150.17550642745408,-49.2734258056991] -36.12966129103974 0.257945816199361 0.0020471433964876066 1.962390605482943e-05 [-1394.252929688,-3308.1953125] -13.918251637633585 -11.013219300745618 22.720796230422238 25.956721420961458 7.97601369670565
147.49211137835047 -49.50483327267509 2.921875 17.203125 [147.49211137835047,-49.50483327267509] -42.67240558758801 1.345089369274055 0.00045694574740075386 2.2841492782285372e-05 [-4520.94921875,-2784.140625] -5.10942950200146 -9.996907638269677 22.99499072026612 10.782946169617162 22.73498794443435
151.23246746797318 -49.31918715464104 3.0625 18.671875 [151.23246746797318,-49.31918715464104] 40.26427375141297 1.8094708791864187 0.00028218043019190894 1.897523628454714e-05 [-152.904296875,-3236.991210938] -16.60279703375034 -14.390764892076987 26.975940764727216 30.475579902137042 1.0012968443420505
148.83734146007774 -50.60076915521384 3.171875 19.726562 [148.83734146007774,-50.60076915521384] 16.12530755685467 2.463624999243922 0.00020348015557256112 1.8629678773660455e-05 [-2884.348632812,-881.2749023438] -7.1623768095969655 -15.803664609435222 28.416051742188795 7.036077491170545 6.3892343600034565
151.34359752517662 -49.196601967382335 3.015625 18.140625 [151.34359752517662,-49.196601967382335] 12.671970634020543 1.3095621914667577 0.0004009322911547442 1.9512183293066298e-05 [-22.57177734375,-3457.662109375] -15.010563547424885 -14.722530315432305 26.72017793457622 32.176189808118124 1.1732977835649763
150.364608429238 -49.31009305538484 3.109375 19.085938 [150.364608429238,-49.31009305538484] 39.001385852426516 2.7937125046098186 0.00018366401223080114 1.9068410042668755e-05 [-1171.337890625,-3245.533203125] -15.318807134078302 -11.935619206265741 23.207208727600197 26.50052829630681 6.526074955707827
150.9755706859109 -48.84038138917475 3.25 20.492188 [150.9755706859109,-48.84038138917475] -19.737256125316172 2.780175449646162 0.00023110895420684667 2.387798524418152e-05 [-458.7338867188,-4097.21875] 0.4466348838008749 -6.8081371236162305 24.63126936853685 33.89130216595345 6.064090224743495
148.53581204551116 -49.58296191318814 2.859375 16.546875 [148.53581204551116,-49.58296191318814] -56.519232593114474 1.8865433429978922 0.0002874964175984293 2.015616607860818e-05 [-3297.798828125,-2699.15234375] -5.677624622898877 -9.455188722386442 21.563199412644504 15.164342189636727 15.813222941545064
148.43672180074608 -48.66731661261811 3.5 23.054688 [148.43672180074608,-48.66731661261811] -44.056549650092784 0.3938676183148899 0.0017989445010550861 2.633156944951573e-05 [-3476.928710938,-4340.514648438] -12.43553752456335 -3.8663194953944036 22.8504842361842 23.264904853130474 23.29680195497781
148.44599897795933 -48.67500315716251 3.25 20.46875 [148.44599897795933,-48.67500315716251] -41.85440300227808 0.292213381971233 0.002412315690418022 2.6196480362436803e-05 [-3465.385742188,-4327.139648438] -13.055647796979622 -4.826233363549488 22.321234364944353 23.238815146107754 23.181425204045354
148.43904135073245 -48.669300291651396 3.5 23.054688 [148.43904135073245,-48.669300291651396] -38.45136561714313 1.1118300924058164 0.0006390211713694876 2.6403553166125276e-05 [-3474.038085938,-4337.059570312] -12.43553752456335 -3.8663194953944036 22.8504842361842 23.2578044900813 23.267488428899924
150.1219938629806 -48.91712952383966 2.84375 16.398438 [150.1219938629806,-48.91712952383966] -25.183288893396817 1.220501181483236 0.0004936491641400272 2.2390578439879394e-05 [-1467.587890625,-3948.001953125] -12.235445467655515 -8.88866296796607 24.052985309514963 29.10371044655244 10.91094467995049
149.35714689799076 -50.10236360294205 2.765625 15.628906 [149.35714689799076,-50.10236360294205] -40.38227997160827 2.7812332783752325 0.00018128913052814806 1.8737769250871746e-05 [-2315.125,-1796.273925781] -5.961303943106076 -10.678485428042134 24.979943615200614 14.198724430297943 6.945040459826259
150.9665068621455 -48.84643569871253 3.25 20.492188 [150.9665068621455,-48.84643569871253] -15.802529844711255 1.3813873749704426 0.00046240956624058334 2.3738375523448836e-05 [-469.4145507812,-4086.272460938] 0.4466348838008749 -6.8081371236162305 24.63126936853685 33.79028765854832 6.078228379136817
147.28582788213774 -50.06249248158363 3.546875 23.453125 [147.28582788213774,-50.06249248158363] -70.7464384462713 1.6071200771309924 0.00039111252684605923 2.3359242532412974e-05 [-4706.985351562,-1769.130371094] 8.11033766357823 -9.26543763259828 24.21753816406802 4.60008683401179 19.712425578421744
147.28585797842902 -50.06311417063274 3.546875 23.453125 [147.28585797842902,-50.06311417063274] -70.81062929006374 1.6260885413027388 0.0003879102694785694 2.3441433688896256e-05 [-4706.889648438,-1768.015136719] 8.11033766357823 -9.26543763259828 24.21753816406802 4.594479774928004 19.70749285047964
149.31796246282076 -50.88060008781318 3.28125 20.734375 [149.31796246282076,-50.88060008781318] -141.71266106746734 2.700252994777081 0.00018245305684415483 1.830898646282909e-05 [-2321.7578125,-394.833984375] 1.226774055277207 -13.371013737524724 26.95477438425471 6.643417581881977 1.4381618158517995
148.9448088312567 -50.87825404730936 3.40625 22.09375 [148.9448088312567,-50.87825404730936] -118.91234693646867 2.1163773938008705 0.0002352068857857899 1.8499153194226693e-05 [-2745.360351562,-386.205078125] -2.769565551251405 -17.57982627148991 28.12406517388049 4.9251270709660275 3.6841167504067016
146.92472863997625 -49.41952906387476 2.859375 16.539062 [146.92472863997625,-49.41952906387476] -44.5640134941825 0.9470021749319207 0.0008237719284712727 2.899123178193781e-05 [-5191.443359375,-2899.943359375] 9.614650758812235 -4.379871401648332 27.236232297481052 8.750568162871332 26.803808885071703
146.92350782294784 -49.41924675273194 2.859375 16.5625 [146.92350782294784,-49.41924675273194] -45.74009806710666 0.838397352246846 0.0009319304629505479 2.9036355800411877e-05 [-5192.8984375,-2900.364257812] 9.952408745502762 -4.657573761870095 27.354778812191633 8.747065584494521 26.813312315912754
148.42503330330086 -49.24368642348963 2.8125 16.125 [148.42503330330086,-49.24368642348963] -57.58041140030237 2.409989652522469 0.00022985072782564752 2.058589552438106e-05 [-3450.692382812,-3304.040039062] -5.267828635182223 -8.052724130773182 22.314492277681982 17.806553122898777 19.03652450490881
148.82601954457493 -49.74893925703302 2.921875 17.25 [148.82601954457493,-49.74893925703302] -87.82630109645255 3.282662343609626 0.00016170981434363582 1.9727465608629024e-05 [-2949.408203125,-2413.002929688] -5.0424309527174715 -9.083458849047233 22.398105571792083 15.005118742247305 12.80305651267804
150.0401459835695 -49.79037070917215 3.359375 21.648438 [150.0401459835695,-49.79037070917215] 27.16969891106002 0.7358887099389796 0.0006689254526649178 1.8293574120398777e-05 [-1536.833007812,-2375.489257812] -14.470147831010454 -15.881104890138548 24.930050569511412 20.383164736034587 5.046937373752598
150.0397034043424 -49.78429797289555 3.359375 21.648438 [150.0397034043424,-49.78429797289555] 32.338560591199354 0.962962751352698 0.0005121458275632347 1.832786302376494e-05 [-1537.540039062,-2386.40625] -14.470147831010454 -15.881104890138548 24.930050569511412 20.43902232297728 5.093990729095367
148.91075148708686 -49.75533670869003 3.125 19.171875 [148.91075148708686,-49.75533670869003] -78.21494766111903 2.897699119332656 0.0001807890098580063 1.9468568439089694e-05 [-2850.578125,-2404.836914062] -4.43724163764902 -8.791223890644092 22.807861924411373 15.351810831422881 12.238573623856837
148.02786282185582 -49.15901161013126 2.875 16.804688 [148.02786282185582,-49.15901161013126] -63.83670913816755 1.9355621957144415 0.0003083119821220525 2.2177175720099866e-05 [-3923.427734375,-3436.333984375] -10.030677790376574 -10.320038805232802 23.053666503064626 16.64652230295519 22.10720628437707
148.04614224889704 -49.16349037727242 2.875 16.804688 [148.04614224889704,-49.16349037727242] -56.99889514353991 1.021760300301291 0.0005840859413768641 2.2178618001170736e-05 [-3901.59375,-3429.256835938] -10.030677790376574 -10.320038805232802 23.053666503064626 16.694930415646013 21.961540707912036
148.03755165248606 -49.16195311054403 2.875 16.804688 [148.03755165248606,-49.16195311054403] -62.15230527469748 2.709661014056343 0.0002210881626109252 2.2263280414518608e-05 [-3911.809570312,-3431.563476562] -10.030677790376574 -10.320038805232802 23.053666503064626 16.66689030219186 22.025705440747515
149.96794086990417 -49.860447055870665 3.328125 21.257812 [149.96794086990417,-49.860447055870665] 13.139523286910402 1.2603875266689863 0.0003915056143443231 1.8337950416462735e-05 [-1618.368164062,-2247.856445312] -13.50790609087211 -14.971402606010557 25.058331471110716 19.375585632915318 4.980639975642362
149.9727020330353 -49.84376149804939 3.328125 21.257812 [149.9727020330353,-49.84376149804939] 10.019392482233421 1.3208651874557313 0.0003693851556419359 1.8132038640461516e-05 [-1613.40234375,-2277.982421875] -13.50790609087211 -14.971402606010557 25.058331471110716 19.557034080722588 5.07320612980152
150.8766632035696 -49.36775581774097 3.40625 22.023438 [150.8766632035696,-49.36775581774097] 44.45919485708546 2.3301748902647823 0.00021660064384822206 1.8756722984992124e-05 [-569.8061523438,-3147.858398438] -15.505061958432432 -11.100018659419732 25.132694363396382 28.350856916451903 2.8960902833773616
149.0384219078264 -48.79955696984517 2.84375 16.492188 [149.0384219078264,-48.79955696984517] -54.868758781415444 1.3431696124471066 0.0004835522787529539 2.4136983596340566e-05 [-2755.138671875,-4128.314453125] -15.831645969867159 -2.565618550414051 22.163150382364563 24.981629347921398 18.565104966725585
150.66241453881764 -48.63378913564439 3.453125 22.523438 [150.66241453881764,-48.63378913564439] 10.286959270723237 0.6059327131898934 0.0011589578075915912 2.6097609508337272e-05 [-833.1293945312,-4466.001953125] 6.034052984281322 0.6837120686037501 24.153352336389858 34.39367841357944 9.548520648837439
150.66798389332436 -48.639290070217875 3.453125 22.523438 [150.66798389332436,-48.639290070217875] 6.44667084148975 1.0665147412988352 0.0006586258338170685 2.6104436762728624e-05 [-826.4145507812,-4456.172851562] 6.034052984281322 0.6837120686037501 24.153352336389858 34.36740475393685 9.473239398503665
150.67280579426523 -49.31507482114716 3.578125 23.71875 [150.67280579426523,-49.31507482114716] 112.83263364694338 2.153543657069678 0.00023642389175755778 1.8921420850535425e-05 [-809.6147460938,-3240.72265625] -15.371225794617656 -10.964113970884817 24.09300357706784 27.903090393737784 4.557196127232828
149.65710416881151 -48.56494878298218 2.90625 17.101562 [149.65710416881151,-48.56494878298218] -93.72062138613788 2.5762714988994895 0.00029487113985029214 2.8231412046417563e-05 [-2031.5,-4570.204101562] -15.234318533508114 -4.348496053836314 25.188399180252105 30.21585806021085 16.423307914506495
150.9520417129394 -48.84301368556671 3.25 20.492188 [150.9520417129394,-48.84301368556671] -8.91959371499284 0.29319093954778563 0.0021879213442605205 2.3839160272524693e-05 [-486.58203125,-4092.333007812] 0.4466348838008749 -6.8081371236162305 24.63126936853685 33.75504296491977 6.194891816978043
149.0202943942301 -51.001850256362424 3.25 20.546875 [149.0202943942301,-51.001850256362424] -177.85864766741028 2.079019185185324 0.00024022990136299833 1.8560696236449267e-05 [-2652.638671875,-166.6181640625] -1.5212793151469484 -17.500908404444942 27.444070721689368 4.111226496597055 2.317434835719723
150.48088064532493 -49.871494307198894 2.984375 17.820312 [150.48088064532493,-49.871494307198894] 38.831888225305825 2.644700490753528 0.0001848617425999824 1.816905089976173e-05 [-1023.052246094,-2237.189453125] -11.400333525960752 -13.325423194196066 24.527589466614078 21.66813304588868 1.7310000133652466
148.58204676380583 -49.57230369332557 3.0 17.945312 [148.58204676380583,-49.57230369332557] -75.41527576607976 0.40986099362587314 0.0013139185876291082 2.001307155985409e-05 [-3244.615234375,-2720.372070312] -4.455048740151896 -9.107368815290354 21.576874306041677 15.488497828711616 15.611033604474414
