data_processed/hvc_rms/hvc_rms_index_24.ecsv
# %ECSV 1.0
# ---
# datatype:
# - {name: ra_dec_obj.ra, unit: deg, datatype: float64}
# - {name: ra_dec_obj.dec, unit: deg, datatype: float64}
# - {name: 'H-alpha flux [Error]', unit: R, datatype: float32}
# - {name: H-alpha flux, unit: R, datatype: float32}
# - {name: ra_dec_deg, datatype: string, subtype: 'float64[2]'}
# - {name: RM, unit: rad / m2, datatype: float64}
# - {name: RM_uncert, unit: rad / m2, datatype: float64}
# - {name: pol_int, datatype: float64}
# - {name: pol_int_uncert, datatype: float64}
# - {name: ra_dec_pix_offsets, datatype: string, subtype: 'float64[2]'}
# - {name: interpolation_raw, unit: rad / m2, datatype: float64}
# - {name: interpolation_cor, unit: rad / m2, datatype: float64}
# - {name: interpolation_unc, unit: rad / m2, datatype: float64}
# - {name: interpolation_cor_unc, unit: rad / m2, datatype: float64}
# - {name: pixel location x, datatype: float64}
# - {name: pixel location y, datatype: float64}
# meta: !!omap
# - __serialized_columns__:
#     ra_dec_obj:
#       __class__: astropy.coordinates.sky_coordinate.SkyCoord
#       dec: !astropy.table.SerializedColumn
#         __class__: astropy.coordinates.angles.Latitude
#         unit: &id001 !astropy.units.Unit {unit: deg}
#         value: !astropy.table.SerializedColumn {name: ra_dec_obj.dec}
#       frame: icrs
#       ra: !astropy.table.SerializedColumn
#         __class__: astropy.coordinates.angles.Longitude
#         unit: *id001
#         value: !astropy.table.SerializedColumn {name: ra_dec_obj.ra}
#         wrap_angle: !astropy.coordinates.Angle
#           unit: *id001
#           value: 360.0
#       representation_type: spherical
# schema: astropy-2.0
ra_dec_obj.ra ra_dec_obj.dec "H-alpha flux [Error]" "H-alpha flux" ra_dec_deg RM RM_uncert pol_int pol_int_uncert ra_dec_pix_offsets interpolation_raw interpolation_cor interpolation_unc interpolation_cor_unc "pixel location x" "pixel location y"
[from data line 99]
212.2951353985857 -32.05902087800793 1.390625 1.9018555 [212.2951353985857,-32.05902087800793] -14.017132631454423 2.8806508482490227 0.00015324042094889457 1.6404865041585025e-05 [-2809.703125,-969.3041992188] -26.484778882624404 -23.777191217052646 6.454424559632874 6.729744830197515 56.82930626393136 47.335051655310735
212.73345977457936 -32.60292814377421 1.375 1.7294922 [212.73345977457936,-32.60292814377421] -19.692482303480457 1.9546288048433178 0.00022118964184835924 1.6067110597134075e-05 [-2128.474609375,-0.58203125] -27.108357720321756 -25.634985681772555 6.525963721794954 7.316908146962119 49.18435882338258 45.10295717030067
213.2879336261062 -32.18147665953297 1.328125 1.3032227 [213.2879336261062,-32.18147665953297] -9.076010181326563 2.88956902895685 0.00014929313831485251 1.6031775568377627e-05 [-1293.884765625,-768.0776367188] -27.083477573314262 -25.41440242898134 6.829947449597681 7.138540650263887 51.98877134935492 37.191341593288826
213.74993891779457 -33.332271477821635 1.3515625 1.5488281 [213.74993891779457,-33.332271477821635] -20.955690281817578 3.2254141165357484 0.00013329814869504202 1.5977848661988262e-05 [-582.4926757812,1299.199707031] -25.98431221324323 -27.413357286454396 6.394093638469315 7.547293116393552 37.42210895323069 37.75476530690503
213.74761948455537 -33.33630363250186 1.3515625 1.5488281 [213.74761948455537,-33.33630363250186] -29.69226921811062 3.319084259285748 0.00013041809968857221 1.6086621693142718e-05 [-585.9536132812,1306.469726562] -25.98431221324323 -27.413357286454396 6.394093638469315 7.547293116393552 37.38509587411045 37.79816429712173
214.39068601038278 -32.15771482330452 1.3671875 1.6557617 [214.39068601038278,-32.15771482330452] -17.904544160037048 3.0380236078780434 0.0001388718685495037 1.5678847160888577e-05 [386.1635742188,-815.56640625] -21.829785566677835 -22.52062531346047 7.063825155449009 7.523969338442127 48.23363648091549 25.297444808732052
214.4705048662759 -32.721565224608995 1.390625 1.8891602 [214.4705048662759,-32.721565224608995] -24.911304640285252 2.8611685128947166 0.00015098643500273423 1.605425182963185e-05 [504.6342773438,199.685546875] -25.278485238786658 -22.113918924729308 6.726574011555516 7.652117032762701 41.64331283757929 27.24213871425036
213.45724477247512 -32.17026512325859 1.3359375 1.3305664 [213.45724477247512,-32.17026512325859] -13.390564519963476 2.4324622341246793 0.0001761292437290932 1.592158426558749e-05 [-1036.097167969,-790.1142578125] -27.82524531985338 -25.493504923195644 6.862697593523338 7.267600862765638 51.50972492250389 35.32210038230687
213.88775621199156 -32.01773841450183 1.34375 1.4072266 [213.88775621199156,-32.01773841450183] -23.401247452646597 3.1686784828751735 0.00013366853375130664 1.574041078262702e-05 [-380.810546875,-1067.521972656] -24.914383790836144 -22.539532393484436 6.836342095072735 7.39480369790398 51.65864272778617 29.97413416718723
214.34605413699782 -34.24424363575131 1.3671875 1.6337891 [214.34605413699782,-34.24424363575131] -33.82392848771164 2.200302900588387 0.00019902293868615916 1.6273999900139332e-05 [310.681640625,2939.624511719] -25.234598576411635 -27.564068199064245 7.021003364767821 7.706782374807272 25.07644344785149 35.93166676511396
214.34580982267605 -34.24523931036507 1.3671875 1.6337891 [214.34580982267605,-34.24523931036507] -24.379109281045878 0.551639648197121 0.0007929869598649502 1.6256618784023696e-05 [310.314453125,2941.415283203] -25.234598576411635 -27.564068199064245 7.021003364767821 7.706782374807272 25.06617375586984 35.938936071792796
215.83499156209226 -32.073978353387616 1.3203125 1.2387695 [215.83499156209226,-32.073978353387616] -25.39617137122852 2.8069258342850274 0.00015877040043477738 1.6561862738271966e-05 [2589.072265625,-946.0859375] -16.188518846364282 -16.11671184495854 6.500389466240534 7.684735997096238 43.60716517059882 9.610579001289807
215.17683406135762 -34.68731311859813 1.2734375 0.7675781 [215.17683406135762,-34.68731311859813] -24.584315951446122 1.3283263554661988 0.0003910326323465756 1.930307483226591e-05 [1538.584472656,3743.939941406] -23.993414981717855 -26.378429961561444 7.758595985164147 6.845960557061763 17.118336753773292 29.641519569140428
212.68840023203987 -32.75529488644411 1.3828125 1.8173828 [212.68840023203987,-32.75529488644411] -28.3825503486843 2.0919607898943684 0.00020757785078004263 1.6137760075131094e-05 [-2193.034179688,274.5693359375] -29.764175460014666 -28.31013957830395 6.690724380252294 7.766385174646825 47.6196890404035 46.284122922896586
212.17749013918015 -32.219593088396515 1.4140625 2.1611328 [212.17749013918015,-32.219593088396515] -14.513258926635213 2.5820640854142796 0.00017207521820887677 1.651178591631078e-05 [-2983.8125,-677.123046875] -26.138032113573857 -24.079748336747024 6.512205703330419 6.941935474603316 55.412732646882205 49.33905143740094
212.33641034827102 -32.335113523896254 1.3984375 1.9589844 [212.33641034827102,-32.335113523896254] -7.999889501502691 2.9167506818263855 0.00014998414318319572 1.625748483865008e-05 [-2738.4453125,-473.5004882812] -25.477731397204323 -24.70034917488098 6.44870350398179 7.198549447810908 53.56743420560406 48.144780945795674
212.93533332621473 -33.5729065132707 1.3984375 1.9863281 [212.93533332621473,-33.5729065132707] -55.676548795534444 3.0697984266882954 0.0001415180533952574 1.6144715951496663e-05 [-1802.435546875,1741.431640625] -27.20860054721097 -29.607757134721204 6.8837284054372105 7.406207192644052 37.54975282095302 47.41087828309924
213.28520195208554 -34.8612099307799 1.2265625 0.2652588 [213.28520195208554,-34.8612099307799] -56.70195711908336 3.288375937098738 0.0001728757677163133 2.112634105059888e-05 [-1258.40625,4054.269042969] -30.755116237464613 -36.24463261416257 7.257013412407368 7.3837321629275365 21.834914593223175 49.65747999433847
213.10389692597167 -34.28429034088163 1.3125 1.0966797 [213.10389692597167,-34.28429034088163] -50.42775046592235 2.2627423699868094 0.0001994392063020816 1.6770821997582265e-05 [-1536.786132812,3018.854248047] -29.92077796721279 -34.443958780015464 7.031956036474323 7.497679478820446 28.952958528173895 48.89787211129487
215.29313652864283 -32.398380321707876 1.34375 1.4233398 [215.29313652864283,-32.398380321707876] -27.081292526933257 3.0456329305796603 0.00014111506587895787 1.5972012654278195e-05 [1756.585449219,-373.2954101562] -18.962281953498294 -17.035879404213155 6.648002511213827 7.632442343180463 42.131464214508924 16.977884020185
212.1455687807227 -32.15823734004537 1.40625 2.0429688 [212.1455687807227,-32.15823734004537] -17.876259985654862 3.0394262977431006 0.00014839791149500798 1.6762087708053212e-05 [-3034.439453125,-786.6376953125] -26.244647032578328 -23.8793214945861 6.505513375711759 6.8707510068529025 56.21492428243732 49.40762522506975
213.46505736461162 -32.322917829443945 1.3359375 1.3769531 [213.46505736461162,-32.322917829443945] -16.50640529591317 2.582044969492022 0.00016597366016464496 1.5926182072425773e-05 [-1022.47265625,-515.4262695312] -27.87529591926492 -25.303260314333784 6.996788503632812 7.316405484530254 49.767801725319714 35.96719746889062
217.23112496071224 -33.11993414765875 1.28125 0.8413086 [217.23112496071224,-33.11993414765875] 8.111517032663736 1.7706008423500312 0.00034051150612075223 2.2405836435940648e-05 [4661.887451172,983.7719726562] 2.5223042874227355 -4.845631197456248 6.268662444045021 6.415788560881909 26.474200218339774 0.7517818523369897
212.63786309074277 -32.634868703678755 1.421875 2.2509766 [212.63786309074277,-32.634868703678755] -22.316518455515304 2.6274896629668025 0.0001651677177719907 1.6127791014649577e-05 [-2272.576171875,58.88525390625] -27.646117115034254 -26.55293611812096 6.383065092467383 7.4757519817628335 49.152241493486144 46.27265905431932
212.15586883368601 -32.214344103363956 1.4140625 2.1611328 [212.15586883368601,-32.214344103363956] -18.483336306247015 2.96436358821931 0.0001510154323183653 1.6636482347873104e-05 [-3016.892578125,-685.958984375] -26.138032113573857 -24.079748336747024 6.512205703330419 6.941935474603316 55.54519800235266 49.54948815996113
213.49719242270623 -32.26838678880443 1.3359375 1.3823242 [213.49719242270623,-32.26838678880443] -19.08443590577976 3.260877263771756 0.0001329218836553046 1.6107926636951754e-05 [-974.1821289062,-613.880859375] -27.743920846274655 -25.084780146019824 7.012947448592779 7.337332356660458 50.26491605000251 35.36332926136947
214.0976715318035 -32.98264326292785 1.3515625 1.5175781 [214.0976715318035,-32.98264326292785] -28.501583234190537 2.7906603728492745 0.000152378521659536 1.580299652032057e-05 [-59.78515625,668.8452148438] -25.15476716394702 -24.150255534438397 6.529952749555061 7.422178809856693 40.09216828724857 32.43463289803003
215.0287781110714 -32.51368337497361 1.3671875 1.6694336 [215.0287781110714,-32.51368337497361] -31.491717981194217 3.072030928857019 0.0001412408074341205 1.6124805269888125e-05 [1353.141601562,-169.6240234375] -20.62240320937177 -18.320001836036184 6.3123380573748475 7.3179741449229745 41.86299354614994 20.33884083661087
213.50085439658514 -34.27341462062205 1.375 1.7382812 [213.50085439658514,-34.27341462062205] -45.76965954511187 1.6735173678613082 0.0002646601639222646 1.6459911816629894e-05 [-946.595703125,2994.646728516] -28.91484712890221 -32.97884131046269 6.957629319553075 7.371971235935417 27.71862056673058 44.750556506896146
213.49443045536938 -34.28319166062257 1.375 1.7382812 [213.49443045536938,-34.28319166062257] -44.04781515301952 3.270741307288313 0.0001354776565713077 1.6467306722667447e-05 [-956.0390625,3012.295166016] -28.91484712890221 -32.97884131046269 6.957629319553075 7.371971235935417 27.630765221408183 44.86197577631037
212.95675676683 -34.50982663190911 1.2109375 0.1000061 [212.95675676683,-34.50982663190911] -47.518540127423805 2.0480390389276018 0.00023503790941272772 1.788894996903308e-05 [-1750.852539062,3426.875732422] -31.462990881385014 -35.82951126230977 7.071250220965912 7.297793853818813 26.903674219190634 51.43758530680134
212.91162125598242 -32.117862624413725 1.375 1.7573242 [212.91162125598242,-32.117862624413725] -18.049381249263174 2.5105439066841324 0.00017212214431872717 1.605880676247873e-05 [-1868.389648438,-876.9736328125] -23.78022798415043 -23.522755105575875 6.337540140347112 6.623241337476189 54.03369276192052 40.93934695603866
212.81834435842342 -31.95698540729481 1.34375 1.4082031 [212.81834435842342,-31.95698540729481] -15.641079308950538 1.9447412548922072 0.00022265106140860336 1.6091454449453904e-05 [-2014.094726562,-1164.813476562] -24.577726612452533 -23.79675508018181 6.219166901701591 6.473559141330695 56.172884067004816 41.19502448164894
213.4219664814079 -33.22743995592299 1.359375 1.5922852 [213.4219664814079,-33.22743995592299] 17.003133852857253 0.8520559113413563 0.0005006404774685726 1.585268233148014e-05 [-1076.999511719,1113.081054688] -25.122939310043215 -25.980348803650816 5.783807582010353 7.100557764711562 39.75729637678023 40.700726446437784
215.64608771256763 -31.84374821061824 1.2890625 0.8647461 [215.64608771256763,-31.84374821061824] -30.00414736368029 3.0480282034088413 0.00014533530509052068 1.646261459304807e-05 [2306.83203125,-1364.774902344] -20.47074882538489 -17.823957520003926 6.44920751410231 7.46557141130884 46.9000520291645 10.395275269103195
214.05284122737038 -35.10617449911458 1.25 0.4876709 [214.05284122737038,-35.10617449911458] -36.880633255871594 2.6150602911679304 0.00024453628422287744 2.3764775612396457e-05 [-124.296875,4489.826293945] -29.04103304481849 -36.512560229398304 6.925211334582472 7.365699542714147 16.449935375039786 42.9902692808555
214.0619050480328 -35.11341478397807 1.25 0.4876709 [214.0619050480328,-35.11341478397807] -34.536864112323705 3.1714343722057485 0.00020232049836330443 2.384538386111706e-05 [-110.9399414062,4502.836303711] -29.04103304481849 -36.512560229398304 6.925211334582472 7.365699542714147 16.337181582024186 42.9325650843989
213.62547301024514 -33.18691253623719 1.390625 1.9306641 [213.62547301024514,-33.18691253623719] 1.3943458602661774 0.21821428583730776 0.0019453808090131655 1.5775985905735337e-05 [-770.9541015625,1038.366210938] -25.24943624491209 -25.947265327721883 6.027937276633793 7.331554161740268 39.49526968484224 38.371064017239405
216.89637755764824 -33.04180140639386 1.3125 1.1401367 [216.89637755764824,-33.04180140639386] 63.07345947379541 0.421341738445353 0.0012923884272449146 2.0236539377855884e-05 [4161.591308594,829.3032226562] 0.7913821449461271 -6.5534873074387985 6.535246110547579 6.855104794010989 28.692936830635517 3.743384787630248
216.8999327886235 -33.04498288458638 1.3125 1.1401367 [216.8999327886235,-33.04498288458638] 3.933239396877306 0.8289199480320396 0.0006582409754987314 2.0277117038281352e-05 [4166.799072266,835.1669921875] 0.7913821449461271 -6.5534873074387985 6.535246110547579 6.855104794010989 28.643600738286978 3.7240946653607807
212.7571413816359 -32.72570044017038 1.421875 2.2216797 [212.7571413816359,-32.72570044017038] -24.161455898346958 2.5291611668388168 0.0001702296717195517 1.6000017945464023e-05 [-2089.701171875,219.9189453125] -29.572772920806266 -27.834399263203522 6.7335959755904335 7.6680295775389755 47.717706735321144 45.41454828906626
212.77455135145493 -32.47865296586597 1.359375 1.6030273 [212.77455135145493,-32.47865296586597] -8.501859334622994 3.126083248372814 0.00013872215155259418 1.6115918348949668e-05 [-2069.045898438,-225.0698242188] -24.497623588304883 -23.57961592440187 6.6548005953963845 7.095072308544074 50.444407081814234 44.089812705874465
212.28955073871467 -33.758911165856034 1.4296875 2.3125 [212.28955073871467,-33.758911165856034] -52.513683429614375 3.1311724394368277 0.00014581919289542898 1.6967989194296498e-05 [-2764.599609375,2090.026611328] -30.60381704193251 -31.15245465047567 7.001564682980204 7.506857742601905 37.6127927413263 55.028980116968114
213.4228974489889 -32.315936983786216 1.328125 1.2983398 [213.4228974489889,-32.315936983786216] -20.029668938551005 2.015650637953306 0.00021198997462918684 1.5879590048485994e-05 [-1086.680664062,-527.5727539062] -27.792815275746406 -25.312178550287367 7.011361649537851 7.297758588989364 49.99689187755348 36.38462700784612
212.67573563546392 -34.50877767825488 1.234375 0.36486816 [212.67573563546392,-34.50877767825488] -59.650525467438655 1.2465991360252435 0.0003900597689215083 1.8070354971547133e-05 [-2167.59375,3430.170410156] -32.005726583376926 -36.58619774684827 6.742825001649281 6.968855926172397 27.850986645280955 54.33272643160467
216.53468317334523 -32.0008507090416 1.3203125 1.1894531 [216.53468317334523,-32.0008507090416] -17.040459496791566 2.951656482848761 0.00015607321236899772 1.711996548911007e-05 [3658.511962891,-1057.1328125] -11.976642707389304 -11.922866686981546 6.608796163818788 7.588589928698642 41.603393883515764 1.8960818723862758
214.71644594704017 -31.714292477055007 1.3359375 1.3886719 [214.71644594704017,-31.714292477055007] -20.256672540353666 3.211698881101899 0.00013286229644721612 1.5857885519077066e-05 [886.8237304688,-1611.716796875] -23.050038842253677 -22.022655104385734 6.2777189465480365 7.054157859942473 51.9461362553709 19.604291443622287
215.4141083642149 -31.699556441528777 1.3046875 1.0600586 [215.4141083642149,-31.699556441528777] -16.405617258824215 2.4043003776262095 0.00018278542978666167 1.6331986116034936e-05 [1955.265136719,-1628.918457031] -21.12011020538514 -18.254877557295647 6.546619678897898 7.2285399652625575 49.409597410944116 12.100258211883784
