data_processed/hvc_rms/hvc_rms_index_5_with_B.ecsv
# %ECSV 1.0
# ---
# datatype:
# - {name: ra_dec_obj.ra, unit: deg, datatype: float64}
# - {name: ra_dec_obj.dec, unit: deg, datatype: float64}
# - {name: 'H-alpha flux [Error]', unit: R, datatype: float32}
# - {name: H-alpha flux, unit: R, datatype: float32}
# - {name: ra_dec_deg, datatype: string, subtype: 'float64[2]'}
# - {name: RM, unit: rad / m2, datatype: float64}
# - {name: RM_uncert, unit: rad / m2, datatype: float64}
# - {name: pol_int, datatype: float64}
# - {name: pol_int_uncert, datatype: float64}
# - {name: ra_dec_pix_offsets, datatype: string, subtype: 'float64[2]'}
# - {name: interpolation_raw, unit: rad / m2, datatype: float64}
# - {name: interpolation_cor, unit: rad / m2, datatype: float64}
# - {name: interpolation_unc, unit: rad / m2, datatype: float64}
# - {name: pixel location x, datatype: float64}
# - {name: pixel location y, datatype: float64}
# - {name: 'B_virtual [raw]', unit: G, datatype: float64}
# - {name: 'B_virtual_unc [raw]', unit: G, datatype: float64}
# - {name: 'B_virtual [int]', unit: G, datatype: float64}
# - {name: 'B_virtual_unc [int]', unit: G, datatype: float64}
# - {name: 'B_virtual [cor]', unit: G, datatype: float64}
# - {name: 'B_virtual_unc [cor]', unit: G, datatype: float64}
# meta: !!omap
# - __serialized_columns__:
#     ra_dec_obj:
#       __class__: astropy.coordinates.sky_coordinate.SkyCoord
#       dec: !astropy.table.SerializedColumn
#         __class__: astropy.coordinates.angles.Latitude
#         unit: &id001 !astropy.units.Unit {unit: deg}
#         value: !astropy.table.SerializedColumn {name: ra_dec_obj.dec}
#       frame: icrs
#       ra: !astropy.table.SerializedColumn
#         __class__: astropy.coordinates.angles.Longitude
#         unit: *id001
#         value: !astropy.table.SerializedColumn {name: ra_dec_obj.ra}
#         wrap_angle: !astropy.coordinates.Angle
#           unit: *id001
#           value: 360.0
#       representation_type: spherical
# schema: astropy-2.0
ra_dec_obj.ra ra_dec_obj.dec "H-alpha flux [Error]" "H-alpha flux" ra_dec_deg RM RM_uncert pol_int pol_int_uncert ra_dec_pix_offsets interpolation_raw interpolation_cor interpolation_unc "pixel location x" "pixel location y" "B_virtual [raw]" "B_virtual_unc [raw]" "B_virtual [int]" "B_virtual_unc [int]" "B_virtual [cor]" "B_virtual_unc [cor]"
[from data line 397]
149.97882077694464 -8.770273343338207 0.36132812 1.203125 [149.97882077694464,-8.770273343338207] 2.7203062467051287 1.9832200343407296 0.0002997029677123774 2.2088724960871438e-05 [-833.2163085938,-1033.029785156] -3.090119501886536 -4.022189042005883 6.3319722296665395 4.202626741769791 42.24282976560289 6.551052161214366e-07 1.7558426702351717e-06 1.3992690052449475e-06 2.3356073080110017e-06 1.6237303570723988e-06 2.3400551456815385e-06
149.9882048312801 -8.776974794770812 0.36132812 1.203125 [149.9882048312801,-8.776974794770812] 1.6505092861398496 1.302264580044545 0.0004557168820561333 2.2054796199033078e-05 [-816.5083007812,-1020.989746094] -3.090119501886536 -4.022189042005883 6.3319722296665395 4.230926829992541 42.07860664131317 3.974762929419132e-07 1.7160778273837687e-06 1.1416400820654243e-06 2.303312677781336e-06 1.3661014338928754e-06 2.3070546560797348e-06
150.7919769744975 -7.728977398974766 0.31835938 0.7858887 [150.7919769744975,-7.728977398974766] 8.066952929941868 2.202506873157421 0.00028900584791279353 2.3655525822457573e-05 [614.9536132812,-2907.249023438] -2.3819476041379595 -1.1941001420264303 5.87252970397591 19.75121698277985 45.647204685805264 2.4036854949512884e-06 2.2505464978728178e-06 3.113427197366508e-06 2.884300746927104e-06 2.759487892192856e-06 2.8665442496536256e-06
150.2168120575024 -8.741017212812967 0.3515625 1.0981445 [150.2168120575024,-8.741017212812967] 4.684474224405287 1.3536247311929452 0.00043863102715456547 2.206512197112309e-05 [-409.8813476562,-1086.107910156] -2.6599970904454255 -4.147889635614888 6.414651188808232 6.526147922115797 40.235146800012444 1.1808092220178988e-06 1.8102027795239687e-06 1.8513111704702878e-06 2.4412834942613324e-06 2.226362276431028e-06 2.4518235141419665e-06
150.78172306022373 -10.02836520747521 0.34960938 1.0996094 [150.78172306022373,-10.02836520747521] -13.908595087577467 0.29167136890567696 0.002038168539612438 2.209238468477778e-05 [592.94140625,1231.21484375] -7.950142193847601 -9.903374998434685 5.148405260237371 0.9115618490484394 20.847071689301856 -3.5035851848223587e-06 1.8773067186293434e-06 -1.500938603179219e-06 2.2072015160999467e-06 -1.0089178438163644e-06 2.197846251014658e-06
150.7837524371771 -10.022697489035835 0.34960938 1.0996094 [150.7837524371771,-10.022697489035835] -14.055784508440913 0.7749088650601618 0.0007624843725751798 2.1957873539102998e-05 [596.548828125,1221.017089844] -7.950142193847601 -9.903374998434685 5.148405260237371 0.975717111990889 20.887197329530863 -3.540662306634636e-06 1.888306485794427e-06 -1.5380157249914965e-06 2.2154465893298557e-06 -1.0459949656286419e-06 2.2058503192319903e-06
151.0294036385342 -7.86007596498143 0.34570312 1.0629883 [151.0294036385342,-7.86007596498143] -7.734400956874211 0.49375073497759175 0.0012610879926505773 2.3139919771900227e-05 [1038.100097656,-2670.802734375] -3.383152839015165 -2.4498246530186334 6.377250140606852 20.779707244936617 41.83915656211366 -1.981577572659886e-06 1.8352104018080956e-06 -1.1148032965325686e-06 2.4382016817973755e-06 -1.3539248796537915e-06 2.442379643253613e-06
151.0234375531182 -7.849676854900184 0.34570312 1.0629883 [151.0234375531182,-7.849676854900184] -16.429997129413106 2.4585326940969865 0.00025350399273017967 2.3161650025704003e-05 [1027.48828125,-2689.532226562] -3.383152839015165 -2.4498246530186334 6.377250140606852 20.811520601165284 42.01323471629394 -4.209416348085096e-06 2.055520918721424e-06 -3.3426420719577793e-06 2.58236210706071e-06 -3.581763655079001e-06 2.593412300412656e-06
151.46809376589687 -8.89907638400915 0.37304688 1.3310547 [151.46809376589687,-8.89907638400915] -7.768085778906385 2.2070842666596713 0.0002720719451542822 2.2315744460321232e-05 [1815.392089844,-799.1245117188] -2.0798285315956333 -3.891899247666943 5.584015260016877 16.12052538305079 26.103952853010696 -1.778544341582792e-06 1.706369221669851e-06 -1.3023565944834512e-06 2.122625638088806e-06 -8.874734160087884e-07 2.1166813374299937e-06
150.62570200696013 -7.75037724229233 0.328125 0.88793945 [150.62570200696013,-7.75037724229233] 0.38791377626972295 0.3013997346756211 0.002066756431281258 2.3149460092467697e-05 [318.3647460938,-2868.963867188] -2.2034784163043244 -0.9520908113350286 5.704560593717023 18.11315154659428 47.05791928122608 1.0874070916065343e-07 1.9641982083731185e-06 7.264238652301672e-07 2.537129630268998e-06 3.7563257107258e-07 2.533909523779615e-06
151.02548213393186 -9.174567166727577 0.33789062 0.9758301 [151.02548213393186,-9.174567166727577] -0.6257537711862583 0.5453504206344005 0.0011030667926693314 2.2355591547933154e-05 [1027.574707031,-305.0317382812] -5.191255813282062 -6.738670291148974 5.736774337108728 10.033561929158168 27.559405466140106 -1.6732660893903172e-07 1.877756320053155e-06 1.2208156146784585e-06 2.436154050969477e-06 1.63459437099947e-06 2.445369344141894e-06
151.0265960672831 -9.178215016221666 0.33789062 0.9758301 [151.0265960672831,-9.178215016221666] 0.002606858203986326 2.085832171845032 0.00028994964802671433 2.2475566695561944e-05 [1029.543457031,-298.4624023438] -5.191255813282062 -6.738670291148974 5.736774337108728 10.013271885460199 27.509026001972416 6.970740942256196e-10 1.953131926758535e-06 1.3888392977117157e-06 2.4982719783599882e-06 1.8026180540327274e-06 2.5083145139444652e-06
152.9505920159021 -8.024747718972073 0.3515625 1.1064453 [152.9505920159021,-8.024747718972073] -8.505387493396686 1.7670173775812787 0.00045528358775179896 2.9897268977746098e-05 [4460.560058594,-2359.518554688] -5.609528216083426 -3.8929338041334143 5.722367488365749 36.10557596249623 20.4670212155861 -2.135884488851944e-06 1.8544628621453807e-06 -7.272121249165193e-07 2.317231496291624e-06 -1.1582856510763172e-06 2.3230712362401822e-06
150.6914215287193 -7.881566749709313 0.33398438 0.935791 [150.6914215287193,-7.881566749709313] 0.8757561971567145 0.14124099272391918 0.004385663061819504 2.3019968633706628e-05 [435.4418945312,-2632.836914062] -2.829702795344928 -1.680157817179904 5.964305330793835 17.635525579805744 44.960911621050855 2.391345998634159e-07 1.912411258049683e-06 1.011815224784085e-06 2.519587498376608e-06 6.979196688394203e-07 2.5153297626903366e-06
150.52583321648774 -7.779481283745601 0.30859375 0.6789551 [150.52583321648774,-7.779481283745601] -9.145848171505083 2.348099037578461 0.0002628256251379571 2.2934687119922864e-05 [140.2338867188,-2816.661132812] -1.9974843676945722 -0.9477259202060848 5.567245531984155 16.99781775556744 47.723076798439706 -2.9319199000570117e-06 2.473016388137019e-06 -2.291578615369717e-06 3.016815228006962e-06 -2.628103738543498e-06 3.03316476846141e-06
152.5976104550575 -7.745515228563032 0.32421875 0.8383789 [152.5976104550575,-7.745515228563032] -12.450734401860654 0.8090738748818116 0.0008930473989110218 2.6851675554210954e-05 [3834.520996094,-2866.112304688] -0.3311132580537501 -0.5441282165388848 5.507623954444567 35.37472027118952 27.192816395279806 -3.591893337475377e-06 2.172420303380249e-06 -3.4963709797439897e-06 2.6857343850726374e-06 -3.434918619949774e-06 2.682124851539797e-06
152.59939571697043 -7.74878756413893 0.32421875 0.8383789 [152.59939571697043,-7.74878756413893] -11.400347769190184 0.3512837511334363 0.0020555392555474217 2.6834440209666094e-05 [3837.673095703,-2860.205078125] -0.3311132580537501 -0.5441282165388848 5.507623954444567 35.36318453640524 27.13831776260804 -3.2888689032622083e-06 2.1401765481018798e-06 -3.1933465455308205e-06 2.660215826206524e-06 -3.1318941857366057e-06 2.656890456989781e-06
150.8218689568593 -7.662142718354666 0.33203125 0.9230957 [150.8218689568593,-7.662142718354666] 3.061058078909629 3.0567680976705223 0.00020699788441221856 2.3514573288314084e-05 [668.3745117188,-3027.447265625] -2.1585123278828644 -0.9528480692682901 5.763332846186519 20.55323062789239 46.08901854593387 8.415827773880939e-07 2.1068259298919293e-06 1.4350268588454361e-06 2.646521509486542e-06 1.1035511895814792e-06 2.6400838503591767e-06
151.47727956020475 -10.332632112091042 0.34570312 1.0493164 [151.47727956020475,-10.332632112091042] -13.596660785357688 0.564331340979133 0.0010490707725023174 2.2001265448324296e-05 [1823.98046875,1781.215820312] -7.327518791766343 -10.873691332393022 5.890649369670127 4.327595994282547 10.699238129738433 -3.5061271789315184e-06 1.92680814795604e-06 -1.616603479288264e-06 2.383044039992298e-06 -7.021633735777977e-07 2.3673164189116982e-06
150.55436708513622 -7.498724698237782 0.30859375 0.6816406 [150.55436708513622,-7.498724698237782] -0.9380829249506671 2.542305654200086 0.0002553110375391819 2.4121596978305096e-05 [191.2470703125,-3321.78515625] -2.2918718942205722 -1.1410399591924634 5.394044466062136 19.504150455289846 50.54718727141562 -3.0013188246606704e-07 2.383845870124904e-06 4.331335972564908e-07 2.943947134219359e-06 6.493442650597624e-08 2.9420983322523557e-06
150.55725086951367 -7.495294303990443 0.30859375 0.6816406 [150.55725086951367,-7.495294303990443] 1.837866250588802 2.0340204583197483 0.00031957989720863417 2.4157026329842633e-05 [196.3950195312,-3327.955078125] -2.2918718942205722 -1.1410399591924634 5.394044466062136 19.55718220791914 50.55675312986659 5.880101245197249e-07 2.3366191539448624e-06 1.3212756042422827e-06 2.919106267349451e-06 9.530764334917684e-07 2.910582380540274e-06
151.31567395132316 -10.248397736092592 0.32421875 0.83691406 [151.31567395132316,-10.248397736092592] -9.241008890709342 1.052514710525055 0.0005664396688795035 2.21559582392333e-05 [1538.257324219,1628.845703125] -7.638289637148239 -10.619191552810106 5.460495138712706 3.6548992689049555 13.206582101269305 -2.6682565834274803e-06 2.121871923527456e-06 -4.6277048862054786e-07 2.583253967986486e-06 3.9793760668416595e-07 2.582761198287378e-06
152.52142335366693 -7.506342930730527 0.34765625 1.0756836 [152.52142335366693,-7.506342930730527] -0.8603194678658422 0.06286800732281456 0.011696322023751869 2.7326733098656988e-05 [3700.794921875,-3297.235351562] 0.2133669352143689 -0.3265689146595996 5.4039912744627125 36.68252745076961 30.621239699000398 -2.1911197441320517e-07 1.7833397946076397e-06 -2.734537069852794e-07 2.2528841840109694e-06 -1.3593919692097173e-07 2.2524566573478856e-06
150.09306340849417 -8.8429593657972 0.33789062 0.96728516 [150.09306340849417,-8.8429593657972] -5.213163911189253 2.359990058569969 0.000252143311658179 2.2113950302454556e-05 [-629.865234375,-902.4379882812] -3.1985663053143636 -4.309037894055612 6.412795605712564 4.617516370263047 40.33944309822709 -1.400144158149275e-06 2.0030047299975886e-06 -5.410777633200801e-07 2.6294677797760186e-06 -2.4282888140220664e-07 2.62775089820715e-06
151.58847055766466 -10.661856599829951 0.32226562 0.79467773 [151.58847055766466,-10.661856599829951] -10.846640942090634 1.2034643107055476 0.0005077506474967378 2.270870688602473e-05 [2018.693847656,2374.301269531] -11.281938164445318 -13.876379648251909 5.925029296057206 2.518468227053063 6.120367249235642 -3.214018524954127e-06 2.222128515543002e-06 1.289849404971057e-07 2.740928434233535e-06 8.977559393144259e-07 2.748005533560024e-06
151.09213263540371 -8.003325635403991 0.3515625 1.121582 [151.09213263540371,-8.003325635403991] 1.4287203162504336 2.0987704966500917 0.0002962578503669511 2.310699769138006e-05 [1149.544921875,-2412.837890625] -3.3212562947483337 -2.932443368646016 6.282654091591079 20.1686666953201 39.63693055708109 3.563529293094824e-07 1.8238719343749244e-06 1.184744179968838e-06 2.413250653621487e-06 1.0877660495439986e-06 2.4117587568784924e-06
151.5474852412775 -10.0074969253827 0.34179688 1.0107422 [151.5474852412775,-10.0074969253827] -11.329606652144548 0.36310693800756083 0.0016404615205403764 2.213651745657056e-05 [1950.263183594,1196.412109375] -7.634482419916393 -10.206319091455807 5.424095046482318 7.632462229565363 13.434065840935546 -2.9767562193078877e-06 1.9279060571844055e-06 -9.708619528567996e-07 2.3360883504400224e-06 -2.9513409732706537e-07 2.3293610040667044e-06
152.21835332808266 -10.273494661293162 0.36914062 1.2929688 [152.21835332808266,-10.273494661293162] -17.597502790995406 1.5413498558266434 0.0004071083787256786 2.331953950141217e-05 [3136.468261719,1679.991210938] -8.416800707148255 -12.11625904000295 5.862391681628119 11.090911078264071 3.834674395714501 -4.0879508232128624e-06 1.8023231557666554e-06 -2.132703661825196e-06 2.1809718197473748e-06 -1.2733087853559312e-06 2.1617774542767705e-06
152.2236938294042 -10.264647538999267 0.36914062 1.2929688 [152.2236938294042,-10.264647538999267] -21.30522799406222 2.653149026744106 0.00023732836756389626 2.340022320835765e-05 [3146.010498047,1664.116210938] -8.416800707148255 -12.11625904000295 5.862391681628119 11.21028593966821 3.8735508495101385 -4.949266117555641e-06 1.929169313250503e-06 -2.9940189561679736e-06 2.26584356372499e-06 -2.134624079698709e-06 2.237975046220432e-06
152.68275445917206 -7.925397934860469 0.33398438 0.9345703 [152.68275445917206,-7.925397934860469] -8.851551549934765 1.3850006406860398 0.0005238466973034835 2.69626694581202e-05 [3984.549316406,-2541.498046875] -2.212219651146359 -1.7794946208496287 5.463387529434455 34.62508602815524 24.333714709886408 -2.4185888511596576e-06 2.0088993035606156e-06 -1.8141242265799898e-06 2.4822867018896517e-06 -1.9323615692638395e-06 2.4858556967226415e-06
152.68058782658213 -7.926671695332786 0.33398438 0.9345703 [152.68058782658213,-7.926671695332786] -1.184978323114652 1.2004535333360529 0.0006024233912896604 2.6875458614723206e-05 [3980.677246094,-2539.23046875] -2.212219651146359 -1.7794946208496287 5.463387529434455 34.595888290546554 24.342114790241567 -3.2378225952625055e-07 1.941675717186269e-06 2.8068236505341686e-07 2.4489884951843915e-06 1.624450223695672e-07 2.4485602764270224e-06
152.0751799339984 -8.670175500706637 0.34960938 1.0874023 [152.0751799339984,-8.670175500706637] -1.6215530330495422 3.0798301318888157 0.00020371020918668727 2.331568941698399e-05 [2896.486816406,-1207.071777344] -3.6668743073246124 -3.367171081188219 5.767631759563369 23.23896160583263 22.438428123705762 -4.107567024851074e-07 1.9386891258781716e-06 5.181017241008101e-07 2.4282563273226897e-06 4.4218369590014246e-07 2.427746757914974e-06
151.0927886200738 -7.253367209670116 0.33398438 0.94262695 [151.0927886200738,-7.253367209670116] -15.517122438929665 0.37754676616029675 0.0019396995471045939 2.7215349898905788e-05 [1152.731445312,-3762.143554688] -3.1228814569411867 -0.8712392954541823 5.7561848086646705 26.235065110709456 47.92627226204195 -4.221724553598027e-06 2.0835853610733602e-06 -3.3720860090397617e-06 2.557181310124646e-06 -3.984687542376757e-06 2.5917413049023955e-06
151.0981597377463 -7.253818342362361 0.31445312 0.7409668 [151.0981597377463,-7.253818342362361] -17.920552466227598 0.2756584963021028 0.0026524486713078955 2.717234214064748e-05 [1162.3203125,-3761.314453125] -3.2424622631718 -0.9337829920370542 5.77697968412983 26.27885296880413 47.86759036459625 -5.499214434256896e-06 2.4955781733302706e-06 -4.504211891016599e-06 2.9735187656917885e-06 -5.212667860542101e-06 3.034390516967429e-06
152.58651730284896 -9.539683221944493 0.39257812 1.5039062 [152.58651730284896,-9.539683221944493] -13.667987680011741 1.7274653115351646 0.00038581372596352165 2.4768272250507217e-05 [3796.638916016,362.8403320312] -6.61232045444416 -8.732276450205974 5.636437789118571 20.36184298329954 7.849115750925648 -2.94403406444496e-06 1.621631890335536e-06 -1.5197646607361425e-06 1.9859126616029837e-06 -1.0631339691695727e-06 1.9784346619993784e-06
