data_processed/hvc_rms/hvc_rms_index_18.ecsv
# %ECSV 1.0
# ---
# datatype:
# - {name: ra_dec_obj.ra, unit: deg, datatype: float64}
# - {name: ra_dec_obj.dec, unit: deg, datatype: float64}
# - {name: 'H-alpha flux [Error]', unit: R, datatype: float32}
# - {name: H-alpha flux, unit: R, datatype: float32}
# - {name: ra_dec_deg, datatype: string, subtype: 'float64[2]'}
# - {name: RM, unit: rad / m2, datatype: float64}
# - {name: RM_uncert, unit: rad / m2, datatype: float64}
# - {name: pol_int, datatype: float64}
# - {name: pol_int_uncert, datatype: float64}
# - {name: ra_dec_pix_offsets, datatype: string, subtype: 'float64[2]'}
# - {name: interpolation_raw, unit: rad / m2, datatype: float64}
# - {name: interpolation_cor, unit: rad / m2, datatype: float64}
# - {name: interpolation_unc, unit: rad / m2, datatype: float64}
# - {name: pixel location x, datatype: float64}
# - {name: pixel location y, datatype: float64}
# meta: !!omap
# - __serialized_columns__:
#     ra_dec_obj:
#       __class__: astropy.coordinates.sky_coordinate.SkyCoord
#       dec: !astropy.table.SerializedColumn
#         __class__: astropy.coordinates.angles.Latitude
#         unit: &id001 !astropy.units.Unit {unit: deg}
#         value: !astropy.table.SerializedColumn {name: ra_dec_obj.dec}
#       frame: icrs
#       ra: !astropy.table.SerializedColumn
#         __class__: astropy.coordinates.angles.Longitude
#         unit: *id001
#         value: !astropy.table.SerializedColumn {name: ra_dec_obj.ra}
#         wrap_angle: !astropy.coordinates.Angle
#           unit: *id001
#           value: 360.0
#       representation_type: spherical
# schema: astropy-2.0
ra_dec_obj.ra ra_dec_obj.dec "H-alpha flux [Error]" "H-alpha flux" ra_dec_deg RM RM_uncert pol_int pol_int_uncert ra_dec_pix_offsets interpolation_raw interpolation_cor interpolation_unc "pixel location x" "pixel location y"
[from data line 2228]
178.57659913629155 -58.44412635686106 4.6875 34.90625 [178.57659913629155,-58.44412635686106] 398.28498326372227 2.732940933467082 0.00019796681634172297 2.010626246757227e-05 [3502.244873047,-3279.28125] 40.90018874190974 17.086643078644205 34.77977547679433 63.20852088262086 56.01222898501533
178.58248914305597 -58.44293599133904 4.6875 34.90625 [178.58248914305597,-58.44293599133904] 395.12576514762173 2.0020000976041628 0.00026936432702924344 2.0040699559915555e-05 [3507.900146484,-3281.106445312] 40.90018874190974 17.086643078644205 34.77977547679433 63.23059161601168 55.97922205416671
170.2214047181571 -62.110084542264744 13.0 118.09375 [170.2214047181571,-62.110084542264744] 632.1075970597758 0.9072295907884939 0.0006739517390968883 2.272242656327437e-05 [-3898.00390625,3356.659912109] 295.4243717237797 260.2063032384419 124.67837702412649 7.08576825006935 91.31143678989838
170.8923951540962 -58.83903482255511 8.1875 70.0625 [170.8923951540962,-58.83903482255511] 22.673818885256416 2.852859133201774 0.0001842191111637121 1.9530965531221054e-05 [-3688.81640625,-2556.563476562] 113.99211226806413 136.20141516955016 56.67562896718884 45.370712026758156 100.83831042885663
175.61772135340058 -61.55293272650366 11.0 98.15625 [175.61772135340058,-61.55293272650366] 315.5849126541948 2.206314318922243 0.00023037015022167346 1.888870971005297e-05 [653.1201171875,2220.783935547] 290.6728275039891 267.94888141129263 107.92110928615494 22.725961363502392 64.21900332718178
177.9904938235661 -58.27753091776917 4.84375 36.5625 [177.9904938235661,-58.27753091776917] 324.5131832476602 2.772768423567769 0.00020564672921710914 2.1190641747948628e-05 [2965.081542969,-3607.314453125] 39.24075310344421 7.685347103717945 38.617568515061386 64.32862806958042 60.064399722453345
170.15550279340874 -60.06217946859919 7.125 59.203125 [170.15550279340874,-60.06217946859919] 28.08731011517817 1.8144376619709042 0.00031473476043127925 2.1222447389732606e-05 [-4217.780273438,-315.6879882812] 189.8078416014563 252.1148212536164 82.93852398086787 30.038162809965343 100.10148314451703
176.67729201711964 -60.888870286736925 6.8125 56.046875 [176.67729201711964,-60.888870286736925] 243.98038016312157 0.5823248822564641 0.0008437516139924471 1.8259491012191358e-05 [1594.654296875,1043.859375] 166.9656310423993 217.91547010134641 72.96771161877699 31.995717948986794 60.34083839279879
176.66139211241486 -60.89810557929729 6.8125 56.046875 [176.66139211241486,-60.89810557929729] 196.10904154602449 3.2197143694156294 0.00015194267684837825 1.8180499970426556e-05 [1580.280273438,1060.093261719] 166.9656310423993 217.91547010134641 72.96771161877699 31.86532721316712 60.4032498868155
176.66143795470745 -60.896904098437645 6.8125 56.046875 [176.66143795470745,-60.896904098437645] 173.01682507478347 1.7787007477886254 0.0002747807711941098 1.8163432691928005e-05 [1580.379882812,1057.932617188] 166.9656310423993 217.91547010134641 72.96771161877699 31.87935987581318 60.40657123535425
176.65193182482443 -60.904476215455574 6.8125 56.046875 [176.65193182482443,-60.904476215455574] 257.23085588646234 0.8908088065573273 0.0005484663964100111 1.81569638641048e-05 [1571.688476562,1071.329589844] 166.9656310423993 217.91547010134641 72.96771161877699 31.777562712317604 60.437745308714284
170.48387173190815 -59.14395880204984 8.3125 71.0625 [170.48387173190815,-59.14395880204984] 116.51280738341453 1.6942574833104045 0.0003103783922295733 1.9542476340433504e-05 [-4032.435546875,-1985.005859375] 143.14167209946055 184.20992030864005 72.63860187398267 41.0757466768498 101.98792860957383
179.45652782220506 -61.01899330262553 5.96875 47.8125 [179.45652782220506,-61.01899330262553] 132.60213921624435 2.3387665815161194 0.00024124485606630782 2.0967837619333788e-05 [4007.980712891,1395.878417969] 145.90935955622058 226.83099297707759 69.55480091000844 34.15515553754017 44.21577151473275
176.92541484976488 -60.4309005730628 6.15625 49.5 [176.92541484976488,-60.4309005730628] 362.81587752038416 2.230379440270496 0.00021951464383283833 1.819495365040905e-05 [1837.747070312,226.341796875] 114.80401535305491 176.65528526648484 56.557610920127495 37.68137670722513 60.280050502132326
176.92263806406868 -60.43025960073458 6.15625 49.5 [176.92263806406868,-60.43025960073458] 363.9609537266155 2.1218181793258846 0.00023018613219806237 1.8150810588858335e-05 [1835.318359375,225.111328125] 114.80401535305491 176.65528526648484 56.557610920127495 37.684815791988285 60.29788108094294
175.44430561791486 -58.27817558125495 8.625 74.21875 [175.44430561791486,-58.27817558125495] 200.68584617941056 0.1952161595160516 0.002709650859469234 1.9657930854408536e-05 [556.701171875,-3674.115234375] 55.727755392109664 25.240511598601667 45.36283966164283 60.33876285079873 75.65509722736806
179.30418395254657 -61.98109436483699 7.15625 59.703125 [179.30418395254657,-61.98109436483699] 893.2325925844327 0.4896867121729713 0.0011961393842068642 2.1767513017264243e-05 [3757.525390625,3114.189453125] 269.0544179123138 277.50535745633846 102.63878535413417 22.680177149039537 42.67371559305752
173.10626188242938 -57.92005943906493 5.78125 45.734375 [173.10626188242938,-57.92005943906493] 137.89036273023427 0.8105584437268928 0.000804398212405697 2.4230598099093828e-05 [-1672.551757812,-4298.494140625] 46.126875290555844 42.688364942328334 35.12667740312544 60.24610242811764 91.11719037912849
172.63763446503648 -61.02437600230928 8.75 75.53125 [172.63763446503648,-61.02437600230928] 315.3439887996371 0.5343186595415688 0.0009216221713575645 1.8300457968458784e-05 [-1933.8984375,1298.324707031] 196.34528587203675 255.08711868991512 78.39006787148068 23.892929790075186 82.49293996226106
172.63670366916668 -61.02086246524223 8.75 75.53125 [172.63670366916668,-61.02086246524223] 326.7971622779418 2.7047124798745803 0.00018255366060869572 1.8349336033620282e-05 [-1934.923828125,1292.031738281] 196.34528587203675 255.08711868991512 78.39006787148068 23.931382731484746 82.51105998681987
174.46780405665342 -60.86488344576072 7.875 66.8125 [174.46780405665342,-60.86488344576072] 552.4672135155797 1.5878877164955905 0.0003027736415781351 1.7866790975315256e-05 [-340.2001953125,979.6977539062] 139.87088874480585 210.85497263662535 52.520076101473904 28.860419477607365 72.86225528774685
174.3235014787098 -62.03569787519591 11.625 104.0 [174.3235014787098,-62.03569787519591] 228.00977136517602 0.8992877222693206 0.0005808626842400648 1.9412472108735226e-05 [-449.4169921875,3087.533447266] 345.1165124323961 279.2995340412726 150.32536299860192 15.147070396609024 69.6959912395132
174.30944831390002 -62.032634696719235 11.8125 106.34375 [174.30944831390002,-62.032634696719235] 119.02939724089455 0.7106293515787144 0.0007379025422163604 1.9487263214301983e-05 [-461.3247070312,3082.119628906] 340.2988521395106 275.8493804925714 146.35778339111988 15.15994227932947 69.78224549730407
173.02659571086588 -62.20566174575991 7.375 61.8125 [173.02659571086588,-62.20566174575991] 25.69146229210847 2.1396384581280685 0.00025655647714431344 2.0400089935389188e-05 [-1535.186523438,3412.817626953] 350.2832752667681 270.63383086770625 156.7458222354194 11.068388160219456 76.05886801249221
173.02183502841282 -62.20647809817627 7.375 61.8125 [173.02183502841282,-62.20647809817627] 26.908523255504157 3.272857368664963 0.00016747822084998485 2.037014502483219e-05 [-1539.138671875,3414.396728516] 350.2832752667681 270.63383086770625 156.7458222354194 11.051004200688112 76.081305866403
172.41252132159715 -59.54205709448502 7.46875 62.828125 [172.41252132159715,-59.54205709448502] 155.5478714253789 0.3948408032509409 0.0012292265755473586 1.8036932122807354e-05 [-2228.869140625,-1361.002441406] 121.45636227920527 164.208377206583 51.154694233527266 40.39414281624977 89.26977159763032
172.39772083792704 -59.55116278126669 7.46875 62.828125 [172.39772083792704,-59.55116278126669] 116.6778457440143 1.510392429843272 0.0003173810180319356 1.781473851983012e-05 [-2241.754882812,-1344.123046875] 121.45636227920527 164.208377206583 51.154694233527266 40.26228957902731 89.3213438767109
178.79081729161945 -62.15571970047822 6.4375 52.28125 [178.79081729161945,-62.15571970047822] 591.6130385841785 1.5518794642962663 0.0003702901244775547 2.13554545157889e-05 [3305.546875,3400.242431641] 287.4536655504911 279.3663005166721 102.33903424315048 20.01941801209182 45.04822718701166
178.80523672111127 -62.154426537021806 6.4375 52.28125 [178.80523672111127,-62.154426537021806] 622.9950955096743 1.1662804128235251 0.0004919984151809575 2.1324329712988433e-05 [3317.782714844,3398.644042969] 287.4536655504911 279.3663005166721 102.33903424315048 20.052044922611913 44.97267442332645
170.82621787059924 -57.96954712692702 5.78125 45.65625 [170.82621787059924,-57.96954712692702] 1.0296173463031595 1.3319292945223107 0.0004978213654454188 2.464128806276352e-05 [-3844.01171875,-4114.151367188] 51.757617428714084 80.11225842150571 37.20583338262736 55.06755462342471 104.71630976925348
170.83016998944976 -57.96696856284087 5.78125 45.65625 [170.83016998944976,-57.96696856284087] -314.732865680863 2.211891341602532 0.00030003954978129 2.4663289280192974e-05 [-3840.524414062,-4119.010742188] 51.757617428714084 80.11225842150571 37.20583338262736 55.10512584196954 104.70292902657616
175.11952191447514 -62.02799988373364 9.5 83.28125 [175.11952191447514,-62.02799988373364] 298.44182372807495 0.3789769465995973 0.0013699599309028058 1.9294314818342014e-05 [222.51953125,3072.301513672] 358.1239434214888 293.7811222645603 155.45208397012752 16.477014694372883 65.41709085632056
170.1351469493011 -58.631233256570795 7.625 64.375 [170.1351469493011,-58.631233256570795] -115.18025971655494 0.598811872254443 0.0009841650565308752 2.1901156393352986e-05 [-4418.40625,-2883.112304688] 108.73166542450755 135.96886039471423 52.74059418277099 46.120105433184335 106.12383886374164
169.11444088341105 -62.34199529510797 7.71875 65.21875 [169.11444088341105,-62.34199529510797] 401.43590870543954 0.46603466524962245 0.0016236347331270368 2.8119996262432892e-05 [-4789.268554688,3845.498291016] 258.4799483279551 249.2101151337093 113.48099043852909 2.3095717928179056 96.13409370394652
176.4229887805988 -59.13856530264282 8.375 71.4375 [176.4229887805988,-59.13856530264282] 716.9526692540414 0.971265577203049 0.0005011124658664583 1.8087640049922023e-05 [1446.620605469,-2111.352539062] 49.22032573845762 55.30097245282606 47.54048078032687 51.95064199958233 67.07348884130738
172.80404676182962 -59.79500959210684 7.3125 61.046875 [172.80404676182962,-59.79500959210684] 268.96414257089305 0.5713698450834784 0.0008262062837501029 1.7543430187258836e-05 [-1857.826171875,-918.1162109375] 112.70663427655082 178.36439322667502 48.951260166877766 38.23766534103834 86.07589141590415
174.3807676009182 -59.16690456427463 8.3125 71.21875 [174.3807676009182,-59.16690456427463] -24.965241613054822 0.43742579861509673 0.0010932482928494658 1.7771819939473936e-05 [-438.4833984375,-2075.928710938] 72.68645647432282 80.21017153012568 44.77008164400865 48.26490721314349 79.10245728381597
174.38990796129815 -59.17169177160257 8.25 70.78125 [174.38990796129815,-59.17169177160257] -0.9220512576785523 0.41192992841057713 0.0011664441322964713 1.785648578274112e-05 [-429.9907226562,-2067.374023438] 71.58831583525601 81.73191695176445 44.060281704819836 48.22566305569876 79.03225563792262
174.38473521128154 -59.17149326240673 8.25 70.78125 [174.38473521128154,-59.17149326240673] -0.12782043582704186 0.6043633196350813 0.0007939388659870524 1.783174577474071e-05 [-434.7646484375,-2067.697265625] 71.58831583525601 81.73191695176445 44.060281704819836 48.21897062284552 79.06347154093578
171.6471098695931 -62.293987336950174 16.5 153.375 [171.6471098695931,-62.293987336950174] 88.38846974749157 0.4538770440636479 0.001318668743059886 2.224245051453434e-05 [-2684.015625,3615.756347656] 313.0912605130437 279.4573086289277 149.04939478541883 7.656338321934072 83.05173040713657
176.38755789309852 -58.832401188711046 7.5625 63.671875 [176.38755789309852,-58.832401188711046] 488.9707104193745 3.1968857618476396 0.00015266495892998127 1.8137406464185436e-05 [1426.532226562,-2662.918945312] 42.75776421454938 38.263143550670996 49.556904153047654 55.4503754561465 68.21411758850331
169.68212909919512 -59.120273759984244 11.5 102.78125 [169.68212909919512,-59.120273759984244] 407.98303417715033 2.9107610365143963 0.00021108338718109243 2.283333300424115e-05 [-4773.322265625,-1973.979492188] 144.8081084310743 203.25270552978526 80.20889962083567 39.641088409446866 106.72153601598461
180.22965999680073 -61.91475293697718 6.21875 50.203125 [180.22965999680073,-61.91475293697718] 841.1631955044645 1.9741188226032322 0.0003427024910598044 2.5141967104473258e-05 [4547.070556641,3053.415283203] 285.1136161929807 277.9182315439177 112.32169734253685 24.512835291696547 37.71869826827378
177.571838361069 -58.841117790366916 6.125 49.1875 [177.571838361069,-58.841117790366916] 584.5804938376903 1.2012510828361684 0.0004199054972823875 1.87453716670277e-05 [2528.369140625,-2611.747070312] 33.236698247946514 31.5428722947981 40.28651420223136 57.14225626240477 61.046657085979405
178.25703439486426 -59.80260463715479 5.90625 47.015625 [178.25703439486426,-59.80260463715479] 375.52151173780777 2.31131850885273 0.00021365200429089042 1.8351664948833406e-05 [3077.338378906,-854.0600585938] 64.7692235528026 88.71877916850568 47.23081900998923 46.87719317267852 54.30537468025295
178.31875618866266 -59.90488445111545 7.15625 59.53125 [178.31875618866266,-59.90488445111545] 539.8327511809201 0.13390015022804266 0.003698744344766604 1.8405350045911247e-05 [3123.506347656,-667.3095703125] 68.77405289744915 96.00348901307915 48.17682134083772 45.76439386234597 53.66737773146906
178.32806410526263 -59.904903519188544 7.15625 59.53125 [178.32806410526263,-59.904903519188544] 541.58599308372 1.262643084773943 0.0003940112848156119 1.8488342088553976e-05 [3131.890380859,-666.833984375] 68.77405289744915 96.00348901307915 48.17682134083772 45.77669055712386 53.61269741678302
174.79812631192954 -61.37372215235582 7.25 60.4375 [174.79812631192954,-61.37372215235582] 403.1185316594586 0.7321333983105209 0.0006762102128283844 1.8398425038819495e-05 [-49.89306640625,1894.53125] 196.02505451030802 231.20143214633956 72.99097582501992 23.528686788433788 69.32350380650405
173.85177637886005 -60.08754724374817 7.28125 60.953125 [173.85177637886005,-60.08754724374817] 442.0618060941828 1.8610888561348882 0.00025523624473736806 1.7652985240016524e-05 [-901.38671875,-413.6201171875] 121.5976022022683 179.6700462483875 54.338429537229956 36.76081120501726 79.01673344242818
176.66213988896803 -59.39804467534271 7.03125 58.234375 [176.66213988896803,-59.39804467534271] 591.8632317998024 0.19228800525992998 0.0025435125838784776 1.817585242975824e-05 [1654.695800781,-1638.899414062] 62.135128844909055 76.06839917159508 46.33252097295731 49.30306066692606 64.87211444440436
176.64942936374626 -59.39866631213501 7.03125 58.234375 [176.64942936374626,-59.39866631213501] 630.599517140046 0.46229254741630205 0.0010535551986182836 1.8100179834928195e-05 [1643.024414062,-1638.098632812] 62.135128844909055 76.06839917159508 46.33252097295731 49.27653398508937 64.94553552789034
179.88140875987767 -62.121803337993406 7.625 64.15625 [179.88140875987767,-62.121803337993406] 1116.4795908706838 0.03573701734115709 0.018808853234261524 2.4979821098898386e-05 [4224.348632812,3401.612792969] 341.4559330694808 312.5027274469725 134.86244055385743 21.690314730515183 39.150889464437796
175.08782945912694 -59.82601553706068 7.75 65.53125 [175.08782945912694,-59.82601553706068] 169.5978138545021 1.15937787778877 0.0004130512091709089 1.7796623400981628e-05 [209.7094726562,-890.880859375] 90.21688434101867 127.05781586785803 52.38022707167945 41.858510019850655 72.76878455835708
