data_processed/hvc_rms/hvc_rms_index_16_with_B.ecsv
# %ECSV 1.0
# ---
# datatype:
# - {name: ra_dec_obj.ra, unit: deg, datatype: float64}
# - {name: ra_dec_obj.dec, unit: deg, datatype: float64}
# - {name: 'H-alpha flux [Error]', unit: R, datatype: float32}
# - {name: H-alpha flux, unit: R, datatype: float32}
# - {name: ra_dec_deg, datatype: string, subtype: 'float64[2]'}
# - {name: RM, unit: rad / m2, datatype: float64}
# - {name: RM_uncert, unit: rad / m2, datatype: float64}
# - {name: pol_int, datatype: float64}
# - {name: pol_int_uncert, datatype: float64}
# - {name: ra_dec_pix_offsets, datatype: string, subtype: 'float64[2]'}
# - {name: interpolation_raw, unit: rad / m2, datatype: float64}
# - {name: interpolation_cor, unit: rad / m2, datatype: float64}
# - {name: interpolation_unc, unit: rad / m2, datatype: float64}
# - {name: pixel location x, datatype: float64}
# - {name: pixel location y, datatype: float64}
# - {name: 'B_virtual [raw]', unit: G, datatype: float64}
# - {name: 'B_virtual_unc [raw]', unit: G, datatype: float64}
# - {name: 'B_virtual [int]', unit: G, datatype: float64}
# - {name: 'B_virtual_unc [int]', unit: G, datatype: float64}
# - {name: 'B_virtual [cor]', unit: G, datatype: float64}
# - {name: 'B_virtual_unc [cor]', unit: G, datatype: float64}
# meta: !!omap
# - __serialized_columns__:
#     ra_dec_obj:
#       __class__: astropy.coordinates.sky_coordinate.SkyCoord
#       dec: !astropy.table.SerializedColumn
#         __class__: astropy.coordinates.angles.Latitude
#         unit: &id001 !astropy.units.Unit {unit: deg}
#         value: !astropy.table.SerializedColumn {name: ra_dec_obj.dec}
#       frame: icrs
#       ra: !astropy.table.SerializedColumn
#         __class__: astropy.coordinates.angles.Longitude
#         unit: *id001
#         value: !astropy.table.SerializedColumn {name: ra_dec_obj.ra}
#         wrap_angle: !astropy.coordinates.Angle
#           unit: *id001
#           value: 360.0
#       representation_type: spherical
# schema: astropy-2.0
ra_dec_obj.ra ra_dec_obj.dec "H-alpha flux [Error]" "H-alpha flux" ra_dec_deg RM RM_uncert pol_int pol_int_uncert ra_dec_pix_offsets interpolation_raw interpolation_cor interpolation_unc "pixel location x" "pixel location y" "B_virtual [raw]" "B_virtual_unc [raw]" "B_virtual [int]" "B_virtual_unc [int]" "B_virtual [cor]" "B_virtual_unc [cor]"
[from data line 660]
70.03567499058154 -71.9553680503049 1.3671875 1.6435547 [70.03567499058154,-71.9553680503049] 17.072381220029985 0.2764753639765134 0.001843049922257485 1.8936610248210433e-05 [2083.3203125,-603.666015625] 24.81350647518872 26.200824961898476 7.794424990454305 88.06552070421185 33.04818006751452 3.5176340325647344e-06 2.079485683604788e-06 -1.5949998595359916e-06 2.2634811248202097e-06 -1.8808462602203289e-06 2.302883616242282e-06
67.62289409481109 -69.60693334208976 1.3359375 1.3637695 [67.62289409481109,-69.60693334208976] 27.243799538547204 1.0819514844307558 0.0006102836114553982 2.4538510530567153e-05 [831.7138671875,-4884.595703125] 33.57589694826788 32.20791303607252 8.023636656982957 68.10303362076354 60.47843190928825 6.162342301890756e-06 3.4618707907337994e-06 -1.4322727515449712e-06 2.5237752526220164e-06 -1.1228450919228276e-06 2.484626069954258e-06
66.8511123750619 -73.88367458078567 1.3125 1.097168 [66.8511123750619,-73.88367458078567] 0.8491218862560466 2.268491852061407 0.00023350229429396988 1.968507523584695e-05 [277.1884765625,2803.474609375] 18.721193354459253 16.304434295955218 6.636175734929337 87.79959839534308 1.4005014687618313 2.1413226420111498e-07 1.8601621918649686e-06 -4.506993862005457e-06 3.698081486172175e-06 -3.897533550591492e-06 3.4353728379512788e-06
74.04701239322837 -72.08401498270116 1.4375 2.3515625 [74.04701239322837,-72.08401498270116] 39.407553743906135 1.8163733536103999 0.000351692559030387 2.373979722500383e-05 [4278.520507812,-160.8208007812] 36.796773439053304 37.02060527327128 8.984553797425505 102.4895991063861 37.78596959718266 6.78812526119928e-06 2.4959431605363345e-06 4.4971844367664115e-07 1.9918555457117117e-06 4.111624211945158e-07 1.991009499910281e-06
70.15753185948614 -71.76229078555646 1.3828125 1.7949219 [70.15753185948614,-71.76229078555646] 20.835932938564763 0.9021853133180205 0.000552737380310884 1.8532042690513395e-05 [2173.342285156,-946.19140625] 25.982594680868992 26.554189639394252 8.120284908968642 87.58447787548039 35.89416163095029 4.108079220444519e-06 2.1394485436908954e-06 -1.0147323002313887e-06 2.1588949881238043e-06 -1.12742979155813e-06 2.1676264444064767e-06
61.39371082248516 -70.43994161054906 1.3125 1.1391602 [61.39371082248516,-70.43994161054906] 45.73926052928963 1.9025676359396706 0.0003423585532957075 2.420638801362718e-05 [-2951.077148438,-3275.092773438] 27.315943965469714 26.44801125578762 7.192728895464331 50.0745879111264 34.24971285495258 1.1319972713841231e-05 6.840136978251818e-06 4.5595717636788746e-06 3.6687510248631924e-06 4.774375730279079e-06 3.760500632346595e-06
73.38673388438842 -70.67440769280631 2.421875 12.292969 [73.38673388438842,-70.67440769280631] 12.540827059042678 0.150488294051429 0.004077556696757727 2.2804020913797292e-05 [4212.678710938,-2725.170898438] 41.82677880511417 42.34240207808519 11.021648017109257 94.63492407247713 56.285301983131376 9.448142270351862e-07 5.423505121433055e-07 -2.2063763204519067e-06 1.0268493204149771e-06 -2.2452228974599356e-06 1.0283473542667915e-06
68.58341983050053 -71.0596007732203 1.3515625 1.487793 [68.58341983050053,-71.0596007732203] 19.689222298926023 0.4593080570320009 0.001110459705130327 1.8954641334035773e-05 [1335.702636719,-2255.234375] 27.625558456271012 27.23953850162887 7.289719324514378 78.71635885509477 42.5226015158205 4.263889542349284e-06 2.491203325934929e-06 -1.7186895567590616e-06 2.330968674576337e-06 -1.6350932408280586e-06 2.318038224372397e-06
66.65084100730363 -69.93532564491476 1.375 1.7651367 [66.65084100730363,-69.93532564491476] 34.433027098407536 1.0728741246273148 0.0005483441813242093 2.1863048274832452e-05 [218.677734375,-4302.58984375] 30.508419568212787 29.28439861277087 7.086584607223252 66.07090427019966 53.85658154616431 6.845964833297483e-06 3.0776404206722024e-06 7.802893733223449e-07 2.016154351589752e-06 1.0236488779115328e-06 2.033477792031282e-06
61.58267167176629 -71.15083309566148 1.34375 1.418457 [61.58267167176629,-71.15083309566148] 34.17911197915152 1.0632513624314266 0.0005218178429335759 2.0618809030102946e-05 [-2738.26171875,-2008.94921875] 26.619716442283174 23.774811896122383 6.197585597997905 55.13933451935327 25.41246754101917 7.580560478690261e-06 3.977965410918206e-06 1.676592858367009e-06 2.238032348908039e-06 2.3075621761605053e-06 2.3649871365172235e-06
73.76730360383951 -73.09277350364323 1.375 1.746582 [73.76730360383951,-73.09277350364323] 8.714289371492939 1.6862586685119914 0.00039806631331646656 2.4945276666543448e-05 [3899.792480469,1621.356445312] 24.555644333111612 29.887582716069545 8.30794032109232 105.5682767479484 23.557094732609812 1.7417511964931673e-06 1.6017878139976975e-06 -3.1662592074039953e-06 2.5422426851115713e-06 -4.231969750426023e-06 2.7836085500692676e-06
63.38550571840214 -72.71371472035581 1.2734375 0.7648926 [63.38550571840214,-72.71371472035581] 21.094429552458063 2.454410899037508 0.0002045593828179961 1.8658442077014325e-05 [-1556.302734375,734.3422851562] 16.733970110023133 11.262507159257607 6.471564648588954 70.53932498473432 9.435535916309163 6.371126030791319e-06 5.785791769002258e-06 1.3169844954005763e-06 3.171080472514195e-06 2.96952408863506e-06 3.875776288880143e-06
63.473728342734475 -72.69190991286612 1.28125 0.8359375 [63.473728342734475,-72.69190991286612] 26.800679778623653 0.6706654052566858 0.0007514394511866413 1.8728741703241482e-05 [-1511.021484375,692.8876953125] 16.684292868851557 11.278928526923128 6.44699531611548 70.67807653262423 9.91845860553235 7.742969345697941e-06 6.310616312076173e-06 2.9227196615386723e-06 3.5613003141998864e-06 4.4843804383396824e-06 4.423808193377259e-06
70.11273176751587 -70.1510772587049 1.3203125 1.2363281 [70.11273176751587,-70.1510772587049] 18.20979956440182 1.4021453161498572 0.0004572525038618281 2.3826366673489405e-05 [2330.529785156,-3841.2734375] 40.222620531834494 36.566068944595386 9.503131952919675 80.10774358637525 57.93902543978584 4.32600408516322e-06 2.8920158367401703e-06 -5.229467413646872e-06 3.998988999874633e-06 -4.360800131062971e-06 3.680920989485793e-06
61.1685366027355 -72.67337791039394 1.2734375 0.7080078 [61.1685366027355,-72.67337791039394] 11.295409612750564 0.15745372020527146 0.003282178061420764 1.9205418169602972e-05 [-2745.283203125,741.228515625] 21.21390379944954 16.93547512416473 7.051891709172425 63.55078035008762 4.721261351703788 3.5459417240053227e-06 3.886176200851974e-06 -3.1136898600134725e-06 4.201400157155526e-06 -1.7705726758656987e-06 3.5061454255229096e-06
67.70794715676472 -72.70078268750234 1.328125 1.3081055 [67.70794715676472,-72.70078268750234] -4.297827254093799 1.895190014946526 0.0002619307462399928 1.8447942783932755e-05 [755.4125976562,682.1821289062] 17.39771188651804 16.494161191922398 6.594720379225771 84.05012997122367 18.677568218490705 -9.926044300008468e-07 1.7513271851764458e-06 -5.010691912225023e-06 3.434931314103772e-06 -4.802012416944777e-06 3.354765256864839e-06
67.7185595327052 -72.69848634470205 1.328125 1.3081055 [67.7185595327052,-72.69848634470205] 5.684868914157912 1.0420631327032537 0.00047687723151131463 1.8467551632641805e-05 [761.1889648438,678.18359375] 17.39771188651804 16.494161191922398 6.594720379225771 84.07215191340015 18.728657871708492 1.3129485515715643e-06 1.7691252934688968e-06 -2.705138930652611e-06 2.6337267311204057e-06 -2.4964594353723663e-06 2.578369215467441e-06
73.18821710574213 -71.06197381571933 1.421875 2.2246094 [73.18821710574213,-71.06197381571933] -24.872793365144208 3.2032863161229272 0.00017958439284983328 2.1378294348490237e-05 [4016.239257812,-2046.024414062] 43.02733585502605 38.46645919612935 10.71549764018455 95.40543088835238 50.59996968605719 -4.405004075542999e-06 1.9994083314979674e-06 -1.2025201253185106e-05 4.626015211122885e-06 -1.1217464061163753e-05 4.396652564648883e-06
73.5095976359042 -72.70381934069455 1.2578125 0.61572266 [73.5095976359042,-72.70381934069455] 18.208195053054002 1.226233239166574 0.0005017032739262489 2.2862763426901285e-05 [3849.9921875,909.896484375] 27.046642221863337 30.55390241156831 7.829351362075516 103.12447974322981 28.49527446107527 6.129470569594791e-06 6.724878023188859e-06 -2.97530873567002e-06 4.687955332567436e-06 -4.155966568589178e-06 5.5523989106754665e-06
73.50108343735167 -72.70214835815044 1.2578125 0.61572266 [73.50108343735167,-72.70214835815044] 11.75522443204859 2.0014057877200098 0.0003052791563367275 2.2706019544243457e-05 [3845.831787109,906.3657226562] 27.046642221863337 30.55390241156831 7.829351362075516 103.08908900927952 28.50558647140315 3.957190813547343e-06 4.7403203163766634e-06 -5.147588491717467e-06 6.388450295785569e-06 -6.328246324636625e-06 7.420074303348073e-06
71.31285846144945 -70.00350963519692 1.4296875 2.3154297 [71.31285846144945,-70.00350963519692] 37.88433997363128 1.9748623844196076 0.0003666449467149764 2.690860878487765e-05 [3083.654785156,-4051.98828125] 43.270086269184816 40.77075793600327 11.040846999396322 84.05218444731213 62.16807257529604 6.576465722464046e-06 2.4630857402880045e-06 -9.349292062960168e-07 2.3147216735280228e-06 -5.010626766483543e-07 2.3007620914742867e-06
62.14513484921071 -72.31240072366447 1.3125 1.1132812 [62.14513484921071,-72.31240072366447] 29.82917218628003 0.03453768607894698 0.015579506017750898 1.9996575362921057e-05 [-2268.356445312,52.6591796875] 23.003296652145714 16.98856004431807 5.885370475410854 64.22423821371785 11.726033171813242 7.467709031105212e-06 4.785457972815487e-06 1.7088523963430788e-06 2.50607078422783e-06 3.2146368212508854e-06 2.9860598167135685e-06
62.27301435884152 -72.32111346041806 1.3203125 1.2109375 [62.27301435884152,-72.32111346041806] 34.74682877448614 0.06677578561544266 0.007887551136135365 1.957356341412153e-05 [-2197.549804688,63.55517578125] 22.874111348923186 17.03423567516164 5.86197828722241 64.67629075720515 11.921050288579409 8.340708515737367e-06 4.905368751128381e-06 2.849954336237144e-06 2.698772440822724e-06 4.251771494260963e-06 3.212902194743011e-06
62.22027240148133 -72.3171767357056 1.3203125 1.2109375 [62.22027240148133,-72.3171767357056] 28.959769882347008 0.25273678142729444 0.002127311850565071 1.998059022396557e-05 [-2226.788085938,58.42626953125] 22.874111348923186 17.03423567516164 5.86197828722241 64.48767646237934 11.845242324257242 6.951569619177666e-06 4.192914330761198e-06 1.460815439677444e-06 2.3363595961445904e-06 2.862632597701263e-06 2.7034991997951354e-06
64.1019058779849 -68.93292245704313 1.28125 0.83984375 [64.1019058779849,-68.93292245704313] -5.790705850540555 1.2680641890911983 0.0005955471194071064 2.8065066104644646e-05 [-1419.815429688,-6079.279296875] 36.399301532738775 32.64193363242221 7.036334011566076 51.12499160081711 61.55510582484726 -1.6690943676544099e-06 2.418276296213195e-06 -1.2160711580291364e-05 9.775546752387135e-06 -1.1077699981793673e-05 8.98408452042051e-06
65.30704492256288 -73.03615577461262 1.2890625 0.89331055 [65.30704492256288,-73.03615577461262] 17.111730292403507 1.236356770519867 0.000409711816653743 1.8824827462859335e-05 [-519.5903320312,1281.274414062] 18.16040384061115 13.364677123733776 5.989613006382708 78.35368475138716 9.420427016104668 4.782349700291816e-06 4.004738283413112e-06 -2.9308103524756695e-07 2.606577674131646e-06 1.047218387150502e-06 2.70714159118503e-06
63.94773841555552 -69.73709133021873 1.3125 1.1455078 [63.94773841555552,-69.73709133021873] 37.90650240839309 0.18379223686483348 0.0032280989759634476 2.204868579777802e-05 [-1463.939453125,-4631.076171875] 34.027758520511654 29.99826421777977 7.688211465446363 55.00542437655349 50.22222213164969 9.355420678102284e-06 5.693967658380926e-06 9.57283802731276e-07 2.625890039675845e-06 1.9517731891676877e-06 2.8050368752373703e-06
63.96870013811365 -69.7292403438904 1.3046875 1.0092773 [63.96870013811365,-69.7292403438904] 39.3542819054937 0.06964267715051958 0.008468669398760804 2.191792012399239e-05 [-1451.421875,-4645.69140625] 34.130433167908144 30.100104110231317 7.642596861673782 55.038396681740096 50.38050371796248 1.0347498314042595e-05 6.998966088887952e-06 1.3735167658448468e-06 2.8686755102729734e-06 2.4332190678585484e-06 3.1539247155044386e-06
63.962810595155446 -69.73216226168535 1.3046875 1.0092773 [63.962810595155446,-69.73216226168535] 42.64020190390032 0.38294774369052387 0.0015487716445550183 2.2041218863434904e-05 [-1454.890625,-4640.298828125] 34.130433167908144 30.100104110231317 7.642596861673782 55.0331403374621 50.32633816422344 1.1211471686120435e-05 7.545041374574876e-06 2.2374901379226873e-06 3.0931733600935576e-06 3.297192439936389e-06 3.473538325840647e-06
62.83277072118686 -71.11122153550988 1.375 1.7573242 [62.83277072118686,-71.11122153550988] 36.364562109591404 1.0262623365489976 0.0005201256846479426 1.9836972642516337e-05 [-2017.223632812,-2129.52734375] 23.928735835008563 21.41474291881743 6.362010797134676 59.067298869044635 29.087846809810344 7.246045376012233e-06 3.232448862640838e-06 2.477977356148753e-06 2.141020837404739e-06 2.978918538687825e-06 2.2415385893902316e-06
67.86392235799472 -73.86576083919574 1.2734375 0.73583984 [67.86392235799472,-73.86576083919574] -0.15127014418274892 2.0822278607594837 0.0002547568390259904 1.9713457818157143e-05 [784.0014648438,2780.165527344] 18.646272598090988 17.83134609940449 6.874678885002666 90.70828978199688 3.522510392574759 -4.6581149872297786e-08 2.2492429658552414e-06 -5.7883937404789794e-06 5.907374403668628e-06 -5.537450544944222e-06 5.7224152212347676e-06
64.76517508959837 -72.2054826117508 1.3203125 1.2011719 [64.76517508959837,-72.2054826117508] 27.66617068631799 1.5064197486652313 0.0003403725596858421 1.905501277783448e-05 [-842.2797851562,-207.4448242188] 16.669319129968812 13.811805495926777 6.864223817260991 71.86520597895674 19.16951767027672 6.667992594018427e-06 4.094903191737443e-06 2.650418287613594e-06 2.8096100236701528e-06 3.339125082823307e-06 3.0287459151557708e-06
69.37825802123442 -71.64928441647787 1.3203125 1.2172852 [69.37825802123442,-71.64928441647787] 36.7169683858006 1.8274972518559156 0.00027210912939993237 1.8480280063210157e-05 [1745.540039062,-1174.637695312] 22.13228117479498 23.24506897878311 7.514086788842218 84.35246292563204 36.01133503025676 8.790615543889162e-06 5.133547434429438e-06 3.4918018490167327e-06 3.149795477472114e-06 3.2253830732615066e-06 3.062741008191097e-06
65.21266136475484 -69.47805019396525 1.328125 1.2919922 [65.21266136475484,-69.47805019396525] 3.3004437501546096 0.31100778209963365 0.0021256717327539235 2.4568359403383403e-05 [-684.0493164062,-5119.276367188] 34.049816047423676 31.115229174281183 7.229987796935054 58.29544832207739 56.81835136714312 7.669923385996959e-07 1.6768020115510946e-06 -7.145867269408935e-06 4.402044066616789e-06 -6.463896656048204e-06 4.1049782520251865e-06
71.5198822184334 -70.83494563841656 1.3984375 1.9936523 [71.5198822184334,-70.83494563841656] -2.9233494841338925 0.8477281088151949 0.0006679627219392842 2.1043477629930366e-05 [3082.254638672,-2550.990234375] 39.31100262597755 37.25887785272992 11.379413337568943 88.33346873650589 51.00695539519893 -5.46895888513341e-07 1.3338983466879887e-06 -7.901139993149991e-06 3.802203548169998e-06 -7.517231532223018e-06 3.698743282363065e-06
71.50944536111265 -70.83507532825382 1.3984375 1.9936523 [71.50944536111265,-70.83507532825382] -4.0980456608042095 1.4794246079878544 0.00038132361616406246 2.096501822565899e-05 [3076.092773438,-2551.291992188] 39.31100262597755 37.25887785272992 11.379413337568943 88.29556457087381 50.98726000658485 -7.666563081142405e-07 1.3669602521201339e-06 -8.12090041275089e-06 3.869086181876835e-06 -7.736991951823919e-06 3.7645259477575506e-06
