data_processed/hvc_rms/hvc_rms_index_7_with_B.ecsv
# %ECSV 1.0
# ---
# datatype:
# - {name: ra_dec_obj.ra, unit: deg, datatype: float64}
# - {name: ra_dec_obj.dec, unit: deg, datatype: float64}
# - {name: 'H-alpha flux [Error]', unit: R, datatype: float32}
# - {name: H-alpha flux, unit: R, datatype: float32}
# - {name: ra_dec_deg, datatype: string, subtype: 'float64[2]'}
# - {name: RM, unit: rad / m2, datatype: float64}
# - {name: RM_uncert, unit: rad / m2, datatype: float64}
# - {name: pol_int, datatype: float64}
# - {name: pol_int_uncert, datatype: float64}
# - {name: ra_dec_pix_offsets, datatype: string, subtype: 'float64[2]'}
# - {name: interpolation_raw, unit: rad / m2, datatype: float64}
# - {name: interpolation_cor, unit: rad / m2, datatype: float64}
# - {name: interpolation_unc, unit: rad / m2, datatype: float64}
# - {name: interpolation_cor_unc, unit: rad / m2, datatype: float64}
# - {name: HI, unit: dex(1 / cm2), datatype: float64}
# - {name: 'HI [Error]', unit: dex(1 / cm2), datatype: float64}
# - {name: pixel location x, datatype: float64}
# - {name: pixel location y, datatype: float64}
# - {name: 'B_virtual [raw]', unit: G, datatype: float64}
# - {name: 'B_virtual_unc [raw]', unit: G, datatype: float64}
# - {name: 'B_virtual [int]', unit: G, datatype: float64}
# - {name: 'B_virtual_unc [int]', unit: G, datatype: float64}
# meta: !!omap
# - __serialized_columns__:
#     ra_dec_obj:
#       __class__: astropy.coordinates.sky_coordinate.SkyCoord
#       dec: !astropy.table.SerializedColumn
#         __class__: astropy.coordinates.angles.Latitude
#         unit: &id001 !astropy.units.Unit {unit: deg}
#         value: !astropy.table.SerializedColumn {name: ra_dec_obj.dec}
#       frame: icrs
#       ra: !astropy.table.SerializedColumn
#         __class__: astropy.coordinates.angles.Longitude
#         unit: *id001
#         value: !astropy.table.SerializedColumn {name: ra_dec_obj.ra}
#         wrap_angle: !astropy.coordinates.Angle
#           unit: *id001
#           value: 360.0
#       representation_type: spherical
# schema: astropy-2.0
ra_dec_obj.ra ra_dec_obj.dec "H-alpha flux [Error]" "H-alpha flux" ra_dec_deg RM RM_uncert pol_int pol_int_uncert ra_dec_pix_offsets interpolation_raw interpolation_cor interpolation_unc interpolation_cor_unc HI "HI [Error]" "pixel location x" "pixel location y" "B_virtual [raw]" "B_virtual_unc [raw]" "B_virtual [int]" "B_virtual_unc [int]"
[from data line 574]
92.64443226221469 -53.83757376755568 1.84375 6.4003906 [92.64443226221469,-53.83757376755568] 43.37075904577515 2.1705762440081244 0.00023937061021398533 1.9308768498324512e-05 [-1969.5234375,-3369.08984375] 35.44776018318416 34.99916717866649 10.174664464938788 9.317301200210446 0.0 0.0 23.37010300805332 42.410075536334716 1.6480888469521663e-05 4.190631976577446e-06 3.0107395736535788e-06 4.79916586959469e-06
98.6372374284279 -56.040950732780615 1.8671875 6.703125 [98.6372374284279,-56.040950732780615] 51.0205312730294 1.7469592684528517 0.000325107623376616 2.1106617299592865e-05 [4157.297119141,694.056640625] 40.02103008198328 41.24486171535651 9.81090281971997 10.356447110147066 0.0 0.0 58.909884168214944 4.8392949744084035 1.9387801921544884e-05 4.591928187791063e-06 4.1798104607454614e-06 4.695320733814015e-06
98.64241781836256 -56.047779101379966 1.875 6.7539062 [98.64241781836256,-56.047779101379966] 49.25178396975747 0.6335341596086017 0.0009003922034839018 2.1198760366961105e-05 [4161.755859375,706.6362304688] 39.902696237322836 40.911497617073564 9.799809109198334 10.268352126827045 0.0 0.0 58.925709840310105 4.743049201608301 1.8715677944991343e-05 4.447307241418463e-06 3.552653345250544e-06 4.632151072359366e-06
90.99336963079826 -53.26094829054927 2.15625 9.535156 [90.99336963079826,-53.26094829054927] 42.07530465866107 0.12935140596091685 0.0053649858283610335 2.578982741379782e-05 [-3772.262695312,-4337.188476562] 35.451524870977146 32.190705523805974 7.939731902923647 8.567123875689079 0.0 0.0 12.78254784378123 52.16691159916036 1.5988615801458698e-05 4.03812693739118e-06 2.5170363242264884e-06 4.050877403352428e-06
90.98787724977004 -53.25953664325048 2.609375 14.042969 [90.98787724977004,-53.25953664325048] 43.631998338416835 0.4652085158265303 0.001492383920450451 2.5801022670433526e-05 [-3778.290039062,-4339.424804688] 35.52124031336698 32.0816623293267 7.9257321291557465 8.525248409625 0.0 0.0 12.745956047953655 52.19237995888875 1.658015940091902e-05 4.126839123373564e-06 3.082088055527029e-06 4.064551937304263e-06
90.53855136352534 -55.83757020774573 1.6328125 4.330078 [90.53855136352534,-55.83757020774573] 77.13033453166679 1.7326661971764996 0.00028908886400375657 1.8614654012112443e-05 [-3999.938476562,318.2592773438] 34.708671191116345 34.06028237459474 9.195169881155554 8.389848195451265 0.0 0.0 5.678133326519173 17.68706559213797 2.930952717916806e-05 6.2065088883299115e-06 1.6120232100833227e-05 5.394377375966814e-06
90.1146547516644 -54.49240091465541 1.8125 6.1015625 [90.1146547516644,-54.49240091465541] 23.785508413026868 2.0207214321828926 0.00028036477151744185 2.1054192697862335e-05 [-4579.2265625,-2072.299804688] 37.09729114176259 32.60638662913751 9.877448421727438 8.948493121679045 0.0 0.0 4.673742511784212 36.40193331095634 9.038493214569443e-06 3.257974359125802e-06 -5.058477446780344e-06 4.762058830298895e-06
95.61711100059908 -55.803970469708716 1.765625 5.6914062 [95.61711100059908,-55.803970469708716] 62.393051018767125 2.1055559802285577 0.00022140928843562764 1.7324923747542443e-05 [1131.050292969,152.5439453125] 39.66448802586257 43.16472631340021 10.214516253026558 10.822849779204503 0.0 0.0 39.59164291065554 12.438187934418693 2.370935943334947e-05 5.292334480149162e-06 8.636853954140028e-06 5.047260066630701e-06
89.96108978149495 -54.22572314304365 1.8984375 6.9472656 [89.96108978149495,-54.22572314304365] 47.09469392998983 0.6111019696291483 0.0010072125470961149 2.2874073585833954e-05 [-4770.157226562,-2540.850585938] 36.82836211829952 31.97258365890549 9.891686331953219 9.073339535994666 0.0 0.0 3.9928616941691644 40.18400832754946 1.7895983728281764e-05 4.323324631811994e-06 3.901206096047153e-06 4.6698854874612056e-06
92.75670583826992 -54.17007458101379 1.828125 6.3027344 [92.75670583826992,-54.17007458101379] 32.4313753199543 0.9981423067669329 0.0004888071401603863 1.8131707653247866e-05 [-1835.6015625,-2774.138671875] 34.57851208265798 34.97726933456117 10.046957170022084 9.46133434489695 0.0 0.0 23.51786316390121 37.82865005136932 1.2323922645606336e-05 3.564028350067842e-06 -8.159119714179011e-07 4.671126951941707e-06
96.20550530149487 -54.926906721815726 1.71875 5.169922 [96.20550530149487,-54.926906721815726] 28.389168018799307 0.8129673145230185 0.0005888674187246413 1.7790957174277526e-05 [1764.773925781,-1413.534179688] 42.58305109664765 47.78131679126527 9.947112161141284 10.909424034833304 0.0 0.0 45.52671812668905 23.077705909187443 1.0787883868173154e-05 3.3722837416890127e-06 -5.3936755800965605e-06 4.744355780431299e-06
90.55347477625975 -53.52349485193989 1.8828125 6.8378906 [90.55347477625975,-53.52349485193989] 53.14561756001298 1.2756484535568382 0.000506774869917449 2.4024523401925265e-05 [-4218.7890625,-3840.301757812] 36.245330186032106 30.823059220008005 9.19019768166598 8.55282033653975 0.0 0.0 9.22676836503183 49.115425897155774 2.0195334712172813e-05 4.694040787944836e-06 6.422109214631703e-06 4.582079707379948e-06
97.49871843523081 -55.700328829835975 1.84375 6.404297 [97.49871843523081,-55.700328829835975] 29.87051698626328 0.1967799084123999 0.0024992867320462616 1.8277026474676053e-05 [3041.326660156,22.6455078125] 42.90067530139075 44.45750478289214 9.68490635629135 10.68735024965502 0.0 0.0 52.29690713257639 11.043806890221958 1.135079647690678e-05 3.425249800840563e-06 -4.951460169400593e-06 4.637952120598855e-06
90.63261455871738 -54.74341191225959 1.84375 6.4296875 [90.63261455871738,-54.74341191225959] 57.59281358032001 1.863727358222607 0.0002780081273041301 1.9255224027938478e-05 [-4014.280273438,-1653.456054688] 34.10211098717437 32.003669277370534 9.032717102694203 7.766206770358089 0.0 0.0 7.876989297452042 32.48432906210428 2.1885269203183767e-05 4.986763096928555e-06 8.9264670027962e-06 4.715429638033957e-06
91.05654907669906 -57.07999042074912 1.609375 4.0585938 [91.05654907669906,-57.07999042074912] 63.91117921385743 0.8685142498716282 0.0005995323587978237 1.9350771290224284e-05 [-3365.5,2523.668945312] 39.26074688761551 36.36297174809313 9.323930754662902 9.167140770358666 0.0 0.0 7.441059789493693 0.3325972887801072 2.428624814860835e-05 5.336393051634762e-06 9.367164302231861e-06 4.7859780729471815e-06
92.98644242124098 -54.98182679894274 1.8515625 6.484375 [92.98644242124098,-54.98182679894274] 51.163655501992814 0.36861645887522543 0.0012760826737538502 1.7480837589726664e-05 [-1562.1796875,-1319.318359375] 37.664615145292686 35.05111088101938 10.162604202025829 9.39078031578823 0.0 0.0 23.5756662823095 26.704798939358625 1.9442189128657e-05 4.554225914433686e-06 5.12963534554553e-06 4.791507564816253e-06
93.03644554278576 -54.122047273180755 1.8125 6.1132812 [93.03644554278576,-54.122047273180755] 33.879249290761074 2.3422022846742454 0.00020675884578912174 1.7996879240036686e-05 [-1542.749023438,-2867.3515625] 34.91704499362709 35.744980516613296 10.025450824531145 9.695743708704011 0.0 0.0 25.550992120182855 38.114523442127165 1.287411475558543e-05 3.721704107828407e-06 -3.9436236785783744e-07 4.7314876689797665e-06
95.15520462829922 -53.93658059629228 1.796875 5.9941406 [95.15520462829922,-53.93658059629228] 26.55790823129021 1.6476423899160715 0.00030164590019777273 1.84700932028523e-05 [695.255859375,-3214.05859375] 43.062343184047336 45.8255217574635 10.855017274784693 10.977172890290282 18.43330192565918 9.21665096282959 40.64257565726348 37.610156177742965 1.0092005147563181e-05 3.3383138633847574e-06 -6.271685294273451e-06 5.089441937938194e-06
93.5219268861225 -56.18046575384091 1.734375 5.3808594 [93.5219268861225,-56.18046575384091] 82.72711876666442 0.9050752722265453 0.0005167924745934053 1.7382393760581528e-05 [-978.8271484375,828.0341796875] 39.435292369847 37.55335680855745 10.257764608210229 10.468617248222365 0.0 0.0 24.974386458933623 10.070480563607362 3.1436305192613005e-05 6.5474724130495914e-06 1.6450894062859256e-05 5.670777459660662e-06
97.1741639406142 -56.21785726762876 1.84375 6.4628906 [97.1741639406142,-56.21785726762876] 36.27151631360884 3.08110179605062 0.0001567668248016692 1.7950184318517537e-05 [2676.5078125,940.029296875] 39.34484962986704 41.54465337807365 9.334567519485525 9.7871790610705 0.0 0.0 48.89769311003454 4.814763989565108 1.3783176226039666e-05 3.912102716692999e-06 -1.167866662454703e-06 4.591059254780948e-06
94.52439100972897 -55.69495008508727 1.7265625 5.2265625 [94.52439100972897,-55.69495008508727] 49.78503963372148 1.5555745301302142 0.0003021965607410004 1.746984469833039e-05 [25.744140625,-52.7919921875] 37.24252095768135 39.59646957012489 10.568873252346583 10.288304349546832 0.0 0.0 32.555153339752906 15.320050892222298 1.8918315097692676e-05 4.5105770808116205e-06 4.766157106186184e-06 4.937075437801304e-06
94.52185034630637 -55.70389560513312 1.734375 5.341797 [94.52185034630637,-55.70389560513312] 57.02722622258614 0.6446532144221647 0.0007332658990284543 1.756694914398403e-05 [23.16162109375,-36.69091796875] 37.318437368178664 39.506466559864236 10.61590822511526 10.282888351103455 0.0 0.0 32.520148585333345 15.204838634536145 2.1670346006825934e-05 4.907984212059013e-06 7.4893397792742235e-06 5.043211879320785e-06
92.20405576154276 -54.945186542391454 1.875 6.7578125 [92.20405576154276,-54.945186542391454] 40.56082253625887 0.028335359267658133 0.016991807988831396 1.789274688971192e-05 [-2372.021484375,-1363.033203125] 37.45759090952761 34.152970882163984 9.273884037617634 8.044602792457791 0.0 0.0 18.311330813128166 28.10233996702982 1.5413112593824004e-05 3.95623271019507e-06 1.1792280204566125e-06 4.4209758077960785e-06
92.64551554034114 -56.900260871592806 1.6796875 4.7753906 [92.64551554034114,-56.900260871592806] 96.96214805685014 0.44613643796537805 0.0010770003384089192 1.785633143637206e-05 [-1821.596679688,2140.990478516] 36.02915655057486 36.37420070022752 8.02611233648548 9.032317786538993 0.0 0.0 18.01254709217028 1.345344804495653 3.684561633342825e-05 7.4909063434848336e-06 2.3154536817521024e-05 5.9800296192235255e-06
92.65393053105974 -56.90295785390333 1.6796875 4.7753906 [92.65393053105974,-56.90295785390333] 97.03211720525444 0.5118828901774686 0.0009374833866060742 1.7833759137377092e-05 [-1813.198242188,2145.621582031] 36.02915655057486 36.37420070022752 8.02611233648548 9.032317786538993 0.0 0.0 18.062926243227594 1.3007897498239345 3.687220460987371e-05 7.496234398040481e-06 2.3181125093966483e-05 5.984507009656007e-06
95.90110024690318 -56.47103491401576 1.8359375 6.357422 [95.90110024690318,-56.47103491401576] 73.73955493953333 2.168600130860554 0.0002174723474090566 1.7526380058356844e-05 [1393.8984375,1358.192382812] 37.98497566433684 38.6553376288371 9.571289635599761 9.403791948793252 0.0 0.0 40.00856429017222 3.288875747534121 2.802103093164561e-05 6.008295804547148e-06 1.3586740151060052e-05 5.258056119918067e-06
91.96289029982194 -54.28440466311818 1.75 5.4804688 [91.96289029982194,-54.28440466311818] 38.361992358117206 1.4471316130645728 0.0003472419537304284 1.8674497529315717e-05 [-2664.052734375,-2542.73828125] 36.227522440216724 33.5112660092064 9.697787959127824 9.151660125798772 0.0 0.0 17.805334178043722 37.25590542058262 1.4577557124501376e-05 3.879360419168901e-06 8.110985703833024e-07 4.58062775026173e-06
91.0088124184776 -56.51007843455375 1.5546875 3.5136719 [91.0088124184776,-56.51007843455375] 54.0572035784736 1.3196270220892303 0.00038284463489559977 1.8775109067466297e-05 [-3464.380859375,1501.660644531] 39.56372252689585 35.43562781324474 9.561778665953538 9.05848683363704 0.0 0.0 7.8868459453583455 8.126869909149264 2.054173739986311e-05 4.749728714986013e-06 5.507522810335661e-06 4.650185138434702e-06
90.99684155533537 -56.51115810511296 1.5546875 3.5136719 [90.99684155533537,-56.51115810511296] 56.00935820073907 1.6240316679782743 0.0003115884909545376 1.880548786281631e-05 [-3476.149414062,1504.200683594] 39.56372252689585 35.43562781324474 9.561778665953538 9.05848683363704 0.0 0.0 7.806625661892326 8.122406918851084 2.1283556157770058e-05 4.879485768963481e-06 6.24934156824261e-06 4.697707755039951e-06
96.35928335730965 -55.102733724728246 1.765625 5.6367188 [96.35928335730965,-55.102733724728246] 23.10522267843658 1.6674581029593942 0.0002823585637265018 1.749704052855849e-05 [1915.339355469,-1093.094726562] 43.67519455899503 47.969094668641375 9.843473647033726 10.733629539723138 0.0 0.0 46.147707442737556 20.55269595880236 8.779984634921208e-06 3.203119338718333e-06 -7.81658932984952e-06 4.865620025872056e-06
96.37298588206822 -55.07987583951939 1.765625 5.6835938 [96.37298588206822,-55.07987583951939] 22.864151718407946 1.848678079105107 0.00025308242544773625 1.7387293400319307e-05 [1930.545410156,-1133.841796875] 43.68164704876225 48.02611777767086 9.761353542605384 10.678093155661639 0.0 0.0 46.29419507302214 20.83012377267255 8.688377669931753e-06 3.20846010703056e-06 -7.910648240955298e-06 4.856664953598836e-06
93.43577615360401 -55.14151373304023 1.7265625 5.2734375 [93.43577615360401,-55.14151373304023] 13.79589264581007 2.4871990224455853 0.00018542657179808667 1.713922620100891e-05 [-1093.802734375,-1040.561523438] 37.29746980429174 37.46143605387494 10.831475026977904 10.393033644005634 0.0 0.0 26.32612819918768 24.03077263372279 5.242439215627203e-06 2.9934969053908734e-06 -8.930599337631943e-06 5.271545268288467e-06
95.54785158196174 -55.73301700176457 1.7578125 5.6054688 [95.54785158196174,-55.73301700176457] 58.7167673005615 1.1761713939818779 0.00039990830683751696 1.7479932091028187e-05 [1062.927734375,23.74853515625] 39.64230340107015 43.43325059377912 10.078135830324001 10.710746042655288 0.0 0.0 39.28678296372391 13.465458194276152 2.231237161770811e-05 5.024684309035789e-06 7.248296295936217e-06 4.882469901053015e-06
89.83586889188055 -53.661449300486034 1.9296875 7.2910156 [89.83586889188055,-53.661449300486034] 57.05916531633293 1.389365053459579 0.0005566272912259348 2.8740185697704585e-05 [-4968.267578125,-3545.06640625] 36.01189033684854 31.470262456850733 8.708728338551495 8.292533550275698 0.0 0.0 3.9442430696700512 47.998062013091385 2.1682482862473374e-05 4.932143006434422e-06 7.997964507794944e-06 4.540390099899791e-06
95.59326937420374 -56.08707815647527 1.7265625 5.298828 [95.59326937420374,-56.08707815647527] 71.17714227622352 1.582801935405293 0.0002915682696033816 1.715045061195877e-05 [1098.879882812,661.685546875] 38.994495167568516 40.88272479224594 10.39841885637088 10.674038621500564 0.0 0.0 38.82007326580265 8.748103780020074 2.704731411768976e-05 5.817780773740186e-06 1.2229405925128357e-05 5.3338515230305486e-06
97.85375972888394 -54.58494548431438 1.8203125 6.189453 [97.85375972888394,-54.58494548431438] 61.17671112647775 0.5937279594328021 0.0008854054726097474 1.953612412986692e-05 [3497.28125,-1966.088867188] 45.04743090076831 47.02659879383134 9.073910726481419 10.974089682510806 0.0 0.0 57.54575495426366 24.87432150133418 2.3247150273378498e-05 5.161010026801822e-06 6.129126497717431e-06 4.513528548120868e-06
97.8389816743886 -54.59709548112493 1.796875 5.9472656 [97.8389816743886,-54.59709548112493] 56.690574108764146 0.4991044438173609 0.0010479006655319998 1.943659816117872e-05 [3480.854492188,-1944.991699219] 45.014756063465256 47.26641955887381 9.121278369247747 10.97301949312248 0.0 0.0 57.41333453158211 24.742865058807638 2.1542418203324203e-05 4.8851515320081995e-06 4.436810865862498e-06 4.453758014994559e-06
92.38195845002974 -54.20075251871947 1.8359375 6.392578 [92.38195845002974,-54.20075251871947] 31.16068875415018 1.4767118922437792 0.00033474304577143843 1.837029112565945e-05 [-2228.587890625,-2707.970703125] 34.60750797225161 33.69301043006971 9.799953884015977 9.243866592366702 0.0 0.0 20.861169088188262 37.88021856208388 1.1841061749659502e-05 3.5287529591789142e-06 -1.3097913054317927e-06 4.617409115272191e-06
