data_processed/hvc_rms/hvc_rms_index_0_with_B.ecsv
# %ECSV 1.0
# ---
# datatype:
# - {name: ra_dec_obj.ra, unit: deg, datatype: float64}
# - {name: ra_dec_obj.dec, unit: deg, datatype: float64}
# - {name: 'H-alpha flux [Error]', unit: R, datatype: float32}
# - {name: H-alpha flux, unit: R, datatype: float32}
# - {name: ra_dec_deg, datatype: string, subtype: 'float64[2]'}
# - {name: RM, unit: rad / m2, datatype: float64}
# - {name: RM_uncert, unit: rad / m2, datatype: float64}
# - {name: pol_int, datatype: float64}
# - {name: pol_int_uncert, datatype: float64}
# - {name: ra_dec_pix_offsets, datatype: string, subtype: 'float64[2]'}
# - {name: interpolation_raw, unit: rad / m2, datatype: float64}
# - {name: interpolation_cor, unit: rad / m2, datatype: float64}
# - {name: interpolation_unc, unit: rad / m2, datatype: float64}
# - {name: pixel location x, datatype: float64}
# - {name: pixel location y, datatype: float64}
# - {name: 'B_virtual [raw]', unit: G, datatype: float64}
# - {name: 'B_virtual_unc [raw]', unit: G, datatype: float64}
# - {name: 'B_virtual [int]', unit: G, datatype: float64}
# - {name: 'B_virtual_unc [int]', unit: G, datatype: float64}
# - {name: 'B_virtual [cor]', unit: G, datatype: float64}
# - {name: 'B_virtual_unc [cor]', unit: G, datatype: float64}
# meta: !!omap
# - __serialized_columns__:
#     ra_dec_obj:
#       __class__: astropy.coordinates.sky_coordinate.SkyCoord
#       dec: !astropy.table.SerializedColumn
#         __class__: astropy.coordinates.angles.Latitude
#         unit: &id001 !astropy.units.Unit {unit: deg}
#         value: !astropy.table.SerializedColumn {name: ra_dec_obj.dec}
#       frame: icrs
#       ra: !astropy.table.SerializedColumn
#         __class__: astropy.coordinates.angles.Longitude
#         unit: *id001
#         value: !astropy.table.SerializedColumn {name: ra_dec_obj.ra}
#         wrap_angle: !astropy.coordinates.Angle
#           unit: *id001
#           value: 360.0
#       representation_type: spherical
# schema: astropy-2.0
ra_dec_obj.ra ra_dec_obj.dec "H-alpha flux [Error]" "H-alpha flux" ra_dec_deg RM RM_uncert pol_int pol_int_uncert ra_dec_pix_offsets interpolation_raw interpolation_cor interpolation_unc "pixel location x" "pixel location y" "B_virtual [raw]" "B_virtual_unc [raw]" "B_virtual [int]" "B_virtual_unc [int]" "B_virtual [cor]" "B_virtual_unc [cor]"
[from data line 867]
319.73477174849546 -10.310314113373114 0.40625 1.6782227 [319.73477174849546,-10.310314113373114] -1.3162601992516794 2.881075242291082 0.00027253715790266376 2.9180251205325413e-05 [4815.86328125,1756.950195312] -13.324183959515878 -14.923603640749022 6.226941586832702 50.483678367727634 25.410195861197735 -2.683895447685322e-07 1.544019296654488e-06 2.4484529680869916e-06 2.032451465905304e-06 2.774579611120065e-06 2.0419623048513153e-06
319.2661132134418 -11.467170713065439 0.32226562 0.8474121 [319.2661132134418,-11.467170713065439] -25.785569200328606 2.610704970914085 0.0002991675923921869 2.902558928369022e-05 [3971.231445312,3832.607177734] -15.920141234933165 -16.64146108572914 6.608716731224455 49.37614881636341 44.17113726389289 -7.399085127732318e-06 2.6492707327826884e-06 -2.8308524341801875e-06 2.9234535402622826e-06 -2.623872051513491e-06 2.914895334894104e-06
318.4912413558751 -7.912619695652037 0.359375 1.2241211 [318.4912413558751,-7.912619695652037] -44.994124685572025 1.3008723508208349 0.0004586342190197604 2.217225378588656e-05 [2632.777832031,-2571.603515625] -11.530324962846441 -12.067742994905924 6.238112433691045 76.69520249066909 1.9382205986521512 -1.0742175685233436e-05 2.5120794337615147e-06 -7.989354570825875e-06 2.645732226228731e-06 -7.861048065095659e-06 2.6343131179186555e-06
319.14718627506306 -11.780087463728492 0.37109375 1.3208008 [319.14718627506306,-11.780087463728492] -20.21064163485151 2.7493449690611826 0.0003089390054806041 3.15653553566277e-05 [3757.3671875,4394.095703125] -13.531038719829507 -15.913068418787113 6.29994623057106 49.02832342613897 49.20133591322974 -4.64526053652534e-06 1.8943326192026076e-06 -1.5352553561340364e-06 2.2693960572913503e-06 -9.877641503962527e-07 2.260908975981746e-06
317.1882933663277 -9.5634726596588 0.52734375 2.868164 [317.1882933663277,-9.5634726596588] -110.22702886024199 1.6450485198599423 0.0003407708564652484 2.0832906308543235e-05 [308.7255859375,394.2319335938] -22.660666261435374 -19.130430154798823 7.346165464719486 81.42558043341387 32.060375882312655 -1.7192330074064652e-05 2.479923039071758e-06 -1.3657900650599178e-05 2.3786877088457515e-06 -1.420851863433917e-05 2.431483722473395e-06
317.8279114978112 -10.670434939376866 0.38476562 1.4414062 [317.8279114978112,-10.670434939376866] -27.987877117867647 0.7952223824711665 0.0007139099206232812 2.1097972187965935e-05 [1439.0234375,2388.133300781] -19.850534885489612 -18.999873909050663 7.097119603101811 68.78387615151883 42.585184374069286 -6.15779734781022e-06 1.8398874990330479e-06 -1.790350307947158e-06 2.218978438456183e-06 -1.97750983714408e-06 2.2230923459528206e-06
317.82391366933655 -10.674448964201998 0.38476562 1.4414062 [317.82391366933655,-10.674448964201998] -27.9845252417644 2.476762330823885 0.0002286940577028684 2.104979725626348e-05 [1431.93359375,2395.340332031] -19.850534885489612 -18.999873909050663 7.097119603101811 68.8052809904209 42.66403313783849 -6.157059879452336e-06 1.9108339347422724e-06 -1.7896128395892741e-06 2.278186242906171e-06 -1.976772368786196e-06 2.2821918570021785e-06
318.7910766515018 -9.122444050528703 0.40429688 1.6645508 [318.7910766515018,-9.122444050528703] -43.61009147259887 0.7409137413035768 0.0007947710656990101 2.1883581486796197e-05 [3157.130126953,-391.7490234375] -14.746050493351106 -15.44588210241647 7.791479520657717 66.85988065496008 15.78219211713531 -8.928676896333427e-06 1.97446187876467e-06 -5.909588517789745e-06 2.328015053235573e-06 -5.766305848384846e-06 2.3197908700911568e-06
318.7930297229561 -9.125741968224336 0.40429688 1.6645508 [318.7930297229561,-9.125741968224336] -38.26581194561982 2.602554194656315 0.00022697132850805487 2.1952272480865832e-05 [3160.5703125,-385.7954101562] -14.746050493351106 -15.44588210241647 7.791479520657717 66.82128991355205 15.812786158342533 -7.834495629365267e-06 1.933992216180222e-06 -4.815407250821585e-06 2.3264644516543723e-06 -4.672124581416687e-06 2.3197794450079736e-06
315.56607034359337 -9.356373799810788 0.390625 1.5488281 [315.56607034359337,-9.356373799810788] -44.3695878448707 0.3018984678939027 0.001902016513331588 2.133948309651066e-05 [-2571.96875,26.662109375] -20.42747095288492 -21.558553845454014 7.24949465436239 99.72526544289428 39.69397021831719 -9.417430320603491e-06 2.083326057850956e-06 -5.081706378394622e-06 2.280127571579309e-06 -4.841634409170155e-06 2.267554019475411e-06
315.5657349801564 -9.346699779056149 0.3671875 1.3203125 [315.5657349801564,-9.346699779056149] -28.798438814047554 1.202687726473146 0.00047735530258263196 2.133552496962414e-05 [-2572.635742188,9.25146484375] -20.502907230168955 -21.712398989871875 7.317413155815223 99.78044300718682 39.571717778108905 -6.620323500860296e-06 1.966830056304825e-06 -1.9070166633509108e-06 2.3654578041874995e-06 -1.6289728856113935e-06 2.3597493167236463e-06
315.5747374376477 -9.357615413542584 0.390625 1.5488281 [315.5747374376477,-9.357615413542584] -30.803521915885526 0.15686953953411464 0.0036824113594237703 2.1467408797105616e-05 [-2556.571289062,28.833984375] -20.42747095288492 -21.558553845454014 7.24949465436239 99.62672130565454 39.65535583339897 -6.538037321560788e-06 1.7984842393444116e-06 -2.2023133793519176e-06 2.1662353618193277e-06 -1.9622414101274506e-06 2.160689368156099e-06
315.5693666129923 -9.34234893433229 0.3671875 1.3203125 [315.5693666129923,-9.34234893433229] -38.12917223846044 1.4583546635961593 0.0003949832547083722 2.140674038430771e-05 [-2566.219726562,1.3935546875] -20.502907230168955 -21.712398989871875 7.317413155815223 99.76514819329032 39.49291564122268 -8.765317337809937e-06 2.193128778710546e-06 -4.052010500300551e-06 2.445819124398164e-06 -3.7739667225610335e-06 2.4335841576240866e-06
315.5633544009376 -9.345149041707787 0.3671875 1.3203125 [315.5633544009376,-9.345149041707787] -23.338110207358113 0.9048932899110551 0.0006359061285264208 2.1384499072526385e-05 [-2576.874023438,6.4775390625] -20.502907230168955 -21.712398989871875 7.317413155815223 99.81396563685234 39.56677617414516 -5.365076922019615e-06 1.849997474841692e-06 -6.5177008451023e-07 2.339679714007134e-06 -3.7372630677071294e-07 2.3380073381013416e-06
315.57217398063506 -9.34722142262573 0.390625 1.5488281 [315.57217398063506,-9.34722142262573] -14.791368212104553 0.9761850748977192 0.0005873345716734085 2.1307202410901914e-05 [-2561.19921875,10.1435546875] -20.42747095288492 -21.558553845454014 7.24949465436239 99.70937134917199 39.53787001322871 -3.139463002696955e-06 1.5770053210360853e-06 1.1962609395119153e-06 2.156926116965961e-06 1.4363329087363823e-06 2.1604397397837197e-06
315.5665590605195 -9.354322539321814 0.390625 1.5488281 [315.5665590605195,-9.354322539321814] -48.12315535126998 0.672349450031941 0.0008604309590099661 2.1499075527157443e-05 [-2571.116210938,22.96630859375] -20.42747095288492 -21.558553845454014 7.24949465436239 99.7310270641575 39.664521721188976 -1.0214123780294556e-05 2.175294640590096e-06 -5.878399838085686e-06 2.3291249647831923e-06 -5.638327868861219e-06 2.3148350131171647e-06
315.58392350431893 -9.360661480439285 0.390625 1.5488281 [315.58392350431893,-9.360661480439285] -33.10618169993845 0.6562003686843129 0.0008832268583536883 2.1538598487394344e-05 [-2540.239257812,34.25048828125] -20.42747095288492 -21.558553845454014 7.24949465436239 99.51304600844901 39.63667160258683 -7.026776097863873e-06 1.847149354664549e-06 -2.6910521556550022e-06 2.1836364868940112e-06 -2.4509801864305352e-06 2.1768414653454747e-06
315.57516474440746 -9.333430192017614 0.3671875 1.3203125 [315.57516474440746,-9.333430192017614] -23.914399389452562 1.2767724871358626 0.0004516821636519013 2.1431627878838557e-05 [-2555.990234375,-14.7021484375] -20.502907230168955 -21.712398989871875 7.317413155815223 99.75126387958073 39.341744924066006 -5.497557048464887e-06 1.8721241162532009e-06 -7.842502109555016e-07 2.349935383826922e-06 -5.062064332159846e-07 2.3478399106448567e-06
315.62371809466583 -10.957562436639728 0.36132812 1.246582 [315.62371809466583,-10.957562436639728] -42.70690465733277 0.8733063399120359 0.0006872230181176801 2.2303499648375926e-05 [-2457.275390625,2907.982177734] -19.343436138208403 -18.320753291816146 6.825455924854428 90.71223742406528 60.09549834340487 -1.0103836233462475e-05 2.3992718618304365e-06 -5.527458888837008e-06 2.5064222853469867e-06 -5.769410865493421e-06 2.522241584278896e-06
315.64181492318187 -10.965610559771896 0.36132812 1.246582 [315.64181492318187,-10.965610559771896] -34.345639418797006 2.686845067110809 0.00022201397144948557 2.2168261359806913e-05 [-2425.23828125,2922.337646484] -19.343436138208403 -18.320753291816146 6.825455924854428 90.47822446249018 60.090197518590685 -8.12568175580701e-06 2.2513059587616382e-06 -3.5493044111815417e-06 2.474059387753315e-06 -3.7912563878379543e-06 2.4844839264817644e-06
315.6266173953755 -10.958031600465187 0.36132812 1.246582 [315.6266173953755,-10.958031600465187] -43.00795939078763 1.2835840591806567 0.00046631287532812506 2.2243873931048992e-05 [-2452.149414062,2908.806152344] -19.343436138208403 -18.320753291816146 6.825455924854428 90.67897493850023 60.083923827971375 -1.017506143108668e-05 2.418279132144621e-06 -5.598684086461213e-06 2.520862566288678e-06 -5.840636063117626e-06 2.5367895296506713e-06
316.08505262525244 -8.433515598804378 0.35742188 1.206543 [316.08505262525244,-8.433515598804378] -30.632323469154205 1.4082372974733308 0.0003972975609179367 2.0792200026143554e-05 [-1654.598632812,-1637.514648438] -21.124068827696806 -19.601823332843004 6.837864824987017 99.20546727587657 24.550085984823 -7.366431878701038e-06 2.1397216434047126e-06 -2.2865359910477865e-06 2.4102582537779186e-06 -2.6526041331458467e-06 2.4214989585480026e-06
317.5337828411547 -8.300097488216345 0.39648438 1.5805664 [317.5337828411547,-8.300097488216345] -50.185130320698875 1.841731303307446 0.0003031030433714459 2.074556512821237e-05 [925.1489257812,-1879.134277344] -18.46018221419605 -17.488447935836156 6.301329936424427 84.63372875653454 13.36985154408012 -1.0544289395161632e-05 2.2276625590980217e-06 -6.665660360823635e-06 2.2637533275545872e-06 -6.8698293523306525e-06 2.2782532303292275e-06
318.9944152180354 -9.103080791770397 0.42773438 1.8857422 [318.9944152180354,-9.103080791770397] -29.34720516676687 2.233658412303002 0.0002686329307096068 2.2298965295044922e-05 [3518.506591797,-424.6791992188] -12.302566640765571 -14.742862327716077 7.428864732685373 64.81955992860367 14.170643404934708 -5.645133590799032e-06 1.632692225715576e-06 -3.2786516105839306e-06 2.0651921769784935e-06 -2.809244214697177e-06 2.0506375267820163e-06
316.8731384468957 -11.2417029761366 0.34375 1.0634766 [316.8731384468957,-11.2417029761366] -35.95673143366436 1.8742430747621883 0.0003221068849255344 2.2435441784485714e-05 [-249.3188476562,3414.398681641] -19.23430526303268 -18.887723977148852 7.827928513095973 75.96044300604376 56.16253302927635 -9.210111309639636e-06 2.5195418203738493e-06 -4.2833539161613645e-06 2.8449139562216574e-06 -4.3721287322682465e-06 2.849531456149793e-06
316.8750610491561 -11.2482699751774 0.34375 1.0634766 [316.8750610491561,-11.2482699751774] -37.12828193506271 1.5414589948672537 0.00039247300589912847 2.248280382531113e-05 [-245.9189453125,3426.211425781] -19.23430526303268 -18.887723977148852 7.827928513095973 75.90621007365712 56.23783316962454 -9.510197276648327e-06 2.5427837763599916e-06 -4.5834398831700545e-06 2.847807794921942e-06 -4.672214699276937e-06 2.852740186805321e-06
316.3196718205259 -11.128650673929162 0.38867188 1.4858398 [316.3196718205259,-11.128650673929162] -81.89356296960887 1.9109872279900686 0.0003043319666024991 2.1612950563289112e-05 [-1226.893554688,3212.168945312] -18.658393599635467 -18.282703087376845 6.6341627261545835 82.42795878686343 58.07792143749202 -1.7746487221302267e-05 3.226609537537176e-06 -1.3703178668359718e-05 3.0450817643903752e-06 -1.378459150025026e-05 3.054329974745503e-06
318.89962770916515 -8.233307006829197 0.3671875 1.3100586 [318.89962770916515,-8.233307006829197] -5.053579146927544 2.619114091427254 0.00023957450116121013 2.3318666586947162e-05 [3357.893798828,-1991.049316406] -8.749200080165082 -11.724244672353063 6.532208697774398 70.61103334568884 3.356201611897177 -1.1662787047171773e-06 1.7357590029073183e-06 8.528854243358223e-07 2.2951960594593628e-06 1.5394742859275826e-06 2.3051007015645086e-06
316.48953244859024 -11.017173825834556 0.34375 1.0639648 [316.48953244859024,-11.017173825834556] -21.441068785399967 0.8243215457658187 0.0006959162225926904 2.1318778388581297e-05 [-927.2641601562,3011.083251953] -20.075071563209157 -18.536356405282064 7.1471174653556675 81.196620074787 55.561075542768776 -5.490746903487917e-06 2.0709700826457676e-06 -3.498120869340503e-07 2.5713917888795263e-06 -7.438547334690562e-07 2.5742557109237925e-06
318.0657959079576 -10.561073313531093 0.44140625 2.024414 [318.0657959079576,-10.561073313531093] -32.21923647582487 1.3027569946936228 0.00043480619223199224 2.1050762778549925e-05 [1860.420410156,2192.443115234] -19.650197483245087 -18.801955943167794 6.946194886966144 66.83400639538195 39.612798295792345 -5.981556452694467e-06 1.5692098455762458e-06 -2.3334636234054074e-06 1.8759471942824654e-06 -2.490941118606135e-06 1.879989781905893e-06
318.5799866835677 -8.674244793851898 0.43554688 1.9863281 [318.5799866835677,-8.674244793851898] 63.7811126173389 2.171531587083945 0.00026878976179931495 2.1691399677802552e-05 [2785.541992188,-1200.249511719] -14.914667053692627 -15.120760234228529 6.366370651335104 71.54041580973342 11.287703822971707 1.195405443581919e-05 2.182209508483114e-06 1.4749407707902006e-05 2.7726617339299216e-06 1.4788034332585682e-05 2.776798289847333e-06
316.076721367205 -8.08455197287301 0.35546875 1.1821289 [316.076721367205,-8.08455197287301] -27.0886638787023 0.9876959946191494 0.0005719722531684447 2.0994568695495056e-05 [-1670.908203125,-2265.494140625] -20.46171432876276 -19.983031244396862 6.480493839995606 101.20201089090892 20.147784312306158 -6.581180467167562e-06 2.0687423243004947e-06 -1.6100148434879645e-06 2.3469589057414508e-06 -1.7263107146648815e-06 2.3494956581620745e-06
316.75006104517246 -10.217130796063717 0.4140625 1.7680664 [316.75006104517246,-10.217130796063717] -74.6705456455921 1.1380265623499877 0.0004950436753264221 2.0936525885930798e-05 [-468.193359375,1570.857421875] -19.141955264619533 -19.896323937435934 6.716230505015184 82.60164005414708 43.41116019439778 -1.4833672038122505e-05 2.6046340365129308e-06 -1.1031028249881482e-05 2.533578375154795e-06 -1.0881169193788553e-05 2.519404121929363e-06
316.74490369989053 -10.21724523492429 0.4140625 1.7680664 [316.74490369989053,-10.21724523492429] -76.60059431619698 1.234949193973852 0.0004550925071066034 2.088610607203837e-05 [-477.3291015625,1571.0703125] -19.141955264619533 -19.896323937435934 6.716230505015184 82.65576869532242 43.44516451106756 -1.521708572219081e-05 2.654147790881717e-06 -1.1414441933949787e-05 2.5721198756578614e-06 -1.126458287785686e-05 2.5576692412801e-06
316.7354431972191 -10.212780003713227 0.43164062 1.9443359 [316.7354431972191,-10.212780003713227] -78.46902247575665 0.6864134455659807 0.0008134533675295031 2.075043218371668e-05 [-494.0947265625,1563.046875] -18.99206459390218 -19.855986833842934 6.919027603699406 82.77967662718686 43.44622496192278 -1.4864873747773839e-05 2.5075120607606604e-06 -1.1267089125375312e-05 2.466915998651718e-06 -1.110343097570764e-05 2.451715983436872e-06
