data_processed/hvc_rms/hvc_rms_index_7.ecsv
# %ECSV 1.0
# ---
# datatype:
# - {name: ra_dec_obj.ra, unit: deg, datatype: float64}
# - {name: ra_dec_obj.dec, unit: deg, datatype: float64}
# - {name: 'H-alpha flux [Error]', unit: R, datatype: float32}
# - {name: H-alpha flux, unit: R, datatype: float32}
# - {name: ra_dec_deg, datatype: string, subtype: 'float64[2]'}
# - {name: RM, unit: rad / m2, datatype: float64}
# - {name: RM_uncert, unit: rad / m2, datatype: float64}
# - {name: pol_int, datatype: float64}
# - {name: pol_int_uncert, datatype: float64}
# - {name: ra_dec_pix_offsets, datatype: string, subtype: 'float64[2]'}
# - {name: interpolation_raw, unit: rad / m2, datatype: float64}
# - {name: interpolation_cor, unit: rad / m2, datatype: float64}
# - {name: interpolation_unc, unit: rad / m2, datatype: float64}
# - {name: interpolation_cor_unc, unit: rad / m2, datatype: float64}
# - {name: pixel location x, datatype: float64}
# - {name: pixel location y, datatype: float64}
# meta: !!omap
# - __serialized_columns__:
#     ra_dec_obj:
#       __class__: astropy.coordinates.sky_coordinate.SkyCoord
#       dec: !astropy.table.SerializedColumn
#         __class__: astropy.coordinates.angles.Latitude
#         unit: &id001 !astropy.units.Unit {unit: deg}
#         value: !astropy.table.SerializedColumn {name: ra_dec_obj.dec}
#       frame: icrs
#       ra: !astropy.table.SerializedColumn
#         __class__: astropy.coordinates.angles.Longitude
#         unit: *id001
#         value: !astropy.table.SerializedColumn {name: ra_dec_obj.ra}
#         wrap_angle: !astropy.coordinates.Angle
#           unit: *id001
#           value: 360.0
#       representation_type: spherical
# schema: astropy-2.0
ra_dec_obj.ra ra_dec_obj.dec "H-alpha flux [Error]" "H-alpha flux" ra_dec_deg RM RM_uncert pol_int pol_int_uncert ra_dec_pix_offsets interpolation_raw interpolation_cor interpolation_unc interpolation_cor_unc "pixel location x" "pixel location y"
100.16615343211889 -54.90818397908255 1.890625 6.935547 [100.16615343211889,-54.90818397908255] 37.55626832038092 1.057038670241998 0.0004353315430173299 1.7100929436926198e-05 [-3446.915039062,-1386.010742188] 42.796423849079986 42.41154163972887 11.669550572758013 10.859712968714135 72.20392345336813 16.632246327174926
100.46019002266061 -55.65795512326267 1.828125 6.3046875 [100.46019002266061,-55.65795512326267] 46.48310644931212 1.6347140066922308 0.0002731149425597778 1.659189339681177e-05 [-3084.290039062,-51.73974609375] 40.060459572887645 40.97273954398329 11.152770233483167 10.424337324718042 71.92337901653241 6.590949503405227
100.44065118460527 -55.69032676347901 1.8203125 6.173828 [100.44065118460527,-55.69032676347901] 45.63761165988238 2.7480664110553645 0.00016329537073794088 1.6676687862053173e-05 [-3101.534179688,7.3447265625] 40.07261816036143 40.92847308576371 11.211540667060373 10.34141370383846 71.69946390189364 6.216175998442623
99.4868015112458 -53.7661971923885 2.1875 9.859375 [99.4868015112458,-53.7661971923885] 36.96472822926234 2.4305494579668374 0.00023085163616972618 2.0851923496170893e-05 [-4265.33984375,-3400.346679688] 47.23511095019641 44.973082673305505 11.49237893354676 11.088254317287296 70.99936679876305 32.387950688298815
99.73777758984741 -53.96297435387244 2.109375 9.128906 [99.73777758984741,-53.96297435387244] 61.63557184063101 2.8273741802956542 0.00018146694666065172 1.9067314183448442e-05 [-3980.159179688,-3061.8046875] 43.53868352867961 42.91240228693121 11.16332954016535 10.693563690773178 72.13222573286157 29.413363024671526
98.98475652978645 -54.879955187482196 1.8125 6.1464844 [98.98475652978645,-54.879955187482196] 47.4435938695558 1.6304654767890716 0.0003392784502932826 2.0557797625373797e-05 [-4669.807617188,-1367.5703125] 44.351261901144994 45.63284938382658 8.723811472695802 9.943814949269605 64.37274601454214 19.136481374718187
99.5278628295439 -54.63117977358204 1.859375 6.5742188 [99.5278628295439,-54.63117977358204] 17.84868993318134 2.477073314257571 0.00019706630341315636 1.8140946140915844e-05 [-4134.28515625,-1848.965332031] 47.2615565114474 45.82289456642043 9.999034741760415 10.33924264754878 68.73562405096288 21.32942375665698
100.12800642005342 -53.890342923728625 2.234375 10.378906 [100.12800642005342,-53.890342923728625] 24.732250297998565 0.27764213913135416 0.0017867919345687351 1.8436058113515256e-05 [-3573.94140625,-3213.571289062] 43.52937247235968 42.25914947788681 12.198278130354504 10.657301724012633 75.02021768805685 29.574123161917214
100.12257408322026 -53.89236831444353 2.234375 10.378906 [100.12257408322026,-53.89236831444353] 25.87026912109294 0.42367079636726607 0.0011698254847736776 1.8418671852520648e-05 [-3579.520507812,-3209.651367188] 43.52937247235968 42.25914947788681 12.198278130354504 10.657301724012633 74.97687376445765 29.559215202825726
99.38813036079927 -56.107242673015655 1.8515625 6.5214844 [99.38813036079927,-56.107242673015655] 39.14142803723357 3.183959416471316 0.00014948527267004863 1.7687833220230607e-05 [-4122.756835938,811.6533203125] 39.96091180261741 40.47295160867171 10.021191960805552 9.399026140167736 63.631201751947856 2.747727807669662
99.201720901756 -55.106235474150886 1.75 5.4648438 [99.201720901756,-55.106235474150886] 49.48240827775085 0.40060840383463 0.0013132684325358004 1.9551598210844856e-05 [-4420.795898438,-975.33984375] 42.19818806183316 44.608066380772854 9.363863985760725 10.333565502855071 65.18960772399316 15.86366404367186
99.32592768875199 -54.69584286435434 1.8203125 6.2285156 [99.32592768875199,-54.69584286435434] 38.184533132412355 1.5492479585177725 0.0003281805884103408 1.8894809821550092e-05 [-4337.240234375,-1720.450683594] 45.85700304642308 45.44022069127566 9.33745928300243 10.215035527864828 67.18854475528451 20.875053383251725
99.79876685286268 -54.09714487169724 2.0625 8.5859375 [99.79876685286268,-54.09714487169724] 3.678621503948048 0.7013248401515397 0.0007137197848136314 1.8601829543803343e-05 [-3903.09375,-2824.213867188] 41.61220801335102 42.107980593350874 10.92594694948278 10.454135842969128 72.14677052018294 27.59757818858816
99.57596577227883 -54.66345217690022 1.859375 6.6054688 [99.57596577227883,-54.66345217690022] 33.690848239168325 1.9463257682389477 0.00024891136203939606 1.8003998037569594e-05 [-4081.04296875,-1793.828613281] 47.856120177176855 46.05625052576857 10.087879347139049 10.267373015155844 68.96580085166761 20.830772371008607
99.71220412923532 -55.386138999892346 1.84375 6.4726562 [99.71220412923532,-55.386138999892346] 38.26111596215965 0.8284751132675406 0.0005787592734486243 1.7819115096872757e-05 [-3869.114257812,-502.9038085938] 40.45491185935847 43.616736078078326 11.275472826153052 11.063526720346818 67.78692519967262 11.390676993261422
100.25684398926828 -55.126644177377194 1.90625 7.0546875 [100.25684398926828,-55.126644177377194] 32.09105730360326 0.15997740451710968 0.0028442974575515465 1.6909951529611208e-05 [-3334.99609375,-997.6875] 40.24367323160373 41.3546743316275 11.689383845661048 10.602685322704573 72.15781542831814 13.696397002460344
100.25959768978095 -55.1338806616346 1.90625 7.0546875 [100.25959768978095,-55.1338806616346] 35.5763642874967 0.31408016633184593 0.0014473120375062946 1.6893179224173523e-05 [-3331.5625,-984.8090820312] 40.24367323160373 41.3546743316275 11.689383845661048 10.602685322704573 72.15458586476552 13.599625161430367
100.85308035519641 -55.81875223438883 1.8359375 6.373047 [100.85308035519641,-55.81875223438883] 56.92835041726879 1.702055677435275 0.0002610731116562683 1.6513708386085386e-05 [-2674.779296875,221.1303710938] 40.83616517486911 40.787605975026885 11.410467124215561 11.162550994419085 74.01411679864054 3.8363965105395437
100.15322072193331 -55.4583778000253 1.8203125 6.1972656 [100.15322072193331,-55.4583778000253] 37.40228696960463 1.3521775303056376 0.000338752033145123 1.7022538631041066e-05 [-3412.809570312,-396.2114257812] 40.76367952517582 42.69793147628953 11.318812328382824 10.388184905680452 70.49184595983127 9.67992031388576
99.70175965524656 -53.30219657731787 4.15625 29.484375 [99.70175965524656,-53.30219657731787] -36.291470369796876 0.23798857660490555 0.002785523434285379 2.463608144524728e-05 [-4081.661132812,-4246.588867188] 47.511396274955295 43.22532346688575 12.468859445372207 11.209180586676684 73.88011434726059 37.84113255588181
99.22470086827056 -54.24655925292435 1.96875 7.7109375 [99.22470086827056,-54.24655925292435] 39.12558117181326 2.1508164945721857 0.0002472489141270082 1.9762708029564037e-05 [-4491.319335938,-2521.041992188] 46.16709964618883 45.02300326824698 10.965017263806658 10.964808100498795 67.7978052662379 26.780072726850904
98.30024719657868 -55.38073738217519 1.84375 6.3984375 [98.30024719657868,-55.38073738217519] 50.875571001815146 1.8317266608758729 0.0004000687973106116 2.723353704605984e-05 [-5309.05859375,-419.1303710938] 41.511720729155215 43.332005744993914 9.942941804867003 11.133452627911172 58.43462103027173 13.885476608402541
98.63330795294458 -53.95608917561309 2.015625 8.089844 [98.63330795294458,-53.95608917561309] 42.44359929653549 0.4614090827765036 0.0015010445329052507 2.573880736402572e-05 [-5147.259765625,-3001.455078125] 47.390215213400246 46.30139265558643 10.625680976293316 10.876823689317895 64.58755461990756 31.567734022751893
99.12733494433286 -55.00867449953633 1.796875 5.9628906 [99.12733494433286,-55.00867449953633] 43.618836463007504 1.0592291042122932 0.0005067702500823088 1.9948475889443476e-05 [-4508.147460938,-1145.806640625] 42.99902053004227 44.99093012180412 8.97672106242533 10.08019387418006 64.9670202016705 17.240598279118785
99.11940764982496 -55.00212490685287 1.8125 6.125 [99.11940764982496,-55.00212490685287] 48.8422680861015 2.532721181363985 0.0002117236851086124 1.992808330417154e-05 [-4517.043945312,-1157.055664062] 43.2890123211299 45.12538953632314 8.924497846473203 10.073127418133803 64.9323942123799 17.33823014433301
98.99852716472896 -55.34154890465678 1.78125 5.8242188 [98.99852716472896,-55.34154890465678] 48.48553239173859 0.8990019796559736 0.0006074734168736227 2.0295353919265434e-05 [-4602.102539062,-539.4150390625] 40.58351264861882 43.05729302169863 10.301561400095858 10.774845955475666 63.180825261205655 13.209582359225351
99.85550670496272 -56.17544941150034 1.796875 5.9414062 [99.85550670496272,-56.17544941150034] 51.94478365924047 2.9102726731595765 0.0001585144095239281 1.7143959489660035e-05 [-3648.221679688,908.0322265625] 40.159011922668604 40.369234724047104 10.219761286921898 9.667238601722097 66.48020161481168 1.0814904909839242
99.9872967949693 -53.87615992672728 2.21875 10.199219 [99.9872967949693,-53.87615992672728] 29.970553817111124 3.2450836459364063 0.00015556813040024737 1.876096751014123e-05 [-3724.200195312,-3231.649414062] 43.68710481489323 42.26874749928321 11.797723304000165 10.613873642576383 74.1009037270278 30.028464932978068
99.00826304615128 -55.471443167889504 1.7734375 5.7421875 [99.00826304615128,-55.471443167889504] 45.81877558106268 0.6357405755090235 0.0008409583896311944 1.9868411282933888e-05 [-4577.09375,-306.7431640625] 39.98461077695072 42.56449624527947 10.51422976012728 10.74274281539759 62.88727059201642 11.530153020800299
99.01193285126404 -55.46709812839067 1.7734375 5.7421875 [99.01193285126404,-55.46709812839067] 48.297201763833435 0.21772110670262712 0.002442106653532851 1.9759405017266187e-05 [-4573.865234375,-314.7900390625] 39.98461077695072 42.56449624527947 10.51422976012728 10.74274281539759 62.92352703883205 11.579505985460173
100.33299217790068 -54.36453615002473 2.078125 8.832031 [100.33299217790068,-54.36453615002473] 31.59714279916769 2.88810718308969 0.00016580406616646825 1.77957865006694e-05 [-3318.635742188,-2371.478515625] 42.43284916636625 42.4108932958741 11.748912857316881 10.981266543284683 74.9650386545245 23.189485439683267
99.10060091441252 -56.28803259547952 1.7734375 5.703125 [99.10060091441252,-56.28803259547952] 36.594439782400855 3.230545774369714 0.00015885955500765604 1.9072074911454067e-05 [-4389.826171875,1154.103027344] 40.23933448185453 39.79306196797681 9.678589706574112 9.225953876804947 61.26928222780475 0.9088970545772099
99.40518906578976 -55.56990050165708 1.8125 6.1015625 [99.40518906578976,-55.56990050165708] -42.109194607238976 2.873462363555156 0.00017032897379988266 1.818874549645359e-05 [-4162.827148438,-154.8813476562] 40.234192618242716 43.035601933515025 10.932011092343602 10.76833058883089 65.2368664635411 9.587395529903915
99.39885679286095 -55.5704917076239 1.8125 6.1015625 [99.39885679286095,-55.5704917076239] 38.16918872914766 1.0110657131416458 0.0004843804820616137 1.8200139688409415e-05 [-4169.192382812,-153.4384765625] 40.234192618242716 43.035601933515025 10.932011092343602 10.76833058883089 65.19343532657626 9.590835697364582
100.1770705130906 -54.917659676384226 1.890625 6.935547 [100.1770705130906,-54.917659676384226] 35.20277755796471 3.1204718867942227 0.00014812711083527774 1.7177641297307902e-05 [-3434.828125,-1369.517578125] 42.796423849079986 42.41154163972887 11.669550572758013 10.859712968714135 72.24862486432721 16.49185247904734
99.12802910254153 -56.2398835520188 1.765625 5.669922 [99.12802910254153,-56.2398835520188] 42.418306981764985 0.1421215932654005 0.003569302123205307 1.8851767764098658e-05 [-4367.999023438,1065.880371094] 40.21871699231984 40.03050341795754 9.743160810619207 9.263951040516549 61.57728812274854 1.4815275438152185
98.36585238473826 -55.546772050366734 1.875 6.7226562 [98.36585238473826,-55.546772050366734] 50.94724361405015 1.9180265186305472 0.00034880138655703045 2.4862312063255218e-05 [-5220.2109375,-126.080078125] 40.55501679326947 42.42879202480973 9.732510513989496 10.819130002259126 58.43044432720535 11.64081093730897
99.83856218317962 -53.19428998238506 4.15625 29.507812 [99.83856218317962,-53.19428998238506] 1.1677539995844588 1.6329551154218411 0.00041819572178815784 2.5378300549815897e-05 [-3944.756835938,-4448.287109375] 47.87304565693456 42.881870237595194 12.971106684395906 11.365746651378183 75.16014746028281 38.93083806062282
98.5239409568397 -56.10371006944425 1.9296875 7.265625 [98.5239409568397,-56.10371006944425] 44.087754056494916 0.3779230411287305 0.0015650990923981069 2.1981327327361256e-05 [-4987.912109375,862.0981445312] 39.62432527674433 40.09069425178525 9.842648479670132 10.45761783398261 58.004415218228814 4.214379692370585
100.12757125622659 -54.67472069693244 1.921875 7.251953 [100.12757125622659,-54.67472069693244] 27.351105176854517 0.7082964628628806 0.0006676461071550903 1.7573978763614813e-05 [-3506.969726562,-1803.767578125] 45.81168669403169 44.15173596238534 11.530124976633969 10.858663708737367 72.64276995037403 19.660757976960667
100.12796791289014 -54.67407614517623 1.921875 7.251953 [100.12796791289014,-54.67407614517623] 26.20122412094847 0.6811775520390277 0.0006944645700262209 1.7580010276725686e-05 [-3506.61328125,-1804.946289062] 45.81168669403169 44.15173596238534 11.530124976633969 10.858663708737367 72.64736503956533 19.668168854891974
100.12853223277504 -55.904041219228205 1.8203125 6.1757812 [100.12853223277504,-55.904041219228205] 48.02388810137973 0.9307889178438997 0.0004934577435364875 1.7069070631392877e-05 [-3399.0,406.2529296875] 39.959667240948946 40.61515730645699 10.829317121851503 9.783848323452277 69.03289208387434 4.062116753437749
100.65111507765455 -56.01692190308229 1.78125 5.7871094 [100.65111507765455,-56.01692190308229] 61.74299936466265 0.3710478467530282 0.0011993449734122676 1.6537990499857594e-05 [-2864.100585938,585.623046875] 41.227776257619844 41.18893717914723 11.641256401890377 10.817828654217271 72.10713368730194 1.6959730039723127
99.47022966811122 -56.10767753878275 1.859375 6.6191406 [99.47022966811122,-56.10767753878275] 42.8604581798504 3.278605138697524 0.00014444907362614885 1.75999964165591e-05 [-4040.51171875,807.6005859375] 39.98050530130932 40.51880146941019 10.06913032973808 9.419065111801597 64.16463685094254 2.603681668780837
99.17594159408904 -56.265815679721506 1.7734375 5.7578125 [99.17594159408904,-56.265815679721506] 42.12871492611655 2.1943395121684723 0.00022984427400268823 1.874330685560163e-05 [-4317.284179688,1109.462402344] 40.21270816241647 39.89820426121643 9.714539046297373 9.245176286950084 61.81833311250966 1.0699704156954795
99.17006709991364 -56.27024845692788 1.7734375 5.7578125 [99.17006709991364,-56.27024845692788] 39.83943535045126 2.5928069375819103 0.00019439144902803072 1.8730787650111334e-05 [-4322.638671875,1117.791503906] 40.21270816241647 39.89820426121643 9.714539046297373 9.245176286950084 61.7681980984305 1.0228101189775316
99.87937122289065 -55.295688482090675 1.796875 5.966797 [99.87937122289065,-55.295688482090675] 37.23065042748257 1.2473617661004635 0.00038056570875225374 1.7641308079717424e-05 [-3707.00390625,-674.615234375] 40.32325811303599 42.98381263624492 11.465341525858276 10.949086538840367 69.15527197435563 12.241717444156393
101.06887091253854 -55.911422742561 1.828125 6.294922 [101.06887091253854,-55.911422742561] 58.9847307393018 0.3308033855570539 0.0013340187123268262 1.6399876223945123e-05 [-2450.916015625,379.845703125] 42.801892183469704 42.13241532956899 11.666739117367989 11.506403504075099 75.14030492902316 2.267357091131089
99.26892814706179 -54.39846423756482 1.9296875 7.2597656 [99.26892814706179,-54.39846423756482] 36.603517114894586 0.476331065386649 0.0010879160977100353 1.9258081150725717e-05 [-4428.544921875,-2251.045898438] 46.63030868310908 45.669943101743435 10.561612635145417 10.883166844238247 67.65924832013457 24.76537623869899
99.0336688743905 -54.094402413505584 2.015625 8.2265625 [99.0336688743905,-54.094402413505584] 39.427089265526426 0.2346056487355759 0.0024550458247406854 2.1404582965060205e-05 [-4708.942382812,-2781.61328125] 47.32159753276882 45.50383011967087 11.225243642547765 11.143079902648578 66.93425472643662 29.069789908865005
