data_processed/hvc_rms/hvc_rms_index_7_with_B.ecsv
# %ECSV 1.0
# ---
# datatype:
# - {name: ra_dec_obj.ra, unit: deg, datatype: float64}
# - {name: ra_dec_obj.dec, unit: deg, datatype: float64}
# - {name: 'H-alpha flux [Error]', unit: R, datatype: float32}
# - {name: H-alpha flux, unit: R, datatype: float32}
# - {name: ra_dec_deg, datatype: string, subtype: 'float64[2]'}
# - {name: RM, unit: rad / m2, datatype: float64}
# - {name: RM_uncert, unit: rad / m2, datatype: float64}
# - {name: pol_int, datatype: float64}
# - {name: pol_int_uncert, datatype: float64}
# - {name: ra_dec_pix_offsets, datatype: string, subtype: 'float64[2]'}
# - {name: interpolation_raw, unit: rad / m2, datatype: float64}
# - {name: interpolation_cor, unit: rad / m2, datatype: float64}
# - {name: interpolation_unc, unit: rad / m2, datatype: float64}
# - {name: pixel location x, datatype: float64}
# - {name: pixel location y, datatype: float64}
# - {name: 'B_virtual [raw]', unit: G, datatype: float64}
# - {name: 'B_virtual_unc [raw]', unit: G, datatype: float64}
# - {name: 'B_virtual [int]', unit: G, datatype: float64}
# - {name: 'B_virtual_unc [int]', unit: G, datatype: float64}
# - {name: 'B_virtual [cor]', unit: G, datatype: float64}
# - {name: 'B_virtual_unc [cor]', unit: G, datatype: float64}
# meta: !!omap
# - __serialized_columns__:
#     ra_dec_obj:
#       __class__: astropy.coordinates.sky_coordinate.SkyCoord
#       dec: !astropy.table.SerializedColumn
#         __class__: astropy.coordinates.angles.Latitude
#         unit: &id001 !astropy.units.Unit {unit: deg}
#         value: !astropy.table.SerializedColumn {name: ra_dec_obj.dec}
#       frame: icrs
#       ra: !astropy.table.SerializedColumn
#         __class__: astropy.coordinates.angles.Longitude
#         unit: *id001
#         value: !astropy.table.SerializedColumn {name: ra_dec_obj.ra}
#         wrap_angle: !astropy.coordinates.Angle
#           unit: *id001
#           value: 360.0
#       representation_type: spherical
# schema: astropy-2.0
ra_dec_obj.ra ra_dec_obj.dec "H-alpha flux [Error]" "H-alpha flux" ra_dec_deg RM RM_uncert pol_int pol_int_uncert ra_dec_pix_offsets interpolation_raw interpolation_cor interpolation_unc "pixel location x" "pixel location y" "B_virtual [raw]" "B_virtual_unc [raw]" "B_virtual [int]" "B_virtual_unc [int]" "B_virtual [cor]" "B_virtual_unc [cor]"
[from data line 294]
93.84081252345383 -55.133262737969496 1.75 5.466797 [93.84081252345383,-55.133262737969496] 18.556126873641396 0.38893228135263175 0.0012010361560679079 1.7359562502678474e-05 [-677.2924804688,-1060.590332031] 37.60420082590326 39.072937749186856 10.696168208738314 29.083974674862702 23.636960182933535 2.096377542748133e-06 8.806358287119662e-07 -2.1519552403389734e-06 1.4979015776032005e-06 -2.317885723739063e-06 1.5062262175512999e-06
93.83895129705276 -55.1293107031859 1.75 5.466797 [93.83895129705276,-55.1293107031859] 20.13147884162891 1.7698356591099889 0.00026300861779347665 1.7298626556174195e-05 [-679.2749023438,-1067.685058594] 37.60420082590326 39.072937749186856 10.696168208738314 29.079160648816014 23.691812570470574 2.274352855705509e-06 9.16404100263083e-07 -1.9739799273815974e-06 1.5023306735537603e-06 -2.1399104107816876e-06 1.5099715988261312e-06
99.12685400546947 -55.00857535558653 1.796875 5.9628906 [99.12685400546947,-55.00857535558653] 43.48946162498934 1.5935425381345254 0.00040083074848306754 2.3737413431081707e-05 [4771.727783203,-1128.974609375] 42.99902053004227 44.99093012180412 8.97672106242533 64.9640814925558 17.242713147123595 4.704400028399271e-06 1.1334790921693289e-06 5.305264803902276e-08 1.2434208597173569e-06 -1.624188521799802e-07 1.2437127040478806e-06
91.11161059782296 -55.804275508965006 1.625 4.265625 [91.11161059782296,-55.804275508965006] 50.55809298812367 0.35878118818321686 0.001361301277203178 1.815066824720687e-05 [-3424.829101562,227.7216796875] 36.70494989422473 33.31610171848947 8.724440814080499 9.561535980120766 17.6235598486071 6.466182859399228e-06 1.630724801161322e-06 1.7717629587733093e-06 1.4791877189603461e-06 2.205183420106634e-06 1.5048241424409652e-06
98.99807751101012 -55.34142697290711 1.78125 5.8242188 [98.99807751101012,-55.34142697290711] 45.25179774972342 1.105033220460587 0.0005424887331421437 2.22779261699826e-05 [4600.651855469,-539.859375] 40.58351264861882 43.05729302169863 10.301561400095858 63.17817588001435 13.211916864198656 4.95296925936433e-06 1.172181417154965e-06 5.109603098555551e-07 1.3715772211752287e-06 2.401963015381622e-07 1.3692409252743915e-06
94.48550409193066 -56.005161380076174 1.7890625 5.8964844 [94.48550409193066,-56.005161380076174] 61.82167472001035 2.8117258774511353 0.00016801195239137502 1.7555849925089073e-05 [-13.5888671875,505.5834960938] 38.19043661887453 39.27280911557891 9.628813720719869 31.675976776213588 11.259045447342032 6.725008287940689e-06 1.4424162082402745e-06 2.5706238597415268e-06 1.4057377192707732e-06 2.4528825652207563e-06 1.3991765482232456e-06
96.54924005161723 -54.53388220757522 1.7578125 5.5429688 [96.54924005161723,-54.53388220757522] 53.80443020929517 1.636920149945692 0.00029796279875831186 1.8125844206183302e-05 [2140.767089844,-2110.940429688] 44.67286233917537 48.37394792856025 9.457361396504815 48.80700883019699 27.666173623404802 6.0366424822397185e-06 1.3645193879489466e-06 1.0245254957592195e-06 1.3458522896334751e-06 6.092784536034566e-07 1.3374475405736388e-06
93.28801008584357 -53.84757253087447 1.8125 6.1152344 [93.28801008584357,-53.84757253087447] 25.76680855662061 1.71766211799364 0.00029194491027255463 1.8635770310359296e-05 [-1285.896484375,-3366.223632812] 36.41516119847791 37.47795829854274 9.749839026793124 27.84547620530634 41.4371572613818 2.752343991362455e-06 9.058048511322988e-07 -1.137429548068497e-06 1.310063999727146e-06 -1.2509547914440204e-06 1.3131712467604506e-06
91.32963595351704 -53.88377762928388 1.796875 5.9433594 [91.32963595351704,-53.88377762928388] 41.96288883171194 2.8535320679244873 0.00018570731324461684 1.969338936026023e-05 [-3360.9296875,-3235.456054688] 34.734264703411256 30.324698623432383 9.533942396653362 14.088214957433593 43.377286456104684 4.546717980125394e-06 1.1448565145340401e-06 7.832281382609509e-07 1.3254999341840374e-06 1.2610087186398605e-06 1.3368545735185622e-06
94.91442122577735 -56.149520973465485 1.8046875 6.064453 [94.91442122577735,-56.149520973465485] 55.37052273553434 1.2106744931596878 0.0003867813167536696 1.740209693207167e-05 [416.515625,766.666015625] 38.82946730152817 38.78552566017663 9.635454166737583 34.21768793815852 8.809508130081667 5.939247670333621e-06 1.2834754071071214e-06 1.774254966320436e-06 1.3206133304734725e-06 1.778968309777103e-06 1.320805057713907e-06
91.99940496222787 -54.61419305387518 1.8046875 6.0703125 [91.99940496222787,-54.61419305387518] 40.19266897951131 1.5484874226291638 0.0003162543316624245 1.8199223899953e-05 [-2604.649414062,-1951.040527344] 36.75015813328812 32.63519501149708 10.092128430574135 17.481882663536453 32.78171389970794 4.309133568454742e-06 1.0730764812562995e-06 3.69078228041831e-07 1.3287651302912845e-06 8.102513616324897e-07 1.3346638613738039e-06
95.32981132200722 -55.68120572890006 1.7890625 5.861328 [95.32981132200722,-55.68120572890006] 52.11560247992927 0.6744344879263917 0.0007037939620326997 1.7639814349856867e-05 [843.091796875,-72.4970703125] 39.67231121730391 43.10777349658152 10.306695157113701 37.94902329485876 14.443536409572971 5.6861508851868854e-06 1.2663665857864278e-06 1.3576439350358534e-06 1.3824415817806534e-06 9.828126762422186e-07 1.372445130870055e-06
99.40487680252707 -55.56975172973918 1.8125 6.1015625 [99.40487680252707,-55.56975172973918] -8.626767480958234 2.805069409010872 0.0002429168128642296 2.532269298296345e-05 [4986.71875,-101.7001953125] 40.234192618242716 43.035601933515025 10.932011092343602 65.23522383394629 9.589837350616108 -9.225208588723407e-07 8.221850104595852e-07 -5.2250457631478e-06 1.6853427483306101e-06 -5.5246201440827685e-06 1.7139155583151447e-06
99.3985825378674 -55.57042705774614 1.8125 6.1015625 [99.3985825378674,-55.57042705774614] 31.725336757222117 1.332607700596098 0.0005099627408715798 2.5255121857549318e-05 [4980.250732422,-100.9399414062] 40.234192618242716 43.035601933515025 10.932011092343602 65.19180738307477 9.59213719383456 3.3926131633764485e-06 9.632184388802291e-07 -9.099117408990102e-07 1.4043740576548487e-06 -1.2094861218339793e-06 1.411175350781954e-06
89.9138185921846 -56.16127779615788 1.6015625 4.046875 [89.9138185921846,-56.16127779615788] 87.02274780933273 2.8834104721531033 0.00019044059371045068 2.040679028276598e-05 [-4591.018554688,938.5336914062] 36.29771783831243 34.42948811728682 9.756233421645026 1.0937906752571962 13.779904869524444 1.1426718577536863e-05 2.6754958240784943e-06 6.6605647018400695e-06 2.1738663217534237e-06 6.905876827666329e-06 2.2097421378415828e-06
91.22277087854002 -55.60953131265307 1.6328125 4.298828 [91.22277087854002,-55.60953131265307] 45.647592999082995 2.5779834685762433 0.00018779113712421783 1.7991357069943706e-05 [-3329.12109375,-127.8286132812] 36.49690737801913 32.79385319065096 9.24470259153507 10.594555171158163 20.15935310175155 5.815559126179032e-06 1.5482122506724559e-06 1.165808529607295e-06 1.5331024309017745e-06 1.6375821579455314e-06 1.552036435527593e-06
92.6843944768784 -53.83639133397436 1.84375 6.4003906 [92.6843944768784,-53.83639133397436] 41.07540670667479 1.1403952343512596 0.0004558206744674242 1.9317820055389962e-05 [-1927.154296875,-3372.33984375] 35.44776018318416 34.99916717866649 10.174664464938788 23.65170390478147 42.37486798837335 4.288715784684588e-06 1.0387110494354707e-06 5.875870359184442e-07 1.2988041994004158e-06 6.344249872286468e-07 1.2994396425736332e-06
95.96591941209869 -55.50758755040401 1.765625 5.6660156 [95.96591941209869,-55.50758755040401] 33.16910746812386 2.4406026470900657 0.00019294981566420492 1.7500487597467463e-05 [1495.099609375,-374.2529296875] 40.16586642442251 44.426016860538866 9.990574283070263 42.572139139648584 15.838666463676873 3.680811149238984e-06 1.0561306057537466e-06 -7.764377862633664e-07 1.3875957934645323e-06 -1.2491912131610288e-06 1.3987231031260253e-06
98.07405851217592 -53.40512071190192 2.46875 12.6171875 [98.07405851217592,-53.40512071190192] 18.55751213080752 1.8640142309474137 0.00035000698278656614 2.42456948889474e-05 [3833.748291016,-4074.534179688] 51.37168009630004 46.69970630187625 11.056253880475905 62.27178371572995 39.630967822065486 1.3800254919933754e-06 5.690738516665688e-07 -2.4402187088297777e-06 1.0350958370598673e-06 -2.0927883588570364e-06 1.021563923358351e-06
94.76622022618677 -54.17185197410095 1.796875 6.001953 [94.76622022618677,-54.17185197410095] 5.100603423527889 2.8434294728008065 0.00016854684197265674 1.7810322498715393e-05 [281.4995117188,-2793.4921875] 41.531869096817815 45.11513447488733 10.39572813798077 37.42078450779957 35.09429554141457 5.499508689946288e-07 8.202797693225356e-07 -3.928046262758117e-06 1.5461914042504514e-06 -4.314396610918433e-06 1.577294400988077e-06
90.31289692402885 -54.880443603403826 1.7421875 5.3945312 [90.31289692402885,-54.880443603403826] 47.259704635316005 3.1910807313662652 0.00017053278486258442 2.022340964672798e-05 [-4330.9375,-1387.99609375] 34.33818810778102 32.44382002597476 9.04311766803407 5.4821673821552395 30.92842654093829 5.374805842962355e-06 1.323916210491776e-06 1.469553038218333e-06 1.3773299339069194e-06 1.6849979021543857e-06 1.3857359358992368e-06
97.40019215529104 -53.67285516172471 1.9609375 7.59375 [97.40019215529104,-53.67285516172471] 45.635715771056354 0.36093738999838737 0.001594638508303677 2.138960793734222e-05 [3092.186035156,-3627.115234375] 52.2371663841247 50.88863413223687 9.860849178505038 56.8614226753848 37.39495544324268 4.374469100108063e-06 9.619990455809715e-07 -6.327903755828054e-07 1.163957562784902e-06 -5.035251155400589e-07 1.1623935348639773e-06
97.39315038274985 -53.70772177570422 1.921875 7.201172 [97.39315038274985,-53.70772177570422] 50.22670138365747 1.2067921283824155 0.0004720396721809205 2.1169942184898236e-05 [3082.134277344,-3564.76171875] 52.18299580097375 51.38650653987474 10.100237946934637 56.71973970536828 36.95819917671247 4.944036893443429e-06 1.0593108695869776e-06 -1.925667325785429e-07 1.2158557348673118e-06 -1.1416476343417266e-07 1.2155995039708222e-06
95.52771766286183 -56.60486593387509 1.828125 6.298828 [95.52771766286183,-56.60486593387509] 87.75444332118579 2.0551964770220112 0.00023103643446810158 1.7645847577927397e-05 [1019.144042969,1592.535644531] 37.994133973774304 37.92472911632403 9.328222483089212 37.29246747075808 2.01553202017476 9.23608393017191e-06 1.7541306290814919e-06 5.237232168881588e-06 1.5340377755142087e-06 5.244536973793017e-06 1.534765292040525e-06
91.53550701519491 -54.42852385050035 1.828125 6.2734375 [91.53550701519491,-54.42852385050035] 40.46403133094153 2.390155167646104 0.00021287657779602633 1.890874386875676e-05 [-3101.713867188,-2265.821289062] 36.2904431529806 32.40382749393393 10.29203941245569 14.599862647168948 35.80115796829159 4.267416132278744e-06 1.0689453567488877e-06 4.4015479758931636e-07 1.3387846880465181e-06 8.500449103102481e-07 1.3445650148608563e-06
94.61150377882782 -53.56435421338778 1.640625 4.4257812 [94.61150377882782,-53.56435421338778] 43.143056068431534 2.2144623318428613 0.0002500708738014085 2.0579750823932877e-05 [120.2036132812,-3886.8515625] 37.86670793764209 42.37877803553606 9.967323450094504 37.700640011129735 43.31031719823659 5.417071493202038e-06 1.4476263136672222e-06 6.625018636179443e-07 1.5603575715687124e-06 9.596327015665503e-08 1.5545009577160743e-06
92.1761699102005 -55.09461963046155 1.84375 6.4179688 [92.1761699102005,-55.09461963046155] 60.50763095214535 2.4186498411471633 0.00019508029059291476 1.7534568990715223e-05 [-2391.891601562,-1093.263671875] 37.791485127509716 34.70898033267504 9.268264728457387 17.864961106039345 26.12504364067786 6.308992113659537e-06 1.3190751943934021e-06 2.368560503942269e-06 1.3005371446132533e-06 2.6899662197983472e-06 1.318374402585581e-06
98.34157558358436 -55.48618685274819 1.8203125 6.2382812 [98.34157558358436,-55.48618685274819] 41.704224236003164 3.151151103241061 0.0001650444235996759 1.9327638199421736e-05 [3916.045166016,-320.072265625] 40.64386017732797 42.485484620189084 9.759324551183791 58.429842821771445 12.460382904337393 4.410585098518348e-06 1.1094074212113797e-06 1.1214273858041792e-07 1.3133137733805809e-06 -8.262509306139723e-08 1.3132494517097479e-06
99.12754062314107 -56.23970040942959 1.765625 5.669922 [99.12754062314107,-56.23970040942959] 41.32136299276388 0.16928363459044368 0.00367451739494211 2.311660146545481e-05 [4624.876953125,1082.125] 40.21871699231984 40.03050341795754 9.743160810619207 61.57460914401611 1.4846813851231673 4.583895782586069e-06 1.1326700319567237e-06 1.2231964255404523e-07 1.3311808593772255e-06 1.431987072135504e-07 1.3312482043472018e-06
97.68293768843485 -54.31595985737016 1.78125 5.830078 [97.68293768843485,-54.31595985737016] 66.5895346375979 2.533419214231309 0.0002085515214110244 1.963491952574158e-05 [3341.260742188,-2458.03515625] 45.50822539861258 47.29403755396941 9.628749161387766 57.09668547549063 28.62745061217265 7.284796541632719e-06 1.526938979759312e-06 2.306264031924011e-06 1.392855020616543e-06 2.1108988250014834e-06 1.3830822184510976e-06
99.0324248481536 -54.093971455965146 2.015625 8.2265625 [99.0324248481536,-54.093971455965146] -3.9736436311438155 0.32499017595347657 0.002124384657580866 2.5657367359871857e-05 [4780.546386719,-2777.864257812] 47.32159753276882 45.50383011967087 11.225243642547765 66.92699524017416 29.07757370426725 -3.659555593581765e-07 6.477576348340007e-07 -4.724072014265845e-06 1.4145419787633222e-06 -4.556663420996538e-06 1.401794099930583e-06
99.0346831336482 -54.0943524840207 2.015625 8.2265625 [99.0346831336482,-54.0943524840207] 47.21609005220121 0.38633252367232174 0.00179053201144554 2.5707039451354177e-05 [4782.87890625,-2777.024414062] 47.32159753276882 45.50383011967087 11.225243642547765 66.94132793917197 29.068554749604118 4.3483996678347225e-06 9.240155329243784e-07 -9.716787072945801e-09 1.2188533434221523e-06 1.5769180619636057e-07 1.219088147232014e-06
99.02796935677425 -54.09454708048072 2.015625 8.2265625 [99.02796935677425,-54.09454708048072] -13.437344403680498 1.3072355485884102 0.0005287886444111938 2.568885058924047e-05 [4775.791503906,-2777.137695312] 47.32159753276882 45.50383011967087 11.225243642547765 66.89489837207327 29.07845990969554 -1.2375218675867677e-06 6.82262673604181e-07 -5.595638322494436e-06 1.4907607620904624e-06 -5.428229729225129e-06 1.4763881841719575e-06
95.08046722173148 -55.427898339129676 1.671875 4.7402344 [95.08046722173148,-55.427898339129676] 15.901865614448223 0.09966713446705239 0.004771850470605805 1.767451484354052e-05 [593.8774414062,-531.0053710938] 38.421148037046876 42.702989776696654 10.058252627292685 36.826880604979806 18.116947061556857 1.929286855808463e-06 9.312968936224349e-07 -2.7321420412887624e-06 1.5821437111610679e-06 -3.2516346082145332e-06 1.6201945066514862e-06
95.11398322140741 -55.423030767133405 1.671875 4.7402344 [95.11398322140741,-55.423030767133405] 19.059250613878195 0.5241289153119733 0.0009065029200812912 1.7656963946418917e-05 [628.1860351562,-539.4716796875] 38.421148037046876 42.702989776696654 10.058252627292685 37.061873010768295 18.13567294584982 2.3123552029961285e-06 9.669041190237108e-07 -2.3490736941010965e-06 1.5590949074697574e-06 -2.8685662610268673e-06 1.5928047933640968e-06
95.08750916688163 -55.4254798535666 1.671875 4.7402344 [95.08750916688163,-55.4254798535666] 13.130713009877693 0.2805693676405946 0.0016964239468165263 1.7688188216879444e-05 [601.1064453125,-535.2978515625] 38.421148037046876 42.702989776696654 10.058252627292685 36.87923520179925 18.13928424912092 1.593077984153826e-06 9.065896779784127e-07 -3.0683509129433994e-06 1.606435942339265e-06 -3.58784347986917e-06 1.6480839878940306e-06
