data_processed/hvc_rms/hvc_rms_index_2.ecsv
# %ECSV 1.0
# ---
# datatype:
# - {name: ra_dec_obj.ra, unit: deg, datatype: float64}
# - {name: ra_dec_obj.dec, unit: deg, datatype: float64}
# - {name: 'H-alpha flux [Error]', unit: R, datatype: float32}
# - {name: H-alpha flux, unit: R, datatype: float32}
# - {name: ra_dec_deg, datatype: string, subtype: 'float64[2]'}
# - {name: RM, unit: rad / m2, datatype: float64}
# - {name: RM_uncert, unit: rad / m2, datatype: float64}
# - {name: pol_int, datatype: float64}
# - {name: pol_int_uncert, datatype: float64}
# - {name: ra_dec_pix_offsets, datatype: string, subtype: 'float64[2]'}
# - {name: interpolation_raw, unit: rad / m2, datatype: float64}
# - {name: interpolation_cor, unit: rad / m2, datatype: float64}
# - {name: interpolation_unc, unit: rad / m2, datatype: float64}
# - {name: pixel location x, datatype: float64}
# - {name: pixel location y, datatype: float64}
# meta: !!omap
# - __serialized_columns__:
#     ra_dec_obj:
#       __class__: astropy.coordinates.sky_coordinate.SkyCoord
#       dec: !astropy.table.SerializedColumn
#         __class__: astropy.coordinates.angles.Latitude
#         unit: &id001 !astropy.units.Unit {unit: deg}
#         value: !astropy.table.SerializedColumn {name: ra_dec_obj.dec}
#       frame: icrs
#       ra: !astropy.table.SerializedColumn
#         __class__: astropy.coordinates.angles.Longitude
#         unit: *id001
#         value: !astropy.table.SerializedColumn {name: ra_dec_obj.ra}
#         wrap_angle: !astropy.coordinates.Angle
#           unit: *id001
#           value: 360.0
#       representation_type: spherical
# schema: astropy-2.0
ra_dec_obj.ra ra_dec_obj.dec "H-alpha flux [Error]" "H-alpha flux" ra_dec_deg RM RM_uncert pol_int pol_int_uncert ra_dec_pix_offsets interpolation_raw interpolation_cor interpolation_unc "pixel location x" "pixel location y"
[from data line 576]
316.14669803693226 -6.753185271098892 0.41601562 1.7568359 [316.14669803693226,-6.753185271098892] -22.201371638551272 2.396264114998097 0.0002768416476393856 2.465328592051833e-05 [-1550.90625,3739.456054688] -16.301452217259982 -13.929494703434434 8.48655115926401 15.86658758196154 48.8310546296716
316.14327983417627 -6.757429066040972 0.41601562 1.7568359 [316.14327983417627,-6.757429066040972] -16.490270287687807 2.0010399538886823 0.0003323593586666955 2.4715669292972443e-05 [-1557.001953125,3747.097412109] -16.301452217259982 -13.929494703434434 8.48655115926401 15.878659857169623 48.907119210655765
317.99459835530524 -4.103949186027683 0.3984375 1.6064453 [317.99459835530524,-4.103949186027683] 25.301250495822423 0.9832449885416273 0.0005691046640105952 2.079517548114707e-05 [1759.8046875,-1028.065917969] -4.713100930971244 -1.7982334096203743 7.049146705907195 11.922132642199017 3.045967981332069
317.9645384561093 -4.076870845301493 0.41992188 1.8076172 [317.9645384561093,-4.076870845301493] 16.73948744342632 1.6160436175911586 0.0003495282990361569 2.0991531501943917e-05 [1705.900878906,-1076.878417969] -4.367774903667821 -1.4301680207839986 7.059409488615718 12.395989285774931 2.92390925978043
316.80487062581005 -4.739473405279926 0.41210938 1.7290039 [316.80487062581005,-4.739473405279926] 6.830521803812349 2.6399678977650276 0.00021539559693889768 2.1132173628389634e-05 [-375.8041992188,114.6909179688] -8.538804254182727 -7.038049277265645 7.018978518606081 20.541726597146408 19.249102212873822
317.14260851495027 -3.671630739228425 0.44140625 2.0283203 [317.14260851495027,-3.671630739228425] 29.621019598580247 0.7233649962929333 0.000784181561579658 2.1080592786809956e-05 [230.3583984375,-1807.368652344] -4.782563766891727 -3.3575770480820673 7.363962477654187 23.35090492906147 3.7402864625569237
317.14288317529684 -3.662946888177859 0.44140625 2.0283203 [317.14288317529684,-3.662946888177859] 22.622585871739528 0.4633898230767185 0.0012269417483300907 2.1129009527823934e-05 [230.8540039062,-1822.997070312] -4.782563766891727 -3.3575770480820673 7.363962477654187 23.400011432314045 3.6318755307497668
317.50369274520773 -6.193794782565291 0.43164062 1.9379883 [317.50369274520773,-6.193794782565291] -4.467870708318133 2.5579645737179755 0.0002220537633626051 2.110869411573653e-05 [875.6357421875,2732.397949219] -10.04569626093975 -8.109382192816366 7.471364057179769 4.797255915713322 32.63209065273895
314.6850280238561 -5.291986530065739 0.36328125 1.2529297 [314.6850280238561,-5.291986530065739] -14.243954125474685 0.4098389395698445 0.0015729551131367125 2.3957320992837218e-05 [-4173.788085938,1116.058105469] -11.909495948538796 -13.894775016837887 8.593650056416541 39.53176231128407 40.39040199592728
314.3451538035707 -5.850518762980381 0.34375 1.0444336 [314.3451538035707,-5.850518762980381] -14.29960073341384 1.9191950135657905 0.0004004354871873372 2.8560142373157562e-05 [-4777.827148438,2123.447021484] -12.004765523968128 -15.317863049873552 8.545456532140856 39.92367007664802 49.48308738675678
317.66336068154135 -6.336783386405894 0.41601562 1.7788086 [317.66336068154135,-6.336783386405894] 4.519203733339482 0.7519948332145461 0.0007704205027268305 2.1530364966084903e-05 [1161.028320312,2989.909423828] -8.770415556968272 -7.342294376379849 7.861040227945207 2.304261331814587 33.3491653402707
315.46658329309355 -5.518171281594637 0.375 1.3720703 [315.46658329309355,-5.518171281594637] -23.61559254410573 3.122684373829192 0.00018727982631176846 2.1733405899621636e-05 [-2772.76171875,1519.291992188] -13.933559884076544 -12.737669137987226 7.910176520857377 30.032099105008456 37.97012521738998
317.8786620087692 -5.428223672894255 0.3671875 1.2871094 [317.8786620087692,-5.428223672894255] 11.552214790939816 2.221122675341178 0.00025318599407766454 2.0898779623897726e-05 [1548.695800781,1355.297363281] -5.734799769477946 -4.410307986368661 7.2206752557135 5.306326972711872 20.392654310845955
316.3404236451614 -4.159853841368984 0.35546875 1.1494141 [316.3404236451614,-4.159853841368984] 7.917172134888801 3.177333816018173 0.00017559059913336525 2.0733508961829248e-05 [-1209.875976562,-928.0869140625] -5.530568423547711 -6.089464860130291 7.4165318264692255 28.79413248558535 15.31735171964101
316.62802114938097 -4.738824007921008 0.45117188 2.1289062 [316.62802114938097,-4.738824007921008] 12.42078718893245 1.8499255194846183 0.000306133910575559 2.104623357009789e-05 [-693.041015625,113.6567382812] -8.579065053298343 -8.394802154048717 6.878720628464113 22.391276058615972 20.460352762515868
316.3013608279155 -3.1063577938536855 0.40429688 1.6430664 [316.3013608279155,-3.1063577938536855] 6.952855143703955 0.7879090708189687 0.0007424476917762033 2.173955574494879e-05 [-1281.495117188,-2823.96875] -2.4223893924115862 -3.655892759843505 8.837877439641838 35.46902459411899 2.7485567430167066
318.27493284536735 -4.298492553053518 0.40234375 1.6367188 [318.27493284536735,-4.298492553053518] 52.990232720773925 2.2027293140831654 0.0002632875187610811 2.155262171250313e-05 [2262.452148438,-677.0986328125] -2.865087113075475 -2.0137557802642236 6.881554923845459 7.850241477821783 3.4688727550287695
315.7455748219426 -6.808856488285072 0.4140625 1.7495117 [315.7455748219426,-6.808856488285072] -32.65947928425305 2.6986203885054927 0.00025582794214828645 2.5656563043793097e-05 [-2267.530273438,3840.686767578] -18.522082856301473 -15.857481266231407 8.752714010549507 19.77638993674168 52.1834697622171
314.5793149201061 -4.932678678744347 0.359375 1.2119141 [314.5793149201061,-4.932678678744347] 9.765102771946005 2.4877963487444337 0.000256947890279779 2.375574120492757e-05 [-4365.545898438,469.9702148438] -9.338981613353768 -11.225875082897035 9.093461621278419 42.70471030158569 36.698778412670436
314.39599600786 -2.8468005752842735 0.31054688 0.74560547 [314.39599600786,-2.8468005752842735] -2.921377950047017 2.308217530344681 0.00034792889165030953 2.984529884032446e-05 [-4705.615234375,-3282.845703125] -9.48816793166131 -7.695140867788464 9.027689294916293 56.82553856702384 12.754534717085335
318.5777587616465 -4.264958304494138 0.47265625 2.350586 [318.5777587616465,-4.264958304494138] 30.871487200033425 1.4254515989656447 0.00041187923697100497 2.1818810890500644e-05 [2805.962890625,-736.3671875] 0.26461197227515826 -0.17891581607995288 7.3099456101466735 4.908899229107078 0.8885274142503476
315.55520653071966 -6.3179115752823485 0.47851562 2.381836 [315.55520653071966,-6.3179115752823485] -77.21549367356093 1.8117885520566146 0.000339324288174784 2.2847104130280475e-05 [-2610.252929688,2958.131103516] -19.31780908007125 -16.391150355293306 9.135894011247597 24.546380748926822 47.30279340766265
314.5962831330147 -2.929161447936726 0.421875 1.8505859 [314.5962831330147,-2.929161447936726] 0.3553989875732439 1.3441141389783755 0.000527540433802647 2.63512125974179e-05 [-4345.576171875,-3135.958984375] -6.812377500962599 -6.565497452097347 8.593244634724183 54.25070076182442 12.37617887392662
314.5939028060082 -2.9250817958948505 0.421875 1.8505859 [314.5939028060082,-2.9250817958948505] 0.7518475605257791 0.4915336088953136 0.0014427924327638378 2.635516729438511e-05 [-4349.8671875,-3143.284179688] -6.812377500962599 -6.565497452097347 8.593244634724183 54.299728233412566 12.343578847810932
314.5996702049914 -2.923778294885459 0.41992188 1.8222656 [314.5996702049914,-2.923778294885459] 2.466354184623981 0.7895505529591529 0.0008978844086906292 2.634565955805111e-05 [-4339.513671875,-3145.665039062] -6.200959307789239 -6.21760141653734 8.47343137958207 54.24742873913283 12.28869235887305
315.5919495868622 -3.358303839438173 0.40429688 1.6459961 [315.5919495868622,-3.358303839438173] 13.300851592946918 2.391795838853303 0.00025512838626810385 2.2677312834558242e-05 [-2555.694335938,-2368.672851562] -0.23686562535335765 -5.986861664346797 9.860528263276239 41.33627095068073 10.719272749468928
318.2761536949553 -4.749694731896214 0.40820312 1.7021484 [318.2761536949553,-4.749694731896214] 58.289382885644315 2.7879082960248645 0.00020682676290489132 2.1428606119924324e-05 [2263.232910156,135.0629882812] -4.4532975387861775 -1.9394503389616498 6.886441076225473 5.1541037857610945 9.091551449511826
315.22766119854737 -6.604835557686656 0.41210938 1.7241211 [315.22766119854737,-6.604835557686656] -46.206800339955336 2.0754337898401887 0.00032522677893583637 2.5084409628491706e-05 [-3194.205078125,3475.694335938] -19.112126244963704 -18.71228547647668 8.788020666422767 26.377013159417174 53.03747638045115
315.65539539984815 -3.490351137172281 0.39648438 1.5644531 [315.65539539984815,-3.490351137172281] 21.214296939551737 1.44137809778091 0.00042000492123695925 2.2497849166375015e-05 [-2441.384765625,-2131.270507812] 0.7014299734650961 -5.690490415631466 9.725281160048844 39.89151259511027 11.880895367159155
314.1700439687393 -4.457372794395604 0.37109375 1.3134766 [314.1700439687393,-4.457372794395604] 25.602336221920122 2.2195658879596816 0.0003829074661620323 3.158425078211977e-05 [-5102.200195312,-382.814453125] -2.27242489628525 -8.762701736480107 9.415776935705347 49.73980486644177 33.64214932709001
314.1743467483645 -4.468042423297845 0.37109375 1.3134766 [314.1743467483645,-4.468042423297845] 22.137415362702725 1.1838222984687827 0.0007098494489007277 3.1229243843527396e-05 [-5094.4140625,-363.640625] -2.27242489628525 -8.762701736480107 9.415776935705347 49.63296065609097 33.74276807060323
315.50515744236435 -4.764676095600113 0.4140625 1.7456055 [315.50515744236435,-4.764676095600113] -29.713333070824195 1.0814298735648382 0.0005370308491303247 2.1582726114308154e-05 [-2706.876953125,162.908203125] -5.91591309238256 -7.7480709514590185 8.54956278882726 33.97635006004839 28.437709311673643
315.50192285035536 -4.767972398728307 0.4140625 1.7456055 [315.50192285035536,-4.767972398728307] -29.339975932851658 1.493982456593714 0.0003895955657822053 2.1630582063514555e-05 [-2712.6640625,168.8540039062] -5.91591309238256 -7.7480709514590185 8.54956278882726 33.99105236356604 28.49998794614021
315.5163878474368 -4.74985706071219 0.44726562 2.084961 [315.5163878474368,-4.74985706071219] -29.36584867395328 2.424001106059735 0.0002401559280608831 2.163390051044931e-05 [-2686.796875,136.1909179688] -5.651477413291657 -7.547214174678627 8.466819393834601 33.94492586839772 28.18009518584722
314.99572728676833 -3.843227196500668 0.4375 1.9746094 [314.99572728676833,-3.843227196500668] 24.70917483889632 0.2622212578633271 0.002359597926116809 2.2994004144511683e-05 [-3624.631835938,-1493.346679688] -0.8207139834767716 -7.74294586634198 8.658456591741237 44.68448149269011 20.661589982850273
314.99600227894086 -3.841753756725404 0.4375 1.9746094 [314.99600227894086,-3.841753756725404] 24.8666252387857 0.3547509805679801 0.0017357202913193068 2.288295193197413e-05 [-3624.14453125,-1496.0] -0.8207139834767716 -7.74294586634198 8.658456591741237 44.69026856902292 20.641888523315174
316.09530619640515 -4.584759660721525 0.421875 1.828125 [316.09530619640515,-4.584759660721525] -57.85813211121916 3.160640925571923 0.00017877876164185848 2.0999056744915343e-05 [-1648.946289062,-162.7705078125] -8.268095683913838 -9.176694373659373 7.020769459474558 28.855304338490896 22.216847834031796
317.8441163340108 -5.042374120592593 0.43554688 1.9707031 [317.8441163340108,-5.042374120592593] 20.118843724423083 2.3259376586206275 0.0002441712155249865 2.1105771824482356e-05 [1487.716308594,660.728515625] -3.5294033291117484 -2.6442707584704914 7.055458852620878 7.925825405159685 15.79456602752316
317.84500109158876 -5.059517828096135 0.43554688 1.9707031 [317.84500109158876,-5.059517828096135] 18.47015173577747 2.740315693677228 0.0002054267609430794 2.0920223479438913e-05 [1489.263183594,691.5883789062] -3.5294033291117484 -2.6442707584704914 7.055458852620878 7.815907027692106 16.00291667361762
314.8298947630916 -6.0201344026479315 0.3828125 1.4404297 [314.8298947630916,-6.0201344026479315] -10.814950319806437 0.25006274197927275 0.0026378122845558544 2.4513288618903348e-05 [-3909.416015625,2425.682373047] -14.209162091311223 -14.510047873682867 9.35913974792124 33.862161858784475 48.393394687662294
315.0754698862382 -4.225672297189268 0.45703125 2.178711 [315.0754698862382,-4.225672297189268] 8.057528609902691 2.2123778060778627 0.00027653199406626734 2.2735964454800455e-05 [-3479.864257812,-805.3955078125] -5.042210337012487 -9.050690068631315 9.254700949378481 41.610492502851116 24.76129093221425
316.50402825443683 -5.661501941942895 0.45703125 2.1865234 [316.50402825443683,-5.661501941942895] -30.905679282957813 3.12448196973198 0.00018082310884995754 2.099619790716845e-05 [-914.1162109375,1774.53125] -10.818276625509734 -9.660312789231455 8.344538640778174 18.330773262434946 32.76142986527793
315.787872476953 -3.428774941240081 0.45507812 2.1523438 [315.787872476953,-3.428774941240081] 12.13305112482539 0.8431276847520389 0.0006998987083855234 2.1929929986464793e-05 [-2203.572265625,-2242.520507812] 0.30361126919731785 -5.138023938378485 9.597611114501886 38.87867563845771 10.221678060211161
315.79461661038386 -3.417808550148516 0.45507812 2.1523438 [315.79461661038386,-3.417808550148516] 7.728154539534364 1.8124016068231095 0.0003261246407309481 2.1965786362956726e-05 [-2191.482421875,-2262.276367188] 0.30361126919731785 -5.138023938378485 9.597611114501886 38.873736151662115 10.042229786085045
315.7913512145338 -3.423219227772028 0.45507812 2.1523438 [315.7913512145338,-3.423219227772028] 7.866369584294072 2.537796945491813 0.0002333708527555035 2.2009601867213107e-05 [-2197.3359375,-2252.529296875] 0.30361126919731785 -5.138023938378485 9.597611114501886 38.875525101584685 10.130339028078197
318.230651924334 -4.337375663077203 0.3984375 1.6005859 [318.230651924334,-4.337375663077203] 27.200327791231558 0.29103316699262083 0.001969488784619606 2.130123092137901e-05 [2182.877441406,-607.2504882812] -3.6973863284850736 -2.6542394687972637 6.864356248065942 8.077892290398722 4.268044528186692
316.5455015764084 -6.035212512971482 0.45898438 2.2011719 [316.5455015764084,-6.035212512971482] -31.747459733870652 1.087151719227959 0.0005256034334082586 2.1235234128929273e-05 [-839.26953125,2447.016357422] -12.396202267796099 -11.710005182966158 8.244437525140036 15.7513936527954 37.15038572753747
315.129150162272 -2.594236506308248 0.41992188 1.8037109 [315.129150162272,-2.594236506308248] 42.49264041685287 0.7837237456190884 0.0008974528051522899 2.6138660497627853e-05 [-3389.303710938,-3741.41796875] -4.037937246449636 -6.173763480494829 9.605645098724963 50.70901440620196 4.716742062772482
317.6955872702738 -6.427442077041155 0.35351562 1.1669922 [317.6955872702738,-6.427442077041155] 3.538680938930315 1.2992290025575046 0.0004550491697913262 2.1971147326842024e-05 [1218.462402344,3153.077148438] -8.579840235526992 -7.3894118806097975 7.75365098490511 1.4474369710501378 34.27861641371965
314.69998151877394 -4.751675155154184 0.38476562 1.4487305 [314.69998151877394,-4.751675155154184] 12.463465332730584 0.9852112276777597 0.0006411054692844266 2.3472942642659708e-05 [-4150.447265625,143.4360351562] -7.37670782722102 -9.358629252993143 9.074125508294328 42.48375742574899 33.68741785705424
317.0734863024006 -6.296701470064256 0.3515625 1.1430664 [317.0734863024006,-6.296701470064256] -25.046150693118815 0.07523813698675756 0.007674752548751489 2.1459080953015086e-05 [105.7744140625,2917.260742188] -13.276870531157012 -9.690075108586214 7.57621020528434 8.71809739012565 36.862704996349294
317.08602894431914 -6.289181729063931 0.36328125 1.2460938 [317.08602894431914,-6.289181729063931] -20.858666904119556 0.08813117706628207 0.006520537764826759 2.1356087335902037e-05 [128.216796875,2903.732666016] -13.17060049611644 -9.63028130291767 7.50260493255405 8.629490514762892 36.682767400632656
