data_processed/toy_model/toy_hvcs/toy_5_2.356194490192345_3.141592653589793_5.497787143782138.ecsv
# %ECSV 1.0
# ---
# datatype:
# - {name: x, datatype: float64}
# - {name: y, datatype: float64}
# - {name: RM, datatype: float64}
# - {name: RM_uncert, datatype: float64}
# - {name: interpolation_raw, datatype: float64}
# - {name: interpolation_unc, datatype: float64}
# schema: astropy-2.0
x y RM RM_uncert interpolation_raw interpolation_unc
-0.6728971962616823 -0.7850467289719627 0.26953125 0.5191639914323797 0.0 0.0
0.14953271028037385 -1.8317757009345796 0.05859375 0.24206145913796356 0.0 0.0
1.9065420560747661 0.41121495327102764 0.0078125 0.08838834764831845 0.0 0.0
1.5327102803738315 -0.8224299065420562 0.12109375 0.34798527267687634 0.0 0.0
-1.046728971962617 0.03738317757009302 0.0803316329693429 0.5344747570640599 0.0 0.0
0.6728971962616823 1.3831775700934577 0.2421875 0.4921254921257382 0.0 0.0
-0.97196261682243 -1.0841121495327104 -0.046875 0.21650635094610965 0.0 0.0
-1.4205607476635516 1.009345794392523 0.21484375 0.46351240544347894 0.0 0.0
0.18691588785046687 1.7196261682242993 -0.15234375 0.3903123748998999 0.0 0.0
1.3831775700934577 1.1962616822429908 -0.28515625 0.5340002340823456 0.0 0.0
-1.1962616822429908 1.2336448598130838 0.28559190166418685 0.5936613540802312 0.0 0.0
-1.2710280373831777 1.2710280373831777 0.3293016643575598 0.6046772516930992 0.0 0.0
0.7102803738317753 -1.457943925233645 -0.0546875 0.23385358667337133 0.0 0.0
1.2710280373831777 -0.3738317757009346 0.01953125 0.13975424859373686 0.0 0.0
1.6074766355140184 -0.6355140186915889 0.1328125 0.3644344934278313 0.0 0.0
0.6355140186915884 -1.1962616822429908 -0.03096284040993655 0.49549917337960625 0.0 0.0
0.44859813084112155 0.2990654205607477 0.27067545764106105 0.582961190818051 0.0 0.0
-0.8598130841121496 -0.44859813084112155 0.16796875 0.409839907768875 0.0 0.0
1.7196261682242993 0.5233644859813085 -0.01171875 0.10825317547305482 0.0 0.0
0.2990654205607477 -0.11214953271028039 0.10133813090099994 0.4759858191164943 0.0 0.0
1.009345794392523 0.97196261682243 0.203125 0.45069390943299864 0.0 0.0
0.97196261682243 0.5607476635514015 0.33203125 0.5762215285808054 0.0 0.0
-0.33644859813084116 -1.6448598130841123 -0.30859375 0.5555121510822243 0.0 0.0
-1.383177570093458 1.046728971962617 0.2734375 0.5229125165837972 0.0 0.0
-0.7102803738317758 1.8317757009345792 0.29296875 0.5412658773652742 0.0 0.0
0.3364485981308407 -0.7102803738317758 -0.2780325606758235 0.8085303775070217 0.0 0.0
-1.1214953271028039 -0.6355140186915889 0.27734375 0.5266343608235224 0.0 0.0
-0.3738317757009346 0.41121495327102764 0.5587059630046637 0.9313495187142834 0.0 0.0
0.7850467289719623 -0.5607476635514019 -0.1378613696297526 0.7618465982463302 0.0 0.0
-1.7570093457943927 0.44859813084112155 -0.12109375 0.34798527267687634 0.0 0.0
-0.03738317757009346 0.0 0.31102104028787564 0.5633423298277445 0.0 0.0
-0.03738317757009346 1.3457943925233646 0.1796875 0.42389562394532926 0.0 0.0
-1.457943925233645 -0.7850467289719627 0.32421875 0.5694020986965187 0.0 0.0
-0.6355140186915889 0.97196261682243 0.022594852752462702 0.6173550076778558 0.0 0.0
-0.485981308411215 -0.7476635514018692 -0.22913586520291324 0.49338421175167985 0.0 0.0
0.44859813084112155 -0.8224299065420562 -0.0707865176607046 0.6853451942790649 0.0 0.0
1.8317757009345792 0.22429906542056077 -0.29296875 0.5412658773652742 0.0 0.0
-0.03738317757009346 -0.5981308411214954 9.607723979676575e-06 0.42847841252506524 0.0 0.0
-0.14953271028037385 1.046728971962617 -0.10482076544788377 0.6343057228182637 0.0 0.0
0.03738317757009302 -1.5700934579439254 0.08203125 0.28641098093474 0.0 0.0
1.3831775700934577 0.7476635514018692 0.296875 0.5448623679425842 0.0 0.0
-0.9345794392523366 -0.6728971962616823 0.2578125 0.5077524002897476 0.0 0.0
-1.7196261682242993 0.6728971962616823 0.203125 0.45069390943299864 0.0 0.0
0.3364485981308407 -1.6822429906542058 -0.04296875 0.2072890493972125 0.0 0.0
0.07476635514018692 -0.8971962616822431 0.10818114535276685 0.5994789404140899 0.0 0.0
1.3457943925233646 -0.5233644859813085 0.2890625 0.5376453291901642 0.0 0.0
-0.9345794392523366 0.5981308411214954 0.6252939035725094 0.9924529243974339 0.0 0.0
1.6822429906542054 -0.8224299065420562 0.18359375 0.42847841252506524 0.0 0.0
0.3738317757009346 -1.4205607476635516 0.26953125 0.5191639914323797 0.0 0.0
-0.6728971962616823 -0.14953271028037385 0.19734295224371792 0.5996079172988261 0.0 0.0
0.2616822429906538 -1.7570093457943927 -0.24609375 0.49607837082461076 0.0 0.0
-0.33644859813084116 -1.532710280373832 0.2109375 0.4592793267718459 0.0 0.0
-0.97196261682243 -0.9345794392523366 0.2734375 0.5229125165837972 0.0 0.0
-0.26168224299065423 1.9065420560747661 0.09375 0.30618621784789724 0.0 0.0
0.7476635514018692 -1.0093457943925235 0.015258026450682194 0.5625 0.0 0.0
-1.6448598130841123 -0.22429906542056077 0.0703125 0.2651650429449553 0.0 0.0
0.9345794392523361 0.8598130841121492 0.19140625 0.4375 0.0 0.0
-1.383177570093458 -0.7850467289719627 -0.140625 0.375 0.0 0.0
1.3831775700934577 -1.1588785046728973 0.15234375 0.3903123748998999 0.0 0.0
0.8224299065420562 0.6355140186915884 0.046875 0.21650635094610965 0.0 0.0
-0.2990654205607477 -1.4953271028037385 0.078125 0.2795084971874737 0.0 0.0
-1.3457943925233646 1.4205607476635516 0.28125 0.5303300858899106 0.0 0.0
-0.5981308411214954 -1.4953271028037385 0.2421875 0.4921254921257382 0.0 0.0
0.3738317757009346 -1.6074766355140189 -0.296875 0.5448623679425842 0.0 0.0
0.8224299065420562 -1.4953271028037385 0.17578125 0.4192627457812106 0.0 0.0
-0.97196261682243 1.1962616822429908 0.36694347026512353 0.7204465216310278 0.0 0.0
-0.3738317757009346 -0.8598130841121496 -0.20717176483914956 0.5118591404657136 0.0 0.0
-0.3738317757009346 -0.44859813084112155 0.03184846688556554 0.21650635094610965 0.0 0.0
1.4579439252336446 -1.1214953271028039 -0.2890625 0.5376453291901642 0.0 0.0
0.9345794392523361 -0.5607476635514019 -0.219659306260029 0.7792864444606091 0.0 0.0
-0.7476635514018692 -0.11214953271028039 0.4958053827718694 0.8240817711512243 0.0 0.0
-0.5607476635514019 -1.383177570093458 -0.21875 0.46770717334674267 0.0 0.0
0.5233644859813085 0.9345794392523361 -0.48046875 0.6931585316505886 0.0 0.0
-1.9065420560747666 -0.11214953271028039 0.1796875 0.42389562394532926 0.0 0.0
0.5981308411214954 0.41121495327102764 0.07461336396454335 0.4881406047441659 0.0 0.0
1.4579439252336446 -0.4112149532710281 0.02734375 0.16535945694153692 0.0 0.0
-0.8971962616822431 -0.8224299065420562 0.0234375 0.15309310892394862 0.0 0.0
1.7570093457943923 0.2990654205607477 0.296875 0.5448623679425842 0.0 0.0
0.7102803738317753 -0.7476635514018692 -0.10726614944120905 0.72865530182825 0.0 0.0
1.1214953271028039 0.0 -0.07421875 0.2724311839712921 0.0 0.0
0.97196261682243 1.7196261682242993 0.18359375 0.42847841252506524 0.0 0.0
-1.8317757009345796 0.7476635514018692 -0.09765625 0.3125 0.0 0.0
1.6822429906542054 -0.6355140186915889 0.16015625 0.40019526483955303 0.0 0.0
-0.5607476635514019 -1.046728971962617 -0.40625 0.6373774391990981 0.0 0.0
-1.1962616822429908 -0.2990654205607477 0.30078125 0.5484352742120077 0.0 0.0
0.18691588785046687 1.4579439252336446 0.24609375 0.49607837082461076 0.0 0.0
-0.7476635514018692 -1.6074766355140189 -0.26171875 0.5115845482420281 0.0 0.0
0.0 -1.3457943925233646 0.1875 0.4330127018922193 0.0 0.0
1.1962616822429908 -0.22429906542056077 0.35546875 0.596212000885591 0.0 0.0
0.7850467289719623 1.5700934579439254 0.296875 0.5448623679425842 0.0 0.0
0.7850467289719623 1.2710280373831777 0.2578125 0.5077524002897476 0.0 0.0
-0.7102803738317758 -0.8598130841121496 0.30078125 0.5484352742120077 0.0 0.0
-1.5700934579439254 1.1588785046728969 0.19921875 0.44633927678392815 0.0 0.0
0.11214953271027994 0.8971962616822431 0.5307250739838643 0.9051312876968338 0.0 0.0
0.11214953271027994 -1.7943925233644862 -0.0703125 0.2651650429449553 0.0 0.0
-0.26168224299065423 0.7476635514018692 0.6828884278137554 1.0525988578881846 0.0 0.0
1.2710280373831777 1.046728971962617 0.02734375 0.16535945694153692 0.0 0.0
0.18691588785046687 -1.0093457943925235 -0.20098380544286276 0.6843784485836222 0.0 0.0
0.0 -0.26168224299065423 0.29796770930473354 0.5929270612815711 0.0 0.0
-1.6448598130841123 -0.11214953271028039 0.2890625 0.5376453291901642 0.0 0.0
0.5233644859813085 1.4205607476635516 0.078125 0.2795084971874737 0.0 0.0
0.0 -1.869158878504673 0.265625 0.5153882032022076 0.0 0.0
1.7196261682242993 0.9345794392523361 0.25390625 0.5038911092686593 0.0 0.0
-0.33644859813084116 -0.7850467289719627 -0.44576543087120357 0.7294901382077809 0.0 0.0
1.1962616822429908 -0.485981308411215 0.04429795164173736 0.5303300858899106 0.0 0.0
-1.4205607476635516 1.1214953271028039 0.27734375 0.5266343608235224 0.0 0.0
-0.97196261682243 1.5327102803738315 -0.02734375 0.16535945694153692 0.0 0.0
0.2616822429906538 -1.383177570093458 0.265625 0.5153882032022076 0.0 0.0
1.869158878504673 -0.1869158878504673 0.3203125 0.5659615711335886 0.0 0.0
-0.485981308411215 1.7570093457943923 0.1015625 0.31868871959954903 0.0 0.0
0.6355140186915884 -0.22429906542056077 -0.15627326633101235 0.734240446081544 0.0 0.0
0.44859813084112155 -0.3738317757009346 -0.07323932183466392 0.6358389290294578 0.0 0.0
0.5607476635514015 -1.1214953271028039 -0.05999493989282506 0.5649855128989151 0.0 0.0
1.7196261682242993 0.8971962616822431 0.10546875 0.3247595264191645 0.0 0.0
-0.11214953271028039 -1.3084112149532712 0.30078125 0.5484352742120077 0.0 0.0
0.48598130841121456 0.48598130841121456 -0.16015625000000003 0.4001952648395531 0.0 0.0
-0.485981308411215 -0.5233644859813085 0.08360110035358964 0.30618621784789724 0.0 0.0
-0.5981308411214954 0.5233644859813085 0.29856976460824114 0.8520831997032228 0.0 0.0
-1.0093457943925235 -0.1869158878504673 0.02734375 0.16535945694153692 0.0 0.0
-1.046728971962617 -1.0093457943925235 0.09765625 0.3125 0.0 0.0
-0.14953271028037385 0.03738317757009302 0.2968746589797138 0.5762209367590071 0.0 0.0
0.7102803738317753 0.11214953271027994 -0.051943911658789255 0.626857498413777 0.0 0.0
-0.4112149532710281 1.046728971962617 0.6073025949218592 0.9701379746426373 0.0 0.0
-0.97196261682243 0.2616822429906538 0.17557697717182336 0.6900390962428482 0.0 0.0
-1.9065420560747666 -0.07476635514018692 0.14453125 0.3801726581436387 0.0 0.0
1.4953271028037385 -0.14953271028037385 0.234375 0.4841229182759271 0.0 0.0
-0.8224299065420562 0.5607476635514015 0.46704150677796635 0.9377609042586136 0.0 0.0
0.6355140186915884 1.1962616822429908 0.22265625 0.47186465220442186 0.0 0.0
0.14953271028037385 1.3084112149532707 -0.1875 0.4330127018922193 0.0 0.0
-0.07476635514018692 -0.8598130841121496 -0.07554917639326586 0.5217203300490904 0.0 0.0
-0.14953271028037385 -1.1214953271028039 0.21484375 0.46351240544347894 0.0 0.0
-0.4112149532710281 1.6822429906542054 0.2109375 0.4592793267718459 0.0 0.0
1.1588785046728969 -1.2710280373831777 0.13498698842779006 0.44633927678392815 0.0 0.0
-0.03738317757009346 -1.4205607476635516 0.28125 0.5303300858899106 0.0 0.0
-0.22429906542056077 -1.869158878504673 0.2265625 0.4759858191164943 0.0 0.0
-0.2990654205607477 0.5607476635514015 0.5045874146806122 0.9340535741386703 0.0 0.0
0.18691588785046687 -0.97196261682243 -0.0631169722660958 0.584018573790416 0.0 0.0
1.3457943925233646 1.3084112149532707 -0.359375 0.5994789404140899 0.0 0.0
-0.5607476635514019 0.0 0.41473130317788476 0.7714192157029597 0.0 0.0
1.4953271028037385 0.8598130841121492 0.3125 0.5590169943749475 0.0 0.0
-1.9813084112149535 0.03738317757009302 0.1015625 0.31868871959954903 0.0 0.0
1.6448598130841123 -0.485981308411215 -0.00390625 0.0625 0.0 0.0
-1.1962616822429908 -1.3084112149532712 0.21875 0.46770717334674267 0.0 0.0
-1.532710280373832 1.009345794392523 0.296875 0.5448623679425842 0.0 0.0
-0.5981308411214954 0.7476635514018692 0.2744574838847016 0.8489935027839749 0.0 0.0
-0.33644859813084116 -0.7476635514018692 -0.43495223005504513 0.7253650529975167 0.0 0.0
0.14953271028037385 -1.1962616822429908 -0.00390625 0.0625 0.0 0.0
-0.7850467289719627 -0.14953271028037385 0.4643796820855877 0.7973647936617063 0.0 0.0
-0.1869158878504673 0.7850467289719623 0.2999210405091137 0.8467759922306651 0.0 0.0
-1.6074766355140189 0.22429906542056077 0.2109375 0.4592793267718459 0.0 0.0
0.9345794392523361 -0.1869158878504673 -0.24359386580234987 0.7849165443565957 0.0 0.0
0.14953271028037385 -1.2710280373831777 0.1328125 0.3644344934278313 0.0 0.0
1.5327102803738315 -1.046728971962617 0.2265625 0.4759858191164943 0.0 0.0
0.7850467289719623 -0.8598130841121496 -0.3386108902453867 0.8393840184866361 0.0 0.0
-0.44859813084112155 1.3084112149532707 -0.125 0.3535533905932738 0.0 0.0
-1.383177570093458 0.8971962616822431 0.09375 0.30618621784789724 0.0 0.0
0.03738317757009302 1.869158878504673 0.31640625 0.5625 0.0 0.0
0.6728971962616823 0.2990654205607477 0.045161091988065505 0.5484352742120077 0.0 0.0
-0.22429906542056077 -1.8317757009345796 0.18359375 0.42847841252506524 0.0 0.0
-0.5607476635514019 -0.22429906542056077 0.06613047599350488 0.4186044696213954 0.0 0.0
-1.7943925233644862 0.18691588785046687 0.11328125 0.3365728004459065 0.0 0.0
-1.869158878504673 -0.4112149532710281 0.203125 0.45069390943299864 0.0 0.0
-1.6448598130841123 0.22429906542056077 0.17578125 0.4192627457812106 0.0 0.0
-1.3457943925233646 0.41121495327102764 0.16015625 0.40019526483955303 0.0 0.0
-0.7476635514018692 -0.5607476635514019 0.3156127629406291 0.5645578144718734 0.0 0.0
1.1214953271028039 -1.2710280373831777 0.11344731783757844 0.4330127018922193 0.0 0.0
1.3457943925233646 1.1962616822429908 -0.2890625 0.5376453291901642 0.0 0.0
1.2710280373831777 0.22429906542056077 0.2734375 0.5229125165837972 0.0 0.0
-0.07476635514018692 1.08411214953271 0.013038549925409038 0.5141579036160177 0.0 0.0
-1.6074766355140189 0.6355140186915884 0.33203125 0.5762215285808054 0.0 0.0
-0.9345794392523366 0.5233644859813085 0.5906151897408561 0.975070063883469 0.0 0.0
1.1214953271028039 1.6074766355140184 0.32421875 0.5694020986965187 0.0 0.0
