data_processed/toy_model/toy_hvcs/toy_3_3.141592653589793_0.0_4.71238898038469.ecsv
# %ECSV 1.0
# ---
# datatype:
# - {name: x, datatype: float64}
# - {name: y, datatype: float64}
# - {name: RM, datatype: float64}
# - {name: RM_uncert, datatype: float64}
# - {name: interpolation_raw, datatype: float64}
# - {name: interpolation_unc, datatype: float64}
# schema: astropy-2.0
x y RM RM_uncert interpolation_raw interpolation_unc
0.18691588785046687 -0.07476635514018692 0.09375000000000001 0.3061862178478973 0.0 0.0
-0.7476635514018692 0.8598130841121492 -0.06640625000000006 0.257694101601104 0.0 0.0
1.046728971962617 -0.03738317757009346 0.3085937500000001 0.5555121510822245 0.0 0.0
0.3738317757009346 1.009345794392523 -0.28124999999999994 0.5303300858899106 0.0 0.0
-0.8598130841121496 -0.11214953271028039 0.0898437499999999 0.29973947020704494 0.0 0.0
-0.2990654205607477 1.3831775700934577 0.41796875 0.6465050270492876 0.0 0.0
1.8317757009345792 -0.44859813084112155 0.2109375 0.4592793267718459 0.0 0.0
0.41121495327102764 0.14953271028037385 -0.17968749999999992 0.42389562394532926 0.0 0.0
-0.1869158878504673 0.7476635514018692 0.0039062499999999796 0.0625 0.0 0.0
0.2616822429906538 1.2710280373831777 0.37109375 0.6091746465505602 0.0 0.0
-0.485981308411215 -0.97196261682243 -0.14453125000000003 0.3801726581436388 0.0 0.0
1.046728971962617 1.4953271028037385 0.08984375 0.29973947020704494 0.0 0.0
0.11214953271027994 1.2336448598130838 0.2578125 0.5077524002897476 0.0 0.0
-1.0841121495327104 0.07476635514018692 -0.1210937500000001 0.3479852726768766 0.0 0.0
-0.97196261682243 1.1214953271028039 0.35546875 0.596212000885591 0.0 0.0
-1.1214953271028039 -1.5700934579439254 -0.18359375 0.42847841252506524 0.0 0.0
-0.8971962616822431 1.1962616822429908 0.17968749999999997 0.42389562394532926 0.0 0.0
1.3457943925233646 -1.1214953271028039 0.35546875 0.596212000885591 0.0 0.0
-0.1869158878504673 1.7570093457943923 0.39453125 0.6281172263200556 0.0 0.0
-0.5981308411214954 0.2990654205607477 0.05859374999999994 0.24206145913796356 0.0 0.0
0.8224299065420562 -1.6448598130841123 0.39453125 0.6281172263200556 0.0 0.0
0.14953271028037385 -0.22429906542056077 0.2578125 0.5077524002897476 0.0 0.0
-1.0841121495327104 -0.4112149532710281 0.14843749999999992 0.385275875185561 0.0 0.0
0.48598130841121456 -1.1214953271028039 0.34765625 0.5896238207535377 0.0 0.0
0.41121495327102764 0.11214953271027994 0.0937500000000001 0.30618621784789757 0.0 0.0
0.2616822429906538 0.2616822429906538 0.38671875000000006 0.6218671481916376 0.0 0.0
-0.8971962616822431 -1.0093457943925235 -0.15625000000000003 0.3952847075210475 0.0 0.0
0.11214953271027994 1.2710280373831777 0.265625 0.5153882032022076 0.0 0.0
0.6355140186915884 -0.8971962616822431 -0.031249999999999965 0.1767766952966369 0.0 0.0
-0.5981308411214954 -1.6448598130841123 0.19140625 0.4375 0.0 0.0
0.22429906542056077 -1.7196261682242993 -0.31640625 0.5625 0.0 0.0
0.44859813084112155 1.6448598130841123 0.1015625 0.31868871959954903 0.0 0.0
1.2710280373831777 -1.2336448598130842 0.16015625 0.40019526483955303 0.0 0.0
1.1962616822429908 -1.4205607476635516 0.37109375 0.6091746465505602 0.0 0.0
0.3738317757009346 1.4953271028037385 -0.34765625 0.5896238207535377 0.0 0.0
0.5607476635514015 1.8317757009345792 -0.30078125 0.5484352742120077 0.0 0.0
1.4579439252336446 -0.2990654205607477 0.34375000000000006 0.5863019699779288 0.0 0.0
1.009345794392523 -0.11214953271028039 0.3320312500000001 0.5762215285808057 0.0 0.0
1.1214953271028039 -0.97196261682243 0.20312500000000003 0.4506939094329987 0.0 0.0
-0.11214953271028039 1.9065420560747661 0.2265625 0.4759858191164943 0.0 0.0
-1.383177570093458 -0.3738317757009346 0.07812499999999996 0.2795084971874737 0.0 0.0
1.3831775700934577 -0.33644859813084116 0.28515625000000006 0.5340002340823458 0.0 0.0
0.48598130841121456 -1.1962616822429908 0.34375 0.5863019699779287 0.0 0.0
-0.3738317757009346 -1.3457943925233646 0.32421875 0.5694020986965187 0.0 0.0
1.2336448598130838 -0.7476635514018692 0.39843750000000006 0.63121905864763 0.0 0.0
1.3831775700934577 -0.14953271028037385 0.22265625000000003 0.4718646522044219 0.0 0.0
0.8971962616822431 0.7102803738317753 0.28906250000000006 0.5376453291901643 0.0 0.0
0.7476635514018692 -1.457943925233645 0.30078125 0.5484352742120077 0.0 0.0
0.2990654205607477 1.869158878504673 -0.16796875 0.409839907768875 0.0 0.0
-0.9345794392523366 0.5981308411214954 0.35156249999999994 0.5929270612815711 0.0 0.0
0.22429906542056077 -1.4953271028037385 0.38671875 0.6218671481916375 0.0 0.0
-0.8971962616822431 1.009345794392523 0.37109374999999994 0.6091746465505602 0.0 0.0
-0.11214953271028039 1.7943925233644862 0.40625 0.6373774391990981 0.0 0.0
-0.1869158878504673 -0.5607476635514019 0.359375 0.5994789404140899 0.0 0.0
-1.0841121495327104 0.9345794392523361 0.26171874999999994 0.5115845482420281 0.0 0.0
-0.8971962616822431 0.9345794392523361 0.31640624999999994 0.5625 0.0 0.0
1.3831775700934577 -1.0841121495327104 -0.16796875 0.409839907768875 0.0 0.0
-1.3084112149532712 0.8971962616822431 -0.12109375000000003 0.34798527267687646 0.0 0.0
0.5233644859813085 -0.14953271028037385 0.2617187500000001 0.5115845482420284 0.0 0.0
-0.26168224299065423 0.41121495327102764 0.38281249999999994 0.6187184335382291 0.0 0.0
-0.7102803738317758 1.1214953271028039 0.33203125 0.5762215285808054 0.0 0.0
-0.97196261682243 1.1588785046728969 0.40234375 0.6343057228182637 0.0 0.0
0.7102803738317753 -0.7476635514018692 0.40234375000000006 0.6343057228182638 0.0 0.0
0.8598130841121492 -1.3457943925233646 0.390625 0.625 0.0 0.0
-0.11214953271028039 0.6728971962616823 0.2734375 0.5229125165837972 0.0 0.0
0.22429906542056077 1.3084112149532707 0.14453125 0.3801726581436387 0.0 0.0
0.22429906542056077 0.6728971962616823 -0.19140624999999997 0.4375 0.0 0.0
1.3457943925233646 -0.9345794392523366 0.17578125000000003 0.41926274578121064 0.0 0.0
0.11214953271027994 0.44859813084112155 0.09375000000000003 0.30618621784789735 0.0 0.0
-1.2336448598130842 -0.97196261682243 0.3984375 0.6312190586476298 0.0 0.0
-0.03738317757009346 -1.8317757009345796 0.37109375 0.6091746465505602 0.0 0.0
1.4579439252336446 0.0 0.30468750000000006 0.5519850541454905 0.0 0.0
1.3084112149532707 0.5233644859813085 0.41015625000000006 0.640434422872475 0.0 0.0
1.2710280373831777 1.1588785046728969 -0.04687499999999999 0.21650635094610965 0.0 0.0
-1.4953271028037385 -1.2710280373831777 0.4140625 0.6434768838116876 0.0 0.0
-0.03738317757009346 -1.046728971962617 0.10546875 0.3247595264191645 0.0 0.0
-0.2990654205607477 0.7850467289719623 0.26953124999999994 0.5191639914323797 0.0 0.0
0.3364485981308407 1.4579439252336446 -0.15625 0.39528470752104744 0.0 0.0
0.97196261682243 0.2616822429906538 0.0390625000000001 0.1976423537605242 0.0 0.0
1.1962616822429908 0.3738317757009346 0.35937500000000006 0.59947894041409 0.0 0.0
-0.07476635514018692 -1.4953271028037385 -0.16796875 0.409839907768875 0.0 0.0
0.6728971962616823 -0.7850467289719627 0.33593750000000006 0.5796011559684816 0.0 0.0
-0.6355140186915889 1.2336448598130838 -0.18359375000000003 0.4284784125250653 0.0 0.0
-0.22429906542056077 0.22429906542056077 0.34765624999999994 0.5896238207535377 0.0 0.0
-0.22429906542056077 -1.2336448598130842 0.34375 0.5863019699779287 0.0 0.0
-1.6074766355140189 1.009345794392523 0.31640625 0.5625 0.0 0.0
-1.383177570093458 0.8971962616822431 0.17968749999999997 0.42389562394532926 0.0 0.0
0.2616822429906538 1.5700934579439254 -0.33203125 0.5762215285808054 0.0 0.0
-0.5233644859813085 -1.7943925233644862 0.1875 0.4330127018922193 0.0 0.0
0.03738317757009302 0.41121495327102764 -0.30078125 0.5484352742120077 0.0 0.0
0.18691588785046687 0.8598130841121492 0.21484375000000003 0.463512405443479 0.0 0.0
-0.9345794392523366 -0.9345794392523366 0.4140625 0.6434768838116876 0.0 0.0
1.046728971962617 -1.3457943925233646 0.390625 0.625 0.0 0.0
0.9345794392523361 1.08411214953271 0.33203125 0.5762215285808054 0.0 0.0
0.44859813084112155 -0.26168224299065423 0.2539062500000001 0.5038911092686595 0.0 0.0
-1.6074766355140189 -0.8224299065420562 0.37890625 0.6155536126122565 0.0 0.0
-0.9345794392523366 0.44859813084112155 0.23828124999999992 0.4881406047441659 0.0 0.0
0.0 -0.22429906542056077 0.36328125 0.6027281725620597 0.0 0.0
-1.6822429906542058 0.07476635514018692 0.30078125 0.5484352742120077 0.0 0.0
0.6355140186915884 -0.5607476635514019 0.08984375000000004 0.2997394702070451 0.0 0.0
-0.8598130841121496 0.7102803738317753 0.37499999999999994 0.6123724356957945 0.0 0.0
0.0 0.9345794392523361 -0.32421875 0.5694020986965187 0.0 0.0
1.8317757009345792 -0.22429906542056077 0.28515625 0.5340002340823456 0.0 0.0
0.14953271028037385 0.6728971962616823 -0.058593749999999986 0.24206145913796356 0.0 0.0
1.6074766355140184 0.97196261682243 0.34765625 0.5896238207535377 0.0 0.0
0.5607476635514015 -0.9345794392523366 0.19531250000000003 0.4419417382415923 0.0 0.0
-0.03738317757009346 -0.33644859813084116 0.359375 0.5994789404140899 0.0 0.0
0.3364485981308407 0.8971962616822431 -0.31640624999999994 0.5625 0.0 0.0
0.18691588785046687 -1.0093457943925235 0.15234375 0.3903123748998999 0.0 0.0
0.3364485981308407 -1.6822429906542058 0.04296875 0.2072890493972125 0.0 0.0
0.8971962616822431 -1.3084112149532712 0.41796875 0.6465050270492876 0.0 0.0
1.2710280373831777 -0.7850467289719627 -0.031249999999999972 0.1767766952966369 0.0 0.0
0.6728971962616823 0.6728971962616823 0.28515625000000006 0.5340002340823458 0.0 0.0
-0.485981308411215 -1.4205607476635516 0.2890625 0.5376453291901642 0.0 0.0
0.5607476635514015 -0.4112149532710281 0.33593750000000006 0.5796011559684816 0.0 0.0
0.3738317757009346 -1.7196261682242993 0.390625 0.625 0.0 0.0
0.3364485981308407 0.3738317757009346 0.28906250000000006 0.5376453291901643 0.0 0.0
0.11214953271027994 1.94392523364486 -0.3671875 0.6059599821770412 0.0 0.0
1.94392523364486 0.22429906542056077 0.11328125 0.3365728004459065 0.0 0.0
0.6355140186915884 1.6074766355140184 0.20703125 0.4550068680800324 0.0 0.0
1.2336448598130838 1.4205607476635516 0.0625 0.25 0.0 0.0
1.3457943925233646 -0.5981308411214954 0.41406250000000006 0.6434768838116877 0.0 0.0
-0.5607476635514019 1.9065420560747661 0.28125 0.5303300858899106 0.0 0.0
1.4579439252336446 -0.485981308411215 0.41406250000000006 0.6434768838116877 0.0 0.0
-0.11214953271028039 -0.44859813084112155 0.2734375 0.5229125165837972 0.0 0.0
0.07476635514018692 0.7476635514018692 0.1953125 0.4419417382415922 0.0 0.0
-0.485981308411215 -0.03738317757009346 0.0859374999999999 0.29315098498896436 0.0 0.0
1.3084112149532707 -0.485981308411215 0.36328125000000006 0.6027281725620598 0.0 0.0
-1.869158878504673 -0.2990654205607477 0.1015625 0.31868871959954903 0.0 0.0
-0.14953271028037385 -1.3084112149532712 0.3984375 0.6312190586476298 0.0 0.0
0.0 -0.14953271028037385 0.39453125 0.6281172263200556 0.0 0.0
1.3457943925233646 0.0 -0.41015624999999994 0.6404344228724749 0.0 0.0
-1.4205607476635516 0.8598130841121492 0.2734375 0.5229125165837972 0.0 0.0
-0.03738317757009346 -1.869158878504673 0.27734375 0.5266343608235224 0.0 0.0
0.97196261682243 1.2336448598130838 0.296875 0.5448623679425842 0.0 0.0
0.2616822429906538 -0.33644859813084116 0.035156250000000035 0.1875000000000002 0.0 0.0
-0.44859813084112155 0.7850467289719623 0.37890624999999994 0.6155536126122565 0.0 0.0
-0.7476635514018692 0.11214953271027994 -0.11718750000000008 0.34232659844072905 0.0 0.0
-0.5981308411214954 -0.44859813084112155 0.32421874999999994 0.5694020986965187 0.0 0.0
0.41121495327102764 -1.532710280373832 0.265625 0.5153882032022076 0.0 0.0
0.11214953271027994 -0.3738317757009346 0.30859375 0.5555121510822243 0.0 0.0
-0.8598130841121496 -1.1588785046728973 -0.37890625 0.6155536126122565 0.0 0.0
-0.4112149532710281 1.4205607476635516 -0.375 0.6123724356957945 0.0 0.0
-1.5700934579439254 -0.7850467289719627 0.19140625 0.4375 0.0 0.0
-1.9065420560747666 -0.33644859813084116 0.34375 0.5863019699779287 0.0 0.0
-0.7102803738317758 1.8317757009345792 0.37890625 0.6155536126122565 0.0 0.0
0.14953271028037385 0.41121495327102764 0.21484375000000003 0.463512405443479 0.0 0.0
-0.14953271028037385 -1.0093457943925235 0.34765625 0.5896238207535377 0.0 0.0
-0.9345794392523366 1.6074766355140184 0.38671875 0.6218671481916375 0.0 0.0
1.7943925233644862 -0.07476635514018692 0.2265625 0.4759858191164943 0.0 0.0
0.11214953271027994 -1.3457943925233646 0.2109375 0.4592793267718459 0.0 0.0
0.3738317757009346 1.6448598130841123 -0.17578125 0.4192627457812106 0.0 0.0
1.3831775700934577 -0.26168224299065423 0.40625000000000006 0.6373774391990982 0.0 0.0
-0.5607476635514019 0.6355140186915884 0.06640624999999994 0.2576941016011038 0.0 0.0
1.08411214953271 -0.5607476635514019 -0.25781249999999994 0.5077524002897476 0.0 0.0
-1.1962616822429908 0.7476635514018692 -0.015625000000000035 0.12500000000000028 0.0 0.0
0.5607476635514015 -0.5607476635514019 -0.17968749999999997 0.42389562394532926 0.0 0.0
0.14953271028037385 -1.532710280373832 0.1953125 0.4419417382415922 0.0 0.0
-0.33644859813084116 -1.5700934579439254 0.27734375 0.5266343608235224 0.0 0.0
0.2990654205607477 -1.457943925233645 0.35546875 0.596212000885591 0.0 0.0
-0.4112149532710281 1.94392523364486 -0.1484375 0.385275875185561 0.0 0.0
-0.07476635514018692 1.1214953271028039 -0.125 0.3535533905932738 0.0 0.0
1.046728971962617 0.48598130841121456 0.21875000000000008 0.46770717334674283 0.0 0.0
-1.1588785046728973 -1.1962616822429908 -0.15625000000000003 0.3952847075210475 0.0 0.0
-0.1869158878504673 1.4579439252336446 0.328125 0.57282196186948 0.0 0.0
0.7102803738317753 -1.7943925233644862 0.29296875 0.5412658773652742 0.0 0.0
0.41121495327102764 -1.457943925233645 0.3671875 0.6059599821770412 0.0 0.0
-1.457943925233645 0.48598130841121456 0.39843749999999994 0.6312190586476298 0.0 0.0
0.03738317757009302 -1.4205607476635516 0.38671875 0.6218671481916375 0.0 0.0
-1.7570093457943927 -0.14953271028037385 -0.12109375 0.34798527267687634 0.0 0.0
0.6355140186915884 0.8598130841121492 -0.019531249999999944 0.13975424859373686 0.0 0.0
-1.3084112149532712 -0.03738317757009346 0.39453124999999994 0.6281172263200556 0.0 0.0
-0.5233644859813085 -0.22429906542056077 0.05468749999999991 0.23385358667337133 0.0 0.0
-1.869158878504673 -0.5607476635514019 -0.11328125 0.3365728004459065 0.0 0.0
-1.1962616822429908 0.5981308411214954 0.14843749999999997 0.385275875185561 0.0 0.0
-0.22429906542056077 -0.7476635514018692 0.21484375 0.46351240544347894 0.0 0.0
-0.11214953271028039 1.869158878504673 0.0078125 0.08838834764831845 0.0 0.0
-0.33644859813084116 0.5981308411214954 0.16015624999999997 0.40019526483955303 0.0 0.0
-0.2990654205607477 0.97196261682243 0.35937499999999994 0.5994789404140899 0.0 0.0
-1.457943925233645 -0.97196261682243 0.25 0.5 0.0 0.0
0.9345794392523361 -0.07476635514018692 0.0468750000000001 0.21650635094611012 0.0 0.0
-0.3738317757009346 1.7943925233644862 0.32421875 0.5694020986965187 0.0 0.0
-1.3457943925233646 -0.5981308411214954 0.32031249999999994 0.5659615711335886 0.0 0.0
0.97196261682243 -1.1214953271028039 0.28125 0.5303300858899106 0.0 0.0
0.5233644859813085 1.1588785046728969 -0.015624999999999977 0.125 0.0 0.0
-0.5607476635514019 0.5981308411214954 0.31249999999999994 0.5590169943749475 0.0 0.0
-0.5233644859813085 1.5700934579439254 -0.2109375 0.4592793267718459 0.0 0.0
-0.14953271028037385 -0.5607476635514019 0.37890625 0.6155536126122565 0.0 0.0
1.4205607476635516 0.97196261682243 -0.21875 0.46770717334674267 0.0 0.0
0.6355140186915884 0.2990654205607477 0.39453125000000006 0.6281172263200557 0.0 0.0
-0.11214953271028039 1.4953271028037385 0.37109375 0.6091746465505602 0.0 0.0
-1.457943925233645 -0.7102803738317758 -0.027343750000000024 0.16535945694153706 0.0 0.0
0.3738317757009346 1.869158878504673 0.07421875 0.2724311839712921 0.0 0.0
0.03738317757009302 0.5607476635514015 0.3828125 0.6187184335382291 0.0 0.0
-0.6355140186915889 -0.44859813084112155 0.28515624999999994 0.5340002340823456 0.0 0.0
1.1214953271028039 -1.457943925233645 0.2734375 0.5229125165837972 0.0 0.0
0.5981308411214954 -1.4953271028037385 -0.031249999999999997 0.1767766952966369 0.0 0.0
0.7102803738317753 -1.0093457943925235 0.35156250000000006 0.5929270612815712 0.0 0.0
-1.2710280373831777 -0.33644859813084116 0.40234374999999994 0.6343057228182637 0.0 0.0
-0.14953271028037385 1.869158878504673 -0.0390625 0.19764235376052372 0.0 0.0
0.44859813084112155 -1.6822429906542058 -0.3125 0.5590169943749475 0.0 0.0
-0.8971962616822431 -1.532710280373832 -0.16796875 0.409839907768875 0.0 0.0
0.44859813084112155 -0.4112149532710281 0.37109375000000006 0.6091746465505603 0.0 0.0
1.5700934579439254 -0.1869158878504673 0.19140625000000003 0.43750000000000006 0.0 0.0
-0.6728971962616823 0.5607476635514015 0.32421874999999994 0.5694020986965187 0.0 0.0
1.2710280373831777 1.4205607476635516 0.03125 0.1767766952966369 0.0 0.0
1.4205607476635516 0.6728971962616823 -0.08203124999999997 0.28641098093474 0.0 0.0
1.2336448598130838 -0.4112149532710281 -0.07421874999999994 0.2724311839712921 0.0 0.0
-0.14953271028037385 0.9345794392523361 -0.3828125 0.6187184335382291 0.0 0.0
-0.22429906542056077 1.009345794392523 -0.19531250000000003 0.4419417382415923 0.0 0.0
-0.33644859813084116 0.9345794392523361 0.37499999999999994 0.6123724356957945 0.0 0.0
-0.5607476635514019 -1.0093457943925235 -0.359375 0.5994789404140899 0.0 0.0
0.6355140186915884 -1.2336448598130842 0.4140625 0.6434768838116876 0.0 0.0
-0.6728971962616823 -0.5607476635514019 0.03906249999999995 0.19764235376052372 0.0 0.0
0.03738317757009302 -0.8598130841121496 0.3125 0.5590169943749475 0.0 0.0
0.8224299065420562 0.5233644859813085 0.19140625000000008 0.43750000000000017 0.0 0.0
-0.5981308411214954 -1.4205607476635516 0.21875 0.46770717334674267 0.0 0.0
-0.5233644859813085 0.6355140186915884 0.30078124999999994 0.5484352742120077 0.0 0.0
-0.03738317757009346 -0.8971962616822431 0.19140625 0.4375 0.0 0.0
0.7476635514018692 1.3457943925233646 0.2578125 0.5077524002897476 0.0 0.0
0.5607476635514015 -0.1869158878504673 0.20312500000000008 0.45069390943299886 0.0 0.0
0.7476635514018692 -1.6074766355140189 0.21875 0.46770717334674267 0.0 0.0
0.22429906542056077 -0.22429906542056077 0.12890625000000003 0.35903516540862684 0.0 0.0
-0.7476635514018692 0.2616822429906538 -0.26953125000000006 0.5191639914323798 0.0 0.0
0.18691588785046687 1.8317757009345792 -0.40625 0.6373774391990981 0.0 0.0
1.1588785046728969 0.6728971962616823 0.35546875000000006 0.5962120008855911 0.0 0.0
-1.3457943925233646 -0.1869158878504673 0.37109374999999994 0.6091746465505602 0.0 0.0
0.2616822429906538 0.3738317757009346 0.40234375000000006 0.6343057228182638 0.0 0.0
-0.6355140186915889 0.2990654205607477 0.32031249999999994 0.5659615711335886 0.0 0.0
0.6728971962616823 1.4205607476635516 0.41796875 0.6465050270492876 0.0 0.0
-0.8971962616822431 0.97196261682243 0.31640624999999994 0.5625 0.0 0.0
0.6728971962616823 0.11214953271027994 0.34375000000000006 0.5863019699779288 0.0 0.0
0.41121495327102764 1.2710280373831777 0.30078125 0.5484352742120077 0.0 0.0
-1.046728971962617 -1.4953271028037385 0.10546875 0.3247595264191645 0.0 0.0
-0.03738317757009346 0.03738317757009302 0.32421875 0.5694020986965187 0.0 0.0
-1.1588785046728973 -0.9345794392523366 0.37109375 0.6091746465505602 0.0 0.0
0.07476635514018692 1.7570093457943923 0.04296875 0.2072890493972125 0.0 0.0
-1.1588785046728973 0.7850467289719623 0.24999999999999997 0.5 0.0 0.0
