data_processed/toy_model/toy_hvcs/toy_3_0.0_0.0_0.0.ecsv
# %ECSV 1.0
# ---
# datatype:
# - {name: x, datatype: float64}
# - {name: y, datatype: float64}
# - {name: RM, datatype: float64}
# - {name: RM_uncert, datatype: float64}
# - {name: interpolation_raw, datatype: float64}
# - {name: interpolation_unc, datatype: float64}
# schema: astropy-2.0
x y RM RM_uncert interpolation_raw interpolation_unc
-1.7570093457943927 0.44859813084112155 -0.03515625 0.1875 0.0 0.0
1.2336448598130838 0.03738317757009302 0.8597178172989774 0.5590169943749475 0.0 0.0
-0.26168224299065423 -1.1962616822429908 0.37109375 0.6091746465505602 0.0 0.0
-0.7850467289719627 -1.7196261682242993 0.03125 0.1767766952966369 0.0 0.0
-0.44859813084112155 -1.1588785046728973 0.40234375 0.6343057228182637 0.0 0.0
1.1588785046728969 -0.485981308411215 0.30859375 0.5555121510822243 0.0 0.0
0.6728971962616823 0.44859813084112155 1.1257243567593243 0.6027281725620597 0.0 0.0
0.18691588785046687 -0.03738317757009346 0.38857941868912815 0.5376453291901642 0.0 0.0
0.9345794392523361 1.009345794392523 0.27734375 0.5266343608235224 0.0 0.0
-1.1214953271028039 0.7476635514018692 -0.00390625 0.0625 0.0 0.0
1.7196261682242993 -0.14953271028037385 0.32421875 0.5694020986965187 0.0 0.0
-1.383177570093458 0.03738317757009302 -1.0923331793378008 0.1767766952966369 0.0 0.0
0.5233644859813085 0.8598130841121492 -0.4296875 0.6555055301063447 0.0 0.0
-0.44859813084112155 1.9065420560747661 0.28125 0.5303300858899106 0.0 0.0
-0.14953271028037385 0.41121495327102764 -0.06135619647167698 0.15309310892394862 0.0 0.0
0.7102803738317753 -1.2710280373831777 0.2890625 0.5376453291901642 0.0 0.0
-0.14953271028037385 1.5327102803738315 -0.0078125 0.08838834764831845 0.0 0.0
-0.2990654205607477 1.1588785046728969 -0.15625 0.39528470752104744 0.0 0.0
1.6822429906542054 -0.7102803738317758 0.37890625 0.6155536126122565 0.0 0.0
1.1588785046728969 -1.2336448598130842 0.2421875 0.4921254921257382 0.0 0.0
-1.3457943925233646 -1.1214953271028039 -0.1953125 0.4419417382415922 0.0 0.0
1.3457943925233646 -0.7850467289719627 -0.078125 0.2795084971874737 0.0 0.0
-1.2336448598130842 1.046728971962617 0.1328125 0.3644344934278313 0.0 0.0
-1.383177570093458 0.5607476635514015 0.3359375 0.5796011559684815 0.0 0.0
1.1214953271028039 -1.532710280373832 0.29296875 0.5412658773652742 0.0 0.0
1.4579439252336446 -1.3457943925233646 0.2890625 0.5376453291901642 0.0 0.0
1.046728971962617 -0.3738317757009346 0.7885547540545721 0.5590169943749475 0.0 0.0
-0.22429906542056077 1.8317757009345792 0.0546875 0.23385358667337133 0.0 0.0
1.7570093457943923 0.3738317757009346 0.34765625 0.5896238207535377 0.0 0.0
-0.14953271028037385 0.5233644859813085 0.11235103231805611 0.45069390943299864 0.0 0.0
0.0 -1.3084112149532712 0.296875 0.5448623679425842 0.0 0.0
0.3738317757009346 1.9065420560747661 -0.14453125 0.3801726581436387 0.0 0.0
-0.1869158878504673 -1.1214953271028039 0.37109375 0.6091746465505602 0.0 0.0
-1.6074766355140189 0.44859813084112155 0.37109375 0.6091746465505602 0.0 0.0
0.7102803738317753 1.6822429906542054 0.24609375 0.49607837082461076 0.0 0.0
-0.8224299065420562 -0.26168224299065423 -0.7110392354984684 0.5038911092686593 0.0 0.0
-0.5981308411214954 0.8224299065420562 0.171875 0.414578098794425 0.0 0.0
0.2616822429906538 -1.1962616822429908 0.36328125 0.6027281725620597 0.0 0.0
