data_processed/toy_model/toy_hvcs/toy_1_0.0_0.0_0.0.ecsv
# %ECSV 1.0
# ---
# datatype:
# - {name: x, datatype: float64}
# - {name: y, datatype: float64}
# - {name: RM, datatype: float64}
# - {name: RM_uncert, datatype: float64}
# - {name: interpolation_raw, datatype: float64}
# - {name: interpolation_unc, datatype: float64}
# schema: astropy-2.0
x y RM RM_uncert interpolation_raw interpolation_unc
0.9345794392523361 1.1214953271028039 0.4140625 0.6434768838116876 0.0 0.0
1.869158878504673 0.2990654205607477 0.5 0.7071067811865476 0.0 0.0
-0.6355140186915889 -1.532710280373832 0.3984375 0.6312190586476298 0.0 0.0
0.44859813084112155 -0.8971962616822431 0.46875 0.6846531968814576 0.0 0.0
1.94392523364486 0.41121495327102764 0.19921875 0.44633927678392815 0.0 0.0
0.0 1.3084112149532707 0.30078125 0.5484352742120077 0.0 0.0
0.6728971962616823 1.08411214953271 0.44140625 0.6643841132959156 0.0 0.0
0.2616822429906538 0.2990654205607477 0.5881180124042582 0.8685395931150844 0.0 0.0
0.2990654205607477 -0.5233644859813085 0.10963586059422514 0.6159772489211353 0.0 0.0
1.9065420560747661 -0.26168224299065423 0.48046875 0.6931585316505886 0.0 0.0
0.5233644859813085 -0.44859813084112155 0.9608413598029135 1.2746794575915261 0.0 0.0
1.5700934579439254 0.3364485981308407 -0.14453125 0.3801726581436387 0.0 0.0
0.22429906542056077 0.18691588785046687 0.6396975394971741 0.8761714038898715 0.0 0.0
1.7196261682242993 -1.0093457943925235 0.41796875 0.6465050270492876 0.0 0.0
-0.26168224299065423 -1.6074766355140189 0.41796875 0.6465050270492876 0.0 0.0
0.41121495327102764 -1.532710280373832 0.375 0.6123724356957945 0.0 0.0
-0.2990654205607477 1.94392523364486 0.38671875 0.6218671481916375 0.0 0.0
1.4205607476635516 -1.3084112149532712 0.31640625 0.5625 0.0 0.0
0.14953271028037385 1.7943925233644862 -0.16796875 0.409839907768875 0.0 0.0
1.8317757009345792 0.7102803738317753 0.3125 0.5590169943749475 0.0 0.0
1.5327102803738315 -0.22429906542056077 0.3579981547325454 0.61331277458169 0.0 0.0
0.8224299065420562 -0.07476635514018692 1.2885650075807766 1.4760394693779544 0.0 0.0
-0.6355140186915889 -1.0093457943925235 -0.00390625 0.0625 0.0 0.0
0.14953271028037385 1.3084112149532707 0.00390625 0.0625 0.0 0.0
-1.0093457943925235 0.5981308411214954 0.3515625 0.5929270612815711 0.0 0.0
1.3831775700934577 -0.22429906542056077 0.8515608683954229 1.102198025216361 0.0 0.0
-0.1869158878504673 0.48598130841121456 0.2435661438391964 0.6027281725620597 0.0 0.0
1.4205607476635516 -0.8598130841121496 0.48828125 0.6987712429686843 0.0 0.0
0.3364485981308407 1.6074766355140184 -0.1484375 0.385275875185561 0.0 0.0
-0.22429906542056077 -1.0093457943925235 0.4375 0.6614378277661477 0.0 0.0
1.1588785046728969 1.4205607476635516 0.37890625 0.6155536126122565 0.0 0.0
-1.2710280373831777 -1.4205607476635516 -0.09375 0.30618621784789724 0.0 0.0
0.44859813084112155 1.9065420560747661 0.3828125 0.6187184335382291 0.0 0.0
-0.5607476635514019 -1.457943925233645 0.375 0.6123724356957945 0.0 0.0
-0.5233644859813085 0.7476635514018692 -0.0546875 0.23385358667337133 0.0 0.0
-0.07476635514018692 -0.9345794392523366 0.28807410822269874 0.625 0.0 0.0
-0.4112149532710281 -0.5981308411214954 -0.38307773488666197 0.9705342445134658 0.0 0.0
0.0 -1.869158878504673 0.4609375 0.6789237807000135 0.0 0.0
1.981308411214953 -0.07476635514018692 0.45703125 0.676040864149498 0.0 0.0
0.6355140186915884 1.3457943925233646 0.49609375 0.7043392293490403 0.0 0.0
-1.6074766355140189 -0.11214953271028039 0.10120952251071424 0.6702378309227255 0.0 0.0
0.7102803738317753 1.8317757009345792 -0.0625 0.25 0.0 0.0
0.6355140186915884 -1.1962616822429908 0.37890625 0.6155536126122565 0.0 0.0
0.6355140186915884 0.14953271028037385 1.0501301481456013 1.287965079608606 0.0 0.0
-0.07476635514018692 1.4953271028037385 0.515625 0.7180703308172536 0.0 0.0
0.6728971962616823 -0.8598130841121496 0.234375 0.4841229182759271 0.0 0.0
0.5607476635514015 -0.5233644859813085 0.7760059721762652 1.2043460650297033 0.0 0.0
0.9345794392523361 0.7102803738317753 0.4765625 0.6903350635742038 0.0 0.0
-0.9345794392523366 -0.97196261682243 0.3046875 0.5519850541454905 0.0 0.0
-1.7196261682242993 0.3364485981308407 0.328125 0.57282196186948 0.0 0.0
-0.11214953271028039 -1.5700934579439254 0.265625 0.5153882032022076 0.0 0.0
0.5233644859813085 1.4579439252336446 0.34765625 0.5896238207535377 0.0 0.0
-0.5981308411214954 -1.1962616822429908 0.14453125 0.3801726581436387 0.0 0.0
-0.2990654205607477 0.8598130841121492 0.3671875 0.6059599821770412 0.0 0.0
1.5700934579439254 0.3738317757009346 0.0546875 0.23385358667337133 0.0 0.0
0.3364485981308407 -1.532710280373832 0.4296875 0.6555055301063447 0.0 0.0
-0.7102803738317758 0.8224299065420562 0.5390625 0.7342087577794206 0.0 0.0
-0.8224299065420562 -1.7196261682242993 0.03515625 0.1875 0.0 0.0
1.4953271028037385 1.08411214953271 -0.08203125 0.28641098093474 0.0 0.0
-0.33644859813084116 1.7196261682242993 0.515625 0.7180703308172536 0.0 0.0
-0.97196261682243 1.5700934579439254 0.37890625 0.6155536126122565 0.0 0.0
-1.1962616822429908 1.4953271028037385 0.32421875 0.5694020986965187 0.0 0.0
-0.33644859813084116 0.6355140186915884 -0.028157728701340923 0.6829873405874239 0.0 0.0
-0.44859813084112155 1.4205607476635516 -0.26953125 0.5191639914323797 0.0 0.0
0.6355140186915884 0.9345794392523361 -0.1875 0.4330127018922193 0.0 0.0
0.03738317757009302 -1.7943925233644862 0.50390625 0.7098635432250342 0.0 0.0
0.14953271028037385 1.9065420560747661 -0.30078125 0.5484352742120077 0.0 0.0
-1.457943925233645 1.009345794392523 0.296875 0.5448623679425842 0.0 0.0
1.4205607476635516 1.3831775700934577 0.44921875 0.6702378309227255 0.0 0.0
-0.44859813084112155 -1.6074766355140189 0.296875 0.5448623679425842 0.0 0.0
-1.7196261682242993 -0.5981308411214954 0.390625 0.625 0.0 0.0
0.5607476635514015 0.5981308411214954 0.6256090639495278 1.0740399796558113 0.0 0.0
0.9345794392523361 -1.6448598130841123 0.40625 0.6373774391990981 0.0 0.0
-1.1214953271028039 1.4579439252336446 0.45703125 0.676040864149498 0.0 0.0
-0.22429906542056077 1.7196261682242993 0.45703125 0.676040864149498 0.0 0.0
1.046728971962617 -0.7102803738317758 0.43359375 0.6584783595532961 0.0 0.0
1.3457943925233646 1.1588785046728969 -0.125 0.3535533905932738 0.0 0.0
0.22429906542056077 0.07476635514018692 0.04165287809902868 0.40661653458517566 0.0 0.0
-0.03738317757009346 0.7850467289719623 0.4681968347124572 0.6987712429686843 0.0 0.0
-0.2990654205607477 0.18691588785046687 0.07507478261364947 0.5115845482420281 0.0 0.0
-0.14953271028037385 0.9345794392523361 -0.27734375 0.5266343608235224 0.0 0.0
1.6074766355140184 0.7476635514018692 0.4609375 0.6789237807000135 0.0 0.0
-0.26168224299065423 -0.07476635514018692 0.33137979897147274 0.6931585316505886 0.0 0.0
1.1214953271028039 -0.5607476635514019 -0.12890625 0.3590351654086268 0.0 0.0
0.7850467289719623 0.97196261682243 -0.03125 0.1767766952966369 0.0 0.0
-1.4205607476635516 0.03738317757009302 -1.004329071214074 1.4213996244646148 0.0 0.0
-1.1214953271028039 -0.7102803738317758 0.515625 0.7180703308172536 0.0 0.0
-1.0841121495327104 0.48598130841121456 0.39453125 0.6281172263200556 0.0 0.0
-0.6728971962616823 -0.6728971962616823 0.32421875 0.5694020986965187 0.0 0.0
-1.2710280373831777 0.22429906542056077 -0.12657135287924837 0.8700856025463798 0.0 0.0
0.3364485981308407 -0.3738317757009346 0.5716638144128987 0.9136377174929883 0.0 0.0
0.7850467289719623 1.4205607476635516 0.515625 0.7180703308172536 0.0 0.0
0.44859813084112155 0.7850467289719623 -0.109375 0.33071891388307384 0.0 0.0
-0.3738317757009346 1.6448598130841123 0.5 0.7071067811865476 0.0 0.0
1.981308411214953 0.03738317757009302 0.13671875 0.369754986443726 0.0 0.0
1.94392523364486 -0.44859813084112155 0.28515625 0.5340002340823456 0.0 0.0
-1.532710280373832 -0.97196261682243 0.3671875 0.6059599821770412 0.0 0.0
1.7196261682242993 0.14953271028037385 0.3828125 0.6187184335382291 0.0 0.0
0.6355140186915884 1.6074766355140184 0.3203125 0.5659615711335886 0.0 0.0
0.7850467289719623 1.7943925233644862 -0.12109375 0.34798527267687634 0.0 0.0
-0.03738317757009346 -1.3084112149532712 0.39453125 0.6281172263200556 0.0 0.0
1.4953271028037385 0.18691588785046687 0.7670397318380779 1.0149744891750512 0.0 0.0
-1.8317757009345796 0.22429906542056077 0.4296875 0.6555055301063447 0.0 0.0
-1.8317757009345796 -0.4112149532710281 0.390625 0.625 0.0 0.0
0.48598130841121456 0.03738317757009302 0.759360370705191 1.0510272315265585 0.0 0.0
1.1962616822429908 0.07476635514018692 0.98976326168391 1.4574147568100921 0.0 0.0
0.9345794392523361 0.07476635514018692 1.5725046042138202 1.6335380951871432 0.0 0.0
0.18691588785046687 0.11214953271027994 0.1360347474247755 0.4867373468818178 0.0 0.0
-0.44859813084112155 0.5607476635514015 -0.2368699710924429 0.917020960602802 0.0 0.0
0.22429906542056077 0.48598130841121456 0.46558725897862485 0.7890378748559854 0.0 0.0
0.03738317757009302 -1.1214953271028039 0.3515625 0.5929270612815711 0.0 0.0
0.03738317757009302 1.2710280373831777 0.3671875 0.6059599821770412 0.0 0.0
-1.6822429906542058 0.0 -0.23267144126473005 0.9583673004278996 0.0 0.0
1.4205607476635516 -0.1869158878504673 0.8580907575478864 1.1445223960656135 0.0 0.0
0.2616822429906538 0.8598130841121492 -0.012283398608859027 0.22534695471649932 0.0 0.0
-0.4112149532710281 0.03738317757009302 0.03622468008571261 0.5519850541454905 0.0 0.0
-1.9065420560747666 0.11214953271027994 0.44140625 0.6643841132959156 0.0 0.0
0.7476635514018692 -0.14953271028037385 1.3234179943211979 1.4638749053940352 0.0 0.0
-0.1869158878504673 0.7476635514018692 -0.09093780585551953 0.5432834082788089 0.0 0.0
1.4953271028037385 0.8224299065420562 0.47265625 0.6875 0.0 0.0
-1.1214953271028039 -1.4205607476635516 -0.234375 0.4841229182759271 0.0 0.0
0.2990654205607477 1.3831775700934577 0.1171875 0.3423265984407288 0.0 0.0
1.5327102803738315 -1.1214953271028039 0.125 0.3535533905932738 0.0 0.0
1.2710280373831777 1.3084112149532707 -0.23828125 0.4881406047441659 0.0 0.0
1.4579439252336446 -0.14953271028037385 0.947070246891646 1.2181889195782778 0.0 0.0
-1.3084112149532712 -0.26168224299065423 -0.016933210926077746 0.6208292211648511 0.0 0.0
0.6728971962616823 -1.383177570093458 0.0546875 0.23385358667337133 0.0 0.0
1.9065420560747661 -0.5233644859813085 0.44140625 0.6643841132959156 0.0 0.0
0.3738317757009346 -0.6728971962616823 0.39845435588909617 0.9375179794426304 0.0 0.0
-1.2710280373831777 -0.26168224299065423 -0.22010438095518586 0.8260727945589128 0.0 0.0
0.8971962616822431 1.5700934579439254 0.265625 0.5153882032022076 0.0 0.0
1.4953271028037385 0.5607476635514015 0.4765625 0.6903350635742038 0.0 0.0
0.9345794392523361 -0.4112149532710281 0.8934108311562169 1.2061469281610901 0.0 0.0
1.869158878504673 -0.03738317757009346 0.49665575644159354 0.7585135218855278 0.0 0.0
-0.14953271028037385 -0.5607476635514019 0.3944166760619758 0.6987712429686843 0.0 0.0
-0.26168224299065423 0.3364485981308407 0.23529823639426134 0.6373774391990981 0.0 0.0
-0.485981308411215 -1.5700934579439254 0.234375 0.4841229182759271 0.0 0.0
-0.4112149532710281 1.6448598130841123 0.37109375 0.6091746465505602 0.0 0.0
0.22429906542056077 -0.5607476635514019 0.2997070859049994 0.6887773020432648 0.0 0.0
1.009345794392523 -0.97196261682243 0.41015625 0.6404344228724749 0.0 0.0
0.41121495327102764 1.94392523364486 0.4375 0.6614378277661477 0.0 0.0
0.07476635514018692 -0.11214953271028039 0.4284861790556613 0.6828963011404605 0.0 0.0
-0.9345794392523366 1.3084112149532707 0.03515625 0.1875 0.0 0.0
1.3831775700934577 1.1214953271028039 -0.21875 0.46770717334674267 0.0 0.0
-1.94392523364486 0.3738317757009346 0.46875 0.6846531968814576 0.0 0.0
1.3831775700934577 1.4205607476635516 0.484375 0.6959705453537527 0.0 0.0
-0.11214953271028039 -1.6074766355140189 0.3203125 0.5659615711335886 0.0 0.0
-0.8598130841121496 0.18691588785046687 -1.110493030098052 1.459843248501737 0.0 0.0
-1.8317757009345796 -0.26168224299065423 -0.26171875 0.5115845482420281 0.0 0.0
-0.11214953271028039 -1.1962616822429908 0.18359375 0.42847841252506524 0.0 0.0
1.046728971962617 0.2616822429906538 1.2990462636648168 1.4752008430480352 0.0 0.0
0.18691588785046687 0.6355140186915884 0.0071023973102802285 0.39348417327836765 0.0 0.0
-0.03738317757009346 -1.7943925233644862 0.51953125 0.7207851621669248 0.0 0.0
0.6355140186915884 -0.9345794392523366 -0.0078125 0.08838834764831845 0.0 0.0
-1.1214953271028039 1.2336448598130838 0.46875 0.6846531968814576 0.0 0.0
1.4579439252336446 0.3364485981308407 -0.0546875 0.23385358667337133 0.0 0.0
0.5981308411214954 -0.26168224299065423 1.1192821980433798 1.322982670365247 0.0 0.0
-0.2990654205607477 0.14953271028037385 -0.2922326470033794 0.6892679406491781 0.0 0.0
1.1214953271028039 0.9345794392523361 0.30859375 0.5555121510822243 0.0 0.0
-0.44859813084112155 -1.94392523364486 0.3984375 0.6312190586476298 0.0 0.0
1.6822429906542054 -0.26168224299065423 0.1875 0.4330127018922193 0.0 0.0
0.48598130841121456 -0.03738317757009346 0.8179541207051912 1.0785416039311522 0.0 0.0
1.3457943925233646 -1.2336448598130842 0.41796875 0.6465050270492876 0.0 0.0
-0.7850467289719627 -1.1214953271028039 -0.29296875 0.5412658773652742 0.0 0.0
0.8224299065420562 -0.2990654205607477 1.4214362267662104 1.5344677264551447 0.0 0.0
0.3738317757009346 1.869158878504673 0.18359375 0.42847841252506524 0.0 0.0
-0.5607476635514019 0.48598130841121456 -0.664635963633892 1.1730928894455819 0.0 0.0
-0.8598130841121496 -1.2336448598130842 0.05859375 0.24206145913796356 0.0 0.0
-0.03738317757009346 1.8317757009345792 0.3671875 0.6059599821770412 0.0 0.0
-0.6728971962616823 0.2990654205607477 -0.341272137805376 1.0802403786244763 0.0 0.0
-1.4953271028037385 1.2710280373831777 0.046875 0.21650635094610965 0.0 0.0
-1.6448598130841123 1.046728971962617 0.3359375 0.5796011559684815 0.0 0.0
-1.0841121495327104 -0.26168224299065423 -0.43939584580929336 1.1266839359902965 0.0 0.0
0.44859813084112155 0.3738317757009346 0.8244652990712147 1.123482019501171 0.0 0.0
0.07476635514018692 0.18691588785046687 -0.028429672204562606 0.2576941016011038 0.0 0.0
-1.7570093457943927 0.9345794392523361 0.44921875 0.6702378309227255 0.0 0.0
0.11214953271027994 0.97196261682243 0.4921875 0.701560760020114 0.0 0.0
1.3457943925233646 -0.4112149532710281 0.46875 0.6846531968814576 0.0 0.0
0.7102803738317753 1.4953271028037385 0.45703125 0.676040864149498 0.0 0.0
1.009345794392523 -1.2710280373831777 0.421875 0.649519052838329 0.0 0.0
0.22429906542056077 0.5233644859813085 0.6609413188033462 0.9087292707988955 0.0 0.0
0.2616822429906538 0.6728971962616823 0.43874631074268794 0.8606822128319929 0.0 0.0
-0.5607476635514019 1.3457943925233646 0.2421875 0.4921254921257382 0.0 0.0
1.009345794392523 -0.9345794392523366 0.40234375 0.6343057228182637 0.0 0.0
0.8598130841121492 0.9345794392523361 0.0 0.0 0.0 0.0
0.3364485981308407 1.869158878504673 -0.02734375 0.16535945694153692 0.0 0.0
0.6355140186915884 0.22429906542056077 1.1077908231156952 1.333447279134571 0.0 0.0
