data_processed/toy_model/toy_hvcs/toy_3_0.7853981633974483_5.497787143782138_0.7853981633974483.ecsv
# %ECSV 1.0
# ---
# datatype:
# - {name: x, datatype: float64}
# - {name: y, datatype: float64}
# - {name: RM, datatype: float64}
# - {name: RM_uncert, datatype: float64}
# - {name: interpolation_raw, datatype: float64}
# - {name: interpolation_unc, datatype: float64}
# schema: astropy-2.0
x y RM RM_uncert interpolation_raw interpolation_unc
0.18691588785046687 -0.07476635514018692 0.16886527665608075 0.49394387668252504 0.0 0.0
-0.7476635514018692 0.8598130841121492 -0.049847333971561644 0.2576941016011038 0.0 0.0
1.046728971962617 -0.03738317757009346 0.30859375 0.5555121510822243 0.0 0.0
0.3738317757009346 1.009345794392523 0.31779095292472326 0.9575133972166898 0.0 0.0
-0.8598130841121496 -0.11214953271028039 -0.10361601512866042 0.5450465854010287 0.0 0.0
-0.2990654205607477 1.3831775700934577 0.41796875 0.6465050270492876 0.0 0.0
1.8317757009345792 -0.44859813084112155 0.2109375 0.4592793267718459 0.0 0.0
0.41121495327102764 0.14953271028037385 0.05754742736149776 0.5429386288734626 0.0 0.0
-0.1869158878504673 0.7476635514018692 0.6152042493780836 1.1074756199375981 0.0 0.0
0.2616822429906538 1.2710280373831777 0.8428591787304782 1.1465708035097337 0.0 0.0
-0.485981308411215 -0.97196261682243 -0.39038756895969806 0.7976489753766353 0.0 0.0
1.046728971962617 1.4953271028037385 0.08984375 0.29973947020704494 0.0 0.0
0.11214953271027994 1.2336448598130838 0.770286697374554 1.132590347278798 0.0 0.0
-1.0841121495327104 0.07476635514018692 -0.12109375 0.34798527267687634 0.0 0.0
-0.97196261682243 1.1214953271028039 0.35546875 0.596212000885591 0.0 0.0
-1.1214953271028039 -1.5700934579439254 -0.18359375 0.42847841252506524 0.0 0.0
-0.8971962616822431 1.1962616822429908 0.1796875 0.42389562394532926 0.0 0.0
1.3457943925233646 -1.1214953271028039 0.35546875 0.596212000885591 0.0 0.0
-0.1869158878504673 1.7570093457943923 0.39453125 0.6281172263200556 0.0 0.0
-0.5981308411214954 0.2990654205607477 0.32631898186278296 0.7707426378017281 0.0 0.0
0.8224299065420562 -1.6448598130841123 0.39453125 0.6281172263200556 0.0 0.0
0.14953271028037385 -0.22429906542056077 0.25813083063005676 0.5083789543835519 0.0 0.0
-1.0841121495327104 -0.4112149532710281 0.1484375 0.385275875185561 0.0 0.0
0.48598130841121456 -1.1214953271028039 0.34765625 0.5896238207535377 0.0 0.0
0.41121495327102764 0.11214953271027994 0.30732254791983127 0.7217306255381315 0.0 0.0
0.2616822429906538 0.2616822429906538 0.642337597831109 0.9476056382600401 0.0 0.0
-0.8971962616822431 -1.0093457943925235 -0.15625 0.39528470752104744 0.0 0.0
0.11214953271027994 1.2710280373831777 0.7485452481482864 1.1097141507147563 0.0 0.0
0.6355140186915884 -0.8971962616822431 -0.00567943414575434 0.1767766952966369 0.0 0.0
-0.5981308411214954 -1.6448598130841123 0.19140625 0.4375 0.0 0.0
0.22429906542056077 -1.7196261682242993 -0.31640625 0.5625 0.0 0.0
0.44859813084112155 1.6448598130841123 0.2081607510505957 0.5610338689430358 0.0 0.0
1.2710280373831777 -1.2336448598130842 0.16015625 0.40019526483955303 0.0 0.0
1.1962616822429908 -1.4205607476635516 0.37109375 0.6091746465505602 0.0 0.0
0.3738317757009346 1.4953271028037385 -0.09939394215723765 0.5896238207535377 0.0 0.0
0.5607476635514015 1.8317757009345792 -0.30078125 0.5484352742120077 0.0 0.0
1.4579439252336446 -0.2990654205607477 0.34375 0.5863019699779287 0.0 0.0
1.009345794392523 -0.11214953271028039 0.33203125 0.5762215285808054 0.0 0.0
1.1214953271028039 -0.97196261682243 0.203125 0.45069390943299864 0.0 0.0
-0.11214953271028039 1.9065420560747661 0.2265625 0.4759858191164943 0.0 0.0
-1.383177570093458 -0.3738317757009346 0.078125 0.2795084971874737 0.0 0.0
1.3831775700934577 -0.33644859813084116 0.28515625 0.5340002340823456 0.0 0.0
0.48598130841121456 -1.1962616822429908 0.34375 0.5863019699779287 0.0 0.0
-0.3738317757009346 -1.3457943925233646 0.19512810252183566 0.5694020986965187 0.0 0.0
1.2336448598130838 -0.7476635514018692 0.3984375 0.6312190586476298 0.0 0.0
1.3831775700934577 -0.14953271028037385 0.22265625 0.47186465220442186 0.0 0.0
0.8971962616822431 0.7102803738317753 0.2890625 0.5376453291901642 0.0 0.0
0.7476635514018692 -1.457943925233645 0.30078125 0.5484352742120077 0.0 0.0
0.2990654205607477 1.869158878504673 -0.149565717145254 0.409839907768875 0.0 0.0
-0.9345794392523366 0.5981308411214954 0.3515625 0.5929270612815711 0.0 0.0
0.22429906542056077 -1.4953271028037385 0.38671875 0.6218671481916375 0.0 0.0
-0.8971962616822431 1.009345794392523 0.37109375 0.6091746465505602 0.0 0.0
-0.11214953271028039 1.7943925233644862 0.40625 0.6373774391990981 0.0 0.0
-0.1869158878504673 -0.5607476635514019 0.2100539577908121 0.5994789404140899 0.0 0.0
-1.0841121495327104 0.9345794392523361 0.26171875 0.5115845482420281 0.0 0.0
-0.8971962616822431 0.9345794392523361 0.31640625 0.5625 0.0 0.0
1.3831775700934577 -1.0841121495327104 -0.16796875 0.409839907768875 0.0 0.0
-1.3084112149532712 0.8971962616822431 -0.12109375 0.34798527267687634 0.0 0.0
0.5233644859813085 -0.14953271028037385 0.37551385505311385 0.6995062259238496 0.0 0.0
-0.26168224299065423 0.41121495327102764 0.6693889211099205 0.9777348015795699 0.0 0.0
-0.7102803738317758 1.1214953271028039 0.33203125 0.5762215285808054 0.0 0.0
-0.97196261682243 1.1588785046728969 0.40234375 0.6343057228182637 0.0 0.0
0.7102803738317753 -0.7476635514018692 0.46713667596233543 0.7293350409274676 0.0 0.0
0.8598130841121492 -1.3457943925233646 0.390625 0.625 0.0 0.0
-0.11214953271028039 0.6728971962616823 0.801770118028413 1.1533008003365064 0.0 0.0
0.22429906542056077 1.3084112149532707 0.59303014471265 1.0205533006292715 0.0 0.0
0.22429906542056077 0.6728971962616823 0.35394423750295145 0.9483115126401782 0.0 0.0
1.3457943925233646 -0.9345794392523366 0.17578125 0.4192627457812106 0.0 0.0
0.11214953271027994 0.44859813084112155 0.43125546686429095 0.8767901309484396 0.0 0.0
-1.2336448598130842 -0.97196261682243 0.3984375 0.6312190586476298 0.0 0.0
-0.03738317757009346 -1.8317757009345796 0.37109375 0.6091746465505602 0.0 0.0
1.4579439252336446 0.0 0.3046875 0.5519850541454905 0.0 0.0
1.3084112149532707 0.5233644859813085 0.41015625 0.6404344228724749 0.0 0.0
1.2710280373831777 1.1588785046728969 -0.046875 0.21650635094610965 0.0 0.0
-1.4953271028037385 -1.2710280373831777 0.4140625 0.6434768838116876 0.0 0.0
-0.03738317757009346 -1.046728971962617 0.015744810323797112 0.3247595264191645 0.0 0.0
-0.2990654205607477 0.7850467289719623 0.8902870468899039 1.2292448266231621 0.0 0.0
0.3364485981308407 1.4579439252336446 0.1370895300344508 0.6560709260963342 0.0 0.0
0.97196261682243 0.2616822429906538 0.12644610826030778 0.46241725370126013 0.0 0.0
1.1962616822429908 0.3738317757009346 0.359375 0.5994789404140899 0.0 0.0
-0.07476635514018692 -1.4953271028037385 -0.20241843661029899 0.4866909935684016 0.0 0.0
0.6728971962616823 -0.7850467289719627 0.3841238862867286 0.6575030589841063 0.0 0.0
-0.6355140186915889 1.2336448598130838 -0.18359375 0.42847841252506524 0.0 0.0
-0.22429906542056077 0.22429906542056077 0.4957952825630927 0.8024551795123422 0.0 0.0
-0.22429906542056077 -1.2336448598130842 0.24083552423724153 0.5863019699779287 0.0 0.0
-1.6074766355140189 1.009345794392523 0.31640625 0.5625 0.0 0.0
-1.383177570093458 0.8971962616822431 0.1796875 0.42389562394532926 0.0 0.0
0.2616822429906538 1.5700934579439254 -0.11811692336341162 0.5762215285808054 0.0 0.0
-0.5233644859813085 -1.7943925233644862 0.1875 0.4330127018922193 0.0 0.0
0.03738317757009302 0.41121495327102764 -0.004473965869621566 0.5484352742120077 0.0 0.0
0.18691588785046687 0.8598130841121492 0.8545460516218043 1.2223945162031808 0.0 0.0
-0.9345794392523366 -0.9345794392523366 0.4140625 0.6434768838116876 0.0 0.0
1.046728971962617 -1.3457943925233646 0.390625 0.625 0.0 0.0
0.9345794392523361 1.08411214953271 0.33203125 0.5762215285808054 0.0 0.0
0.44859813084112155 -0.26168224299065423 0.28660392762045567 0.5650677881820121 0.0 0.0
-1.6074766355140189 -0.8224299065420562 0.37890625 0.6155536126122565 0.0 0.0
-0.9345794392523366 0.44859813084112155 0.23828125 0.4881406047441659 0.0 0.0
0.0 -0.22429906542056077 0.34256751604527336 0.6027281725620597 0.0 0.0
-1.6822429906542058 0.07476635514018692 0.30078125 0.5484352742120077 0.0 0.0
0.6355140186915884 -0.5607476635514019 0.16598301507349744 0.49205922422711973 0.0 0.0
-0.8598130841121496 0.7102803738317753 0.375 0.6123724356957945 0.0 0.0
0.0 0.9345794392523361 0.32556179923435125 0.9875942225776245 0.0 0.0
1.8317757009345792 -0.22429906542056077 0.28515625 0.5340002340823456 0.0 0.0
0.14953271028037385 0.6728971962616823 0.46948727496732734 0.998783409921618 0.0 0.0
1.6074766355140184 0.97196261682243 0.34765625 0.5896238207535377 0.0 0.0
0.5607476635514015 -0.9345794392523366 0.1953125 0.4419417382415922 0.0 0.0
-0.03738317757009346 -0.33644859813084116 0.2829416352019789 0.5994789404140899 0.0 0.0
0.3364485981308407 0.8971962616822431 0.32867615451366994 0.986792054602863 0.0 0.0
0.18691588785046687 -1.0093457943925235 0.10132769955079021 0.3903123748998999 0.0 0.0
0.3364485981308407 -1.6822429906542058 0.04296875 0.2072890493972125 0.0 0.0
0.8971962616822431 -1.3084112149532712 0.41796875 0.6465050270492876 0.0 0.0
1.2710280373831777 -0.7850467289719627 -0.03125 0.1767766952966369 0.0 0.0
0.6728971962616823 0.6728971962616823 0.8064284941207068 1.1522589718641438 0.0 0.0
-0.485981308411215 -1.4205607476635516 0.16799648066862083 0.5376453291901642 0.0 0.0
0.5607476635514015 -0.4112149532710281 0.379748776400316 0.6508149143962759 0.0 0.0
0.3738317757009346 -1.7196261682242993 0.390625 0.625 0.0 0.0
0.3364485981308407 0.3738317757009346 0.6495049993944612 1.0049614414438608 0.0 0.0
0.11214953271027994 1.94392523364486 -0.3671875 0.6059599821770412 0.0 0.0
1.94392523364486 0.22429906542056077 0.11328125 0.3365728004459065 0.0 0.0
0.6355140186915884 1.6074766355140184 0.20703125 0.4550068680800324 0.0 0.0
1.2336448598130838 1.4205607476635516 0.0625 0.25 0.0 0.0
1.3457943925233646 -0.5981308411214954 0.4140625 0.6434768838116876 0.0 0.0
-0.5607476635514019 1.9065420560747661 0.28125 0.5303300858899106 0.0 0.0
1.4579439252336446 -0.485981308411215 0.4140625 0.6434768838116876 0.0 0.0
-0.11214953271028039 -0.44859813084112155 0.1489788386448651 0.5229125165837972 0.0 0.0
0.07476635514018692 0.7476635514018692 0.7697020268215123 1.1593496252826516 0.0 0.0
-0.485981308411215 -0.03738317757009346 0.053561464286428356 0.29315098498896436 0.0 0.0
1.3084112149532707 -0.485981308411215 0.36328125 0.6027281725620597 0.0 0.0
-1.869158878504673 -0.2990654205607477 0.1015625 0.31868871959954903 0.0 0.0
-0.14953271028037385 -1.3084112149532712 0.32230342306008114 0.6312190586476298 0.0 0.0
0.0 -0.14953271028037385 0.40890155569090186 0.6505934685975596 0.0 0.0
1.3457943925233646 0.0 -0.41015625 0.6404344228724749 0.0 0.0
-1.4205607476635516 0.8598130841121492 0.2734375 0.5229125165837972 0.0 0.0
-0.03738317757009346 -1.869158878504673 0.27734375 0.5266343608235224 0.0 0.0
0.97196261682243 1.2336448598130838 0.296875 0.5448623679425842 0.0 0.0
0.2616822429906538 -0.33644859813084116 0.005853999763122838 0.1875 0.0 0.0
-0.44859813084112155 0.7850467289719623 0.9052579888100674 1.1964989459335662 0.0 0.0
-0.7476635514018692 0.11214953271027994 -0.1270464609552344 0.37000732683349496 0.0 0.0
-0.5981308411214954 -0.44859813084112155 -0.02172143239651847 0.6063510656319794 0.0 0.0
0.41121495327102764 -1.532710280373832 0.265625 0.5153882032022076 0.0 0.0
0.11214953271027994 -0.3738317757009346 0.24279957123384432 0.5555121510822243 0.0 0.0
-0.8598130841121496 -1.1588785046728973 -0.37890625 0.6155536126122565 0.0 0.0
-0.4112149532710281 1.4205607476635516 -0.375 0.6123724356957945 0.0 0.0
-1.5700934579439254 -0.7850467289719627 0.19140625 0.4375 0.0 0.0
-1.9065420560747666 -0.33644859813084116 0.34375 0.5863019699779287 0.0 0.0
-0.7102803738317758 1.8317757009345792 0.37890625 0.6155536126122565 0.0 0.0
0.14953271028037385 0.41121495327102764 0.5341733108050052 0.9238521914299984 0.0 0.0
-0.14953271028037385 -1.0093457943925235 0.23484496021427015 0.5896238207535377 0.0 0.0
-0.9345794392523366 1.6074766355140184 0.38671875 0.6218671481916375 0.0 0.0
1.7943925233644862 -0.07476635514018692 0.2265625 0.4759858191164943 0.0 0.0
0.11214953271027994 -1.3457943925233646 0.19083826900605577 0.4592793267718459 0.0 0.0
0.3738317757009346 1.6448598130841123 -0.044595108721351084 0.4192627457812106 0.0 0.0
1.3831775700934577 -0.26168224299065423 0.40625 0.6373774391990981 0.0 0.0
-0.5607476635514019 0.6355140186915884 0.5462088669770138 1.0129222497082526 0.0 0.0
1.08411214953271 -0.5607476635514019 -0.2578125 0.5077524002897476 0.0 0.0
-1.1962616822429908 0.7476635514018692 -0.015625 0.125 0.0 0.0
0.5607476635514015 -0.5607476635514019 -0.14662910505715265 0.42389562394532926 0.0 0.0
0.14953271028037385 -1.532710280373832 0.1953125 0.4419417382415922 0.0 0.0
-0.33644859813084116 -1.5700934579439254 0.20498739377155742 0.5266343608235224 0.0 0.0
0.2990654205607477 -1.457943925233645 0.35546875 0.596212000885591 0.0 0.0
-0.4112149532710281 1.94392523364486 -0.1484375 0.385275875185561 0.0 0.0
-0.07476635514018692 1.1214953271028039 0.4306134565723292 0.9930895796173971 0.0 0.0
1.046728971962617 0.48598130841121456 0.21875 0.46770717334674267 0.0 0.0
-1.1588785046728973 -1.1962616822429908 -0.15625 0.39528470752104744 0.0 0.0
-0.1869158878504673 1.4579439252336446 0.328125 0.57282196186948 0.0 0.0
0.7102803738317753 -1.7943925233644862 0.29296875 0.5412658773652742 0.0 0.0
0.41121495327102764 -1.457943925233645 0.3671875 0.6059599821770412 0.0 0.0
-1.457943925233645 0.48598130841121456 0.3984375 0.6312190586476298 0.0 0.0
0.03738317757009302 -1.4205607476635516 0.36235853870709783 0.6218671481916375 0.0 0.0
-1.7570093457943927 -0.14953271028037385 -0.12109375 0.34798527267687634 0.0 0.0
0.6355140186915884 0.8598130841121492 0.4660320802712704 0.9754975194958421 0.0 0.0
-1.3084112149532712 -0.03738317757009346 0.39453125 0.6281172263200556 0.0 0.0
-0.5233644859813085 -0.22429906542056077 -0.10885159996822649 0.5219106244717125 0.0 0.0
-1.869158878504673 -0.5607476635514019 -0.11328125 0.3365728004459065 0.0 0.0
-1.1962616822429908 0.5981308411214954 0.1484375 0.385275875185561 0.0 0.0
-0.22429906542056077 -0.7476635514018692 0.06701578718537099 0.46351240544347894 0.0 0.0
-0.11214953271028039 1.869158878504673 0.0078125 0.08838834764831845 0.0 0.0
-0.33644859813084116 0.5981308411214954 0.70649673345078 1.1193021115416337 0.0 0.0
-0.2990654205607477 0.97196261682243 0.8966596661536932 1.1974741468221293 0.0 0.0
-1.457943925233645 -0.97196261682243 0.25 0.5 0.0 0.0
0.9345794392523361 -0.07476635514018692 0.1989006204695237 0.5923902775527696 0.0 0.0
-0.3738317757009346 1.7943925233644862 0.32421875 0.5694020986965187 0.0 0.0
-1.3457943925233646 -0.5981308411214954 0.3203125 0.5659615711335886 0.0 0.0
0.97196261682243 -1.1214953271028039 0.28125 0.5303300858899106 0.0 0.0
0.5233644859813085 1.1588785046728969 0.40379862070909656 0.9073159545705085 0.0 0.0
-0.5607476635514019 0.5981308411214954 0.809957017089628 1.1434220717562067 0.0 0.0
-0.5233644859813085 1.5700934579439254 -0.2109375 0.4592793267718459 0.0 0.0
-0.14953271028037385 -0.5607476635514019 0.23685374528937286 0.6155536126122565 0.0 0.0
1.4205607476635516 0.97196261682243 -0.21875 0.46770717334674267 0.0 0.0
0.6355140186915884 0.2990654205607477 0.9768550769663982 1.2486708549224637 0.0 0.0
-0.11214953271028039 1.4953271028037385 0.37109375 0.6091746465505602 0.0 0.0
-1.457943925233645 -0.7102803738317758 -0.02734375 0.16535945694153692 0.0 0.0
0.3738317757009346 1.869158878504673 0.0879345876879283 0.318826638435148 0.0 0.0
0.03738317757009302 0.5607476635514015 0.8021029881771295 1.1051667188050223 0.0 0.0
-0.6355140186915889 -0.44859813084112155 -0.09866808500079544 0.6946167432488155 0.0 0.0
1.1214953271028039 -1.457943925233645 0.2734375 0.5229125165837972 0.0 0.0
0.5981308411214954 -1.4953271028037385 -0.03125 0.1767766952966369 0.0 0.0
0.7102803738317753 -1.0093457943925235 0.3515625 0.5929270612815711 0.0 0.0
-1.2710280373831777 -0.33644859813084116 0.40234375 0.6343057228182637 0.0 0.0
-0.14953271028037385 1.869158878504673 -0.0390625 0.19764235376052372 0.0 0.0
0.44859813084112155 -1.6822429906542058 -0.3125 0.5590169943749475 0.0 0.0
-0.8971962616822431 -1.532710280373832 -0.16796875 0.409839907768875 0.0 0.0
0.44859813084112155 -0.4112149532710281 0.3742378713506361 0.6143142458882687 0.0 0.0
1.5700934579439254 -0.1869158878504673 0.19140625 0.4375 0.0 0.0
-0.6728971962616823 0.5607476635514015 0.652263014856537 0.9901046811893549 0.0 0.0
1.2710280373831777 1.4205607476635516 0.03125 0.1767766952966369 0.0 0.0
1.4205607476635516 0.6728971962616823 -0.08203125 0.28641098093474 0.0 0.0
1.2336448598130838 -0.4112149532710281 -0.07421875 0.2724311839712921 0.0 0.0
-0.14953271028037385 0.9345794392523361 0.2466971591741458 0.9360591959637444 0.0 0.0
-0.22429906542056077 1.009345794392523 0.3669867716264005 0.9639948356982007 0.0 0.0
-0.33644859813084116 0.9345794392523361 0.9083971338281444 1.200747378783851 0.0 0.0
-0.5607476635514019 -1.0093457943925235 -0.6132807240692741 0.9312284618387414 0.0 0.0
0.6355140186915884 -1.2336448598130842 0.4140625 0.6434768838116876 0.0 0.0
-0.6728971962616823 -0.5607476635514019 -0.3684576234848898 0.8808959910056235 0.0 0.0
0.03738317757009302 -0.8598130841121496 0.21659414170384667 0.5590169943749475 0.0 0.0
0.8224299065420562 0.5233644859813085 0.5180418400447471 0.9190633438939311 0.0 0.0
-0.5981308411214954 -1.4205607476635516 0.21875 0.46770717334674267 0.0 0.0
-0.5233644859813085 0.6355140186915884 0.824518223016067 1.1611439170198214 0.0 0.0
-0.03738317757009346 -0.8971962616822431 0.08660406305635623 0.4375 0.0 0.0
0.7476635514018692 1.3457943925233646 0.2578125 0.5077524002897476 0.0 0.0
0.5607476635514015 -0.1869158878504673 0.3139580310604845 0.6517599727821347 0.0 0.0
0.7476635514018692 -1.6074766355140189 0.21875 0.46770717334674267 0.0 0.0
0.22429906542056077 -0.22429906542056077 0.12890625 0.3590351654086268 0.0 0.0
-0.7476635514018692 0.2616822429906538 -0.008046729722366197 0.5191639914323797 0.0 0.0
0.18691588785046687 1.8317757009345792 -0.40625 0.6373774391990981 0.0 0.0
1.1588785046728969 0.6728971962616823 0.35546875 0.596212000885591 0.0 0.0
-1.3457943925233646 -0.1869158878504673 0.37109375 0.6091746465505602 0.0 0.0
0.2616822429906538 0.3738317757009346 0.7303538504530238 1.0287681716042967 0.0 0.0
-0.6355140186915889 0.2990654205607477 0.6104220887346264 0.9489634753083245 0.0 0.0
0.6728971962616823 1.4205607476635516 0.41796875 0.6465050270492876 0.0 0.0
-0.8971962616822431 0.97196261682243 0.31640625 0.5625 0.0 0.0
0.6728971962616823 0.11214953271027994 0.8118919725198348 1.1313858515288537 0.0 0.0
0.41121495327102764 1.2710280373831777 0.7153238669227759 1.062951778701909 0.0 0.0
-1.046728971962617 -1.4953271028037385 0.10546875 0.3247595264191645 0.0 0.0
-0.03738317757009346 0.03738317757009302 0.41737884786670876 0.7145200807069159 0.0 0.0
-1.1588785046728973 -0.9345794392523366 0.37109375 0.6091746465505602 0.0 0.0
0.07476635514018692 1.7570093457943923 0.04296875 0.2072890493972125 0.0 0.0
-1.1588785046728973 0.7850467289719623 0.25 0.5 0.0 0.0
