data_processed/toy_model/toy_hvcs/toy_0_0.0_0.0_0.7853981633974483.ecsv
# %ECSV 1.0
# ---
# datatype:
# - {name: x, datatype: float64}
# - {name: y, datatype: float64}
# - {name: RM, datatype: float64}
# - {name: RM_uncert, datatype: float64}
# - {name: interpolation_raw, datatype: float64}
# - {name: interpolation_unc, datatype: float64}
# schema: astropy-2.0
x y RM RM_uncert interpolation_raw interpolation_unc
-0.6728971962616823 -1.6448598130841123 0.36328125 0.6027281725620597 0.0 0.0
0.41121495327102764 1.1962616822429908 -0.046875 0.21650635094610965 0.0 0.0
0.03738317757009302 1.2710280373831777 0.3671875 0.6059599821770412 0.0 0.0
-0.1869158878504673 1.5700934579439254 0.1015625 0.31868871959954903 0.0 0.0
-0.7476635514018692 -1.3457943925233646 0.359375 0.5994789404140899 0.0 0.0
0.8971962616822431 -0.1869158878504673 0.7190275289622733 0.5448623679425842 0.0 0.0
1.2710280373831777 1.3457943925233646 -0.0703125 0.2651650429449553 0.0 0.0
1.7570093457943923 0.5607476635514015 0.4453125 0.667317390751957 0.0 0.0
-1.2336448598130842 0.8971962616822431 0.0625 0.25 0.0 0.0
0.7102803738317753 -1.0841121495327104 0.4375 0.6614378277661477 0.0 0.0
0.7102803738317753 -1.2336448598130842 0.14453125 0.3801726581436387 0.0 0.0
1.6448598130841123 -1.046728971962617 0.4296875 0.6555055301063447 0.0 0.0
1.2336448598130838 -1.2336448598130842 0.07421875 0.2724311839712921 0.0 0.0
1.009345794392523 0.2616822429906538 0.6842588611147529 0.5266343608235224 0.0 0.0
1.3831775700934577 0.8971962616822431 0.0234375 0.15309310892394862 0.0 0.0
1.7196261682242993 -0.5981308411214954 0.46875 0.6846531968814576 0.0 0.0
0.6355140186915884 -0.7102803738317758 0.13384798213114868 0.24206145913796356 0.0 0.0
-0.8971962616822431 0.14953271028037385 -0.29409468997236116 0.39528470752104744 0.0 0.0
-0.5607476635514019 0.2990654205607477 -0.1366691513074481 0.47186465220442186 0.0 0.0
-1.1962616822429908 0.8224299065420562 0.4375 0.6614378277661477 0.0 0.0
-0.26168224299065423 -0.1869158878504673 0.3383097905692759 0.6525191568069094 0.0 0.0
0.3364485981308407 0.18691588785046687 0.6178531202339672 0.667317390751957 0.0 0.0
-1.457943925233645 -0.7102803738317758 0.08203125 0.28641098093474 0.0 0.0
1.7570093457943923 -0.3738317757009346 0.42578125 0.6525191568069094 0.0 0.0
-1.532710280373832 -0.14953271028037385 0.07840927667876574 0.4759858191164943 0.0 0.0
-0.07476635514018692 1.1214953271028039 -0.015625 0.125 0.0 0.0
0.07476635514018692 -1.457943925233645 0.44921875 0.6702378309227255 0.0 0.0
1.1588785046728969 -0.5233644859813085 0.2061649098436463 0.13975424859373686 0.0 0.0
0.03738317757009302 0.18691588785046687 -0.24086645974014026 0.5 0.0 0.0
-0.7850467289719627 1.3457943925233646 -0.19140625 0.4375 0.0 0.0
1.6822429906542054 -0.5233644859813085 0.21875 0.46770717334674267 0.0 0.0
1.8317757009345792 0.6728971962616823 0.3828125 0.6187184335382291 0.0 0.0
1.4205607476635516 0.8224299065420562 0.30859375 0.5555121510822243 0.0 0.0
0.97196261682243 1.6448598130841123 0.51953125 0.7207851621669248 0.0 0.0
-0.26168224299065423 -0.8224299065420562 0.13408979639664387 0.4330127018922193 0.0 0.0
-0.7850467289719627 1.1214953271028039 0.3046875 0.5519850541454905 0.0 0.0
-1.6074766355140189 0.6728971962616823 0.5234375 0.7234898064243891 0.0 0.0
-0.7102803738317758 1.5700934579439254 -0.01953125 0.13975424859373686 0.0 0.0
-0.33644859813084116 1.046728971962617 0.484375 0.6959705453537527 0.0 0.0
-0.26168224299065423 0.41121495327102764 0.3189136487984052 0.701560760020114 0.0 0.0
