data_processed/toy_model/toy_hvcs/toy_1_3.141592653589793_2.356194490192345_3.9269908169872414.ecsv
# %ECSV 1.0
# ---
# datatype:
# - {name: x, datatype: float64}
# - {name: y, datatype: float64}
# - {name: RM, datatype: float64}
# - {name: RM_uncert, datatype: float64}
# - {name: interpolation_raw, datatype: float64}
# - {name: interpolation_unc, datatype: float64}
# schema: astropy-2.0
x y RM RM_uncert interpolation_raw interpolation_unc
-0.11214953271028039 0.18691588785046687 0.1797744528056663 0.5896238207535377 0.0 0.0
0.97196261682243 1.1962616822429908 0.515625 0.7180703308172536 0.0 0.0
-0.26168224299065423 -0.4112149532710281 0.2294806121068865 0.5896238207535377 0.0 0.0
1.3084112149532707 -0.03738317757009346 -0.19921875 0.44633927678392815 0.0 0.0
-1.4953271028037385 -0.6728971962616823 0.03125 0.1767766952966369 0.0 0.0
1.2336448598130838 1.5327102803738315 0.02734375 0.16535945694153692 0.0 0.0
1.7943925233644862 0.03738317757009302 0.29296875 0.5412658773652742 0.0 0.0
0.5981308411214954 -0.33644859813084116 0.61393459034984 0.8712744577340025 0.0 0.0
-1.4205607476635516 -1.2710280373831777 0.48046875 0.6931585316505886 0.0 0.0
-0.7850467289719627 0.2616822429906538 -0.7968467726798252 1.1956717966731716 0.0 0.0
1.4953271028037385 0.9345794392523361 0.0078125 0.08838834764831845 0.0 0.0
1.6448598130841123 -0.33644859813084116 0.45703125 0.676040864149498 0.0 0.0
1.9065420560747661 0.48598130841121456 0.5234375 0.7234898064243891 0.0 0.0
1.7943925233644862 -0.7850467289719627 0.37890625 0.6155536126122565 0.0 0.0
0.11214953271027994 1.2336448598130838 0.3671875 0.6059599821770412 0.0 0.0
-1.7943925233644862 -0.5607476635514019 -0.04296875 0.2072890493972125 0.0 0.0
1.6448598130841123 -1.1214953271028039 0.4375 0.6614378277661477 0.0 0.0
-0.11214953271028039 0.7850467289719623 -0.11979966604199055 0.8252306235737868 0.0 0.0
-0.485981308411215 -1.6074766355140189 0.33984375 0.582961190818051 0.0 0.0
1.4579439252336446 1.3084112149532707 0.484375 0.6959705453537527 0.0 0.0
1.4579439252336446 -0.22429906542056077 0.33203125 0.5762215285808054 0.0 0.0
0.2616822429906538 -0.5607476635514019 -0.05303582386406576 0.34798527267687634 0.0 0.0
-0.5607476635514019 0.9345794392523361 -0.19750219154136717 0.8341376583530649 0.0 0.0
-0.8971962616822431 -1.0841121495327104 -0.26171875 0.5115845482420281 0.0 0.0
-1.7196261682242993 -0.11214953271028039 0.33984375 0.582961190818051 0.0 0.0
-0.14953271028037385 -1.383177570093458 0.43359375 0.6584783595532961 0.0 0.0
0.48598130841121456 -1.457943925233645 -0.11328125 0.3365728004459065 0.0 0.0
-1.1962616822429908 -1.3457943925233646 0.40625 0.6373774391990981 0.0 0.0
1.9065420560747661 -0.5233644859813085 0.44140625 0.6643841132959156 0.0 0.0
1.08411214953271 -0.14953271028037385 0.7533192374486051 1.0264080450275175 0.0 0.0
-1.6448598130841123 0.97196261682243 0.51171875 0.7153451963912248 0.0 0.0
-1.2336448598130842 -0.8971962616822431 0.52734375 0.7261843774138906 0.0 0.0
1.08411214953271 -0.9345794392523366 0.5146443663870185 0.7512955362399254 0.0 0.0
-0.14953271028037385 -1.046728971962617 0.49835147523476037 0.7288689868556626 0.0 0.0
-1.2336448598130842 0.18691588785046687 0.48046875 0.6931585316505886 0.0 0.0
1.009345794392523 -0.22429906542056077 0.4083764732662414 0.8410576356781281 0.0 0.0
-0.8224299065420562 1.4205607476635516 -0.0078125 0.08838834764831845 0.0 0.0
-1.7570093457943927 0.6355140186915884 -0.11328125 0.3365728004459065 0.0 0.0
0.8598130841121492 1.6822429906542054 0.43359375 0.6584783595532961 0.0 0.0
-0.5981308411214954 -1.2710280373831777 0.11328125 0.3365728004459065 0.0 0.0
-0.485981308411215 -0.9345794392523366 0.0859375 0.29315098498896436 0.0 0.0
0.6355140186915884 1.4953271028037385 0.5078125 0.7126096406869612 0.0 0.0
-0.03738317757009346 -0.44859813084112155 0.24270474679553714 0.49317541868089315 0.0 0.0
1.1962616822429908 1.2710280373831777 -0.00390625 0.0625 0.0 0.0
1.4579439252336446 -1.3457943925233646 0.3984375 0.6312190586476298 0.0 0.0
1.1962616822429908 0.8971962616822431 0.48828125 0.6987712429686843 0.0 0.0
0.14953271028037385 -0.97196261682243 0.12287983389498129 0.3903123748998999 0.0 0.0
-1.457943925233645 0.5981308411214954 0.421875 0.649519052838329 0.0 0.0
0.97196261682243 -0.3738317757009346 0.6759742725901419 0.9418624077752991 0.0 0.0
0.8971962616822431 0.8971962616822431 0.24609375 0.49607837082461076 0.0 0.0
-0.8224299065420562 -0.97196261682243 0.53515625 0.7315437444199766 0.0 0.0
0.14953271028037385 0.11214953271027994 -0.10488020520508873 0.38374524154727635 0.0 0.0
1.869158878504673 0.0 0.453125 0.673145600891813 0.0 0.0
1.6822429906542054 0.8971962616822431 0.41015625 0.6404344228724749 0.0 0.0
0.5981308411214954 1.7196261682242993 -0.1171875 0.3423265984407288 0.0 0.0
0.44859813084112155 0.5607476635514015 -0.029610117385363448 0.2576941016011038 0.0 0.0
1.869158878504673 0.3738317757009346 0.4296875 0.6555055301063447 0.0 0.0
0.41121495327102764 0.5233644859813085 0.0006542071722627496 0.11413660387678222 0.0 0.0
-0.6728971962616823 -1.7196261682242993 0.4375 0.6614378277661477 0.0 0.0
0.3364485981308407 -0.07476635514018692 0.6190738362714024 0.8361131338179092 0.0 0.0
0.11214953271027994 -1.869158878504673 0.33203125 0.5762215285808054 0.0 0.0
-0.3738317757009346 -0.97196261682243 0.11328125 0.3365728004459065 0.0 0.0
1.3084112149532707 0.07476635514018692 0.0078125 0.08838834764831845 0.0 0.0
0.0 1.3084112149532707 0.30078125 0.5484352742120077 0.0 0.0
-0.26168224299065423 0.44859813084112155 0.14373173278395285 0.7126096406869612 0.0 0.0
0.8971962616822431 -1.0093457943925235 0.4555696303262556 0.693867250021581 0.0 0.0
0.14953271028037385 -0.33644859813084116 0.5218239658945548 0.7582202396329906 0.0 0.0
0.3738317757009346 -1.2336448598130842 0.390625 0.625 0.0 0.0
0.14953271028037385 0.18691588785046687 -0.16292868886126535 0.46945567173326463 0.0 0.0
1.5327102803738315 1.009345794392523 -0.04296875 0.2072890493972125 0.0 0.0
0.48598130841121456 -0.7476635514018692 0.20838111320646047 0.5254876082391676 0.0 0.0
0.5233644859813085 -0.4112149532710281 0.6451678548363293 0.877954702517538 0.0 0.0
1.4579439252336446 -1.1214953271028039 -0.07903918666886336 0.30618621784789724 0.0 0.0
1.08411214953271 0.9345794392523361 0.328125 0.57282196186948 0.0 0.0
0.03738317757009302 0.0 0.3552563948998378 0.649519052838329 0.0 0.0
0.41121495327102764 -1.7196261682242993 -0.05078125 0.22534695471649932 0.0 0.0
-1.7570093457943927 -0.44859813084112155 0.33984375 0.582961190818051 0.0 0.0
0.2990654205607477 1.6822429906542054 -0.02734375 0.16535945694153692 0.0 0.0
-0.33644859813084116 -0.6355140186915889 -0.23768134985394318 0.6605302413272888 0.0 0.0
-1.6074766355140189 0.9345794392523361 0.4609375 0.6789237807000135 0.0 0.0
1.3084112149532707 1.1962616822429908 -0.05078125 0.22534695471649932 0.0 0.0
-1.8317757009345796 0.44859813084112155 0.3828125 0.6187184335382291 0.0 0.0
1.7570093457943923 -0.1869158878504673 0.546875 0.739509972887452 0.0 0.0
-1.3457943925233646 1.3831775700934577 0.4921875 0.701560760020114 0.0 0.0
0.2990654205607477 -1.457943925233645 0.46484375 0.6817945071647321 0.0 0.0
