data_processed/toy_model/toy_hvcs/toy_0_4.71238898038469_2.356194490192345_2.356194490192345.ecsv
# %ECSV 1.0
# ---
# datatype:
# - {name: x, datatype: float64}
# - {name: y, datatype: float64}
# - {name: RM, datatype: float64}
# - {name: RM_uncert, datatype: float64}
# - {name: interpolation_raw, datatype: float64}
# - {name: interpolation_unc, datatype: float64}
# schema: astropy-2.0
x y RM RM_uncert interpolation_raw interpolation_unc
0.2990654205607477 1.2710280373831777 0.4296875 0.6555055301063447 0.0 0.0
-0.14953271028037385 0.5981308411214954 0.56597697707274 0.8610046191197118 0.0 0.0
0.22429906542056077 -0.8598130841121496 -0.19485237841695713 0.91379278659547 0.0 0.0
-0.8598130841121496 -0.7850467289719627 0.46875 0.6846531968814576 0.0 0.0
0.5981308411214954 0.03738317757009302 0.1512918831922584 0.701560760020114 0.0 0.0
1.7570093457943923 0.2616822429906538 0.37109375 0.6091746465505602 0.0 0.0
1.6074766355140184 0.5607476635514015 0.375 0.6123724356957945 0.0 0.0
-0.8598130841121496 -0.4112149532710281 0.25468895739001385 0.6155536126122565 0.0 0.0
-1.383177570093458 -0.6355140186915889 0.296875 0.5448623679425842 0.0 0.0
-0.7850467289719627 0.2616822429906538 -0.13144162769984868 0.4050462936504913 0.0 0.0
-0.11214953271028039 1.869158878504673 0.1171875 0.3423265984407288 0.0 0.0
0.18691588785046687 0.8598130841121492 0.7266578549716186 1.0625897420656936 0.0 0.0
0.6728971962616823 -0.2990654205607477 -0.5016985011373891 1.0474478518163939 0.0 0.0
0.5981308411214954 1.2710280373831777 0.17578125 0.4192627457812106 0.0 0.0
1.6448598130841123 0.14953271028037385 0.25390625 0.5038911092686593 0.0 0.0
1.6074766355140184 -0.2990654205607477 0.31640625 0.5625 0.0 0.0
0.2616822429906538 -1.1214953271028039 -0.04705957721515003 0.7073677646248097 0.0 0.0
0.5607476635514015 -1.046728971962617 -0.06914772746589726 0.7816339967860881 0.0 0.0
1.4579439252336446 -0.6728971962616823 0.3203125 0.5659615711335886 0.0 0.0
-1.532710280373832 -0.11214953271028039 0.46484375 0.6817945071647321 0.0 0.0
-0.8598130841121496 1.4205607476635516 0.18439322765323285 0.5015964067918207 0.0 0.0
-0.3738317757009346 -1.7570093457943927 -0.0703125 0.2651650429449553 0.0 0.0
-1.5700934579439254 1.2336448598130838 0.37890625 0.6155536126122565 0.0 0.0
0.11214953271027994 -1.6448598130841123 -0.29296875 0.5412658773652742 0.0 0.0
-0.03738317757009346 1.1588785046728969 0.49609375 0.7043392293490403 0.0 0.0
0.41121495327102764 -0.5981308411214954 -0.8018218474117838 1.1651394529512626 0.0 0.0
0.0 -1.7196261682242993 0.5234375 0.7234898064243891 0.0 0.0
0.9345794392523361 -0.1869158878504673 -0.08748463093847358 0.7065323855825345 0.0 0.0
1.009345794392523 0.14953271028037385 0.43700220267093304 0.6789237807000135 0.0 0.0
-0.6728971962616823 1.1962616822429908 0.3905110987059238 0.7233323561212008 0.0 0.0
0.6355140186915884 0.2990654205607477 0.3207641883026576 0.7098635432250342 0.0 0.0
-1.532710280373832 -0.8224299065420562 0.40234375 0.6343057228182637 0.0 0.0
-1.869158878504673 0.3364485981308407 0.421875 0.649519052838329 0.0 0.0
0.6355140186915884 0.48598130841121456 0.18962777724431631 0.48448354408445354 0.0 0.0
-0.8971962616822431 0.2990654205607477 0.4948669238212995 0.7081331778998912 0.0 0.0
0.7850467289719623 1.8317757009345792 -0.09765625 0.3125 0.0 0.0
0.7102803738317753 -1.2710280373831777 0.08140358442293033 0.6312190586476298 0.0 0.0
-0.26168224299065423 1.869158878504673 0.265625 0.5153882032022076 0.0 0.0
-0.33644859813084116 0.18691588785046687 0.06972601326744647 0.3681654200694206 0.0 0.0
0.6355140186915884 0.18691588785046687 0.18543797404055917 0.6903350635742038 0.0 0.0
-0.26168224299065423 1.9065420560747661 0.2890625 0.5376453291901642 0.0 0.0
1.5700934579439254 0.5607476635514015 0.4765625 0.6903350635742038 0.0 0.0
0.2616822429906538 0.5607476635514015 0.147540397745894 0.5914121198384321 0.0 0.0
-1.5700934579439254 0.3364485981308407 0.2578125 0.5077524002897476 0.0 0.0
1.5700934579439254 -0.03738317757009346 0.421875 0.649519052838329 0.0 0.0
0.44859813084112155 -0.8224299065420562 -0.12678408780331596 0.8814792542122769 0.0 0.0
0.7102803738317753 0.03738317757009302 -0.08271818448719326 0.7663624266457656 0.0 0.0
0.41121495327102764 -0.26168224299065423 -0.15755749896422339 0.7034219913597006 0.0 0.0
-0.5981308411214954 -1.8317757009345796 0.09375 0.30618621784789724 0.0 0.0
-0.7102803738317758 0.11214953271027994 0.19548764419759326 0.46389011456937357 0.0 0.0
0.03738317757009302 -0.1869158878504673 0.3426180730171756 0.7153451963912248 0.0 0.0
-0.97196261682243 -1.1588785046728973 0.5078125 0.7126096406869612 0.0 0.0
-0.2990654205607477 0.22429906542056077 0.4379882680629705 0.7160274339199169 0.0 0.0
0.03738317757009302 0.5607476635514015 0.6620525456764004 0.9120951657326118 0.0 0.0
0.14953271028037385 1.6448598130841123 -0.26171875 0.5115845482420281 0.0 0.0
0.3364485981308407 1.2710280373831777 0.421875 0.649519052838329 0.0 0.0
-0.97196261682243 1.6822429906542054 0.2890625 0.5376453291901642 0.0 0.0
-1.3084112149532712 0.5233644859813085 0.43359375 0.6584783595532961 0.0 0.0
-1.6074766355140189 -0.26168224299065423 0.2421875 0.4921254921257382 0.0 0.0
0.11214953271027994 1.7570093457943923 -0.0078125 0.08838834764831845 0.0 0.0
1.2710280373831777 0.2990654205607477 0.4765625 0.6903350635742038 0.0 0.0
1.4579439252336446 -0.7850467289719627 0.3046875 0.5519850541454905 0.0 0.0
1.4953271028037385 -0.5607476635514019 0.30859375 0.5555121510822243 0.0 0.0
0.2990654205607477 0.14953271028037385 0.27125610462055477 0.5929270612815711 0.0 0.0
0.3738317757009346 1.3084112149532707 0.39453125 0.6281172263200556 0.0 0.0
0.7476635514018692 -0.5981308411214954 -0.13797321615389202 0.8786581714795487 0.0 0.0
-0.8224299065420562 1.2336448598130838 -0.09459070096780649 0.42389562394532926 0.0 0.0
-0.97196261682243 -1.6822429906542058 0.296875 0.5448623679425842 0.0 0.0
0.2990654205607477 -1.383177570093458 0.41015625 0.6404344228724749 0.0 0.0
1.08411214953271 1.4953271028037385 0.2890625 0.5376453291901642 0.0 0.0
-1.0841121495327104 -1.383177570093458 0.1328125 0.3644344934278313 0.0 0.0
-0.485981308411215 -1.6822429906542058 0.36328125 0.6027281725620597 0.0 0.0
1.1214953271028039 0.9345794392523361 0.30859375 0.5555121510822243 0.0 0.0
0.5233644859813085 -1.7570093457943927 0.44921875 0.6702378309227255 0.0 0.0
1.4205607476635516 -0.7102803738317758 0.25 0.5 0.0 0.0
-0.11214953271028039 0.41121495327102764 0.2695038058179925 0.6218230147204147 0.0 0.0
1.1588785046728969 1.3457943925233646 0.11328125 0.3365728004459065 0.0 0.0
-0.11214953271028039 -0.33644859813084116 -0.16743530296808734 0.6146863882795638 0.0 0.0
1.2710280373831777 -0.3738317757009346 0.21484375 0.46351240544347894 0.0 0.0
-0.6728971962616823 0.3738317757009346 0.43003273210928045 0.7075948446805989 0.0 0.0
1.7196261682242993 -0.33644859813084116 0.18359375 0.42847841252506524 0.0 0.0
-1.4953271028037385 0.3738317757009346 0.46484375 0.6817945071647321 0.0 0.0
-1.0841121495327104 -0.8598130841121496 0.40625 0.6373774391990981 0.0 0.0
1.046728971962617 -1.3084112149532712 0.4160532158818933 0.7447734554883115 0.0 0.0
0.7102803738317753 -0.3738317757009346 -0.14876100306501217 0.884249402674395 0.0 0.0
-0.97196261682243 -0.8971962616822431 0.48046875 0.6931585316505886 0.0 0.0
-0.8971962616822431 -0.2990654205607477 0.054840314839519094 0.4759858191164943 0.0 0.0
-0.14953271028037385 -0.97196261682243 0.14242291988842637 0.7126096406869612 0.0 0.0
0.3364485981308407 1.7196261682242993 0.26953125 0.5191639914323797 0.0 0.0
-1.7943925233644862 -0.1869158878504673 -0.06640625 0.2576941016011038 0.0 0.0
-0.5233644859813085 -0.7102803738317758 0.037502970559918525 0.5994789404140899 0.0 0.0
-1.2710280373831777 -0.4112149532710281 0.4296875 0.6555055301063447 0.0 0.0
1.046728971962617 0.48598130841121456 0.328125 0.57282196186948 0.0 0.0
-1.4205607476635516 -0.03738317757009346 0.51953125 0.7207851621669248 0.0 0.0
0.8224299065420562 0.3738317757009346 0.39712863873233883 0.6702378309227255 0.0 0.0
0.7850467289719623 -1.1588785046728973 -0.17830815024404467 0.7507646438718923 0.0 0.0
1.94392523364486 -0.07476635514018692 0.515625 0.7180703308172536 0.0 0.0
1.4579439252336446 0.2616822429906538 -0.015625 0.125 0.0 0.0
0.5607476635514015 1.6074766355140184 0.578125 0.7603453162872774 0.0 0.0
-0.14953271028037385 -1.5700934579439254 0.35546875 0.596212000885591 0.0 0.0
0.2990654205607477 -0.8971962616822431 -0.16306447218102638 0.893747836004123 0.0 0.0
0.2990654205607477 -0.44859813084112155 -0.49796103860298385 0.9477688680295253 0.0 0.0
1.2336448598130838 -0.11214953271028039 0.51171875 0.7153451963912248 0.0 0.0
-0.44859813084112155 -1.7943925233644862 -0.08203125 0.28641098093474 0.0 0.0
1.009345794392523 -1.1588785046728973 0.10338619089956666 0.5896238207535377 0.0 0.0
-0.22429906542056077 1.7570093457943923 0.359375 0.5994789404140899 0.0 0.0
0.0 -0.8598130841121496 -0.15025846176695445 0.8658727813795216 0.0 0.0
