data_processed/toy_model/toy_hvcs/toy_0_3.9269908169872414_3.9269908169872414_5.497787143782138.ecsv
# %ECSV 1.0
# ---
# datatype:
# - {name: x, datatype: float64}
# - {name: y, datatype: float64}
# - {name: RM, datatype: float64}
# - {name: RM_uncert, datatype: float64}
# - {name: interpolation_raw, datatype: float64}
# - {name: interpolation_unc, datatype: float64}
# schema: astropy-2.0
x y RM RM_uncert interpolation_raw interpolation_unc
0.2990654205607477 1.2710280373831777 0.4296875 0.6555055301063447 0.0 0.0
-0.14953271028037385 0.5981308411214954 0.45957051192599774 0.7269910754968011 0.0 0.0
0.22429906542056077 -0.8598130841121496 0.7834279346484891 1.059029446850737 0.0 0.0
-0.8598130841121496 -0.7850467289719627 0.46875 0.6846531968814576 0.0 0.0
0.5981308411214954 0.03738317757009302 0.37279925238876127 0.701560760020114 0.0 0.0
1.7570093457943923 0.2616822429906538 0.34482841466264647 0.6091746465505602 0.0 0.0
1.6074766355140184 0.5607476635514015 0.375 0.6123724356957945 0.0 0.0
-0.8598130841121496 -0.4112149532710281 1.01504085532207 1.2849807238414668 0.0 0.0
-1.383177570093458 -0.6355140186915889 0.296875 0.5448623679425842 0.0 0.0
-0.7850467289719627 0.2616822429906538 0.46597643678642653 1.046907528663756 0.0 0.0
-0.11214953271028039 1.869158878504673 0.1171875 0.3423265984407288 0.0 0.0
0.18691588785046687 0.8598130841121492 0.1095545050385108 0.5694020986965187 0.0 0.0
0.6728971962616823 -0.2990654205607477 0.04115498052382716 0.30618621784789724 0.0 0.0
0.5981308411214954 1.2710280373831777 0.17578125 0.4192627457812106 0.0 0.0
1.6448598130841123 0.14953271028037385 0.2269255427402085 0.5038911092686593 0.0 0.0
1.6074766355140184 -0.2990654205607477 0.31640625 0.5625 0.0 0.0
0.2616822429906538 -1.1214953271028039 0.40625 0.6373774391990981 0.0 0.0
0.5607476635514015 -1.046728971962617 0.47265625 0.6875 0.0 0.0
1.4579439252336446 -0.6728971962616823 0.3203125 0.5659615711335886 0.0 0.0
-1.532710280373832 -0.11214953271028039 0.7105716012489681 0.977905646009847 0.0 0.0
-0.8598130841121496 1.4205607476635516 0.1171875 0.3423265984407288 0.0 0.0
-0.3738317757009346 -1.7570093457943927 -0.0703125 0.2651650429449553 0.0 0.0
-1.5700934579439254 1.2336448598130838 0.37890625 0.6155536126122565 0.0 0.0
0.11214953271027994 -1.6448598130841123 -0.29296875 0.5412658773652742 0.0 0.0
-0.03738317757009346 1.1588785046728969 0.49609375 0.7043392293490403 0.0 0.0
0.41121495327102764 -0.5981308411214954 -0.18228764900493136 0.49607837082461076 0.0 0.0
0.0 -1.7196261682242993 0.5234375 0.7234898064243891 0.0 0.0
0.9345794392523361 -0.1869158878504673 0.26352078491819825 0.5694020986965187 0.0 0.0
1.009345794392523 0.14953271028037385 0.34812621021427004 0.6789237807000135 0.0 0.0
-0.6728971962616823 1.1962616822429908 0.2578125 0.5077524002897476 0.0 0.0
0.6355140186915884 0.2990654205607477 0.3301681933168429 0.7098635432250342 0.0 0.0
-1.532710280373832 -0.8224299065420562 0.40234375 0.6343057228182637 0.0 0.0
-1.869158878504673 0.3364485981308407 0.421875 0.649519052838329 0.0 0.0
0.6355140186915884 0.48598130841121456 -0.13098043795745973 0.637567350101085 0.0 0.0
-0.8971962616822431 0.2990654205607477 1.0723043838983397 1.2869838840469912 0.0 0.0
0.7850467289719623 1.8317757009345792 -0.09765625 0.3125 0.0 0.0
0.7102803738317753 -1.2710280373831777 0.3984375 0.6312190586476298 0.0 0.0
-0.26168224299065423 1.869158878504673 0.265625 0.5153882032022076 0.0 0.0
-0.33644859813084116 0.18691588785046687 0.2216012441122677 0.6627942653829584 0.0 0.0
0.6355140186915884 0.18691588785046687 0.3296101405252545 0.6903350635742038 0.0 0.0
-0.26168224299065423 1.9065420560747661 0.2890625 0.5376453291901642 0.0 0.0
1.5700934579439254 0.5607476635514015 0.4765625 0.6903350635742038 0.0 0.0
0.2616822429906538 0.5607476635514015 -0.26906263508969663 0.6952968935493623 0.0 0.0
-1.5700934579439254 0.3364485981308407 0.2578125 0.5077524002897476 0.0 0.0
1.5700934579439254 -0.03738317757009346 0.421875 0.649519052838329 0.0 0.0
0.44859813084112155 -0.8224299065420562 0.716170531332228 0.9533643388885783 0.0 0.0
0.7102803738317753 0.03738317757009302 0.30543712716233173 0.649519052838329 0.0 0.0
0.41121495327102764 -0.26168224299065423 0.13694214967454016 0.42389562394532926 0.0 0.0
-0.5981308411214954 -1.8317757009345796 0.09375 0.30618621784789724 0.0 0.0
-0.7102803738317758 0.11214953271027994 0.7369063789716409 1.1393118571941934 0.0 0.0
0.03738317757009302 -0.1869158878504673 0.6037213970835582 0.8341007398193077 0.0 0.0
-0.97196261682243 -1.1588785046728973 0.5078125 0.7126096406869612 0.0 0.0
-0.2990654205607477 0.22429906542056077 0.5529860610344589 0.8617951450715639 0.0 0.0
0.03738317757009302 0.5607476635514015 0.42493128134441444 0.701560760020114 0.0 0.0
0.14953271028037385 1.6448598130841123 -0.26171875 0.5115845482420281 0.0 0.0
0.3364485981308407 1.2710280373831777 0.421875 0.649519052838329 0.0 0.0
-0.97196261682243 1.6822429906542054 0.2890625 0.5376453291901642 0.0 0.0
-1.3084112149532712 0.5233644859813085 0.43359375 0.6584783595532961 0.0 0.0
-1.6074766355140189 -0.26168224299065423 0.42473034870499626 0.7792773558945445 0.0 0.0
0.11214953271027994 1.7570093457943923 -0.0078125 0.08838834764831845 0.0 0.0
1.2710280373831777 0.2990654205607477 0.3588743526907229 0.6903350635742038 0.0 0.0
1.4579439252336446 -0.7850467289719627 0.3046875 0.5519850541454905 0.0 0.0
1.4953271028037385 -0.5607476635514019 0.30859375 0.5555121510822243 0.0 0.0
0.2990654205607477 0.14953271028037385 0.27375208723380556 0.5929270612815711 0.0 0.0
0.3738317757009346 1.3084112149532707 0.39453125 0.6281172263200556 0.0 0.0
0.7476635514018692 -0.5981308411214954 0.5336594725102456 0.7557944131974589 0.0 0.0
-0.8224299065420562 1.2336448598130838 -0.1796875 0.42389562394532926 0.0 0.0
-0.97196261682243 -1.6822429906542058 0.296875 0.5448623679425842 0.0 0.0
0.2990654205607477 -1.383177570093458 0.41015625 0.6404344228724749 0.0 0.0
1.08411214953271 1.4953271028037385 0.2890625 0.5376453291901642 0.0 0.0
-1.0841121495327104 -1.383177570093458 0.1328125 0.3644344934278313 0.0 0.0
-0.485981308411215 -1.6822429906542058 0.36328125 0.6027281725620597 0.0 0.0
1.1214953271028039 0.9345794392523361 0.30859375 0.5555121510822243 0.0 0.0
0.5233644859813085 -1.7570093457943927 0.44921875 0.6702378309227255 0.0 0.0
1.4205607476635516 -0.7102803738317758 0.25 0.5 0.0 0.0
-0.11214953271028039 0.41121495327102764 0.22179372176571766 0.5396699857611458 0.0 0.0
1.1588785046728969 1.3457943925233646 0.11328125 0.3365728004459065 0.0 0.0
-0.11214953271028039 -0.33644859813084116 0.23276664213367518 0.650049639848643 0.0 0.0
1.2710280373831777 -0.3738317757009346 0.21484375 0.46351240544347894 0.0 0.0
-0.6728971962616823 0.3738317757009346 0.9605127029484286 1.2496601161503305 0.0 0.0
1.7196261682242993 -0.33644859813084116 0.18359375 0.42847841252506524 0.0 0.0
-1.4953271028037385 0.3738317757009346 0.46484375 0.6817945071647321 0.0 0.0
-1.0841121495327104 -0.8598130841121496 0.40625 0.6373774391990981 0.0 0.0
1.046728971962617 -1.3084112149532712 0.5546875 0.7447734554883115 0.0 0.0
0.7102803738317753 -0.3738317757009346 0.4513375473890233 0.6959705453537527 0.0 0.0
-0.97196261682243 -0.8971962616822431 0.48046875 0.6931585316505886 0.0 0.0
-0.8971962616822431 -0.2990654205607477 0.8760128034753633 1.2350963958131878 0.0 0.0
-0.14953271028037385 -0.97196261682243 0.5996366440391903 0.8315412124954364 0.0 0.0
0.3364485981308407 1.7196261682242993 0.26953125 0.5191639914323797 0.0 0.0
-1.7943925233644862 -0.1869158878504673 -0.06640625 0.2576941016011038 0.0 0.0
-0.5233644859813085 -0.7102803738317758 0.8875528560169282 1.1898448268719146 0.0 0.0
-1.2710280373831777 -0.4112149532710281 0.8442301169227748 1.1219504150565431 0.0 0.0
1.046728971962617 0.48598130841121456 0.09844532163418077 0.57282196186948 0.0 0.0
-1.4205607476635516 -0.03738317757009346 0.854374650096525 1.0905127464606041 0.0 0.0
0.8224299065420562 0.3738317757009346 0.2572313861806558 0.6702378309227255 0.0 0.0
0.7850467289719623 -1.1588785046728973 0.20703125 0.4550068680800324 0.0 0.0
1.94392523364486 -0.07476635514018692 0.515625 0.7180703308172536 0.0 0.0
1.4579439252336446 0.2616822429906538 -0.09309570670028773 0.41299686851182715 0.0 0.0
0.5607476635514015 1.6074766355140184 0.578125 0.7603453162872774 0.0 0.0
-0.14953271028037385 -1.5700934579439254 0.35546875 0.596212000885591 0.0 0.0
0.2990654205607477 -0.8971962616822431 0.6141180306382074 0.869240939714884 0.0 0.0
0.2990654205607477 -0.44859813084112155 -0.07636089529543884 0.3125 0.0 0.0
1.2336448598130838 -0.11214953271028039 0.4767176440065786 0.7153451963912248 0.0 0.0
-0.44859813084112155 -1.7943925233644862 -0.08203125 0.28641098093474 0.0 0.0
1.009345794392523 -1.1588785046728973 0.34765625 0.5896238207535377 0.0 0.0
-0.22429906542056077 1.7570093457943923 0.359375 0.5994789404140899 0.0 0.0
0.0 -0.8598130841121496 0.8413957144007003 1.1106631707234198 0.0 0.0
