data_processed/toy_model/toy_hvcs/toy_3_5.497787143782138_3.9269908169872414_3.9269908169872414.ecsv
# %ECSV 1.0
# ---
# datatype:
# - {name: x, datatype: float64}
# - {name: y, datatype: float64}
# - {name: RM, datatype: float64}
# - {name: RM_uncert, datatype: float64}
# - {name: interpolation_raw, datatype: float64}
# - {name: interpolation_unc, datatype: float64}
# schema: astropy-2.0
x y RM RM_uncert interpolation_raw interpolation_unc
0.18691588785046687 -0.07476635514018692 0.07946992754111695 0.30618621784789724 0.0 0.0
-0.7476635514018692 0.8598130841121492 -0.06640625 0.2576941016011038 0.0 0.0
1.046728971962617 -0.03738317757009346 0.21886981032379704 0.5555121510822243 0.0 0.0
0.3738317757009346 1.009345794392523 -0.28125 0.5303300858899106 0.0 0.0
-0.8598130841121496 -0.11214953271028039 0.7358338523357926 1.1755100827604947 0.0 0.0
-0.2990654205607477 1.3831775700934577 0.41796875 0.6465050270492876 0.0 0.0
1.8317757009345792 -0.44859813084112155 0.2109375 0.4592793267718459 0.0 0.0
0.41121495327102764 0.14953271028037385 -0.2467940238680224 0.5602682819293314 0.0 0.0
-0.1869158878504673 0.7476635514018692 0.5591008493025713 1.0556019366243805 0.0 0.0
0.2616822429906538 1.2710280373831777 0.37109375 0.6091746465505602 0.0 0.0
-0.485981308411215 -0.97196261682243 -0.14453125 0.3801726581436387 0.0 0.0
1.046728971962617 1.4953271028037385 0.08984375 0.29973947020704494 0.0 0.0
0.11214953271027994 1.2336448598130838 0.2578125 0.5077524002897476 0.0 0.0
-1.0841121495327104 0.07476635514018692 0.4850725819370273 1.0446238145256188 0.0 0.0
-0.97196261682243 1.1214953271028039 0.35546875 0.596212000885591 0.0 0.0
-1.1214953271028039 -1.5700934579439254 -0.18359375 0.42847841252506524 0.0 0.0
-0.8971962616822431 1.1962616822429908 0.1796875 0.42389562394532926 0.0 0.0
1.3457943925233646 -1.1214953271028039 0.35546875 0.596212000885591 0.0 0.0
-0.1869158878504673 1.7570093457943923 0.39453125 0.6281172263200556 0.0 0.0
-0.5981308411214954 0.2990654205607477 0.5741443470494899 1.0438845453875538 0.0 0.0
0.8224299065420562 -1.6448598130841123 0.39453125 0.6281172263200556 0.0 0.0
0.14953271028037385 -0.22429906542056077 0.236492539644419 0.5077524002897476 0.0 0.0
-1.0841121495327104 -0.4112149532710281 0.1484375 0.385275875185561 0.0 0.0
0.48598130841121456 -1.1214953271028039 0.34765625 0.5896238207535377 0.0 0.0
0.41121495327102764 0.11214953271027994 0.019113394180781562 0.30618621784789724 0.0 0.0
0.2616822429906538 0.2616822429906538 0.38514450069959855 0.6218671481916375 0.0 0.0
-0.8971962616822431 -1.0093457943925235 -0.15625 0.39528470752104744 0.0 0.0
0.11214953271027994 1.2710280373831777 0.265625 0.5153882032022076 0.0 0.0
0.6355140186915884 -0.8971962616822431 -0.16056138091095032 0.5383983300697548 0.0 0.0
-0.5981308411214954 -1.6448598130841123 0.19140625 0.4375 0.0 0.0
0.22429906542056077 -1.7196261682242993 -0.31640625 0.5625 0.0 0.0
0.44859813084112155 1.6448598130841123 0.1015625 0.31868871959954903 0.0 0.0
1.2710280373831777 -1.2336448598130842 0.16015625 0.40019526483955303 0.0 0.0
1.1962616822429908 -1.4205607476635516 0.37109375 0.6091746465505602 0.0 0.0
0.3738317757009346 1.4953271028037385 -0.34765625 0.5896238207535377 0.0 0.0
0.5607476635514015 1.8317757009345792 -0.30078125 0.5484352742120077 0.0 0.0
1.4579439252336446 -0.2990654205607477 0.25735642433286726 0.5863019699779287 0.0 0.0
1.009345794392523 -0.11214953271028039 0.22572122224329916 0.5762215285808054 0.0 0.0
1.1214953271028039 -0.97196261682243 0.203125 0.45069390943299864 0.0 0.0
-0.11214953271028039 1.9065420560747661 0.2265625 0.4759858191164943 0.0 0.0
-1.383177570093458 -0.3738317757009346 0.078125 0.2795084971874737 0.0 0.0
1.3831775700934577 -0.33644859813084116 0.17475568999989155 0.5340002340823456 0.0 0.0
0.48598130841121456 -1.1962616822429908 0.34375 0.5863019699779287 0.0 0.0
-0.3738317757009346 -1.3457943925233646 0.32421875 0.5694020986965187 0.0 0.0
1.2336448598130838 -0.7476635514018692 0.3984375 0.6312190586476298 0.0 0.0
1.3831775700934577 -0.14953271028037385 0.15758327377727072 0.47186465220442186 0.0 0.0
0.8971962616822431 0.7102803738317753 0.31673483478525877 0.5868621384707975 0.0 0.0
0.7476635514018692 -1.457943925233645 0.30078125 0.5484352742120077 0.0 0.0
0.2990654205607477 1.869158878504673 -0.16796875 0.409839907768875 0.0 0.0
-0.9345794392523366 0.5981308411214954 0.8398813543868937 1.1524756868471402 0.0 0.0
0.22429906542056077 -1.4953271028037385 0.38671875 0.6218671481916375 0.0 0.0
-0.8971962616822431 1.009345794392523 0.37109375 0.6091746465505602 0.0 0.0
-0.11214953271028039 1.7943925233644862 0.40625 0.6373774391990981 0.0 0.0
-0.1869158878504673 -0.5607476635514019 0.4636643682305473 0.7536270539604417 0.0 0.0
-1.0841121495327104 0.9345794392523361 0.26171875 0.5115845482420281 0.0 0.0
-0.8971962616822431 0.9345794392523361 0.31640625 0.5625 0.0 0.0
1.3831775700934577 -1.0841121495327104 -0.16796875 0.409839907768875 0.0 0.0
-1.3084112149532712 0.8971962616822431 -0.12109375 0.34798527267687634 0.0 0.0
0.5233644859813085 -0.14953271028037385 0.12076426729246276 0.5115845482420281 0.0 0.0
-0.26168224299065423 0.41121495327102764 0.6999474565717123 1.0085050387298145 0.0 0.0
-0.7102803738317758 1.1214953271028039 0.33203125 0.5762215285808054 0.0 0.0
-0.97196261682243 1.1588785046728969 0.40234375 0.6343057228182637 0.0 0.0
0.7102803738317753 -0.7476635514018692 0.07585301851843101 0.6343057228182637 0.0 0.0
0.8598130841121492 -1.3457943925233646 0.390625 0.625 0.0 0.0
-0.11214953271028039 0.6728971962616823 0.7415794725198357 1.0998733768210192 0.0 0.0
0.22429906542056077 1.3084112149532707 0.14453125 0.3801726581436387 0.0 0.0
0.22429906542056077 0.6728971962616823 -0.013299159884421874 0.4375 0.0 0.0
1.3457943925233646 -0.9345794392523366 0.17578125 0.4192627457812106 0.0 0.0
0.11214953271027994 0.44859813084112155 0.1997613143258532 0.5529671135354312 0.0 0.0
-1.2336448598130842 -0.97196261682243 0.3984375 0.6312190586476298 0.0 0.0
-0.03738317757009346 -1.8317757009345796 0.37109375 0.6091746465505602 0.0 0.0
1.4579439252336446 0.0 0.27844711758197815 0.5519850541454905 0.0 0.0
1.3084112149532707 0.5233644859813085 0.41015625 0.6404344228724749 0.0 0.0
1.2710280373831777 1.1588785046728969 -0.046875 0.21650635094610965 0.0 0.0
-1.4953271028037385 -1.2710280373831777 0.4140625 0.6434768838116876 0.0 0.0
-0.03738317757009346 -1.046728971962617 0.10546875 0.3247595264191645 0.0 0.0
-0.2990654205607477 0.7850467289719623 0.7550347058461744 1.1137944880867157 0.0 0.0
0.3364485981308407 1.4579439252336446 -0.15625 0.39528470752104744 0.0 0.0
0.97196261682243 0.2616822429906538 0.0011244379308517002 0.19764235376052372 0.0 0.0
1.1962616822429908 0.3738317757009346 0.359375 0.5994789404140899 0.0 0.0
-0.07476635514018692 -1.4953271028037385 -0.16796875 0.409839907768875 0.0 0.0
0.6728971962616823 -0.7850467289719627 0.3359375 0.5796011559684815 0.0 0.0
-0.6355140186915889 1.2336448598130838 -0.18359375 0.42847841252506524 0.0 0.0
-0.22429906542056077 0.22429906542056077 0.5722046400765541 0.8926102341745294 0.0 0.0
-0.22429906542056077 -1.2336448598130842 0.34375 0.5863019699779287 0.0 0.0
-1.6074766355140189 1.009345794392523 0.31640625 0.5625 0.0 0.0
-1.383177570093458 0.8971962616822431 0.1796875 0.42389562394532926 0.0 0.0
0.2616822429906538 1.5700934579439254 -0.33203125 0.5762215285808054 0.0 0.0
-0.5233644859813085 -1.7943925233644862 0.1875 0.4330127018922193 0.0 0.0
0.03738317757009302 0.41121495327102764 -0.1683604280630641 0.5484352742120077 0.0 0.0
0.18691588785046687 0.8598130841121492 0.5962166439365453 0.9887312768761239 0.0 0.0
-0.9345794392523366 -0.9345794392523366 0.4140625 0.6434768838116876 0.0 0.0
1.046728971962617 -1.3457943925233646 0.390625 0.625 0.0 0.0
0.9345794392523361 1.08411214953271 0.33203125 0.5762215285808054 0.0 0.0
0.44859813084112155 -0.26168224299065423 0.1045434207863066 0.5038911092686593 0.0 0.0
-1.6074766355140189 -0.8224299065420562 0.37890625 0.6155536126122565 0.0 0.0
-0.9345794392523366 0.44859813084112155 0.8375993960429701 1.198714954476643 0.0 0.0
0.0 -0.22429906542056077 0.4111569100023422 0.6775194240792544 0.0 0.0
-1.6822429906542058 0.07476635514018692 0.30078125 0.5484352742120077 0.0 0.0
0.6355140186915884 -0.5607476635514019 -0.25421196375338145 0.7734776515884366 0.0 0.0
-0.8598130841121496 0.7102803738317753 0.759580500658517 1.0696546177701631 0.0 0.0
0.0 0.9345794392523361 -0.15446297471675385 0.5694020986965187 0.0 0.0
1.8317757009345792 -0.22429906542056077 0.27260770420756736 0.5340002340823456 0.0 0.0
0.14953271028037385 0.6728971962616823 0.16688050138821034 0.6263822736767226 0.0 0.0
1.6074766355140184 0.97196261682243 0.34765625 0.5896238207535377 0.0 0.0
0.5607476635514015 -0.9345794392523366 0.11755078404945235 0.4419417382415922 0.0 0.0
-0.03738317757009346 -0.33644859813084116 0.4050761286859346 0.6713994767438155 0.0 0.0
0.3364485981308407 0.8971962616822431 -0.2014245388106381 0.5625 0.0 0.0
0.18691588785046687 -1.0093457943925235 0.15031069353186022 0.3903123748998999 0.0 0.0
0.3364485981308407 -1.6822429906542058 0.04296875 0.2072890493972125 0.0 0.0
0.8971962616822431 -1.3084112149532712 0.41796875 0.6465050270492876 0.0 0.0
1.2710280373831777 -0.7850467289719627 -0.03125 0.1767766952966369 0.0 0.0
0.6728971962616823 0.6728971962616823 0.3549012149282993 0.6516488163547898 0.0 0.0
-0.485981308411215 -1.4205607476635516 0.2890625 0.5376453291901642 0.0 0.0
0.5607476635514015 -0.4112149532710281 0.12219851368245216 0.5796011559684815 0.0 0.0
0.3738317757009346 -1.7196261682242993 0.390625 0.625 0.0 0.0
0.3364485981308407 0.3738317757009346 0.2827948075375634 0.5376453291901642 0.0 0.0
0.11214953271027994 1.94392523364486 -0.3671875 0.6059599821770412 0.0 0.0
1.94392523364486 0.22429906542056077 0.11328125 0.3365728004459065 0.0 0.0
0.6355140186915884 1.6074766355140184 0.20703125 0.4550068680800324 0.0 0.0
1.2336448598130838 1.4205607476635516 0.0625 0.25 0.0 0.0
1.3457943925233646 -0.5981308411214954 0.4140625 0.6434768838116876 0.0 0.0
-0.5607476635514019 1.9065420560747661 0.28125 0.5303300858899106 0.0 0.0
1.4579439252336446 -0.485981308411215 0.30397464317895145 0.6434768838116876 0.0 0.0
-0.11214953271028039 -0.44859813084112155 0.33735754899161574 0.633464756701769 0.0 0.0
0.07476635514018692 0.7476635514018692 0.57126311426094 0.9732490578068288 0.0 0.0
-0.485981308411215 -0.03738317757009346 0.43359616108076826 0.883886204305473 0.0 0.0
1.3084112149532707 -0.485981308411215 0.20868645259934143 0.6027281725620597 0.0 0.0
-1.869158878504673 -0.2990654205607477 0.1015625 0.31868871959954903 0.0 0.0
-0.14953271028037385 -1.3084112149532712 0.3984375 0.6312190586476298 0.0 0.0
0.0 -0.14953271028037385 0.4543059913209848 0.7169942347341223 0.0 0.0
1.3457943925233646 0.0 -0.4514710630813491 0.701987091165285 0.0 0.0
-1.4205607476635516 0.8598130841121492 0.2734375 0.5229125165837972 0.0 0.0
-0.03738317757009346 -1.869158878504673 0.27734375 0.5266343608235224 0.0 0.0
0.97196261682243 1.2336448598130838 0.296875 0.5448623679425842 0.0 0.0
0.2616822429906538 -0.33644859813084116 -0.06358958603720231 0.40290870190950784 0.0 0.0
-0.44859813084112155 0.7850467289719623 0.8121853490702522 1.116003785002768 0.0 0.0
-0.7476635514018692 0.11214953271027994 0.45975146888969887 1.0181799633558881 0.0 0.0
-0.5981308411214954 -0.44859813084112155 0.894422575263931 1.2102175013310055 0.0 0.0
0.41121495327102764 -1.532710280373832 0.265625 0.5153882032022076 0.0 0.0
0.11214953271027994 -0.3738317757009346 0.271966174906924 0.5555121510822243 0.0 0.0
-0.8598130841121496 -1.1588785046728973 -0.37890625 0.6155536126122565 0.0 0.0
-0.4112149532710281 1.4205607476635516 -0.375 0.6123724356957945 0.0 0.0
-1.5700934579439254 -0.7850467289719627 0.19140625 0.4375 0.0 0.0
-1.9065420560747666 -0.33644859813084116 0.34375 0.5863019699779287 0.0 0.0
-0.7102803738317758 1.8317757009345792 0.37890625 0.6155536126122565 0.0 0.0
0.14953271028037385 0.41121495327102764 0.2923219702802076 0.6081119885024593 0.0 0.0
-0.14953271028037385 -1.0093457943925235 0.34765625 0.5896238207535377 0.0 0.0
-0.9345794392523366 1.6074766355140184 0.38671875 0.6218671481916375 0.0 0.0
1.7943925233644862 -0.07476635514018692 0.2265625 0.4759858191164943 0.0 0.0
0.11214953271027994 -1.3457943925233646 0.2109375 0.4592793267718459 0.0 0.0
0.3738317757009346 1.6448598130841123 -0.17578125 0.4192627457812106 0.0 0.0
1.3831775700934577 -0.26168224299065423 0.3162228113956228 0.6373774391990981 0.0 0.0
-0.5607476635514019 0.6355140186915884 0.6572983544165618 1.1172244442515227 0.0 0.0
1.08411214953271 -0.5607476635514019 -0.48570792010145386 0.8447504603152979 0.0 0.0
-1.1962616822429908 0.7476635514018692 -0.015625 0.125 0.0 0.0
0.5607476635514015 -0.5607476635514019 -0.5165865435559116 0.9238428368027882 0.0 0.0
0.14953271028037385 -1.532710280373832 0.1953125 0.4419417382415922 0.0 0.0
-0.33644859813084116 -1.5700934579439254 0.27734375 0.5266343608235224 0.0 0.0
0.2990654205607477 -1.457943925233645 0.35546875 0.596212000885591 0.0 0.0
-0.4112149532710281 1.94392523364486 -0.1484375 0.385275875185561 0.0 0.0
-0.07476635514018692 1.1214953271028039 -0.125 0.3535533905932738 0.0 0.0
1.046728971962617 0.48598130841121456 0.21875 0.46770717334674267 0.0 0.0
-1.1588785046728973 -1.1962616822429908 -0.15625 0.39528470752104744 0.0 0.0
-0.1869158878504673 1.4579439252336446 0.328125 0.57282196186948 0.0 0.0
0.7102803738317753 -1.7943925233644862 0.29296875 0.5412658773652742 0.0 0.0
0.41121495327102764 -1.457943925233645 0.3671875 0.6059599821770412 0.0 0.0
-1.457943925233645 0.48598130841121456 0.6203414155811959 0.9177392500936156 0.0 0.0
0.03738317757009302 -1.4205607476635516 0.38671875 0.6218671481916375 0.0 0.0
-1.7570093457943927 -0.14953271028037385 -0.12109375 0.34798527267687634 0.0 0.0
0.6355140186915884 0.8598130841121492 -0.01953125 0.13975424859373686 0.0 0.0
-1.3084112149532712 -0.03738317757009346 0.8092739697481768 1.1063528774746119 0.0 0.0
-0.5233644859813085 -0.22429906542056077 0.45671632169653825 0.9266850292268007 0.0 0.0
-1.869158878504673 -0.5607476635514019 -0.11328125 0.3365728004459065 0.0 0.0
-1.1962616822429908 0.5981308411214954 0.47134573812236513 0.8912092774678293 0.0 0.0
-0.22429906542056077 -0.7476635514018692 0.4053010015647448 0.7718537770390773 0.0 0.0
-0.11214953271028039 1.869158878504673 0.0078125 0.08838834764831845 0.0 0.0
-0.33644859813084116 0.5981308411214954 0.7329787959598143 1.1427166498829133 0.0 0.0
-0.2990654205607477 0.97196261682243 0.44327045894827655 0.7260619242850799 0.0 0.0
-1.457943925233645 -0.97196261682243 0.25 0.5 0.0 0.0
0.9345794392523361 -0.07476635514018692 -0.06051702775593573 0.4097670747044856 0.0 0.0
-0.3738317757009346 1.7943925233644862 0.32421875 0.5694020986965187 0.0 0.0
-1.3457943925233646 -0.5981308411214954 0.3203125 0.5659615711335886 0.0 0.0
0.97196261682243 -1.1214953271028039 0.28125 0.5303300858899106 0.0 0.0
0.5233644859813085 1.1588785046728969 -0.015625 0.125 0.0 0.0
-0.5607476635514019 0.5981308411214954 0.9236334986381622 1.238857133521184 0.0 0.0
-0.5233644859813085 1.5700934579439254 -0.2109375 0.4592793267718459 0.0 0.0
-0.14953271028037385 -0.5607476635514019 0.4524291176213019 0.7252254720034341 0.0 0.0
1.4205607476635516 0.97196261682243 -0.21875 0.46770717334674267 0.0 0.0
0.6355140186915884 0.2990654205607477 0.34265866373669207 0.6281172263200556 0.0 0.0
-0.11214953271028039 1.4953271028037385 0.37109375 0.6091746465505602 0.0 0.0
-1.457943925233645 -0.7102803738317758 -0.02734375 0.16535945694153692 0.0 0.0
0.3738317757009346 1.869158878504673 0.07421875 0.2724311839712921 0.0 0.0
0.03738317757009302 0.5607476635514015 0.5831301424357083 0.8851258582096766 0.0 0.0
-0.6355140186915889 -0.44859813084112155 0.8600419789387821 1.1978846805421481 0.0 0.0
1.1214953271028039 -1.457943925233645 0.2734375 0.5229125165837972 0.0 0.0
0.5981308411214954 -1.4953271028037385 -0.03125 0.1767766952966369 0.0 0.0
0.7102803738317753 -1.0093457943925235 0.3515625 0.5929270612815711 0.0 0.0
-1.2710280373831777 -0.33644859813084116 0.40234375 0.6343057228182637 0.0 0.0
-0.14953271028037385 1.869158878504673 -0.0390625 0.19764235376052372 0.0 0.0
0.44859813084112155 -1.6822429906542058 -0.3125 0.5590169943749475 0.0 0.0
-0.8971962616822431 -1.532710280373832 -0.16796875 0.409839907768875 0.0 0.0
0.44859813084112155 -0.4112149532710281 0.18098204370322415 0.6091746465505602 0.0 0.0
1.5700934579439254 -0.1869158878504673 0.14762886524396884 0.4375 0.0 0.0
-0.6728971962616823 0.5607476635514015 0.9376103224510614 1.2453922654738638 0.0 0.0
1.2710280373831777 1.4205607476635516 0.03125 0.1767766952966369 0.0 0.0
1.4205607476635516 0.6728971962616823 -0.08203125 0.28641098093474 0.0 0.0
1.2336448598130838 -0.4112149532710281 -0.23780386654360458 0.633552667966294 0.0 0.0
-0.14953271028037385 0.9345794392523361 -0.21497394990886426 0.6187184335382291 0.0 0.0
-0.22429906542056077 1.009345794392523 -0.16408573754282735 0.4419417382415922 0.0 0.0
-0.33644859813084116 0.9345794392523361 0.5132236844653405 0.8071228958037809 0.0 0.0
-0.5607476635514019 -1.0093457943925235 -0.359375 0.5994789404140899 0.0 0.0
0.6355140186915884 -1.2336448598130842 0.4140625 0.6434768838116876 0.0 0.0
-0.6728971962616823 -0.5607476635514019 0.4953221886263259 0.9754905828621062 0.0 0.0
0.03738317757009302 -0.8598130841121496 0.15176072525442166 0.5590169943749475 0.0 0.0
0.8224299065420562 0.5233644859813085 0.20945324261890463 0.47696984730463754 0.0 0.0
-0.5981308411214954 -1.4205607476635516 0.21875 0.46770717334674267 0.0 0.0
-0.5233644859813085 0.6355140186915884 0.8980846607103999 1.2228606099718806 0.0 0.0
-0.03738317757009346 -0.8971962616822431 0.15400386219623508 0.4375 0.0 0.0
0.7476635514018692 1.3457943925233646 0.2578125 0.5077524002897476 0.0 0.0
0.5607476635514015 -0.1869158878504673 0.05380395779081193 0.45069390943299864 0.0 0.0
0.7476635514018692 -1.6074766355140189 0.21875 0.46770717334674267 0.0 0.0
0.22429906542056077 -0.22429906542056077 0.07238187846254318 0.3590351654086268 0.0 0.0
-0.7476635514018692 0.2616822429906538 0.3346386100046512 0.9689212919578671 0.0 0.0
0.18691588785046687 1.8317757009345792 -0.40625 0.6373774391990981 0.0 0.0
1.1588785046728969 0.6728971962616823 0.35546875 0.596212000885591 0.0 0.0
-1.3457943925233646 -0.1869158878504673 0.37109375 0.6091746465505602 0.0 0.0
0.2616822429906538 0.3738317757009346 0.418516449326285 0.6593096000003109 0.0 0.0
-0.6355140186915889 0.2990654205607477 0.8642177401438399 1.1866435776119466 0.0 0.0
0.6728971962616823 1.4205607476635516 0.41796875 0.6465050270492876 0.0 0.0
-0.8971962616822431 0.97196261682243 0.31640625 0.5625 0.0 0.0
0.6728971962616823 0.11214953271027994 0.25313592369860577 0.5863019699779287 0.0 0.0
0.41121495327102764 1.2710280373831777 0.30078125 0.5484352742120077 0.0 0.0
-1.046728971962617 -1.4953271028037385 0.10546875 0.3247595264191645 0.0 0.0
-0.03738317757009346 0.03738317757009302 0.4283553593933978 0.7297204730489584 0.0 0.0
-1.1588785046728973 -0.9345794392523366 0.37109375 0.6091746465505602 0.0 0.0
0.07476635514018692 1.7570093457943923 0.04296875 0.2072890493972125 0.0 0.0
-1.1588785046728973 0.7850467289719623 0.25 0.5 0.0 0.0
