data_processed/toy_model/toy_hvcs/toy_5_3.9269908169872414_3.9269908169872414_0.7853981633974483.ecsv
# %ECSV 1.0
# ---
# datatype:
# - {name: x, datatype: float64}
# - {name: y, datatype: float64}
# - {name: RM, datatype: float64}
# - {name: RM_uncert, datatype: float64}
# - {name: interpolation_raw, datatype: float64}
# - {name: interpolation_unc, datatype: float64}
# schema: astropy-2.0
x y RM RM_uncert interpolation_raw interpolation_unc
-0.6728971962616823 -0.7850467289719627 0.7436755874672195 1.1035487868392766 0.0 0.0
0.14953271028037385 -1.8317757009345796 0.05859375 0.24206145913796356 0.0 0.0
1.9065420560747661 0.41121495327102764 0.0078125 0.08838834764831845 0.0 0.0
1.5327102803738315 -0.8224299065420562 0.12109375 0.34798527267687634 0.0 0.0
-1.046728971962617 0.03738317757009302 -0.125 0.3535533905932738 0.0 0.0
0.6728971962616823 1.3831775700934577 0.2421875 0.4921254921257382 0.0 0.0
-0.97196261682243 -1.0841121495327104 -0.046875 0.21650635094610965 0.0 0.0
-1.4205607476635516 1.009345794392523 0.21484375 0.46351240544347894 0.0 0.0
0.18691588785046687 1.7196261682242993 -0.1748476355199635 0.44424263757537613 0.0 0.0
1.3831775700934577 1.1962616822429908 -0.28515625 0.5340002340823456 0.0 0.0
-1.1962616822429908 1.2336448598130838 0.21875 0.46770717334674267 0.0 0.0
-1.2710280373831777 1.2710280373831777 0.29296875 0.5412658773652742 0.0 0.0
0.7102803738317753 -1.457943925233645 -0.0546875 0.23385358667337133 0.0 0.0
1.2710280373831777 -0.3738317757009346 0.01953125 0.13975424859373686 0.0 0.0
1.6074766355140184 -0.6355140186915889 0.1328125 0.3644344934278313 0.0 0.0
0.6355140186915884 -1.1962616822429908 0.18359375 0.42847841252506524 0.0 0.0
0.44859813084112155 0.2990654205607477 0.1856752092785085 0.582961190818051 0.0 0.0
-0.8598130841121496 -0.44859813084112155 0.4362355441335426 0.8393463756203903 0.0 0.0
1.7196261682242993 0.5233644859813085 -0.01171875 0.10825317547305482 0.0 0.0
0.2990654205607477 -0.11214953271028039 0.31247569899202865 0.6311805589401953 0.0 0.0
1.009345794392523 0.97196261682243 0.203125 0.45069390943299864 0.0 0.0
0.97196261682243 0.5607476635514015 0.2995027182492638 0.5762215285808054 0.0 0.0
-0.33644859813084116 -1.6448598130841123 -0.16810551773889149 0.5555121510822243 0.0 0.0
-1.383177570093458 1.046728971962617 0.2734375 0.5229125165837972 0.0 0.0
-0.7102803738317758 1.8317757009345792 0.29296875 0.5412658773652742 0.0 0.0
0.3364485981308407 -0.7102803738317758 0.710628955360599 1.1504788832139414 0.0 0.0
-1.1214953271028039 -0.6355140186915889 0.27734375 0.5266343608235224 0.0 0.0
-0.3738317757009346 0.41121495327102764 0.2334762292605842 0.5 0.0 0.0
0.7850467289719623 -0.5607476635514019 0.38426591725082915 0.6810611826419549 0.0 0.0
-1.7570093457943927 0.44859813084112155 -0.12109375 0.34798527267687634 0.0 0.0
-0.03738317757009346 0.0 0.39231204088233834 0.6927745533466689 0.0 0.0
-0.03738317757009346 1.3457943925233646 0.14554802255357038 0.42389562394532926 0.0 0.0
-1.457943925233645 -0.7850467289719627 0.32421875 0.5694020986965187 0.0 0.0
-0.6355140186915889 0.97196261682243 -0.3359375 0.5796011559684815 0.0 0.0
-0.485981308411215 -0.7476635514018692 0.41742011512929356 1.0245408631472865 0.0 0.0
0.44859813084112155 -0.8224299065420562 0.8290022070740266 1.1532039776848038 0.0 0.0
1.8317757009345792 0.22429906542056077 -0.29296875 0.5412658773652742 0.0 0.0
-0.03738317757009346 -0.5981308411214954 0.6359179694847716 1.043188472410208 0.0 0.0
-0.14953271028037385 1.046728971962617 -0.4565273045107393 0.714640370411215 0.0 0.0
0.03738317757009302 -1.5700934579439254 0.08203125 0.28641098093474 0.0 0.0
1.3831775700934577 0.7476635514018692 0.296875 0.5448623679425842 0.0 0.0
-0.9345794392523366 -0.6728971962616823 0.33448318239705976 0.6412128077277617 0.0 0.0
-1.7196261682242993 0.6728971962616823 0.203125 0.45069390943299864 0.0 0.0
0.3364485981308407 -1.6822429906542058 -0.04296875 0.2072890493972125 0.0 0.0
0.07476635514018692 -0.8971962616822431 1.0081519932700864 1.287217536603729 0.0 0.0
1.3457943925233646 -0.5233644859813085 0.2890625 0.5376453291901642 0.0 0.0
-0.9345794392523366 0.5981308411214954 0.265625 0.5153882032022076 0.0 0.0
1.6822429906542054 -0.8224299065420562 0.18359375 0.42847841252506524 0.0 0.0
0.3738317757009346 -1.4205607476635516 0.26953125 0.5191639914323797 0.0 0.0
-0.6728971962616823 -0.14953271028037385 0.5423274511021542 1.0244504147123512 0.0 0.0
0.2616822429906538 -1.7570093457943927 -0.24609375 0.49607837082461076 0.0 0.0
-0.33644859813084116 -1.532710280373832 0.44068194520923787 0.81879569516362 0.0 0.0
-0.97196261682243 -0.9345794392523366 0.2734375 0.5229125165837972 0.0 0.0
-0.26168224299065423 1.9065420560747661 0.09375 0.30618621784789724 0.0 0.0
0.7476635514018692 -1.0093457943925235 0.31640625 0.5625 0.0 0.0
-1.6448598130841123 -0.22429906542056077 0.0703125 0.2651650429449553 0.0 0.0
0.9345794392523361 0.8598130841121492 0.19140625 0.4375 0.0 0.0
-1.383177570093458 -0.7850467289719627 -0.140625 0.375 0.0 0.0
1.3831775700934577 -1.1588785046728973 0.15234375 0.3903123748998999 0.0 0.0
0.8224299065420562 0.6355140186915884 0.046875 0.21650635094610965 0.0 0.0
-0.2990654205607477 -1.4953271028037385 0.349793473902271 0.7883285785790985 0.0 0.0
-1.3457943925233646 1.4205607476635516 0.28125 0.5303300858899106 0.0 0.0
-0.5981308411214954 -1.4953271028037385 0.2421875 0.4921254921257382 0.0 0.0
0.3738317757009346 -1.6074766355140189 -0.296875 0.5448623679425842 0.0 0.0
0.8224299065420562 -1.4953271028037385 0.17578125 0.4192627457812106 0.0 0.0
-0.97196261682243 1.1962616822429908 0.21484375 0.46351240544347894 0.0 0.0
-0.3738317757009346 -0.8598130841121496 0.49245187036943516 1.0664180656472724 0.0 0.0
-0.3738317757009346 -0.44859813084112155 0.4869558815856737 0.9628274835978392 0.0 0.0
1.4579439252336446 -1.1214953271028039 -0.2890625 0.5376453291901642 0.0 0.0
0.9345794392523361 -0.5607476635514019 0.16796875 0.409839907768875 0.0 0.0
-0.7476635514018692 -0.11214953271028039 0.8587902041827924 1.1853608768495714 0.0 0.0
-0.5607476635514019 -1.383177570093458 -0.21875 0.46770717334674267 0.0 0.0
0.5233644859813085 0.9345794392523361 -0.7512740108309366 1.0109793626290664 0.0 0.0
-1.9065420560747666 -0.11214953271028039 0.1796875 0.42389562394532926 0.0 0.0
0.5981308411214954 0.41121495327102764 -0.09330816296201361 0.6518416801064713 0.0 0.0
1.4579439252336446 -0.4112149532710281 0.02734375 0.16535945694153692 0.0 0.0
-0.8971962616822431 -0.8224299065420562 0.0234375 0.15309310892394862 0.0 0.0
1.7570093457943923 0.2990654205607477 0.296875 0.5448623679425842 0.0 0.0
0.7102803738317753 -0.7476635514018692 0.42288162385841643 0.7275692391221834 0.0 0.0
1.1214953271028039 0.0 -0.07421875 0.2724311839712921 0.0 0.0
0.97196261682243 1.7196261682242993 0.18359375 0.42847841252506524 0.0 0.0
-1.8317757009345796 0.7476635514018692 -0.09765625 0.3125 0.0 0.0
1.6822429906542054 -0.6355140186915889 0.16015625 0.40019526483955303 0.0 0.0
-0.5607476635514019 -1.046728971962617 0.05395918529214355 0.7170553469463059 0.0 0.0
-1.1962616822429908 -0.2990654205607477 0.30078125 0.5484352742120077 0.0 0.0
0.18691588785046687 1.4579439252336446 0.18483213552811784 0.49607837082461076 0.0 0.0
-0.7476635514018692 -1.6074766355140189 -0.26171875 0.5115845482420281 0.0 0.0
0.0 -1.3457943925233646 0.5814724653932177 0.9876461566707154 0.0 0.0
1.1962616822429908 -0.22429906542056077 0.35546875 0.596212000885591 0.0 0.0
0.7850467289719623 1.5700934579439254 0.296875 0.5448623679425842 0.0 0.0
0.7850467289719623 1.2710280373831777 0.2578125 0.5077524002897476 0.0 0.0
-0.7102803738317758 -0.8598130841121496 0.6853617506585161 1.034380129022707 0.0 0.0
-1.5700934579439254 1.1588785046728969 0.19921875 0.44633927678392815 0.0 0.0
0.11214953271027994 0.8971962616822431 0.12565277435631456 0.4921254921257382 0.0 0.0
0.11214953271027994 -1.7943925233644862 -0.0703125 0.2651650429449553 0.0 0.0
-0.26168224299065423 0.7476635514018692 0.1980670058920765 0.5077524002897476 0.0 0.0
1.2710280373831777 1.046728971962617 0.02734375 0.16535945694153692 0.0 0.0
0.18691588785046687 -1.0093457943925235 0.6483143366200323 1.1091539222488755 0.0 0.0
0.0 -0.26168224299065423 0.5525286578165092 0.8680407914568407 0.0 0.0
-1.6448598130841123 -0.11214953271028039 0.2890625 0.5376453291901642 0.0 0.0
0.5233644859813085 1.4205607476635516 -0.04123360403622292 0.400739576374041 0.0 0.0
0.0 -1.869158878504673 0.265625 0.5153882032022076 0.0 0.0
1.7196261682242993 0.9345794392523361 0.25390625 0.5038911092686593 0.0 0.0
-0.33644859813084116 -0.7850467289719627 0.27972551613660046 0.9585541363288779 0.0 0.0
1.1962616822429908 -0.485981308411215 0.28125 0.5303300858899106 0.0 0.0
-1.4205607476635516 1.1214953271028039 0.27734375 0.5266343608235224 0.0 0.0
-0.97196261682243 1.5327102803738315 -0.02734375 0.16535945694153692 0.0 0.0
0.2616822429906538 -1.383177570093458 0.265625 0.5153882032022076 0.0 0.0
1.869158878504673 -0.1869158878504673 0.3203125 0.5659615711335886 0.0 0.0
-0.485981308411215 1.7570093457943923 0.1015625 0.31868871959954903 0.0 0.0
0.6355140186915884 -0.22429906542056077 0.37897422964603733 0.7289622481940163 0.0 0.0
0.44859813084112155 -0.3738317757009346 0.5640437097421753 0.9328852659809516 0.0 0.0
0.5607476635514015 -1.1214953271028039 0.19921875 0.44633927678392815 0.0 0.0
1.7196261682242993 0.8971962616822431 0.10546875 0.3247595264191645 0.0 0.0
-0.11214953271028039 -1.3084112149532712 0.7523950166612643 1.097273340295174 0.0 0.0
0.48598130841121456 0.48598130841121456 -0.40657928514812514 0.8080855897095618 0.0 0.0
-0.485981308411215 -0.5233644859813085 0.681169484736696 1.1263165494093532 0.0 0.0
-0.5981308411214954 0.5233644859813085 -0.07409289979558917 0.3590351654086268 0.0 0.0
-1.0093457943925235 -0.1869158878504673 0.05648001707826006 0.29260260449374015 0.0 0.0
-1.046728971962617 -1.0093457943925235 0.09765625 0.3125 0.0 0.0
-0.14953271028037385 0.03738317757009302 0.3484981703370654 0.6597557052986589 0.0 0.0
0.7102803738317753 0.11214953271027994 0.03710451441008439 0.5376453291901642 0.0 0.0
-0.4112149532710281 1.046728971962617 0.2734375 0.5229125165837972 0.0 0.0
-0.97196261682243 0.2616822429906538 -0.125 0.3535533905932738 0.0 0.0
-1.9065420560747666 -0.07476635514018692 0.14453125 0.3801726581436387 0.0 0.0
1.4953271028037385 -0.14953271028037385 0.234375 0.4841229182759271 0.0 0.0
-0.8224299065420562 0.5607476635514015 0.16085600996791657 0.5167441532671977 0.0 0.0
0.6355140186915884 1.1962616822429908 0.22265625 0.47186465220442186 0.0 0.0
0.14953271028037385 1.3084112149532707 -0.2636340769399189 0.5828963491735368 0.0 0.0
-0.07476635514018692 -0.8598130841121496 0.7560214619185918 1.1793850829297374 0.0 0.0
-0.14953271028037385 -1.1214953271028039 0.8023800890833337 1.17894716937048 0.0 0.0
-0.4112149532710281 1.6822429906542054 0.2109375 0.4592793267718459 0.0 0.0
1.1588785046728969 -1.2710280373831777 0.19921875 0.44633927678392815 0.0 0.0
-0.03738317757009346 -1.4205607476635516 0.616093400096525 0.9751598844256515 0.0 0.0
-0.22429906542056077 -1.869158878504673 0.2265625 0.4759858191164943 0.0 0.0
-0.2990654205607477 0.5607476635514015 0.08862679940922433 0.369754986443726 0.0 0.0
0.18691588785046687 -0.97196261682243 0.8170777733146828 1.191348730065788 0.0 0.0
1.3457943925233646 1.3084112149532707 -0.359375 0.5994789404140899 0.0 0.0
-0.5607476635514019 0.0 0.4596261113628324 0.8275730920744492 0.0 0.0
1.4953271028037385 0.8598130841121492 0.3125 0.5590169943749475 0.0 0.0
-1.9813084112149535 0.03738317757009302 0.1015625 0.31868871959954903 0.0 0.0
1.6448598130841123 -0.485981308411215 -0.00390625 0.0625 0.0 0.0
-1.1962616822429908 -1.3084112149532712 0.21875 0.46770717334674267 0.0 0.0
-1.532710280373832 1.009345794392523 0.296875 0.5448623679425842 0.0 0.0
-0.5981308411214954 0.7476635514018692 -0.1343092774897544 0.414578098794425 0.0 0.0
-0.33644859813084116 -0.7476635514018692 0.2819392518243756 0.9526953886992165 0.0 0.0
0.14953271028037385 -1.1962616822429908 0.4557285441200967 0.9567462245758764 0.0 0.0
-0.7850467289719627 -0.14953271028037385 0.8161703298865164 1.1573123648233579 0.0 0.0
-0.1869158878504673 0.7850467289719623 -0.19096375905468682 0.5145289283503637 0.0 0.0
-1.6074766355140189 0.22429906542056077 0.2109375 0.4592793267718459 0.0 0.0
0.9345794392523361 -0.1869158878504673 0.12992203906950187 0.3618533240679208 0.0 0.0
0.14953271028037385 -1.2710280373831777 0.5221776166940485 0.9547474710037712 0.0 0.0
1.5327102803738315 -1.046728971962617 0.2265625 0.4759858191164943 0.0 0.0
0.7850467289719623 -0.8598130841121496 0.02734375 0.16535945694153692 0.0 0.0
-0.44859813084112155 1.3084112149532707 -0.125 0.3535533905932738 0.0 0.0
-1.383177570093458 0.8971962616822431 0.09375 0.30618621784789724 0.0 0.0
0.03738317757009302 1.869158878504673 0.31640625 0.5625 0.0 0.0
0.6728971962616823 0.2990654205607477 -0.05719734188517095 0.6443414729554058 0.0 0.0
-0.22429906542056077 -1.8317757009345796 0.21815181021179678 0.5027025665575953 0.0 0.0
-0.5607476635514019 -0.22429906542056077 0.38070147123024595 0.8968677117950516 0.0 0.0
-1.7943925233644862 0.18691588785046687 0.11328125 0.3365728004459065 0.0 0.0
-1.869158878504673 -0.4112149532710281 0.203125 0.45069390943299864 0.0 0.0
-1.6448598130841123 0.22429906542056077 0.17578125 0.4192627457812106 0.0 0.0
-1.3457943925233646 0.41121495327102764 0.16015625 0.40019526483955303 0.0 0.0
-0.7476635514018692 -0.5607476635514019 0.7706213694021091 1.1084866886003721 0.0 0.0
1.1214953271028039 -1.2710280373831777 0.1875 0.4330127018922193 0.0 0.0
1.3457943925233646 1.1962616822429908 -0.2890625 0.5376453291901642 0.0 0.0
1.2710280373831777 0.22429906542056077 0.2734375 0.5229125165837972 0.0 0.0
-0.07476635514018692 1.08411214953271 -0.3027884274662701 0.6060491769918842 0.0 0.0
-1.6074766355140189 0.6355140186915884 0.33203125 0.5762215285808054 0.0 0.0
-0.9345794392523366 0.5233644859813085 0.23046875 0.480071609241788 0.0 0.0
1.1214953271028039 1.6074766355140184 0.32421875 0.5694020986965187 0.0 0.0
