data_processed/toy_model/toy_hvcs/toy_2_0.0_0.0_0.0.ecsv
# %ECSV 1.0
# ---
# datatype:
# - {name: x, datatype: float64}
# - {name: y, datatype: float64}
# - {name: RM, datatype: float64}
# - {name: RM_uncert, datatype: float64}
# - {name: interpolation_raw, datatype: float64}
# - {name: interpolation_unc, datatype: float64}
# schema: astropy-2.0
x y RM RM_uncert interpolation_raw interpolation_unc
-1.046728971962617 -1.6448598130841123 0.35546875 0.596212000885591 0.0 0.0
0.11214953271027994 -1.0093457943925235 -0.10546875 0.3247595264191645 0.0 0.0
-0.7850467289719627 -0.9345794392523366 0.4140625 0.6434768838116876 0.0 0.0
-1.6822429906542058 -0.07476635514018692 -0.12044927053244447 0.6808485815986466 0.0 0.0
1.009345794392523 1.009345794392523 0.16015625 0.40019526483955303 0.0 0.0
1.5700934579439254 -1.1962616822429908 0.1640625 0.4050462936504913 0.0 0.0
0.6355140186915884 1.08411214953271 0.3203125 0.5659615711335886 0.0 0.0
0.0 -0.4112149532710281 0.21484375 0.46351240544347894 0.0 0.0
1.9065420560747661 0.5981308411214954 -0.0390625 0.19764235376052372 0.0 0.0
1.9065420560747661 -0.22429906542056077 0.40234375 0.6343057228182637 0.0 0.0
1.7196261682242993 0.6355140186915884 0.3828125 0.6187184335382291 0.0 0.0
-0.97196261682243 -0.8224299065420562 0.3125 0.5590169943749475 0.0 0.0
0.3738317757009346 0.3738317757009346 0.6471375397901118 0.9809402782943636 0.0 0.0
0.2990654205607477 1.1588785046728969 -0.15625 0.39528470752104744 0.0 0.0
0.7476635514018692 -1.532710280373832 0.15625 0.39528470752104744 0.0 0.0
-1.3457943925233646 1.1214953271028039 0.34765625 0.5896238207535377 0.0 0.0
0.18691588785046687 -1.8317757009345796 0.29296875 0.5412658773652742 0.0 0.0
1.5700934579439254 0.44859813084112155 0.3671875 0.6059599821770412 0.0 0.0
1.3457943925233646 0.2616822429906538 0.514406064178159 0.886918614279979 0.0 0.0
-1.532710280373832 -0.7476635514018692 0.19140625 0.4375 0.0 0.0
1.5700934579439254 -0.97196261682243 0.13671875 0.369754986443726 0.0 0.0
-1.2336448598130842 -0.97196261682243 0.3984375 0.6312190586476298 0.0 0.0
-0.22429906542056077 1.3457943925233646 0.12109375 0.34798527267687634 0.0 0.0
0.48598130841121456 1.3831775700934577 0.1875 0.4330127018922193 0.0 0.0
1.3457943925233646 0.7850467289719623 0.41015625 0.6404344228724749 0.0 0.0
0.3738317757009346 -1.532710280373832 0.41015625 0.6404344228724749 0.0 0.0
1.2336448598130838 -0.8598130841121496 0.0390625 0.19764235376052372 0.0 0.0
1.1588785046728969 -0.26168224299065423 0.9577309669933526 1.2905277734270988 0.0 0.0
0.07476635514018692 -1.8317757009345796 0.3515625 0.5929270612815711 0.0 0.0
-0.1869158878504673 -1.5700934579439254 0.18359375 0.42847841252506524 0.0 0.0
-0.5233644859813085 0.11214953271027994 -0.7199530380419898 1.0654663655338819 0.0 0.0
0.3738317757009346 1.869158878504673 0.07421875 0.2724311839712921 0.0 0.0
-0.7476635514018692 -1.383177570093458 0.0390625 0.19764235376052372 0.0 0.0
-0.2990654205607477 0.6355140186915884 0.07160966261357321 0.649519052838329 0.0 0.0
-1.9065420560747666 0.41121495327102764 0.4140625 0.6434768838116876 0.0 0.0
1.2336448598130838 -0.3738317757009346 -0.15953430697271512 0.42389562394532926 0.0 0.0
0.14953271028037385 0.97196261682243 0.3984375 0.6312190586476298 0.0 0.0
0.5981308411214954 1.6074766355140184 0.24609375 0.49607837082461076 0.0 0.0
-0.7102803738317758 0.2990654205607477 -0.6800331896046125 1.2533969360139767 0.0 0.0
0.3738317757009346 1.2336448598130838 0.05078125 0.22534695471649932 0.0 0.0
-0.7850467289719627 0.7476635514018692 0.23046875 0.480071609241788 0.0 0.0
-0.485981308411215 0.5233644859813085 -0.4138260517580553 1.030546992386136 0.0 0.0
0.2990654205607477 0.97196261682243 -0.23046875 0.480071609241788 0.0 0.0
0.5607476635514015 -0.5981308411214954 0.39123406394952775 0.9587423417681392 0.0 0.0
-0.22429906542056077 -1.457943925233645 0.265625 0.5153882032022076 0.0 0.0
1.981308411214953 0.11214953271027994 -0.20703125 0.4550068680800324 0.0 0.0
1.869158878504673 0.0 0.5905589323210488 0.9129411890379893 0.0 0.0
0.11214953271027994 -0.6355140186915889 0.3885254123553944 0.6758241818038097 0.0 0.0
0.0 1.94392523364486 -0.18359375 0.42847841252506524 0.0 0.0
0.3364485981308407 1.1962616822429908 -0.1796875 0.42389562394532926 0.0 0.0
-1.1214953271028039 -0.14953271028037385 -0.7051838887482227 1.3259049843395436 0.0 0.0
-0.2990654205607477 1.4953271028037385 -0.23828125 0.4881406047441659 0.0 0.0
-1.0093457943925235 -0.5981308411214954 0.42578125 0.6525191568069094 0.0 0.0
0.5607476635514015 0.8598130841121492 -0.3671875 0.6059599821770412 0.0 0.0
0.7850467289719623 0.14953271028037385 1.152628843082671 1.4308896484933218 0.0 0.0
0.8598130841121492 -1.2710280373831777 0.40625 0.6373774391990981 0.0 0.0
0.0 1.3084112149532707 0.19140625 0.4375 0.0 0.0
-1.1588785046728973 -0.4112149532710281 0.2722085350922633 0.5412658773652742 0.0 0.0
-0.11214953271028039 0.07476635514018692 0.2666910921294216 0.5694020986965187 0.0 0.0
0.03738317757009302 -0.8971962616822431 0.3257070377180983 0.5921425718829855 0.0 0.0
0.03738317757009302 -1.869158878504673 0.2578125 0.5077524002897476 0.0 0.0
0.5981308411214954 0.8224299065420562 -0.22265625 0.47186465220442186 0.0 0.0
1.4205607476635516 -0.22429906542056077 0.4746361530753026 0.8615341294171724 0.0 0.0
