data_processed/toy_model/toy_hvcs/toy_3_1.5707963267948966_5.497787143782138_0.7853981633974483.ecsv
# %ECSV 1.0
# ---
# datatype:
# - {name: x, datatype: float64}
# - {name: y, datatype: float64}
# - {name: RM, datatype: float64}
# - {name: RM_uncert, datatype: float64}
# - {name: interpolation_raw, datatype: float64}
# - {name: interpolation_unc, datatype: float64}
# schema: astropy-2.0
x y RM RM_uncert interpolation_raw interpolation_unc
0.18691588785046687 -0.07476635514018692 0.10285497154674221 0.334604158810802 0.0 0.0
-0.7476635514018692 0.8598130841121492 0.5108468968817961 1.0431203400200728 0.0 0.0
1.046728971962617 -0.03738317757009346 0.36884808812982184 0.6550591013486063 0.0 0.0
0.3738317757009346 1.009345794392523 -0.22303818962466515 0.5303300858899106 0.0 0.0
-0.8598130841121496 -0.11214953271028039 0.4097038000793713 0.8541450990076233 0.0 0.0
-0.2990654205607477 1.3831775700934577 0.41796875 0.6465050270492876 0.0 0.0
1.8317757009345792 -0.44859813084112155 0.2109375 0.4592793267718459 0.0 0.0
0.41121495327102764 0.14953271028037385 -0.12309076716264637 0.42389562394532926 0.0 0.0
-0.1869158878504673 0.7476635514018692 0.6107948706702873 1.1034869692663227 0.0 0.0
0.2616822429906538 1.2710280373831777 0.37109375 0.6091746465505602 0.0 0.0
-0.485981308411215 -0.97196261682243 -0.14453125 0.3801726581436387 0.0 0.0
1.046728971962617 1.4953271028037385 0.08984375 0.29973947020704494 0.0 0.0
0.11214953271027994 1.2336448598130838 0.2578125 0.5077524002897476 0.0 0.0
-1.0841121495327104 0.07476635514018692 -0.058181477426680506 0.34798527267687634 0.0 0.0
-0.97196261682243 1.1214953271028039 0.6489571050398839 0.9707963020529939 0.0 0.0
-1.1214953271028039 -1.5700934579439254 -0.18359375 0.42847841252506524 0.0 0.0
-0.8971962616822431 1.1962616822429908 0.47807917600410543 0.8811758348980133 0.0 0.0
1.3457943925233646 -1.1214953271028039 0.35546875 0.596212000885591 0.0 0.0
-0.1869158878504673 1.7570093457943923 0.39453125 0.6281172263200556 0.0 0.0
-0.5981308411214954 0.2990654205607477 0.5784538200787548 1.0480047185759755 0.0 0.0
0.8224299065420562 -1.6448598130841123 0.39453125 0.6281172263200556 0.0 0.0
0.14953271028037385 -0.22429906542056077 0.2106738010087222 0.5077524002897476 0.0 0.0
-1.0841121495327104 -0.4112149532710281 0.1484375 0.385275875185561 0.0 0.0
0.48598130841121456 -1.1214953271028039 0.15090760544232376 0.5896238207535377 0.0 0.0
0.41121495327102764 0.11214953271027994 0.13229065634759507 0.4133174478475233 0.0 0.0
0.2616822429906538 0.2616822429906538 0.5271268349558895 0.8170281022778709 0.0 0.0
-0.8971962616822431 -1.0093457943925235 -0.15625 0.39528470752104744 0.0 0.0
0.11214953271027994 1.2710280373831777 0.265625 0.5153882032022076 0.0 0.0
0.6355140186915884 -0.8971962616822431 -0.14328663840030598 0.5052952372629411 0.0 0.0
-0.5981308411214954 -1.6448598130841123 0.19140625 0.4375 0.0 0.0
0.22429906542056077 -1.7196261682242993 -0.31640625 0.5625 0.0 0.0
0.44859813084112155 1.6448598130841123 0.1015625 0.31868871959954903 0.0 0.0
1.2710280373831777 -1.2336448598130842 0.16015625 0.40019526483955303 0.0 0.0
1.1962616822429908 -1.4205607476635516 0.37109375 0.6091746465505602 0.0 0.0
0.3738317757009346 1.4953271028037385 -0.34765625 0.5896238207535377 0.0 0.0
0.5607476635514015 1.8317757009345792 -0.30078125 0.5484352742120077 0.0 0.0
1.4579439252336446 -0.2990654205607477 0.34375 0.5863019699779287 0.0 0.0
1.009345794392523 -0.11214953271028039 0.3704845930907686 0.6394825534614195 0.0 0.0
1.1214953271028039 -0.97196261682243 0.203125 0.45069390943299864 0.0 0.0
-0.11214953271028039 1.9065420560747661 0.2265625 0.4759858191164943 0.0 0.0
-1.383177570093458 -0.3738317757009346 0.078125 0.2795084971874737 0.0 0.0
1.3831775700934577 -0.33644859813084116 0.28515625 0.5340002340823456 0.0 0.0
0.48598130841121456 -1.1962616822429908 0.15220766602027797 0.5863019699779287 0.0 0.0
-0.3738317757009346 -1.3457943925233646 0.32421875 0.5694020986965187 0.0 0.0
1.2336448598130838 -0.7476635514018692 0.3984375 0.6312190586476298 0.0 0.0
1.3831775700934577 -0.14953271028037385 0.22265625 0.47186465220442186 0.0 0.0
0.8971962616822431 0.7102803738317753 0.2890625 0.5376453291901642 0.0 0.0
0.7476635514018692 -1.457943925233645 0.30078125 0.5484352742120077 0.0 0.0
0.2990654205607477 1.869158878504673 -0.16796875 0.409839907768875 0.0 0.0
-0.9345794392523366 0.5981308411214954 0.8484010615244646 1.1598446547055037 0.0 0.0
0.22429906542056077 -1.4953271028037385 0.38671875 0.6218671481916375 0.0 0.0
-0.8971962616822431 1.009345794392523 0.7834008275728233 1.093484295792878 0.0 0.0
-0.11214953271028039 1.7943925233644862 0.40625 0.6373774391990981 0.0 0.0
-0.1869158878504673 -0.5607476635514019 0.17056243580715258 0.5994789404140899 0.0 0.0
-1.0841121495327104 0.9345794392523361 0.5256966693653846 0.8886363647357501 0.0 0.0
-0.8971962616822431 0.9345794392523361 0.7646341931231568 1.1013002025997787 0.0 0.0
1.3831775700934577 -1.0841121495327104 -0.16796875 0.409839907768875 0.0 0.0
-1.3084112149532712 0.8971962616822431 -0.12109375 0.34798527267687634 0.0 0.0
0.5233644859813085 -0.14953271028037385 0.21312118750782777 0.5115845482420281 0.0 0.0
-0.26168224299065423 0.41121495327102764 0.7398869907228385 1.0473592895686163 0.0 0.0
-0.7102803738317758 1.1214953271028039 0.7772350624979677 1.105639577346947 0.0 0.0
-0.97196261682243 1.1588785046728969 0.6747053074329452 0.9731736046902888 0.0 0.0
0.7102803738317753 -0.7476635514018692 0.3126322014894946 0.6343057228182637 0.0 0.0
0.8598130841121492 -1.3457943925233646 0.3148325114874219 0.625 0.0 0.0
-0.11214953271028039 0.6728971962616823 0.8115955948371603 1.1617890039393215 0.0 0.0
0.22429906542056077 1.3084112149532707 0.14453125 0.3801726581436387 0.0 0.0
0.22429906542056077 0.6728971962616823 0.3973885602255467 0.9930676565325715 0.0 0.0
1.3457943925233646 -0.9345794392523366 0.17578125 0.4192627457812106 0.0 0.0
0.11214953271027994 0.44859813084112155 0.3849996349163347 0.8223437662149993 0.0 0.0
-1.2336448598130842 -0.97196261682243 0.3984375 0.6312190586476298 0.0 0.0
-0.03738317757009346 -1.8317757009345796 0.37109375 0.6091746465505602 0.0 0.0
1.4579439252336446 0.0 0.3046875 0.5519850541454905 0.0 0.0
1.3084112149532707 0.5233644859813085 0.41015625 0.6404344228724749 0.0 0.0
1.2710280373831777 1.1588785046728969 -0.046875 0.21650635094610965 0.0 0.0
-1.4953271028037385 -1.2710280373831777 0.4140625 0.6434768838116876 0.0 0.0
-0.03738317757009346 -1.046728971962617 -0.19840487335188928 0.7087160903378578 0.0 0.0
-0.2990654205607477 0.7850467289719623 0.9044287380626612 1.2406958636689824 0.0 0.0
0.3364485981308407 1.4579439252336446 -0.15625 0.39528470752104744 0.0 0.0
0.97196261682243 0.2616822429906538 0.10078934305662585 0.4031329633176276 0.0 0.0
1.1962616822429908 0.3738317757009346 0.359375 0.5994789404140899 0.0 0.0
-0.07476635514018692 -1.4953271028037385 -0.16796875 0.409839907768875 0.0 0.0
0.6728971962616823 -0.7850467289719627 0.2373945226363869 0.5796011559684815 0.0 0.0
-0.6355140186915889 1.2336448598130838 0.18432830102434278 0.7431354870067003 0.0 0.0
-0.22429906542056077 0.22429906542056077 0.578107068991871 0.8991984697405474 0.0 0.0
-0.22429906542056077 -1.2336448598130842 0.34375 0.5863019699779287 0.0 0.0
-1.6074766355140189 1.009345794392523 0.31640625 0.5625 0.0 0.0
-1.383177570093458 0.8971962616822431 0.1796875 0.42389562394532926 0.0 0.0
0.2616822429906538 1.5700934579439254 -0.33203125 0.5762215285808054 0.0 0.0
-0.5233644859813085 -1.7943925233644862 0.1875 0.4330127018922193 0.0 0.0
0.03738317757009302 0.41121495327102764 -0.025664692123054667 0.5484352742120077 0.0 0.0
0.18691588785046687 0.8598130841121492 0.7171874813692916 1.104323871307047 0.0 0.0
-0.9345794392523366 -0.9345794392523366 0.4140625 0.6434768838116876 0.0 0.0
1.046728971962617 -1.3457943925233646 0.36104732035268233 0.625 0.0 0.0
0.9345794392523361 1.08411214953271 0.33203125 0.5762215285808054 0.0 0.0
0.44859813084112155 -0.26168224299065423 0.17374195258392952 0.5038911092686593 0.0 0.0
-1.6074766355140189 -0.8224299065420562 0.37890625 0.6155536126122565 0.0 0.0
-0.9345794392523366 0.44859813084112155 0.7312061116016378 1.106404525118763 0.0 0.0
0.0 -0.22429906542056077 0.3490753167414996 0.6027281725620597 0.0 0.0
-1.6822429906542058 0.07476635514018692 0.30078125 0.5484352742120077 0.0 0.0
0.6355140186915884 -0.5607476635514019 -0.004527947100067722 0.31448313818094514 0.0 0.0
-0.8598130841121496 0.7102803738317753 0.9268707925374506 1.2160351907222509 0.0 0.0
0.0 0.9345794392523361 0.2154557565923072 0.868982314655836 0.0 0.0
1.8317757009345792 -0.22429906542056077 0.28515625 0.5340002340823456 0.0 0.0
0.14953271028037385 0.6728971962616823 0.5206043820051218 1.0487146961925553 0.0 0.0
1.6074766355140184 0.97196261682243 0.34765625 0.5896238207535377 0.0 0.0
0.5607476635514015 -0.9345794392523366 0.061968190508997045 0.4419417382415922 0.0 0.0
-0.03738317757009346 -0.33644859813084116 0.3009230584152718 0.5994789404140899 0.0 0.0
0.3364485981308407 0.8971962616822431 -0.06200363332497377 0.5625 0.0 0.0
0.18691588785046687 -1.0093457943925235 -0.1612724855420985 0.6891217026652092 0.0 0.0
0.3364485981308407 -1.6822429906542058 0.04296875 0.2072890493972125 0.0 0.0
0.8971962616822431 -1.3084112149532712 0.3524771325848446 0.6465050270492876 0.0 0.0
1.2710280373831777 -0.7850467289719627 -0.03125 0.1767766952966369 0.0 0.0
0.6728971962616823 0.6728971962616823 0.40890266001339526 0.7298281099182126 0.0 0.0
-0.485981308411215 -1.4205607476635516 0.2890625 0.5376453291901642 0.0 0.0
0.5607476635514015 -0.4112149532710281 0.24419077186269791 0.5796011559684815 0.0 0.0
0.3738317757009346 -1.7196261682242993 0.390625 0.625 0.0 0.0
0.3364485981308407 0.3738317757009346 0.4922457556924632 0.8339238642615562 0.0 0.0
0.11214953271027994 1.94392523364486 -0.3671875 0.6059599821770412 0.0 0.0
1.94392523364486 0.22429906542056077 0.11328125 0.3365728004459065 0.0 0.0
0.6355140186915884 1.6074766355140184 0.20703125 0.4550068680800324 0.0 0.0
1.2336448598130838 1.4205607476635516 0.0625 0.25 0.0 0.0
1.3457943925233646 -0.5981308411214954 0.4140625 0.6434768838116876 0.0 0.0
-0.5607476635514019 1.9065420560747661 0.28125 0.5303300858899106 0.0 0.0
1.4579439252336446 -0.485981308411215 0.4140625 0.6434768838116876 0.0 0.0
-0.11214953271028039 -0.44859813084112155 0.1670468471702875 0.5229125165837972 0.0 0.0
0.07476635514018692 0.7476635514018692 0.8099745800556483 1.1935814425967324 0.0 0.0
-0.485981308411215 -0.03738317757009346 0.2924782557139487 0.7064127769427004 0.0 0.0
1.3084112149532707 -0.485981308411215 0.36328125 0.6027281725620597 0.0 0.0
-1.869158878504673 -0.2990654205607477 0.1015625 0.31868871959954903 0.0 0.0
-0.14953271028037385 -1.3084112149532712 0.3984375 0.6312190586476298 0.0 0.0
0.0 -0.14953271028037385 0.413325337731726 0.6573579127564009 0.0 0.0
1.3457943925233646 0.0 -0.41015625 0.6404344228724749 0.0 0.0
-1.4205607476635516 0.8598130841121492 0.2734375 0.5229125165837972 0.0 0.0
-0.03738317757009346 -1.869158878504673 0.27734375 0.5266343608235224 0.0 0.0
0.97196261682243 1.2336448598130838 0.296875 0.5448623679425842 0.0 0.0
0.2616822429906538 -0.33644859813084116 -0.0731079031605373 0.4258779829024677 0.0 0.0
-0.44859813084112155 0.7850467289719623 1.025567856830134 1.2931471160159111 0.0 0.0
-0.7476635514018692 0.11214953271027994 0.4547487950699899 1.0132547015138789 0.0 0.0
-0.5981308411214954 -0.44859813084112155 0.3088920369371322 0.5694020986965187 0.0 0.0
0.41121495327102764 -1.532710280373832 0.265625 0.5153882032022076 0.0 0.0
0.11214953271027994 -0.3738317757009346 0.20588824822311325 0.5555121510822243 0.0 0.0
-0.8598130841121496 -1.1588785046728973 -0.37890625 0.6155536126122565 0.0 0.0
-0.4112149532710281 1.4205607476635516 -0.375 0.6123724356957945 0.0 0.0
-1.5700934579439254 -0.7850467289719627 0.19140625 0.4375 0.0 0.0
-1.9065420560747666 -0.33644859813084116 0.34375 0.5863019699779287 0.0 0.0
-0.7102803738317758 1.8317757009345792 0.37890625 0.6155536126122565 0.0 0.0
0.14953271028037385 0.41121495327102764 0.46912935045169296 0.8505380361297112 0.0 0.0
-0.14953271028037385 -1.0093457943925235 0.34765625 0.5896238207535377 0.0 0.0
-0.9345794392523366 1.6074766355140184 0.38671875 0.6218671481916375 0.0 0.0
1.7943925233644862 -0.07476635514018692 0.2265625 0.4759858191164943 0.0 0.0
0.11214953271027994 -1.3457943925233646 0.2109375 0.4592793267718459 0.0 0.0
0.3738317757009346 1.6448598130841123 -0.17578125 0.4192627457812106 0.0 0.0
1.3831775700934577 -0.26168224299065423 0.40625 0.6373774391990981 0.0 0.0
-0.5607476635514019 0.6355140186915884 0.6960873321174577 1.1514201727583704 0.0 0.0
1.08411214953271 -0.5607476635514019 -0.2578125 0.5077524002897476 0.0 0.0
-1.1962616822429908 0.7476635514018692 -0.015625 0.125 0.0 0.0
0.5607476635514015 -0.5607476635514019 -0.2860120034695049 0.6263677090487741 0.0 0.0
0.14953271028037385 -1.532710280373832 0.1953125 0.4419417382415922 0.0 0.0
-0.33644859813084116 -1.5700934579439254 0.27734375 0.5266343608235224 0.0 0.0
0.2990654205607477 -1.457943925233645 0.35546875 0.596212000885591 0.0 0.0
-0.4112149532710281 1.94392523364486 -0.1484375 0.385275875185561 0.0 0.0
-0.07476635514018692 1.1214953271028039 -0.125 0.3535533905932738 0.0 0.0
1.046728971962617 0.48598130841121456 0.21875 0.46770717334674267 0.0 0.0
-1.1588785046728973 -1.1962616822429908 -0.15625 0.39528470752104744 0.0 0.0
-0.1869158878504673 1.4579439252336446 0.328125 0.57282196186948 0.0 0.0
0.7102803738317753 -1.7943925233644862 0.29296875 0.5412658773652742 0.0 0.0
0.41121495327102764 -1.457943925233645 0.3671875 0.6059599821770412 0.0 0.0
-1.457943925233645 0.48598130841121456 0.3984375 0.6312190586476298 0.0 0.0
0.03738317757009302 -1.4205607476635516 0.38671875 0.6218671481916375 0.0 0.0
-1.7570093457943927 -0.14953271028037385 -0.12109375 0.34798527267687634 0.0 0.0
0.6355140186915884 0.8598130841121492 -0.01953125 0.13975424859373686 0.0 0.0
-1.3084112149532712 -0.03738317757009346 0.39453125 0.6281172263200556 0.0 0.0
-0.5233644859813085 -0.22429906542056077 0.18053618750797984 0.5535204377581371 0.0 0.0
-1.869158878504673 -0.5607476635514019 -0.11328125 0.3365728004459065 0.0 0.0
-1.1962616822429908 0.5981308411214954 0.1484375 0.385275875185561 0.0 0.0
-0.22429906542056077 -0.7476635514018692 -0.18846436508641878 0.76926749585098 0.0 0.0
-0.11214953271028039 1.869158878504673 0.0078125 0.08838834764831845 0.0 0.0
-0.33644859813084116 0.5981308411214954 0.6863018612369634 1.1011119254980062 0.0 0.0
-0.2990654205607477 0.97196261682243 0.9589000122811094 1.248368945689622 0.0 0.0
-1.457943925233645 -0.97196261682243 0.25 0.5 0.0 0.0
0.9345794392523361 -0.07476635514018692 0.09098954800627049 0.3675650908513225 0.0 0.0
-0.3738317757009346 1.7943925233644862 0.32421875 0.5694020986965187 0.0 0.0
-1.3457943925233646 -0.5981308411214954 0.3203125 0.5659615711335886 0.0 0.0
0.97196261682243 -1.1214953271028039 0.23911239609532337 0.5303300858899106 0.0 0.0
0.5233644859813085 1.1588785046728969 -0.015625 0.125 0.0 0.0
-0.5607476635514019 0.5981308411214954 0.9306278790051378 1.2444901598688016 0.0 0.0
-0.5233644859813085 1.5700934579439254 -0.2109375 0.4592793267718459 0.0 0.0
-0.14953271028037385 -0.5607476635514019 0.19689366733592042 0.6155536126122565 0.0 0.0
1.4205607476635516 0.97196261682243 -0.21875 0.46770717334674267 0.0 0.0
0.6355140186915884 0.2990654205607477 0.5553515364996116 0.8462693560558737 0.0 0.0
-0.11214953271028039 1.4953271028037385 0.37109375 0.6091746465505602 0.0 0.0
-1.457943925233645 -0.7102803738317758 -0.02734375 0.16535945694153692 0.0 0.0
0.3738317757009346 1.869158878504673 0.07421875 0.2724311839712921 0.0 0.0
0.03738317757009302 0.5607476635514015 0.7949325630588489 1.098659467768652 0.0 0.0
-0.6355140186915889 -0.44859813084112155 0.29656655392398634 0.5549566269970768 0.0 0.0
1.1214953271028039 -1.457943925233645 0.2587266866688634 0.5229125165837972 0.0 0.0
0.5981308411214954 -1.4953271028037385 -0.03125 0.1767766952966369 0.0 0.0
0.7102803738317753 -1.0093457943925235 0.2493300022130141 0.5929270612815711 0.0 0.0
-1.2710280373831777 -0.33644859813084116 0.40234375 0.6343057228182637 0.0 0.0
-0.14953271028037385 1.869158878504673 -0.0390625 0.19764235376052372 0.0 0.0
0.44859813084112155 -1.6822429906542058 -0.3125 0.5590169943749475 0.0 0.0
-0.8971962616822431 -1.532710280373832 -0.16796875 0.409839907768875 0.0 0.0
0.44859813084112155 -0.4112149532710281 0.26421995118401426 0.6091746465505602 0.0 0.0
1.5700934579439254 -0.1869158878504673 0.19140625 0.4375 0.0 0.0
-0.6728971962616823 0.5607476635514015 0.9706242015162528 1.2716248082797479 0.0 0.0
1.2710280373831777 1.4205607476635516 0.03125 0.1767766952966369 0.0 0.0
1.4205607476635516 0.6728971962616823 -0.08203125 0.28641098093474 0.0 0.0
1.2336448598130838 -0.4112149532710281 -0.07421875 0.2724311839712921 0.0 0.0
-0.14953271028037385 0.9345794392523361 0.21344553853982795 0.899835305530771 0.0 0.0
-0.22429906542056077 1.009345794392523 0.3633035802277431 0.9601664753861625 0.0 0.0
-0.33644859813084116 0.9345794392523361 0.9974705802264611 1.272769091568821 0.0 0.0
-0.5607476635514019 -1.0093457943925235 -0.359375 0.5994789404140899 0.0 0.0
0.6355140186915884 -1.2336448598130842 0.2681105710010372 0.6434768838116876 0.0 0.0
-0.6728971962616823 -0.5607476635514019 -0.0075867729478723 0.23288633685930268 0.0 0.0
0.03738317757009302 -0.8598130841121496 -0.04887638221942736 0.6405097691986085 0.0 0.0
0.8224299065420562 0.5233644859813085 0.2418852826589873 0.540707236236001 0.0 0.0
-0.5981308411214954 -1.4205607476635516 0.21875 0.46770717334674267 0.0 0.0
-0.5233644859813085 0.6355140186915884 0.9182447861117127 1.2392369919524777 0.0 0.0
-0.03738317757009346 -0.8971962616822431 -0.20712677122890938 0.7782414743881354 0.0 0.0
0.7476635514018692 1.3457943925233646 0.2578125 0.5077524002897476 0.0 0.0
0.5607476635514015 -0.1869158878504673 0.1499502149390386 0.45069390943299864 0.0 0.0
0.7476635514018692 -1.6074766355140189 0.21875 0.46770717334674267 0.0 0.0
0.22429906542056077 -0.22429906542056077 0.06610191227635688 0.3590351654086268 0.0 0.0
-0.7476635514018692 0.2616822429906538 0.3420339795031453 0.9765240442540525 0.0 0.0
0.18691588785046687 1.8317757009345792 -0.40625 0.6373774391990981 0.0 0.0
1.1588785046728969 0.6728971962616823 0.35546875 0.596212000885591 0.0 0.0
-1.3457943925233646 -0.1869158878504673 0.37109375 0.6091746465505602 0.0 0.0
0.2616822429906538 0.3738317757009346 0.6117919700558643 0.906223035522563 0.0 0.0
-0.6355140186915889 0.2990654205607477 0.8784359143103971 1.1985655295480486 0.0 0.0
0.6728971962616823 1.4205607476635516 0.41796875 0.6465050270492876 0.0 0.0
-0.8971962616822431 0.97196261682243 0.747418087658682 1.0855551231132226 0.0 0.0
0.6728971962616823 0.11214953271027994 0.3873793672375618 0.6565125546972606 0.0 0.0
0.41121495327102764 1.2710280373831777 0.30078125 0.5484352742120077 0.0 0.0
-1.046728971962617 -1.4953271028037385 0.10546875 0.3247595264191645 0.0 0.0
-0.03738317757009346 0.03738317757009302 0.4296954031164224 0.7315545476810631 0.0 0.0
-1.1588785046728973 -0.9345794392523366 0.37109375 0.6091746465505602 0.0 0.0
0.07476635514018692 1.7570093457943923 0.04296875 0.2072890493972125 0.0 0.0
-1.1588785046728973 0.7850467289719623 0.25 0.5 0.0 0.0
