data_processed/toy_model/toy_hvcs/toy_5_0.0_0.0_0.7853981633974483.ecsv
# %ECSV 1.0
# ---
# datatype:
# - {name: x, datatype: float64}
# - {name: y, datatype: float64}
# - {name: RM, datatype: float64}
# - {name: RM_uncert, datatype: float64}
# - {name: interpolation_raw, datatype: float64}
# - {name: interpolation_unc, datatype: float64}
# schema: astropy-2.0
x y RM RM_uncert interpolation_raw interpolation_unc
-0.6728971962616823 -0.7850467289719627 0.11263064865826694 0.5191639914323797 0.0 0.0
0.14953271028037385 -1.8317757009345796 0.05859375 0.24206145913796356 0.0 0.0
1.9065420560747661 0.41121495327102764 0.0078125 0.08838834764831845 0.0 0.0
1.5327102803738315 -0.8224299065420562 0.12109375 0.34798527267687634 0.0 0.0
-1.046728971962617 0.03738317757009302 -0.5454017312936786 0.9827530018205781 0.0 0.0
0.6728971962616823 1.3831775700934577 0.2421875 0.4921254921257382 0.0 0.0
-0.97196261682243 -1.0841121495327104 -0.046875 0.21650635094610965 0.0 0.0
-1.4205607476635516 1.009345794392523 0.21484375 0.46351240544347894 0.0 0.0
0.18691588785046687 1.7196261682242993 -0.15234375 0.3903123748998999 0.0 0.0
1.3831775700934577 1.1962616822429908 -0.28515625 0.5340002340823456 0.0 0.0
-1.1962616822429908 1.2336448598130838 0.21875 0.46770717334674267 0.0 0.0
-1.2710280373831777 1.2710280373831777 0.29296875 0.5412658773652742 0.0 0.0
0.7102803738317753 -1.457943925233645 -0.0546875 0.23385358667337133 0.0 0.0
1.2710280373831777 -0.3738317757009346 0.2513976611086508 0.6951719731241339 0.0 0.0
1.6074766355140184 -0.6355140186915889 0.1328125 0.3644344934278313 0.0 0.0
0.6355140186915884 -1.1962616822429908 0.18359375 0.42847841252506524 0.0 0.0
0.44859813084112155 0.2990654205607477 0.6276593762093386 0.9568045790121812 0.0 0.0
-0.8598130841121496 -0.44859813084112155 -0.15565431319668982 0.6922986179340384 0.0 0.0
1.7196261682242993 0.5233644859813085 -0.01171875 0.10825317547305482 0.0 0.0
0.2990654205607477 -0.11214953271028039 0.33448215310756185 0.6651329237191043 0.0 0.0
1.009345794392523 0.97196261682243 0.203125 0.45069390943299864 0.0 0.0
0.97196261682243 0.5607476635514015 0.6326685713510571 0.96607758109901 0.0 0.0
-0.33644859813084116 -1.6448598130841123 -0.30859375 0.5555121510822243 0.0 0.0
-1.383177570093458 1.046728971962617 0.2734375 0.5229125165837972 0.0 0.0
-0.7102803738317758 1.8317757009345792 0.29296875 0.5412658773652742 0.0 0.0
0.3364485981308407 -0.7102803738317758 0.22467779433752985 0.5930424425579165 0.0 0.0
-1.1214953271028039 -0.6355140186915889 0.27734375 0.5266343608235224 0.0 0.0
-0.3738317757009346 0.41121495327102764 -0.01409372664064179 0.5274347858089032 0.0 0.0
0.7850467289719623 -0.5607476635514019 0.5780596651216618 0.9227306379671826 0.0 0.0
-1.7570093457943927 0.44859813084112155 -0.12109375 0.34798527267687634 0.0 0.0
-0.03738317757009346 0.0 0.29567999989585286 0.5519850541454905 0.0 0.0
-0.03738317757009346 1.3457943925233646 0.1796875 0.42389562394532926 0.0 0.0
-1.457943925233645 -0.7850467289719627 0.32421875 0.5694020986965187 0.0 0.0
-0.6355140186915889 0.97196261682243 -0.3359375 0.5796011559684815 0.0 0.0
-0.485981308411215 -0.7476635514018692 -0.3649833014683031 0.7177205953131108 0.0 0.0
0.44859813084112155 -0.8224299065420562 0.4345147756037144 0.735462134448422 0.0 0.0
1.8317757009345792 0.22429906542056077 -0.29296875 0.5412658773652742 0.0 0.0
-0.03738317757009346 -0.5981308411214954 0.1734981884730489 0.42847841252506524 0.0 0.0
-0.14953271028037385 1.046728971962617 -0.40234375 0.6343057228182637 0.0 0.0
0.03738317757009302 -1.5700934579439254 0.08203125 0.28641098093474 0.0 0.0
1.3831775700934577 0.7476635514018692 0.296875 0.5448623679425842 0.0 0.0
-0.9345794392523366 -0.6728971962616823 0.2578125 0.5077524002897476 0.0 0.0
-1.7196261682242993 0.6728971962616823 0.203125 0.45069390943299864 0.0 0.0
0.3364485981308407 -1.6822429906542058 -0.04296875 0.2072890493972125 0.0 0.0
0.07476635514018692 -0.8971962616822431 0.36023581989074194 0.6009131715826205 0.0 0.0
1.3457943925233646 -0.5233644859813085 0.2890625 0.5376453291901642 0.0 0.0
-0.9345794392523366 0.5981308411214954 -0.026680031610487265 0.564787626653572 0.0 0.0
1.6822429906542054 -0.8224299065420562 0.18359375 0.42847841252506524 0.0 0.0
0.3738317757009346 -1.4205607476635516 0.26953125 0.5191639914323797 0.0 0.0
-0.6728971962616823 -0.14953271028037385 -0.3287734027625684 0.8322878441531733 0.0 0.0
0.2616822429906538 -1.7570093457943927 -0.24609375 0.49607837082461076 0.0 0.0
-0.33644859813084116 -1.532710280373832 0.2109375 0.4592793267718459 0.0 0.0
-0.97196261682243 -0.9345794392523366 0.2734375 0.5229125165837972 0.0 0.0
-0.26168224299065423 1.9065420560747661 0.09375 0.30618621784789724 0.0 0.0
0.7476635514018692 -1.0093457943925235 0.31640625 0.5625 0.0 0.0
-1.6448598130841123 -0.22429906542056077 -0.01518874667608891 0.3173168658489142 0.0 0.0
0.9345794392523361 0.8598130841121492 0.19140625 0.4375 0.0 0.0
-1.383177570093458 -0.7850467289719627 -0.140625 0.375 0.0 0.0
1.3831775700934577 -1.1588785046728973 0.15234375 0.3903123748998999 0.0 0.0
0.8224299065420562 0.6355140186915884 0.3500546091145348 0.8082290629698177 0.0 0.0
-0.2990654205607477 -1.4953271028037385 0.078125 0.2795084971874737 0.0 0.0
-1.3457943925233646 1.4205607476635516 0.28125 0.5303300858899106 0.0 0.0
-0.5981308411214954 -1.4953271028037385 0.2421875 0.4921254921257382 0.0 0.0
0.3738317757009346 -1.6074766355140189 -0.296875 0.5448623679425842 0.0 0.0
0.8224299065420562 -1.4953271028037385 0.17578125 0.4192627457812106 0.0 0.0
-0.97196261682243 1.1962616822429908 0.21484375 0.46351240544347894 0.0 0.0
-0.3738317757009346 -0.8598130841121496 -0.22139186859320847 0.5389248437272278 0.0 0.0
-0.3738317757009346 -0.44859813084112155 -0.12457640291963606 0.5440843738238327 0.0 0.0
1.4579439252336446 -1.1214953271028039 -0.2890625 0.5376453291901642 0.0 0.0
0.9345794392523361 -0.5607476635514019 0.43848293795582677 0.8420196707391423 0.0 0.0
-0.7476635514018692 -0.11214953271028039 -0.09208627071536879 0.7047499850519598 0.0 0.0
-0.5607476635514019 -1.383177570093458 -0.21875 0.46770717334674267 0.0 0.0
0.5233644859813085 0.9345794392523361 -0.48046875 0.6931585316505886 0.0 0.0
-1.9065420560747666 -0.11214953271028039 0.1796875 0.42389562394532926 0.0 0.0
0.5981308411214954 0.41121495327102764 0.6320762852382604 1.0128530596668606 0.0 0.0
1.4579439252336446 -0.4112149532710281 0.02734375 0.16535945694153692 0.0 0.0
-0.8971962616822431 -0.8224299065420562 0.0234375 0.15309310892394862 0.0 0.0
1.7570093457943923 0.2990654205607477 0.296875 0.5448623679425842 0.0 0.0
0.7102803738317753 -0.7476635514018692 0.5006438905918387 0.8275756951383223 0.0 0.0
1.1214953271028039 0.0 0.3149033259024175 0.8390622156937082 0.0 0.0
0.97196261682243 1.7196261682242993 0.18359375 0.42847841252506524 0.0 0.0
-1.8317757009345796 0.7476635514018692 -0.09765625 0.3125 0.0 0.0
1.6822429906542054 -0.6355140186915889 0.16015625 0.40019526483955303 0.0 0.0
-0.5607476635514019 -1.046728971962617 -0.40625 0.6373774391990981 0.0 0.0
-1.1962616822429908 -0.2990654205607477 0.011571797407945672 0.5484352742120077 0.0 0.0
0.18691588785046687 1.4579439252336446 0.24609375 0.49607837082461076 0.0 0.0
-0.7476635514018692 -1.6074766355140189 -0.26171875 0.5115845482420281 0.0 0.0
0.0 -1.3457943925233646 0.1875 0.4330127018922193 0.0 0.0
1.1962616822429908 -0.22429906542056077 0.6689654062664654 0.9911922429745558 0.0 0.0
0.7850467289719623 1.5700934579439254 0.296875 0.5448623679425842 0.0 0.0
0.7850467289719623 1.2710280373831777 0.2578125 0.5077524002897476 0.0 0.0
-0.7102803738317758 -0.8598130841121496 0.30078125 0.5484352742120077 0.0 0.0
-1.5700934579439254 1.1588785046728969 0.19921875 0.44633927678392815 0.0 0.0
0.11214953271027994 0.8971962616822431 0.29698552421445346 0.5931134363921516 0.0 0.0
0.11214953271027994 -1.7943925233644862 -0.0703125 0.2651650429449553 0.0 0.0
-0.26168224299065423 0.7476635514018692 0.045190673581792073 0.5077524002897476 0.0 0.0
1.2710280373831777 1.046728971962617 0.02734375 0.16535945694153692 0.0 0.0
0.18691588785046687 -1.0093457943925235 0.06640625 0.2576941016011038 0.0 0.0
0.0 -0.26168224299065423 0.3515625 0.5929270612815711 0.0 0.0
-1.6448598130841123 -0.11214953271028039 0.1940342783567025 0.5376453291901642 0.0 0.0
0.5233644859813085 1.4205607476635516 0.078125 0.2795084971874737 0.0 0.0
0.0 -1.869158878504673 0.265625 0.5153882032022076 0.0 0.0
1.7196261682242993 0.9345794392523361 0.25390625 0.5038911092686593 0.0 0.0
-0.33644859813084116 -0.7850467289719627 -0.45549111994529434 0.7427026591379545 0.0 0.0
1.1962616822429908 -0.485981308411215 0.507119432795618 0.8561476891233405 0.0 0.0
-1.4205607476635516 1.1214953271028039 0.27734375 0.5266343608235224 0.0 0.0
-0.97196261682243 1.5327102803738315 -0.02734375 0.16535945694153692 0.0 0.0
0.2616822429906538 -1.383177570093458 0.265625 0.5153882032022076 0.0 0.0
1.869158878504673 -0.1869158878504673 0.3203125 0.5659615711335886 0.0 0.0
-0.485981308411215 1.7570093457943923 0.1015625 0.31868871959954903 0.0 0.0
0.6355140186915884 -0.22429906542056077 0.5610277743546543 0.9463049448826254 0.0 0.0
0.44859813084112155 -0.3738317757009346 0.4681064929646015 0.8236507062640103 0.0 0.0
0.5607476635514015 -1.1214953271028039 0.19921875 0.44633927678392815 0.0 0.0
1.7196261682242993 0.8971962616822431 0.10546875 0.3247595264191645 0.0 0.0
-0.11214953271028039 -1.3084112149532712 0.30078125 0.5484352742120077 0.0 0.0
0.48598130841121456 0.48598130841121456 0.19609278175064254 0.7431970219943599 0.0 0.0
-0.485981308411215 -0.5233644859813085 -0.11946624842532211 0.5767863528644244 0.0 0.0
-0.5981308411214954 0.5233644859813085 -0.5204705571136528 0.9550051645029495 0.0 0.0
-1.0093457943925235 -0.1869158878504673 -0.3754331232857024 0.8821621146770047 0.0 0.0
-1.046728971962617 -1.0093457943925235 0.09765625 0.3125 0.0 0.0
-0.14953271028037385 0.03738317757009302 0.21957901691493703 0.5115845482420281 0.0 0.0
0.7102803738317753 0.11214953271027994 0.6996539108505347 1.0536817933802736 0.0 0.0
-0.4112149532710281 1.046728971962617 0.2734375 0.5229125165837972 0.0 0.0
-0.97196261682243 0.2616822429906538 -0.5446520348846587 0.9819898521722704 0.0 0.0
-1.9065420560747666 -0.07476635514018692 0.14453125 0.3801726581436387 0.0 0.0
1.4953271028037385 -0.14953271028037385 0.4028056900394418 0.7558018126988606 0.0 0.0
-0.8224299065420562 0.5607476635514015 -0.2936728491511012 0.8012697412870415 0.0 0.0
0.6355140186915884 1.1962616822429908 0.22265625 0.47186465220442186 0.0 0.0
0.14953271028037385 1.3084112149532707 -0.1875 0.4330127018922193 0.0 0.0
-0.07476635514018692 -0.8598130841121496 0.11963881743378167 0.34798527267687634 0.0 0.0
-0.14953271028037385 -1.1214953271028039 0.21484375 0.46351240544347894 0.0 0.0
-0.4112149532710281 1.6822429906542054 0.2109375 0.4592793267718459 0.0 0.0
1.1588785046728969 -1.2710280373831777 0.19921875 0.44633927678392815 0.0 0.0
-0.03738317757009346 -1.4205607476635516 0.28125 0.5303300858899106 0.0 0.0
-0.22429906542056077 -1.869158878504673 0.2265625 0.4759858191164943 0.0 0.0
-0.2990654205607477 0.5607476635514015 -0.12680731912915866 0.6247666670512418 0.0 0.0
0.18691588785046687 -0.97196261682243 0.21484375 0.46351240544347894 0.0 0.0
1.3457943925233646 1.3084112149532707 -0.359375 0.5994789404140899 0.0 0.0
-0.5607476635514019 0.0 -0.07435766677311206 0.6189429162259021 0.0 0.0
1.4953271028037385 0.8598130841121492 0.3125 0.5590169943749475 0.0 0.0
-1.9813084112149535 0.03738317757009302 0.1015625 0.31868871959954903 0.0 0.0
1.6448598130841123 -0.485981308411215 -0.00390625 0.0625 0.0 0.0
-1.1962616822429908 -1.3084112149532712 0.21875 0.46770717334674267 0.0 0.0
-1.532710280373832 1.009345794392523 0.296875 0.5448623679425842 0.0 0.0
-0.5981308411214954 0.7476635514018692 -0.4335550262256557 0.8338075632010731 0.0 0.0
-0.33644859813084116 -0.7476635514018692 -0.45713045339819336 0.7553217240331346 0.0 0.0
0.14953271028037385 -1.1962616822429908 -0.00390625 0.0625 0.0 0.0
-0.7850467289719627 -0.14953271028037385 -0.12006071748774061 0.7301302520615628 0.0 0.0
-0.1869158878504673 0.7850467289719623 -0.2660390407433764 0.6441200055011123 0.0 0.0
-1.6074766355140189 0.22429906542056077 0.10691057345578125 0.4592793267718459 0.0 0.0
0.9345794392523361 -0.1869158878504673 0.5486348744996064 0.9840546219591739 0.0 0.0
0.14953271028037385 -1.2710280373831777 0.1328125 0.3644344934278313 0.0 0.0
1.5327102803738315 -1.046728971962617 0.2265625 0.4759858191164943 0.0 0.0
0.7850467289719623 -0.8598130841121496 0.02734375 0.16535945694153692 0.0 0.0
-0.44859813084112155 1.3084112149532707 -0.125 0.3535533905932738 0.0 0.0
-1.383177570093458 0.8971962616822431 0.09375 0.30618621784789724 0.0 0.0
0.03738317757009302 1.869158878504673 0.31640625 0.5625 0.0 0.0
0.6728971962616823 0.2990654205607477 0.7122746397939221 1.0600792562765504 0.0 0.0
-0.22429906542056077 -1.8317757009345796 0.18359375 0.42847841252506524 0.0 0.0
-0.5607476635514019 -0.22429906542056077 -0.32972976726495534 0.7851692712593321 0.0 0.0
-1.7943925233644862 0.18691588785046687 0.11328125 0.3365728004459065 0.0 0.0
-1.869158878504673 -0.4112149532710281 0.203125 0.45069390943299864 0.0 0.0
-1.6448598130841123 0.22429906542056077 0.08965918304627267 0.4192627457812106 0.0 0.0
-1.3457943925233646 0.41121495327102764 -0.03514792598896879 0.4800542698257537 0.0 0.0
-0.7476635514018692 -0.5607476635514019 0.0433283660037988 0.5590169943749475 0.0 0.0
1.1214953271028039 -1.2710280373831777 0.1875 0.4330127018922193 0.0 0.0
1.3457943925233646 1.1962616822429908 -0.2890625 0.5376453291901642 0.0 0.0
1.2710280373831777 0.22429906542056077 0.5647934464967534 0.9252834122545951 0.0 0.0
-0.07476635514018692 1.08411214953271 -0.23828125 0.4881406047441659 0.0 0.0
-1.6074766355140189 0.6355140186915884 0.33203125 0.5762215285808054 0.0 0.0
-0.9345794392523366 0.5233644859813085 -0.10408974799712928 0.6623052513714945 0.0 0.0
1.1214953271028039 1.6074766355140184 0.32421875 0.5694020986965187 0.0 0.0
