data_processed/toy_model/toy_hvcs/toy_1_0.7853981633974483_3.141592653589793_0.0.ecsv
# %ECSV 1.0
# ---
# datatype:
# - {name: x, datatype: float64}
# - {name: y, datatype: float64}
# - {name: RM, datatype: float64}
# - {name: RM_uncert, datatype: float64}
# - {name: interpolation_raw, datatype: float64}
# - {name: interpolation_unc, datatype: float64}
# schema: astropy-2.0
x y RM RM_uncert interpolation_raw interpolation_unc
-0.11214953271028039 0.18691588785046687 0.37431628614562856 0.6332269121659764 0.0 0.0
0.97196261682243 1.1962616822429908 0.8228364523413947 1.0630371135020589 0.0 0.0
-0.26168224299065423 -0.4112149532710281 -0.005154596536489753 0.5983021336022291 0.0 0.0
1.3084112149532707 -0.03738317757009346 -0.19921875 0.44633927678392815 0.0 0.0
-1.4953271028037385 -0.6728971962616823 0.03125 0.1767766952966369 0.0 0.0
1.2336448598130838 1.5327102803738315 0.02734375 0.16535945694153692 0.0 0.0
1.7943925233644862 0.03738317757009302 0.29296875 0.5412658773652742 0.0 0.0
0.5981308411214954 -0.33644859813084116 0.6222627161605261 0.8807811489360181 0.0 0.0
-1.4205607476635516 -1.2710280373831777 0.48046875 0.6931585316505886 0.0 0.0
-0.7850467289719627 0.2616822429906538 -0.5066306772171989 0.9215198611177069 0.0 0.0
1.4953271028037385 0.9345794392523361 0.0078125 0.08838834764831845 0.0 0.0
1.6448598130841123 -0.33644859813084116 0.45703125 0.676040864149498 0.0 0.0
1.9065420560747661 0.48598130841121456 0.5234375 0.7234898064243891 0.0 0.0
1.7943925233644862 -0.7850467289719627 0.37890625 0.6155536126122565 0.0 0.0
0.11214953271027994 1.2336448598130838 0.3671875 0.6059599821770412 0.0 0.0
-1.7943925233644862 -0.5607476635514019 -0.04296875 0.2072890493972125 0.0 0.0
1.6448598130841123 -1.1214953271028039 0.4375 0.6614378277661477 0.0 0.0
-0.11214953271028039 0.7850467289719623 0.957920067317765 1.2142626917745312 0.0 0.0
-0.485981308411215 -1.6074766355140189 0.33984375 0.582961190818051 0.0 0.0
1.4579439252336446 1.3084112149532707 0.484375 0.6959705453537527 0.0 0.0
1.4579439252336446 -0.22429906542056077 0.33203125 0.5762215285808054 0.0 0.0
0.2616822429906538 -0.5607476635514019 -0.2851890651158332 0.6702867895398703 0.0 0.0
-0.5607476635514019 0.9345794392523361 0.30078125 0.5484352742120077 0.0 0.0
-0.8971962616822431 -1.0841121495327104 -0.9971565139465672 1.3162804708317808 0.0 0.0
-1.7196261682242993 -0.11214953271028039 0.33984375 0.582961190818051 0.0 0.0
-0.14953271028037385 -1.383177570093458 0.43359375 0.6584783595532961 0.0 0.0
0.48598130841121456 -1.457943925233645 -0.11328125 0.3365728004459065 0.0 0.0
-1.1962616822429908 -1.3457943925233646 0.40625 0.6373774391990981 0.0 0.0
1.9065420560747661 -0.5233644859813085 0.44140625 0.6643841132959156 0.0 0.0
1.08411214953271 -0.14953271028037385 0.453125 0.673145600891813 0.0 0.0
-1.6448598130841123 0.97196261682243 0.51171875 0.7153451963912248 0.0 0.0
-1.2336448598130842 -0.8971962616822431 0.5107635817886884 0.7261843774138906 0.0 0.0
1.08411214953271 -0.9345794392523366 0.46484375 0.6817945071647321 0.0 0.0
-0.14953271028037385 -1.046728971962617 0.53125 0.7288689868556626 0.0 0.0
-1.2336448598130842 0.18691588785046687 0.48046875 0.6931585316505886 0.0 0.0
1.009345794392523 -0.22429906542056077 0.109375 0.33071891388307384 0.0 0.0
-0.8224299065420562 1.4205607476635516 -0.0078125 0.08838834764831845 0.0 0.0
-1.7570093457943927 0.6355140186915884 -0.11328125 0.3365728004459065 0.0 0.0
0.8598130841121492 1.6822429906542054 0.43359375 0.6584783595532961 0.0 0.0
-0.5981308411214954 -1.2710280373831777 0.11328125 0.3365728004459065 0.0 0.0
-0.485981308411215 -0.9345794392523366 -0.6889621174035829 1.2099015393027508 0.0 0.0
0.6355140186915884 1.4953271028037385 0.5078125 0.7126096406869612 0.0 0.0
-0.03738317757009346 -0.44859813084112155 -0.006153146670286519 0.5044737786452067 0.0 0.0
1.1962616822429908 1.2710280373831777 0.2904040190878571 0.7646661285657383 0.0 0.0
1.4579439252336446 -1.3457943925233646 0.3984375 0.6312190586476298 0.0 0.0
1.1962616822429908 0.8971962616822431 0.6688302621826299 0.9216177485081652 0.0 0.0
0.14953271028037385 -0.97196261682243 0.15234375 0.3903123748998999 0.0 0.0
-1.457943925233645 0.5981308411214954 0.421875 0.649519052838329 0.0 0.0
0.97196261682243 -0.3738317757009346 0.46484375 0.6817945071647321 0.0 0.0
0.8971962616822431 0.8971962616822431 1.455195961779089 1.6322678008091007 0.0 0.0
-0.8224299065420562 -0.97196261682243 -0.4855808554277208 1.2273214578322347 0.0 0.0
0.14953271028037385 0.11214953271027994 0.03573058545452272 0.3660070640152256 0.0 0.0
1.869158878504673 0.0 0.453125 0.673145600891813 0.0 0.0
1.6822429906542054 0.8971962616822431 0.41015625 0.6404344228724749 0.0 0.0
0.5981308411214954 1.7196261682242993 -0.1171875 0.3423265984407288 0.0 0.0
0.44859813084112155 0.5607476635514015 0.6254310889038343 1.1477231494605606 0.0 0.0
1.869158878504673 0.3738317757009346 0.4296875 0.6555055301063447 0.0 0.0
0.41121495327102764 0.5233644859813085 0.590495718069897 1.0921127167741405 0.0 0.0
-0.6728971962616823 -1.7196261682242993 0.4375 0.6614378277661477 0.0 0.0
0.3364485981308407 -0.07476635514018692 0.6439212696438996 0.8653207724813956 0.0 0.0
0.11214953271027994 -1.869158878504673 0.33203125 0.5762215285808054 0.0 0.0
-0.3738317757009346 -0.97196261682243 -0.3600605209342787 0.9129086985392117 0.0 0.0
1.3084112149532707 0.07476635514018692 0.0078125 0.08838834764831845 0.0 0.0
0.0 1.3084112149532707 0.30078125 0.5484352742120077 0.0 0.0
-0.26168224299065423 0.44859813084112155 0.5839912988262643 0.8125085215876376 0.0 0.0
0.8971962616822431 -1.0093457943925235 0.4296875 0.6555055301063447 0.0 0.0
0.14953271028037385 -0.33644859813084116 0.39724752930605695 0.6846531968814576 0.0 0.0
0.3738317757009346 -1.2336448598130842 0.390625 0.625 0.0 0.0
0.14953271028037385 0.18691588785046687 0.025574454528791313 0.39574949028088796 0.0 0.0
1.5327102803738315 1.009345794392523 -0.04296875 0.2072890493972125 0.0 0.0
0.48598130841121456 -0.7476635514018692 -0.027606996718737675 0.4425369966878197 0.0 0.0
0.5233644859813085 -0.4112149532710281 0.5642318399651577 0.7803412265991817 0.0 0.0
1.4579439252336446 -1.1214953271028039 -0.09375 0.30618621784789724 0.0 0.0
1.08411214953271 0.9345794392523361 1.1132529216653109 1.377817420172434 0.0 0.0
0.03738317757009302 0.0 0.4351087045359729 0.6695837580705984 0.0 0.0
0.41121495327102764 -1.7196261682242993 -0.05078125 0.22534695471649932 0.0 0.0
-1.7570093457943927 -0.44859813084112155 0.33984375 0.582961190818051 0.0 0.0
0.2990654205607477 1.6822429906542054 -0.02734375 0.16535945694153692 0.0 0.0
-0.33644859813084116 -0.6355140186915889 -0.8001967372417819 1.2495323022969689 0.0 0.0
-1.6074766355140189 0.9345794392523361 0.4609375 0.6789237807000135 0.0 0.0
1.3084112149532707 1.1962616822429908 0.059152036854711376 0.41119985859606367 0.0 0.0
-1.8317757009345796 0.44859813084112155 0.3828125 0.6187184335382291 0.0 0.0
1.7570093457943923 -0.1869158878504673 0.546875 0.739509972887452 0.0 0.0
-1.3457943925233646 1.3831775700934577 0.4921875 0.701560760020114 0.0 0.0
0.2990654205607477 -1.457943925233645 0.46484375 0.6817945071647321 0.0 0.0
