data_processed/toy_model/toy_hvcs/toy_0_0.0_0.0_0.0.ecsv
# %ECSV 1.0
# ---
# datatype:
# - {name: x, datatype: float64}
# - {name: y, datatype: float64}
# - {name: RM, datatype: float64}
# - {name: RM_uncert, datatype: float64}
# - {name: interpolation_raw, datatype: float64}
# - {name: interpolation_unc, datatype: float64}
# schema: astropy-2.0
x y RM RM_uncert interpolation_raw interpolation_unc
-0.5981308411214954 0.8598130841121492 0.4375 0.6614378277661477 0.0 0.0
-1.0093457943925235 -0.8598130841121496 0.38671875 0.6218671481916375 0.0 0.0
1.5700934579439254 -1.1588785046728973 0.28515625 0.5340002340823456 0.0 0.0
-0.8598130841121496 -0.7102803738317758 0.5 0.7071067811865476 0.0 0.0
0.3738317757009346 0.11214953271027994 0.5300069262409226 0.880259963011976 0.0 0.0
1.4579439252336446 0.3364485981308407 -0.0546875 0.23385358667337133 0.0 0.0
0.5981308411214954 -1.7943925233644862 0.15625 0.39528470752104744 0.0 0.0
1.6074766355140184 0.97196261682243 0.45703125 0.676040864149498 0.0 0.0
0.5233644859813085 1.4205607476635516 0.2734375 0.5229125165837972 0.0 0.0
1.046728971962617 1.3084112149532707 0.46875 0.6846531968814576 0.0 0.0
-1.0093457943925235 -1.457943925233645 0.21484375 0.46351240544347894 0.0 0.0
-0.8224299065420562 0.7476635514018692 0.4296875 0.6555055301063447 0.0 0.0
-1.0093457943925235 0.6355140186915884 0.08203125 0.28641098093474 0.0 0.0
0.7102803738317753 0.44859813084112155 1.181978895313014 1.389375413855459 0.0 0.0
-1.3457943925233646 1.009345794392523 0.50390625 0.7098635432250342 0.0 0.0
1.2710280373831777 -1.046728971962617 -0.15625 0.39528470752104744 0.0 0.0
0.22429906542056077 -1.5700934579439254 -0.28125 0.5303300858899106 0.0 0.0
-0.7476635514018692 0.22429906542056077 -0.880656296541529 1.3344826125068314 0.0 0.0
1.08411214953271 -0.26168224299065423 1.040958345809294 1.3678374141755985 0.0 0.0
-0.7476635514018692 0.14953271028037385 -0.6202929943211978 1.1999186383427818 0.0 0.0
0.6355140186915884 -1.383177570093458 -0.10546875 0.3247595264191645 0.0 0.0
-0.44859813084112155 -1.532710280373832 -0.01953125 0.13975424859373686 0.0 0.0
-0.33644859813084116 1.3457943925233646 0.30859375 0.5555121510822243 0.0 0.0
-1.869158878504673 0.03738317757009302 0.3470942435584051 0.6525191568069094 0.0 0.0
0.03738317757009302 1.5700934579439254 -0.07421875 0.2724311839712921 0.0 0.0
-1.4205607476635516 -0.26168224299065423 -0.08106861426712673 0.4122495949473492 0.0 0.0
-0.7850467289719627 0.11214953271027994 -0.9998556403932611 1.3620499369650594 0.0 0.0
-1.3084112149532712 1.1962616822429908 0.41796875 0.6465050270492876 0.0 0.0
-0.9345794392523366 1.4205607476635516 0.43359375 0.6584783595532961 0.0 0.0
-1.1962616822429908 0.97196261682243 0.25 0.5 0.0 0.0
-0.5981308411214954 -1.869158878504673 0.203125 0.45069390943299864 0.0 0.0
1.2336448598130838 1.1962616822429908 0.06640625 0.2576941016011038 0.0 0.0
0.14953271028037385 -1.6074766355140189 -0.26171875 0.5115845482420281 0.0 0.0
0.5981308411214954 1.4953271028037385 0.41796875 0.6465050270492876 0.0 0.0
1.3831775700934577 1.4205607476635516 0.484375 0.6959705453537527 0.0 0.0
-1.1214953271028039 0.3364485981308407 -0.05390808566427291 0.7251102821837143 0.0 0.0
0.6355140186915884 -0.5981308411214954 0.3089881476622148 0.8436387232248349 0.0 0.0
-0.44859813084112155 0.3364485981308407 0.11366892971353137 0.7261843774138906 0.0 0.0
0.2616822429906538 0.6355140186915884 0.0993151888091997 0.6086915291166778 0.0 0.0
0.5981308411214954 1.009345794392523 0.4140625 0.6434768838116876 0.0 0.0
-0.5981308411214954 1.1214953271028039 0.3359375 0.5796011559684815 0.0 0.0
1.2710280373831777 0.8224299065420562 0.4921875 0.701560760020114 0.0 0.0
-0.11214953271028039 -1.7570093457943927 0.34765625 0.5896238207535377 0.0 0.0
0.18691588785046687 0.7476635514018692 0.5401565558555186 0.8627720508402188 0.0 0.0
0.2990654205607477 0.07476635514018692 0.23524570678280216 0.6417925393502205 0.0 0.0
0.5981308411214954 0.8598130841121492 -0.09375 0.30618621784789724 0.0 0.0
0.18691588785046687 0.8971962616822431 0.5464389354625949 0.7674448650718759 0.0 0.0
-1.1962616822429908 -0.8971962616822431 0.5 0.7071067811865476 0.0 0.0
-0.8224299065420562 0.07476635514018692 -0.8315337575807765 1.3121209034085057 0.0 0.0
-0.97196261682243 0.7476635514018692 0.453125 0.673145600891813 0.0 0.0
0.18691588785046687 1.7570093457943923 -0.0234375 0.15309310892394862 0.0 0.0
-0.07476635514018692 -1.7943925233644862 0.48828125 0.6987712429686843 0.0 0.0
1.2336448598130838 -1.3457943925233646 0.1015625 0.31868871959954903 0.0 0.0
-0.3738317757009346 1.7943925233644862 0.43359375 0.6584783595532961 0.0 0.0
-0.5233644859813085 -0.6728971962616823 0.13411019384053502 0.673145600891813 0.0 0.0
-1.8317757009345796 -0.07476635514018692 0.43258139343740887 0.6702378309227255 0.0 0.0
0.8224299065420562 -1.3084112149532712 0.38671875 0.6218671481916375 0.0 0.0
0.7102803738317753 -1.383177570093458 0.31640625 0.5625 0.0 0.0
0.3364485981308407 -0.6355140186915889 0.2976889787013406 0.8579061471994948 0.0 0.0
-0.44859813084112155 -0.07476635514018692 -0.36828379606910183 0.8257603115542692 0.0 0.0
0.18691588785046687 1.8317757009345792 -0.296875 0.5448623679425842 0.0 0.0
-0.7850467289719627 -0.33644859813084116 -0.9357024534353895 1.352196789254722 0.0 0.0
1.5327102803738315 -0.7476635514018692 0.38671875 0.6218671481916375 0.0 0.0
1.1588785046728969 0.5981308411214954 0.4296875 0.6555055301063447 0.0 0.0
-0.4112149532710281 0.41121495327102764 0.10787913203684885 0.7098635432250342 0.0 0.0
-0.4112149532710281 0.0 0.18646555689503735 0.6702378309227255 0.0 0.0
0.5981308411214954 -0.22429906542056077 1.0094038959992995 1.268326275844902 0.0 0.0
-0.7102803738317758 -1.2710280373831777 -0.29296875 0.5412658773652742 0.0 0.0
-0.97196261682243 -0.26168224299065423 -0.42714163135062744 1.170430802184074 0.0 0.0
-0.485981308411215 1.4953271028037385 -0.20703125 0.4550068680800324 0.0 0.0
0.7476635514018692 1.2710280373831777 0.46484375 0.6817945071647321 0.0 0.0
-0.07476635514018692 -1.457943925233645 0.16796875 0.409839907768875 0.0 0.0
0.5607476635514015 1.4579439252336446 0.390625 0.625 0.0 0.0
0.14953271028037385 -0.97196261682243 0.15234375 0.3903123748998999 0.0 0.0
-0.33644859813084116 -0.8224299065420562 -0.08215110026956321 0.3426765246396759 0.0 0.0
0.0 -0.8971962616822431 0.2890625 0.5376453291901642 0.0 0.0
0.6355140186915884 -1.2710280373831777 0.4296875 0.6555055301063447 0.0 0.0
-1.6448598130841123 -0.7102803738317758 0.36328125 0.6027281725620597 0.0 0.0
1.3457943925233646 0.5607476635514015 0.49609375 0.7043392293490403 0.0 0.0
1.046728971962617 -1.1588785046728973 0.40625 0.6373774391990981 0.0 0.0
-0.8224299065420562 1.2336448598130838 -0.1796875 0.42389562394532926 0.0 0.0
-0.8598130841121496 0.14953271028037385 -0.8990023897756196 1.3895385131586815 0.0 0.0
0.7850467289719623 -1.457943925233645 0.3984375 0.6312190586476298 0.0 0.0
-1.383177570093458 -1.0093457943925235 0.515625 0.7180703308172536 0.0 0.0
0.2616822429906538 -1.1588785046728973 0.49609375 0.7043392293490403 0.0 0.0
-1.7570093457943927 -0.2990654205607477 -0.0390625 0.19764235376052372 0.0 0.0
1.4579439252336446 1.2710280373831777 0.54296875 0.7368641326594747 0.0 0.0
-0.14953271028037385 -1.5700934579439254 0.35546875 0.596212000885591 0.0 0.0
0.48598130841121456 -1.2336448598130842 0.359375 0.5994789404140899 0.0 0.0
-1.457943925233645 -1.0093457943925235 0.390625 0.625 0.0 0.0
-1.2710280373831777 1.3084112149532707 0.5390625 0.7342087577794206 0.0 0.0
-0.5607476635514019 1.8317757009345792 0.1953125 0.4419417382415922 0.0 0.0
1.6074766355140184 0.03738317757009302 1.0383171314246247 1.3149060851822267 0.0 0.0
1.046728971962617 -0.4112149532710281 0.7723449245258672 1.0316109242595943 0.0 0.0
1.5700934579439254 0.2990654205607477 -0.12890625 0.3590351654086268 0.0 0.0
0.3738317757009346 -0.11214953271028039 0.7682881762409227 1.006547988166409 0.0 0.0
0.9345794392523361 -0.33644859813084116 1.2746530088715846 1.4437666943599887 0.0 0.0
-0.7850467289719627 -0.22429906542056077 -0.6314602175833147 1.2629139658609487 0.0 0.0
-1.046728971962617 0.6728971962616823 -0.01171875 0.10825317547305482 0.0 0.0
-0.22429906542056077 -0.44859813084112155 -0.06471458189517576 0.46407614007870684 0.0 0.0
-1.3084112149532712 0.8971962616822431 -0.01171875 0.10825317547305482 0.0 0.0
1.4579439252336446 0.07476635514018692 1.3416222627702437 1.4775806325004694 0.0 0.0
0.8971962616822431 -1.1962616822429908 0.36328125 0.6027281725620597 0.0 0.0
-0.7476635514018692 -0.8598130841121496 0.3828125 0.6187184335382291 0.0 0.0
1.1588785046728969 -0.33644859813084116 0.4375071169973969 0.9035598950787899 0.0 0.0
1.7943925233644862 0.2616822429906538 0.25 0.5 0.0 0.0
1.6448598130841123 -0.07476635514018692 0.9435322548316323 1.1744156034655129 0.0 0.0
0.5233644859813085 -0.3738317757009346 1.1308947709768207 1.3095474569306915 0.0 0.0
-1.0093457943925235 1.6074766355140184 0.5 0.7071067811865476 0.0 0.0
0.3738317757009346 1.8317757009345792 0.08984375 0.29973947020704494 0.0 0.0
1.1962616822429908 -0.8598130841121496 0.0703125 0.2651650429449553 0.0 0.0
-0.97196261682243 -1.2710280373831777 0.45703125 0.676040864149498 0.0 0.0
0.5233644859813085 1.7943925233644862 -0.203125 0.45069390943299864 0.0 0.0
0.03738317757009302 1.4953271028037385 0.4296875 0.6555055301063447 0.0 0.0
-0.2990654205607477 0.07476635514018692 0.14756679321719784 0.5694020986965187 0.0 0.0
0.7476635514018692 1.046728971962617 0.44140625 0.6643841132959156 0.0 0.0
-0.5607476635514019 0.11214953271027994 -0.5570005661510171 1.0120066117877067 0.0 0.0
-0.485981308411215 -0.5233644859813085 -0.3591385517580553 1.0036630926342318 0.0 0.0
1.009345794392523 -0.97196261682243 0.41015625 0.6404344228724749 0.0 0.0
-0.6355140186915889 -0.1869158878504673 -0.21210640671510883 0.9219512261666654 0.0 0.0
-0.6728971962616823 1.3457943925233646 -0.28125 0.5303300858899106 0.0 0.0
0.5981308411214954 -0.4112149532710281 1.0633778810757275 1.3556154551167727 0.0 0.0
1.4953271028037385 -0.8224299065420562 0.0703125 0.2651650429449553 0.0 0.0
0.11214953271027994 1.981308411214953 0.01953125 0.13975424859373686 0.0 0.0
1.08411214953271 -0.5981308411214954 -0.0546875 0.23385358667337133 0.0 0.0
1.046728971962617 0.6728971962616823 0.2265625 0.4759858191164943 0.0 0.0
-0.14953271028037385 -1.7570093457943927 0.4296875 0.6555055301063447 0.0 0.0
0.8224299065420562 0.44859813084112155 1.0804209220746404 1.3067964050108496 0.0 0.0
0.2616822429906538 1.9065420560747661 -0.05859375 0.24206145913796356 0.0 0.0
-1.2710280373831777 -0.44859813084112155 0.37109375 0.6091746465505602 0.0 0.0
-1.6822429906542058 0.5607476635514015 0.22265625 0.47186465220442186 0.0 0.0
0.5233644859813085 -0.1869158878504673 0.8829893024500116 1.1542897621048291 0.0 0.0
1.9065420560747661 0.07476635514018692 0.296875 0.5448623679425842 0.0 0.0
1.3084112149532707 -1.1588785046728973 0.484375 0.6959705453537527 0.0 0.0
1.981308411214953 -0.03738317757009346 0.49609375 0.7043392293490403 0.0 0.0
1.2336448598130838 -0.03738317757009346 1.0940928172989768 1.5054270605372928 0.0 0.0
0.11214953271027994 0.5607476635514015 0.3532746958733667 0.6461322556154687 0.0 0.0
1.08411214953271 1.046728971962617 -0.04296875 0.2072890493972125 0.0 0.0
-0.6355140186915889 0.6355140186915884 -0.1702376149325196 0.6255049798882814 0.0 0.0
-1.7196261682242993 0.41121495327102764 0.04296875 0.2072890493972125 0.0 0.0
-0.44859813084112155 -1.383177570093458 0.4765625 0.6903350635742038 0.0 0.0
1.9065420560747661 0.22429906542056077 0.0546875 0.23385358667337133 0.0 0.0
-1.1962616822429908 -0.9345794392523366 0.43359375 0.6584783595532961 0.0 0.0
-0.7850467289719627 1.8317757009345792 0.46484375 0.6817945071647321 0.0 0.0
-0.14953271028037385 -1.2336448598130842 0.2734375 0.5229125165837972 0.0 0.0
1.5700934579439254 0.41121495327102764 0.3984375 0.6312190586476298 0.0 0.0
-0.1869158878504673 0.5981308411214954 0.31138531701802163 0.6702378309227255 0.0 0.0
-0.9345794392523366 -0.1869158878504673 -0.6361537006705085 1.2970981656532465 0.0 0.0
0.7476635514018692 -1.1588785046728973 0.484375 0.6959705453537527 0.0 0.0
-0.33644859813084116 0.8224299065420562 0.3201926497304368 0.596212000885591 0.0 0.0
1.4579439252336446 0.5233644859813085 0.515625 0.7180703308172536 0.0 0.0
0.11214953271027994 -0.8224299065420562 0.5413281646275907 0.8056442014035609 0.0 0.0
-0.97196261682243 0.8598130841121492 0.5 0.7071067811865476 0.0 0.0
1.1214953271028039 1.2336448598130838 0.51171875 0.7153451963912248 0.0 0.0
-1.4953271028037385 0.2616822429906538 0.3125 0.5590169943749475 0.0 0.0
1.046728971962617 0.8971962616822431 0.46484375 0.6817945071647321 0.0 0.0
