data_processed/toy_model/toy_hvcs/toy_5_0.7853981633974483_2.356194490192345_5.497787143782138.ecsv
# %ECSV 1.0
# ---
# datatype:
# - {name: x, datatype: float64}
# - {name: y, datatype: float64}
# - {name: RM, datatype: float64}
# - {name: RM_uncert, datatype: float64}
# - {name: interpolation_raw, datatype: float64}
# - {name: interpolation_unc, datatype: float64}
# schema: astropy-2.0
x y RM RM_uncert interpolation_raw interpolation_unc
-0.6728971962616823 -0.7850467289719627 -0.2046130874672194 0.8238673588232749 0.0 0.0
0.14953271028037385 -1.8317757009345796 0.05859375 0.24206145913796356 0.0 0.0
1.9065420560747661 0.41121495327102764 0.0078125 0.08838834764831845 0.0 0.0
1.5327102803738315 -0.8224299065420562 0.12109375 0.34798527267687634 0.0 0.0
-1.046728971962617 0.03738317757009302 -0.125 0.3535533905932738 0.0 0.0
0.6728971962616823 1.3831775700934577 0.2421875 0.4921254921257382 0.0 0.0
-0.97196261682243 -1.0841121495327104 -0.046875 0.21650635094610965 0.0 0.0
-1.4205607476635516 1.009345794392523 0.21484375 0.46351240544347894 0.0 0.0
0.18691588785046687 1.7196261682242993 -0.12983986448003654 0.3903123748998999 0.0 0.0
1.3831775700934577 1.1962616822429908 -0.28515625 0.5340002340823456 0.0 0.0
-1.1962616822429908 1.2336448598130838 0.21875 0.46770717334674267 0.0 0.0
-1.2710280373831777 1.2710280373831777 0.29296875 0.5412658773652742 0.0 0.0
0.7102803738317753 -1.457943925233645 -0.0546875 0.23385358667337133 0.0 0.0
1.2710280373831777 -0.3738317757009346 0.01953125 0.13975424859373686 0.0 0.0
1.6074766355140184 -0.6355140186915889 0.1328125 0.3644344934278313 0.0 0.0
0.6355140186915884 -1.1962616822429908 0.18359375 0.42847841252506524 0.0 0.0
0.44859813084112155 0.2990654205607477 0.49401229072149133 0.8050967838980495 0.0 0.0
-0.8598130841121496 -0.44859813084112155 -0.10029804413354254 0.6070954111728115 0.0 0.0
1.7196261682242993 0.5233644859813085 -0.01171875 0.10825317547305482 0.0 0.0
0.2990654205607477 -0.11214953271028039 0.14064930100797127 0.4759858191164943 0.0 0.0
1.009345794392523 0.97196261682243 0.203125 0.45069390943299864 0.0 0.0
0.97196261682243 0.5607476635514015 0.3645597817507361 0.6301494374364482 0.0 0.0
-0.33644859813084116 -1.6448598130841123 -0.44908198226110885 0.7678347573027791 0.0 0.0
-1.383177570093458 1.046728971962617 0.2734375 0.5229125165837972 0.0 0.0
-0.7102803738317758 1.8317757009345792 0.29296875 0.5412658773652742 0.0 0.0
0.3364485981308407 -0.7102803738317758 -0.5153164553605986 1.0622095653500758 0.0 0.0
-1.1214953271028039 -0.6355140186915889 0.27734375 0.5266343608235224 0.0 0.0
-0.3738317757009346 0.41121495327102764 0.2665237707394157 0.5320221249899588 0.0 0.0
0.7850467289719623 -0.5607476635514019 0.22510908274917046 0.5519850541454905 0.0 0.0
-1.7570093457943927 0.44859813084112155 -0.12109375 0.34798527267687634 0.0 0.0
-0.03738317757009346 0.0 0.21706295911766166 0.5519850541454905 0.0 0.0
-0.03738317757009346 1.3457943925233646 0.21382697744642953 0.4979623026825013 0.0 0.0
-1.457943925233645 -0.7850467289719627 0.32421875 0.5694020986965187 0.0 0.0
-0.6355140186915889 0.97196261682243 -0.3359375 0.5796011559684815 0.0 0.0
-0.485981308411215 -0.7476635514018692 -0.8471076151292936 1.2162941586057985 0.0 0.0
0.44859813084112155 -0.8224299065420562 -0.17275220707402683 0.8207493004249554 0.0 0.0
1.8317757009345792 0.22429906542056077 -0.29296875 0.5412658773652742 0.0 0.0
-0.03738317757009346 -0.5981308411214954 -0.2687304694847714 0.8491493914321219 0.0 0.0
-0.14953271028037385 1.046728971962617 -0.3481601954892608 0.6343057228182637 0.0 0.0
0.03738317757009302 -1.5700934579439254 0.08203125 0.28641098093474 0.0 0.0
1.3831775700934577 0.7476635514018692 0.296875 0.5448623679425842 0.0 0.0
-0.9345794392523366 -0.6728971962616823 0.1811418176029405 0.5077524002897476 0.0 0.0
-1.7196261682242993 0.6728971962616823 0.203125 0.45069390943299864 0.0 0.0
0.3364485981308407 -1.6822429906542058 -0.04296875 0.2072890493972125 0.0 0.0
0.07476635514018692 -0.8971962616822431 -0.28940199327008886 0.9685964002308587 0.0 0.0
1.3457943925233646 -0.5233644859813085 0.2890625 0.5376453291901642 0.0 0.0
-0.9345794392523366 0.5981308411214954 0.265625 0.5153882032022076 0.0 0.0
1.6822429906542054 -0.8224299065420562 0.18359375 0.42847841252506524 0.0 0.0
0.3738317757009346 -1.4205607476635516 0.26953125 0.5191639914323797 0.0 0.0
-0.6728971962616823 -0.14953271028037385 -0.47201495110215375 0.9895383530739511 0.0 0.0
0.2616822429906538 -1.7570093457943927 -0.24609375 0.49607837082461076 0.0 0.0
-0.33644859813084116 -1.532710280373832 -0.018806945209238257 0.4985492858469226 0.0 0.0
-0.97196261682243 -0.9345794392523366 0.2734375 0.5229125165837972 0.0 0.0
-0.26168224299065423 1.9065420560747661 0.09375 0.30618621784789724 0.0 0.0
0.7476635514018692 -1.0093457943925235 0.31640625 0.5625 0.0 0.0
-1.6448598130841123 -0.22429906542056077 0.0703125 0.2651650429449553 0.0 0.0
0.9345794392523361 0.8598130841121492 0.19140625 0.4375 0.0 0.0
-1.383177570093458 -0.7850467289719627 -0.140625 0.375 0.0 0.0
1.3831775700934577 -1.1588785046728973 0.15234375 0.3903123748998999 0.0 0.0
0.8224299065420562 0.6355140186915884 0.046875 0.21650635094610965 0.0 0.0
-0.2990654205607477 -1.4953271028037385 -0.1935434739022716 0.6820644748149131 0.0 0.0
-1.3457943925233646 1.4205607476635516 0.28125 0.5303300858899106 0.0 0.0
-0.5981308411214954 -1.4953271028037385 0.2421875 0.4921254921257382 0.0 0.0
0.3738317757009346 -1.6074766355140189 -0.296875 0.5448623679425842 0.0 0.0
0.8224299065420562 -1.4953271028037385 0.17578125 0.4192627457812106 0.0 0.0
-0.97196261682243 1.1962616822429908 0.21484375 0.46351240544347894 0.0 0.0
-0.3738317757009346 -0.8598130841121496 -0.797139370369435 1.200805975476001 0.0 0.0
-0.3738317757009346 -0.44859813084112155 -0.3932058815856734 0.9128454212906733 0.0 0.0
1.4579439252336446 -1.1214953271028039 -0.2890625 0.5376453291901642 0.0 0.0
0.9345794392523361 -0.5607476635514019 0.16796875 0.409839907768875 0.0 0.0
-0.7476635514018692 -0.11214953271028039 -0.23379020418279173 0.8832216077325008 0.0 0.0
-0.5607476635514019 -1.383177570093458 -0.21875 0.46770717334674267 0.0 0.0
0.5233644859813085 0.9345794392523361 -0.2096634891690634 0.6931585316505886 0.0 0.0
-1.9065420560747666 -0.11214953271028039 0.1796875 0.42389562394532926 0.0 0.0
0.5981308411214954 0.41121495327102764 0.5698706629620134 0.9494525137804559 0.0 0.0
1.4579439252336446 -0.4112149532710281 0.02734375 0.16535945694153692 0.0 0.0
-0.8971962616822431 -0.8224299065420562 0.0234375 0.15309310892394862 0.0 0.0
1.7570093457943923 0.2990654205607477 0.296875 0.5448623679425842 0.0 0.0
0.7102803738317753 -0.7476635514018692 0.20993087614158307 0.5625 0.0 0.0
1.1214953271028039 0.0 -0.07421875 0.2724311839712921 0.0 0.0
0.97196261682243 1.7196261682242993 0.18359375 0.42847841252506524 0.0 0.0
-1.8317757009345796 0.7476635514018692 -0.09765625 0.3125 0.0 0.0
1.6822429906542054 -0.6355140186915889 0.16015625 0.40019526483955303 0.0 0.0
-0.5607476635514019 -1.046728971962617 -0.8664591852921435 1.151810909213959 0.0 0.0
-1.1962616822429908 -0.2990654205607477 0.30078125 0.5484352742120077 0.0 0.0
0.18691588785046687 1.4579439252336446 0.3073553644718821 0.607138352390758 0.0 0.0
-0.7476635514018692 -1.6074766355140189 -0.26171875 0.5115845482420281 0.0 0.0
0.0 -1.3457943925233646 -0.20647246539321817 0.7748838176052177 0.0 0.0
1.1962616822429908 -0.22429906542056077 0.35546875 0.596212000885591 0.0 0.0
0.7850467289719623 1.5700934579439254 0.296875 0.5448623679425842 0.0 0.0
0.7850467289719623 1.2710280373831777 0.2578125 0.5077524002897476 0.0 0.0
-0.7102803738317758 -0.8598130841121496 -0.08379925065851596 0.684382752059863 0.0 0.0
-1.5700934579439254 1.1588785046728969 0.19921875 0.44633927678392815 0.0 0.0
0.11214953271027994 0.8971962616822431 0.3587222256436854 0.689388824457846 0.0 0.0
0.11214953271027994 -1.7943925233644862 -0.0703125 0.2651650429449553 0.0 0.0
-0.26168224299065423 0.7476635514018692 0.3175579941079234 0.6142503465329481 0.0 0.0
1.2710280373831777 1.046728971962617 0.02734375 0.16535945694153692 0.0 0.0
0.18691588785046687 -1.0093457943925235 -0.5155018366200326 1.0475733498137805 0.0 0.0
0.0 -0.26168224299065423 0.150596342183491 0.5929270612815711 0.0 0.0
-1.6448598130841123 -0.11214953271028039 0.2890625 0.5376453291901642 0.0 0.0
0.5233644859813085 1.4205607476635516 0.19748360403622295 0.5628873848936801 0.0 0.0
0.0 -1.869158878504673 0.265625 0.5153882032022076 0.0 0.0
1.7196261682242993 0.9345794392523361 0.25390625 0.5038911092686593 0.0 0.0
-0.33644859813084116 -0.7850467289719627 -0.9984755161366011 1.2796780971295876 0.0 0.0
1.1962616822429908 -0.485981308411215 0.28125 0.5303300858899106 0.0 0.0
-1.4205607476635516 1.1214953271028039 0.27734375 0.5266343608235224 0.0 0.0
-0.97196261682243 1.5327102803738315 -0.02734375 0.16535945694153692 0.0 0.0
0.2616822429906538 -1.383177570093458 0.265625 0.5153882032022076 0.0 0.0
1.869158878504673 -0.1869158878504673 0.3203125 0.5659615711335886 0.0 0.0
-0.485981308411215 1.7570093457943923 0.1015625 0.31868871959954903 0.0 0.0
0.6355140186915884 -0.22429906542056077 0.07415077035396231 0.4759858191164943 0.0 0.0
0.44859813084112155 -0.3738317757009346 -0.04841870974217549 0.5955249108848016 0.0 0.0
0.5607476635514015 -1.1214953271028039 0.19921875 0.44633927678392815 0.0 0.0
1.7196261682242993 0.8971962616822431 0.10546875 0.3247595264191645 0.0 0.0
-0.11214953271028039 -1.3084112149532712 -0.15083251666126446 0.7761741320879799 0.0 0.0
0.48598130841121456 0.48598130841121456 0.08626678514812494 0.5767927013201969 0.0 0.0
-0.485981308411215 -0.5233644859813085 -0.49366948473669614 1.039754283219546 0.0 0.0
-0.5981308411214954 0.5233644859813085 -0.18371960020441086 0.4883983521766036 0.0 0.0
-1.0093457943925235 -0.1869158878504673 -0.0017925170782600343 0.17586581292712938 0.0 0.0
-1.046728971962617 -1.0093457943925235 0.09765625 0.3125 0.0 0.0
-0.14953271028037385 0.03738317757009302 0.17493932966293457 0.5115845482420281 0.0 0.0
0.7102803738317753 0.11214953271027994 0.5410204855899152 0.890493386376244 0.0 0.0
-0.4112149532710281 1.046728971962617 0.2734375 0.5229125165837972 0.0 0.0
-0.97196261682243 0.2616822429906538 -0.125 0.3535533905932738 0.0 0.0
-1.9065420560747666 -0.07476635514018692 0.14453125 0.3801726581436387 0.0 0.0
1.4953271028037385 -0.14953271028037385 0.234375 0.4841229182759271 0.0 0.0
-0.8224299065420562 0.5607476635514015 -0.05148100996791656 0.3970510293851826 0.0 0.0
0.6355140186915884 1.1962616822429908 0.22265625 0.47186465220442186 0.0 0.0
0.14953271028037385 1.3084112149532707 -0.11136592306008115 0.4330127018922193 0.0 0.0
-0.07476635514018692 -0.8598130841121496 -0.5138339619185919 1.0718030014126587 0.0 0.0
-0.14953271028037385 -1.1214953271028039 -0.37269258908333347 0.9799127145652652 0.0 0.0
-0.4112149532710281 1.6822429906542054 0.2109375 0.4592793267718459 0.0 0.0
1.1588785046728969 -1.2710280373831777 0.19921875 0.44633927678392815 0.0 0.0
-0.03738317757009346 -1.4205607476635516 -0.053593400096525634 0.6232469816959014 0.0 0.0
-0.22429906542056077 -1.869158878504673 0.2265625 0.4759858191164943 0.0 0.0
-0.2990654205607477 0.5607476635514015 0.1848107005907756 0.4825998872581211 0.0 0.0
0.18691588785046687 -0.97196261682243 -0.3873902733146829 0.9947986211436795 0.0 0.0
1.3457943925233646 1.3084112149532707 -0.359375 0.5994789404140899 0.0 0.0
-0.5607476635514019 0.0 0.009123888637167815 0.4841229182759271 0.0 0.0
1.4953271028037385 0.8598130841121492 0.3125 0.5590169943749475 0.0 0.0
-1.9813084112149535 0.03738317757009302 0.1015625 0.31868871959954903 0.0 0.0
1.6448598130841123 -0.485981308411215 -0.00390625 0.0625 0.0 0.0
-1.1962616822429908 -1.3084112149532712 0.21875 0.46770717334674267 0.0 0.0
-1.532710280373832 1.009345794392523 0.296875 0.5448623679425842 0.0 0.0
-0.5981308411214954 0.7476635514018692 -0.2094407225102456 0.4969974295914328 0.0 0.0
-0.33644859813084116 -0.7476635514018692 -0.9694392518243755 1.2629839680885704 0.0 0.0
0.14953271028037385 -1.1962616822429908 -0.4635410441200971 0.9608203985346034 0.0 0.0
-0.7850467289719627 -0.14953271028037385 -0.23023282988651605 0.8680059963923246 0.0 0.0
-0.1869158878504673 0.7850467289719623 -0.043411240945313304 0.3423265984407288 0.0 0.0
-1.6074766355140189 0.22429906542056077 0.2109375 0.4592793267718459 0.0 0.0
0.9345794392523361 -0.1869158878504673 0.1278904609304981 0.3590351654086268 0.0 0.0
0.14953271028037385 -1.2710280373831777 -0.25655261669404905 0.8036900729684908 0.0 0.0
1.5327102803738315 -1.046728971962617 0.2265625 0.4759858191164943 0.0 0.0
0.7850467289719623 -0.8598130841121496 0.02734375 0.16535945694153692 0.0 0.0
-0.44859813084112155 1.3084112149532707 -0.125 0.3535533905932738 0.0 0.0
-1.383177570093458 0.8971962616822431 0.09375 0.30618621784789724 0.0 0.0
0.03738317757009302 1.869158878504673 0.31640625 0.5625 0.0 0.0
0.6728971962616823 0.2990654205607477 0.6587598418851708 1.0083344850645253 0.0 0.0
-0.22429906542056077 -1.8317757009345796 0.14903568978820286 0.42847841252506524 0.0 0.0
-0.5607476635514019 -0.22429906542056077 -0.46663897123024506 0.9435619706518964 0.0 0.0
-1.7943925233644862 0.18691588785046687 0.11328125 0.3365728004459065 0.0 0.0
-1.869158878504673 -0.4112149532710281 0.203125 0.45069390943299864 0.0 0.0
-1.6448598130841123 0.22429906542056077 0.17578125 0.4192627457812106 0.0 0.0
-1.3457943925233646 0.41121495327102764 0.16015625 0.40019526483955303 0.0 0.0
-0.7476635514018692 -0.5607476635514019 -0.14562136940210918 0.7770088408790587 0.0 0.0
1.1214953271028039 -1.2710280373831777 0.1875 0.4330127018922193 0.0 0.0
1.3457943925233646 1.1962616822429908 -0.2890625 0.5376453291901642 0.0 0.0
1.2710280373831777 0.22429906542056077 0.2734375 0.5229125165837972 0.0 0.0
-0.07476635514018692 1.08411214953271 -0.17377407253372995 0.4881406047441659 0.0 0.0
-1.6074766355140189 0.6355140186915884 0.33203125 0.5762215285808054 0.0 0.0
-0.9345794392523366 0.5233644859813085 0.23046875 0.480071609241788 0.0 0.0
1.1214953271028039 1.6074766355140184 0.32421875 0.5694020986965187 0.0 0.0
