data_processed/toy_model/toy_hvcs/toy_4_1.5707963267948966_3.9269908169872414_0.0.ecsv
# %ECSV 1.0
# ---
# datatype:
# - {name: x, datatype: float64}
# - {name: y, datatype: float64}
# - {name: RM, datatype: float64}
# - {name: RM_uncert, datatype: float64}
# - {name: interpolation_raw, datatype: float64}
# - {name: interpolation_unc, datatype: float64}
# schema: astropy-2.0
x y RM RM_uncert interpolation_raw interpolation_unc
0.6355140186915884 0.5233644859813085 0.25564557127419435 0.8170319103611491 0.0 0.0
1.3831775700934577 0.5607476635514015 0.265625 0.5153882032022076 0.0 0.0
1.3084112149532707 0.44859813084112155 0.2421875 0.4921254921257382 0.0 0.0
1.1962616822429908 -0.33644859813084116 -0.3671875 0.6059599821770412 0.0 0.0
0.48598130841121456 1.9065420560747661 0.13671875 0.369754986443726 0.0 0.0
-0.22429906542056077 0.8971962616822431 1.2053219326892224 1.5014639074511398 0.0 0.0
-0.7850467289719627 0.2990654205607477 -0.00235556473375248 0.5077524002897476 0.0 0.0
-0.7476635514018692 0.7850467289719623 0.27734375 0.5266343608235224 0.0 0.0
-1.6074766355140189 -0.07476635514018692 0.26171875 0.5115845482420281 0.0 0.0
-0.8224299065420562 1.4579439252336446 -0.40625 0.6373774391990981 0.0 0.0
-1.3457943925233646 -0.7102803738317758 -0.125 0.3535533905932738 0.0 0.0
0.7102803738317753 1.5327102803738315 0.2890625 0.5376453291901642 0.0 0.0
1.1214953271028039 -0.4112149532710281 0.19140625 0.4375 0.0 0.0
-0.3738317757009346 -1.3084112149532712 0.27734375 0.5266343608235224 0.0 0.0
-1.9813084112149535 -0.26168224299065423 0.15625 0.39528470752104744 0.0 0.0
-1.7196261682242993 -0.33644859813084116 0.00390625 0.0625 0.0 0.0
0.2616822429906538 -0.6355140186915889 -0.22501099249930012 0.7479284624872892 0.0 0.0
-1.3457943925233646 -0.5233644859813085 0.20703125 0.4550068680800324 0.0 0.0
-1.7570093457943927 -0.6728971962616823 -0.1796875 0.42389562394532926 0.0 0.0
-1.457943925233645 -0.3738317757009346 0.20703125 0.4550068680800324 0.0 0.0
-0.6355140186915889 1.5327102803738315 -0.28125 0.5303300858899106 0.0 0.0
0.8971962616822431 -1.457943925233645 0.29296875 0.5412658773652742 0.0 0.0
0.22429906542056077 0.41121495327102764 0.7929156294547954 1.1725586377275938 0.0 0.0
-1.5700934579439254 -0.4112149532710281 -0.0078125 0.08838834764831845 0.0 0.0
-0.5233644859813085 0.97196261682243 0.27734375 0.5266343608235224 0.0 0.0
1.08411214953271 1.5327102803738315 0.2578125 0.5077524002897476 0.0 0.0
-0.485981308411215 1.3457943925233646 -0.1484375 0.385275875185561 0.0 0.0
0.41121495327102764 -1.6822429906542058 -0.40234375 0.6343057228182637 0.0 0.0
1.4579439252336446 -0.22429906542056077 0.13671875 0.369754986443726 0.0 0.0
0.5981308411214954 1.3457943925233646 0.171875 0.414578098794425 0.0 0.0
-1.6822429906542058 -0.6728971962616823 0.2734375 0.5229125165837972 0.0 0.0
0.2990654205607477 1.7570093457943923 -0.171875 0.414578098794425 0.0 0.0
0.6355140186915884 -1.457943925233645 -0.2578125 0.5077524002897476 0.0 0.0
-0.6355140186915889 0.7476635514018692 -0.15625 0.39528470752104744 0.0 0.0
1.3457943925233646 -0.7476635514018692 -0.21875 0.46770717334674267 0.0 0.0
0.2990654205607477 0.6728971962616823 1.0336832770089943 1.3978860125267685 0.0 0.0
0.3738317757009346 1.5700934579439254 -0.4609375 0.6789237807000135 0.0 0.0
1.8317757009345792 0.18691588785046687 -0.3046875 0.5519850541454905 0.0 0.0
-0.5981308411214954 1.4579439252336446 -0.38671875 0.6218671481916375 0.0 0.0
1.009345794392523 -0.44859813084112155 0.140625 0.375 0.0 0.0
0.48598130841121456 -1.869158878504673 0.07421875 0.2724311839712921 0.0 0.0
0.3738317757009346 0.5233644859813085 0.4186775449713045 1.0723129626851524 0.0 0.0
0.11214953271027994 1.6074766355140184 -0.07479520992872357 0.625 0.0 0.0
0.8598130841121492 0.97196261682243 -0.2265625 0.4759858191164943 0.0 0.0
-0.5233644859813085 0.22429906542056077 0.3986831071426396 0.8617880912876896 0.0 0.0
1.2710280373831777 -0.3738317757009346 0.01953125 0.13975424859373686 0.0 0.0
-1.4953271028037385 0.14953271028037385 -0.3046875 0.5519850541454905 0.0 0.0
0.8598130841121492 -0.11214953271028039 0.29623604145815885 0.596212000885591 0.0 0.0
-1.9065420560747666 0.3738317757009346 0.3515625 0.5929270612815711 0.0 0.0
1.4953271028037385 -0.22429906542056077 0.21875 0.46770717334674267 0.0 0.0
-1.1214953271028039 1.6074766355140184 0.19921875 0.44633927678392815 0.0 0.0
1.046728971962617 -1.4205607476635516 0.13671875 0.369754986443726 0.0 0.0
1.3084112149532707 0.18691588785046687 0.14453125 0.3801726581436387 0.0 0.0
-1.046728971962617 1.6074766355140184 0.2578125 0.5077524002897476 0.0 0.0
-0.5607476635514019 0.14953271028037385 -0.048827345196613636 0.5555121510822243 0.0 0.0
-1.6448598130841123 -0.7476635514018692 0.078125 0.2795084971874737 0.0 0.0
-0.5981308411214954 -1.046728971962617 -0.3203125 0.5659615711335886 0.0 0.0
-0.11214953271028039 -1.5700934579439254 -0.16189760812727294 0.6277799903266637 0.0 0.0
0.07476635514018692 -1.8317757009345796 0.1910275990096275 0.5153882032022076 0.0 0.0
-1.2336448598130842 1.1588785046728969 0.3203125 0.5659615711335886 0.0 0.0
1.2336448598130838 -0.8971962616822431 -0.17578125 0.4192627457812106 0.0 0.0
-1.532710280373832 -0.44859813084112155 0.14453125 0.3801726581436387 0.0 0.0
1.7943925233644862 -0.5233644859813085 0.0546875 0.23385358667337133 0.0 0.0
-0.5981308411214954 -0.11214953271028039 0.27227154393369146 0.5318123145127263 0.0 0.0
0.14953271028037385 1.4953271028037385 0.3278483315852768 0.8589108877936952 0.0 0.0
-0.1869158878504673 0.6355140186915884 1.17285463252554 1.4327388160621182 0.0 0.0
-1.1962616822429908 0.2616822429906538 0.16796875 0.409839907768875 0.0 0.0
-1.1588785046728973 0.7476635514018692 -0.0703125 0.2651650429449553 0.0 0.0
0.8971962616822431 1.08411214953271 0.20703125 0.4550068680800324 0.0 0.0
-1.3457943925233646 1.2336448598130838 -0.296875 0.5448623679425842 0.0 0.0
-0.6728971962616823 -0.8971962616822431 0.125 0.3535533905932738 0.0 0.0
0.7476635514018692 -1.0093457943925235 0.31640625 0.5625 0.0 0.0
-0.9345794392523366 1.08411214953271 0.296875 0.5448623679425842 0.0 0.0
-0.8598130841121496 -0.9345794392523366 0.265625 0.5153882032022076 0.0 0.0
1.046728971962617 0.2990654205607477 0.30078125 0.5484352742120077 0.0 0.0
-1.5700934579439254 1.08411214953271 0.30078125 0.5484352742120077 0.0 0.0
-1.383177570093458 0.6355140186915884 0.02734375 0.16535945694153692 0.0 0.0
-0.97196261682243 0.7102803738317753 0.08984375 0.29973947020704494 0.0 0.0
0.2990654205607477 0.6355140186915884 0.6414643658717857 1.2333734153708564 0.0 0.0
1.5327102803738315 0.97196261682243 -0.05859375 0.24206145913796356 0.0 0.0
1.08411214953271 -0.8224299065420562 0.33984375 0.582961190818051 0.0 0.0
1.5327102803738315 0.8971962616822431 0.09765625 0.3125 0.0 0.0
0.6355140186915884 -0.11214953271028039 0.23221971002514655 0.4837051478434906 0.0 0.0
-1.1962616822429908 1.009345794392523 0.2734375 0.5229125165837972 0.0 0.0
1.7943925233644862 -0.6355140186915889 -0.26171875 0.5115845482420281 0.0 0.0
-1.6074766355140189 -1.1588785046728973 0.1875 0.4330127018922193 0.0 0.0
-0.4112149532710281 0.3364485981308407 0.715452539278489 1.09564425273762 0.0 0.0
0.07476635514018692 -0.97196261682243 -0.5336222452421651 0.9886357976951523 0.0 0.0
0.2616822429906538 0.7476635514018692 1.2631561937203077 1.50225867860386 0.0 0.0
0.7850467289719623 1.4205607476635516 0.3203125 0.5659615711335886 0.0 0.0
1.4953271028037385 -0.1869158878504673 0.3203125 0.5659615711335886 0.0 0.0
1.3831775700934577 -0.8224299065420562 0.06640625 0.2576941016011038 0.0 0.0
-1.532710280373832 1.2710280373831777 -0.0390625 0.19764235376052372 0.0 0.0
-0.26168224299065423 -1.046728971962617 -0.43351887097463043 0.8659389366169308 0.0 0.0
-0.485981308411215 0.2990654205607477 0.7507617699410435 1.0886309245479329 0.0 0.0
-0.7476635514018692 0.18691588785046687 0.4293632104210414 0.8358051033836075 0.0 0.0
-0.7850467289719627 1.046728971962617 -0.26171875 0.5115845482420281 0.0 0.0
1.5327102803738315 -0.8598130841121496 0.109375 0.33071891388307384 0.0 0.0
1.08411214953271 0.07476635514018692 0.296875 0.5448623679425842 0.0 0.0
1.6448598130841123 0.8598130841121492 0.140625 0.375 0.0 0.0
0.48598130841121456 1.4953271028037385 -0.0859375 0.29315098498896436 0.0 0.0
-0.8224299065420562 -0.8971962616822431 0.30859375 0.5555121510822243 0.0 0.0
1.6822429906542054 0.5607476635514015 -0.1171875 0.3423265984407288 0.0 0.0
-0.03738317757009346 -0.07476635514018692 0.2751325396305604 0.6151341961402575 0.0 0.0
1.7570093457943923 0.07476635514018692 0.1640625 0.4050462936504913 0.0 0.0
1.4579439252336446 -0.6355140186915889 0.1015625 0.31868871959954903 0.0 0.0
-1.4205607476635516 -1.3084112149532712 0.26171875 0.5115845482420281 0.0 0.0
0.5981308411214954 1.7196261682242993 -0.3125 0.5590169943749475 0.0 0.0
-0.03738317757009346 1.4953271028037385 1.1968249963969675 1.4480245138788 0.0 0.0
1.1962616822429908 -1.2710280373831777 0.09765625 0.3125 0.0 0.0
-0.07476635514018692 -0.26168224299065423 0.2265503789545551 0.5303300858899106 0.0 0.0
1.8317757009345792 0.3364485981308407 0.02734375 0.16535945694153692 0.0 0.0
-0.9345794392523366 1.5327102803738315 0.15625 0.39528470752104744 0.0 0.0
-0.14953271028037385 -0.485981308411215 0.02258608591970479 0.5153882032022076 0.0 0.0
1.5327102803738315 -1.2710280373831777 0.03125 0.1767766952966369 0.0 0.0
-0.3738317757009346 -1.0841121495327104 -0.028731809940807096 0.5066383028173198 0.0 0.0
0.18691588785046687 -0.33644859813084116 0.10173789070880175 0.4759858191164943 0.0 0.0
0.3364485981308407 1.08411214953271 0.21051980810452875 0.8496004156125734 0.0 0.0
-0.97196261682243 -0.3738317757009346 -0.015625 0.125 0.0 0.0
-1.2710280373831777 0.5233644859813085 0.22265625 0.47186465220442186 0.0 0.0
-0.44859813084112155 1.3084112149532707 -0.125 0.3535533905932738 0.0 0.0
-1.532710280373832 -0.26168224299065423 -0.140625 0.375 0.0 0.0
1.2336448598130838 0.03738317757009302 -0.3984375 0.6312190586476298 0.0 0.0
-0.4112149532710281 -1.6822429906542058 -0.0703125 0.2651650429449553 0.0 0.0
-1.1962616822429908 1.1962616822429908 0.23046875 0.480071609241788 0.0 0.0
-0.33644859813084116 1.8317757009345792 0.2734375 0.5229125165837972 0.0 0.0
-0.44859813084112155 1.6448598130841123 -0.015625 0.125 0.0 0.0
-0.07476635514018692 -0.1869158878504673 0.2423685249665697 0.5003619189478146 0.0 0.0
0.3364485981308407 0.7850467289719623 0.7290340070494776 1.2736288761248133 0.0 0.0
0.14953271028037385 -1.6448598130841123 -0.6308992810413813 0.8772747928002733 0.0 0.0
0.9345794392523361 0.11214953271027994 0.366534378472973 0.6363519128170717 0.0 0.0
-0.8598130841121496 1.4205607476635516 -0.078125 0.2795084971874737 0.0 0.0
0.7102803738317753 0.48598130841121456 0.2106115289824781 0.6368658084439422 0.0 0.0
0.8971962616822431 1.7196261682242993 0.203125 0.45069390943299864 0.0 0.0
1.1588785046728969 -1.2336448598130842 0.15625 0.39528470752104744 0.0 0.0
1.6074766355140184 0.2616822429906538 0.15234375 0.3903123748998999 0.0 0.0
-0.8598130841121496 1.4579439252336446 -0.33203125 0.5762215285808054 0.0 0.0
-0.8971962616822431 1.046728971962617 0.3046875 0.5519850541454905 0.0 0.0
-0.9345794392523366 0.6728971962616823 0.265625 0.5153882032022076 0.0 0.0
0.11214953271027994 -0.8224299065420562 -0.1781723037153768 0.7711198722836505 0.0 0.0
-0.97196261682243 -1.532710280373832 0.1640625 0.4050462936504913 0.0 0.0
0.2990654205607477 -0.2990654205607477 -0.08621675715280261 0.4381378371079188 0.0 0.0
-0.11214953271028039 -0.6355140186915889 -0.13150669366778667 0.6884409105621 0.0 0.0
0.41121495327102764 1.1588785046728969 -0.1429942460049005 0.40019526483955303 0.0 0.0
0.7850467289719623 -0.26168224299065423 0.19843481145285913 0.5625 0.0 0.0
