data_processed/toy_model/toy_hvcs/toy_5_4.71238898038469_2.356194490192345_0.7853981633974483.ecsv
# %ECSV 1.0
# ---
# datatype:
# - {name: x, datatype: float64}
# - {name: y, datatype: float64}
# - {name: RM, datatype: float64}
# - {name: RM_uncert, datatype: float64}
# - {name: interpolation_raw, datatype: float64}
# - {name: interpolation_unc, datatype: float64}
# schema: astropy-2.0
x y RM RM_uncert interpolation_raw interpolation_unc
-0.6728971962616823 -0.7850467289719627 0.36807422736361317 0.6830938476719186 0.0 0.0
0.14953271028037385 -1.8317757009345796 0.05859375 0.24206145913796356 0.0 0.0
1.9065420560747661 0.41121495327102764 0.0078125 0.08838834764831845 0.0 0.0
1.5327102803738315 -0.8224299065420562 0.12109375 0.34798527267687634 0.0 0.0
-1.046728971962617 0.03738317757009302 -0.19814604428966653 0.5208570711618813 0.0 0.0
0.6728971962616823 1.3831775700934577 0.02740448571148915 0.4921254921257382 0.0 0.0
-0.97196261682243 -1.0841121495327104 -0.0058777678571622985 0.21650635094610965 0.0 0.0
-1.4205607476635516 1.009345794392523 0.21484375 0.46351240544347894 0.0 0.0
0.18691588785046687 1.7196261682242993 -0.15234375 0.3903123748998999 0.0 0.0
1.3831775700934577 1.1962616822429908 -0.28515625 0.5340002340823456 0.0 0.0
-1.1962616822429908 1.2336448598130838 0.21875 0.46770717334674267 0.0 0.0
-1.2710280373831777 1.2710280373831777 0.29296875 0.5412658773652742 0.0 0.0
0.7102803738317753 -1.457943925233645 -0.0546875 0.23385358667337133 0.0 0.0
1.2710280373831777 -0.3738317757009346 0.01953125 0.13975424859373686 0.0 0.0
1.6074766355140184 -0.6355140186915889 0.1328125 0.3644344934278313 0.0 0.0
0.6355140186915884 -1.1962616822429908 0.18359375 0.42847841252506524 0.0 0.0
0.44859813084112155 0.2990654205607477 -0.04825566509561985 0.6605717827694729 0.0 0.0
-0.8598130841121496 -0.44859813084112155 0.20443732619734373 0.49082166047831205 0.0 0.0
1.7196261682242993 0.5233644859813085 -0.01171875 0.10825317547305482 0.0 0.0
0.2990654205607477 -0.11214953271028039 0.13043021589263043 0.4759858191164943 0.0 0.0
1.009345794392523 0.97196261682243 -0.1276779279212129 0.6771121442142548 0.0 0.0
0.97196261682243 0.5607476635514015 -0.11976683374138425 0.7560191250773809 0.0 0.0
-0.33644859813084116 -1.6448598130841123 -0.30859375 0.5555121510822243 0.0 0.0
-1.383177570093458 1.046728971962617 0.2734375 0.5229125165837972 0.0 0.0
-0.7102803738317758 1.8317757009345792 0.29296875 0.5412658773652742 0.0 0.0
0.3364485981308407 -0.7102803738317758 0.48834082485752006 0.937563544361149 0.0 0.0
-1.1214953271028039 -0.6355140186915889 0.27734375 0.5266343608235224 0.0 0.0
-0.3738317757009346 0.41121495327102764 0.010453429362576538 0.5 0.0 0.0
0.7850467289719623 -0.5607476635514019 0.3047807768581639 0.5521540126779192 0.0 0.0
-1.7570093457943927 0.44859813084112155 -0.12109375 0.34798527267687634 0.0 0.0
-0.03738317757009346 0.0 0.3046875 0.5519850541454905 0.0 0.0
-0.03738317757009346 1.3457943925233646 0.1796875 0.42389562394532926 0.0 0.0
-1.457943925233645 -0.7850467289719627 0.32421875 0.5694020986965187 0.0 0.0
-0.6355140186915889 0.97196261682243 -0.3359375 0.5796011559684815 0.0 0.0
-0.485981308411215 -0.7476635514018692 -0.08375313723131783 0.46351240544347894 0.0 0.0
0.44859813084112155 -0.8224299065420562 0.4617659810277368 0.7716261802553576 0.0 0.0
1.8317757009345792 0.22429906542056077 -0.29296875 0.5412658773652742 0.0 0.0
-0.03738317757009346 -0.5981308411214954 0.3679053796157175 0.7431130527930693 0.0 0.0
-0.14953271028037385 1.046728971962617 -0.40234375 0.6343057228182637 0.0 0.0
0.03738317757009302 -1.5700934579439254 0.08203125 0.28641098093474 0.0 0.0
1.3831775700934577 0.7476635514018692 0.296875 0.5448623679425842 0.0 0.0
-0.9345794392523366 -0.6728971962616823 0.29094380835874145 0.5692759583167754 0.0 0.0
-1.7196261682242993 0.6728971962616823 0.203125 0.45069390943299864 0.0 0.0
0.3364485981308407 -1.6822429906542058 -0.04296875 0.2072890493972125 0.0 0.0
0.07476635514018692 -0.8971962616822431 0.7622273764076228 1.0793886013921241 0.0 0.0
1.3457943925233646 -0.5233644859813085 0.2890625 0.5376453291901642 0.0 0.0
-0.9345794392523366 0.5981308411214954 0.265625 0.5153882032022076 0.0 0.0
1.6822429906542054 -0.8224299065420562 0.18359375 0.42847841252506524 0.0 0.0
0.3738317757009346 -1.4205607476635516 0.26953125 0.5191639914323797 0.0 0.0
-0.6728971962616823 -0.14953271028037385 0.06849984894053907 0.31912920248870696 0.0 0.0
0.2616822429906538 -1.7570093457943927 -0.24609375 0.49607837082461076 0.0 0.0
-0.33644859813084116 -1.532710280373832 0.2109375 0.4592793267718459 0.0 0.0
-0.97196261682243 -0.9345794392523366 0.30934908577477427 0.5875888626833805 0.0 0.0
-0.26168224299065423 1.9065420560747661 0.09375 0.30618621784789724 0.0 0.0
0.7476635514018692 -1.0093457943925235 0.31640625 0.5625 0.0 0.0
-1.6448598130841123 -0.22429906542056077 0.0703125 0.2651650429449553 0.0 0.0
0.9345794392523361 0.8598130841121492 -0.25321386114547145 0.8353645744768825 0.0 0.0
-1.383177570093458 -0.7850467289719627 -0.140625 0.375 0.0 0.0
1.3831775700934577 -1.1588785046728973 0.15234375 0.3903123748998999 0.0 0.0
0.8224299065420562 0.6355140186915884 -0.5452668341518764 1.0664936325659675 0.0 0.0
-0.2990654205607477 -1.4953271028037385 0.078125 0.2795084971874737 0.0 0.0
-1.3457943925233646 1.4205607476635516 0.28125 0.5303300858899106 0.0 0.0
-0.5981308411214954 -1.4953271028037385 0.2421875 0.4921254921257382 0.0 0.0
0.3738317757009346 -1.6074766355140189 -0.296875 0.5448623679425842 0.0 0.0
0.8224299065420562 -1.4953271028037385 0.17578125 0.4192627457812106 0.0 0.0
-0.97196261682243 1.1962616822429908 0.21484375 0.46351240544347894 0.0 0.0
-0.3738317757009346 -0.8598130841121496 0.02272676110651148 0.44474405247627874 0.0 0.0
-0.3738317757009346 -0.44859813084112155 0.16948494386565088 0.5404580351251166 0.0 0.0
1.4579439252336446 -1.1214953271028039 -0.2890625 0.5376453291901642 0.0 0.0
0.9345794392523361 -0.5607476635514019 0.16796875 0.409839907768875 0.0 0.0
-0.7476635514018692 -0.11214953271028039 0.3247896392508043 0.5805852896014577 0.0 0.0
-0.5607476635514019 -1.383177570093458 -0.21875 0.46770717334674267 0.0 0.0
0.5233644859813085 0.9345794392523361 -1.0936923986768172 1.3064899721596162 0.0 0.0
-1.9065420560747666 -0.11214953271028039 0.1796875 0.42389562394532926 0.0 0.0
0.5981308411214954 0.41121495327102764 -0.33053313038538945 0.9483393436796655 0.0 0.0
1.4579439252336446 -0.4112149532710281 0.02734375 0.16535945694153692 0.0 0.0
-0.8971962616822431 -0.8224299065420562 0.07320335905613726 0.3506696709330228 0.0 0.0
1.7570093457943923 0.2990654205607477 0.296875 0.5448623679425842 0.0 0.0
0.7102803738317753 -0.7476635514018692 0.31640625 0.5625 0.0 0.0
1.1214953271028039 0.0 -0.08010485818329094 0.29324216335067144 0.0 0.0
0.97196261682243 1.7196261682242993 0.18359375 0.42847841252506524 0.0 0.0
-1.8317757009345796 0.7476635514018692 -0.09765625 0.3125 0.0 0.0
1.6822429906542054 -0.6355140186915889 0.16015625 0.40019526483955303 0.0 0.0
-0.5607476635514019 -1.046728971962617 -0.2551939525847928 0.6373774391990981 0.0 0.0
-1.1962616822429908 -0.2990654205607477 0.30078125 0.5484352742120077 0.0 0.0
0.18691588785046687 1.4579439252336446 0.24609375 0.49607837082461076 0.0 0.0
-0.7476635514018692 -1.6074766355140189 -0.26171875 0.5115845482420281 0.0 0.0
0.0 -1.3457943925233646 0.1875 0.4330127018922193 0.0 0.0
1.1962616822429908 -0.22429906542056077 0.35546875 0.596212000885591 0.0 0.0
0.7850467289719623 1.5700934579439254 0.296875 0.5448623679425842 0.0 0.0
0.7850467289719623 1.2710280373831777 -0.03657657252592694 0.5752961368302884 0.0 0.0
-0.7102803738317758 -0.8598130841121496 0.39481416208628484 0.6991759965649348 0.0 0.0
-1.5700934579439254 1.1588785046728969 0.19921875 0.44633927678392815 0.0 0.0
0.11214953271027994 0.8971962616822431 -0.36671611356560974 0.9877346440877831 0.0 0.0
0.11214953271027994 -1.7943925233644862 -0.0703125 0.2651650429449553 0.0 0.0
-0.26168224299065423 0.7476635514018692 -0.3109362987714944 0.937915293373015 0.0 0.0
1.2710280373831777 1.046728971962617 0.02734375 0.16535945694153692 0.0 0.0
0.18691588785046687 -1.0093457943925235 0.06640625 0.2576941016011038 0.0 0.0
0.0 -0.26168224299065423 0.38262535571659956 0.6431859851032197 0.0 0.0
-1.6448598130841123 -0.11214953271028039 0.2890625 0.5376453291901642 0.0 0.0
0.5233644859813085 1.4205607476635516 0.078125 0.2795084971874737 0.0 0.0
0.0 -1.869158878504673 0.265625 0.5153882032022076 0.0 0.0
1.7196261682242993 0.9345794392523361 0.25390625 0.5038911092686593 0.0 0.0
-0.33644859813084116 -0.7850467289719627 -0.189232955251433 0.5994789404140899 0.0 0.0
1.1962616822429908 -0.485981308411215 0.28125 0.5303300858899106 0.0 0.0
-1.4205607476635516 1.1214953271028039 0.27734375 0.5266343608235224 0.0 0.0
-0.97196261682243 1.5327102803738315 -0.02734375 0.16535945694153692 0.0 0.0
0.2616822429906538 -1.383177570093458 0.265625 0.5153882032022076 0.0 0.0
1.869158878504673 -0.1869158878504673 0.3203125 0.5659615711335886 0.0 0.0
-0.485981308411215 1.7570093457943923 0.1015625 0.31868871959954903 0.0 0.0
0.6355140186915884 -0.22429906542056077 -0.031332860456146416 0.5377994244254012 0.0 0.0
0.44859813084112155 -0.3738317757009346 0.2639605228361703 0.5197196798970966 0.0 0.0
0.5607476635514015 -1.1214953271028039 0.19921875 0.44633927678392815 0.0 0.0
1.7196261682242993 0.8971962616822431 0.10546875 0.3247595264191645 0.0 0.0
-0.11214953271028039 -1.3084112149532712 0.30078125 0.5484352742120077 0.0 0.0
0.48598130841121456 0.48598130841121456 -0.6882101866096181 1.1028436531164498 0.0 0.0
-0.485981308411215 -0.5233644859813085 0.20820144403136692 0.5680254290634653 0.0 0.0
-0.5981308411214954 0.5233644859813085 -0.6036302173589643 1.0384383393913807 0.0 0.0
-1.0093457943925235 -0.1869158878504673 0.02734375 0.16535945694153692 0.0 0.0
-1.046728971962617 -1.0093457943925235 0.1198823713090259 0.37697280089955004 0.0 0.0
-0.14953271028037385 0.03738317757009302 0.19625365109725934 0.5115845482420281 0.0 0.0
0.7102803738317753 0.11214953271027994 -0.2800607252356009 0.9215117744615104 0.0 0.0
-0.4112149532710281 1.046728971962617 0.2734375 0.5229125165837972 0.0 0.0
-0.97196261682243 0.2616822429906538 -0.1867268430566259 0.4984512876031637 0.0 0.0
-1.9065420560747666 -0.07476635514018692 0.14453125 0.3801726581436387 0.0 0.0
1.4953271028037385 -0.14953271028037385 0.234375 0.4841229182759271 0.0 0.0
-0.8224299065420562 0.5607476635514015 0.0546875 0.23385358667337133 0.0 0.0
0.6355140186915884 1.1962616822429908 -0.18069099685065054 0.7642239486572644 0.0 0.0
0.14953271028037385 1.3084112149532707 -0.1875 0.4330127018922193 0.0 0.0
-0.07476635514018692 -0.8598130841121496 0.4602694005908354 0.8941169113609645 0.0 0.0
-0.14953271028037385 -1.1214953271028039 0.49327172625777016 0.8784644002550931 0.0 0.0
-0.4112149532710281 1.6822429906542054 0.2109375 0.4592793267718459 0.0 0.0
1.1588785046728969 -1.2710280373831777 0.19921875 0.44633927678392815 0.0 0.0
-0.03738317757009346 -1.4205607476635516 0.28125 0.5303300858899106 0.0 0.0
-0.22429906542056077 -1.869158878504673 0.2265625 0.4759858191164943 0.0 0.0
-0.2990654205607477 0.5607476635514015 -0.31228825618143263 0.8725223563685146 0.0 0.0
0.18691588785046687 -0.97196261682243 0.21484375 0.46351240544347894 0.0 0.0
1.3457943925233646 1.3084112149532707 -0.359375 0.5994789404140899 0.0 0.0
-0.5607476635514019 0.0 0.24333762387556637 0.5022949808141952 0.0 0.0
1.4953271028037385 0.8598130841121492 0.3125 0.5590169943749475 0.0 0.0
-1.9813084112149535 0.03738317757009302 0.1015625 0.31868871959954903 0.0 0.0
1.6448598130841123 -0.485981308411215 -0.00390625 0.0625 0.0 0.0
-1.1962616822429908 -1.3084112149532712 0.21875 0.46770717334674267 0.0 0.0
-1.532710280373832 1.009345794392523 0.296875 0.5448623679425842 0.0 0.0
-0.5981308411214954 0.7476635514018692 -0.3054795475833263 0.6626342091732456 0.0 0.0
-0.33644859813084116 -0.7476635514018692 -0.1804124161142025 0.5863019699779287 0.0 0.0
0.14953271028037385 -1.1962616822429908 0.0377536469625611 0.281804087843172 0.0 0.0
-0.7850467289719627 -0.14953271028037385 0.304297642701518 0.5618064928452109 0.0 0.0
-0.1869158878504673 0.7850467289719623 -0.6951829482105911 1.1283520711290347 0.0 0.0
-1.6074766355140189 0.22429906542056077 0.2109375 0.4592793267718459 0.0 0.0
0.9345794392523361 -0.1869158878504673 0.04920327302453764 0.3590351654086268 0.0 0.0
0.14953271028037385 -1.2710280373831777 0.1328125 0.3644344934278313 0.0 0.0
1.5327102803738315 -1.046728971962617 0.2265625 0.4759858191164943 0.0 0.0
0.7850467289719623 -0.8598130841121496 0.02734375 0.16535945694153692 0.0 0.0
-0.44859813084112155 1.3084112149532707 -0.125 0.3535533905932738 0.0 0.0
-1.383177570093458 0.8971962616822431 0.09375 0.30618621784789724 0.0 0.0
0.03738317757009302 1.869158878504673 0.31640625 0.5625 0.0 0.0
0.6728971962616823 0.2990654205607477 -0.2946672511373887 0.9434594597939953 0.0 0.0
-0.22429906542056077 -1.8317757009345796 0.18359375 0.42847841252506524 0.0 0.0
-0.5607476635514019 -0.22429906542056077 0.01781486045828813 0.28035418833428594 0.0 0.0
-1.7943925233644862 0.18691588785046687 0.11328125 0.3365728004459065 0.0 0.0
-1.869158878504673 -0.4112149532710281 0.203125 0.45069390943299864 0.0 0.0
-1.6448598130841123 0.22429906542056077 0.17578125 0.4192627457812106 0.0 0.0
-1.3457943925233646 0.41121495327102764 0.16015625 0.40019526483955303 0.0 0.0
-0.7476635514018692 -0.5607476635514019 0.3856599888739371 0.6773625157534732 0.0 0.0
1.1214953271028039 -1.2710280373831777 0.1875 0.4330127018922193 0.0 0.0
1.3457943925233646 1.1962616822429908 -0.2890625 0.5376453291901642 0.0 0.0
1.2710280373831777 0.22429906542056077 0.2734375 0.5229125165837972 0.0 0.0
-0.07476635514018692 1.08411214953271 -0.23828125 0.4881406047441659 0.0 0.0
-1.6074766355140189 0.6355140186915884 0.33203125 0.5762215285808054 0.0 0.0
-0.9345794392523366 0.5233644859813085 0.23046875 0.480071609241788 0.0 0.0
1.1214953271028039 1.6074766355140184 0.32183548690287594 0.5694020986965187 0.0 0.0
