data_processed/toy_model/toy_hvcs/toy_5_0.0_0.0_0.0.ecsv
# %ECSV 1.0
# ---
# datatype:
# - {name: x, datatype: float64}
# - {name: y, datatype: float64}
# - {name: RM, datatype: float64}
# - {name: RM_uncert, datatype: float64}
# - {name: interpolation_raw, datatype: float64}
# - {name: interpolation_unc, datatype: float64}
# schema: astropy-2.0
x y RM RM_uncert interpolation_raw interpolation_unc
0.6355140186915884 0.7102803738317753 -0.1484375 0.385275875185561 0.0 0.0
0.14953271028037385 0.48598130841121456 0.29536702049101127 0.4550068680800324 0.0 0.0
1.7570093457943923 -0.6728971962616823 -0.2578125 0.5077524002897476 0.0 0.0
0.44859813084112155 0.03738317757009302 0.6295819864738565 0.5694020986965187 0.0 0.0
-1.046728971962617 1.6074766355140184 0.25390625 0.5038911092686593 0.0 0.0
0.8598130841121492 -1.6074766355140189 0.30859375 0.5555121510822243 0.0 0.0
-0.3738317757009346 1.1588785046728969 -0.15234375 0.3903123748998999 0.0 0.0
1.5700934579439254 -0.14953271028037385 0.43068126003230744 0.414578098794425 0.0 0.0
-0.11214953271028039 -0.22429906542056077 0.17606104604451733 0.4841229182759271 0.0 0.0
0.5233644859813085 -1.6074766355140189 0.08984375 0.29973947020704494 0.0 0.0
0.3364485981308407 -0.5607476635514019 -0.07788395401597137 0.6643841132959156 0.0 0.0
0.7102803738317753 1.009345794392523 -0.078125 0.2795084971874737 0.0 0.0
-0.22429906542056077 0.03738317757009302 -0.036651974660645126 0.29315098498896436 0.0 0.0
-0.9345794392523366 1.4205607476635516 0.23828125 0.4881406047441659 0.0 0.0
0.5233644859813085 0.2616822429906538 0.836990102611439 0.5863019699779287 0.0 0.0
-0.07476635514018692 1.7196261682242993 0.15625 0.39528470752104744 0.0 0.0
-0.97196261682243 0.5233644859813085 0.30859375 0.5555121510822243 0.0 0.0
1.1588785046728969 0.48598130841121456 0.18359375 0.42847841252506524 0.0 0.0
0.6355140186915884 -0.03738317757009346 0.7175904718659762 0.42389562394532926 0.0 0.0
-0.8971962616822431 0.8598130841121492 0.26171875 0.5115845482420281 0.0 0.0
1.1214953271028039 -1.1214953271028039 -0.3671875 0.6059599821770412 0.0 0.0
-1.6822429906542058 -0.7102803738317758 0.27734375 0.5266343608235224 0.0 0.0
1.2710280373831777 0.41121495327102764 0.34375 0.5863019699779287 0.0 0.0
1.1962616822429908 0.8971962616822431 0.29296875 0.5412658773652742 0.0 0.0
1.6822429906542054 0.2616822429906538 0.17578125 0.4192627457812106 0.0 0.0
1.4579439252336446 -0.11214953271028039 0.8710518461790655 0.414578098794425 0.0 0.0
0.7476635514018692 -1.046728971962617 0.13671875 0.369754986443726 0.0 0.0
-0.485981308411215 1.9065420560747661 0.2890625 0.5376453291901642 0.0 0.0
-1.0841121495327104 1.1588785046728969 0.2421875 0.4921254921257382 0.0 0.0
0.3364485981308407 1.3084112149532707 0.2578125 0.5077524002897476 0.0 0.0
-1.1962616822429908 1.5327102803738315 0.28515625 0.5340002340823456 0.0 0.0
-1.5700934579439254 1.046728971962617 0.328125 0.57282196186948 0.0 0.0
0.11214953271027994 0.97196261682243 0.296875 0.5448623679425842 0.0 0.0
-1.6074766355140189 0.7102803738317753 0.2734375 0.5229125165837972 0.0 0.0
-0.5233644859813085 -0.7476635514018692 -0.00390625 0.0625 0.0 0.0
-1.5700934579439254 -0.97196261682243 0.1875 0.4330127018922193 0.0 0.0
-0.44859813084112155 0.8224299065420562 0.21875 0.46770717334674267 0.0 0.0
1.2336448598130838 0.0 0.7877912772431517 0.6555055301063447 0.0 0.0
0.2616822429906538 -1.8317757009345796 0.28125 0.5303300858899106 0.0 0.0
0.8598130841121492 0.0 1.1014695487556518 0.46351240544347894 0.0 0.0
-0.8971962616822431 -1.4953271028037385 -0.26953125 0.5191639914323797 0.0 0.0
-1.0841121495327104 0.03738317757009302 -1.472603166393539 0.5412658773652742 0.0 0.0
1.3831775700934577 1.1588785046728969 -0.40625 0.6373774391990981 0.0 0.0
-1.1962616822429908 0.3738317757009346 0.15839461541774819 0.5038911092686593 0.0 0.0
0.3738317757009346 0.18691588785046687 0.2778705290614458 0.13975424859373686 0.0 0.0
0.07476635514018692 1.94392523364486 -0.41015625 0.6404344228724749 0.0 0.0
0.18691588785046687 -0.97196261682243 0.21484375 0.46351240544347894 0.0 0.0
0.7476635514018692 -1.0841121495327104 0.01171875 0.10825317547305482 0.0 0.0
1.4579439252336446 -0.8224299065420562 -0.05859375 0.24206145913796356 0.0 0.0
1.7943925233644862 0.0 0.5579103634102025 0.3644344934278313 0.0 0.0
0.48598130841121456 -0.7476635514018692 -0.024118007411035557 0.23385358667337133 0.0 0.0
-0.2990654205607477 0.44859813084112155 0.054587122971191726 0.5412658773652742 0.0 0.0
-1.3084112149532712 -0.2990654205607477 -0.004940159613039868 0.4192627457812106 0.0 0.0
1.3457943925233646 0.07476635514018692 1.1823060960211318 0.414578098794425 0.0 0.0
-0.44859813084112155 0.5233644859813085 -0.3619904839088113 0.46351240544347894 0.0 0.0
1.1214953271028039 1.4953271028037385 0.2890625 0.5376453291901642 0.0 0.0
-0.7102803738317758 -0.3738317757009346 -0.7270996294849126 0.34798527267687634 0.0 0.0
1.3084112149532707 -0.03738317757009346 0.7357735435746844 0.6281172263200556 0.0 0.0
-0.7850467289719627 0.41121495327102764 -0.5593429890614953 0.46351240544347894 0.0 0.0
-0.3738317757009346 0.6355140186915884 -0.33262655669729013 0.42389562394532926 0.0 0.0
-0.7476635514018692 0.41121495327102764 -0.5624109268152466 0.4841229182759271 0.0 0.0
0.41121495327102764 0.8224299065420562 -0.28125 0.5303300858899106 0.0 0.0
-0.6355140186915889 0.18691588785046687 -0.4542939067151083 0.42847841252506524 0.0 0.0
0.5981308411214954 0.14953271028037385 0.8150608012423297 0.5191639914323797 0.0 0.0
-1.1588785046728973 1.3831775700934577 0.2890625 0.5376453291901642 0.0 0.0
0.0 -1.1962616822429908 0.1953125 0.4419417382415922 0.0 0.0
-1.4953271028037385 0.2990654205607477 -0.0078125 0.08838834764831845 0.0 0.0
1.1588785046728969 -1.457943925233645 0.203125 0.45069390943299864 0.0 0.0
-0.485981308411215 -1.1214953271028039 0.0390625 0.19764235376052372 0.0 0.0
-1.7196261682242993 0.48598130841121456 -0.29296875 0.5412658773652742 0.0 0.0
0.2990654205607477 0.41121495327102764 0.5235894836327201 0.5448623679425842 0.0 0.0
-1.5700934579439254 -0.44859813084112155 0.03515625 0.1875 0.0 0.0
1.7196261682242993 -0.4112149532710281 0.25 0.5 0.0 0.0
0.7850467289719623 -1.6822429906542058 0.22265625 0.47186465220442186 0.0 0.0
0.5607476635514015 0.07476635514018692 0.7117948153185646 0.5115845482420281 0.0 0.0
1.9065420560747661 0.2990654205607477 0.34765625 0.5896238207535377 0.0 0.0
1.1588785046728969 0.03738317757009302 0.7857164653766664 0.6343057228182637 0.0 0.0
1.7943925233644862 0.44859813084112155 0.15234375 0.3903123748998999 0.0 0.0
-0.485981308411215 -0.11214953271028039 -0.46486487391399484 0.3125 0.0 0.0
-0.7102803738317758 0.7476635514018692 0.0625 0.25 0.0 0.0
0.03738317757009302 0.7476635514018692 0.1798449484638321 0.40019526483955303 0.0 0.0
-0.03738317757009346 -1.0841121495327104 0.06640625 0.2576941016011038 0.0 0.0
0.5607476635514015 -0.7102803738317758 -0.3344831231633747 0.6027281725620597 0.0 0.0
1.046728971962617 0.3364485981308407 0.9173064305945358 0.5303300858899106 0.0 0.0
