data_processed/toy_model/toy_hvcs/toy_0_1.5707963267948966_3.141592653589793_3.141592653589793.ecsv
# %ECSV 1.0
# ---
# datatype:
# - {name: x, datatype: float64}
# - {name: y, datatype: float64}
# - {name: RM, datatype: float64}
# - {name: RM_uncert, datatype: float64}
# - {name: interpolation_raw, datatype: float64}
# - {name: interpolation_unc, datatype: float64}
# schema: astropy-2.0
x y RM RM_uncert interpolation_raw interpolation_unc
0.2990654205607477 1.2710280373831777 0.1527188964615987 0.6555055301063447 0.0 0.0
-0.14953271028037385 0.5981308411214954 -0.15490455124232994 0.8369194121805634 0.0 0.0
0.22429906542056077 -0.8598130841121496 1.4467877585041935 1.5646926270064632 0.0 0.0
-0.8598130841121496 -0.7850467289719627 0.46875 0.6846531968814576 0.0 0.0
0.5981308411214954 0.03738317757009302 0.4731259138203464 0.701560760020114 0.0 0.0
1.7570093457943923 0.2616822429906538 0.37109375 0.6091746465505602 0.0 0.0
1.6074766355140184 0.5607476635514015 0.375 0.6123724356957945 0.0 0.0
-0.8598130841121496 -0.4112149532710281 0.37890625 0.6155536126122565 0.0 0.0
-1.383177570093458 -0.6355140186915889 0.296875 0.5448623679425842 0.0 0.0
-0.7850467289719627 0.2616822429906538 -0.4878139044805171 0.9008691963659509 0.0 0.0
-0.11214953271028039 1.869158878504673 0.1171875 0.3423265984407288 0.0 0.0
0.18691588785046687 0.8598130841121492 -0.6964305300980509 1.3103739199923439 0.0 0.0
0.6728971962616823 -0.2990654205607477 0.483827904389525 0.9348292939243239 0.0 0.0
0.5981308411214954 1.2710280373831777 0.17578125 0.4192627457812106 0.0 0.0
1.6448598130841123 0.14953271028037385 0.25390625 0.5038911092686593 0.0 0.0
1.6074766355140184 -0.2990654205607477 0.31640625 0.5625 0.0 0.0
0.2616822429906538 -1.1214953271028039 1.1797068906896582 1.3975563607165602 0.0 0.0
0.5607476635514015 -1.046728971962617 0.47265625 0.6875 0.0 0.0
1.4579439252336446 -0.6728971962616823 0.3203125 0.5659615711335886 0.0 0.0
-1.532710280373832 -0.11214953271028039 0.46484375 0.6817945071647321 0.0 0.0
-0.8598130841121496 1.4205607476635516 0.1171875 0.3423265984407288 0.0 0.0
-0.3738317757009346 -1.7570093457943927 -0.0703125 0.2651650429449553 0.0 0.0
-1.5700934579439254 1.2336448598130838 0.37890625 0.6155536126122565 0.0 0.0
0.11214953271027994 -1.6448598130841123 -0.03834619042060777 0.5412658773652742 0.0 0.0
-0.03738317757009346 1.1588785046728969 -0.6919664653766662 1.3711406495153342 0.0 0.0
0.41121495327102764 -0.5981308411214954 0.5282216310757272 1.141287436254099 0.0 0.0
0.0 -1.7196261682242993 1.1259330743525404 1.3146971699616155 0.0 0.0
0.9345794392523361 -0.1869158878504673 0.32421875 0.5694020986965187 0.0 0.0
1.009345794392523 0.14953271028037385 0.4609375 0.6789237807000135 0.0 0.0
-0.6728971962616823 1.1962616822429908 0.2578125 0.5077524002897476 0.0 0.0
0.6355140186915884 0.2990654205607477 0.1536409126135731 0.7098635432250342 0.0 0.0
-1.532710280373832 -0.8224299065420562 0.40234375 0.6343057228182637 0.0 0.0
-1.869158878504673 0.3364485981308407 0.421875 0.649519052838329 0.0 0.0
0.6355140186915884 0.48598130841121456 -0.3616420592400993 0.9315660837966346 0.0 0.0
-0.8971962616822431 0.2990654205607477 0.48828125 0.6987712429686843 0.0 0.0
0.7850467289719623 1.8317757009345792 -0.09765625 0.3125 0.0 0.0
0.7102803738317753 -1.2710280373831777 0.3984375 0.6312190586476298 0.0 0.0
-0.26168224299065423 1.869158878504673 0.265625 0.5153882032022076 0.0 0.0
-0.33644859813084116 0.18691588785046687 -0.10438474254321539 0.46116779493632337 0.0 0.0
0.6355140186915884 0.18691588785046687 0.3288351026897197 0.6903350635742038 0.0 0.0
-0.26168224299065423 1.9065420560747661 0.2890625 0.5376453291901642 0.0 0.0
1.5700934579439254 0.5607476635514015 0.4765625 0.6903350635742038 0.0 0.0
0.2616822429906538 0.5607476635514015 -0.6145392250430769 1.0836931992432886 0.0 0.0
-1.5700934579439254 0.3364485981308407 0.2578125 0.5077524002897476 0.0 0.0
1.5700934579439254 -0.03738317757009346 0.421875 0.649519052838329 0.0 0.0
0.44859813084112155 -0.8224299065420562 1.15073342207464 1.333427667385554 0.0 0.0
0.7102803738317753 0.03738317757009302 0.4024378417378585 0.649519052838329 0.0 0.0
0.41121495327102764 -0.26168224299065423 0.3628861575217153 0.7389755172151717 0.0 0.0
-0.5981308411214954 -1.8317757009345796 0.09375 0.30618621784789724 0.0 0.0
-0.7102803738317758 0.11214953271027994 0.10010222044699957 0.4192627457812106 0.0 0.0
0.03738317757009302 -0.1869158878504673 0.6112356686891284 0.8430614374873617 0.0 0.0
-0.97196261682243 -1.1588785046728973 0.5078125 0.7126096406869612 0.0 0.0
-0.2990654205607477 0.22429906542056077 0.22867960739054077 0.6027281725620597 0.0 0.0
0.03738317757009302 0.5607476635514015 0.057346103051703234 0.701560760020114 0.0 0.0
0.14953271028037385 1.6448598130841123 -0.3450819365750386 0.6545571962403876 0.0 0.0
0.3364485981308407 1.2710280373831777 0.32871831766753495 0.649519052838329 0.0 0.0
-0.97196261682243 1.6822429906542054 0.2890625 0.5376453291901642 0.0 0.0
-1.3084112149532712 0.5233644859813085 0.43359375 0.6584783595532961 0.0 0.0
-1.6074766355140189 -0.26168224299065423 0.2421875 0.4921254921257382 0.0 0.0
0.11214953271027994 1.7570093457943923 -0.024794664121011785 0.20439380676043872 0.0 0.0
1.2710280373831777 0.2990654205607477 0.4765625 0.6903350635742038 0.0 0.0
1.4579439252336446 -0.7850467289719627 0.3046875 0.5519850541454905 0.0 0.0
1.4953271028037385 -0.5607476635514019 0.30859375 0.5555121510822243 0.0 0.0
0.2990654205607477 0.14953271028037385 0.27007283688301065 0.5929270612815711 0.0 0.0
0.3738317757009346 1.3084112149532707 0.39453125 0.6281172263200556 0.0 0.0
0.7476635514018692 -0.5981308411214954 0.49609375 0.7043392293490403 0.0 0.0
-0.8224299065420562 1.2336448598130838 -0.1796875 0.42389562394532926 0.0 0.0
-0.97196261682243 -1.6822429906542058 0.296875 0.5448623679425842 0.0 0.0
0.2990654205607477 -1.383177570093458 0.42923496188483806 0.6695623001406785 0.0 0.0
1.08411214953271 1.4953271028037385 0.2890625 0.5376453291901642 0.0 0.0
-1.0841121495327104 -1.383177570093458 0.1328125 0.3644344934278313 0.0 0.0
-0.485981308411215 -1.6822429906542058 0.36328125 0.6027281725620597 0.0 0.0
1.1214953271028039 0.9345794392523361 0.30859375 0.5555121510822243 0.0 0.0
0.5233644859813085 -1.7570093457943927 0.44921875 0.6702378309227255 0.0 0.0
1.4205607476635516 -0.7102803738317758 0.25 0.5 0.0 0.0
-0.11214953271028039 0.41121495327102764 -0.1298212969433576 0.641861623628267 0.0 0.0
1.1588785046728969 1.3457943925233646 0.11328125 0.3365728004459065 0.0 0.0
-0.11214953271028039 -0.33644859813084116 0.25369740455599027 0.6814881210351216 0.0 0.0
1.2710280373831777 -0.3738317757009346 0.21484375 0.46351240544347894 0.0 0.0
-0.6728971962616823 0.3738317757009346 -0.12111060588909611 0.775626335149982 0.0 0.0
1.7196261682242993 -0.33644859813084116 0.18359375 0.42847841252506524 0.0 0.0
-1.4953271028037385 0.3738317757009346 0.46484375 0.6817945071647321 0.0 0.0
-1.0841121495327104 -0.8598130841121496 0.40625 0.6373774391990981 0.0 0.0
1.046728971962617 -1.3084112149532712 0.5546875 0.7447734554883115 0.0 0.0
0.7102803738317753 -0.3738317757009346 0.9033857990416745 1.149955041766133 0.0 0.0
-0.97196261682243 -0.8971962616822431 0.48046875 0.6931585316505886 0.0 0.0
-0.8971962616822431 -0.2990654205607477 0.2265625 0.4759858191164943 0.0 0.0
-0.14953271028037385 -0.97196261682243 1.58927688500332 1.6342402730341217 0.0 0.0
0.3364485981308407 1.7196261682242993 0.26953125 0.5191639914323797 0.0 0.0
-1.7943925233644862 -0.1869158878504673 -0.06640625 0.2576941016011038 0.0 0.0
-0.5233644859813085 -0.7102803738317758 0.9116056118346747 1.2098909966064502 0.0 0.0
-1.2710280373831777 -0.4112149532710281 0.4296875 0.6555055301063447 0.0 0.0
1.046728971962617 0.48598130841121456 0.328125 0.57282196186948 0.0 0.0
-1.4205607476635516 -0.03738317757009346 0.51953125 0.7207851621669248 0.0 0.0
0.8224299065420562 0.3738317757009346 0.44921875 0.6702378309227255 0.0 0.0
0.7850467289719623 -1.1588785046728973 0.20703125 0.4550068680800324 0.0 0.0
1.94392523364486 -0.07476635514018692 0.515625 0.7180703308172536 0.0 0.0
1.4579439252336446 0.2616822429906538 -0.015625 0.125 0.0 0.0
0.5607476635514015 1.6074766355140184 0.578125 0.7603453162872774 0.0 0.0
-0.14953271028037385 -1.5700934579439254 0.6142750100323078 0.9343881795402891 0.0 0.0
0.2990654205607477 -0.8971962616822431 1.390499356291495 1.5193230277274776 0.0 0.0
0.2990654205607477 -0.44859813084112155 0.29512471596924417 0.8294007969241941 0.0 0.0
1.2336448598130838 -0.11214953271028039 0.51171875 0.7153451963912248 0.0 0.0
-0.44859813084112155 -1.7943925233644862 -0.08203125 0.28641098093474 0.0 0.0
1.009345794392523 -1.1588785046728973 0.34765625 0.5896238207535377 0.0 0.0
-0.22429906542056077 1.7570093457943923 0.359375 0.5994789404140899 0.0 0.0
0.0 -0.8598130841121496 1.3358445487556527 1.4907952064288728 0.0 0.0
