data_processed/toy_model/toy_hvcs/toy_3_0.7853981633974483_0.0_3.9269908169872414.ecsv
# %ECSV 1.0
# ---
# datatype:
# - {name: x, datatype: float64}
# - {name: y, datatype: float64}
# - {name: RM, datatype: float64}
# - {name: RM_uncert, datatype: float64}
# - {name: interpolation_raw, datatype: float64}
# - {name: interpolation_unc, datatype: float64}
# schema: astropy-2.0
x y RM RM_uncert interpolation_raw interpolation_unc
0.18691588785046687 -0.07476635514018692 0.0731180970170903 0.30618621784789724 0.0 0.0
-0.7476635514018692 0.8598130841121492 -0.06640625 0.2576941016011038 0.0 0.0
1.046728971962617 -0.03738317757009346 0.07412388270439815 0.5555121510822243 0.0 0.0
0.3738317757009346 1.009345794392523 -0.5910601238918276 0.9491418480836545 0.0 0.0
-0.8598130841121496 -0.11214953271028039 0.3604306050760676 0.7943660743965185 0.0 0.0
-0.2990654205607477 1.3831775700934577 0.41796875 0.6465050270492876 0.0 0.0
1.8317757009345792 -0.44859813084112155 0.2109375 0.4592793267718459 0.0 0.0
0.41121495327102764 0.14953271028037385 -0.400013609136851 0.7876164791786051 0.0 0.0
-0.1869158878504673 0.7476635514018692 -0.1529368683877032 0.5565788235060748 0.0 0.0
0.2616822429906538 1.2710280373831777 0.37109375 0.6091746465505602 0.0 0.0
-0.485981308411215 -0.97196261682243 0.2307815312817571 0.778520592253997 0.0 0.0
1.046728971962617 1.4953271028037385 0.08984375 0.29973947020704494 0.0 0.0
0.11214953271027994 1.2336448598130838 0.2578125 0.5077524002897476 0.0 0.0
-1.0841121495327104 0.07476635514018692 -0.12109375 0.34798527267687634 0.0 0.0
-0.97196261682243 1.1214953271028039 0.35546875 0.596212000885591 0.0 0.0
-1.1214953271028039 -1.5700934579439254 -0.18359375 0.42847841252506524 0.0 0.0
-0.8971962616822431 1.1962616822429908 0.1796875 0.42389562394532926 0.0 0.0
1.3457943925233646 -1.1214953271028039 0.35546875 0.596212000885591 0.0 0.0
-0.1869158878504673 1.7570093457943923 0.39453125 0.6281172263200556 0.0 0.0
-0.5981308411214954 0.2990654205607477 0.15566065943630805 0.5027201695502341 0.0 0.0
0.8224299065420562 -1.6448598130841123 0.39453125 0.6281172263200556 0.0 0.0
0.14953271028037385 -0.22429906542056077 0.2713955143440795 0.5338338024967686 0.0 0.0
-1.0841121495327104 -0.4112149532710281 0.42531904775835666 0.8379741019367564 0.0 0.0
0.48598130841121456 -1.1214953271028039 0.34765625 0.5896238207535377 0.0 0.0
0.41121495327102764 0.11214953271027994 -0.11183489033387584 0.5634001958357413 0.0 0.0
0.2616822429906538 0.2616822429906538 0.22297920583011072 0.6218671481916375 0.0 0.0
-0.8971962616822431 -1.0093457943925235 0.11131546212378685 0.6155330407440154 0.0 0.0
0.11214953271027994 1.2710280373831777 0.265625 0.5153882032022076 0.0 0.0
0.6355140186915884 -0.8971962616822431 -0.03125 0.1767766952966369 0.0 0.0
-0.5981308411214954 -1.6448598130841123 0.19140625 0.4375 0.0 0.0
0.22429906542056077 -1.7196261682242993 -0.31640625 0.5625 0.0 0.0
0.44859813084112155 1.6448598130841123 0.1015625 0.31868871959954903 0.0 0.0
1.2710280373831777 -1.2336448598130842 0.16015625 0.40019526483955303 0.0 0.0
1.1962616822429908 -1.4205607476635516 0.37109375 0.6091746465505602 0.0 0.0
0.3738317757009346 1.4953271028037385 -0.34765625 0.5896238207535377 0.0 0.0
0.5607476635514015 1.8317757009345792 -0.30078125 0.5484352742120077 0.0 0.0
1.4579439252336446 -0.2990654205607477 0.34375 0.5863019699779287 0.0 0.0
1.009345794392523 -0.11214953271028039 0.10701793064696394 0.5762215285808054 0.0 0.0
1.1214953271028039 -0.97196261682243 0.203125 0.45069390943299864 0.0 0.0
-0.11214953271028039 1.9065420560747661 0.2265625 0.4759858191164943 0.0 0.0
-1.383177570093458 -0.3738317757009346 0.078125 0.2795084971874737 0.0 0.0
1.3831775700934577 -0.33644859813084116 0.28515625 0.5340002340823456 0.0 0.0
0.48598130841121456 -1.1962616822429908 0.34375 0.5863019699779287 0.0 0.0
-0.3738317757009346 -1.3457943925233646 0.32421875 0.5694020986965187 0.0 0.0
1.2336448598130838 -0.7476635514018692 0.3984375 0.6312190586476298 0.0 0.0
1.3831775700934577 -0.14953271028037385 0.22265625 0.47186465220442186 0.0 0.0
0.8971962616822431 0.7102803738317753 -0.08790156043449521 0.6818105461702616 0.0 0.0
0.7476635514018692 -1.457943925233645 0.30078125 0.5484352742120077 0.0 0.0
0.2990654205607477 1.869158878504673 -0.16796875 0.409839907768875 0.0 0.0
-0.9345794392523366 0.5981308411214954 0.3515625 0.5929270612815711 0.0 0.0
0.22429906542056077 -1.4953271028037385 0.38671875 0.6218671481916375 0.0 0.0
-0.8971962616822431 1.009345794392523 0.37109375 0.6091746465505602 0.0 0.0
-0.11214953271028039 1.7943925233644862 0.40625 0.6373774391990981 0.0 0.0
-0.1869158878504673 -0.5607476635514019 0.6932871703716712 1.0135084315107312 0.0 0.0
-1.0841121495327104 0.9345794392523361 0.26171875 0.5115845482420281 0.0 0.0
-0.8971962616822431 0.9345794392523361 0.31640625 0.5625 0.0 0.0
1.3831775700934577 -1.0841121495327104 -0.16796875 0.409839907768875 0.0 0.0
-1.3084112149532712 0.8971962616822431 -0.12109375 0.34798527267687634 0.0 0.0
0.5233644859813085 -0.14953271028037385 0.06264962098954971 0.5115845482420281 0.0 0.0
-0.26168224299065423 0.41121495327102764 0.35198121828737955 0.6187184335382291 0.0 0.0
-0.7102803738317758 1.1214953271028039 0.33203125 0.5762215285808054 0.0 0.0
-0.97196261682243 1.1588785046728969 0.40234375 0.6343057228182637 0.0 0.0
0.7102803738317753 -0.7476635514018692 0.40234375 0.6343057228182637 0.0 0.0
0.8598130841121492 -1.3457943925233646 0.390625 0.625 0.0 0.0
-0.11214953271028039 0.6728971962616823 0.09765517784099309 0.5229125165837972 0.0 0.0
0.22429906542056077 1.3084112149532707 0.14453125 0.3801726581436387 0.0 0.0
0.22429906542056077 0.6728971962616823 -0.5119871372435254 0.9124516559725512 0.0 0.0
1.3457943925233646 -0.9345794392523366 0.17578125 0.4192627457812106 0.0 0.0
0.11214953271027994 0.44859813084112155 -0.0752525297084164 0.4942216703229764 0.0 0.0
-1.2336448598130842 -0.97196261682243 0.5280474714067619 0.8109608145980445 0.0 0.0
-0.03738317757009346 -1.8317757009345796 0.37109375 0.6091746465505602 0.0 0.0
1.4579439252336446 0.0 0.3046875 0.5519850541454905 0.0 0.0
1.3084112149532707 0.5233644859813085 0.41015625 0.6404344228724749 0.0 0.0
1.2710280373831777 1.1588785046728969 -0.11241290072006292 0.4218421522798852 0.0 0.0
-1.4953271028037385 -1.2710280373831777 0.4140625 0.6434768838116876 0.0 0.0
-0.03738317757009346 -1.046728971962617 0.3688263632104791 0.7950999788837617 0.0 0.0
-0.2990654205607477 0.7850467289719623 0.1624892831490984 0.5191639914323797 0.0 0.0
0.3364485981308407 1.4579439252336446 -0.15625 0.39528470752104744 0.0 0.0
0.97196261682243 0.2616822429906538 -0.3262533916940474 0.831606447418546 0.0 0.0
1.1962616822429908 0.3738317757009346 0.359375 0.5994789404140899 0.0 0.0
-0.07476635514018692 -1.4953271028037385 -0.16796875 0.409839907768875 0.0 0.0
0.6728971962616823 -0.7850467289719627 0.3359375 0.5796011559684815 0.0 0.0
-0.6355140186915889 1.2336448598130838 -0.18359375 0.42847841252506524 0.0 0.0
-0.22429906542056077 0.22429906542056077 0.34765625 0.5896238207535377 0.0 0.0
-0.22429906542056077 -1.2336448598130842 0.34375 0.5863019699779287 0.0 0.0
-1.6074766355140189 1.009345794392523 0.31640625 0.5625 0.0 0.0
-1.383177570093458 0.8971962616822431 0.1796875 0.42389562394532926 0.0 0.0
0.2616822429906538 1.5700934579439254 -0.33203125 0.5762215285808054 0.0 0.0
-0.5233644859813085 -1.7943925233644862 0.1875 0.4330127018922193 0.0 0.0
0.03738317757009302 0.41121495327102764 -0.42075640800442493 0.7353445219819413 0.0 0.0
0.18691588785046687 0.8598130841121492 -0.08661021855067919 0.6229479810556885 0.0 0.0
-0.9345794392523366 -0.9345794392523366 0.6982526151677848 0.9911824909347268 0.0 0.0
1.046728971962617 -1.3457943925233646 0.390625 0.625 0.0 0.0
0.9345794392523361 1.08411214953271 0.11879714805069244 0.5762215285808054 0.0 0.0
0.44859813084112155 -0.26168224299065423 0.16800736080284617 0.5038911092686593 0.0 0.0
-1.6074766355140189 -0.8224299065420562 0.37890625 0.6155536126122565 0.0 0.0
-0.9345794392523366 0.44859813084112155 0.23828125 0.4881406047441659 0.0 0.0
0.0 -0.22429906542056077 0.4124392463394041 0.6794094808573165 0.0 0.0
-1.6822429906542058 0.07476635514018692 0.30078125 0.5484352742120077 0.0 0.0
0.6355140186915884 -0.5607476635514019 0.054826894423222285 0.29973947020704494 0.0 0.0
-0.8598130841121496 0.7102803738317753 0.375 0.6123724356957945 0.0 0.0
0.0 0.9345794392523361 -0.5407311960925105 0.8701974730973545 0.0 0.0
1.8317757009345792 -0.22429906542056077 0.28515625 0.5340002340823456 0.0 0.0
0.14953271028037385 0.6728971962616823 -0.34342194989318314 0.7926223248094683 0.0 0.0
1.6074766355140184 0.97196261682243 0.34765625 0.5896238207535377 0.0 0.0
0.5607476635514015 -0.9345794392523366 0.1953125 0.4419417382415922 0.0 0.0
-0.03738317757009346 -0.33644859813084116 0.47953428158456873 0.7743988398552373 0.0 0.0
0.3364485981308407 0.8971962616822431 -0.6625226883529278 1.004310274121427 0.0 0.0
0.18691588785046687 -1.0093457943925235 0.15234375 0.3903123748998999 0.0 0.0
0.3364485981308407 -1.6822429906542058 0.04296875 0.2072890493972125 0.0 0.0
0.8971962616822431 -1.3084112149532712 0.41796875 0.6465050270492876 0.0 0.0
1.2710280373831777 -0.7850467289719627 -0.03125 0.1767766952966369 0.0 0.0
0.6728971962616823 0.6728971962616823 -0.160891700234641 0.7790633160849522 0.0 0.0
-0.485981308411215 -1.4205607476635516 0.2890625 0.5376453291901642 0.0 0.0
0.5607476635514015 -0.4112149532710281 0.18393006866300202 0.5796011559684815 0.0 0.0
0.3738317757009346 -1.7196261682242993 0.390625 0.625 0.0 0.0
0.3364485981308407 0.3738317757009346 0.027218577827346657 0.5376453291901642 0.0 0.0
0.11214953271027994 1.94392523364486 -0.3671875 0.6059599821770412 0.0 0.0
1.94392523364486 0.22429906542056077 0.11328125 0.3365728004459065 0.0 0.0
0.6355140186915884 1.6074766355140184 0.20703125 0.4550068680800324 0.0 0.0
1.2336448598130838 1.4205607476635516 0.0625 0.25 0.0 0.0
1.3457943925233646 -0.5981308411214954 0.4140625 0.6434768838116876 0.0 0.0
-0.5607476635514019 1.9065420560747661 0.28125 0.5303300858899106 0.0 0.0
1.4579439252336446 -0.485981308411215 0.4140625 0.6434768838116876 0.0 0.0
-0.11214953271028039 -0.44859813084112155 0.5067174896266581 0.8602310615487656 0.0 0.0
0.07476635514018692 0.7476635514018692 -0.0632401842987283 0.5672678984372874 0.0 0.0
-0.485981308411215 -0.03738317757009346 0.24225496121393597 0.6313259240898254 0.0 0.0
1.3084112149532707 -0.485981308411215 0.36328125 0.6027281725620597 0.0 0.0
-1.869158878504673 -0.2990654205607477 0.1015625 0.31868871959954903 0.0 0.0
-0.14953271028037385 -1.3084112149532712 0.3984375 0.6312190586476298 0.0 0.0
0.0 -0.14953271028037385 0.422608679971733 0.6713315946262816 0.0 0.0
1.3457943925233646 0.0 -0.41015625 0.6404344228724749 0.0 0.0
-1.4205607476635516 0.8598130841121492 0.2734375 0.5229125165837972 0.0 0.0
-0.03738317757009346 -1.869158878504673 0.27734375 0.5266343608235224 0.0 0.0
0.97196261682243 1.2336448598130838 0.16726502859323783 0.5448623679425842 0.0 0.0
0.2616822429906538 -0.33644859813084116 0.051796555307431755 0.26160439716270734 0.0 0.0
-0.44859813084112155 0.7850467289719623 0.3530287876884226 0.6155536126122565 0.0 0.0
-0.7476635514018692 0.11214953271027994 0.06611788277186989 0.4994229325368828 0.0 0.0
-0.5981308411214954 -0.44859813084112155 0.7263960688899436 1.0623433474069892 0.0 0.0
0.41121495327102764 -1.532710280373832 0.265625 0.5153882032022076 0.0 0.0
0.11214953271027994 -0.3738317757009346 0.39462504610559146 0.6932938354054382 0.0 0.0
-0.8598130841121496 -1.1588785046728973 -0.1746821266401149 0.6155536126122565 0.0 0.0
-0.4112149532710281 1.4205607476635516 -0.375 0.6123724356957945 0.0 0.0
-1.5700934579439254 -0.7850467289719627 0.19140625 0.4375 0.0 0.0
-1.9065420560747666 -0.33644859813084116 0.34375 0.5863019699779287 0.0 0.0
-0.7102803738317758 1.8317757009345792 0.37890625 0.6155536126122565 0.0 0.0
0.14953271028037385 0.41121495327102764 0.04635792053430021 0.46351240544347894 0.0 0.0
-0.14953271028037385 -1.0093457943925235 0.668993579949922 0.9951537116947532 0.0 0.0
-0.9345794392523366 1.6074766355140184 0.38671875 0.6218671481916375 0.0 0.0
1.7943925233644862 -0.07476635514018692 0.2265625 0.4759858191164943 0.0 0.0
0.11214953271027994 -1.3457943925233646 0.2109375 0.4592793267718459 0.0 0.0
0.3738317757009346 1.6448598130841123 -0.17578125 0.4192627457812106 0.0 0.0
1.3831775700934577 -0.26168224299065423 0.40625 0.6373774391990981 0.0 0.0
-0.5607476635514019 0.6355140186915884 0.06574239022368483 0.2576941016011038 0.0 0.0
1.08411214953271 -0.5607476635514019 -0.2578125 0.5077524002897476 0.0 0.0
-1.1962616822429908 0.7476635514018692 -0.015625 0.125 0.0 0.0
0.5607476635514015 -0.5607476635514019 -0.17968749999999972 0.42389562394532926 0.0 0.0
0.14953271028037385 -1.532710280373832 0.1953125 0.4419417382415922 0.0 0.0
-0.33644859813084116 -1.5700934579439254 0.27734375 0.5266343608235224 0.0 0.0
0.2990654205607477 -1.457943925233645 0.35546875 0.596212000885591 0.0 0.0
-0.4112149532710281 1.94392523364486 -0.1484375 0.385275875185561 0.0 0.0
-0.07476635514018692 1.1214953271028039 -0.125 0.3535533905932738 0.0 0.0
1.046728971962617 0.48598130841121456 -0.11457468362636242 0.669252842543627 0.0 0.0
-1.1588785046728973 -1.1962616822429908 -0.06527303688302244 0.39528470752104744 0.0 0.0
-0.1869158878504673 1.4579439252336446 0.328125 0.57282196186948 0.0 0.0
0.7102803738317753 -1.7943925233644862 0.29296875 0.5412658773652742 0.0 0.0
0.41121495327102764 -1.457943925233645 0.3671875 0.6059599821770412 0.0 0.0
-1.457943925233645 0.48598130841121456 0.3984375 0.6312190586476298 0.0 0.0
0.03738317757009302 -1.4205607476635516 0.38671875 0.6218671481916375 0.0 0.0
-1.7570093457943927 -0.14953271028037385 -0.12109375 0.34798527267687634 0.0 0.0
0.6355140186915884 0.8598130841121492 -0.41285576274256097 0.8978754231435015 0.0 0.0
-1.3084112149532712 -0.03738317757009346 0.39453125 0.6281172263200556 0.0 0.0
-0.5233644859813085 -0.22429906542056077 0.319463288683759 0.7643553344927463 0.0 0.0
-1.869158878504673 -0.5607476635514019 -0.11328125 0.3365728004459065 0.0 0.0
-1.1962616822429908 0.5981308411214954 0.1484375 0.385275875185561 0.0 0.0
-0.22429906542056077 -0.7476635514018692 0.6339171895803173 1.0261533165958363 0.0 0.0
-0.11214953271028039 1.869158878504673 0.0078125 0.08838834764831845 0.0 0.0
-0.33644859813084116 0.5981308411214954 0.07562636627200982 0.40019526483955303 0.0 0.0
-0.2990654205607477 0.97196261682243 0.359375 0.5994789404140899 0.0 0.0
-1.457943925233645 -0.97196261682243 0.25 0.5 0.0 0.0
0.9345794392523361 -0.07476635514018692 -0.2392847673664419 0.7248755305105035 0.0 0.0
-0.3738317757009346 1.7943925233644862 0.32421875 0.5694020986965187 0.0 0.0
-1.3457943925233646 -0.5981308411214954 0.3203125 0.5659615711335886 0.0 0.0
0.97196261682243 -1.1214953271028039 0.28125 0.5303300858899106 0.0 0.0
0.5233644859813085 1.1588785046728969 -0.25669929573915806 0.7055307161834389 0.0 0.0
-0.5607476635514019 0.5981308411214954 0.31236093536194015 0.5590169943749475 0.0 0.0
-0.5233644859813085 1.5700934579439254 -0.2109375 0.4592793267718459 0.0 0.0
-0.14953271028037385 -0.5607476635514019 0.701296994610745 1.0117745496015849 0.0 0.0
1.4205607476635516 0.97196261682243 -0.21875 0.46770717334674267 0.0 0.0
0.6355140186915884 0.2990654205607477 -0.006524031676575337 0.6384193867303457 0.0 0.0
-0.11214953271028039 1.4953271028037385 0.37109375 0.6091746465505602 0.0 0.0
-1.457943925233645 -0.7102803738317758 -0.02734375 0.16535945694153692 0.0 0.0
0.3738317757009346 1.869158878504673 0.07421875 0.2724311839712921 0.0 0.0
0.03738317757009302 0.5607476635514015 0.1884001720384065 0.6187184335382291 0.0 0.0
-0.6355140186915889 -0.44859813084112155 0.6945282978077354 1.0506666196351109 0.0 0.0
1.1214953271028039 -1.457943925233645 0.2734375 0.5229125165837972 0.0 0.0
0.5981308411214954 -1.4953271028037385 -0.03125 0.1767766952966369 0.0 0.0
0.7102803738317753 -1.0093457943925235 0.3515625 0.5929270612815711 0.0 0.0
-1.2710280373831777 -0.33644859813084116 0.40234375 0.6343057228182637 0.0 0.0
-0.14953271028037385 1.869158878504673 -0.0390625 0.19764235376052372 0.0 0.0
0.44859813084112155 -1.6822429906542058 -0.3125 0.5590169943749475 0.0 0.0
-0.8971962616822431 -1.532710280373832 -0.16796875 0.409839907768875 0.0 0.0
0.44859813084112155 -0.4112149532710281 0.3548559300177838 0.6091746465505602 0.0 0.0
1.5700934579439254 -0.1869158878504673 0.19140625 0.4375 0.0 0.0
-0.6728971962616823 0.5607476635514015 0.3256532338350182 0.5719158309314724 0.0 0.0
1.2710280373831777 1.4205607476635516 0.03125 0.1767766952966369 0.0 0.0
1.4205607476635516 0.6728971962616823 -0.08203125 0.28641098093474 0.0 0.0
1.2336448598130838 -0.4112149532710281 -0.07421875 0.2724311839712921 0.0 0.0
-0.14953271028037385 0.9345794392523361 -0.5375162391673718 0.83199758313035 0.0 0.0
-0.22429906542056077 1.009345794392523 -0.1953125 0.4419417382415922 0.0 0.0
-0.33644859813084116 0.9345794392523361 0.375 0.6123724356957945 0.0 0.0
-0.5607476635514019 -1.0093457943925235 -0.0100128619733591 0.5994789404140899 0.0 0.0
0.6355140186915884 -1.2336448598130842 0.4140625 0.6434768838116876 0.0 0.0
-0.6728971962616823 -0.5607476635514019 0.47993574539645917 0.9595879275985699 0.0 0.0
0.03738317757009302 -0.8598130841121496 0.6537615091897162 0.9975084051673111 0.0 0.0
0.8224299065420562 0.5233644859813085 -0.24419772663178352 0.8245008812994483 0.0 0.0
-0.5981308411214954 -1.4205607476635516 0.21875 0.46770717334674267 0.0 0.0
-0.5233644859813085 0.6355140186915884 0.297423120365553 0.5484352742120077 0.0 0.0
-0.03738317757009346 -0.8971962616822431 0.5427682446373125 0.9455846018599421 0.0 0.0
0.7476635514018692 1.3457943925233646 0.2578125 0.5077524002897476 0.0 0.0
0.5607476635514015 -0.1869158878504673 -0.01760108275676886 0.4881876335114786 0.0 0.0
0.7476635514018692 -1.6074766355140189 0.21875 0.46770717334674267 0.0 0.0
0.22429906542056077 -0.22429906542056077 0.12890625 0.3590351654086268 0.0 0.0
-0.7476635514018692 0.2616822429906538 -0.14152145800867974 0.5191639914323797 0.0 0.0
0.18691588785046687 1.8317757009345792 -0.40625 0.6373774391990981 0.0 0.0
1.1588785046728969 0.6728971962616823 0.11002813217406293 0.596212000885591 0.0 0.0
-1.3457943925233646 -0.1869158878504673 0.37109375 0.6091746465505602 0.0 0.0
0.2616822429906538 0.3738317757009346 0.18779891506308607 0.6343057228182637 0.0 0.0
-0.6355140186915889 0.2990654205607477 0.4252007113977113 0.7280720587932369 0.0 0.0
0.6728971962616823 1.4205607476635516 0.41796875 0.6465050270492876 0.0 0.0
-0.8971962616822431 0.97196261682243 0.31640625 0.5625 0.0 0.0
0.6728971962616823 0.11214953271027994 -0.029576048625121032 0.6347456949442367 0.0 0.0
0.41121495327102764 1.2710280373831777 0.30078125 0.5484352742120077 0.0 0.0
-1.046728971962617 -1.4953271028037385 0.10546875 0.3247595264191645 0.0 0.0
-0.03738317757009346 0.03738317757009302 0.32421875000000006 0.5694020986965188 0.0 0.0
-1.1588785046728973 -0.9345794392523366 0.5464108800820708 0.8495457669626408 0.0 0.0
0.07476635514018692 1.7570093457943923 0.04296875 0.2072890493972125 0.0 0.0
-1.1588785046728973 0.7850467289719623 0.25 0.5 0.0 0.0
