data_processed/toy_model/toy_hvcs/toy_5_4.71238898038469_0.0_3.9269908169872414.ecsv
# %ECSV 1.0
# ---
# datatype:
# - {name: x, datatype: float64}
# - {name: y, datatype: float64}
# - {name: RM, datatype: float64}
# - {name: RM_uncert, datatype: float64}
# - {name: interpolation_raw, datatype: float64}
# - {name: interpolation_unc, datatype: float64}
# schema: astropy-2.0
x y RM RM_uncert interpolation_raw interpolation_unc
-0.6728971962616823 -0.7850467289719627 -0.018100772541828625 0.5529310943360458 0.0 0.0
0.14953271028037385 -1.8317757009345796 0.05859375 0.24206145913796356 0.0 0.0
1.9065420560747661 0.41121495327102764 0.0078125 0.08838834764831845 0.0 0.0
1.5327102803738315 -0.8224299065420562 0.12109375 0.34798527267687634 0.0 0.0
-1.046728971962617 0.03738317757009302 -0.125 0.3535533905932738 0.0 0.0
0.6728971962616823 1.3831775700934577 0.2421875 0.4921254921257382 0.0 0.0
-0.97196261682243 -1.0841121495327104 -0.046875 0.21650635094610965 0.0 0.0
-1.4205607476635516 1.009345794392523 0.21484375 0.46351240544347894 0.0 0.0
0.18691588785046687 1.7196261682242993 -0.09461967396991461 0.3903123748998999 0.0 0.0
1.3831775700934577 1.1962616822429908 -0.28515625 0.5340002340823456 0.0 0.0
-1.1962616822429908 1.2336448598130838 0.21875 0.46770717334674267 0.0 0.0
-1.2710280373831777 1.2710280373831777 0.29296875 0.5412658773652742 0.0 0.0
0.7102803738317753 -1.457943925233645 -0.0546875 0.23385358667337133 0.0 0.0
1.2710280373831777 -0.3738317757009346 0.01953125 0.13975424859373686 0.0 0.0
1.6074766355140184 -0.6355140186915889 0.1328125 0.3644344934278313 0.0 0.0
0.6355140186915884 -1.1962616822429908 0.18359375 0.42847841252506524 0.0 0.0
0.44859813084112155 0.2990654205607477 0.4686262630343283 0.7729222315787382 0.0 0.0
-0.8598130841121496 -0.44859813084112155 -0.006273437343497501 0.4248713036755895 0.0 0.0
1.7196261682242993 0.5233644859813085 -0.01171875 0.10825317547305482 0.0 0.0
0.2990654205607477 -0.11214953271028039 0.1970944328866346 0.4759858191164943 0.0 0.0
1.009345794392523 0.97196261682243 0.203125 0.45069390943299864 0.0 0.0
0.97196261682243 0.5607476635514015 0.33203125 0.5762215285808054 0.0 0.0
-0.33644859813084116 -1.6448598130841123 -0.30859375 0.5555121510822243 0.0 0.0
-1.383177570093458 1.046728971962617 0.2734375 0.5229125165837972 0.0 0.0
-0.7102803738317758 1.8317757009345792 0.29296875 0.5412658773652742 0.0 0.0
0.3364485981308407 -0.7102803738317758 -0.2488077999426453 0.7715386250119242 0.0 0.0
-1.1214953271028039 -0.6355140186915889 0.27734375 0.5266343608235224 0.0 0.0
-0.3738317757009346 0.41121495327102764 0.5304804554111018 0.9005336811148174 0.0 0.0
0.7850467289719623 -0.5607476635514019 0.1578688929905289 0.5519850541454905 0.0 0.0
-1.7570093457943927 0.44859813084112155 -0.12109375 0.34798527267687634 0.0 0.0
-0.03738317757009346 0.0 0.3046875 0.5519850541454905 0.0 0.0
-0.03738317757009346 1.3457943925233646 0.45018887375220756 0.8489347722318925 0.0 0.0
-1.457943925233645 -0.7850467289719627 0.32421875 0.5694020986965187 0.0 0.0
-0.6355140186915889 0.97196261682243 -0.07953359354989631 0.5796011559684815 0.0 0.0
-0.485981308411215 -0.7476635514018692 -0.6153183611334743 1.0078655526740403 0.0 0.0
0.44859813084112155 -0.8224299065420562 0.005527278690229065 0.57282196186948 0.0 0.0
1.8317757009345792 0.22429906542056077 -0.29296875 0.5412658773652742 0.0 0.0
-0.03738317757009346 -0.5981308411214954 -0.15612497392502278 0.7041616986531187 0.0 0.0
-0.14953271028037385 1.046728971962617 0.011008724263467495 0.6514301179151414 0.0 0.0
0.03738317757009302 -1.5700934579439254 -0.05671726109214162 0.44211511191575803 0.0 0.0
1.3831775700934577 0.7476635514018692 0.296875 0.5448623679425842 0.0 0.0
-0.9345794392523366 -0.6728971962616823 0.2578125 0.5077524002897476 0.0 0.0
-1.7196261682242993 0.6728971962616823 0.203125 0.45069390943299864 0.0 0.0
0.3364485981308407 -1.6822429906542058 -0.04296875 0.2072890493972125 0.0 0.0
0.07476635514018692 -0.8971962616822431 -0.0834844147742893 0.7254955751405922 0.0 0.0
1.3457943925233646 -0.5233644859813085 0.2890625 0.5376453291901642 0.0 0.0
-0.9345794392523366 0.5981308411214954 0.265625 0.5153882032022076 0.0 0.0
1.6822429906542054 -0.8224299065420562 0.18359375 0.42847841252506524 0.0 0.0
0.3738317757009346 -1.4205607476635516 0.10632817133645492 0.5191639914323797 0.0 0.0
-0.6728971962616823 -0.14953271028037385 -0.1545720802530921 0.5867711738882408 0.0 0.0
0.2616822429906538 -1.7570093457943927 -0.24609375 0.49607837082461076 0.0 0.0
-0.33644859813084116 -1.532710280373832 0.2109375 0.4592793267718459 0.0 0.0
-0.97196261682243 -0.9345794392523366 0.2734375 0.5229125165837972 0.0 0.0
-0.26168224299065423 1.9065420560747661 0.09375 0.30618621784789724 0.0 0.0
0.7476635514018692 -1.0093457943925235 0.31640625 0.5625 0.0 0.0
-1.6448598130841123 -0.22429906542056077 0.0703125 0.2651650429449553 0.0 0.0
0.9345794392523361 0.8598130841121492 0.19140625 0.4375 0.0 0.0
-1.383177570093458 -0.7850467289719627 -0.140625 0.375 0.0 0.0
1.3831775700934577 -1.1588785046728973 0.15234375 0.3903123748998999 0.0 0.0
0.8224299065420562 0.6355140186915884 0.046875 0.21650635094610965 0.0 0.0
-0.2990654205607477 -1.4953271028037385 -0.0699442218850444 0.46691909767120127 0.0 0.0
-1.3457943925233646 1.4205607476635516 0.28125 0.5303300858899106 0.0 0.0
-0.5981308411214954 -1.4953271028037385 0.2421875 0.4921254921257382 0.0 0.0
0.3738317757009346 -1.6074766355140189 -0.296875 0.5448623679425842 0.0 0.0
0.8224299065420562 -1.4953271028037385 0.17578125 0.4192627457812106 0.0 0.0
-0.97196261682243 1.1962616822429908 0.21484375 0.46351240544347894 0.0 0.0
-0.3738317757009346 -0.8598130841121496 -0.5721762769846781 0.9959963875282661 0.0 0.0
-0.3738317757009346 -0.44859813084112155 -0.25946676245668054 0.7522024494199424 0.0 0.0
1.4579439252336446 -1.1214953271028039 -0.2890625 0.5376453291901642 0.0 0.0
0.9345794392523361 -0.5607476635514019 0.16796875 0.409839907768875 0.0 0.0
-0.7476635514018692 -0.11214953271028039 0.1891578859091186 0.5590169943749475 0.0 0.0
-0.5607476635514019 -1.383177570093458 -0.21875 0.46770717334674267 0.0 0.0
0.5233644859813085 0.9345794392523361 -0.19400411067194745 0.6931585316505886 0.0 0.0
-1.9065420560747666 -0.11214953271028039 0.1796875 0.42389562394532926 0.0 0.0
0.5981308411214954 0.41121495327102764 0.41157625141005016 0.7647687577432151 0.0 0.0
1.4579439252336446 -0.4112149532710281 0.02734375 0.16535945694153692 0.0 0.0
-0.8971962616822431 -0.8224299065420562 0.0234375 0.15309310892394862 0.0 0.0
1.7570093457943923 0.2990654205607477 0.296875 0.5448623679425842 0.0 0.0
0.7102803738317753 -0.7476635514018692 0.11080520507490105 0.5625 0.0 0.0
1.1214953271028039 0.0 -0.07421875 0.2724311839712921 0.0 0.0
0.97196261682243 1.7196261682242993 0.18359375 0.42847841252506524 0.0 0.0
-1.8317757009345796 0.7476635514018692 -0.09765625 0.3125 0.0 0.0
1.6822429906542054 -0.6355140186915889 0.16015625 0.40019526483955303 0.0 0.0
-0.5607476635514019 -1.046728971962617 -0.6774529191338774 0.9739896499797905 0.0 0.0
-1.1962616822429908 -0.2990654205607477 0.30078125 0.5484352742120077 0.0 0.0
0.18691588785046687 1.4579439252336446 0.4289197818209842 0.7821418117208467 0.0 0.0
-0.7476635514018692 -1.6074766355140189 -0.26171875 0.5115845482420281 0.0 0.0
0.0 -1.3457943925233646 -0.08269141613807723 0.5940394197998602 0.0 0.0
1.1962616822429908 -0.22429906542056077 0.35546875 0.596212000885591 0.0 0.0
0.7850467289719623 1.5700934579439254 0.296875 0.5448623679425842 0.0 0.0
0.7850467289719623 1.2710280373831777 0.2578125 0.5077524002897476 0.0 0.0
-0.7102803738317758 -0.8598130841121496 0.30078125 0.5484352742120077 0.0 0.0
-1.5700934579439254 1.1588785046728969 0.19921875 0.44633927678392815 0.0 0.0
0.11214953271027994 0.8971962616822431 0.679750836143802 1.0570308284471197 0.0 0.0
0.11214953271027994 -1.7943925233644862 -0.10508364044993823 0.373971631143161 0.0 0.0
-0.26168224299065423 0.7476635514018692 0.6900526450091409 1.0593832120711946 0.0 0.0
1.2710280373831777 1.046728971962617 0.02734375 0.16535945694153692 0.0 0.0
0.18691588785046687 -1.0093457943925235 -0.33637062328570255 0.8597368763589271 0.0 0.0
0.0 -0.26168224299065423 0.2595276471462363 0.5929270612815711 0.0 0.0
-1.6448598130841123 -0.11214953271028039 0.2890625 0.5376453291901642 0.0 0.0
0.5233644859813085 1.4205607476635516 0.078125 0.2795084971874737 0.0 0.0
0.0 -1.869158878504673 0.24976563954923942 0.5153882032022076 0.0 0.0
1.7196261682242993 0.9345794392523361 0.25390625 0.5038911092686593 0.0 0.0
-0.33644859813084116 -0.7850467289719627 -0.7941476411939955 1.1085667694766927 0.0 0.0
1.1962616822429908 -0.485981308411215 0.28125 0.5303300858899106 0.0 0.0
-1.4205607476635516 1.1214953271028039 0.27734375 0.5266343608235224 0.0 0.0
-0.97196261682243 1.5327102803738315 -0.02734375 0.16535945694153692 0.0 0.0
0.2616822429906538 -1.383177570093458 0.05814375223158208 0.5153882032022076 0.0 0.0
1.869158878504673 -0.1869158878504673 0.3203125 0.5659615711335886 0.0 0.0
-0.485981308411215 1.7570093457943923 0.1015625 0.31868871959954903 0.0 0.0
0.6355140186915884 -0.22429906542056077 0.1245182883386258 0.4759858191164943 0.0 0.0
0.44859813084112155 -0.3738317757009346 0.08636109708036402 0.5077524002897476 0.0 0.0
0.5607476635514015 -1.1214953271028039 -0.022599166127055037 0.49438556032120323 0.0 0.0
1.7196261682242993 0.8971962616822431 0.10546875 0.3247595264191645 0.0 0.0
-0.11214953271028039 -1.3084112149532712 0.01276634489893197 0.5484352742120077 0.0 0.0
0.48598130841121456 0.48598130841121456 0.06096264737142043 0.5311134951616658 0.0 0.0
-0.485981308411215 -0.5233644859813085 -0.2791925937704707 0.8075488762551412 0.0 0.0
-0.5981308411214954 0.5233644859813085 0.2313830965022311 0.7692024720478102 0.0 0.0
-1.0093457943925235 -0.1869158878504673 0.02734375 0.16535945694153692 0.0 0.0
-1.046728971962617 -1.0093457943925235 0.09765625 0.3125 0.0 0.0
-0.14953271028037385 0.03738317757009302 0.270799808870289 0.5290376808324507 0.0 0.0
0.7102803738317753 0.11214953271027994 0.3382417603116691 0.6224315389047523 0.0 0.0
-0.4112149532710281 1.046728971962617 0.6170691121970087 0.9801534188044325 0.0 0.0
-0.97196261682243 0.2616822429906538 -0.125 0.3535533905932738 0.0 0.0
-1.9065420560747666 -0.07476635514018692 0.14453125 0.3801726581436387 0.0 0.0
1.4953271028037385 -0.14953271028037385 0.234375 0.4841229182759271 0.0 0.0
-0.8224299065420562 0.5607476635514015 0.2613497688025088 0.6841140530679206 0.0 0.0
0.6355140186915884 1.1962616822429908 0.22265625 0.47186465220442186 0.0 0.0
0.14953271028037385 1.3084112149532707 0.08616276611327284 0.599854592569354 0.0 0.0
-0.07476635514018692 -0.8598130841121496 -0.3287124084899566 0.8823369917327014 0.0 0.0
-0.14953271028037385 -1.1214953271028039 -0.1669962913543241 0.7408348889655834 0.0 0.0
-0.4112149532710281 1.6822429906542054 0.2109375 0.4592793267718459 0.0 0.0
1.1588785046728969 -1.2710280373831777 0.19921875 0.44633927678392815 0.0 0.0
-0.03738317757009346 -1.4205607476635516 0.05487219463740167 0.5303300858899106 0.0 0.0
-0.22429906542056077 -1.869158878504673 0.2265625 0.4759858191164943 0.0 0.0
-0.2990654205607477 0.5607476635514015 0.4960441513074482 0.9248619100248947 0.0 0.0
0.18691588785046687 -0.97196261682243 -0.19843747708606718 0.7821244812509927 0.0 0.0
1.3457943925233646 1.3084112149532707 -0.359375 0.5994789404140899 0.0 0.0
-0.5607476635514019 0.0 0.23437499999999994 0.4841229182759271 0.0 0.0
1.4953271028037385 0.8598130841121492 0.3125 0.5590169943749475 0.0 0.0
-1.9813084112149535 0.03738317757009302 0.1015625 0.31868871959954903 0.0 0.0
1.6448598130841123 -0.485981308411215 -0.00390625 0.0625 0.0 0.0
-1.1962616822429908 -1.3084112149532712 0.21875 0.46770717334674267 0.0 0.0
-1.532710280373832 1.009345794392523 0.296875 0.5448623679425842 0.0 0.0
-0.5981308411214954 0.7476635514018692 0.171932329129575 0.7181501641433705 0.0 0.0
-0.33644859813084116 -0.7476635514018692 -0.7750617379135935 1.0983503429357988 0.0 0.0
0.14953271028037385 -1.1962616822429908 -0.3374101593466937 0.8190934432000951 0.0 0.0
-0.7850467289719627 -0.14953271028037385 0.16681052426247478 0.5412658773652742 0.0 0.0
-0.1869158878504673 0.7850467289719623 0.32229024929695366 0.8727932164000287 0.0 0.0
-1.6074766355140189 0.22429906542056077 0.2109375 0.4592793267718459 0.0 0.0
0.9345794392523361 -0.1869158878504673 0.12890625 0.3590351654086268 0.0 0.0
0.14953271028037385 -1.2710280373831777 -0.16142873676888952 0.6750333129096512 0.0 0.0
1.5327102803738315 -1.046728971962617 0.2265625 0.4759858191164943 0.0 0.0
0.7850467289719623 -0.8598130841121496 0.02734375 0.16535945694153692 0.0 0.0
-0.44859813084112155 1.3084112149532707 0.07550013367381506 0.5253572759062447 0.0 0.0
-1.383177570093458 0.8971962616822431 0.09375 0.30618621784789724 0.0 0.0
0.03738317757009302 1.869158878504673 0.33197510239532413 0.5895285869155527 0.0 0.0
0.6728971962616823 0.2990654205607477 0.42528397317946837 0.7414760254781922 0.0 0.0
-0.22429906542056077 -1.8317757009345796 0.18359375 0.42847841252506524 0.0 0.0
-0.5607476635514019 -0.22429906542056077 -0.24365864753421954 0.6665947382543903 0.0 0.0
-1.7943925233644862 0.18691588785046687 0.11328125 0.3365728004459065 0.0 0.0
-1.869158878504673 -0.4112149532710281 0.203125 0.45069390943299864 0.0 0.0
-1.6448598130841123 0.22429906542056077 0.17578125 0.4192627457812106 0.0 0.0
-1.3457943925233646 0.41121495327102764 0.16015625 0.40019526483955303 0.0 0.0
-0.7476635514018692 -0.5607476635514019 0.04930430367064492 0.5590169943749475 0.0 0.0
1.1214953271028039 -1.2710280373831777 0.1875 0.4330127018922193 0.0 0.0
1.3457943925233646 1.1962616822429908 -0.2890625 0.5376453291901642 0.0 0.0
1.2710280373831777 0.22429906542056077 0.2734375 0.5229125165837972 0.0 0.0
-0.07476635514018692 1.08411214953271 0.16663545484646464 0.7560106875520539 0.0 0.0
-1.6074766355140189 0.6355140186915884 0.33203125 0.5762215285808054 0.0 0.0
-0.9345794392523366 0.5233644859813085 0.23046875 0.480071609241788 0.0 0.0
1.1214953271028039 1.6074766355140184 0.32421875 0.5694020986965187 0.0 0.0
