data_processed/toy_model/toy_hvcs/toy_3_0.7853981633974483_2.356194490192345_3.141592653589793.ecsv
# %ECSV 1.0
# ---
# datatype:
# - {name: x, datatype: float64}
# - {name: y, datatype: float64}
# - {name: RM, datatype: float64}
# - {name: RM_uncert, datatype: float64}
# - {name: interpolation_raw, datatype: float64}
# - {name: interpolation_unc, datatype: float64}
# schema: astropy-2.0
x y RM RM_uncert interpolation_raw interpolation_unc
0.18691588785046687 -0.07476635514018692 -0.1426847919313457 0.6157268744034902 0.0 0.0
-0.7476635514018692 0.8598130841121492 -0.06640625 0.2576941016011038 0.0 0.0
1.046728971962617 -0.03738317757009346 0.30859375 0.5555121510822243 0.0 0.0
0.3738317757009346 1.009345794392523 -0.5226371928232478 0.8740848846916961 0.0 0.0
-0.8598130841121496 -0.11214953271028039 0.3144701598897556 0.7342319591106826 0.0 0.0
-0.2990654205607477 1.3831775700934577 0.41796875 0.6465050270492876 0.0 0.0
1.8317757009345792 -0.44859813084112155 0.2109375 0.4592793267718459 0.0 0.0
0.41121495327102764 0.14953271028037385 -0.7439500018539952 1.14377117628833 0.0 0.0
-0.1869158878504673 0.7476635514018692 -0.45460471289888704 0.9555708638284102 0.0 0.0
0.2616822429906538 1.2710280373831777 0.37109375 0.6091746465505602 0.0 0.0
-0.485981308411215 -0.97196261682243 0.12059271590007054 0.6210609324375034 0.0 0.0
1.046728971962617 1.4953271028037385 0.08984375 0.29973947020704494 0.0 0.0
0.11214953271027994 1.2336448598130838 0.2578125 0.5077524002897476 0.0 0.0
-1.0841121495327104 0.07476635514018692 -0.12109375 0.34798527267687634 0.0 0.0
-0.97196261682243 1.1214953271028039 0.35546875 0.596212000885591 0.0 0.0
-1.1214953271028039 -1.5700934579439254 -0.18359375 0.42847841252506524 0.0 0.0
-0.8971962616822431 1.1962616822429908 0.1796875 0.42389562394532926 0.0 0.0
1.3457943925233646 -1.1214953271028039 0.35546875 0.596212000885591 0.0 0.0
-0.1869158878504673 1.7570093457943923 0.39453125 0.6281172263200556 0.0 0.0
-0.5981308411214954 0.2990654205607477 0.1519348616953347 0.49525344359294404 0.0 0.0
0.8224299065420562 -1.6448598130841123 0.39453125 0.6281172263200556 0.0 0.0
0.14953271028037385 -0.22429906542056077 0.14390072767877343 0.5077524002897476 0.0 0.0
-1.0841121495327104 -0.4112149532710281 0.1484375 0.385275875185561 0.0 0.0
0.48598130841121456 -1.1214953271028039 0.34765625 0.5896238207535377 0.0 0.0
0.41121495327102764 0.11214953271027994 -0.43912453702177856 0.9859001339098992 0.0 0.0
0.2616822429906538 0.2616822429906538 -0.14293638823505117 0.8201167761179516 0.0 0.0
-0.8971962616822431 -1.0093457943925235 0.186727202999247 0.7278079458198392 0.0 0.0
0.11214953271027994 1.2710280373831777 0.265625 0.5153882032022076 0.0 0.0
0.6355140186915884 -0.8971962616822431 -0.03125 0.1767766952966369 0.0 0.0
-0.5981308411214954 -1.6448598130841123 0.19140625 0.4375 0.0 0.0
0.22429906542056077 -1.7196261682242993 -0.31640625 0.5625 0.0 0.0
0.44859813084112155 1.6448598130841123 0.1015625 0.31868871959954903 0.0 0.0
1.2710280373831777 -1.2336448598130842 0.16015625 0.40019526483955303 0.0 0.0
1.1962616822429908 -1.4205607476635516 0.37109375 0.6091746465505602 0.0 0.0
0.3738317757009346 1.4953271028037385 -0.34765625 0.5896238207535377 0.0 0.0
0.5607476635514015 1.8317757009345792 -0.30078125 0.5484352742120077 0.0 0.0
1.4579439252336446 -0.2990654205607477 0.34375 0.5863019699779287 0.0 0.0
1.009345794392523 -0.11214953271028039 0.33203125 0.5762215285808054 0.0 0.0
1.1214953271028039 -0.97196261682243 0.203125 0.45069390943299864 0.0 0.0
-0.11214953271028039 1.9065420560747661 0.2265625 0.4759858191164943 0.0 0.0
-1.383177570093458 -0.3738317757009346 0.078125 0.2795084971874737 0.0 0.0
1.3831775700934577 -0.33644859813084116 0.28515625 0.5340002340823456 0.0 0.0
0.48598130841121456 -1.1962616822429908 0.34375 0.5863019699779287 0.0 0.0
-0.3738317757009346 -1.3457943925233646 0.32421875 0.5694020986965187 0.0 0.0
1.2336448598130838 -0.7476635514018692 0.3984375 0.6312190586476298 0.0 0.0
1.3831775700934577 -0.14953271028037385 0.22265625 0.47186465220442186 0.0 0.0
0.8971962616822431 0.7102803738317753 -0.8148897098216048 1.3852226967687216 0.0 0.0
0.7476635514018692 -1.457943925233645 0.30078125 0.5484352742120077 0.0 0.0
0.2990654205607477 1.869158878504673 -0.16796875 0.409839907768875 0.0 0.0
-0.9345794392523366 0.5981308411214954 0.3515625 0.5929270612815711 0.0 0.0
0.22429906542056077 -1.4953271028037385 0.38671875 0.6218671481916375 0.0 0.0
-0.8971962616822431 1.009345794392523 0.37109375 0.6091746465505602 0.0 0.0
-0.11214953271028039 1.7943925233644862 0.40625 0.6373774391990981 0.0 0.0
-0.1869158878504673 -0.5607476635514019 0.640781921584232 0.9603066401772217 0.0 0.0
-1.0841121495327104 0.9345794392523361 0.26171875 0.5115845482420281 0.0 0.0
-0.8971962616822431 0.9345794392523361 0.31640625 0.5625 0.0 0.0
1.3831775700934577 -1.0841121495327104 -0.16796875 0.409839907768875 0.0 0.0
-1.3084112149532712 0.8971962616822431 -0.12109375 0.34798527267687634 0.0 0.0
0.5233644859813085 -0.14953271028037385 -0.1329129300555768 0.7263226625344645 0.0 0.0
-0.26168224299065423 0.41121495327102764 0.15098314278585934 0.6187184335382291 0.0 0.0
-0.7102803738317758 1.1214953271028039 0.33203125 0.5762215285808054 0.0 0.0
-0.97196261682243 1.1588785046728969 0.40234375 0.6343057228182637 0.0 0.0
0.7102803738317753 -0.7476635514018692 0.40234375 0.6343057228182637 0.0 0.0
0.8598130841121492 -1.3457943925233646 0.390625 0.625 0.0 0.0
-0.11214953271028039 0.6728971962616823 -0.28127481720649883 0.9143233205015596 0.0 0.0
0.22429906542056077 1.3084112149532707 0.14453125 0.3801726581436387 0.0 0.0
0.22429906542056077 0.6728971962616823 -1.0666020643334373 1.3934840790862573 0.0 0.0
1.3457943925233646 -0.9345794392523366 0.17578125 0.4192627457812106 0.0 0.0
0.11214953271027994 0.44859813084112155 -0.47024334661183786 1.0169742834623086 0.0 0.0
-1.2336448598130842 -0.97196261682243 0.5571932948781249 0.8461377486888584 0.0 0.0
-0.03738317757009346 -1.8317757009345796 0.37109375 0.6091746465505602 0.0 0.0
1.4579439252336446 0.0 0.3046875 0.5519850541454905 0.0 0.0
1.3084112149532707 0.5233644859813085 0.41015625 0.6404344228724749 0.0 0.0
1.2710280373831777 1.1588785046728969 -0.2541335036526423 0.6792584245375869 0.0 0.0
-1.4953271028037385 -1.2710280373831777 0.4140625 0.6434768838116876 0.0 0.0
-0.03738317757009346 -1.046728971962617 0.10546875 0.3247595264191645 0.0 0.0
-0.2990654205607477 0.7850467289719623 0.018377245700400835 0.5191639914323797 0.0 0.0
0.3364485981308407 1.4579439252336446 -0.15625 0.39528470752104744 0.0 0.0
0.97196261682243 0.2616822429906538 -0.20771742642285282 0.6741641883441345 0.0 0.0
1.1962616822429908 0.3738317757009346 0.359375 0.5994789404140899 0.0 0.0
-0.07476635514018692 -1.4953271028037385 -0.16796875 0.409839907768875 0.0 0.0
0.6728971962616823 -0.7850467289719627 0.3359375 0.5796011559684815 0.0 0.0
-0.6355140186915889 1.2336448598130838 -0.18359375 0.42847841252506524 0.0 0.0
-0.22429906542056077 0.22429906542056077 0.19179366172519455 0.5896238207535377 0.0 0.0
-0.22429906542056077 -1.2336448598130842 0.34375 0.5863019699779287 0.0 0.0
-1.6074766355140189 1.009345794392523 0.31640625 0.5625 0.0 0.0
-1.383177570093458 0.8971962616822431 0.1796875 0.42389562394532926 0.0 0.0
0.2616822429906538 1.5700934579439254 -0.33203125 0.5762215285808054 0.0 0.0
-0.5233644859813085 -1.7943925233644862 0.1875 0.4330127018922193 0.0 0.0
0.03738317757009302 0.41121495327102764 -0.7714958006600185 1.1145449077179606 0.0 0.0
0.18691588785046687 0.8598130841121492 -0.3945146402068701 1.0019346437835854 0.0 0.0
-0.9345794392523366 -0.9345794392523366 0.8261863640164002 1.1127938838944076 0.0 0.0
1.046728971962617 -1.3457943925233646 0.390625 0.625 0.0 0.0
0.9345794392523361 1.08411214953271 -0.4282313656222998 1.0901807103616352 0.0 0.0
0.44859813084112155 -0.26168224299065423 0.0011637360758578463 0.5038911092686593 0.0 0.0
-1.6074766355140189 -0.8224299065420562 0.37890625 0.6155536126122565 0.0 0.0
-0.9345794392523366 0.44859813084112155 0.23828125 0.4881406047441659 0.0 0.0
0.0 -0.22429906542056077 0.3341784833500958 0.6027281725620597 0.0 0.0
-1.6822429906542058 0.07476635514018692 0.30078125 0.5484352742120077 0.0 0.0
0.6355140186915884 -0.5607476635514019 -0.009088022694248785 0.3286636508476372 0.0 0.0
-0.8598130841121496 0.7102803738317753 0.375 0.6123724356957945 0.0 0.0
0.0 0.9345794392523361 -0.3441935066977086 0.6034635559794951 0.0 0.0
1.8317757009345792 -0.22429906542056077 0.28515625 0.5340002340823456 0.0 0.0
0.14953271028037385 0.6728971962616823 -0.8630018602883198 1.2912822970120204 0.0 0.0
1.6074766355140184 0.97196261682243 0.34765625 0.5896238207535377 0.0 0.0
0.5607476635514015 -0.9345794392523366 0.1953125 0.4419417382415922 0.0 0.0
-0.03738317757009346 -0.33644859813084116 0.42480359235929965 0.7001658265858163 0.0 0.0
0.3364485981308407 0.8971962616822431 -0.9901484990273495 1.2899188920450382 0.0 0.0
0.18691588785046687 -1.0093457943925235 0.15234375 0.3903123748998999 0.0 0.0
0.3364485981308407 -1.6822429906542058 0.04296875 0.2072890493972125 0.0 0.0
0.8971962616822431 -1.3084112149532712 0.41796875 0.6465050270492876 0.0 0.0
1.2710280373831777 -0.7850467289719627 -0.03125 0.1767766952966369 0.0 0.0
0.6728971962616823 0.6728971962616823 -1.0105714244468786 1.5186504202395485 0.0 0.0
-0.485981308411215 -1.4205607476635516 0.2890625 0.5376453291901642 0.0 0.0
0.5607476635514015 -0.4112149532710281 0.14503447802894784 0.5796011559684815 0.0 0.0
0.3738317757009346 -1.7196261682242993 0.390625 0.625 0.0 0.0
0.3364485981308407 0.3738317757009346 -0.3990824443670068 1.042701965440755 0.0 0.0
0.11214953271027994 1.94392523364486 -0.3671875 0.6059599821770412 0.0 0.0
1.94392523364486 0.22429906542056077 0.11328125 0.3365728004459065 0.0 0.0
0.6355140186915884 1.6074766355140184 0.20703125 0.4550068680800324 0.0 0.0
1.2336448598130838 1.4205607476635516 0.0625 0.25 0.0 0.0
1.3457943925233646 -0.5981308411214954 0.4140625 0.6434768838116876 0.0 0.0
-0.5607476635514019 1.9065420560747661 0.28125 0.5303300858899106 0.0 0.0
1.4579439252336446 -0.485981308411215 0.4140625 0.6434768838116876 0.0 0.0
-0.11214953271028039 -0.44859813084112155 0.45451026225623625 0.7972346107090889 0.0 0.0
0.07476635514018692 0.7476635514018692 -0.5180316897284587 1.1096737716360234 0.0 0.0
-0.485981308411215 -0.03738317757009346 0.255742419737506 0.6523398956640717 0.0 0.0
1.3084112149532707 -0.485981308411215 0.36328125 0.6027281725620597 0.0 0.0
-1.869158878504673 -0.2990654205607477 0.1015625 0.31868871959954903 0.0 0.0
-0.14953271028037385 -1.3084112149532712 0.3984375 0.6312190586476298 0.0 0.0
0.0 -0.14953271028037385 0.31830610005374 0.6281172263200556 0.0 0.0
1.3457943925233646 0.0 -0.41015625 0.6404344228724749 0.0 0.0
-1.4205607476635516 0.8598130841121492 0.2734375 0.5229125165837972 0.0 0.0
-0.03738317757009346 -1.869158878504673 0.27734375 0.5266343608235224 0.0 0.0
0.97196261682243 1.2336448598130838 0.19663138133785296 0.5448623679425842 0.0 0.0
0.2616822429906538 -0.33644859813084116 -0.061234236633226136 0.3970198021087264 0.0 0.0
-0.44859813084112155 0.7850467289719623 0.3493154469730962 0.6155536126122565 0.0 0.0
-0.7476635514018692 0.11214953271027994 0.08924234260235295 0.5437574691024537 0.0 0.0
-0.5981308411214954 -0.44859813084112155 0.7172573216848719 1.0537057907071328 0.0 0.0
0.41121495327102764 -1.532710280373832 0.265625 0.5153882032022076 0.0 0.0
0.11214953271027994 -0.3738317757009346 0.31927003838687373 0.5744095462070138 0.0 0.0
-0.8598130841121496 -1.1588785046728973 -0.16199437677397985 0.6155536126122565 0.0 0.0
-0.4112149532710281 1.4205607476635516 -0.375 0.6123724356957945 0.0 0.0
-1.5700934579439254 -0.7850467289719627 0.19140625 0.4375 0.0 0.0
-1.9065420560747666 -0.33644859813084116 0.34375 0.5863019699779287 0.0 0.0
-0.7102803738317758 1.8317757009345792 0.37890625 0.6155536126122565 0.0 0.0
0.14953271028037385 0.41121495327102764 -0.3494187518539952 0.9558667552059703 0.0 0.0
-0.14953271028037385 -1.0093457943925235 0.34765625 0.5896238207535377 0.0 0.0
-0.9345794392523366 1.6074766355140184 0.38671875 0.6218671481916375 0.0 0.0
1.7943925233644862 -0.07476635514018692 0.2265625 0.4759858191164943 0.0 0.0
0.11214953271027994 -1.3457943925233646 0.2109375 0.4592793267718459 0.0 0.0
0.3738317757009346 1.6448598130841123 -0.17578125 0.4192627457812106 0.0 0.0
1.3831775700934577 -0.26168224299065423 0.40625 0.6373774391990981 0.0 0.0
-0.5607476635514019 0.6355140186915884 -0.03252552269424866 0.36257040059621154 0.0 0.0
1.08411214953271 -0.5607476635514019 -0.2578125 0.5077524002897476 0.0 0.0
-1.1962616822429908 0.7476635514018692 -0.015625 0.125 0.0 0.0
0.5607476635514015 -0.5607476635514019 -0.24586047888377427 0.5585995504541232 0.0 0.0
0.14953271028037385 -1.532710280373832 0.1953125 0.4419417382415922 0.0 0.0
-0.33644859813084116 -1.5700934579439254 0.27734375 0.5266343608235224 0.0 0.0
0.2990654205607477 -1.457943925233645 0.35546875 0.596212000885591 0.0 0.0
-0.4112149532710281 1.94392523364486 -0.1484375 0.385275875185561 0.0 0.0
-0.07476635514018692 1.1214953271028039 -0.125 0.3535533905932738 0.0 0.0
1.046728971962617 0.48598130841121456 -0.017226053338552344 0.5031919183344509 0.0 0.0
-1.1588785046728973 -1.1962616822429908 0.09587159194575146 0.5899094709288052 0.0 0.0
-0.1869158878504673 1.4579439252336446 0.328125 0.57282196186948 0.0 0.0
0.7102803738317753 -1.7943925233644862 0.29296875 0.5412658773652742 0.0 0.0
0.41121495327102764 -1.457943925233645 0.3671875 0.6059599821770412 0.0 0.0
-1.457943925233645 0.48598130841121456 0.3984375 0.6312190586476298 0.0 0.0
0.03738317757009302 -1.4205607476635516 0.38671875 0.6218671481916375 0.0 0.0
-1.7570093457943927 -0.14953271028037385 -0.12109375 0.34798527267687634 0.0 0.0
0.6355140186915884 0.8598130841121492 -1.1225372469105783 1.4918254736466852 0.0 0.0
-1.3084112149532712 -0.03738317757009346 0.39453125 0.6281172263200556 0.0 0.0
-0.5233644859813085 -0.22429906542056077 0.33341764960629766 0.782398746939561 0.0 0.0
-1.869158878504673 -0.5607476635514019 -0.11328125 0.3365728004459065 0.0 0.0
-1.1962616822429908 0.5981308411214954 0.1484375 0.385275875185561 0.0 0.0
-0.22429906542056077 -0.7476635514018692 0.5315231239348044 0.9209790974118841 0.0 0.0
-0.11214953271028039 1.869158878504673 0.0078125 0.08838834764831845 0.0 0.0
-0.33644859813084116 0.5981308411214954 -0.11921297531235586 0.6313336682172999 0.0 0.0
-0.2990654205607477 0.97196261682243 0.359375 0.5994789404140899 0.0 0.0
-1.457943925233645 -0.97196261682243 0.25 0.5 0.0 0.0
0.9345794392523361 -0.07476635514018692 0.046875 0.21650635094610965 0.0 0.0
-0.3738317757009346 1.7943925233644862 0.32421875 0.5694020986965187 0.0 0.0
-1.3457943925233646 -0.5981308411214954 0.3203125 0.5659615711335886 0.0 0.0
0.97196261682243 -1.1214953271028039 0.28125 0.5303300858899106 0.0 0.0
0.5233644859813085 1.1588785046728969 -0.015625 0.125 0.0 0.0
-0.5607476635514019 0.5981308411214954 0.2300689824898018 0.5590169943749475 0.0 0.0
-0.5233644859813085 1.5700934579439254 -0.2109375 0.4592793267718459 0.0 0.0
-0.14953271028037385 -0.5607476635514019 0.6449129901556114 0.9544211493419573 0.0 0.0
1.4205607476635516 0.97196261682243 -0.21875 0.46770717334674267 0.0 0.0
0.6355140186915884 0.2990654205607477 -0.5218675368928645 1.1992774173583562 0.0 0.0
-0.11214953271028039 1.4953271028037385 0.37109375 0.6091746465505602 0.0 0.0
-1.457943925233645 -0.7102803738317758 -0.02734375 0.16535945694153692 0.0 0.0
0.3738317757009346 1.869158878504673 0.07421875 0.2724311839712921 0.0 0.0
0.03738317757009302 0.5607476635514015 -0.21296957147043172 0.8993062008798024 0.0 0.0
-0.6355140186915889 -0.44859813084112155 0.6831657343369908 1.0397957581534853 0.0 0.0
1.1214953271028039 -1.457943925233645 0.2734375 0.5229125165837972 0.0 0.0
0.5981308411214954 -1.4953271028037385 -0.03125 0.1767766952966369 0.0 0.0
0.7102803738317753 -1.0093457943925235 0.3515625 0.5929270612815711 0.0 0.0
-1.2710280373831777 -0.33644859813084116 0.40234375 0.6343057228182637 0.0 0.0
-0.14953271028037385 1.869158878504673 -0.0390625 0.19764235376052372 0.0 0.0
0.44859813084112155 -1.6822429906542058 -0.3125 0.5590169943749475 0.0 0.0
-0.8971962616822431 -1.532710280373832 -0.16796875 0.409839907768875 0.0 0.0
0.44859813084112155 -0.4112149532710281 0.2359419314282506 0.6091746465505602 0.0 0.0
1.5700934579439254 -0.1869158878504673 0.19140625 0.4375 0.0 0.0
-0.6728971962616823 0.5607476635514015 0.3597924899522375 0.6287815438643815 0.0 0.0
1.2710280373831777 1.4205607476635516 0.03125 0.1767766952966369 0.0 0.0
1.4205607476635516 0.6728971962616823 -0.08203125 0.28641098093474 0.0 0.0
1.2336448598130838 -0.4112149532710281 -0.07421875 0.2724311839712921 0.0 0.0
-0.14953271028037385 0.9345794392523361 -0.3828125 0.6187184335382291 0.0 0.0
-0.22429906542056077 1.009345794392523 -0.1953125 0.4419417382415922 0.0 0.0
-0.33644859813084116 0.9345794392523361 0.375 0.6123724356957945 0.0 0.0
-0.5607476635514019 -1.0093457943925235 -0.09965625877702622 0.5994789404140899 0.0 0.0
0.6355140186915884 -1.2336448598130842 0.4140625 0.6434768838116876 0.0 0.0
-0.6728971962616823 -0.5607476635514019 0.47359165133407893 0.9529537253550971 0.0 0.0
0.03738317757009302 -0.8598130841121496 0.4879252263384516 0.8144632911782478 0.0 0.0
0.8224299065420562 0.5233644859813085 -0.8626043857898353 1.3844186583471312 0.0 0.0
-0.5981308411214954 -1.4205607476635516 0.21875 0.46770717334674267 0.0 0.0
-0.5233644859813085 0.6355140186915884 0.16864196932804623 0.5484352742120077 0.0 0.0
-0.03738317757009346 -0.8971962616822431 0.3690700349509759 0.7394145115575916 0.0 0.0
0.7476635514018692 1.3457943925233646 0.2578125 0.5077524002897476 0.0 0.0
0.5607476635514015 -0.1869158878504673 -0.18575934889539197 0.7580525692791918 0.0 0.0
0.7476635514018692 -1.6074766355140189 0.21875 0.46770717334674267 0.0 0.0
0.22429906542056077 -0.22429906542056077 0.12890625 0.3590351654086268 0.0 0.0
-0.7476635514018692 0.2616822429906538 -0.11505325138507844 0.5191639914323797 0.0 0.0
0.18691588785046687 1.8317757009345792 -0.40625 0.6373774391990981 0.0 0.0
1.1588785046728969 0.6728971962616823 0.34071448583547853 0.596212000885591 0.0 0.0
-1.3457943925233646 -0.1869158878504673 0.37109375 0.6091746465505602 0.0 0.0
0.2616822429906538 0.3738317757009346 -0.22334122534353384 0.9214261775568717 0.0 0.0
-0.6355140186915889 0.2990654205607477 0.4414487075425303 0.7500566079204026 0.0 0.0
0.6728971962616823 1.4205607476635516 0.41796875 0.6465050270492876 0.0 0.0
-0.8971962616822431 0.97196261682243 0.31640625 0.5625 0.0 0.0
0.6728971962616823 0.11214953271027994 -0.42517877473589183 1.0927522818424054 0.0 0.0
0.41121495327102764 1.2710280373831777 0.30078125 0.5484352742120077 0.0 0.0
-1.046728971962617 -1.4953271028037385 0.10546875 0.3247595264191645 0.0 0.0
-0.03738317757009346 0.03738317757009302 0.15612423374622492 0.5694020986965187 0.0 0.0
-1.1588785046728973 -0.9345794392523366 0.6077405844289541 0.9189055549173202 0.0 0.0
0.07476635514018692 1.7570093457943923 0.04296875 0.2072890493972125 0.0 0.0
-1.1588785046728973 0.7850467289719623 0.25 0.5 0.0 0.0
