data_processed/toy_model/toy_hvcs/toy_3_4.71238898038469_0.0_0.0.ecsv
# %ECSV 1.0
# ---
# datatype:
# - {name: x, datatype: float64}
# - {name: y, datatype: float64}
# - {name: RM, datatype: float64}
# - {name: RM_uncert, datatype: float64}
# - {name: interpolation_raw, datatype: float64}
# - {name: interpolation_unc, datatype: float64}
# schema: astropy-2.0
x y RM RM_uncert interpolation_raw interpolation_unc
0.18691588785046687 -0.07476635514018692 0.1317265777954374 0.41195042856013003 0.0 0.0
-0.7476635514018692 0.8598130841121492 -0.06640625 0.2576941016011038 0.0 0.0
1.046728971962617 -0.03738317757009346 0.30859375 0.5555121510822243 0.0 0.0
0.3738317757009346 1.009345794392523 -0.8416421440044748 1.1840752881506098 0.0 0.0
-0.8598130841121496 -0.11214953271028039 0.22491886088188026 0.5999949764487704 0.0 0.0
-0.2990654205607477 1.3831775700934577 0.39889003811516155 0.6465050270492876 0.0 0.0
1.8317757009345792 -0.44859813084112155 0.2109375 0.4592793267718459 0.0 0.0
0.41121495327102764 0.14953271028037385 -0.264481196471677 0.5909948332628248 0.0 0.0
-0.1869158878504673 0.7476635514018692 -0.8550629186364107 1.309210482417866 0.0 0.0
0.2616822429906538 1.2710280373831777 -0.09119813095518847 0.7439690933838428 0.0 0.0
-0.485981308411215 -0.97196261682243 -0.04088532992651876 0.3801726581436387 0.0 0.0
1.046728971962617 1.4953271028037385 0.08984375 0.29973947020704494 0.0 0.0
0.11214953271027994 1.2336448598130838 -0.7831115657428305 1.3505686326453983 0.0 0.0
-1.0841121495327104 0.07476635514018692 -0.12109375 0.34798527267687634 0.0 0.0
-0.97196261682243 1.1214953271028039 0.35546875 0.596212000885591 0.0 0.0
-1.1214953271028039 -1.5700934579439254 -0.18359375 0.42847841252506524 0.0 0.0
-0.8971962616822431 1.1962616822429908 0.1796875 0.42389562394532926 0.0 0.0
1.3457943925233646 -1.1214953271028039 0.35546875 0.596212000885591 0.0 0.0
-0.1869158878504673 1.7570093457943923 0.39453125 0.6281172263200556 0.0 0.0
-0.5981308411214954 0.2990654205607477 -0.2589081026832048 0.7592166722131499 0.0 0.0
0.8224299065420562 -1.6448598130841123 0.39453125 0.6281172263200556 0.0 0.0
0.14953271028037385 -0.22429906542056077 0.38416096982555636 0.7144994329256761 0.0 0.0
-1.0841121495327104 -0.4112149532710281 0.1484375 0.385275875185561 0.0 0.0
0.48598130841121456 -1.1214953271028039 0.34765625 0.5896238207535377 0.0 0.0
0.41121495327102764 0.11214953271027994 0.03342251879684243 0.30618621784789724 0.0 0.0
0.2616822429906538 0.2616822429906538 0.22448050015905407 0.6218671481916375 0.0 0.0
-0.8971962616822431 -1.0093457943925235 -0.15625 0.39528470752104744 0.0 0.0
0.11214953271027994 1.2710280373831777 -0.7370833055940369 1.3190116038868172 0.0 0.0
0.6355140186915884 -0.8971962616822431 -0.03125 0.1767766952966369 0.0 0.0
-0.5981308411214954 -1.6448598130841123 0.19140625 0.4375 0.0 0.0
0.22429906542056077 -1.7196261682242993 -0.31640625 0.5625 0.0 0.0
0.44859813084112155 1.6448598130841123 0.1015625 0.31868871959954903 0.0 0.0
1.2710280373831777 -1.2336448598130842 0.16015625 0.40019526483955303 0.0 0.0
1.1962616822429908 -1.4205607476635516 0.37109375 0.6091746465505602 0.0 0.0
0.3738317757009346 1.4953271028037385 -0.34765625 0.5896238207535377 0.0 0.0
0.5607476635514015 1.8317757009345792 -0.30078125 0.5484352742120077 0.0 0.0
1.4579439252336446 -0.2990654205607477 0.34375 0.5863019699779287 0.0 0.0
1.009345794392523 -0.11214953271028039 0.33203125 0.5762215285808054 0.0 0.0
1.1214953271028039 -0.97196261682243 0.203125 0.45069390943299864 0.0 0.0
-0.11214953271028039 1.9065420560747661 0.2265625 0.4759858191164943 0.0 0.0
-1.383177570093458 -0.3738317757009346 0.078125 0.2795084971874737 0.0 0.0
1.3831775700934577 -0.33644859813084116 0.28515625 0.5340002340823456 0.0 0.0
0.48598130841121456 -1.1962616822429908 0.34375 0.5863019699779287 0.0 0.0
-0.3738317757009346 -1.3457943925233646 0.32421875 0.5694020986965187 0.0 0.0
1.2336448598130838 -0.7476635514018692 0.3984375 0.6312190586476298 0.0 0.0
1.3831775700934577 -0.14953271028037385 0.22265625 0.47186465220442186 0.0 0.0
0.8971962616822431 0.7102803738317753 0.2890625 0.5376453291901642 0.0 0.0
0.7476635514018692 -1.457943925233645 0.30078125 0.5484352742120077 0.0 0.0
0.2990654205607477 1.869158878504673 -0.16796875 0.409839907768875 0.0 0.0
-0.9345794392523366 0.5981308411214954 0.3515625 0.5929270612815711 0.0 0.0
0.22429906542056077 -1.4953271028037385 0.4736523651076971 0.7487228994864483 0.0 0.0
-0.8971962616822431 1.009345794392523 0.37109375 0.6091746465505602 0.0 0.0
-0.11214953271028039 1.7943925233644862 0.40625 0.6373774391990981 0.0 0.0
-0.1869158878504673 -0.5607476635514019 0.8673423804680044 1.172736015024698 0.0 0.0
-1.0841121495327104 0.9345794392523361 0.26171875 0.5115845482420281 0.0 0.0
-0.8971962616822431 0.9345794392523361 0.31640625 0.5625 0.0 0.0
1.3831775700934577 -1.0841121495327104 -0.16796875 0.409839907768875 0.0 0.0
-1.3084112149532712 0.8971962616822431 -0.12109375 0.34798527267687634 0.0 0.0
0.5233644859813085 -0.14953271028037385 0.3524927176819438 0.6657827613898453 0.0 0.0
-0.26168224299065423 0.41121495327102764 0.05982334031439468 0.6187184335382291 0.0 0.0
-0.7102803738317758 1.1214953271028039 0.33203125 0.5762215285808054 0.0 0.0
-0.97196261682243 1.1588785046728969 0.40234375 0.6343057228182637 0.0 0.0
0.7102803738317753 -0.7476635514018692 0.40234375 0.6343057228182637 0.0 0.0
0.8598130841121492 -1.3457943925233646 0.390625 0.625 0.0 0.0
-0.11214953271028039 0.6728971962616823 -0.37243768039541847 1.0091148897874993 0.0 0.0
0.22429906542056077 1.3084112149532707 -0.40222860777122316 0.9741603900500401 0.0 0.0
0.22429906542056077 0.6728971962616823 -0.9362963391938132 1.296605733593534 0.0 0.0
1.3457943925233646 -0.9345794392523366 0.17578125 0.4192627457812106 0.0 0.0
0.11214953271027994 0.44859813084112155 -0.2291397272696024 0.7429868468144001 0.0 0.0
-1.2336448598130842 -0.97196261682243 0.3984375 0.6312190586476298 0.0 0.0
-0.03738317757009346 -1.8317757009345796 0.5296275399629264 0.8295548986811258 0.0 0.0
1.4579439252336446 0.0 0.3046875 0.5519850541454905 0.0 0.0
1.3084112149532707 0.5233644859813085 0.41015625 0.6404344228724749 0.0 0.0
1.2710280373831777 1.1588785046728969 -0.046875 0.21650635094610965 0.0 0.0
-1.4953271028037385 -1.2710280373831777 0.4140625 0.6434768838116876 0.0 0.0
-0.03738317757009346 -1.046728971962617 1.2724699235389654 1.5618806283061233 0.0 0.0
-0.2990654205607477 0.7850467289719623 -0.6577075261625841 1.258946504949741 0.0 0.0
0.3364485981308407 1.4579439252336446 -0.15625 0.39528470752104744 0.0 0.0
0.97196261682243 0.2616822429906538 0.0390625 0.19764235376052372 0.0 0.0
1.1962616822429908 0.3738317757009346 0.359375 0.5994789404140899 0.0 0.0
-0.07476635514018692 -1.4953271028037385 0.603563812791537 1.1726450339224885 0.0 0.0
0.6728971962616823 -0.7850467289719627 0.3359375 0.5796011559684815 0.0 0.0
-0.6355140186915889 1.2336448598130838 -0.18359375 0.42847841252506524 0.0 0.0
-0.22429906542056077 0.22429906542056077 0.21779563986449801 0.5896238207535377 0.0 0.0
-0.22429906542056077 -1.2336448598130842 1.0508417765374558 1.3258708659122544 0.0 0.0
-1.6074766355140189 1.009345794392523 0.31640625 0.5625 0.0 0.0
-1.383177570093458 0.8971962616822431 0.1796875 0.42389562394532926 0.0 0.0
0.2616822429906538 1.5700934579439254 -0.33203125 0.5762215285808054 0.0 0.0
-0.5233644859813085 -1.7943925233644862 0.1875 0.4330127018922193 0.0 0.0
0.03738317757009302 0.41121495327102764 -0.5692440699142871 0.9152632898945386 0.0 0.0
0.18691588785046687 0.8598130841121492 -0.8058055300980509 1.3514639507571415 0.0 0.0
-0.9345794392523366 -0.9345794392523366 0.4140625 0.6434768838116876 0.0 0.0
1.046728971962617 -1.3457943925233646 0.390625 0.625 0.0 0.0
0.9345794392523361 1.08411214953271 0.33203125 0.5762215285808054 0.0 0.0
0.44859813084112155 -0.26168224299065423 0.4451463381050179 0.7977383193817605 0.0 0.0
-1.6074766355140189 -0.8224299065420562 0.37890625 0.6155536126122565 0.0 0.0
-0.9345794392523366 0.44859813084112155 0.23828125 0.4881406047441659 0.0 0.0
0.0 -0.22429906542056077 0.4849031718137846 0.7787972095658595 0.0 0.0
-1.6822429906542058 0.07476635514018692 0.30078125 0.5484352742120077 0.0 0.0
0.6355140186915884 -0.5607476635514019 0.4901072135137822 0.9435945511858176 0.0 0.0
-0.8598130841121496 0.7102803738317753 0.375 0.6123724356957945 0.0 0.0
0.0 0.9345794392523361 -1.3520154200265482 1.5426639588883564 0.0 0.0
1.8317757009345792 -0.22429906542056077 0.28515625 0.5340002340823456 0.0 0.0
0.14953271028037385 0.6728971962616823 -0.7343384490157789 1.1874692198249006 0.0 0.0
1.6074766355140184 0.97196261682243 0.34765625 0.5896238207535377 0.0 0.0
0.5607476635514015 -0.9345794392523366 0.1953125 0.4419417382415922 0.0 0.0
-0.03738317757009346 -0.33644859813084116 0.5624122279850055 0.8748996833751919 0.0 0.0
0.3364485981308407 0.8971962616822431 -1.1627773904029766 1.417444366035561 0.0 0.0
0.18691588785046687 -1.0093457943925235 1.195742395199845 1.496375968932838 0.0 0.0
0.3364485981308407 -1.6822429906542058 0.04296875 0.2072890493972125 0.0 0.0
0.8971962616822431 -1.3084112149532712 0.41796875 0.6465050270492876 0.0 0.0
1.2710280373831777 -0.7850467289719627 -0.03125 0.1767766952966369 0.0 0.0
0.6728971962616823 0.6728971962616823 0.28515625 0.5340002340823456 0.0 0.0
-0.485981308411215 -1.4205607476635516 0.2890625 0.5376453291901642 0.0 0.0
0.5607476635514015 -0.4112149532710281 0.8676374483719266 1.1829359225012372 0.0 0.0
0.3738317757009346 -1.7196261682242993 0.390625 0.625 0.0 0.0
0.3364485981308407 0.3738317757009346 -0.010952982313351622 0.5576454649925016 0.0 0.0
0.11214953271027994 1.94392523364486 -0.3671875 0.6059599821770412 0.0 0.0
1.94392523364486 0.22429906542056077 0.11328125 0.3365728004459065 0.0 0.0
0.6355140186915884 1.6074766355140184 0.20703125 0.4550068680800324 0.0 0.0
1.2336448598130838 1.4205607476635516 0.0625 0.25 0.0 0.0
1.3457943925233646 -0.5981308411214954 0.4140625 0.6434768838116876 0.0 0.0
-0.5607476635514019 1.9065420560747661 0.28125 0.5303300858899106 0.0 0.0
1.4579439252336446 -0.485981308411215 0.4140625 0.6434768838116876 0.0 0.0
-0.11214953271028039 -0.44859813084112155 0.5963272272696025 0.9587580271054866 0.0 0.0
0.07476635514018692 0.7476635514018692 -0.5535518165983089 1.1412344777461894 0.0 0.0
-0.485981308411215 -0.03738317757009346 0.10484430835729966 0.35178276921219337 0.0 0.0
1.3084112149532707 -0.485981308411215 0.36328125 0.6027281725620597 0.0 0.0
-1.869158878504673 -0.2990654205607477 0.1015625 0.31868871959954903 0.0 0.0
-0.14953271028037385 -1.3084112149532712 1.2402153404575758 1.442911355875735 0.0 0.0
0.0 -0.14953271028037385 0.47211760387230883 0.741420230196491 0.0 0.0
1.3457943925233646 0.0 -0.41015625 0.6404344228724749 0.0 0.0
-1.4205607476635516 0.8598130841121492 0.2734375 0.5229125165837972 0.0 0.0
-0.03738317757009346 -1.869158878504673 0.35603075644159454 0.6593312997903171 0.0 0.0
0.97196261682243 1.2336448598130838 0.296875 0.5448623679425842 0.0 0.0
0.2616822429906538 -0.33644859813084116 0.269050374905331 0.7091858006267906 0.0 0.0
-0.44859813084112155 0.7850467289719623 -0.3020596005984574 0.9914763997175701 0.0 0.0
-0.7476635514018692 0.11214953271027994 -0.19924384912953313 0.5303774111508391 0.0 0.0
-0.5981308411214954 -0.44859813084112155 0.9009754315361426 1.2156200529245498 0.0 0.0
0.41121495327102764 -1.532710280373832 0.265625 0.5153882032022076 0.0 0.0
0.11214953271027994 -0.3738317757009346 0.5534444262409224 0.8934736159964909 0.0 0.0
-0.8598130841121496 -1.1588785046728973 -0.37890625 0.6155536126122565 0.0 0.0
-0.4112149532710281 1.4205607476635516 -0.375 0.6123724356957945 0.0 0.0
-1.5700934579439254 -0.7850467289719627 0.19140625 0.4375 0.0 0.0
-1.9065420560747666 -0.33644859813084116 0.34375 0.5863019699779287 0.0 0.0
-0.7102803738317758 1.8317757009345792 0.37890625 0.6155536126122565 0.0 0.0
0.14953271028037385 0.41121495327102764 -0.07557494906636053 0.6049740888110177 0.0 0.0
-0.14953271028037385 -1.0093457943925235 1.4328294130197605 1.5868215325106731 0.0 0.0
-0.9345794392523366 1.6074766355140184 0.38671875 0.6218671481916375 0.0 0.0
1.7943925233644862 -0.07476635514018692 0.2265625 0.4759858191164943 0.0 0.0
0.11214953271027994 -1.3457943925233646 1.1142399364281812 1.420402187007737 0.0 0.0
0.3738317757009346 1.6448598130841123 -0.17578125 0.4192627457812106 0.0 0.0
1.3831775700934577 -0.26168224299065423 0.40625 0.6373774391990981 0.0 0.0
-0.5607476635514019 0.6355140186915884 -0.47628051745786815 1.009439094208133 0.0 0.0
1.08411214953271 -0.5607476635514019 -0.2578125 0.5077524002897476 0.0 0.0
-1.1962616822429908 0.7476635514018692 -0.015625 0.125 0.0 0.0
0.5607476635514015 -0.5607476635514019 0.43631815949741104 1.0258283574725462 0.0 0.0
0.14953271028037385 -1.532710280373832 0.5483275123540048 0.9493906070253748 0.0 0.0
-0.33644859813084116 -1.5700934579439254 0.27734375 0.5266343608235224 0.0 0.0
0.2990654205607477 -1.457943925233645 0.35546875 0.596212000885591 0.0 0.0
-0.4112149532710281 1.94392523364486 -0.1484375 0.385275875185561 0.0 0.0
-0.07476635514018692 1.1214953271028039 -1.2791127753252547 1.559879979565899 0.0 0.0
1.046728971962617 0.48598130841121456 0.21875 0.46770717334674267 0.0 0.0
-1.1588785046728973 -1.1962616822429908 -0.15625 0.39528470752104744 0.0 0.0
-0.1869158878504673 1.4579439252336446 -0.029985986468761938 0.62297429556726 0.0 0.0
0.7102803738317753 -1.7943925233644862 0.29296875 0.5412658773652742 0.0 0.0
0.41121495327102764 -1.457943925233645 0.3671875 0.6059599821770412 0.0 0.0
-1.457943925233645 0.48598130841121456 0.3984375 0.6312190586476298 0.0 0.0
0.03738317757009302 -1.4205607476635516 1.4027665712140736 1.5552538032193162 0.0 0.0
-1.7570093457943927 -0.14953271028037385 -0.12109375 0.34798527267687634 0.0 0.0
0.6355140186915884 0.8598130841121492 -0.01953125 0.13975424859373686 0.0 0.0
-1.3084112149532712 -0.03738317757009346 0.39453125 0.6281172263200556 0.0 0.0
-0.5233644859813085 -0.22429906542056077 0.21953506880334628 0.6199859979118016 0.0 0.0
-1.869158878504673 -0.5607476635514019 -0.11328125 0.3365728004459065 0.0 0.0
-1.1962616822429908 0.5981308411214954 0.1484375 0.385275875185561 0.0 0.0
-0.22429906542056077 -0.7476635514018692 1.1150312965415292 1.4195840387532745 0.0 0.0
-0.11214953271028039 1.869158878504673 0.0078125 0.08838834764831845 0.0 0.0
-0.33644859813084116 0.5981308411214954 -0.5450951634247273 1.1181889718868876 0.0 0.0
-0.2990654205607477 0.97196261682243 -0.5043217745700653 1.169623250940289 0.0 0.0
-1.457943925233645 -0.97196261682243 0.25 0.5 0.0 0.0
0.9345794392523361 -0.07476635514018692 0.1494258917773012 0.5019728912546996 0.0 0.0
-0.3738317757009346 1.7943925233644862 0.32421875 0.5694020986965187 0.0 0.0
-1.3457943925233646 -0.5981308411214954 0.3203125 0.5659615711335886 0.0 0.0
0.97196261682243 -1.1214953271028039 0.28125 0.5303300858899106 0.0 0.0
0.5233644859813085 1.1588785046728969 -0.015625 0.125 0.0 0.0
-0.5607476635514019 0.5981308411214954 -0.2754358569355838 0.9291779775000953 0.0 0.0
-0.5233644859813085 1.5700934579439254 -0.2109375 0.4592793267718459 0.0 0.0
-0.14953271028037385 -0.5607476635514019 0.8652582586277042 1.1625877460456087 0.0 0.0
1.4205607476635516 0.97196261682243 -0.21875 0.46770717334674267 0.0 0.0
0.6355140186915884 0.2990654205607477 0.04426591261357293 0.6281172263200556 0.0 0.0
-0.11214953271028039 1.4953271028037385 -0.24697046297717828 0.930072403608642 0.0 0.0
-1.457943925233645 -0.7102803738317758 -0.02734375 0.16535945694153692 0.0 0.0
0.3738317757009346 1.869158878504673 0.07421875 0.2724311839712921 0.0 0.0
0.03738317757009302 0.5607476635514015 -0.052028896948296766 0.6977609145664391 0.0 0.0
-0.6355140186915889 -0.44859813084112155 0.8129211752877084 1.157880002666691 0.0 0.0
1.1214953271028039 -1.457943925233645 0.2734375 0.5229125165837972 0.0 0.0
0.5981308411214954 -1.4953271028037385 -0.03125 0.1767766952966369 0.0 0.0
0.7102803738317753 -1.0093457943925235 0.3515625 0.5929270612815711 0.0 0.0
-1.2710280373831777 -0.33644859813084116 0.40234375 0.6343057228182637 0.0 0.0
-0.14953271028037385 1.869158878504673 -0.0390625 0.19764235376052372 0.0 0.0
0.44859813084112155 -1.6822429906542058 -0.3125 0.5590169943749475 0.0 0.0
-0.8971962616822431 -1.532710280373832 -0.16796875 0.409839907768875 0.0 0.0
0.44859813084112155 -0.4112149532710281 0.7937740528823709 1.1029298961242922 0.0 0.0
1.5700934579439254 -0.1869158878504673 0.19140625 0.4375 0.0 0.0
-0.6728971962616823 0.5607476635514015 0.09864541047282244 0.5694020986965187 0.0 0.0
1.2710280373831777 1.4205607476635516 0.03125 0.1767766952966369 0.0 0.0
1.4205607476635516 0.6728971962616823 -0.08203125 0.28641098093474 0.0 0.0
1.2336448598130838 -0.4112149532710281 -0.07421875 0.2724311839712921 0.0 0.0
-0.14953271028037385 0.9345794392523361 -1.4538839178263108 1.5890108041333832 0.0 0.0
-0.22429906542056077 1.009345794392523 -1.1828702268970168 1.4732372360872616 0.0 0.0
-0.33644859813084116 0.9345794392523361 -0.43480925887158417 1.1156247208372394 0.0 0.0
-0.5607476635514019 -1.0093457943925235 -0.359375 0.5994789404140899 0.0 0.0
0.6355140186915884 -1.2336448598130842 0.4140625 0.6434768838116876 0.0 0.0
-0.6728971962616823 -0.5607476635514019 0.26463583952717706 0.7001493976676364 0.0 0.0
0.03738317757009302 -0.8598130841121496 1.236414881926855 1.4698060293296222 0.0 0.0
0.8224299065420562 0.5233644859813085 0.19140625 0.4375 0.0 0.0
-0.5981308411214954 -1.4205607476635516 0.21875 0.46770717334674267 0.0 0.0
-0.5233644859813085 0.6355140186915884 -0.34353951973758723 0.9939116104942001 0.0 0.0
-0.03738317757009346 -0.8971962616822431 1.1875222963650058 1.4777138906872371 0.0 0.0
0.7476635514018692 1.3457943925233646 0.2578125 0.5077524002897476 0.0 0.0
0.5607476635514015 -0.1869158878504673 0.33339648578096326 0.6809316937563756 0.0 0.0
0.7476635514018692 -1.6074766355140189 0.21875 0.46770717334674267 0.0 0.0
0.22429906542056077 -0.22429906542056077 0.258766860135502 0.6233999280325624 0.0 0.0
-0.7476635514018692 0.2616822429906538 -0.6369858492197804 1.0022177649790294 0.0 0.0
0.18691588785046687 1.8317757009345792 -0.40625 0.6373774391990981 0.0 0.0
1.1588785046728969 0.6728971962616823 0.35546875 0.596212000885591 0.0 0.0
-1.3457943925233646 -0.1869158878504673 0.37109375 0.6091746465505602 0.0 0.0
0.2616822429906538 0.3738317757009346 0.1262336027947683 0.6343057228182637 0.0 0.0
-0.6355140186915889 0.2990654205607477 -0.029952837386427233 0.6166183380121406 0.0 0.0
0.6728971962616823 1.4205607476635516 0.41796875 0.6465050270492876 0.0 0.0
-0.8971962616822431 0.97196261682243 0.31640625 0.5625 0.0 0.0
0.6728971962616823 0.11214953271027994 0.2724333414709207 0.5863019699779287 0.0 0.0
0.41121495327102764 1.2710280373831777 0.30078125 0.5484352742120077 0.0 0.0
-1.046728971962617 -1.4953271028037385 0.10546875 0.3247595264191645 0.0 0.0
-0.03738317757009346 0.03738317757009302 0.3054783905102674 0.5694020986965187 0.0 0.0
-1.1588785046728973 -0.9345794392523366 0.37109375 0.6091746465505602 0.0 0.0
0.07476635514018692 1.7570093457943923 -0.11832019698736768 0.5287808090076033 0.0 0.0
-1.1588785046728973 0.7850467289719623 0.25 0.5 0.0 0.0
