data_processed/toy_model/toy_hvcs/toy_1_0.7853981633974483_2.356194490192345_3.9269908169872414.ecsv
# %ECSV 1.0
# ---
# datatype:
# - {name: x, datatype: float64}
# - {name: y, datatype: float64}
# - {name: RM, datatype: float64}
# - {name: RM_uncert, datatype: float64}
# - {name: interpolation_raw, datatype: float64}
# - {name: interpolation_unc, datatype: float64}
# schema: astropy-2.0
x y RM RM_uncert interpolation_raw interpolation_unc
-0.11214953271028039 0.18691588785046687 0.289637038382324 0.5896238207535377 0.0 0.0
0.97196261682243 1.1962616822429908 0.515625 0.7180703308172536 0.0 0.0
-0.26168224299065423 -0.4112149532710281 0.4699147453802368 0.7695279337103194 0.0 0.0
1.3084112149532707 -0.03738317757009346 -0.6139614697481774 1.014250555580994 0.0 0.0
-1.4953271028037385 -0.6728971962616823 0.03125 0.1767766952966369 0.0 0.0
1.2336448598130838 1.5327102803738315 0.02734375 0.16535945694153692 0.0 0.0
1.7943925233644862 0.03738317757009302 0.29296875 0.5412658773652742 0.0 0.0
0.5981308411214954 -0.33644859813084116 -0.07759048345077957 0.7898930097814255 0.0 0.0
-1.4205607476635516 -1.2710280373831777 0.48046875 0.6931585316505886 0.0 0.0
-0.7850467289719627 0.2616822429906538 -0.1062278687989689 0.4050462936504913 0.0 0.0
1.4953271028037385 0.9345794392523361 0.0078125 0.08838834764831845 0.0 0.0
1.6448598130841123 -0.33644859813084116 0.45703125 0.676040864149498 0.0 0.0
1.9065420560747661 0.48598130841121456 0.5234375 0.7234898064243891 0.0 0.0
1.7943925233644862 -0.7850467289719627 0.37890625 0.6155536126122565 0.0 0.0
0.11214953271027994 1.2336448598130838 0.3671875 0.6059599821770412 0.0 0.0
-1.7943925233644862 -0.5607476635514019 -0.04296875 0.2072890493972125 0.0 0.0
1.6448598130841123 -1.1214953271028039 0.4375 0.6614378277661477 0.0 0.0
-0.11214953271028039 0.7850467289719623 0.048184945226957265 0.6643841132959156 0.0 0.0
-0.485981308411215 -1.6074766355140189 0.33984375 0.582961190818051 0.0 0.0
1.4579439252336446 1.3084112149532707 0.484375 0.6959705453537527 0.0 0.0
1.4579439252336446 -0.22429906542056077 0.33203125 0.5762215285808054 0.0 0.0
0.2616822429906538 -0.5607476635514019 -0.3102409459339208 0.7066739997112117 0.0 0.0
-0.5607476635514019 0.9345794392523361 0.30078125 0.5484352742120077 0.0 0.0
-0.8971962616822431 -1.0841121495327104 -0.26171875 0.5115845482420281 0.0 0.0
-1.7196261682242993 -0.11214953271028039 0.33984375 0.582961190818051 0.0 0.0
-0.14953271028037385 -1.383177570093458 0.43359375 0.6584783595532961 0.0 0.0
0.48598130841121456 -1.457943925233645 -0.11328125 0.3365728004459065 0.0 0.0
-1.1962616822429908 -1.3457943925233646 0.40625 0.6373774391990981 0.0 0.0
1.9065420560747661 -0.5233644859813085 0.44140625 0.6643841132959156 0.0 0.0
1.08411214953271 -0.14953271028037385 -0.09779125725906856 0.8054238104986325 0.0 0.0
-1.6448598130841123 0.97196261682243 0.51171875 0.7153451963912248 0.0 0.0
-1.2336448598130842 -0.8971962616822431 0.52734375 0.7261843774138906 0.0 0.0
1.08411214953271 -0.9345794392523366 0.46484375 0.6817945071647321 0.0 0.0
-0.14953271028037385 -1.046728971962617 0.53125 0.7288689868556626 0.0 0.0
-1.2336448598130842 0.18691588785046687 0.5000097993506674 0.7207987574221634 0.0 0.0
1.009345794392523 -0.22429906542056077 -0.4529242716264005 1.0075830205262497 0.0 0.0
-0.8224299065420562 1.4205607476635516 -0.0078125 0.08838834764831845 0.0 0.0
-1.7570093457943927 0.6355140186915884 -0.11328125 0.3365728004459065 0.0 0.0
0.8598130841121492 1.6822429906542054 0.43359375 0.6584783595532961 0.0 0.0
-0.5981308411214954 -1.2710280373831777 0.11328125 0.3365728004459065 0.0 0.0
-0.485981308411215 -0.9345794392523366 0.16640212355076178 0.49685686782163285 0.0 0.0
0.6355140186915884 1.4953271028037385 0.5078125 0.7126096406869612 0.0 0.0
-0.03738317757009346 -0.44859813084112155 0.26128729383634497 0.5295158993577908 0.0 0.0
1.1962616822429908 1.2710280373831777 -0.00390625 0.0625 0.0 0.0
1.4579439252336446 -1.3457943925233646 0.3984375 0.6312190586476298 0.0 0.0
1.1962616822429908 0.8971962616822431 0.48828125 0.6987712429686843 0.0 0.0
0.14953271028037385 -0.97196261682243 0.15234375 0.3903123748998999 0.0 0.0
-1.457943925233645 0.5981308411214954 0.421875 0.649519052838329 0.0 0.0
0.97196261682243 -0.3738317757009346 -0.0013111771283171314 0.683714929087141 0.0 0.0
0.8971962616822431 0.8971962616822431 0.24609375 0.49607837082461076 0.0 0.0
-0.8224299065420562 -0.97196261682243 0.53515625 0.7315437444199766 0.0 0.0
0.14953271028037385 0.11214953271027994 -0.22837976565797669 0.627900892909027 0.0 0.0
1.869158878504673 0.0 0.453125 0.673145600891813 0.0 0.0
1.6822429906542054 0.8971962616822431 0.41015625 0.6404344228724749 0.0 0.0
0.5981308411214954 1.7196261682242993 -0.1171875 0.3423265984407288 0.0 0.0
0.44859813084112155 0.5607476635514015 -0.6728742003180411 1.1310800814425486 0.0 0.0
1.869158878504673 0.3738317757009346 0.41597166231207167 0.6555055301063447 0.0 0.0
0.41121495327102764 0.5233644859813085 -0.557945342064499 1.0507958574951644 0.0 0.0
-0.6728971962616823 -1.7196261682242993 0.4375 0.6614378277661477 0.0 0.0
0.3364485981308407 -0.07476635514018692 0.30916782509223645 0.7342087577794206 0.0 0.0
0.11214953271027994 -1.869158878504673 0.33203125 0.5762215285808054 0.0 0.0
-0.3738317757009346 -0.97196261682243 0.1441492103664213 0.41835053571477904 0.0 0.0
1.3084112149532707 0.07476635514018692 -0.4391318874038524 0.9413162459066053 0.0 0.0
0.0 1.3084112149532707 0.30078125 0.5484352742120077 0.0 0.0
-0.26168224299065423 0.44859813084112155 0.4751148223795444 0.7126096406869612 0.0 0.0
0.8971962616822431 -1.0093457943925235 0.4296875 0.6555055301063447 0.0 0.0
0.14953271028037385 -0.33644859813084116 0.3708425627264607 0.6846531968814576 0.0 0.0
0.3738317757009346 -1.2336448598130842 0.390625 0.625 0.0 0.0
0.14953271028037385 0.18691588785046687 -0.28378423258735597 0.6797791664759313 0.0 0.0
1.5327102803738315 1.009345794392523 -0.04296875 0.2072890493972125 0.0 0.0
0.48598130841121456 -0.7476635514018692 -0.060410445623294645 0.5113177986796366 0.0 0.0
0.5233644859813085 -0.4112149532710281 0.016306922716385674 0.7207851621669248 0.0 0.0
1.4579439252336446 -1.1214953271028039 -0.09375 0.30618621784789724 0.0 0.0
1.08411214953271 0.9345794392523361 0.328125 0.57282196186948 0.0 0.0
0.03738317757009302 0.0 0.3231946951461291 0.649519052838329 0.0 0.0
0.41121495327102764 -1.7196261682242993 -0.05078125 0.22534695471649932 0.0 0.0
-1.7570093457943927 -0.44859813084112155 0.33984375 0.582961190818051 0.0 0.0
0.2990654205607477 1.6822429906542054 -0.02734375 0.16535945694153692 0.0 0.0
-0.33644859813084116 -0.6355140186915889 0.298105342423424 0.797040265511629 0.0 0.0
-1.6074766355140189 0.9345794392523361 0.4609375 0.6789237807000135 0.0 0.0
1.3084112149532707 1.1962616822429908 -0.05078125 0.22534695471649932 0.0 0.0
-1.8317757009345796 0.44859813084112155 0.3828125 0.6187184335382291 0.0 0.0
1.7570093457943923 -0.1869158878504673 0.546875 0.739509972887452 0.0 0.0
-1.3457943925233646 1.3831775700934577 0.4921875 0.701560760020114 0.0 0.0
0.2990654205607477 -1.457943925233645 0.46484375 0.6817945071647321 0.0 0.0
