data_processed/toy_model/toy_hvcs/toy_5_1.5707963267948966_0.7853981633974483_2.356194490192345.ecsv
# %ECSV 1.0
# ---
# datatype:
# - {name: x, datatype: float64}
# - {name: y, datatype: float64}
# - {name: RM, datatype: float64}
# - {name: RM_uncert, datatype: float64}
# - {name: interpolation_raw, datatype: float64}
# - {name: interpolation_unc, datatype: float64}
# schema: astropy-2.0
x y RM RM_uncert interpolation_raw interpolation_unc
-0.6728971962616823 -0.7850467289719627 0.26953125 0.5191639914323797 0.0 0.0
0.14953271028037385 -1.8317757009345796 0.05859375 0.24206145913796356 0.0 0.0
1.9065420560747661 0.41121495327102764 0.0078125 0.08838834764831845 0.0 0.0
1.5327102803738315 -0.8224299065420562 0.12109375 0.34798527267687634 0.0 0.0
-1.046728971962617 0.03738317757009302 -0.2151383596857641 0.5525185240075922 0.0 0.0
0.6728971962616823 1.3831775700934577 0.2421875 0.4921254921257382 0.0 0.0
-0.97196261682243 -1.0841121495327104 -0.046875 0.21650635094610965 0.0 0.0
-1.4205607476635516 1.009345794392523 0.21484375 0.46351240544347894 0.0 0.0
0.18691588785046687 1.7196261682242993 -0.15234375 0.3903123748998999 0.0 0.0
1.3831775700934577 1.1962616822429908 -0.28515625 0.5340002340823456 0.0 0.0
-1.1962616822429908 1.2336448598130838 0.21875 0.46770717334674267 0.0 0.0
-1.2710280373831777 1.2710280373831777 0.29296875 0.5412658773652742 0.0 0.0
0.7102803738317753 -1.457943925233645 -0.0546875 0.23385358667337133 0.0 0.0
1.2710280373831777 -0.3738317757009346 0.01953125 0.13975424859373686 0.0 0.0
1.6074766355140184 -0.6355140186915889 0.1328125 0.3644344934278313 0.0 0.0
0.6355140186915884 -1.1962616822429908 0.32979538467694325 0.6899253723076768 0.0 0.0
0.44859813084112155 0.2990654205607477 0.19917642407358044 0.582961190818051 0.0 0.0
-0.8598130841121496 -0.44859813084112155 0.16513626669296222 0.409839907768875 0.0 0.0
1.7196261682242993 0.5233644859813085 -0.01171875 0.10825317547305482 0.0 0.0
0.2990654205607477 -0.11214953271028039 0.2589053255836602 0.5396741157099536 0.0 0.0
1.009345794392523 0.97196261682243 0.203125 0.45069390943299864 0.0 0.0
0.97196261682243 0.5607476635514015 0.33203125 0.5762215285808054 0.0 0.0
-0.33644859813084116 -1.6448598130841123 -0.30859375 0.5555121510822243 0.0 0.0
-1.383177570093458 1.046728971962617 0.2734375 0.5229125165837972 0.0 0.0
-0.7102803738317758 1.8317757009345792 0.29296875 0.5412658773652742 0.0 0.0
0.3364485981308407 -0.7102803738317758 0.2554149334455259 0.6427858250545447 0.0 0.0
-1.1214953271028039 -0.6355140186915889 0.27734375 0.5266343608235224 0.0 0.0
-0.3738317757009346 0.41121495327102764 -0.1634107823497991 0.7594876988467938 0.0 0.0
0.7850467289719623 -0.5607476635514019 0.36946391869611295 0.6589691475268216 0.0 0.0
-1.7570093457943927 0.44859813084112155 -0.12109375 0.34798527267687634 0.0 0.0
-0.03738317757009346 0.0 0.21470569514062182 0.5519850541454905 0.0 0.0
-0.03738317757009346 1.3457943925233646 0.1796875 0.42389562394532926 0.0 0.0
-1.457943925233645 -0.7850467289719627 0.32421875 0.5694020986965187 0.0 0.0
-0.6355140186915889 0.97196261682243 -0.9059460092922411 1.21488868567638 0.0 0.0
-0.485981308411215 -0.7476635514018692 -0.03354861451902974 0.46351240544347894 0.0 0.0
0.44859813084112155 -0.8224299065420562 0.47489444460073016 0.7884566501726397 0.0 0.0
1.8317757009345792 0.22429906542056077 -0.29296875 0.5412658773652742 0.0 0.0
-0.03738317757009346 -0.5981308411214954 0.37583069857046114 0.7537026251386698 0.0 0.0
-0.14953271028037385 1.046728971962617 -0.8959507578653679 1.178795048229647 0.0 0.0
0.03738317757009302 -1.5700934579439254 0.08203125 0.28641098093474 0.0 0.0
1.3831775700934577 0.7476635514018692 0.296875 0.5448623679425842 0.0 0.0
-0.9345794392523366 -0.6728971962616823 0.2578125 0.5077524002897476 0.0 0.0
-1.7196261682242993 0.6728971962616823 0.203125 0.45069390943299864 0.0 0.0
0.3364485981308407 -1.6822429906542058 -0.04296875 0.2072890493972125 0.0 0.0
0.07476635514018692 -0.8971962616822431 0.7166660356772976 1.036319000768873 0.0 0.0
1.3457943925233646 -0.5233644859813085 0.2890625 0.5376453291901642 0.0 0.0
-0.9345794392523366 0.5981308411214954 -0.2312135615244642 0.8532597043391469 0.0 0.0
1.6822429906542054 -0.8224299065420562 0.18359375 0.42847841252506524 0.0 0.0
0.3738317757009346 -1.4205607476635516 0.26953125 0.5191639914323797 0.0 0.0
-0.6728971962616823 -0.14953271028037385 -0.352173702510644 0.8599439836531726 0.0 0.0
0.2616822429906538 -1.7570093457943927 -0.24609375 0.49607837082461076 0.0 0.0
-0.33644859813084116 -1.532710280373832 0.2109375 0.4592793267718459 0.0 0.0
-0.97196261682243 -0.9345794392523366 0.2734375 0.5229125165837972 0.0 0.0
-0.26168224299065423 1.9065420560747661 0.09375 0.30618621784789724 0.0 0.0
0.7476635514018692 -1.0093457943925235 0.40926813091013414 0.7086113263420705 0.0 0.0
-1.6448598130841123 -0.22429906542056077 0.0703125 0.2651650429449553 0.0 0.0
0.9345794392523361 0.8598130841121492 0.19140625 0.4375 0.0 0.0
-1.383177570093458 -0.7850467289719627 -0.140625 0.375 0.0 0.0
1.3831775700934577 -1.1588785046728973 0.15234375 0.3903123748998999 0.0 0.0
0.8224299065420562 0.6355140186915884 0.046875 0.21650635094610965 0.0 0.0
-0.2990654205607477 -1.4953271028037385 0.078125 0.2795084971874737 0.0 0.0
-1.3457943925233646 1.4205607476635516 0.28125 0.5303300858899106 0.0 0.0
-0.5981308411214954 -1.4953271028037385 0.2421875 0.4921254921257382 0.0 0.0
0.3738317757009346 -1.6074766355140189 -0.296875 0.5448623679425842 0.0 0.0
0.8224299065420562 -1.4953271028037385 0.17578125 0.4192627457812106 0.0 0.0
-0.97196261682243 1.1962616822429908 -0.03549066149191393 0.5346261057821885 0.0 0.0
-0.3738317757009346 -0.8598130841121496 0.049614326467918746 0.5015699382297921 0.0 0.0
-0.3738317757009346 -0.44859813084112155 0.13812246178715365 0.47892580174209376 0.0 0.0
1.4579439252336446 -1.1214953271028039 -0.2890625 0.5376453291901642 0.0 0.0
0.9345794392523361 -0.5607476635514019 0.19346683251333327 0.4679368707706912 0.0 0.0
-0.7476635514018692 -0.11214953271028039 -0.15326993390067628 0.786790866622988 0.0 0.0
-0.5607476635514019 -1.383177570093458 -0.21875 0.46770717334674267 0.0 0.0
0.5233644859813085 0.9345794392523361 -0.48046875 0.6931585316505886 0.0 0.0
-1.9065420560747666 -0.11214953271028039 0.1796875 0.42389562394532926 0.0 0.0
0.5981308411214954 0.41121495327102764 -0.044850459369202345 0.5726972749528364 0.0 0.0
1.4579439252336446 -0.4112149532710281 0.02734375 0.16535945694153692 0.0 0.0
-0.8971962616822431 -0.8224299065420562 0.0234375 0.15309310892394862 0.0 0.0
1.7570093457943923 0.2990654205607477 0.296875 0.5448623679425842 0.0 0.0
0.7102803738317753 -0.7476635514018692 0.40611779851050545 0.7041515085697189 0.0 0.0
1.1214953271028039 0.0 -0.09601394852901626 0.34323337113111907 0.0 0.0
0.97196261682243 1.7196261682242993 0.18359375 0.42847841252506524 0.0 0.0
-1.8317757009345796 0.7476635514018692 -0.09765625 0.3125 0.0 0.0
1.6822429906542054 -0.6355140186915889 0.16015625 0.40019526483955303 0.0 0.0
-0.5607476635514019 -1.046728971962617 -0.40625 0.6373774391990981 0.0 0.0
-1.1962616822429908 -0.2990654205607477 0.30078125 0.5484352742120077 0.0 0.0
0.18691588785046687 1.4579439252336446 0.24609375 0.49607837082461076 0.0 0.0
-0.7476635514018692 -1.6074766355140189 -0.26171875 0.5115845482420281 0.0 0.0
0.0 -1.3457943925233646 0.1875 0.4330127018922193 0.0 0.0
1.1962616822429908 -0.22429906542056077 0.3436492306903152 0.596212000885591 0.0 0.0
0.7850467289719623 1.5700934579439254 0.296875 0.5448623679425842 0.0 0.0
0.7850467289719623 1.2710280373831777 0.2578125 0.5077524002897476 0.0 0.0
-0.7102803738317758 -0.8598130841121496 0.30078125 0.5484352742120077 0.0 0.0
-1.5700934579439254 1.1588785046728969 0.19921875 0.44633927678392815 0.0 0.0
0.11214953271027994 0.8971962616822431 -0.2703518454711601 0.8848113872132977 0.0 0.0
0.11214953271027994 -1.7943925233644862 -0.0703125 0.2651650429449553 0.0 0.0
-0.26168224299065423 0.7476635514018692 -0.3543826430497117 0.9831468792095225 0.0 0.0
1.2710280373831777 1.046728971962617 0.02734375 0.16535945694153692 0.0 0.0
0.18691588785046687 -1.0093457943925235 0.38002248554209855 0.8328497590107097 0.0 0.0
0.0 -0.26168224299065423 0.3826253557165995 0.6431859851032196 0.0 0.0
-1.6448598130841123 -0.11214953271028039 0.2890625 0.5376453291901642 0.0 0.0
0.5233644859813085 1.4205607476635516 0.078125 0.2795084971874737 0.0 0.0
0.0 -1.869158878504673 0.265625 0.5153882032022076 0.0 0.0
1.7196261682242993 0.9345794392523361 0.25390625 0.5038911092686593 0.0 0.0
-0.33644859813084116 -0.7850467289719627 0.004440462711724158 0.6068409391458757 0.0 0.0
1.1962616822429908 -0.485981308411215 0.28125 0.5303300858899106 0.0 0.0
-1.4205607476635516 1.1214953271028039 0.27734375 0.5266343608235224 0.0 0.0
-0.97196261682243 1.5327102803738315 -0.07631329576339671 0.35395316289982975 0.0 0.0
0.2616822429906538 -1.383177570093458 0.265625 0.5153882032022076 0.0 0.0
1.869158878504673 -0.1869158878504673 0.3203125 0.5659615711335886 0.0 0.0
-0.485981308411215 1.7570093457943923 0.1015625 0.31868871959954903 0.0 0.0
0.6355140186915884 -0.22429906542056077 0.27918589470011823 0.5760288963239921 0.0 0.0
0.44859813084112155 -0.3738317757009346 0.359053066790414 0.6784494333263371 0.0 0.0
0.5607476635514015 -1.1214953271028039 0.36550146715706283 0.729235342200394 0.0 0.0
1.7196261682242993 0.8971962616822431 0.10546875 0.3247595264191645 0.0 0.0
-0.11214953271028039 -1.3084112149532712 0.30078125 0.5484352742120077 0.0 0.0
0.48598130841121456 0.48598130841121456 -0.5269714394364379 0.9454028923548287 0.0 0.0
-0.485981308411215 -0.5233644859813085 0.25692030083279094 0.6481439667740354 0.0 0.0
-0.5981308411214954 0.5233644859813085 -0.7392485852905961 1.1617189507713095 0.0 0.0
-1.0093457943925235 -0.1869158878504673 0.01616706795393602 0.16535945694153692 0.0 0.0
-1.046728971962617 -1.0093457943925235 0.09765625 0.3125 0.0 0.0
-0.14953271028037385 0.03738317757009302 0.13361083953840788 0.5115845482420281 0.0 0.0
0.7102803738317753 0.11214953271027994 0.23649382641787992 0.5376453291901642 0.0 0.0
-0.4112149532710281 1.046728971962617 -0.28013552040437584 0.913076415645893 0.0 0.0
-0.97196261682243 0.2616822429906538 -0.5073288610984547 0.9432166888880356 0.0 0.0
-1.9065420560747666 -0.07476635514018692 0.14453125 0.3801726581436387 0.0 0.0
1.4953271028037385 -0.14953271028037385 0.234375 0.4841229182759271 0.0 0.0
-0.8224299065420562 0.5607476635514015 -0.5452648594535238 1.0701482228677706 0.0 0.0
0.6355140186915884 1.1962616822429908 0.22265625 0.47186465220442186 0.0 0.0
0.14953271028037385 1.3084112149532707 -0.1875 0.4330127018922193 0.0 0.0
-0.07476635514018692 -0.8598130841121496 0.5282500893068878 0.9671641166905313 0.0 0.0
-0.14953271028037385 -1.1214953271028039 0.21484375 0.46351240544347894 0.0 0.0
-0.4112149532710281 1.6822429906542054 0.2109375 0.4592793267718459 0.0 0.0
1.1588785046728969 -1.2710280373831777 0.19921875 0.44633927678392815 0.0 0.0
-0.03738317757009346 -1.4205607476635516 0.28125 0.5303300858899106 0.0 0.0
-0.22429906542056077 -1.869158878504673 0.2265625 0.4759858191164943 0.0 0.0
-0.2990654205607477 0.5607476635514015 -0.34715596448351066 0.9116088409877459 0.0 0.0
0.18691588785046687 -0.97196261682243 0.5287805353618283 0.9179963620427135 0.0 0.0
1.3457943925233646 1.3084112149532707 -0.359375 0.5994789404140899 0.0 0.0
-0.5607476635514019 0.0 -0.07644119622182938 0.6223000823105029 0.0 0.0
1.4953271028037385 0.8598130841121492 0.3125 0.5590169943749475 0.0 0.0
-1.9813084112149535 0.03738317757009302 0.1015625 0.31868871959954903 0.0 0.0
1.6448598130841123 -0.485981308411215 -0.00390625 0.0625 0.0 0.0
-1.1962616822429908 -1.3084112149532712 0.21875 0.46770717334674267 0.0 0.0
-1.532710280373832 1.009345794392523 0.296875 0.5448623679425842 0.0 0.0
-0.5981308411214954 0.7476635514018692 -0.8218809674830843 1.2132134746062493 0.0 0.0
-0.33644859813084116 -0.7476635514018692 0.04503626803367322 0.6586520599431436 0.0 0.0
0.14953271028037385 -1.1962616822429908 -0.00390625 0.0625 0.0 0.0
-0.7850467289719627 -0.14953271028037385 -0.12101505561249776 0.7314361634654083 0.0 0.0
-0.1869158878504673 0.7850467289719623 -0.7480678116054783 1.174286218607268 0.0 0.0
-1.6074766355140189 0.22429906542056077 0.2109375 0.4592793267718459 0.0 0.0
0.9345794392523361 -0.1869158878504673 0.10845096918773788 0.3590351654086268 0.0 0.0
0.14953271028037385 -1.2710280373831777 0.1328125 0.3644344934278313 0.0 0.0
1.5327102803738315 -1.046728971962617 0.2265625 0.4759858191164943 0.0 0.0
0.7850467289719623 -0.8598130841121496 0.10503734162259687 0.4274703887349318 0.0 0.0
-0.44859813084112155 1.3084112149532707 -0.125 0.3535533905932738 0.0 0.0
-1.383177570093458 0.8971962616822431 0.09375 0.30618621784789724 0.0 0.0
0.03738317757009302 1.869158878504673 0.31640625 0.5625 0.0 0.0
0.6728971962616823 0.2990654205607477 0.1240725568532405 0.5484352742120077 0.0 0.0
-0.22429906542056077 -1.8317757009345796 0.18359375 0.42847841252506524 0.0 0.0
-0.5607476635514019 -0.22429906542056077 -0.19906806345935607 0.5959592074284213 0.0 0.0
-1.7943925233644862 0.18691588785046687 0.11328125 0.3365728004459065 0.0 0.0
-1.869158878504673 -0.4112149532710281 0.203125 0.45069390943299864 0.0 0.0
-1.6448598130841123 0.22429906542056077 0.17578125 0.4192627457812106 0.0 0.0
-1.3457943925233646 0.41121495327102764 0.16015625 0.40019526483955303 0.0 0.0
-0.7476635514018692 -0.5607476635514019 0.3147284110425993 0.5629891846964723 0.0 0.0
1.1214953271028039 -1.2710280373831777 0.1875 0.4330127018922193 0.0 0.0
1.3457943925233646 1.1962616822429908 -0.2890625 0.5376453291901642 0.0 0.0
1.2710280373831777 0.22429906542056077 0.2734375 0.5229125165837972 0.0 0.0
-0.07476635514018692 1.08411214953271 -0.6374598525390149 1.0181544357699523 0.0 0.0
-1.6074766355140189 0.6355140186915884 0.33203125 0.5762215285808054 0.0 0.0
-0.9345794392523366 0.5233644859813085 -0.2676811999082425 0.8751177919665929 0.0 0.0
1.1214953271028039 1.6074766355140184 0.32421875 0.5694020986965187 0.0 0.0
