data_processed/toy_model/toy_hvcs/toy_3_0.0_5.497787143782138_3.141592653589793.ecsv
# %ECSV 1.0
# ---
# datatype:
# - {name: x, datatype: float64}
# - {name: y, datatype: float64}
# - {name: RM, datatype: float64}
# - {name: RM_uncert, datatype: float64}
# - {name: interpolation_raw, datatype: float64}
# - {name: interpolation_unc, datatype: float64}
# schema: astropy-2.0
x y RM RM_uncert interpolation_raw interpolation_unc
0.18691588785046687 -0.07476635514018692 0.10174352496657016 0.33126582970952545 0.0 0.0
-0.7476635514018692 0.8598130841121492 -0.06640625 0.2576941016011038 0.0 0.0
1.046728971962617 -0.03738317757009346 -0.14869861823055225 0.7784542288799673 0.0 0.0
0.3738317757009346 1.009345794392523 -0.28125 0.5303300858899106 0.0 0.0
-0.8598130841121496 -0.11214953271028039 1.2578096783522859 1.5574901626349271 0.0 0.0
-0.2990654205607477 1.3831775700934577 0.41796875 0.6465050270492876 0.0 0.0
1.8317757009345792 -0.44859813084112155 0.2109375 0.4592793267718459 0.0 0.0
0.41121495327102764 0.14953271028037385 -0.36334462189227745 0.7395956623619118 0.0 0.0
-0.1869158878504673 0.7476635514018692 0.273113210421042 0.736423907027796 0.0 0.0
0.2616822429906538 1.2710280373831777 0.37109375 0.6091746465505602 0.0 0.0
-0.485981308411215 -0.97196261682243 -0.14453125 0.3801726581436387 0.0 0.0
1.046728971962617 1.4953271028037385 0.08984375 0.29973947020704494 0.0 0.0
0.11214953271027994 1.2336448598130838 0.2578125 0.5077524002897476 0.0 0.0
-1.0841121495327104 0.07476635514018692 1.1260512347317797 1.5405181658985911 0.0 0.0
-0.97196261682243 1.1214953271028039 0.35546875 0.596212000885591 0.0 0.0
-1.1214953271028039 -1.5700934579439254 -0.18359375 0.42847841252506524 0.0 0.0
-0.8971962616822431 1.1962616822429908 0.1796875 0.42389562394532926 0.0 0.0
1.3457943925233646 -1.1214953271028039 0.35546875 0.596212000885591 0.0 0.0
-0.1869158878504673 1.7570093457943923 0.39453125 0.6281172263200556 0.0 0.0
-0.5981308411214954 0.2990654205607477 0.8907150386457322 1.3125685990802403 0.0 0.0
0.8224299065420562 -1.6448598130841123 0.39453125 0.6281172263200556 0.0 0.0
0.14953271028037385 -0.22429906542056077 0.29062000381834074 0.5687068732103397 0.0 0.0
-1.0841121495327104 -0.4112149532710281 0.3148673937922116 0.6937559279634469 0.0 0.0
0.48598130841121456 -1.1214953271028039 0.34765625 0.5896238207535377 0.0 0.0
0.41121495327102764 0.11214953271027994 -0.08678552719635127 0.5170309994504223 0.0 0.0
0.2616822429906538 0.2616822429906538 0.3184308812913839 0.6218671481916375 0.0 0.0
-0.8971962616822431 -1.0093457943925235 -0.15625 0.39528470752104744 0.0 0.0
0.11214953271027994 1.2710280373831777 0.265625 0.5153882032022076 0.0 0.0
0.6355140186915884 -0.8971962616822431 -0.03125 0.1767766952966369 0.0 0.0
-0.5981308411214954 -1.6448598130841123 0.19140625 0.4375 0.0 0.0
0.22429906542056077 -1.7196261682242993 -0.31640625 0.5625 0.0 0.0
0.44859813084112155 1.6448598130841123 0.1015625 0.31868871959954903 0.0 0.0
1.2710280373831777 -1.2336448598130842 0.16015625 0.40019526483955303 0.0 0.0
1.1962616822429908 -1.4205607476635516 0.37109375 0.6091746465505602 0.0 0.0
0.3738317757009346 1.4953271028037385 -0.34765625 0.5896238207535377 0.0 0.0
0.5607476635514015 1.8317757009345792 -0.30078125 0.5484352742120077 0.0 0.0
1.4579439252336446 -0.2990654205607477 0.34375 0.5863019699779287 0.0 0.0
1.009345794392523 -0.11214953271028039 -0.0910820714678815 0.7170741892829242 0.0 0.0
1.1214953271028039 -0.97196261682243 0.203125 0.45069390943299864 0.0 0.0
-0.11214953271028039 1.9065420560747661 0.2265625 0.4759858191164943 0.0 0.0
-1.383177570093458 -0.3738317757009346 0.078125 0.2795084971874737 0.0 0.0
1.3831775700934577 -0.33644859813084116 0.28515625 0.5340002340823456 0.0 0.0
0.48598130841121456 -1.1962616822429908 0.34375 0.5863019699779287 0.0 0.0
-0.3738317757009346 -1.3457943925233646 0.32421875 0.5694020986965187 0.0 0.0
1.2336448598130838 -0.7476635514018692 0.3984375 0.6312190586476298 0.0 0.0
1.3831775700934577 -0.14953271028037385 -0.058782031935421974 0.583284076476329 0.0 0.0
0.8971962616822431 0.7102803738317753 0.2890625 0.5376453291901642 0.0 0.0
0.7476635514018692 -1.457943925233645 0.30078125 0.5484352742120077 0.0 0.0
0.2990654205607477 1.869158878504673 -0.16796875 0.409839907768875 0.0 0.0
-0.9345794392523366 0.5981308411214954 0.3515625 0.5929270612815711 0.0 0.0
0.22429906542056077 -1.4953271028037385 0.38671875 0.6218671481916375 0.0 0.0
-0.8971962616822431 1.009345794392523 0.37109375 0.6091746465505602 0.0 0.0
-0.11214953271028039 1.7943925233644862 0.40625 0.6373774391990981 0.0 0.0
-0.1869158878504673 -0.5607476635514019 0.6574860786829682 0.9775464988254708 0.0 0.0
-1.0841121495327104 0.9345794392523361 0.26171875 0.5115845482420281 0.0 0.0
-0.8971962616822431 0.9345794392523361 0.31640625 0.5625 0.0 0.0
1.3831775700934577 -1.0841121495327104 -0.16796875 0.409839907768875 0.0 0.0
-1.3084112149532712 0.8971962616822431 -0.12109375 0.34798527267687634 0.0 0.0
0.5233644859813085 -0.14953271028037385 -0.009053251962721054 0.5289851169224349 0.0 0.0
-0.26168224299065423 0.41121495327102764 0.7811883401813424 1.086077428346011 0.0 0.0
-0.7102803738317758 1.1214953271028039 0.33203125 0.5762215285808054 0.0 0.0
-0.97196261682243 1.1588785046728969 0.40234375 0.6343057228182637 0.0 0.0
0.7102803738317753 -0.7476635514018692 0.40234375 0.6343057228182637 0.0 0.0
0.8598130841121492 -1.3457943925233646 0.390625 0.625 0.0 0.0
-0.11214953271028039 0.6728971962616823 0.4738462399198348 0.8211303062484477 0.0 0.0
0.22429906542056077 1.3084112149532707 0.14453125 0.3801726581436387 0.0 0.0
0.22429906542056077 0.6728971962616823 -0.3040951411886752 0.6455881290554764 0.0 0.0
1.3457943925233646 -0.9345794392523366 0.17578125 0.4192627457812106 0.0 0.0
0.11214953271027994 0.44859813084112155 0.13317590711513422 0.4154537449948772 0.0 0.0
-1.2336448598130842 -0.97196261682243 0.3984375 0.6312190586476298 0.0 0.0
-0.03738317757009346 -1.8317757009345796 0.37109375 0.6091746465505602 0.0 0.0
1.4579439252336446 0.0 -0.05227371348509957 0.6397147231150766 0.0 0.0
1.3084112149532707 0.5233644859813085 0.41015625 0.6404344228724749 0.0 0.0
1.2710280373831777 1.1588785046728969 -0.046875 0.21650635094610965 0.0 0.0
-1.4953271028037385 -1.2710280373831777 0.4140625 0.6434768838116876 0.0 0.0
-0.03738317757009346 -1.046728971962617 0.10546875 0.3247595264191645 0.0 0.0
-0.2990654205607477 0.7850467289719623 0.5249881852662487 0.8834280505692003 0.0 0.0
0.3364485981308407 1.4579439252336446 -0.15625 0.39528470752104744 0.0 0.0
0.97196261682243 0.2616822429906538 -0.2992096297886238 0.7984245484560502 0.0 0.0
1.1962616822429908 0.3738317757009346 0.1998196950873392 0.5994789404140899 0.0 0.0
-0.07476635514018692 -1.4953271028037385 -0.16796875 0.409839907768875 0.0 0.0
0.6728971962616823 -0.7850467289719627 0.3359375 0.5796011559684815 0.0 0.0
-0.6355140186915889 1.2336448598130838 -0.18359375 0.42847841252506524 0.0 0.0
-0.22429906542056077 0.22429906542056077 0.7212353697606567 1.0463338327328011 0.0 0.0
-0.22429906542056077 -1.2336448598130842 0.34375 0.5863019699779287 0.0 0.0
-1.6074766355140189 1.009345794392523 0.31640625 0.5625 0.0 0.0
-1.383177570093458 0.8971962616822431 0.1796875 0.42389562394532926 0.0 0.0
0.2616822429906538 1.5700934579439254 -0.33203125 0.5762215285808054 0.0 0.0
-0.5233644859813085 -1.7943925233644862 0.1875 0.4330127018922193 0.0 0.0
0.03738317757009302 0.41121495327102764 -0.18899798145577507 0.5484352742120077 0.0 0.0
0.18691588785046687 0.8598130841121492 0.13657872548521532 0.46351240544347894 0.0 0.0
-0.9345794392523366 -0.9345794392523366 0.4140625 0.6434768838116876 0.0 0.0
1.046728971962617 -1.3457943925233646 0.390625 0.625 0.0 0.0
0.9345794392523361 1.08411214953271 0.33203125 0.5762215285808054 0.0 0.0
0.44859813084112155 -0.26168224299065423 0.028371402954028874 0.5038911092686593 0.0 0.0
-1.6074766355140189 -0.8224299065420562 0.37890625 0.6155536126122565 0.0 0.0
-0.9345794392523366 0.44859813084112155 0.5870905091605143 0.9674191275352315 0.0 0.0
0.0 -0.22429906542056077 0.5265035585490416 0.8304973612830345 0.0 0.0
-1.6822429906542058 0.07476635514018692 0.6129405353454942 0.9618210959897835 0.0 0.0
0.6355140186915884 -0.5607476635514019 -0.12359606650425872 0.580547916203751 0.0 0.0
-0.8598130841121496 0.7102803738317753 0.375 0.6123724356957945 0.0 0.0
0.0 0.9345794392523361 -0.3015240515718908 0.5694020986965187 0.0 0.0
1.8317757009345792 -0.22429906542056077 0.28515625 0.5340002340823456 0.0 0.0
0.14953271028037385 0.6728971962616823 -0.1029669580831146 0.3838491450638248 0.0 0.0
1.6074766355140184 0.97196261682243 0.34765625 0.5896238207535377 0.0 0.0
0.5607476635514015 -0.9345794392523366 0.1953125 0.4419417382415922 0.0 0.0
-0.03738317757009346 -0.33644859813084116 0.5466887228673092 0.8567394269756811 0.0 0.0
0.3364485981308407 0.8971962616822431 -0.31640625 0.5625 0.0 0.0
0.18691588785046687 -1.0093457943925235 0.15234375 0.3903123748998999 0.0 0.0
0.3364485981308407 -1.6822429906542058 0.04296875 0.2072890493972125 0.0 0.0
0.8971962616822431 -1.3084112149532712 0.41796875 0.6465050270492876 0.0 0.0
1.2710280373831777 -0.7850467289719627 -0.03125 0.1767766952966369 0.0 0.0
0.6728971962616823 0.6728971962616823 0.28515625 0.5340002340823456 0.0 0.0
-0.485981308411215 -1.4205607476635516 0.2890625 0.5376453291901642 0.0 0.0
0.5607476635514015 -0.4112149532710281 0.050026832935246346 0.5796011559684815 0.0 0.0
0.3738317757009346 -1.7196261682242993 0.390625 0.625 0.0 0.0
0.3364485981308407 0.3738317757009346 0.1388855941436013 0.5376453291901642 0.0 0.0
0.11214953271027994 1.94392523364486 -0.3671875 0.6059599821770412 0.0 0.0
1.94392523364486 0.22429906542056077 0.11328125 0.3365728004459065 0.0 0.0
0.6355140186915884 1.6074766355140184 0.20703125 0.4550068680800324 0.0 0.0
1.2336448598130838 1.4205607476635516 0.0625 0.25 0.0 0.0
1.3457943925233646 -0.5981308411214954 0.4140625 0.6434768838116876 0.0 0.0
-0.5607476635514019 1.9065420560747661 0.28125 0.5303300858899106 0.0 0.0
1.4579439252336446 -0.485981308411215 0.4140625 0.6434768838116876 0.0 0.0
-0.11214953271028039 -0.44859813084112155 0.5153685143632796 0.8702295839182664 0.0 0.0
0.07476635514018692 0.7476635514018692 0.20361904448217008 0.4603537650159279 0.0 0.0
-0.485981308411215 -0.03738317757009346 0.7544709864569963 1.1928975114878866 0.0 0.0
1.3084112149532707 -0.485981308411215 0.36328125 0.6027281725620597 0.0 0.0
-1.869158878504673 -0.2990654205607477 0.1015625 0.31868871959954903 0.0 0.0
-0.14953271028037385 -1.3084112149532712 0.3984375 0.6312190586476298 0.0 0.0
0.0 -0.14953271028037385 0.5612672520694978 0.8532310672607952 0.0 0.0
1.3457943925233646 0.0 -0.8129495157323299 1.1026072652874457 0.0 0.0
-1.4205607476635516 0.8598130841121492 0.2734375 0.5229125165837972 0.0 0.0
-0.03738317757009346 -1.869158878504673 0.27734375 0.5266343608235224 0.0 0.0
0.97196261682243 1.2336448598130838 0.296875 0.5448623679425842 0.0 0.0
0.2616822429906538 -0.33644859813084116 -0.04289630206905687 0.3477770178406183 0.0 0.0
-0.44859813084112155 0.7850467289719623 0.37890625 0.6155536126122565 0.0 0.0
-0.7476635514018692 0.11214953271027994 0.9149125839181478 1.395353957903261 0.0 0.0
-0.5981308411214954 -0.44859813084112155 1.0745977914768527 1.350917034074893 0.0 0.0
0.41121495327102764 -1.532710280373832 0.265625 0.5153882032022076 0.0 0.0
0.11214953271027994 -0.3738317757009346 0.3588857009441894 0.6396699554366915 0.0 0.0
-0.8598130841121496 -1.1588785046728973 -0.37890625 0.6155536126122565 0.0 0.0
-0.4112149532710281 1.4205607476635516 -0.375 0.6123724356957945 0.0 0.0
-1.5700934579439254 -0.7850467289719627 0.19140625 0.4375 0.0 0.0
-1.9065420560747666 -0.33644859813084116 0.34375 0.5863019699779287 0.0 0.0
-0.7102803738317758 1.8317757009345792 0.37890625 0.6155536126122565 0.0 0.0
0.14953271028037385 0.41121495327102764 0.2263717189667226 0.4877496160259331 0.0 0.0
-0.14953271028037385 -1.0093457943925235 0.34765625 0.5896238207535377 0.0 0.0
-0.9345794392523366 1.6074766355140184 0.38671875 0.6218671481916375 0.0 0.0
1.7943925233644862 -0.07476635514018692 0.09956897579296817 0.4759858191164943 0.0 0.0
0.11214953271027994 -1.3457943925233646 0.2109375 0.4592793267718459 0.0 0.0
0.3738317757009346 1.6448598130841123 -0.17578125 0.4192627457812106 0.0 0.0
1.3831775700934577 -0.26168224299065423 0.2192301143388816 0.6373774391990981 0.0 0.0
-0.5607476635514019 0.6355140186915884 0.41735490643905676 0.8765292709762256 0.0 0.0
1.08411214953271 -0.5607476635514019 -0.2578125 0.5077524002897476 0.0 0.0
-1.1962616822429908 0.7476635514018692 -0.015625 0.125 0.0 0.0
0.5607476635514015 -0.5607476635514019 -0.40546537129014937 0.7945081765345771 0.0 0.0
0.14953271028037385 -1.532710280373832 0.1953125 0.4419417382415922 0.0 0.0
-0.33644859813084116 -1.5700934579439254 0.27734375 0.5266343608235224 0.0 0.0
0.2990654205607477 -1.457943925233645 0.35546875 0.596212000885591 0.0 0.0
-0.4112149532710281 1.94392523364486 -0.1484375 0.385275875185561 0.0 0.0
-0.07476635514018692 1.1214953271028039 -0.125 0.3535533905932738 0.0 0.0
1.046728971962617 0.48598130841121456 0.21875 0.46770717334674267 0.0 0.0
-1.1588785046728973 -1.1962616822429908 -0.15625 0.39528470752104744 0.0 0.0
-0.1869158878504673 1.4579439252336446 0.328125 0.57282196186948 0.0 0.0
0.7102803738317753 -1.7943925233644862 0.29296875 0.5412658773652742 0.0 0.0
0.41121495327102764 -1.457943925233645 0.3671875 0.6059599821770412 0.0 0.0
-1.457943925233645 0.48598130841121456 0.3984375 0.6312190586476298 0.0 0.0
0.03738317757009302 -1.4205607476635516 0.38671875 0.6218671481916375 0.0 0.0
-1.7570093457943927 -0.14953271028037385 -0.12109375 0.34798527267687634 0.0 0.0
0.6355140186915884 0.8598130841121492 -0.01953125 0.13975424859373686 0.0 0.0
-1.3084112149532712 -0.03738317757009346 1.573607275775665 1.659121243776756 0.0 0.0
-0.5233644859813085 -0.22429906542056077 0.781309786482081 1.2279788568880827 0.0 0.0
-1.869158878504673 -0.5607476635514019 -0.11328125 0.3365728004459065 0.0 0.0
-1.1962616822429908 0.5981308411214954 0.1484375 0.385275875185561 0.0 0.0
-0.22429906542056077 -0.7476635514018692 0.5308115915000128 0.920206190481256 0.0 0.0
-0.11214953271028039 1.869158878504673 0.0078125 0.08838834764831845 0.0 0.0
-0.33644859813084116 0.5981308411214954 0.6349374405660748 1.0534318350667733 0.0 0.0
-0.2990654205607477 0.97196261682243 0.359375 0.5994789404140899 0.0 0.0
-1.457943925233645 -0.97196261682243 0.25 0.5 0.0 0.0
0.9345794392523361 -0.07476635514018692 -0.3960455596122661 0.9159509371273836 0.0 0.0
-0.3738317757009346 1.7943925233644862 0.32421875 0.5694020986965187 0.0 0.0
-1.3457943925233646 -0.5981308411214954 0.3203125 0.5659615711335886 0.0 0.0
0.97196261682243 -1.1214953271028039 0.28125 0.5303300858899106 0.0 0.0
0.5233644859813085 1.1588785046728969 -0.015625 0.125 0.0 0.0
-0.5607476635514019 0.5981308411214954 0.7881141895913932 1.124156741376747 0.0 0.0
-0.5233644859813085 1.5700934579439254 -0.2109375 0.4592793267718459 0.0 0.0
-0.14953271028037385 -0.5607476635514019 0.6386726548033864 0.9478602532054885 0.0 0.0
1.4205607476635516 0.97196261682243 -0.21875 0.46770717334674267 0.0 0.0
0.6355140186915884 0.2990654205607477 0.06572604792775899 0.6281172263200556 0.0 0.0
-0.11214953271028039 1.4953271028037385 0.37109375 0.6091746465505602 0.0 0.0
-1.457943925233645 -0.7102803738317758 -0.02734375 0.16535945694153692 0.0 0.0
0.3738317757009346 1.869158878504673 0.07421875 0.2724311839712921 0.0 0.0
0.03738317757009302 0.5607476635514015 0.470020960030673 0.7464780104338948 0.0 0.0
-0.6355140186915889 -0.44859813084112155 1.0321891450213216 1.3338748217290268 0.0 0.0
1.1214953271028039 -1.457943925233645 0.2734375 0.5229125165837972 0.0 0.0
0.5981308411214954 -1.4953271028037385 -0.03125 0.1767766952966369 0.0 0.0
0.7102803738317753 -1.0093457943925235 0.3515625 0.5929270612815711 0.0 0.0
-1.2710280373831777 -0.33644859813084116 0.48160045656341066 0.7489039745700522 0.0 0.0
-0.14953271028037385 1.869158878504673 -0.0390625 0.19764235376052372 0.0 0.0
0.44859813084112155 -1.6822429906542058 -0.3125 0.5590169943749475 0.0 0.0
-0.8971962616822431 -1.532710280373832 -0.16796875 0.409839907768875 0.0 0.0
0.44859813084112155 -0.4112149532710281 0.1327478614324716 0.6091746465505602 0.0 0.0
1.5700934579439254 -0.1869158878504673 0.04762843474215134 0.4375 0.0 0.0
-0.6728971962616823 0.5607476635514015 0.7524190045181947 1.0865630488086686 0.0 0.0
1.2710280373831777 1.4205607476635516 0.03125 0.1767766952966369 0.0 0.0
1.4205607476635516 0.6728971962616823 -0.08203125 0.28641098093474 0.0 0.0
1.2336448598130838 -0.4112149532710281 -0.07421875 0.2724311839712921 0.0 0.0
-0.14953271028037385 0.9345794392523361 -0.3828125 0.6187184335382291 0.0 0.0
-0.22429906542056077 1.009345794392523 -0.1953125 0.4419417382415922 0.0 0.0
-0.33644859813084116 0.9345794392523361 0.375 0.6123724356957945 0.0 0.0
-0.5607476635514019 -1.0093457943925235 -0.359375 0.5994789404140899 0.0 0.0
0.6355140186915884 -1.2336448598130842 0.4140625 0.6434768838116876 0.0 0.0
-0.6728971962616823 -0.5607476635514019 0.4672627545181922 0.9462890726603496 0.0 0.0
0.03738317757009302 -0.8598130841121496 0.3236777656818837 0.5786670297880876 0.0 0.0
0.8224299065420562 0.5233644859813085 -0.006441733114922882 0.45198419909311627 0.0 0.0
-0.5981308411214954 -1.4205607476635516 0.21875 0.46770717334674267 0.0 0.0
-0.5233644859813085 0.6355140186915884 0.7126768212741944 1.0604585765358252 0.0 0.0
-0.03738317757009346 -0.8971962616822431 0.2602896662945961 0.5737360739827958 0.0 0.0
0.7476635514018692 1.3457943925233646 0.2578125 0.5077524002897476 0.0 0.0
0.5607476635514015 -0.1869158878504673 -0.09537891463730142 0.6276008518753005 0.0 0.0
0.7476635514018692 -1.6074766355140189 0.21875 0.46770717334674267 0.0 0.0
0.22429906542056077 -0.22429906542056077 0.09692985134126735 0.3590351654086268 0.0 0.0
-0.7476635514018692 0.2616822429906538 0.7240936937203081 1.310617654940073 0.0 0.0
0.18691588785046687 1.8317757009345792 -0.40625 0.6373774391990981 0.0 0.0
1.1588785046728969 0.6728971962616823 0.35546875 0.596212000885591 0.0 0.0
-1.3457943925233646 -0.1869158878504673 0.9592768626045532 1.2439694430367276 0.0 0.0
0.2616822429906538 0.3738317757009346 0.3184579860487874 0.6343057228182637 0.0 0.0
-0.6355140186915889 0.2990654205607477 1.2000581158717862 1.4421524648051511 0.0 0.0
0.6728971962616823 1.4205607476635516 0.41796875 0.6465050270492876 0.0 0.0
-0.8971962616822431 0.97196261682243 0.31640625 0.5625 0.0 0.0
0.6728971962616823 0.11214953271027994 -0.01887960742743966 0.6176643221482679 0.0 0.0
0.41121495327102764 1.2710280373831777 0.30078125 0.5484352742120077 0.0 0.0
-1.046728971962617 -1.4953271028037385 0.10546875 0.3247595264191645 0.0 0.0
-0.03738317757009346 0.03738317757009302 0.5252343838176761 0.8522030377998849 0.0 0.0
-1.1588785046728973 -0.9345794392523366 0.37109375 0.6091746465505602 0.0 0.0
0.07476635514018692 1.7570093457943923 0.04296875 0.2072890493972125 0.0 0.0
-1.1588785046728973 0.7850467289719623 0.25 0.5 0.0 0.0
