data_processed/toy_model/toy_hvcs/toy_3_3.9269908169872414_5.497787143782138_5.497787143782138.ecsv
# %ECSV 1.0
# ---
# datatype:
# - {name: x, datatype: float64}
# - {name: y, datatype: float64}
# - {name: RM, datatype: float64}
# - {name: RM_uncert, datatype: float64}
# - {name: interpolation_raw, datatype: float64}
# - {name: interpolation_unc, datatype: float64}
# schema: astropy-2.0
x y RM RM_uncert interpolation_raw interpolation_unc
0.18691588785046687 -0.07476635514018692 0.10133243534907059 0.3300225305916873 0.0 0.0
-0.7476635514018692 0.8598130841121492 -0.06640625 0.2576941016011038 0.0 0.0
1.046728971962617 -0.03738317757009346 0.23196268249594926 0.5555121510822243 0.0 0.0
0.3738317757009346 1.009345794392523 -0.28720493758853416 0.5414424024557629 0.0 0.0
-0.8598130841121496 -0.11214953271028039 0.7253200739405724 1.1665317817707088 0.0 0.0
-0.2990654205607477 1.3831775700934577 0.41796875 0.6465050270492876 0.0 0.0
1.8317757009345792 -0.44859813084112155 0.2109375 0.4592793267718459 0.0 0.0
0.41121495327102764 0.14953271028037385 -0.30077897820735794 0.649515555175329 0.0 0.0
-0.1869158878504673 0.7476635514018692 0.10832063313301328 0.4612320633542583 0.0 0.0
0.2616822429906538 1.2710280373831777 0.37109375 0.6091746465505602 0.0 0.0
-0.485981308411215 -0.97196261682243 -0.08412224992144077 0.3801726581436387 0.0 0.0
1.046728971962617 1.4953271028037385 0.08984375 0.29973947020704494 0.0 0.0
0.11214953271027994 1.2336448598130838 0.2578125 0.5077524002897476 0.0 0.0
-1.0841121495327104 0.07476635514018692 0.4590167698604265 1.0193759314996862 0.0 0.0
-0.97196261682243 1.1214953271028039 0.35546875 0.596212000885591 0.0 0.0
-1.1214953271028039 -1.5700934579439254 -0.18359375 0.42847841252506524 0.0 0.0
-0.8971962616822431 1.1962616822429908 0.1796875 0.42389562394532926 0.0 0.0
1.3457943925233646 -1.1214953271028039 0.35546875 0.596212000885591 0.0 0.0
-0.1869158878504673 1.7570093457943923 0.39453125 0.6281172263200556 0.0 0.0
-0.5981308411214954 0.2990654205607477 0.580922663838358 1.050357833158165 0.0 0.0
0.8224299065420562 -1.6448598130841123 0.39453125 0.6281172263200556 0.0 0.0
0.14953271028037385 -0.22429906542056077 0.3036267769845686 0.5911353939404552 0.0 0.0
-1.0841121495327104 -0.4112149532710281 0.6925438910490495 1.112047787686347 0.0 0.0
0.48598130841121456 -1.1214953271028039 0.34765625 0.5896238207535377 0.0 0.0
0.41121495327102764 0.11214953271027994 -0.02135394051860541 0.36940205878853843 0.0 0.0
0.2616822429906538 0.2616822429906538 0.3055084829724898 0.6218671481916375 0.0 0.0
-0.8971962616822431 -1.0093457943925235 -0.15625 0.39528470752104744 0.0 0.0
0.11214953271027994 1.2710280373831777 0.265625 0.5153882032022076 0.0 0.0
0.6355140186915884 -0.8971962616822431 -0.03125 0.1767766952966369 0.0 0.0
-0.5981308411214954 -1.6448598130841123 0.19140625 0.4375 0.0 0.0
0.22429906542056077 -1.7196261682242993 -0.31640625 0.5625 0.0 0.0
0.44859813084112155 1.6448598130841123 0.1015625 0.31868871959954903 0.0 0.0
1.2710280373831777 -1.2336448598130842 0.16015625 0.40019526483955303 0.0 0.0
1.1962616822429908 -1.4205607476635516 0.37109375 0.6091746465505602 0.0 0.0
0.3738317757009346 1.4953271028037385 -0.34765625 0.5896238207535377 0.0 0.0
0.5607476635514015 1.8317757009345792 -0.30078125 0.5484352742120077 0.0 0.0
1.4579439252336446 -0.2990654205607477 0.34375 0.5863019699779287 0.0 0.0
1.009345794392523 -0.11214953271028039 0.26490004760790975 0.5762215285808054 0.0 0.0
1.1214953271028039 -0.97196261682243 0.203125 0.45069390943299864 0.0 0.0
-0.11214953271028039 1.9065420560747661 0.2265625 0.4759858191164943 0.0 0.0
-1.383177570093458 -0.3738317757009346 0.4204909529511975 0.8734167996451608 0.0 0.0
1.3831775700934577 -0.33644859813084116 0.28515625 0.5340002340823456 0.0 0.0
0.48598130841121456 -1.1962616822429908 0.34375 0.5863019699779287 0.0 0.0
-0.3738317757009346 -1.3457943925233646 0.32421875 0.5694020986965187 0.0 0.0
1.2336448598130838 -0.7476635514018692 0.3984375 0.6312190586476298 0.0 0.0
1.3831775700934577 -0.14953271028037385 0.22265625 0.47186465220442186 0.0 0.0
0.8971962616822431 0.7102803738317753 0.02427212808755147 0.5376453291901642 0.0 0.0
0.7476635514018692 -1.457943925233645 0.30078125 0.5484352742120077 0.0 0.0
0.2990654205607477 1.869158878504673 -0.16796875 0.409839907768875 0.0 0.0
-0.9345794392523366 0.5981308411214954 0.3515625 0.5929270612815711 0.0 0.0
0.22429906542056077 -1.4953271028037385 0.38671875 0.6218671481916375 0.0 0.0
-0.8971962616822431 1.009345794392523 0.37109375 0.6091746465505602 0.0 0.0
-0.11214953271028039 1.7943925233644862 0.40625 0.6373774391990981 0.0 0.0
-0.1869158878504673 -0.5607476635514019 0.7460446846451803 1.0642905474025224 0.0 0.0
-1.0841121495327104 0.9345794392523361 0.26171875 0.5115845482420281 0.0 0.0
-0.8971962616822431 0.9345794392523361 0.31640625 0.5625 0.0 0.0
1.3831775700934577 -1.0841121495327104 -0.16796875 0.409839907768875 0.0 0.0
-1.3084112149532712 0.8971962616822431 -0.12109375 0.34798527267687634 0.0 0.0
0.5233644859813085 -0.14953271028037385 0.1839857861241969 0.5115845482420281 0.0 0.0
-0.26168224299065423 0.41121495327102764 0.543169843643548 0.838765275441882 0.0 0.0
-0.7102803738317758 1.1214953271028039 0.33203125 0.5762215285808054 0.0 0.0
-0.97196261682243 1.1588785046728969 0.40234375 0.6343057228182637 0.0 0.0
0.7102803738317753 -0.7476635514018692 0.48227453573924217 0.7498035219165647 0.0 0.0
0.8598130841121492 -1.3457943925233646 0.390625 0.625 0.0 0.0
-0.11214953271028039 0.6728971962616823 0.2911044571739187 0.5556720384793871 0.0 0.0
0.22429906542056077 1.3084112149532707 0.14453125 0.3801726581436387 0.0 0.0
0.22429906542056077 0.6728971962616823 -0.49893753535606233 0.8980360909852815 0.0 0.0
1.3457943925233646 -0.9345794392523366 0.17578125 0.4192627457812106 0.0 0.0
0.11214953271027994 0.44859813084112155 0.032059971314403454 0.30618621784789724 0.0 0.0
-1.2336448598130842 -0.97196261682243 0.3984375 0.6312190586476298 0.0 0.0
-0.03738317757009346 -1.8317757009345796 0.37109375 0.6091746465505602 0.0 0.0
1.4579439252336446 0.0 0.27844711758197827 0.5519850541454905 0.0 0.0
1.3084112149532707 0.5233644859813085 0.25579957241316903 0.6404344228724749 0.0 0.0
1.2710280373831777 1.1588785046728969 -0.046875 0.21650635094610965 0.0 0.0
-1.4953271028037385 -1.2710280373831777 0.4140625 0.6434768838116876 0.0 0.0
-0.03738317757009346 -1.046728971962617 0.10546875 0.3247595264191645 0.0 0.0
-0.2990654205607477 0.7850467289719623 0.47932969655709023 0.830137424234193 0.0 0.0
0.3364485981308407 1.4579439252336446 -0.15625 0.39528470752104744 0.0 0.0
0.97196261682243 0.2616822429906538 -0.10123482805049427 0.4914592110246674 0.0 0.0
1.1962616822429908 0.3738317757009346 0.2039501709634916 0.5994789404140899 0.0 0.0
-0.07476635514018692 -1.4953271028037385 -0.16796875 0.409839907768875 0.0 0.0
0.6728971962616823 -0.7850467289719627 0.4171629859406034 0.7059663390567619 0.0 0.0
-0.6355140186915889 1.2336448598130838 -0.18359375 0.42847841252506524 0.0 0.0
-0.22429906542056077 0.22429906542056077 0.49579528256309274 0.8024551795123422 0.0 0.0
-0.22429906542056077 -1.2336448598130842 0.34375 0.5863019699779287 0.0 0.0
-1.6074766355140189 1.009345794392523 0.31640625 0.5625 0.0 0.0
-1.383177570093458 0.8971962616822431 0.1796875 0.42389562394532926 0.0 0.0
0.2616822429906538 1.5700934579439254 -0.33203125 0.5762215285808054 0.0 0.0
-0.5233644859813085 -1.7943925233644862 0.1875 0.4330127018922193 0.0 0.0
0.03738317757009302 0.41121495327102764 -0.30874999777271644 0.5627777052668601 0.0 0.0
0.18691588785046687 0.8598130841121492 0.00017950503851135724 0.46351240544347894 0.0 0.0
-0.9345794392523366 -0.9345794392523366 0.4140625 0.6434768838116876 0.0 0.0
1.046728971962617 -1.3457943925233646 0.390625 0.625 0.0 0.0
0.9345794392523361 1.08411214953271 0.33203125 0.5762215285808054 0.0 0.0
0.44859813084112155 -0.26168224299065423 0.2073325674183776 0.5038911092686593 0.0 0.0
-1.6074766355140189 -0.8224299065420562 0.37890625 0.6155536126122565 0.0 0.0
-0.9345794392523366 0.44859813084112155 0.6433521104002231 1.02392527598475 0.0 0.0
0.0 -0.22429906542056077 0.47751570108842034 0.7692529832095815 0.0 0.0
-1.6822429906542058 0.07476635514018692 0.30078125 0.5484352742120077 0.0 0.0
0.6355140186915884 -0.5607476635514019 0.12416805779178725 0.39811099656198207 0.0 0.0
-0.8598130841121496 0.7102803738317753 0.4237210035978593 0.6873441693909381 0.0 0.0
0.0 0.9345794392523361 -0.3422883326095283 0.6002981885855201 0.0 0.0
1.8317757009345792 -0.22429906542056077 0.28515625 0.5340002340823456 0.0 0.0
0.14953271028037385 0.6728971962616823 -0.30377500931303403 0.7409158309997621 0.0 0.0
1.6074766355140184 0.97196261682243 0.34765625 0.5896238207535377 0.0 0.0
0.5607476635514015 -0.9345794392523366 0.1953125 0.4419417382415922 0.0 0.0
-0.03738317757009346 -0.33644859813084116 0.5105943344584822 0.8135193107216107 0.0 0.0
0.3364485981308407 0.8971962616822431 -0.4617234590962056 0.779128146194457 0.0 0.0
0.18691588785046687 -1.0093457943925235 0.15234375 0.3903123748998999 0.0 0.0
0.3364485981308407 -1.6822429906542058 0.04296875 0.2072890493972125 0.0 0.0
0.8971962616822431 -1.3084112149532712 0.41796875 0.6465050270492876 0.0 0.0
1.2710280373831777 -0.7850467289719627 -0.03125 0.1767766952966369 0.0 0.0
0.6728971962616823 0.6728971962616823 -0.09527940014930125 0.6897209945322836 0.0 0.0
-0.485981308411215 -1.4205607476635516 0.2890625 0.5376453291901642 0.0 0.0
0.5607476635514015 -0.4112149532710281 0.3139999354961679 0.5796011559684815 0.0 0.0
0.3738317757009346 -1.7196261682242993 0.390625 0.625 0.0 0.0
0.3364485981308407 0.3738317757009346 0.14948862931283466 0.5376453291901642 0.0 0.0
0.11214953271027994 1.94392523364486 -0.3671875 0.6059599821770412 0.0 0.0
1.94392523364486 0.22429906542056077 0.11328125 0.3365728004459065 0.0 0.0
0.6355140186915884 1.6074766355140184 0.20703125 0.4550068680800324 0.0 0.0
1.2336448598130838 1.4205607476635516 0.0625 0.25 0.0 0.0
1.3457943925233646 -0.5981308411214954 0.4140625 0.6434768838116876 0.0 0.0
-0.5607476635514019 1.9065420560747661 0.28125 0.5303300858899106 0.0 0.0
1.4579439252336446 -0.485981308411215 0.4140625 0.6434768838116876 0.0 0.0
-0.11214953271028039 -0.44859813084112155 0.503594209990442 0.8565926219509972 0.0 0.0
0.07476635514018692 0.7476635514018692 -0.06023349562935648 0.5619426049506417 0.0 0.0
-0.485981308411215 -0.03738317757009346 0.44018679767675134 0.8913114468879566 0.0 0.0
1.3084112149532707 -0.485981308411215 0.36328125 0.6027281725620597 0.0 0.0
-1.869158878504673 -0.2990654205607477 0.11996553285474593 0.3719792544074089 0.0 0.0
-0.14953271028037385 -1.3084112149532712 0.3984375 0.6312190586476298 0.0 0.0
0.0 -0.14953271028037385 0.4980402750803472 0.7755960934408415 0.0 0.0
1.3457943925233646 0.0 -0.4514710630813489 0.7019870911652847 0.0 0.0
-1.4205607476635516 0.8598130841121492 0.2734375 0.5229125165837972 0.0 0.0
-0.03738317757009346 -1.869158878504673 0.27734375 0.5266343608235224 0.0 0.0
0.97196261682243 1.2336448598130838 0.296875 0.5448623679425842 0.0 0.0
0.2616822429906538 -0.33644859813084116 0.04483899965424666 0.23349892785298462 0.0 0.0
-0.44859813084112155 0.7850467289719623 0.5103888439411273 0.801168794875496 0.0 0.0
-0.7476635514018692 0.11214953271027994 0.47349310510151743 1.031587955631043 0.0 0.0
-0.5981308411214954 -0.44859813084112155 0.926851424989832 1.23672312987979 0.0 0.0
0.41121495327102764 -1.532710280373832 0.265625 0.5153882032022076 0.0 0.0
0.11214953271027994 -0.3738317757009346 0.3961978031859403 0.6955586649391124 0.0 0.0
-0.8598130841121496 -1.1588785046728973 -0.37890625 0.6155536126122565 0.0 0.0
-0.4112149532710281 1.4205607476635516 -0.375 0.6123724356957945 0.0 0.0
-1.5700934579439254 -0.7850467289719627 0.19140625 0.4375 0.0 0.0
-1.9065420560747666 -0.33644859813084116 0.35054618639237245 0.5977812081227921 0.0 0.0
-0.7102803738317758 1.8317757009345792 0.37890625 0.6155536126122565 0.0 0.0
0.14953271028037385 0.41121495327102764 0.14686611674141417 0.46351240544347894 0.0 0.0
-0.14953271028037385 -1.0093457943925235 0.34765625 0.5896238207535377 0.0 0.0
-0.9345794392523366 1.6074766355140184 0.38671875 0.6218671481916375 0.0 0.0
1.7943925233644862 -0.07476635514018692 0.2265625 0.4759858191164943 0.0 0.0
0.11214953271027994 -1.3457943925233646 0.2109375 0.4592793267718459 0.0 0.0
0.3738317757009346 1.6448598130841123 -0.17578125 0.4192627457812106 0.0 0.0
1.3831775700934577 -0.26168224299065423 0.40625 0.6373774391990981 0.0 0.0
-0.5607476635514019 0.6355140186915884 0.4719317263644469 0.9367268559878562 0.0 0.0
1.08411214953271 -0.5607476635514019 -0.2578125 0.5077524002897476 0.0 0.0
-1.1962616822429908 0.7476635514018692 -0.015625 0.125 0.0 0.0
0.5607476635514015 -0.5607476635514019 -0.14662910505715254 0.42389562394532926 0.0 0.0
0.14953271028037385 -1.532710280373832 0.1953125 0.4419417382415922 0.0 0.0
-0.33644859813084116 -1.5700934579439254 0.27734375 0.5266343608235224 0.0 0.0
0.2990654205607477 -1.457943925233645 0.35546875 0.596212000885591 0.0 0.0
-0.4112149532710281 1.94392523364486 -0.1484375 0.385275875185561 0.0 0.0
-0.07476635514018692 1.1214953271028039 -0.125 0.3535533905932738 0.0 0.0
1.046728971962617 0.48598130841121456 -0.010929678365819234 0.49051947640398386 0.0 0.0
-1.1588785046728973 -1.1962616822429908 -0.15625 0.39528470752104744 0.0 0.0
-0.1869158878504673 1.4579439252336446 0.328125 0.57282196186948 0.0 0.0
0.7102803738317753 -1.7943925233644862 0.29296875 0.5412658773652742 0.0 0.0
0.41121495327102764 -1.457943925233645 0.3671875 0.6059599821770412 0.0 0.0
-1.457943925233645 0.48598130841121456 0.3984375 0.6312190586476298 0.0 0.0
0.03738317757009302 -1.4205607476635516 0.38671875 0.6218671481916375 0.0 0.0
-1.7570093457943927 -0.14953271028037385 -0.12109375 0.34798527267687634 0.0 0.0
0.6355140186915884 0.8598130841121492 -0.01953125 0.13975424859373686 0.0 0.0
-1.3084112149532712 -0.03738317757009346 0.8338493710085442 1.1283472391143998 0.0 0.0
-0.5233644859813085 -0.22429906542056077 0.4807397103309998 0.9522562263708227 0.0 0.0
-1.869158878504673 -0.5607476635514019 -0.11328125 0.3365728004459065 0.0 0.0
-1.1962616822429908 0.5981308411214954 0.1484375 0.385275875185561 0.0 0.0
-0.22429906542056077 -0.7476635514018692 0.7685144818566217 1.1498631282518992 0.0 0.0
-0.11214953271028039 1.869158878504673 0.0078125 0.08838834764831845 0.0 0.0
-0.33644859813084116 0.5981308411214954 0.4977537074743038 0.9139754728375415 0.0 0.0
-0.2990654205607477 0.97196261682243 0.359375 0.5994789404140899 0.0 0.0
-1.457943925233645 -0.97196261682243 0.25 0.5 0.0 0.0
0.9345794392523361 -0.07476635514018692 -0.036036781837842605 0.344889204927735 0.0 0.0
-0.3738317757009346 1.7943925233644862 0.32421875 0.5694020986965187 0.0 0.0
-1.3457943925233646 -0.5981308411214954 0.3203125 0.5659615711335886 0.0 0.0
0.97196261682243 -1.1214953271028039 0.28125 0.5303300858899106 0.0 0.0
0.5233644859813085 1.1588785046728969 -0.015625 0.125 0.0 0.0
-0.5607476635514019 0.5981308411214954 0.7780382186771242 1.11515758409036 0.0 0.0
-0.5233644859813085 1.5700934579439254 -0.2109375 0.4592793267718459 0.0 0.0
-0.14953271028037385 -0.5607476635514019 0.7291940902033839 1.0389811982931971 0.0 0.0
1.4205607476635516 0.97196261682243 -0.21875 0.46770717334674267 0.0 0.0
0.6355140186915884 0.2990654205607477 0.22079319331684272 0.6281172263200556 0.0 0.0
-0.11214953271028039 1.4953271028037385 0.37109375 0.6091746465505602 0.0 0.0
-1.457943925233645 -0.7102803738317758 -0.02734375 0.16535945694153692 0.0 0.0
0.3738317757009346 1.869158878504673 0.07421875 0.2724311839712921 0.0 0.0
0.03738317757009302 0.5607476635514015 0.31555628134441444 0.6187184335382291 0.0 0.0
-0.6355140186915889 -0.44859813084112155 0.9064561632548426 1.2360243025562585 0.0 0.0
1.1214953271028039 -1.457943925233645 0.2734375 0.5229125165837972 0.0 0.0
0.5981308411214954 -1.4953271028037385 -0.03125 0.1767766952966369 0.0 0.0
0.7102803738317753 -1.0093457943925235 0.3515625 0.5929270612815711 0.0 0.0
-1.2710280373831777 -0.33644859813084116 0.85164756370591 1.14059255539032 0.0 0.0
-0.14953271028037385 1.869158878504673 -0.0390625 0.19764235376052372 0.0 0.0
0.44859813084112155 -1.6822429906542058 -0.3125 0.5590169943749475 0.0 0.0
-0.8971962616822431 -1.532710280373832 -0.16796875 0.409839907768875 0.0 0.0
0.44859813084112155 -0.4112149532710281 0.35931107752364383 0.6091746465505602 0.0 0.0
1.5700934579439254 -0.1869158878504673 0.19140625 0.4375 0.0 0.0
-0.6728971962616823 0.5607476635514015 0.7804784386263273 1.112087284008164 0.0 0.0
1.2710280373831777 1.4205607476635516 0.03125 0.1767766952966369 0.0 0.0
1.4205607476635516 0.6728971962616823 -0.08203125 0.28641098093474 0.0 0.0
1.2336448598130838 -0.4112149532710281 -0.07421875 0.2724311839712921 0.0 0.0
-0.14953271028037385 0.9345794392523361 -0.3833679156460033 0.6196154705073192 0.0 0.0
-0.22429906542056077 1.009345794392523 -0.1953125 0.4419417382415922 0.0 0.0
-0.33644859813084116 0.9345794392523361 0.375 0.6123724356957945 0.0 0.0
-0.5607476635514019 -1.0093457943925235 -0.359375 0.5994789404140899 0.0 0.0
0.6355140186915884 -1.2336448598130842 0.4140625 0.6434768838116876 0.0 0.0
-0.6728971962616823 -0.5607476635514019 0.652454072451061 1.1250980601272593 0.0 0.0
0.03738317757009302 -0.8598130841121496 0.7142754649079124 1.056433116584209 0.0 0.0
0.8224299065420562 0.5233644859813085 -0.10368180711980801 0.6314822754754215 0.0 0.0
-0.5981308411214954 -1.4205607476635516 0.21875 0.46770717334674267 0.0 0.0
-0.5233644859813085 0.6355140186915884 0.7275543285261542 1.0743962988824507 0.0 0.0
-0.03738317757009346 -0.8971962616822431 0.46431538336727135 0.8586177943267556 0.0 0.0
0.7476635514018692 1.3457943925233646 0.2578125 0.5077524002897476 0.0 0.0
0.5607476635514015 -0.1869158878504673 0.13109508792136032 0.45069390943299864 0.0 0.0
0.7476635514018692 -1.6074766355140189 0.21875 0.46770717334674267 0.0 0.0
0.22429906542056077 -0.22429906542056077 0.12890625 0.3590351654086268 0.0 0.0
-0.7476635514018692 0.2616822429906538 0.3589381599170931 0.9936838379656712 0.0 0.0
0.18691588785046687 1.8317757009345792 -0.40625 0.6373774391990981 0.0 0.0
1.1588785046728969 0.6728971962616823 0.35546875 0.596212000885591 0.0 0.0
-1.3457943925233646 -0.1869158878504673 0.7916249481513056 1.1009796302850525 0.0 0.0
0.2616822429906538 0.3738317757009346 0.29287370295392634 0.6343057228182637 0.0 0.0
-0.6355140186915889 0.2990654205607477 0.8847089236684682 1.2037879162613887 0.0 0.0
0.6728971962616823 1.4205607476635516 0.41796875 0.6465050270492876 0.0 0.0
-0.8971962616822431 0.97196261682243 0.31640625 0.5625 0.0 0.0
0.6728971962616823 0.11214953271027994 0.21277092694430322 0.5863019699779287 0.0 0.0
0.41121495327102764 1.2710280373831777 0.30078125 0.5484352742120077 0.0 0.0
-1.046728971962617 -1.4953271028037385 0.10546875 0.3247595264191645 0.0 0.0
-0.03738317757009346 0.03738317757009302 0.4173788478667089 0.7145200807069161 0.0 0.0
-1.1588785046728973 -0.9345794392523366 0.37109375 0.6091746465505602 0.0 0.0
0.07476635514018692 1.7570093457943923 0.04296875 0.2072890493972125 0.0 0.0
-1.1588785046728973 0.7850467289719623 0.25 0.5 0.0 0.0
