data_processed/toy_model/toy_hvcs/toy_0_3.9269908169872414_0.0_3.9269908169872414.ecsv
# %ECSV 1.0
# ---
# datatype:
# - {name: x, datatype: float64}
# - {name: y, datatype: float64}
# - {name: RM, datatype: float64}
# - {name: RM_uncert, datatype: float64}
# - {name: interpolation_raw, datatype: float64}
# - {name: interpolation_unc, datatype: float64}
# schema: astropy-2.0
x y RM RM_uncert interpolation_raw interpolation_unc
0.2990654205607477 1.2710280373831777 0.4296875 0.6555055301063447 0.0 0.0
-0.14953271028037385 0.5981308411214954 0.6541516208008065 0.9579552398737704 0.0 0.0
0.22429906542056077 -0.8598130841121496 0.31146943847377995 0.667317390751957 0.0 0.0
-0.8598130841121496 -0.7850467289719627 0.09878851355200996 0.6846531968814576 0.0 0.0
0.5981308411214954 0.03738317757009302 0.7034863508624426 0.9564440400383523 0.0 0.0
1.7570093457943923 0.2616822429906538 0.37109375 0.6091746465505602 0.0 0.0
1.6074766355140184 0.5607476635514015 0.375 0.6123724356957945 0.0 0.0
-0.8598130841121496 -0.4112149532710281 -0.047878673935896565 0.6889583426244239 0.0 0.0
-1.383177570093458 -0.6355140186915889 0.296875 0.5448623679425842 0.0 0.0
-0.7850467289719627 0.2616822429906538 -0.41568338266476945 0.8168869354626372 0.0 0.0
-0.11214953271028039 1.869158878504673 0.1171875 0.3423265984407288 0.0 0.0
0.18691588785046687 0.8598130841121492 0.7297799023920302 1.0655238405517073 0.0 0.0
0.6728971962616823 -0.2990654205607477 0.20409317488856352 0.5607462436585082 0.0 0.0
0.5981308411214954 1.2710280373831777 0.17578125 0.4192627457812106 0.0 0.0
1.6448598130841123 0.14953271028037385 0.25390625 0.5038911092686593 0.0 0.0
1.6074766355140184 -0.2990654205607477 0.31640625 0.5625 0.0 0.0
0.2616822429906538 -1.1214953271028039 0.40625 0.6373774391990981 0.0 0.0
0.5607476635514015 -1.046728971962617 0.47265625 0.6875 0.0 0.0
1.4579439252336446 -0.6728971962616823 0.3203125 0.5659615711335886 0.0 0.0
-1.532710280373832 -0.11214953271028039 0.46484375 0.6817945071647321 0.0 0.0
-0.8598130841121496 1.4205607476635516 0.1171875 0.3423265984407288 0.0 0.0
-0.3738317757009346 -1.7570093457943927 -0.0703125 0.2651650429449553 0.0 0.0
-1.5700934579439254 1.2336448598130838 0.37890625 0.6155536126122565 0.0 0.0
0.11214953271027994 -1.6448598130841123 -0.29296875 0.5412658773652742 0.0 0.0
-0.03738317757009346 1.1588785046728969 0.49609375 0.7043392293490403 0.0 0.0
0.41121495327102764 -0.5981308411214954 -0.3024118723528227 0.5989407272056605 0.0 0.0
0.0 -1.7196261682242993 0.5234375 0.7234898064243891 0.0 0.0
0.9345794392523361 -0.1869158878504673 0.46159235970621526 0.7739289175450356 0.0 0.0
1.009345794392523 0.14953271028037385 0.7166077975795557 0.9860416295264168 0.0 0.0
-0.6728971962616823 1.1962616822429908 0.2578125 0.5077524002897476 0.0 0.0
0.6355140186915884 0.2990654205607477 0.8506826360624796 1.0942847079827804 0.0 0.0
-1.532710280373832 -0.8224299065420562 0.40234375 0.6343057228182637 0.0 0.0
-1.869158878504673 0.3364485981308407 0.421875 0.649519052838329 0.0 0.0
0.6355140186915884 0.48598130841121456 0.5661511615884489 0.9938667280762032 0.0 0.0
-0.8971962616822431 0.2990654205607477 0.3071372888304775 0.6987712429686843 0.0 0.0
0.7850467289719623 1.8317757009345792 -0.09765625 0.3125 0.0 0.0
0.7102803738317753 -1.2710280373831777 0.3984375 0.6312190586476298 0.0 0.0
-0.26168224299065423 1.869158878504673 0.265625 0.5153882032022076 0.0 0.0
-0.33644859813084116 0.18691588785046687 -0.033234346852800856 0.2652827617950358 0.0 0.0
0.6355140186915884 0.18691588785046687 0.7692555658021127 1.030508918740748 0.0 0.0
-0.26168224299065423 1.9065420560747661 0.2890625 0.5376453291901642 0.0 0.0
1.5700934579439254 0.5607476635514015 0.4765625 0.6903350635742038 0.0 0.0
0.2616822429906538 0.5607476635514015 0.30201603179439646 0.8116154037404618 0.0 0.0
-1.5700934579439254 0.3364485981308407 0.2578125 0.5077524002897476 0.0 0.0
1.5700934579439254 -0.03738317757009346 0.421875 0.649519052838329 0.0 0.0
0.44859813084112155 -0.8224299065420562 0.49859745652293036 0.7234898064243891 0.0 0.0
0.7102803738317753 0.03738317757009302 0.6614447663297656 0.9492178531083005 0.0 0.0
0.41121495327102764 -0.26168224299065423 0.2105187817126205 0.49127391893447897 0.0 0.0
-0.5981308411214954 -1.8317757009345796 0.09375 0.30618621784789724 0.0 0.0
-0.7102803738317758 0.11214953271027994 -0.1652251616587898 0.7114995244675709 0.0 0.0
0.03738317757009302 -0.1869158878504673 0.4846841675149371 0.7153451963912248 0.0 0.0
-0.97196261682243 -1.1588785046728973 0.34320442549193164 0.7126096406869612 0.0 0.0
-0.2990654205607477 0.22429906542056077 0.34820820494114074 0.6027281725620597 0.0 0.0
0.03738317757009302 0.5607476635514015 0.7799627193244887 1.0333140561557157 0.0 0.0
0.14953271028037385 1.6448598130841123 -0.26171875 0.5115845482420281 0.0 0.0
0.3364485981308407 1.2710280373831777 0.421875 0.649519052838329 0.0 0.0
-0.97196261682243 1.6822429906542054 0.2890625 0.5376453291901642 0.0 0.0
-1.3084112149532712 0.5233644859813085 0.43359375 0.6584783595532961 0.0 0.0
-1.6074766355140189 -0.26168224299065423 0.2421875 0.4921254921257382 0.0 0.0
0.11214953271027994 1.7570093457943923 -0.0078125 0.08838834764831845 0.0 0.0
1.2710280373831777 0.2990654205607477 0.4765625 0.6903350635742038 0.0 0.0
1.4579439252336446 -0.7850467289719627 0.3046875 0.5519850541454905 0.0 0.0
1.4953271028037385 -0.5607476635514019 0.30859375 0.5555121510822243 0.0 0.0
0.2990654205607477 0.14953271028037385 0.47033871303611574 0.7675382245023575 0.0 0.0
0.3738317757009346 1.3084112149532707 0.39453125 0.6281172263200556 0.0 0.0
0.7476635514018692 -0.5981308411214954 0.49609375 0.7043392293490403 0.0 0.0
-0.8224299065420562 1.2336448598130838 -0.1796875 0.42389562394532926 0.0 0.0
-0.97196261682243 -1.6822429906542058 0.296875 0.5448623679425842 0.0 0.0
0.2990654205607477 -1.383177570093458 0.41015625 0.6404344228724749 0.0 0.0
1.08411214953271 1.4953271028037385 0.2890625 0.5376453291901642 0.0 0.0
-1.0841121495327104 -1.383177570093458 0.1328125 0.3644344934278313 0.0 0.0
-0.485981308411215 -1.6822429906542058 0.36328125 0.6027281725620597 0.0 0.0
1.1214953271028039 0.9345794392523361 0.5028287208272977 0.8349034025889435 0.0 0.0
0.5233644859813085 -1.7570093457943927 0.44921875 0.6702378309227255 0.0 0.0
1.4205607476635516 -0.7102803738317758 0.25 0.5 0.0 0.0
-0.11214953271028039 0.41121495327102764 0.268005669253779 0.6194090639533442 0.0 0.0
1.1588785046728969 1.3457943925233646 0.15544473916384216 0.44453147057062714 0.0 0.0
-0.11214953271028039 -0.33644859813084116 -0.07465313127696134 0.4384917474182641 0.0 0.0
1.2710280373831777 -0.3738317757009346 0.21484375 0.46351240544347894 0.0 0.0
-0.6728971962616823 0.3738317757009346 0.16433845929432048 0.5994789404140899 0.0 0.0
1.7196261682242993 -0.33644859813084116 0.18359375 0.42847841252506524 0.0 0.0
-1.4953271028037385 0.3738317757009346 0.46484375 0.6817945071647321 0.0 0.0
-1.0841121495327104 -0.8598130841121496 0.16241598734909374 0.6373774391990981 0.0 0.0
1.046728971962617 -1.3084112149532712 0.5546875 0.7447734554883115 0.0 0.0
0.7102803738317753 -0.3738317757009346 0.5579026214959281 0.7946258509461268 0.0 0.0
-0.97196261682243 -0.8971962616822431 0.1962807854096622 0.6931585316505886 0.0 0.0
-0.8971962616822431 -0.2990654205607477 -0.17985632611444974 0.7656860663672151 0.0 0.0
-0.14953271028037385 -0.97196261682243 0.24233016102928595 0.7126096406869612 0.0 0.0
0.3364485981308407 1.7196261682242993 0.26953125 0.5191639914323797 0.0 0.0
-1.7943925233644862 -0.1869158878504673 -0.06640625 0.2576941016011038 0.0 0.0
-0.5233644859813085 -0.7102803738317758 -0.07363777148540629 0.7117938907934042 0.0 0.0
-1.2710280373831777 -0.4112149532710281 0.4296875 0.6555055301063447 0.0 0.0
1.046728971962617 0.48598130841121456 0.6274687621892798 0.9627110284911873 0.0 0.0
-1.4205607476635516 -0.03738317757009346 0.51953125 0.7207851621669248 0.0 0.0
0.8224299065420562 0.3738317757009346 0.8284883940268615 1.0989804538997603 0.0 0.0
0.7850467289719623 -1.1588785046728973 0.20703125 0.4550068680800324 0.0 0.0
1.94392523364486 -0.07476635514018692 0.515625 0.7180703308172536 0.0 0.0
1.4579439252336446 0.2616822429906538 -0.015625 0.125 0.0 0.0
0.5607476635514015 1.6074766355140184 0.578125 0.7603453162872774 0.0 0.0
-0.14953271028037385 -1.5700934579439254 0.35546875 0.596212000885591 0.0 0.0
0.2990654205607477 -0.8971962616822431 0.38416780713608173 0.6875 0.0 0.0
0.2990654205607477 -0.44859813084112155 -0.13147579505639695 0.40656529624747106 0.0 0.0
1.2336448598130838 -0.11214953271028039 0.51171875 0.7153451963912248 0.0 0.0
-0.44859813084112155 -1.7943925233644862 -0.08203125 0.28641098093474 0.0 0.0
1.009345794392523 -1.1588785046728973 0.34765625 0.5896238207535377 0.0 0.0
-0.22429906542056077 1.7570093457943923 0.359375 0.5994789404140899 0.0 0.0
0.0 -0.8598130841121496 0.2241278219516152 0.6702378309227255 0.0 0.0
