data_processed/toy_model/toy_hvcs/toy_4_0.0_0.0_0.0.ecsv
# %ECSV 1.0
# ---
# datatype:
# - {name: x, datatype: float64}
# - {name: y, datatype: float64}
# - {name: RM, datatype: float64}
# - {name: RM_uncert, datatype: float64}
# - {name: interpolation_raw, datatype: float64}
# - {name: interpolation_unc, datatype: float64}
# schema: astropy-2.0
x y RM RM_uncert interpolation_raw interpolation_unc
0.7102803738317753 -0.7476635514018692 0.31640625 0.5625 0.0 0.0
-0.485981308411215 -1.1962616822429908 0.078125 0.2795084971874737 0.0 0.0
0.9345794392523361 -0.3738317757009346 1.0121057700273222 0.5590169943749475 0.0 0.0
0.11214953271027994 1.4953271028037385 0.0390625 0.19764235376052372 0.0 0.0
-1.1214953271028039 -1.0841121495327104 -0.2421875 0.4921254921257382 0.0 0.0
-0.9345794392523366 0.11214953271027994 -1.1104808108161555 0.15309310892394862 0.0 0.0
-0.11214953271028039 1.9065420560747661 0.140625 0.375 0.0 0.0
-0.3738317757009346 -1.5700934579439254 -0.1328125 0.3644344934278313 0.0 0.0
-0.33644859813084116 0.0 0.05796884570692101 0.5077524002897476 0.0 0.0
-0.7102803738317758 -0.1869158878504673 -0.7670721863309524 0.125 0.0 0.0
1.046728971962617 0.18691588785046687 1.112339759722679 0.28641098093474 0.0 0.0
-1.869158878504673 -0.14953271028037385 0.078125 0.2795084971874737 0.0 0.0
-0.2990654205607477 -0.9345794392523366 0.33984375 0.582961190818051 0.0 0.0
-0.1869158878504673 -1.4205607476635516 0.24609375 0.49607837082461076 0.0 0.0
-0.97196261682243 0.5981308411214954 0.13671875 0.369754986443726 0.0 0.0
-1.1214953271028039 1.1214953271028039 0.29296875 0.5412658773652742 0.0 0.0
0.14953271028037385 0.5233644859813085 0.2118677176819439 0.34798527267687634 0.0 0.0
-1.2336448598130842 -1.1588785046728973 -0.484375 0.6959705453537527 0.0 0.0
1.08411214953271 0.8598130841121492 0.28125 0.5303300858899106 0.0 0.0
1.3457943925233646 -0.8598130841121496 0.265625 0.5153882032022076 0.0 0.0
0.7476635514018692 1.6822429906542054 0.140625 0.375 0.0 0.0
1.6074766355140184 -0.6355140186915889 0.1328125 0.3644344934278313 0.0 0.0
1.6822429906542054 0.9345794392523361 0.19921875 0.44633927678392815 0.0 0.0
-1.2336448598130842 0.07476635514018692 -0.8367519306203308 0.5266343608235224 0.0 0.0
-0.7102803738317758 0.8598130841121492 -0.12890625 0.3590351654086268 0.0 0.0
0.5607476635514015 1.4953271028037385 0.203125 0.45069390943299864 0.0 0.0
0.2616822429906538 -1.2336448598130842 0.26953125 0.5191639914323797 0.0 0.0
1.1962616822429908 0.0 0.8143633435773341 0.6373774391990981 0.0 0.0
-0.33644859813084116 0.07476635514018692 -0.10117354941959222 0.3247595264191645 0.0 0.0
1.6822429906542054 -0.03738317757009346 0.7980992579034394 0.5266343608235224 0.0 0.0
0.07476635514018692 -0.8224299065420562 0.303468872402977 0.5 0.0 0.0
0.41121495327102764 1.1214953271028039 -0.30078125 0.5484352742120077 0.0 0.0
-0.44859813084112155 -0.5981308411214954 -0.6666004315361423 0.29973947020704494 0.0 0.0
-1.2336448598130842 -0.485981308411215 0.3359375 0.5796011559684815 0.0 0.0
-0.5233644859813085 -0.6355140186915889 -0.21360330648778386 0.5 0.0 0.0
-0.8971962616822431 -0.03738317757009346 -1.0195535463650058 0.15309310892394862 0.0 0.0
-0.22429906542056077 -1.94392523364486 0.19921875 0.44633927678392815 0.0 0.0
-0.8971962616822431 0.7102803738317753 0.25 0.5 0.0 0.0
0.7102803738317753 0.11214953271027994 1.0017917625104096 0.5376453291901642 0.0 0.0
1.1588785046728969 -1.0841121495327104 -0.26171875 0.5115845482420281 0.0 0.0
0.5233644859813085 0.48598130841121456 0.6522287187831748 0.19764235376052372 0.0 0.0
1.3831775700934577 -1.0841121495327104 -0.25390625 0.5038911092686593 0.0 0.0
-0.11214953271028039 1.4953271028037385 0.28515625 0.5340002340823456 0.0 0.0
-1.532710280373832 -1.1588785046728973 0.2578125 0.5077524002897476 0.0 0.0
0.07476635514018692 0.5607476635514015 0.2819985413653981 0.4921254921257382 0.0 0.0
0.44859813084112155 0.22429906542056077 0.5270366563647169 0.409839907768875 0.0 0.0
1.6074766355140184 0.14953271028037385 0.33514762862886793 0.409839907768875 0.0 0.0
1.7196261682242993 -0.485981308411215 0.18359375 0.42847841252506524 0.0 0.0
1.4205607476635516 -1.046728971962617 -0.046875 0.21650635094610965 0.0 0.0
0.22429906542056077 -1.5700934579439254 -0.4765625 0.6903350635742038 0.0 0.0
0.0 1.046728971962617 -0.18359375 0.42847841252506524 0.0 0.0
1.6074766355140184 -1.1588785046728973 0.1640625 0.4050462936504913 0.0 0.0
1.6074766355140184 0.8598130841121492 0.046875 0.21650635094610965 0.0 0.0
-1.6074766355140189 -0.2990654205607477 0.1015625 0.31868871959954903 0.0 0.0
-1.4953271028037385 -0.11214953271028039 -0.3368142129771793 0.5303300858899106 0.0 0.0
-1.6448598130841123 0.5233644859813085 0.078125 0.2795084971874737 0.0 0.0
0.7476635514018692 -1.0093457943925235 0.31640625 0.5625 0.0 0.0
