data_processed/toy_model/toy_hvcs/toy_4_1.5707963267948966_3.141592653589793_3.141592653589793.ecsv
# %ECSV 1.0
# ---
# datatype:
# - {name: x, datatype: float64}
# - {name: y, datatype: float64}
# - {name: RM, datatype: float64}
# - {name: RM_uncert, datatype: float64}
# - {name: interpolation_raw, datatype: float64}
# - {name: interpolation_unc, datatype: float64}
# schema: astropy-2.0
x y RM RM_uncert interpolation_raw interpolation_unc
0.6355140186915884 0.5233644859813085 -0.6198533064877847 1.0408922196728965 0.0 0.0
1.3831775700934577 0.5607476635514015 0.265625 0.5153882032022076 0.0 0.0
1.3084112149532707 0.44859813084112155 0.2421875 0.4921254921257382 0.0 0.0
1.1962616822429908 -0.33644859813084116 -0.3671875 0.6059599821770412 0.0 0.0
0.48598130841121456 1.9065420560747661 0.13671875 0.369754986443726 0.0 0.0
-0.22429906542056077 0.8971962616822431 -0.8536471465741788 1.3651169521870123 0.0 0.0
-0.7850467289719627 0.2990654205607477 -0.5534389417631773 0.9214474393726181 0.0 0.0
-0.7476635514018692 0.7850467289719623 0.27734375 0.5266343608235224 0.0 0.0
-1.6074766355140189 -0.07476635514018692 0.26171875 0.5115845482420281 0.0 0.0
-0.8224299065420562 1.4579439252336446 -0.40625 0.6373774391990981 0.0 0.0
-1.3457943925233646 -0.7102803738317758 -0.125 0.3535533905932738 0.0 0.0
0.7102803738317753 1.5327102803738315 0.2890625 0.5376453291901642 0.0 0.0
1.1214953271028039 -0.4112149532710281 0.19140625 0.4375 0.0 0.0
-0.3738317757009346 -1.3084112149532712 0.27734375 0.5266343608235224 0.0 0.0
-1.9813084112149535 -0.26168224299065423 0.15625 0.39528470752104744 0.0 0.0
-1.7196261682242993 -0.33644859813084116 0.00390625 0.0625 0.0 0.0
0.2616822429906538 -0.6355140186915889 0.815477116879307 1.2335230981860916 0.0 0.0
-1.3457943925233646 -0.5233644859813085 0.20703125 0.4550068680800324 0.0 0.0
-1.7570093457943927 -0.6728971962616823 -0.1796875 0.42389562394532926 0.0 0.0
-1.457943925233645 -0.3738317757009346 0.20703125 0.4550068680800324 0.0 0.0
-0.6355140186915889 1.5327102803738315 -0.28125 0.5303300858899106 0.0 0.0
0.8971962616822431 -1.457943925233645 0.29296875 0.5412658773652742 0.0 0.0
0.22429906542056077 0.41121495327102764 -0.09966163796782995 0.6405160231685543 0.0 0.0
-1.5700934579439254 -0.4112149532710281 -0.0078125 0.08838834764831845 0.0 0.0
-0.5233644859813085 0.97196261682243 0.27734375 0.5266343608235224 0.0 0.0
1.08411214953271 1.5327102803738315 0.2578125 0.5077524002897476 0.0 0.0
-0.485981308411215 1.3457943925233646 -0.1484375 0.385275875185561 0.0 0.0
0.41121495327102764 -1.6822429906542058 -0.40234375 0.6343057228182637 0.0 0.0
1.4579439252336446 -0.22429906542056077 0.13671875 0.369754986443726 0.0 0.0
0.5981308411214954 1.3457943925233646 0.171875 0.414578098794425 0.0 0.0
-1.6822429906542058 -0.6728971962616823 0.2734375 0.5229125165837972 0.0 0.0
0.2990654205607477 1.7570093457943923 -0.171875 0.414578098794425 0.0 0.0
0.6355140186915884 -1.457943925233645 -0.2578125 0.5077524002897476 0.0 0.0
-0.6355140186915889 0.7476635514018692 -0.15625 0.39528470752104744 0.0 0.0
1.3457943925233646 -0.7476635514018692 -0.21875 0.46770717334674267 0.0 0.0
0.2990654205607477 0.6728971962616823 -0.7123658878053758 1.240166531402437 0.0 0.0
0.3738317757009346 1.5700934579439254 -0.4609375 0.6789237807000135 0.0 0.0
1.8317757009345792 0.18691588785046687 -0.3046875 0.5519850541454905 0.0 0.0
-0.5981308411214954 1.4579439252336446 -0.38671875 0.6218671481916375 0.0 0.0
1.009345794392523 -0.44859813084112155 0.140625 0.375 0.0 0.0
0.48598130841121456 -1.869158878504673 0.07421875 0.2724311839712921 0.0 0.0
0.3738317757009346 0.5233644859813085 -0.8965197709768209 1.2167742362302227 0.0 0.0
0.11214953271027994 1.6074766355140184 -0.7386342274892888 1.0424219179289054 0.0 0.0
0.8598130841121492 0.97196261682243 -0.2265625 0.4759858191164943 0.0 0.0
-0.5233644859813085 0.22429906542056077 -0.1101600688033462 0.5244117062067669 0.0 0.0
1.2710280373831777 -0.3738317757009346 0.01953125 0.13975424859373686 0.0 0.0
-1.4953271028037385 0.14953271028037385 -0.3046875 0.5519850541454905 0.0 0.0
0.8598130841121492 -0.11214953271028039 0.49054386088187907 0.7909607902821467 0.0 0.0
-1.9065420560747666 0.3738317757009346 0.3515625 0.5929270612815711 0.0 0.0
1.4953271028037385 -0.22429906542056077 0.21875 0.46770717334674267 0.0 0.0
-1.1214953271028039 1.6074766355140184 0.19921875 0.44633927678392815 0.0 0.0
1.046728971962617 -1.4205607476635516 0.13671875 0.369754986443726 0.0 0.0
1.3084112149532707 0.18691588785046687 0.14453125 0.3801726581436387 0.0 0.0
-1.046728971962617 1.6074766355140184 0.2578125 0.5077524002897476 0.0 0.0
-0.5607476635514019 0.14953271028037385 -0.4024583239380242 0.7045018792565769 0.0 0.0
-1.6448598130841123 -0.7476635514018692 0.078125 0.2795084971874737 0.0 0.0
-0.5981308411214954 -1.046728971962617 -0.3203125 0.5659615711335886 0.0 0.0
-0.11214953271028039 -1.5700934579439254 0.511407311876896 0.9759621528285777 0.0 0.0
0.07476635514018692 -1.8317757009345796 0.2822623565625909 0.5467172149522839 0.0 0.0
-1.2336448598130842 1.1588785046728969 0.3203125 0.5659615711335886 0.0 0.0
1.2336448598130838 -0.8971962616822431 -0.17578125 0.4192627457812106 0.0 0.0
-1.532710280373832 -0.44859813084112155 0.14453125 0.3801726581436387 0.0 0.0
1.7943925233644862 -0.5233644859813085 0.0546875 0.23385358667337133 0.0 0.0
-0.5981308411214954 -0.11214953271028039 0.32765149279924183 0.6273629217593941 0.0 0.0
0.14953271028037385 1.4953271028037385 -0.5285112522988116 0.9874164544900106 0.0 0.0
-0.1869158878504673 0.6355140186915884 -0.3449189067151086 0.9913660088132018 0.0 0.0
-1.1962616822429908 0.2616822429906538 0.16796875 0.409839907768875 0.0 0.0
-1.1588785046728973 0.7476635514018692 -0.0703125 0.2651650429449553 0.0 0.0
0.8971962616822431 1.08411214953271 0.20703125 0.4550068680800324 0.0 0.0
-1.3457943925233646 1.2336448598130838 -0.296875 0.5448623679425842 0.0 0.0
-0.6728971962616823 -0.8971962616822431 0.125 0.3535533905932738 0.0 0.0
0.7476635514018692 -1.0093457943925235 0.31640625 0.5625 0.0 0.0
-0.9345794392523366 1.08411214953271 0.296875 0.5448623679425842 0.0 0.0
-0.8598130841121496 -0.9345794392523366 0.265625 0.5153882032022076 0.0 0.0
1.046728971962617 0.2990654205607477 0.30078125 0.5484352742120077 0.0 0.0
-1.5700934579439254 1.08411214953271 0.30078125 0.5484352742120077 0.0 0.0
-1.383177570093458 0.6355140186915884 0.02734375 0.16535945694153692 0.0 0.0
-0.97196261682243 0.7102803738317753 0.08984375 0.29973947020704494 0.0 0.0
0.2990654205607477 0.6355140186915884 -0.9835668160158128 1.3148583125309075 0.0 0.0
1.5327102803738315 0.97196261682243 -0.05859375 0.24206145913796356 0.0 0.0
1.08411214953271 -0.8224299065420562 0.33984375 0.582961190818051 0.0 0.0
1.5327102803738315 0.8971962616822431 0.09765625 0.3125 0.0 0.0
0.6355140186915884 -0.11214953271028039 0.2986816623553947 0.605718230459336 0.0 0.0
-1.1962616822429908 1.009345794392523 0.2734375 0.5229125165837972 0.0 0.0
1.7943925233644862 -0.6355140186915889 -0.26171875 0.5115845482420281 0.0 0.0
-1.6074766355140189 -1.1588785046728973 0.1875 0.4330127018922193 0.0 0.0
-0.4112149532710281 0.3364485981308407 -0.04603790286144016 0.5679300623517656 0.0 0.0
0.07476635514018692 -0.97196261682243 1.0287908860561061 1.4654096772275704 0.0 0.0
0.2616822429906538 0.7476635514018692 -0.6582245949436458 1.2593571534268155 0.0 0.0
0.7850467289719623 1.4205607476635516 0.3203125 0.5659615711335886 0.0 0.0
1.4953271028037385 -0.1869158878504673 0.3203125 0.5659615711335886 0.0 0.0
1.3831775700934577 -0.8224299065420562 0.06640625 0.2576941016011038 0.0 0.0
-1.532710280373832 1.2710280373831777 -0.0390625 0.19764235376052372 0.0 0.0
-0.26168224299065423 -1.046728971962617 0.7599837636648161 1.2795135901308874 0.0 0.0
-0.485981308411215 0.2990654205607477 0.06389040300232146 0.5625 0.0 0.0
-0.7476635514018692 0.18691588785046687 -0.04406280585551842 0.498278899524189 0.0 0.0
-0.7850467289719627 1.046728971962617 -0.26171875 0.5115845482420281 0.0 0.0
1.5327102803738315 -0.8598130841121496 0.109375 0.33071891388307384 0.0 0.0
1.08411214953271 0.07476635514018692 0.296875 0.5448623679425842 0.0 0.0
1.6448598130841123 0.8598130841121492 0.140625 0.375 0.0 0.0
0.48598130841121456 1.4953271028037385 -0.0859375 0.29315098498896436 0.0 0.0
-0.8224299065420562 -0.8971962616822431 0.30859375 0.5555121510822243 0.0 0.0
1.6822429906542054 0.5607476635514015 -0.1171875 0.3423265984407288 0.0 0.0
-0.03738317757009346 -0.07476635514018692 0.20964804784460345 0.4974144104157085 0.0 0.0
1.7570093457943923 0.07476635514018692 0.1640625 0.4050462936504913 0.0 0.0
1.4579439252336446 -0.6355140186915889 0.1015625 0.31868871959954903 0.0 0.0
-1.4205607476635516 -1.3084112149532712 0.26171875 0.5115845482420281 0.0 0.0
0.5981308411214954 1.7196261682242993 -0.3125 0.5590169943749475 0.0 0.0
-0.03738317757009346 1.4953271028037385 -0.6084268179847441 1.2303367977791642 0.0 0.0
1.1962616822429908 -1.2710280373831777 0.09765625 0.3125 0.0 0.0
-0.07476635514018692 -0.26168224299065423 0.4303389510285274 0.7612016172191536 0.0 0.0
1.8317757009345792 0.3364485981308407 0.02734375 0.16535945694153692 0.0 0.0
-0.9345794392523366 1.5327102803738315 0.15625 0.39528470752104744 0.0 0.0
-0.14953271028037385 -0.485981308411215 0.6459555401736765 1.0130577872694888 0.0 0.0
1.5327102803738315 -1.2710280373831777 0.03125 0.1767766952966369 0.0 0.0
-0.3738317757009346 -1.0841121495327104 0.5832137745528078 0.9834677417717449 0.0 0.0
0.18691588785046687 -0.33644859813084116 0.44726529952146243 0.8172931536743256 0.0 0.0
0.3364485981308407 1.08411214953271 -0.8589502381323781 1.1904281693007588 0.0 0.0
-0.97196261682243 -0.3738317757009346 -0.015625 0.125 0.0 0.0
-1.2710280373831777 0.5233644859813085 0.22265625 0.47186465220442186 0.0 0.0
-0.44859813084112155 1.3084112149532707 -0.125 0.3535533905932738 0.0 0.0
-1.532710280373832 -0.26168224299065423 -0.140625 0.375 0.0 0.0
1.2336448598130838 0.03738317757009302 -0.3984375 0.6312190586476298 0.0 0.0
-0.4112149532710281 -1.6822429906542058 -0.0703125 0.2651650429449553 0.0 0.0
-1.1962616822429908 1.1962616822429908 0.23046875 0.480071609241788 0.0 0.0
-0.33644859813084116 1.8317757009345792 0.2734375 0.5229125165837972 0.0 0.0
-0.44859813084112155 1.6448598130841123 -0.015625 0.125 0.0 0.0
-0.07476635514018692 -0.1869158878504673 0.33452905064405397 0.6593050138502724 0.0 0.0
0.3364485981308407 0.7850467289719623 -1.0567962034353897 1.3962556738902727 0.0 0.0
0.14953271028037385 -1.6448598130841123 -0.4088243134249619 0.701560760020114 0.0 0.0
0.9345794392523361 0.11214953271027994 0.2811035363078114 0.57282196186948 0.0 0.0
-0.8598130841121496 1.4205607476635516 -0.078125 0.2795084971874737 0.0 0.0
0.7102803738317753 0.48598130841121456 -0.2137767982878628 0.6657166038005403 0.0 0.0
0.8971962616822431 1.7196261682242993 0.203125 0.45069390943299864 0.0 0.0
1.1588785046728969 -1.2336448598130842 0.15625 0.39528470752104744 0.0 0.0
1.6074766355140184 0.2616822429906538 0.15234375 0.3903123748998999 0.0 0.0
-0.8598130841121496 1.4579439252336446 -0.33203125 0.5762215285808054 0.0 0.0
-0.8971962616822431 1.046728971962617 0.3046875 0.5519850541454905 0.0 0.0
-0.9345794392523366 0.6728971962616823 0.265625 0.5153882032022076 0.0 0.0
0.11214953271027994 -0.8224299065420562 1.1679057168819469 1.448285256351073 0.0 0.0
-0.97196261682243 -1.532710280373832 0.1640625 0.4050462936504913 0.0 0.0
0.2990654205607477 -0.2990654205607477 0.22146920472764023 0.6506974407935538 0.0 0.0
-0.11214953271028039 -0.6355140186915889 0.7934701902924142 1.1730314917276639 0.0 0.0
0.41121495327102764 1.1588785046728969 -0.18091646490773844 0.4490842680560931 0.0 0.0
0.7850467289719623 -0.26168224299065423 0.6401576544805174 0.9817887038263553 0.0 0.0
